<TICKER>,<PER>,<DATE>,<TIME>,<OPEN>,<HIGH>,<LOW>,<CLOSE>,<VOL>,<OPENINT>
ADAMI.US,5,20250728,154000,24.65,24.65,24.65,24.65,100,0
ADAMI.US,5,20250728,154500,24.5601,24.6049,24.56,24.56,606,0
ADAMI.US,5,20250728,155500,24.55,24.5536,24.46,24.5536,2084,0
ADAMI.US,5,20250728,161500,24.508,24.508,24.508,24.508,141,0
ADAMI.US,5,20250728,171000,24.52,24.5308,24.5,24.5308,1500,0
ADAMI.US,5,20250728,180000,24.5507,24.5507,24.5507,24.5507,108,0
ADAMI.US,5,20250728,180500,24.5507,24.5507,24.5507,24.5507,209,0
ADAMI.US,5,20250728,182000,24.56,24.56,24.56,24.56,139,0
ADAMI.US,5,20250728,183000,24.55,24.55,24.54,24.54,1164,0
ADAMI.US,5,20250728,185500,24.48,24.48,24.47,24.47,880,0
ADAMI.US,5,20250728,191500,24.61,24.63,24.61,24.62,1633,0
ADAMI.US,5,20250728,192000,24.545,24.545,24.545,24.545,200,0
ADAMI.US,5,20250728,194000,24.5325,24.5325,24.5195,24.5195,1142,0
ADAMI.US,5,20250728,194500,24.5676,24.5676,24.5676,24.5676,100,0
ADAMI.US,5,20250728,201000,24.5001,24.5001,24.5001,24.5001,300,0
ADAMI.US,5,20250728,202500,24.51,24.5499,24.5,24.5499,600,0
ADAMI.US,5,20250728,203500,24.49,24.5449,24.49,24.5449,340,0
ADAMI.US,5,20250728,204500,24.573,24.573,24.46,24.46,505,0
ADAMI.US,5,20250728,205000,24.46,24.46,24.46,24.46,100,0
ADAMI.US,5,20250728,205500,24.46,24.46,24.46,24.46,100,0
ADAMI.US,5,20250728,210000,24.46,24.46,24.46,24.46,100,0
ADAMI.US,5,20250728,211000,24.46,24.46,24.46,24.46,100,0
ADAMI.US,5,20250728,211500,24.46,24.46,24.46,24.46,100,0
ADAMI.US,5,20250728,212000,24.46,24.46,24.46,24.46,100,0
ADAMI.US,5,20250728,212500,24.57,24.57,24.46,24.46,215,0
ADAMI.US,5,20250728,213000,24.38,24.38,24.38,24.38,100,0
ADAMI.US,5,20250728,213500,24.37,24.39,24.37,24.39,500,0
ADAMI.US,5,20250728,214000,24.37,24.37,24.37,24.37,100,0
ADAMI.US,5,20250728,214500,24.37,24.37,24.37,24.37,200,0
ADAMI.US,5,20250728,215000,24.37,24.4201,24.37,24.401,900,0
ADAMI.US,5,20250728,215500,24.4,24.42,24.4,24.42,500,0
ADAMI.US,5,20250729,160500,24.5,24.5,24.5,24.5,100,0
ADAMI.US,5,20250729,161000,24.53,24.53,24.485,24.5147,400,0
ADAMI.US,5,20250729,162500,24.558,24.558,24.558,24.558,800,0
ADAMI.US,5,20250729,165000,24.55,24.55,24.55,24.55,100,0
ADAMI.US,5,20250729,171500,24.525,24.525,24.525,24.525,100,0
ADAMI.US,5,20250729,172500,24.5582,24.56,24.5582,24.56,408,0
ADAMI.US,5,20250729,183000,24.56,24.64,24.5582,24.565,2918,0
ADAMI.US,5,20250729,184500,24.64,24.7399,24.6175,24.6175,1906,0
ADAMI.US,5,20250729,185000,24.7399,24.7399,24.736,24.7399,488,0
ADAMI.US,5,20250729,190000,24.71,24.7399,24.71,24.7399,1212,0
ADAMI.US,5,20250729,200000,24.59,24.6399,24.59,24.6399,200,0
ADAMI.US,5,20250729,200500,24.69,24.69,24.69,24.69,100,0
ADAMI.US,5,20250729,201500,24.67,24.67,24.6655,24.6655,408,0
ADAMI.US,5,20250729,203000,24.64,24.65,24.64,24.646,700,0
ADAMI.US,5,20250729,213500,24.62,24.62,24.555,24.555,380,0
ADAMI.US,5,20250729,214000,24.62,24.62,24.6167,24.6167,488,0
ADAMI.US,5,20250729,215500,24.61,24.61,24.61,24.61,200,0
ADAMI.US,5,20250730,153500,24.44,24.44,24.43,24.43,290,0
ADAMI.US,5,20250730,154500,24.58,24.59,24.58,24.59,580,0
ADAMI.US,5,20250730,174000,24.6,24.6,24.6,24.6,130,0
ADAMI.US,5,20250730,175000,24.6,24.6,24.6,24.6,100,0
ADAMI.US,5,20250730,180500,24.6,24.61,24.6,24.61,861,0
ADAMI.US,5,20250730,190000,24.6499,24.74,24.6499,24.73,1111,0
ADAMI.US,5,20250730,191000,24.74,24.74,24.73,24.73,514,0
ADAMI.US,5,20250730,193500,24.615,24.615,24.615,24.615,1500,0
ADAMI.US,5,20250730,210000,24.65,24.65,24.63,24.6467,538,0
ADAMI.US,5,20250730,210500,24.5869,24.5869,24.5869,24.5869,310,0
ADAMI.US,5,20250730,211500,24.578,24.578,24.578,24.578,100,0
ADAMI.US,5,20250730,214000,24.6,24.61,24.6,24.6018,861,0
ADAMI.US,5,20250730,214500,24.64,24.65,24.6365,24.6365,1628,0
ADAMI.US,5,20250731,155000,24.72,24.72,24.72,24.72,605,0
ADAMI.US,5,20250731,155500,24.74,24.7499,24.74,24.7437,304,0
ADAMI.US,5,20250731,162000,24.74,24.7499,24.74,24.7437,508,0
ADAMI.US,5,20250731,171000,24.75,24.75,24.7,24.7,2100,0
ADAMI.US,5,20250731,171500,24.7,24.75,24.7,24.7499,1352,0
ADAMI.US,5,20250731,172000,24.52,24.5337,24.52,24.5337,400,0
ADAMI.US,5,20250731,173000,24.51,24.51,24.51,24.51,200,0
ADAMI.US,5,20250731,173500,24.51,24.51,24.51,24.51,200,0
ADAMI.US,5,20250731,174000,24.51,24.51,24.5,24.51,500,0
ADAMI.US,5,20250731,174500,24.51,24.51,24.5,24.5,200,0
ADAMI.US,5,20250731,175500,24.55,24.55,24.55,24.55,100,0
ADAMI.US,5,20250731,180000,24.5,24.5,24.5,24.5,100,0
ADAMI.US,5,20250731,180500,24.5,24.5,24.5,24.5,200,0
ADAMI.US,5,20250731,181000,24.5,24.5,24.5,24.5,100,0
ADAMI.US,5,20250731,181500,24.5,24.56,24.5,24.56,200,0
ADAMI.US,5,20250731,182000,24.5,24.5,24.5,24.5,100,0
ADAMI.US,5,20250731,183000,24.45,24.45,24.45,24.45,200,0
ADAMI.US,5,20250731,183500,24.45,24.45,24.45,24.45,300,0
ADAMI.US,5,20250731,184500,24.41,24.41,24.4,24.4,200,0
ADAMI.US,5,20250731,185000,24.4,24.4,24.4,24.4,100,0
ADAMI.US,5,20250731,185500,24.47,24.47,24.47,24.47,100,0
ADAMI.US,5,20250731,190000,24.42,24.46,24.42,24.46,200,0
ADAMI.US,5,20250731,190500,24.43,24.43,24.43,24.43,100,0
ADAMI.US,5,20250731,191000,24.43,24.43,24.43,24.43,100,0
ADAMI.US,5,20250731,191500,24.43,24.43,24.43,24.43,100,0
ADAMI.US,5,20250731,192000,24.44,24.44,24.44,24.44,100,0
ADAMI.US,5,20250731,192500,24.44,24.44,24.44,24.44,200,0
ADAMI.US,5,20250731,193500,24.42,24.42,24.42,24.42,100,0
ADAMI.US,5,20250731,194000,24.42,24.42,24.42,24.42,200,0
ADAMI.US,5,20250731,194500,24.44,24.44,24.44,24.44,100,0
ADAMI.US,5,20250731,195000,24.44,24.44,24.44,24.44,100,0
ADAMI.US,5,20250731,195500,24.44,24.44,24.44,24.44,200,0
ADAMI.US,5,20250731,200000,24.44,24.49,24.44,24.49,400,0
ADAMI.US,5,20250731,200500,24.49,24.49,24.49,24.49,200,0
ADAMI.US,5,20250731,201500,24.52,24.52,24.5199,24.5199,800,0
ADAMI.US,5,20250731,202500,24.52,24.52,24.52,24.52,100,0
ADAMI.US,5,20250731,203000,24.52,24.52,24.52,24.52,100,0
ADAMI.US,5,20250731,204000,24.52,24.52,24.52,24.52,200,0
ADAMI.US,5,20250731,204500,24.56,24.56,24.56,24.56,100,0
ADAMI.US,5,20250731,205000,24.52,24.52,24.52,24.52,200,0
ADAMI.US,5,20250731,205500,24.56,24.56,24.54,24.54,800,0
ADAMI.US,5,20250731,210500,24.56,24.56,24.56,24.56,100,0
ADAMI.US,5,20250731,211000,24.56,24.56,24.52,24.52,200,0
ADAMI.US,5,20250731,212000,24.53,24.53,24.53,24.53,100,0
ADAMI.US,5,20250731,212500,24.53,24.53,24.53,24.53,100,0
ADAMI.US,5,20250731,213000,24.54,24.54,24.52,24.52,200,0
ADAMI.US,5,20250731,213500,24.585,24.602,24.585,24.602,1300,0
ADAMI.US,5,20250731,214000,24.6499,24.6499,24.585,24.6025,1500,0
ADAMI.US,5,20250731,214500,24.585,24.585,24.585,24.585,300,0
ADAMI.US,5,20250731,215000,24.52,24.52,24.52,24.52,400,0
ADAMI.US,5,20250731,215500,24.52,24.54,24.52,24.52,1000,0
ADAMI.US,5,20250801,161500,24.5476,24.5476,24.5476,24.5476,300,0
ADAMI.US,5,20250801,163500,24.5909,24.5909,24.5909,24.5909,100,0
ADAMI.US,5,20250801,165500,24.5949,24.5949,24.5949,24.5949,1000,0
ADAMI.US,5,20250801,180500,24.67,24.67,24.67,24.67,100,0
ADAMI.US,5,20250801,183000,24.6653,24.6653,24.6653,24.6653,350,0
ADAMI.US,5,20250801,184500,24.56,24.56,24.56,24.56,100,0
ADAMI.US,5,20250801,185000,24.52,24.52,24.52,24.52,100,0
ADAMI.US,5,20250801,190000,24.48,24.48,24.48,24.48,200,0
ADAMI.US,5,20250801,190500,24.45,24.45,24.45,24.45,100,0
ADAMI.US,5,20250801,191000,24.46,24.46,24.46,24.46,200,0
ADAMI.US,5,20250801,191500,24.46,24.46,24.46,24.46,100,0
ADAMI.US,5,20250801,192000,24.46,24.46,24.46,24.46,100,0
ADAMI.US,5,20250801,192500,24.46,24.46,24.46,24.46,100,0
ADAMI.US,5,20250801,193000,24.45,24.45,24.45,24.45,100,0
ADAMI.US,5,20250801,193500,24.46,24.46,24.46,24.46,100,0
ADAMI.US,5,20250801,194000,24.46,24.46,24.46,24.46,200,0
ADAMI.US,5,20250801,194500,24.46,24.46,24.46,24.46,100,0
ADAMI.US,5,20250801,195000,24.46,24.46,24.46,24.46,100,0
ADAMI.US,5,20250801,195500,24.46,24.46,24.46,24.46,100,0
ADAMI.US,5,20250801,200000,24.45,24.45,24.45,24.45,100,0
ADAMI.US,5,20250801,200500,24.45,24.45,24.45,24.45,100,0
ADAMI.US,5,20250801,201000,24.5034,24.5034,24.45,24.45,200,0
ADAMI.US,5,20250801,201500,24.45,24.45,24.45,24.45,100,0
ADAMI.US,5,20250801,202000,24.46,24.46,24.46,24.46,100,0
ADAMI.US,5,20250801,202500,24.46,24.46,24.46,24.46,100,0
ADAMI.US,5,20250801,203000,24.46,24.46,24.46,24.46,200,0
ADAMI.US,5,20250801,204000,24.5,24.5,24.46,24.46,200,0
ADAMI.US,5,20250801,204500,24.46,24.51,24.46,24.51,415,0
ADAMI.US,5,20250801,205000,24.51,24.51,24.46,24.46,400,0
ADAMI.US,5,20250801,205500,24.46,24.46,24.46,24.46,100,0
ADAMI.US,5,20250801,210000,24.46,24.46,24.46,24.46,100,0
ADAMI.US,5,20250801,210500,24.46,24.46,24.46,24.46,100,0
ADAMI.US,5,20250801,211000,24.46,24.46,24.46,24.46,100,0
ADAMI.US,5,20250801,211500,24.46,24.51,24.46,24.51,591,0
ADAMI.US,5,20250801,212000,24.51,24.51,24.51,24.51,400,0
ADAMI.US,5,20250801,213000,24.47,24.47,24.47,24.47,200,0
ADAMI.US,5,20250801,213500,24.47,24.55,24.46,24.51,909,0
ADAMI.US,5,20250801,214000,24.47,24.47,24.47,24.47,200,0
ADAMI.US,5,20250801,214500,24.47,24.47,24.47,24.47,200,0
ADAMI.US,5,20250801,215000,24.46,24.48,24.46,24.48,400,0
ADAMI.US,5,20250801,215500,24.48,24.51,24.46,24.46,621,0
ADAMI.US,5,20250804,153000,24.56,24.56,24.56,24.56,500,0
ADAMI.US,5,20250804,154000,24.4825,24.505,24.42,24.45,3524,0
ADAMI.US,5,20250804,154500,24.44,24.4401,24.42,24.44,1514,0
ADAMI.US,5,20250804,161500,24.5,24.5,24.5,24.5,275,0
ADAMI.US,5,20250804,165000,24.46,24.46,24.46,24.46,378,0
ADAMI.US,5,20250804,165500,24.57,24.58,24.57,24.58,437,0
ADAMI.US,5,20250804,171000,24.57,24.57,24.56,24.57,1156,0
ADAMI.US,5,20250804,184000,24.65,24.65,24.6499,24.6499,1600,0
ADAMI.US,5,20250804,192500,24.6,24.6,24.58,24.58,796,0
ADAMI.US,5,20250804,193500,24.6126,24.6126,24.6126,24.6126,400,0
ADAMI.US,5,20250804,204000,24.6626,24.6626,24.6626,24.6626,204,0
ADAMI.US,5,20250804,204500,24.699,24.7,24.699,24.7,200,0
ADAMI.US,5,20250804,205500,24.631,24.631,24.63,24.6301,851,0
ADAMI.US,5,20250804,212000,24.59,24.59,24.581,24.5811,400,0
ADAMI.US,5,20250804,213000,24.688,24.688,24.688,24.688,100,0
ADAMI.US,5,20250804,213500,24.688,24.688,24.688,24.688,100,0
ADAMI.US,5,20250805,153000,24.76,24.76,24.71,24.71,425,0
ADAMI.US,5,20250805,160000,24.735,24.735,24.73,24.73,808,0
ADAMI.US,5,20250805,161000,24.7,24.7,24.7,24.7,128,0
ADAMI.US,5,20250805,162000,24.7084,24.71,24.7084,24.71,266,0
ADAMI.US,5,20250805,164500,24.77,24.77,24.7699,24.7699,2134,0
ADAMI.US,5,20250805,165000,24.7336,24.7336,24.7336,24.7336,1250,0
ADAMI.US,5,20250805,171500,24.7374,24.7374,24.7374,24.7374,300,0
ADAMI.US,5,20250805,182000,24.65,24.65,24.65,24.65,300,0
ADAMI.US,5,20250805,184500,24.6964,24.6964,24.6941,24.6941,200,0
ADAMI.US,5,20250805,190000,24.694,24.694,24.694,24.694,300,0
ADAMI.US,5,20250805,190500,24.71,24.71,24.71,24.71,625,0
ADAMI.US,5,20250805,192500,24.72,24.7202,24.72,24.7202,1600,0
ADAMI.US,5,20250805,193000,24.75,24.75,24.75,24.75,100,0
ADAMI.US,5,20250805,201000,24.72,24.73,24.72,24.73,1128,0
ADAMI.US,5,20250805,202000,24.72,24.77,24.72,24.77,400,0
ADAMI.US,5,20250805,205000,24.7699,24.77,24.755,24.755,630,0
ADAMI.US,5,20250805,210500,24.7656,24.7656,24.7656,24.7656,500,0
ADAMI.US,5,20250805,211000,24.7656,24.7656,24.76,24.76,993,0
ADAMI.US,5,20250805,212000,24.7677,24.7677,24.7677,24.7677,206,0
ADAMI.US,5,20250805,213000,24.765,24.765,24.765,24.765,100,0
ADAMI.US,5,20250805,213500,24.76,24.7601,24.76,24.7601,200,0
ADAMI.US,5,20250805,214000,24.75,24.75,24.75,24.75,100,0
ADAMI.US,5,20250805,214500,24.7547,24.7547,24.7547,24.7547,305,0
ADAMI.US,5,20250806,153000,24.75,24.75,24.75,24.75,100,0
ADAMI.US,5,20250806,160000,24.75,24.7525,24.7402,24.7402,1100,0
ADAMI.US,5,20250806,161500,24.7575,24.7575,24.7575,24.7575,174,0
ADAMI.US,5,20250806,170000,24.765,24.765,24.765,24.765,780,0
ADAMI.US,5,20250806,171500,24.765,24.765,24.765,24.765,284,0
ADAMI.US,5,20250806,172500,24.7699,24.7699,24.7699,24.7699,202,0
ADAMI.US,5,20250806,173000,24.76,24.763,24.76,24.763,252,0
ADAMI.US,5,20250806,174000,24.75,24.7501,24.75,24.7501,1272,0
ADAMI.US,5,20250806,182500,24.7453,24.7453,24.7453,24.7453,100,0
ADAMI.US,5,20250806,184500,24.7455,24.7455,24.7455,24.7455,200,0
ADAMI.US,5,20250806,191500,24.7447,24.7447,24.74,24.74,400,0
ADAMI.US,5,20250806,192000,24.75,24.75,24.7499,24.7499,200,0
ADAMI.US,5,20250806,194000,24.75,24.75,24.75,24.75,100,0
ADAMI.US,5,20250806,195500,24.72,24.72,24.72,24.72,1000,0
ADAMI.US,5,20250806,211000,24.75,24.75,24.75,24.75,751,0
ADAMI.US,5,20250806,212500,24.75,24.75,24.75,24.75,100,0
ADAMI.US,5,20250807,153000,24.84,24.84,24.84,24.84,300,0
ADAMI.US,5,20250807,153500,24.76,24.76,24.76,24.76,400,0
ADAMI.US,5,20250807,155000,24.7799,24.7799,24.7799,24.7799,900,0
ADAMI.US,5,20250807,162500,24.75,24.75,24.75,24.75,100,0
ADAMI.US,5,20250807,183500,24.7607,24.7607,24.7607,24.7607,100,0
ADAMI.US,5,20250807,185500,24.76,24.76,24.76,24.76,200,0
ADAMI.US,5,20250807,214000,24.79,24.8,24.7754,24.8,700,0
ADAMI.US,5,20250807,215500,24.8,24.8,24.8,24.8,200,0
ADAMI.US,5,20250808,154000,24.67,24.81,24.67,24.81,1048,0
ADAMI.US,5,20250808,160000,24.808,24.82,24.808,24.82,1186,0
ADAMI.US,5,20250808,160500,24.7384,24.7384,24.7384,24.7384,202,0
ADAMI.US,5,20250808,183000,24.775,24.775,24.74,24.74,200,0
ADAMI.US,5,20250808,184000,24.76,24.76,24.73,24.73,2000,0
ADAMI.US,5,20250808,190000,24.7814,24.82,24.7814,24.8199,600,0
ADAMI.US,5,20250808,201500,24.775,24.775,24.775,24.775,255,0
ADAMI.US,5,20250811,153000,24.67,24.67,24.67,24.67,120,0
ADAMI.US,5,20250811,163500,24.78,24.78,24.7799,24.7799,210,0
ADAMI.US,5,20250811,165000,24.78,24.78,24.7676,24.7676,353,0
ADAMI.US,5,20250811,174000,24.81,24.81,24.81,24.81,339,0
ADAMI.US,5,20250811,181500,24.82,24.8319,24.82,24.8319,225,0
ADAMI.US,5,20250811,182000,24.85,24.85,24.83,24.83,400,0
ADAMI.US,5,20250811,182500,24.83,24.83,24.83,24.83,1265,0
ADAMI.US,5,20250811,183000,24.812,24.812,24.81,24.81,850,0
ADAMI.US,5,20250811,185000,24.83,24.83,24.83,24.83,100,0
ADAMI.US,5,20250811,191000,24.85,24.85,24.85,24.85,300,0
ADAMI.US,5,20250811,192000,24.83,24.8301,24.83,24.8301,316,0
ADAMI.US,5,20250811,192500,24.85,24.85,24.85,24.85,198,0
ADAMI.US,5,20250811,194000,24.83,24.83,24.83,24.83,100,0
ADAMI.US,5,20250811,195000,24.83,24.85,24.83,24.85,528,0
ADAMI.US,5,20250811,201500,24.9399,24.9399,24.9399,24.9399,1000,0
ADAMI.US,5,20250811,202000,24.85,24.85,24.85,24.85,189,0
ADAMI.US,5,20250811,203500,24.85,24.85,24.85,24.85,191,0
ADAMI.US,5,20250811,205500,24.8992,24.8992,24.8992,24.8992,200,0
ADAMI.US,5,20250811,212000,24.852,24.8626,24.8507,24.86,1186,0
ADAMI.US,5,20250811,212500,24.895,24.895,24.895,24.895,112,0
ADAMI.US,5,20250812,153000,24.79,24.79,24.6801,24.6801,927,0
ADAMI.US,5,20250812,170000,24.8308,24.8308,24.8308,24.8308,200,0
ADAMI.US,5,20250812,182500,24.94,24.94,24.92,24.94,300,0
ADAMI.US,5,20250812,185500,24.9199,24.9222,24.9199,24.92,600,0
ADAMI.US,5,20250812,190000,24.92,24.92,24.92,24.92,152,0
ADAMI.US,5,20250812,191000,24.9278,24.9294,24.9269,24.9294,656,0
ADAMI.US,5,20250812,191500,24.9185,24.9185,24.9185,24.9185,221,0
ADAMI.US,5,20250812,192500,24.88,24.88,24.88,24.88,2697,0
ADAMI.US,5,20250812,200000,24.8817,24.8817,24.7201,24.7201,3613,0
ADAMI.US,5,20250812,210000,24.835,24.8434,24.835,24.8434,362,0
ADAMI.US,5,20250812,212000,24.8453,24.85,24.8453,24.85,400,0
ADAMI.US,5,20250813,153000,24.84,24.84,24.84,24.84,102,0
ADAMI.US,5,20250813,155000,24.835,24.835,24.835,24.835,100,0
ADAMI.US,5,20250813,160000,24.84,24.85,24.84,24.84,1050,0
ADAMI.US,5,20250813,170000,24.9,24.9,24.878,24.878,669,0
ADAMI.US,5,20250813,175500,24.9,24.9001,24.9,24.9001,200,0
ADAMI.US,5,20250813,180500,24.85,24.865,24.85,24.865,490,0
ADAMI.US,5,20250813,181500,24.88,24.88,24.88,24.88,200,0
ADAMI.US,5,20250813,183000,24.8799,24.88,24.8799,24.88,1000,0
ADAMI.US,5,20250813,184500,24.85,24.85,24.85,24.85,500,0
ADAMI.US,5,20250813,191500,24.85,24.85,24.85,24.85,500,0
ADAMI.US,5,20250813,195500,24.88,24.88,24.85,24.85,958,0
ADAMI.US,5,20250814,153000,24.81,24.81,24.81,24.81,400,0
ADAMI.US,5,20250814,155500,24.8,24.8001,24.8,24.8001,200,0
ADAMI.US,5,20250814,172500,24.87,24.87,24.87,24.87,100,0
ADAMI.US,5,20250814,180000,24.86,24.86,24.86,24.86,500,0
ADAMI.US,5,20250814,183000,24.8624,24.8624,24.8624,24.8624,1206,0
ADAMI.US,5,20250814,184500,24.854,24.854,24.854,24.854,200,0
ADAMI.US,5,20250814,185000,24.85,24.85,24.85,24.85,265,0
ADAMI.US,5,20250814,201000,24.87,24.8999,24.87,24.8999,618,0
ADAMI.US,5,20250814,210000,24.8807,24.8807,24.8807,24.8807,395,0
ADAMI.US,5,20250814,214000,24.9,24.9,24.9,24.9,368,0
ADAMI.US,5,20250814,215000,24.8769,24.8769,24.8769,24.8769,100,0
ADAMI.US,5,20250815,162500,24.96,24.96,24.96,24.96,381,0
ADAMI.US,5,20250815,170500,24.96,24.96,24.96,24.96,100,0
ADAMI.US,5,20250815,181500,24.9,24.9,24.8105,24.8105,200,0
ADAMI.US,5,20250815,182500,24.83,24.83,24.83,24.83,200,0
ADAMI.US,5,20250815,183500,24.85,24.85,24.8499,24.8499,200,0
ADAMI.US,5,20250815,194500,24.94,24.94,24.9399,24.9399,200,0
ADAMI.US,5,20250815,195000,24.9129,24.9129,24.9129,24.9129,214,0
ADAMI.US,5,20250815,210000,24.96,24.96,24.96,24.96,250,0
ADAMI.US,5,20250815,211500,24.96,24.96,24.9599,24.9599,200,0
ADAMI.US,5,20250815,212500,24.96,24.96,24.96,24.96,600,0
ADAMI.US,5,20250818,153000,24.96,24.96,24.958,24.958,805,0
ADAMI.US,5,20250818,154000,24.906,24.906,24.906,24.906,500,0
ADAMI.US,5,20250818,162000,24.895,24.9002,24.895,24.9002,650,0
ADAMI.US,5,20250818,170000,24.9,24.9,24.9,24.9,200,0
ADAMI.US,5,20250818,170500,24.8892,24.9,24.8892,24.9,600,0
ADAMI.US,5,20250818,180500,24.95,24.96,24.95,24.96,200,0
ADAMI.US,5,20250818,181500,24.95,24.95,24.94,24.94,495,0
ADAMI.US,5,20250818,182000,24.951,24.951,24.951,24.951,100,0
ADAMI.US,5,20250818,182500,24.96,24.96,24.9595,24.9595,320,0
ADAMI.US,5,20250818,183500,24.9331,24.9331,24.9331,24.9331,120,0
ADAMI.US,5,20250818,184000,24.9331,24.9331,24.9331,24.9331,120,0
ADAMI.US,5,20250818,191500,24.96,24.96,24.9366,24.9599,2718,0
ADAMI.US,5,20250818,192500,24.96,24.96,24.9304,24.9304,2096,0
ADAMI.US,5,20250818,194000,24.93,24.96,24.93,24.9585,300,0
ADAMI.US,5,20250818,195000,24.9193,24.9193,24.9193,24.9193,1000,0
ADAMI.US,5,20250818,195500,24.93,24.96,24.93,24.96,800,0
ADAMI.US,5,20250818,201500,24.93,24.93,24.91,24.91,200,0
ADAMI.US,5,20250818,210500,24.96,24.9635,24.9585,24.9635,1245,0
ADAMI.US,5,20250818,212000,25,25,24.9999,24.9999,2750,0
ADAMI.US,5,20250818,213000,24.94,24.94,24.94,24.94,800,0
ADAMI.US,5,20250818,214500,24.9585,24.9585,24.9585,24.9585,600,0
ADAMI.US,5,20250818,215000,25,25,25,25,100,0
ADAMI.US,5,20250819,160500,25,25,25,25,706,0
ADAMI.US,5,20250819,162500,25.045,25.09,25.045,25.09,400,0
ADAMI.US,5,20250819,172500,25.0245,25.0245,25.0245,25.0245,100,0
ADAMI.US,5,20250819,173000,25.035,25.035,25.035,25.035,199,0
ADAMI.US,5,20250819,175500,25.07,25.07,25.07,25.07,100,0
ADAMI.US,5,20250819,182000,25.0602,25.0602,25.06,25.06,600,0
ADAMI.US,5,20250819,184500,25.09,25.09,25.0892,25.09,1930,0
ADAMI.US,5,20250819,191500,25.0715,25.0715,25.0715,25.0715,166,0
ADAMI.US,5,20250819,214500,25.1267,25.1267,25.1267,25.1267,300,0
ADAMI.US,5,20250820,154500,25.06,25.06,24.95,24.95,3837,0
ADAMI.US,5,20250820,155000,24.93,24.93,24.93,24.93,202,0
ADAMI.US,5,20250820,161500,25.0513,25.0513,25,25,500,0
ADAMI.US,5,20250820,162000,25.06,25.06,25.02,25.02,255,0
ADAMI.US,5,20250820,162500,24.98,24.98,24.98,24.98,105,0
ADAMI.US,5,20250820,165000,25,25,24.95,24.95,209,0
ADAMI.US,5,20250820,174000,24.9893,25,24.9893,24.9925,1791,0
ADAMI.US,5,20250820,174500,25.05,25.05,25.0499,25.0499,614,0
ADAMI.US,5,20250820,184500,25.0469,25.0469,25.0469,25.0469,800,0
ADAMI.US,5,20250820,192000,25.1,25.1,25.1,25.1,400,0
ADAMI.US,5,20250820,192500,25.1,25.1,25.1,25.1,250,0
ADAMI.US,5,20250820,201000,25.0402,25.0402,25.0402,25.0402,400,0
ADAMI.US,5,20250820,205500,25.0457,25.0457,25.0457,25.0457,2000,0
ADAMI.US,5,20250820,211500,25.0999,25.1,25.0967,25.1,700,0
ADAMI.US,5,20250820,213500,25.1399,25.14,25.1375,25.1375,749,0
ADAMI.US,5,20250820,214000,25.1487,25.16,25.1487,25.16,700,0
ADAMI.US,5,20250820,214500,25.0884,25.0884,25.0884,25.0884,400,0
ADAMI.US,5,20250821,160500,25.16,25.16,25.1585,25.1585,400,0
ADAMI.US,5,20250821,161000,25.1,25.1001,25.1,25.1001,200,0
ADAMI.US,5,20250821,161500,25.1398,25.1398,25.1398,25.1398,121,0
ADAMI.US,5,20250821,164000,25.17,25.1716,25.17,25.1716,500,0
ADAMI.US,5,20250821,165500,25.17,25.17,25.17,25.17,122,0
ADAMI.US,5,20250821,170000,25.15,25.15,25.15,25.15,315,0
ADAMI.US,5,20250821,171500,25.19,25.19,25.1585,25.1877,1200,0
ADAMI.US,5,20250821,173000,25.16,25.25,25.16,25.17,1484,0
ADAMI.US,5,20250821,174000,25.13,25.1666,25.13,25.1666,500,0
ADAMI.US,5,20250821,180500,25.18,25.18,25.18,25.18,600,0
ADAMI.US,5,20250821,191500,25.18,25.18,25.178,25.178,800,0
ADAMI.US,5,20250821,194500,25.2,25.2,25.1985,25.1985,900,0
ADAMI.US,5,20250821,202000,25.19,25.19,25.19,25.19,250,0
ADAMI.US,5,20250821,203500,25.1643,25.1643,25.1643,25.1643,200,0
ADAMI.US,5,20250821,204000,25.2,25.22,25.2,25.22,532,0
ADAMI.US,5,20250821,210000,25.1736,25.18,25.14,25.1401,6100,0
ADAMI.US,5,20250821,214500,25.16,25.23,25.16,25.23,2300,0
ADAMI.US,5,20250821,215500,25.215,25.215,25.215,25.215,245,0
ADAMI.US,5,20250822,170500,25.2,25.2,25.2,25.2,120,0
ADAMI.US,5,20250822,173500,25.196,25.1995,25.196,25.196,800,0
ADAMI.US,5,20250822,174000,25.19,25.19,25.19,25.19,249,0
ADAMI.US,5,20250822,201000,25.18,25.18,25.18,25.18,205,0
ADAMI.US,5,20250825,153000,25,25,25,25,757,0
ADAMI.US,5,20250825,161000,25.18,25.18,25.1799,25.1799,200,0
ADAMI.US,5,20250825,164000,25.16,25.16,25.16,25.16,100,0
ADAMI.US,5,20250825,170000,25.13,25.1436,25.1,25.1,2500,0
ADAMI.US,5,20250825,170500,25.0701,25.0701,25.07,25.07,400,0
ADAMI.US,5,20250825,175000,25.149,25.15,25.1321,25.15,1300,0
ADAMI.US,5,20250825,180000,25.15,25.15,25.13,25.15,1448,0
ADAMI.US,5,20250825,183000,25.17,25.17,25.17,25.17,100,0
ADAMI.US,5,20250825,192500,25.1301,25.1302,25.13,25.13,1029,0
ADAMI.US,5,20250825,200000,25.13,25.13,25.127,25.127,1310,0
ADAMI.US,5,20250825,201000,25.14,25.14,25.132,25.132,643,0
ADAMI.US,5,20250825,204000,25.18,25.22,25.18,25.19,900,0
ADAMI.US,5,20250826,164000,25.16,25.16,25.16,25.16,116,0
ADAMI.US,5,20250826,171500,25.14,25.14,25.14,25.14,309,0
ADAMI.US,5,20250826,204500,25.1373,25.1373,25.1373,25.1373,305,0
ADAMI.US,5,20250826,205500,25.11,25.1349,25.0501,25.0501,700,0
ADAMI.US,5,20250826,210000,25.1221,25.1221,25.1221,25.1221,100,0
ADAMI.US,5,20250826,210500,25.13,25.1309,25.13,25.1309,250,0
ADAMI.US,5,20250827,160000,25.13,25.13,25.13,25.13,200,0
ADAMI.US,5,20250827,165500,25.1098,25.115,25.1098,25.115,398,0
ADAMI.US,5,20250827,201500,25.18,25.18,25.18,25.18,100,0
ADAMI.US,5,20250828,163500,25.1708,25.1708,25.1708,25.1708,500,0
ADAMI.US,5,20250828,165000,25.1761,25.1761,25.1761,25.1761,400,0
ADAMI.US,5,20250828,172000,25.1661,25.1661,25.1661,25.1661,600,0
ADAMI.US,5,20250828,195000,25.17,25.17,25.17,25.17,400,0
ADAMI.US,5,20250828,203000,25.2028,25.2028,25.2028,25.2028,399,0
ADAMI.US,5,20250828,212000,25.2,25.2,25.2,25.2,500,0
ADAMI.US,5,20250828,213500,25.2,25.2,25.2,25.2,200,0
ADAMI.US,5,20250828,214500,25.17,25.17,25.17,25.17,446,0
ADAMI.US,5,20250828,215500,25.1,25.1,25.1,25.1,339,0
ADAMI.US,5,20250829,160000,25.119,25.119,25.119,25.119,288,0
ADAMI.US,5,20250829,161000,25.0999,25.12,25.0999,25.0999,700,0
ADAMI.US,5,20250829,172000,25.13,25.1302,25.13,25.1302,878,0
ADAMI.US,5,20250829,191500,25.12,25.12,25.12,25.12,499,0
ADAMI.US,5,20250829,204000,25.1799,25.1799,25.1798,25.1798,1000,0
ADAMI.US,5,20250829,210500,25.18,25.18,25.1799,25.1799,400,0
ADAMI.US,5,20250902,155000,25.1,25.1,25.1,25.1,125,0
ADAMI.US,5,20250902,172000,25.13,25.13,25.13,25.13,100,0
ADAMI.US,5,20250902,173500,25.1,25.1,25.0992,25.0992,547,0
ADAMI.US,5,20250902,174500,25.1,25.1,25.085,25.085,833,0
ADAMI.US,5,20250902,175000,25.0958,25.0958,25.0839,25.0839,1062,0
ADAMI.US,5,20250902,192500,25.0999,25.13,25.0999,25.0999,1624,0
ADAMI.US,5,20250902,194000,25.1054,25.1054,25.1054,25.1054,482,0
ADAMI.US,5,20250902,195500,25.13,25.13,25.1165,25.1165,400,0
ADAMI.US,5,20250902,214000,25.115,25.13,25.115,25.13,200,0
ADAMI.US,5,20250902,214500,25.1009,25.13,25.1009,25.13,1168,0
ADAMI.US,5,20250902,215000,25.11,25.15,25.11,25.1499,1950,0
ADAMI.US,5,20250903,153000,25.25,25.25,25.25,25.25,152,0
ADAMI.US,5,20250903,193500,25.05,25.06,25.05,25.05,1905,0
ADAMI.US,5,20250903,203500,25.1499,25.1499,25.1499,25.1499,700,0
ADAMI.US,5,20250903,210500,25.1,25.1,25.1,25.1,500,0
ADAMI.US,5,20250903,211000,25.1,25.1,25.1,25.1,200,0
ADAMI.US,5,20250904,153000,25.02,25.02,25.02,25.02,100,0
ADAMI.US,5,20250904,160500,25.0201,25.06,25.0201,25.0492,2292,0
ADAMI.US,5,20250904,161500,25.03,25.06,25.03,25.04,582,0
ADAMI.US,5,20250904,163000,25.03,25.04,25.02,25.04,1504,0
ADAMI.US,5,20250904,163500,25,25.025,25,25.025,2780,0
ADAMI.US,5,20250904,164000,25,25,24.9999,24.9999,630,0
ADAMI.US,5,20250904,170000,25.085,25.085,25.085,25.085,276,0
ADAMI.US,5,20250904,170500,25.1,25.1,25.0987,25.0987,240,0
ADAMI.US,5,20250904,173000,25.046,25.046,25.046,25.046,250,0
ADAMI.US,5,20250904,174000,25.061,25.061,25.061,25.061,2000,0
ADAMI.US,5,20250904,185000,25.025,25.025,25.025,25.025,100,0
ADAMI.US,5,20250904,194000,25.02,25.02,25.02,25.02,111,0
ADAMI.US,5,20250904,200000,25.07,25.07,25.07,25.07,100,0
ADAMI.US,5,20250904,205500,25.07,25.07,25.07,25.07,120,0
ADAMI.US,5,20250904,212000,25.079,25.079,25.079,25.079,1500,0
ADAMI.US,5,20250904,213000,25.07,25.071,25.07,25.071,1200,0
ADAMI.US,5,20250904,214000,25.07,25.1,25.07,25.1,487,0
ADAMI.US,5,20250905,172000,25.2085,25.21,25.2085,25.21,240,0
ADAMI.US,5,20250905,175000,25.11,25.13,25.11,25.11,791,0
ADAMI.US,5,20250905,190500,25.11,25.15,25.11,25.15,2287,0
ADAMI.US,5,20250905,200500,25.149,25.15,25.149,25.15,600,0
ADAMI.US,5,20250905,201500,25.15,25.15,25.1317,25.1317,790,0
ADAMI.US,5,20250905,210000,25.19,25.19,25.175,25.19,340,0
ADAMI.US,5,20250905,214000,25.23,25.23,25.175,25.175,300,0
ADAMI.US,5,20250908,153000,25.191,25.191,25.19,25.1901,459,0
ADAMI.US,5,20250908,154000,25.05,25.05,25.05,25.05,288,0
ADAMI.US,5,20250908,154500,25.06,25.19,25.06,25.1867,500,0
ADAMI.US,5,20250908,163000,25.19,25.19,25.1867,25.1867,2100,0
ADAMI.US,5,20250908,170500,25.07,25.19,25.07,25.1886,400,0
ADAMI.US,5,20250908,173500,25.19,25.19,25.19,25.19,100,0
ADAMI.US,5,20250908,182500,25.1616,25.1616,25.1616,25.1616,277,0
ADAMI.US,5,20250908,184000,25.18,25.18,25.1796,25.1796,200,0
ADAMI.US,5,20250908,191000,25.18,25.18,25.18,25.18,100,0
ADAMI.US,5,20250908,192000,25.19,25.19,25.145,25.145,300,0
ADAMI.US,5,20250908,193500,25.19,25.19,25.19,25.19,200,0
ADAMI.US,5,20250908,200500,25.189,25.19,25.145,25.145,400,0
ADAMI.US,5,20250908,201500,25.19,25.19,25.19,25.19,100,0
ADAMI.US,5,20250908,204500,25.1886,25.19,25.1886,25.19,800,0
ADAMI.US,5,20250908,212000,25.19,25.19,25.19,25.19,200,0
ADAMI.US,5,20250908,213000,25.101,25.11,25.101,25.11,800,0
ADAMI.US,5,20250908,213500,25.1468,25.1468,25.1468,25.1468,300,0
ADAMI.US,5,20250908,214000,25.15,25.15,25.15,25.15,300,0
ADAMI.US,5,20250908,214500,25.15,25.15,25.15,25.15,500,0
ADAMI.US,5,20250908,215000,25.15,25.15,25.15,25.15,268,0
ADAMI.US,5,20250909,155000,25.1651,25.1651,25.1651,25.1651,450,0
ADAMI.US,5,20250909,162000,25.15,25.1501,25.15,25.1501,400,0
ADAMI.US,5,20250909,162500,25.14,25.1401,25.14,25.1401,300,0
ADAMI.US,5,20250909,163000,25.1649,25.1649,25.1649,25.1649,300,0
ADAMI.US,5,20250909,163500,25.14,25.1509,25.14,25.1509,748,0
ADAMI.US,5,20250909,174500,25.17,25.17,25.135,25.1525,3100,0
ADAMI.US,5,20250909,181000,25.19,25.19,25.19,25.19,100,0
ADAMI.US,5,20250909,182000,25.2,25.2,25.2,25.2,742,0
ADAMI.US,5,20250909,183500,25.1838,25.1838,25.1838,25.1838,400,0
ADAMI.US,5,20250909,184500,25.2,25.2,25.195,25.2,2294,0
ADAMI.US,5,20250909,190000,25.2499,25.2499,25.2499,25.2499,933,0
ADAMI.US,5,20250909,191000,25.25,25.2706,25.2487,25.2706,1096,0
ADAMI.US,5,20250909,192500,25.245,25.245,25.2,25.2001,3300,0
ADAMI.US,5,20250909,193000,25.2,25.29,25.2,25.29,4000,0
ADAMI.US,5,20250909,195500,25.245,25.245,25.245,25.245,360,0
ADAMI.US,5,20250909,201500,25.2,25.22,25.2,25.22,316,0
ADAMI.US,5,20250909,203000,25.2,25.2393,25.2,25.2393,1746,0
ADAMI.US,5,20250909,204000,25.17,25.17,25.17,25.17,702,0
ADAMI.US,5,20250909,204500,25.17,25.17,25.17,25.17,100,0
ADAMI.US,5,20250909,205000,25.15,25.15,25.15,25.15,400,0
ADAMI.US,5,20250909,210500,25.15,25.1501,25.1,25.13,3450,0
ADAMI.US,5,20250909,213000,25.1087,25.1087,25.1087,25.1087,100,0
ADAMI.US,5,20250909,213500,25.13,25.13,25.13,25.13,200,0
ADAMI.US,5,20250909,215500,25.17,25.17,25.17,25.17,119,0
ADAMI.US,5,20250910,155000,25.17,25.17,25.17,25.17,100,0
ADAMI.US,5,20250910,160000,25.1703,25.1703,25.1703,25.1703,190,0
ADAMI.US,5,20250910,161000,25.17,25.2,25.17,25.2,1123,0
ADAMI.US,5,20250910,162500,25.254,25.26,25.254,25.254,300,0
ADAMI.US,5,20250910,181500,25.28,25.28,25.28,25.28,100,0
ADAMI.US,5,20250910,193000,25.26,25.26,25.26,25.26,100,0
ADAMI.US,5,20250910,215500,25.29,25.29,25.29,25.29,120,0
ADAMI.US,5,20250911,183000,25.21,25.21,25.21,25.21,100,0
ADAMI.US,5,20250911,183500,25.2,25.2,25.2,25.2,100,0
ADAMI.US,5,20250911,184000,25.2,25.2,25.2,25.2,200,0
ADAMI.US,5,20250911,184500,25.2,25.2,25.2,25.2,200,0
ADAMI.US,5,20250911,185000,25.21,25.21,25.2,25.2,300,0
ADAMI.US,5,20250911,185500,25.2,25.226,25.2,25.226,596,0
ADAMI.US,5,20250911,190000,25.2138,25.2138,25.2,25.2,1200,0
ADAMI.US,5,20250911,190500,25.2,25.2,25.2,25.2,100,0
ADAMI.US,5,20250911,191000,25.23,25.2899,25.23,25.2899,298,0
ADAMI.US,5,20250911,191500,25.2,25.2,25.2,25.2,100,0
ADAMI.US,5,20250911,192000,25.2,25.2,25.2,25.2,100,0
ADAMI.US,5,20250911,192500,25.2,25.2,25.2,25.2,200,0
ADAMI.US,5,20250911,193000,25.2,25.2,25.2,25.2,200,0
ADAMI.US,5,20250911,193500,25.2717,25.2717,25.2717,25.2717,550,0
ADAMI.US,5,20250911,194000,25.2,25.2,25.2,25.2,200,0
ADAMI.US,5,20250911,194500,25.2,25.2,25.2,25.2,100,0
ADAMI.US,5,20250911,195000,25.2,25.2,25.2,25.2,200,0
ADAMI.US,5,20250911,195500,25.22,25.22,25.22,25.22,200,0
ADAMI.US,5,20250911,200000,25.22,25.22,25.22,25.22,100,0
ADAMI.US,5,20250911,200500,25.22,25.22,25.2,25.2,200,0
ADAMI.US,5,20250911,201000,25.2,25.2,25.2,25.2,200,0
ADAMI.US,5,20250911,201500,25.2,25.2,25.2,25.2,100,0
ADAMI.US,5,20250911,202000,25.2,25.2,25.2,25.2,100,0
ADAMI.US,5,20250911,202500,25.2,25.2,25.2,25.2,200,0
ADAMI.US,5,20250911,203000,25.2,25.2,25.2,25.2,200,0
ADAMI.US,5,20250911,204000,25.2,25.2,25.2,25.2,200,0
ADAMI.US,5,20250911,204500,25.2,25.2,25.14,25.14,324,0
ADAMI.US,5,20250911,205000,25.14,25.14,25.14,25.14,100,0
ADAMI.US,5,20250911,205500,25.05,25.06,25.05,25.06,200,0
ADAMI.US,5,20250911,210000,25.07,25.08,25.07,25.08,200,0
ADAMI.US,5,20250911,210500,25.08,25.08,25.08,25.08,200,0
ADAMI.US,5,20250911,211000,25.08,25.09,25.08,25.09,200,0
ADAMI.US,5,20250911,211500,25.09,25.09,25.09,25.09,100,0
ADAMI.US,5,20250911,212000,25.09,25.1499,25.09,25.09,706,0
ADAMI.US,5,20250911,212500,25.09,25.09,25.09,25.09,100,0
ADAMI.US,5,20250911,213000,25.09,25.1,25.0892,25.0892,600,0
ADAMI.US,5,20250911,213500,25.1,25.1,25.1,25.1,200,0
ADAMI.US,5,20250911,214000,25.1,25.1,25.1,25.1,200,0
ADAMI.US,5,20250911,214500,25.08,25.08,25.08,25.08,100,0
ADAMI.US,5,20250911,215000,25.08,25.08,25.06,25.06,500,0
ADAMI.US,5,20250911,215500,25.05,25.1,25.05,25.06,1300,0
ADAMI.US,5,20250912,153000,25.19,25.19,25.18,25.18,500,0
ADAMI.US,5,20250912,160500,25.13,25.1784,25.12,25.1784,400,0
ADAMI.US,5,20250912,161000,25.12,25.12,25.12,25.12,100,0
ADAMI.US,5,20250912,184000,25.2184,25.2184,25.2184,25.2184,100,0
ADAMI.US,5,20250912,191000,25.2191,25.2191,25.215,25.215,400,0
ADAMI.US,5,20250915,153000,24.79,24.84,24.79,24.82,950,0
ADAMI.US,5,20250915,154000,24.9,24.9,24.9,24.9,100,0
ADAMI.US,5,20250915,154500,24.9,24.9,24.9,24.9,100,0
ADAMI.US,5,20250915,160000,24.85,24.85,24.85,24.85,200,0
ADAMI.US,5,20250915,160500,24.8758,24.8758,24.85,24.8672,690,0
ADAMI.US,5,20250915,161000,24.8672,24.8672,24.8159,24.8159,500,0
ADAMI.US,5,20250915,162500,24.8,24.8,24.8,24.8,300,0
ADAMI.US,5,20250915,165000,24.87,24.87,24.87,24.87,124,0
ADAMI.US,5,20250915,165500,24.86,24.86,24.86,24.86,200,0
ADAMI.US,5,20250915,171000,24.84,24.84,24.84,24.84,150,0
ADAMI.US,5,20250915,171500,24.8399,24.84,24.8399,24.84,484,0
ADAMI.US,5,20250915,172000,24.8344,24.8717,24.8344,24.8717,1559,0
ADAMI.US,5,20250915,174000,24.8385,24.8385,24.8385,24.8385,105,0
ADAMI.US,5,20250915,175000,24.855,24.86,24.855,24.8556,700,0
ADAMI.US,5,20250915,180000,24.86,24.86,24.86,24.86,490,0
ADAMI.US,5,20250915,182500,24.896,24.896,24.87,24.87,476,0
ADAMI.US,5,20250915,183000,24.85,24.86,24.85,24.86,200,0
ADAMI.US,5,20250915,183500,24.8465,24.8465,24.8465,24.8465,100,0
ADAMI.US,5,20250915,184000,24.86,24.91,24.8592,24.91,2250,0
ADAMI.US,5,20250915,184500,24.874,24.874,24.874,24.874,100,0
ADAMI.US,5,20250915,185000,24.875,24.875,24.84,24.8401,500,0
ADAMI.US,5,20250915,190000,24.84,24.8749,24.8355,24.8355,470,0
ADAMI.US,5,20250915,190500,24.84,24.91,24.8399,24.9099,714,0
ADAMI.US,5,20250915,191000,24.91,24.93,24.91,24.93,350,0
ADAMI.US,5,20250915,191500,24.923,24.923,24.919,24.919,220,0
ADAMI.US,5,20250915,192500,24.92,24.9414,24.92,24.9414,200,0
ADAMI.US,5,20250915,193000,24.92,24.9201,24.92,24.9201,646,0
ADAMI.US,5,20250915,193500,24.91,24.9175,24.91,24.9175,1000,0
ADAMI.US,5,20250915,194500,24.96,24.96,24.9599,24.9599,792,0
ADAMI.US,5,20250915,200000,24.9265,24.9265,24.9265,24.9265,400,0
ADAMI.US,5,20250915,200500,24.91,24.9167,24.91,24.9167,698,0
ADAMI.US,5,20250915,201000,24.91,24.94,24.88,24.94,1110,0
ADAMI.US,5,20250915,202000,24.96,24.96,24.95,24.95,400,0
ADAMI.US,5,20250915,202500,24.95,24.9573,24.9205,24.9205,1650,0
ADAMI.US,5,20250915,203000,24.9149,24.9149,24.86,24.86,812,0
ADAMI.US,5,20250915,211000,24.93,24.93,24.93,24.93,200,0
ADAMI.US,5,20250915,212500,24.97,24.97,24.97,24.97,300,0
ADAMI.US,5,20250915,214000,24.89,24.89,24.89,24.89,700,0
ADAMI.US,5,20250915,214500,24.9699,24.9749,24.96,24.96,907,0
ADAMI.US,5,20250915,215000,24.96,24.96,24.96,24.96,200,0
ADAMI.US,5,20250915,215500,24.96,24.96,24.96,24.96,100,0
ADAMI.US,5,20250916,154000,24.98,24.98,24.98,24.98,1111,0
ADAMI.US,5,20250916,154500,24.9835,24.9899,24.9835,24.9899,700,0
ADAMI.US,5,20250916,155500,24.98,24.99,24.98,24.99,911,0
ADAMI.US,5,20250916,160000,24.98,24.9825,24.98,24.9825,400,0
ADAMI.US,5,20250916,160500,24.9857,24.9857,24.9857,24.9857,1000,0
ADAMI.US,5,20250916,170000,24.99,24.99,24.985,24.985,352,0
ADAMI.US,5,20250916,183500,25.08,25.08,25.08,25.08,149,0
ADAMI.US,5,20250916,185000,25,25,25,25,300,0
ADAMI.US,5,20250916,194500,24.99,25.0485,24.98,25.013,1423,0
ADAMI.US,5,20250916,195500,25.005,25.005,25.005,25.005,200,0
ADAMI.US,5,20250916,202000,25.01,25.02,25.01,25.02,200,0
ADAMI.US,5,20250916,203500,25.021,25.021,25.021,25.021,500,0
ADAMI.US,5,20250916,205000,25.0176,25.0176,25.0176,25.0176,200,0
ADAMI.US,5,20250916,210500,25.02,25.02,25.02,25.02,241,0
ADAMI.US,5,20250916,215000,25.0462,25.08,24.96,24.96,1945,0
ADAMI.US,5,20250917,154500,25.0406,25.0406,25.0406,25.0406,100,0
ADAMI.US,5,20250917,155000,24.9975,24.9975,24.9975,24.9975,2000,0
ADAMI.US,5,20250917,163000,25.01,25.01,24.9825,24.9825,400,0
ADAMI.US,5,20250917,165000,24.96,24.9925,24.96,24.9925,605,0
ADAMI.US,5,20250917,165500,24.96,24.9601,24.96,24.9601,300,0
ADAMI.US,5,20250917,171500,24.976,24.976,24.976,24.976,300,0
ADAMI.US,5,20250917,191500,24.92,24.9365,24.92,24.9365,200,0
ADAMI.US,5,20250917,203500,24.9495,24.9495,24.9495,24.9495,200,0
ADAMI.US,5,20250917,212000,24.95,24.95,24.95,24.95,200,0
ADAMI.US,5,20250917,212500,24.94,24.94,24.94,24.94,298,0
ADAMI.US,5,20250917,213000,24.9388,24.9388,24.9388,24.9388,1200,0
ADAMI.US,5,20250917,214000,24.9,24.9,24.9,24.9,100,0
ADAMI.US,5,20250918,155500,24.9,24.9002,24.9,24.9002,480,0
ADAMI.US,5,20250918,161000,24.9775,24.9775,24.9775,24.9775,250,0
ADAMI.US,5,20250918,163000,24.91,24.9849,24.91,24.9849,200,0
ADAMI.US,5,20250918,171500,24.92,24.9267,24.91,24.9267,520,0
ADAMI.US,5,20250918,194500,24.98,24.98,24.968,24.98,736,0
ADAMI.US,5,20250918,195000,25.06,25.06,25.06,25.06,600,0
ADAMI.US,5,20250919,153000,25.06,25.1,25.051,25.051,1364,0
ADAMI.US,5,20250919,154500,25.046,25.046,25.046,25.046,100,0
ADAMI.US,5,20250919,181000,25.01,25.0499,25.01,25.0499,200,0
ADAMI.US,5,20250919,181500,25.0195,25.0195,25.0195,25.0195,100,0
ADAMI.US,5,20250919,182000,25.0195,25.0195,25.0195,25.0195,100,0
ADAMI.US,5,20250919,184500,25,25,25,25,100,0
ADAMI.US,5,20250919,194500,25.09,25.09,25,25,200,0
ADAMI.US,5,20250919,201500,25.0999,25.0999,25.0975,25.0975,200,0
ADAMI.US,5,20250919,202000,25.1,25.1,25.0975,25.0975,284,0
ADAMI.US,5,20250919,202500,25.0975,25.1,25.0975,25.1,684,0
ADAMI.US,5,20250919,213500,25.0731,25.0731,25.06,25.0601,400,0
ADAMI.US,5,20250922,153000,24.95,24.95,24.95,24.95,200,0
ADAMI.US,5,20250922,161000,25.03,25.03,25.0297,25.03,900,0
ADAMI.US,5,20250922,170000,24.95,24.95,24.95,24.95,100,0
ADAMI.US,5,20250922,171000,24.95,24.95,24.95,24.95,100,0
ADAMI.US,5,20250922,171500,24.98,24.98,24.98,24.98,100,0
ADAMI.US,5,20250922,172500,24.95,24.95,24.95,24.95,100,0
ADAMI.US,5,20250922,173500,25.01,25.01,25,25,400,0
ADAMI.US,5,20250922,174000,25,25,25,25,200,0
ADAMI.US,5,20250922,175000,24.95,24.95,24.95,24.95,100,0
ADAMI.US,5,20250922,175500,25.01,25.01,25.01,25.01,100,0
ADAMI.US,5,20250922,180500,25,25.02,24.95,24.95,1237,0
ADAMI.US,5,20250922,181500,25.01,25.02,25.01,25.02,200,0
ADAMI.US,5,20250922,182000,24.82,24.82,24.791,24.791,1113,0
ADAMI.US,5,20250922,182500,25.01,25.02,25.01,25.02,200,0
ADAMI.US,5,20250922,183000,24.82,24.9099,24.82,24.9099,200,0
ADAMI.US,5,20250922,184500,24.93,24.93,24.93,24.93,245,0
ADAMI.US,5,20250922,185500,24.9299,24.9299,24.92,24.92,300,0
ADAMI.US,5,20250922,190000,24.8,24.8,24.8,24.8,100,0
ADAMI.US,5,20250922,190500,24.91,24.93,24.8,24.9267,500,0
ADAMI.US,5,20250922,192000,24.95,24.95,24.91,24.95,400,0
ADAMI.US,5,20250922,193500,24.82,24.82,24.82,24.82,100,0
ADAMI.US,5,20250922,202000,24.9,24.9,24.9,24.9,100,0
ADAMI.US,5,20250922,202500,24.8008,24.8008,24.8008,24.8008,100,0
ADAMI.US,5,20250922,204000,24.8,24.8,24.8,24.8,100,0
ADAMI.US,5,20250922,205000,24.8,24.8,24.8,24.8,100,0
ADAMI.US,5,20250922,205500,24.8,24.8,24.8,24.8,100,0
ADAMI.US,5,20250922,210500,24.8,24.8,24.8,24.8,100,0
ADAMI.US,5,20250922,211000,24.81,24.81,24.81,24.81,100,0
ADAMI.US,5,20250922,211500,24.85,24.85,24.81,24.81,350,0
ADAMI.US,5,20250922,212000,24.81,24.81,24.81,24.81,100,0
ADAMI.US,5,20250922,212500,24.81,24.81,24.81,24.81,100,0
ADAMI.US,5,20250922,213000,24.855,24.855,24.83,24.83,200,0
ADAMI.US,5,20250922,213500,24.81,24.81,24.81,24.81,100,0
ADAMI.US,5,20250922,214000,24.81,24.81,24.81,24.81,100,0
ADAMI.US,5,20250922,214500,24.81,24.81,24.81,24.81,100,0
ADAMI.US,5,20250922,215000,24.81,24.81,24.8,24.8,490,0
ADAMI.US,5,20250923,154000,24.9,24.9,24.9,24.9,500,0
ADAMI.US,5,20250923,185500,24.82,24.88,24.82,24.88,361,0
ADAMI.US,5,20250923,212500,24.85,24.85,24.85,24.85,150,0
ADAMI.US,5,20250924,154500,24.8,24.8,24.8,24.8,551,0
ADAMI.US,5,20250924,165500,24.79,24.79,24.79,24.79,126,0
ADAMI.US,5,20250924,172500,24.815,24.815,24.815,24.815,200,0
ADAMI.US,5,20250924,173000,24.83,24.83,24.83,24.83,800,0
ADAMI.US,5,20250924,185500,24.86,24.86,24.86,24.86,200,0
ADAMI.US,5,20250924,205500,24.88,24.88,24.8798,24.8798,400,0
ADAMI.US,5,20250925,161000,24.9121,24.9121,24.9121,24.9121,120,0
ADAMI.US,5,20250925,161500,24.94,24.94,24.94,24.94,200,0
ADAMI.US,5,20250925,163500,24.92,24.92,24.92,24.92,100,0
ADAMI.US,5,20250925,172500,24.9221,24.9221,24.9221,24.9221,200,0
ADAMI.US,5,20250925,173000,24.9,24.9001,24.9,24.9001,382,0
ADAMI.US,5,20250925,180500,24.926,24.926,24.926,24.926,300,0
ADAMI.US,5,20250925,182500,25,25,24.98,24.98,2059,0
ADAMI.US,5,20250925,184000,24.95,24.95,24.95,24.95,150,0
ADAMI.US,5,20250925,200500,24.84,24.8401,24.84,24.8401,200,0
ADAMI.US,5,20250925,201000,24.9363,24.9363,24.93,24.93,635,0
ADAMI.US,5,20250925,202000,24.93,24.93,24.93,24.93,2000,0
ADAMI.US,5,20250925,202500,24.885,24.885,24.84,24.885,1250,0
ADAMI.US,5,20250925,214500,24.79,24.8225,24.79,24.8225,250,0
ADAMI.US,5,20250926,153000,24.91,24.91,24.89,24.89,650,0
ADAMI.US,5,20250926,164000,24.8882,24.8882,24.8882,24.8882,100,0
ADAMI.US,5,20250926,211500,24.89,24.89,24.89,24.89,100,0
ADAMI.US,5,20250926,213000,24.88,24.8931,24.88,24.8931,300,0
ADAMI.US,5,20250929,154000,24.89,24.89,24.89,24.89,300,0
ADAMI.US,5,20250929,164000,24.9184,24.9184,24.9184,24.9184,251,0
ADAMI.US,5,20250929,165500,24.91,24.92,24.91,24.91,2782,0
ADAMI.US,5,20250929,175000,24.92,24.92,24.8871,24.8871,200,0
ADAMI.US,5,20250929,175500,24.85,24.85,24.78,24.78,400,0
ADAMI.US,5,20250929,182000,24.805,24.805,24.805,24.805,200,0
ADAMI.US,5,20250929,183500,24.805,24.805,24.805,24.805,200,0
ADAMI.US,5,20250929,184500,24.8035,24.8035,24.8035,24.8035,400,0
ADAMI.US,5,20250929,192000,24.83,24.8301,24.83,24.8301,600,0
ADAMI.US,5,20250930,153000,24.94,24.94,24.87,24.87,823,0
ADAMI.US,5,20250930,155500,24.885,24.885,24.885,24.885,200,0
ADAMI.US,5,20250930,160000,24.9,24.9,24.9,24.9,104,0
ADAMI.US,5,20250930,162500,24.95,24.95,24.95,24.95,4000,0
ADAMI.US,5,20250930,164500,24.9758,24.9758,24.9758,24.9758,100,0
ADAMI.US,5,20250930,165000,24.9675,24.999,24.9675,24.999,862,0
ADAMI.US,5,20250930,172000,24.975,24.975,24.975,24.975,100,0
ADAMI.US,5,20250930,180500,24.9873,24.9873,24.98,24.9873,500,0
ADAMI.US,5,20250930,181000,24.95,24.95,24.95,24.95,200,0
ADAMI.US,5,20250930,181500,24.99,25,24.99,25,915,0
ADAMI.US,5,20250930,204000,25.01,25.01,25.01,25.01,100,0
ADAMI.US,5,20250930,204500,25.0059,25.0059,25.0059,25.0059,200,0
ADAMI.US,5,20250930,205000,24.98,24.98,24.98,24.98,170,0
ADAMI.US,5,20251001,155500,24.9775,25,24.9775,24.9775,2002,0
ADAMI.US,5,20251001,161000,25,25,25,25,100,0
ADAMI.US,5,20251001,170000,25.05,25.05,25.04,25.04,700,0
ADAMI.US,5,20251001,171000,25.04,25.04,25,25.01,1492,0
ADAMI.US,5,20251001,175000,25.03,25.03,25.03,25.03,100,0
ADAMI.US,5,20251001,183500,25.0446,25.05,25.0446,25.05,1492,0
ADAMI.US,5,20251001,192000,25.02,25.025,25.02,25.025,240,0
ADAMI.US,5,20251001,192500,24.9833,24.9833,24.9833,24.9833,500,0
ADAMI.US,5,20251001,193500,25.01,25.01,24.98,24.98,1000,0
ADAMI.US,5,20251001,200000,24.95,24.9501,24.95,24.9501,1564,0
ADAMI.US,5,20251001,201000,24.95,24.95,24.912,24.912,650,0
ADAMI.US,5,20251001,215500,24.97,24.97,24.97,24.97,278,0
ADAMI.US,5,20251002,153000,24.98,24.98,24.98,24.98,748,0
ADAMI.US,5,20251002,154000,25.04,25.04,25.04,25.04,100,0
ADAMI.US,5,20251002,155000,25.01,25.02,25.01,25.01,600,0
ADAMI.US,5,20251002,162000,25.027,25.027,25.027,25.027,206,0
ADAMI.US,5,20251002,163000,25.0397,25.0397,25.025,25.025,911,0
ADAMI.US,5,20251002,165500,25.04,25.04,25.04,25.04,100,0
ADAMI.US,5,20251002,170500,25.025,25.025,25.025,25.025,394,0
ADAMI.US,5,20251002,173500,25.03,25.03,25.03,25.03,150,0
ADAMI.US,5,20251002,183000,25.04,25.04,25.04,25.04,397,0
ADAMI.US,5,20251002,191500,25.03,25.03,25.03,25.03,300,0
ADAMI.US,5,20251002,192000,25.04,25.04,25.04,25.04,100,0
ADAMI.US,5,20251002,192500,25.04,25.04,25.03,25.03,1550,0
ADAMI.US,5,20251002,193000,25.03,25.03,25.03,25.03,300,0
ADAMI.US,5,20251002,194000,25.03,25.0496,25.03,25.0496,500,0
ADAMI.US,5,20251002,194500,25.01,25.03,25.01,25.03,2950,0
ADAMI.US,5,20251002,201500,25.05,25.05,25.05,25.05,100,0
ADAMI.US,5,20251002,204000,25.01,25.01,25.01,25.01,478,0
ADAMI.US,5,20251002,211000,25.05,25.05,25.05,25.05,100,0
ADAMI.US,5,20251002,214000,25.03,25.03,25.03,25.03,851,0
ADAMI.US,5,20251002,214500,25.01,25.0101,25.01,25.0101,1000,0
ADAMI.US,5,20251003,155000,25.03,25.05,25.01,25.0252,3600,0
ADAMI.US,5,20251003,161000,25.0153,25.0312,25.0153,25.0312,800,0
ADAMI.US,5,20251003,162500,25.01,25.0122,25.01,25.0122,400,0
ADAMI.US,5,20251003,170500,24.975,24.975,24.975,24.975,200,0
ADAMI.US,5,20251003,172500,24.97,24.9701,24.97,24.9701,200,0
ADAMI.US,5,20251003,190000,25.01,25.01,25.01,25.01,400,0
ADAMI.US,5,20251003,200500,25,25,25,25,300,0
ADAMI.US,5,20251003,211500,25.01,25.01,25.01,25.01,100,0
ADAMI.US,5,20251003,212500,24.99,24.99,24.99,24.99,100,0
ADAMI.US,5,20251006,153000,24.92,24.92,24.87,24.87,1767,0
ADAMI.US,5,20251006,153500,24.86,24.87,24.86,24.87,700,0
ADAMI.US,5,20251006,154000,24.92,24.92,24.92,24.92,196,0
ADAMI.US,5,20251006,155000,24.93,24.93,24.92,24.92,400,0
ADAMI.US,5,20251006,170000,24.9,24.9,24.9,24.9,200,0
ADAMI.US,5,20251006,171000,24.925,24.925,24.925,24.925,400,0
ADAMI.US,5,20251006,171500,24.9,24.9291,24.9,24.9125,1625,0
ADAMI.US,5,20251006,172000,24.95,24.95,24.9,24.9,1400,0
ADAMI.US,5,20251006,172500,24.9,24.93,24.9,24.93,723,0
ADAMI.US,5,20251006,173000,24.9,24.9125,24.9,24.9125,1400,0
ADAMI.US,5,20251006,173500,24.925,24.925,24.925,24.925,100,0
ADAMI.US,5,20251006,180000,24.93,24.93,24.93,24.93,1000,0
ADAMI.US,5,20251006,181000,24.9,24.9002,24.9,24.9002,1208,0
ADAMI.US,5,20251006,182500,24.9235,24.9235,24.9235,24.9235,800,0
ADAMI.US,5,20251006,190000,24.95,24.95,24.95,24.95,1200,0
ADAMI.US,5,20251006,194000,24.995,24.995,24.995,24.995,100,0
ADAMI.US,5,20251006,212500,24.9999,24.9999,24.9999,24.9999,800,0
ADAMI.US,5,20251006,215000,24.9999,24.9999,24.9999,24.9999,400,0
ADAMI.US,5,20251007,161500,24.856,24.856,24.856,24.856,400,0
ADAMI.US,5,20251007,171500,24.86,24.86,24.86,24.86,100,0
ADAMI.US,5,20251007,183000,24.8999,24.8999,24.86,24.86,400,0
ADAMI.US,5,20251007,194000,24.88,24.88,24.88,24.88,100,0
ADAMI.US,5,20251007,195000,24.8601,24.8601,24.8,24.81,2882,0
ADAMI.US,5,20251007,202000,24.81,24.8101,24.8,24.8001,1980,0
ADAMI.US,5,20251007,204000,24.855,24.855,24.855,24.855,797,0
ADAMI.US,5,20251008,153000,24.85,24.85,24.85,24.85,812,0
ADAMI.US,5,20251008,154000,24.83,24.83,24.83,24.83,400,0
ADAMI.US,5,20251008,161500,24.83,24.83,24.83,24.83,200,0
ADAMI.US,5,20251008,164500,24.8288,24.83,24.8288,24.83,700,0
ADAMI.US,5,20251008,190500,24.84,24.84,24.83,24.83,200,0
ADAMI.US,5,20251008,191000,24.83,24.83,24.83,24.83,100,0
ADAMI.US,5,20251008,192000,24.83,24.83,24.83,24.83,190,0
ADAMI.US,5,20251008,203500,24.84,24.84,24.84,24.84,338,0
ADAMI.US,5,20251008,205500,24.83,24.83,24.83,24.83,800,0
ADAMI.US,5,20251008,211500,24.85,24.85,24.849,24.849,2000,0
ADAMI.US,5,20251008,213000,24.83,24.83,24.8101,24.8101,400,0
ADAMI.US,5,20251008,213500,24.85,24.85,24.8321,24.8321,1212,0
ADAMI.US,5,20251008,214000,24.83,24.83,24.83,24.83,400,0
ADAMI.US,5,20251008,214500,24.85,24.85,24.8322,24.8322,1200,0
ADAMI.US,5,20251008,215000,24.849,24.85,24.849,24.85,600,0
ADAMI.US,5,20251009,153000,24.81,24.84,24.81,24.84,482,0
ADAMI.US,5,20251009,153500,24.82,24.82,24.8,24.8146,1106,0
ADAMI.US,5,20251009,154500,24.7099,24.71,24.7099,24.71,400,0
ADAMI.US,5,20251009,155000,24.7,24.765,24.6901,24.765,1967,0
ADAMI.US,5,20251009,160000,24.8399,24.8399,24.8399,24.8399,100,0
ADAMI.US,5,20251009,162500,24.83,24.83,24.83,24.83,100,0
ADAMI.US,5,20251009,172000,24.78,24.78,24.78,24.78,100,0
ADAMI.US,5,20251009,185500,24.79,24.79,24.79,24.79,200,0
ADAMI.US,5,20251009,203000,24.785,24.785,24.785,24.785,130,0
ADAMI.US,5,20251009,212500,24.81,24.81,24.81,24.81,262,0
ADAMI.US,5,20251009,213500,24.825,24.84,24.825,24.84,698,0
ADAMI.US,5,20251009,214500,24.78,24.78,24.77,24.77,422,0
ADAMI.US,5,20251009,215000,24.75,24.75,24.75,24.75,200,0
ADAMI.US,5,20251009,215500,24.74,24.74,24.74,24.74,344,0
ADAMI.US,5,20251010,153500,24.725,24.725,24.725,24.725,100,0
ADAMI.US,5,20251010,154500,24.725,24.725,24.725,24.725,237,0
ADAMI.US,5,20251010,160500,24.74,24.74,24.7273,24.7273,499,0
ADAMI.US,5,20251010,161500,24.7499,24.75,24.7499,24.75,796,0
ADAMI.US,5,20251010,162500,24.75,24.75,24.7499,24.7499,1884,0
ADAMI.US,5,20251010,172500,24.8222,24.8222,24.8222,24.8222,400,0
ADAMI.US,5,20251010,180500,24.79,24.79,24.79,24.79,120,0
ADAMI.US,5,20251010,185000,24.81,24.81,24.81,24.81,100,0
ADAMI.US,5,20251010,200000,24.8783,24.8783,24.8783,24.8783,400,0
ADAMI.US,5,20251010,201000,24.7992,24.8068,24.7992,24.8068,200,0
ADAMI.US,5,20251013,153000,24.87,24.87,24.8,24.8,790,0
ADAMI.US,5,20251013,160000,24.9,24.9,24.853,24.886,1936,0
ADAMI.US,5,20251013,161000,24.82,24.82,24.82,24.82,275,0
ADAMI.US,5,20251013,164500,24.85,24.85,24.83,24.8301,538,0
ADAMI.US,5,20251013,174000,24.93,24.93,24.93,24.93,210,0
ADAMI.US,5,20251013,183000,24.8988,24.8988,24.8988,24.8988,2000,0
ADAMI.US,5,20251013,184500,24.94,24.94,24.9375,24.94,927,0
ADAMI.US,5,20251013,191000,24.8927,24.8927,24.8927,24.8927,100,0
ADAMI.US,5,20251013,202500,24.86,24.86,24.86,24.86,102,0
ADAMI.US,5,20251013,214000,24.9299,24.9299,24.9297,24.9299,1000,0
ADAMI.US,5,20251014,153000,24.94,24.94,24.94,24.94,200,0
ADAMI.US,5,20251014,164000,24.9687,24.9687,24.9687,24.9687,800,0
ADAMI.US,5,20251014,172000,24.9564,24.9564,24.9564,24.9564,250,0
ADAMI.US,5,20251014,181500,24.95,24.95,24.93,24.9302,1500,0
ADAMI.US,5,20251014,182000,24.945,24.945,24.9009,24.9009,2624,0
ADAMI.US,5,20251014,190000,24.935,24.935,24.935,24.935,402,0
ADAMI.US,5,20251014,192000,24.95,24.95,24.95,24.95,100,0
ADAMI.US,5,20251014,192500,24.935,24.935,24.935,24.935,120,0
ADAMI.US,5,20251014,211500,24.9301,24.9301,24.9301,24.9301,334,0
ADAMI.US,5,20251014,213500,24.93,24.95,24.93,24.95,800,0
ADAMI.US,5,20251014,214500,24.945,24.945,24.945,24.945,232,0
ADAMI.US,5,20251014,215000,24.96,24.96,24.96,24.96,200,0
ADAMI.US,5,20251014,215500,24.96,24.96,24.96,24.96,140,0
ADAMI.US,5,20251015,153000,25,25.0002,25,25.0002,1450,0
ADAMI.US,5,20251015,154500,24.99,24.99,24.99,24.99,200,0
ADAMI.US,5,20251015,155000,25,25,25,25,400,0
ADAMI.US,5,20251015,181000,25.05,25.05,25.05,25.05,700,0
ADAMI.US,5,20251015,192500,25.0399,25.04,24.93,24.93,1924,0
ADAMI.US,5,20251015,194000,24.94,24.94,24.93,24.93,465,0
ADAMI.US,5,20251015,211500,24.98,24.98,24.95,24.95,520,0
ADAMI.US,5,20251015,213000,24.95,24.95,24.95,24.95,225,0
ADAMI.US,5,20251015,213500,24.95,24.95,24.93,24.93,690,0
ADAMI.US,5,20251015,215000,24.9499,24.9499,24.9499,24.9499,225,0
ADAMI.US,5,20251015,215500,24.95,24.95,24.9,24.91,421,0
ADAMI.US,5,20251016,153000,25.05,25.05,25.05,25.05,430,0
ADAMI.US,5,20251016,154500,25.03,25.03,25.03,25.03,300,0
ADAMI.US,5,20251016,165000,25.0216,25.0216,25.0216,25.0216,620,0
ADAMI.US,5,20251016,171500,25.02,25.02,25.02,25.02,1000,0
ADAMI.US,5,20251016,173500,25.01,25.0101,25,25.0101,2036,0
ADAMI.US,5,20251016,175000,25.01,25.01,25.01,25.01,200,0
ADAMI.US,5,20251016,180000,25,25.0002,25,25.0002,1000,0
ADAMI.US,5,20251016,182000,25.015,25.015,25.015,25.015,120,0
ADAMI.US,5,20251016,182500,25.01,25.01,25.01,25.01,100,0
ADAMI.US,5,20251016,201500,25.01,25.01,25.01,25.01,350,0
ADAMI.US,5,20251016,202500,25.0002,25.0002,25,25,200,0
ADAMI.US,5,20251016,203000,25.0056,25.0056,25.0056,25.0056,305,0
ADAMI.US,5,20251016,205000,25,25,25,25,100,0
ADAMI.US,5,20251016,205500,25.005,25.005,25.005,25.005,100,0
ADAMI.US,5,20251016,210000,25.0099,25.0099,25.0099,25.0099,250,0
ADAMI.US,5,20251016,210500,25.005,25.005,25.005,25.005,1200,0
ADAMI.US,5,20251016,212000,25.0099,25.0099,25.0099,25.0099,140,0
ADAMI.US,5,20251016,215000,25.01,25.01,25.01,25.01,225,0
ADAMI.US,5,20251016,215500,25.01,25.01,25.01,25.01,1050,0
ADAMI.US,5,20251017,155500,25,25,24.9,24.9,1830,0
ADAMI.US,5,20251017,185000,24.99,24.99,24.99,24.99,400,0
ADAMI.US,5,20251017,185500,25.0016,25.0016,25.0016,25.0016,150,0
ADAMI.US,5,20251017,192000,24.9901,24.9901,24.9901,24.9901,1000,0
ADAMI.US,5,20251017,201000,25.01,25.01,24.99,24.99,400,0
ADAMI.US,5,20251017,205500,25.01,25.01,25,25,598,0
ADAMI.US,5,20251017,210000,25.0019,25.01,25.0019,25.0095,1252,0
ADAMI.US,5,20251017,210500,25.0494,25.0494,25.0494,25.0494,371,0
ADAMI.US,5,20251017,211500,25.0494,25.0494,25.0494,25.0494,399,0
ADAMI.US,5,20251017,212000,25.05,25.05,25.0499,25.0499,338,0
ADAMI.US,5,20251017,213000,25.0499,25.0499,25.0499,25.0499,300,0
ADAMI.US,5,20251017,213500,25.0186,25.0186,25.0186,25.0186,318,0
ADAMI.US,5,20251020,153000,25.03,25.03,25.03,25.03,200,0
ADAMI.US,5,20251020,155000,25,25,25,25,100,0
ADAMI.US,5,20251020,161000,25.0499,25.05,25.0499,25.05,500,0
ADAMI.US,5,20251020,165500,25.0094,25.0094,25.0094,25.0094,500,0
ADAMI.US,5,20251020,174500,25.0332,25.0332,25.0332,25.0332,200,0
ADAMI.US,5,20251020,191500,24.98,24.98,24.98,24.98,450,0
ADAMI.US,5,20251020,193500,24.9959,24.9959,24.9959,24.9959,800,0
ADAMI.US,5,20251020,200000,25.01,25.01,24.9875,24.9875,200,0
ADAMI.US,5,20251020,210500,24.93,25,24.92,25,2193,0
ADAMI.US,5,20251020,214500,25.0199,25.05,25.0199,25.0499,1220,0
ADAMI.US,5,20251021,163000,24.9789,24.9789,24.9789,24.9789,400,0
ADAMI.US,5,20251021,173000,25.0227,25.0227,25.0227,25.0227,401,0
ADAMI.US,5,20251021,194000,25.02,25.02,25.02,25.02,200,0
ADAMI.US,5,20251021,201500,25.02,25.02,25.01,25.01,2595,0
ADAMI.US,5,20251021,203000,25.04,25.14,25.04,25.14,2000,0
ADAMI.US,5,20251021,204500,25.1227,25.1227,25.1227,25.1227,100,0
ADAMI.US,5,20251021,210000,25.1,25.1,25,25,2300,0
ADAMI.US,5,20251022,183000,25.04,25.04,25.04,25.04,500,0
ADAMI.US,5,20251022,184000,25.09,25.09,25.09,25.09,500,0
ADAMI.US,5,20251022,184500,25.05,25.05,25.05,25.05,400,0
ADAMI.US,5,20251022,194500,25.035,25.035,25.035,25.035,200,0
ADAMI.US,5,20251022,195500,25.0366,25.0366,25.0366,25.0366,200,0
ADAMI.US,5,20251022,200500,25.0367,25.0367,25.0367,25.0367,340,0
ADAMI.US,5,20251022,204500,25.05,25.05,25.05,25.05,539,0
ADAMI.US,5,20251022,214500,25.0332,25.0332,25.0332,25.0332,100,0
ADAMI.US,5,20251022,215500,25.0329,25.0329,25.0329,25.0329,1000,0
ADAMI.US,5,20251023,153000,25.05,25.05,25.05,25.05,1000,0
ADAMI.US,5,20251023,165000,25.039,25.039,25.039,25.039,200,0
ADAMI.US,5,20251023,180500,25.0444,25.0444,25.0444,25.0444,400,0
ADAMI.US,5,20251023,203000,25.04,25.0402,25.0399,25.04,2718,0
ADAMI.US,5,20251023,212500,25.0355,25.0355,25.02,25.03,500,0
ADAMI.US,5,20251023,214500,25.03,25.03,25.03,25.03,141,0
ADAMI.US,5,20251024,171000,25.0499,25.0499,25.0499,25.0499,400,0
ADAMI.US,5,20251024,184500,25.0499,25.0499,25.0499,25.0499,500,0
ADAMI.US,5,20251024,211000,25.025,25.025,25.025,25.025,198,0
ADAMI.US,5,20251024,212000,25.0495,25.0495,25.0495,25.0495,475,0
ADAMI.US,5,20251027,143000,25.05,25.06,25.05,25.06,2161,0
ADAMI.US,5,20251027,144500,25.021,25.021,25.021,25.021,300,0
ADAMI.US,5,20251027,150500,25.025,25.025,25.025,25.025,200,0
ADAMI.US,5,20251027,153500,25.022,25.022,25.022,25.022,200,0
ADAMI.US,5,20251027,155500,25.05,25.06,25.049,25.049,830,0
ADAMI.US,5,20251027,161500,25.035,25.035,25.035,25.035,100,0
ADAMI.US,5,20251027,162000,25.025,25.025,25,25.0006,3469,0
ADAMI.US,5,20251027,163500,25.0512,25.0512,25.0512,25.0512,100,0
ADAMI.US,5,20251027,165500,25.06,25.06,25.0599,25.0599,400,0
ADAMI.US,5,20251027,172500,25.0599,25.06,25.0599,25.06,3180,0
ADAMI.US,5,20251027,180000,25.01,25.01,25.01,25.01,100,0
ADAMI.US,5,20251027,184000,25.0101,25.0101,25.01,25.01,200,0
ADAMI.US,5,20251027,200000,25.035,25.035,25.035,25.035,121,0
ADAMI.US,5,20251027,203000,25.05,25.05,25.0395,25.0395,2544,0
ADAMI.US,5,20251028,144000,25.05,25.05,25.05,25.05,100,0
ADAMI.US,5,20251028,150000,25.05,25.05,25.05,25.05,100,0
ADAMI.US,5,20251028,153000,25.05,25.05,25.0425,25.0425,1478,0
ADAMI.US,5,20251028,154000,25.06,25.06,25.06,25.06,100,0
ADAMI.US,5,20251028,161500,25.06,25.06,25.06,25.06,100,0
ADAMI.US,5,20251028,163000,25.06,25.06,25.06,25.06,200,0
ADAMI.US,5,20251028,163500,25.06,25.06,25.06,25.06,300,0
ADAMI.US,5,20251028,164000,25.06,25.06,25.06,25.06,200,0
ADAMI.US,5,20251028,172500,25.06,25.06,25.06,25.06,100,0
ADAMI.US,5,20251028,181000,25.06,25.06,25.0599,25.06,700,0
ADAMI.US,5,20251028,190000,25.06,25.06,25.0599,25.0599,302,0
ADAMI.US,5,20251028,192500,25.06,25.06,25.06,25.06,100,0
ADAMI.US,5,20251028,195500,25.06,25.06,25.06,25.06,100,0
ADAMI.US,5,20251028,203500,25.06,25.06,25.06,25.06,100,0
ADAMI.US,5,20251029,151500,25.06,25.06,25.0598,25.0598,902,0
ADAMI.US,5,20251029,170000,25.06,25.06,25.0599,25.0599,1000,0
ADAMI.US,5,20251029,181000,25.041,25.041,25.041,25.041,700,0
ADAMI.US,5,20251030,143000,25.01,25.01,25.01,25.01,1187,0
ADAMI.US,5,20251030,143500,25.01,25.01,25.01,25.01,500,0
ADAMI.US,5,20251030,145000,25.0055,25.0055,25.0055,25.0055,615,0
ADAMI.US,5,20251030,145500,25.01,25.01,25.01,25.01,100,0
ADAMI.US,5,20251030,150000,25,25.0002,25,25.0002,800,0
ADAMI.US,5,20251030,165500,25.01,25.01,25.01,25.01,273,0
ADAMI.US,5,20251030,171000,25.032,25.032,25.032,25.032,400,0
ADAMI.US,5,20251030,172500,25.0332,25.0332,25.0332,25.0332,1000,0
ADAMI.US,5,20251030,173500,25.03,25.0349,25.03,25.03,1400,0
ADAMI.US,5,20251030,174000,25.05,25.05,25.05,25.05,882,0
ADAMI.US,5,20251030,175000,25.0326,25.0326,25.0326,25.0326,1600,0
ADAMI.US,5,20251030,180000,25.03,25.03,25.03,25.03,120,0
ADAMI.US,5,20251030,180500,25.032,25.032,25.032,25.032,100,0
ADAMI.US,5,20251030,191500,25.05,25.05,25.0499,25.0499,380,0
ADAMI.US,5,20251030,193000,25.0368,25.0368,25.0368,25.0368,100,0
ADAMI.US,5,20251030,195500,25.05,25.05,25.049,25.049,630,0
ADAMI.US,5,20251030,203000,25.06,25.06,25.0587,25.06,430,0
ADAMI.US,5,20251030,205000,25.0765,25.0765,25.0765,25.0765,100,0
ADAMI.US,5,20251030,205500,25.02,25.02,25.01,25.01,219,0
ADAMI.US,5,20251031,144000,25.06,25.06,25.06,25.06,100,0
ADAMI.US,5,20251031,150000,25.03,25.03,25.03,25.03,200,0
ADAMI.US,5,20251031,155000,25.0336,25.0336,25.0336,25.0336,123,0
ADAMI.US,5,20251031,160000,25.06,25.06,25.045,25.05,400,0
ADAMI.US,5,20251031,161500,25.087,25.087,25.087,25.087,500,0
ADAMI.US,5,20251031,174500,25.0207,25.0296,25.0207,25.0296,200,0
ADAMI.US,5,20251031,180000,25.08,25.08,25.08,25.08,124,0
ADAMI.US,5,20251031,181500,25.08,25.08,25.08,25.08,482,0
ADAMI.US,5,20251031,185000,25.0567,25.0567,25.0567,25.0567,125,0
ADAMI.US,5,20251031,190500,25.09,25.09,25.09,25.09,100,0
ADAMI.US,5,20251031,191000,25.15,25.15,25.15,25.15,500,0
ADAMI.US,5,20251103,153000,25.16,25.16,25.16,25.16,106,0
ADAMI.US,5,20251103,161000,25.125,25.125,25.125,25.125,160,0
ADAMI.US,5,20251103,164500,25.16,25.16,25.16,25.16,100,0
ADAMI.US,5,20251103,165000,25.13,25.13,25.13,25.13,100,0
ADAMI.US,5,20251103,165500,25.1175,25.1175,25.1175,25.1175,100,0
ADAMI.US,5,20251103,170000,25.1175,25.1175,25.1175,25.1175,100,0
ADAMI.US,5,20251103,171000,25.1,25.1,25.1,25.1,100,0
ADAMI.US,5,20251103,172000,25.11,25.11,25.11,25.11,300,0
ADAMI.US,5,20251103,180000,25.09,25.0902,25.09,25.0902,450,0
ADAMI.US,5,20251103,191500,25.02,25.1099,25.02,25.1099,1000,0
ADAMI.US,5,20251103,193500,25.0775,25.0775,25.0775,25.0775,100,0
ADAMI.US,5,20251103,194000,25.0825,25.0825,25.0825,25.0825,200,0
ADAMI.US,5,20251103,200000,25.105,25.105,25.105,25.105,100,0
ADAMI.US,5,20251104,153000,25,25,25,25,1000,0
ADAMI.US,5,20251104,154000,25.02,25.02,25.02,25.02,200,0
ADAMI.US,5,20251104,164000,25.0399,25.0399,25.0399,25.0399,150,0
ADAMI.US,5,20251104,164500,25.1,25.1,25.1,25.1,100,0
ADAMI.US,5,20251104,171000,25.042,25.042,25.042,25.042,500,0
ADAMI.US,5,20251104,174000,25.1,25.1,25.1,25.1,120,0
ADAMI.US,5,20251104,175500,25.1,25.1,25.1,25.1,500,0
ADAMI.US,5,20251104,190500,25.11,25.11,25.1097,25.1097,600,0
ADAMI.US,5,20251104,194000,25.08,25.08,25.08,25.08,500,0
ADAMI.US,5,20251104,215000,25.08,25.08,25.08,25.08,435,0
ADAMI.US,5,20251105,161000,25.0474,25.0474,25.0474,25.0474,110,0
ADAMI.US,5,20251105,163500,25.055,25.055,25.055,25.055,145,0
ADAMI.US,5,20251105,170500,25.03,25.03,25.03,25.03,129,0
ADAMI.US,5,20251105,182000,25.05,25.05,25.05,25.05,200,0
ADAMI.US,5,20251105,190500,25.075,25.075,25.075,25.075,141,0
ADAMI.US,5,20251105,191000,25.0785,25.0785,25.0785,25.0785,128,0
ADAMI.US,5,20251105,214500,25.0401,25.0401,25.0401,25.0401,550,0
ADAMI.US,5,20251106,154000,25.0002,25.0002,25,25,300,0
ADAMI.US,5,20251106,160000,25.056,25.056,25.056,25.056,400,0
ADAMI.US,5,20251106,163000,25.06,25.06,25.06,25.06,159,0
ADAMI.US,5,20251106,164500,25.04,25.04,25.04,25.04,150,0
ADAMI.US,5,20251106,180000,25.0999,25.1,25.0999,25.1,384,0
ADAMI.US,5,20251106,181500,25.075,25.075,25.075,25.075,100,0
ADAMI.US,5,20251106,184500,25.09,25.09,25.09,25.09,200,0
ADAMI.US,5,20251107,155000,25.11,25.11,25.11,25.11,200,0
ADAMI.US,5,20251107,172000,25.17,25.17,25.17,25.17,193,0
ADAMI.US,5,20251107,175000,25.126,25.126,25.126,25.126,100,0
ADAMI.US,5,20251107,190500,25.09,25.0901,25.06,25.06,846,0
ADAMI.US,5,20251107,201000,25.0985,25.0985,25.0985,25.0985,411,0
ADAMI.US,5,20251107,204500,25.1294,25.1294,25.1294,25.1294,300,0
ADAMI.US,5,20251107,205000,25.1294,25.1294,25.1294,25.1294,200,0
ADAMI.US,5,20251107,205500,25.125,25.125,25.125,25.125,500,0
ADAMI.US,5,20251110,153000,25.1,25.1,25.06,25.07,702,0
ADAMI.US,5,20251110,153500,25.0679,25.0679,25.0679,25.0679,305,0
ADAMI.US,5,20251110,155000,25.0679,25.0994,25.0679,25.0994,709,0
ADAMI.US,5,20251110,160000,25.0999,25.1,25.07,25.1,720,0
ADAMI.US,5,20251110,163000,25.15,25.15,25.138,25.15,310,0
ADAMI.US,5,20251110,163500,25.13,25.141,25,25,3876,0
ADAMI.US,5,20251110,164000,25.09,25.09,25.08,25.08,550,0
ADAMI.US,5,20251110,165000,25.08,25.08,25.08,25.08,300,0
ADAMI.US,5,20251110,173000,25.12,25.12,25.12,25.12,200,0
ADAMI.US,5,20251110,181000,25.06,25.06,24.99,25.0501,1708,0
ADAMI.US,5,20251110,190500,25.14,25.14,25.14,25.14,120,0
ADAMI.US,5,20251111,162000,25.14,25.14,25.14,25.14,250,0
ADAMI.US,5,20251111,191500,25.1001,25.1001,25.1001,25.1001,325,0
ADAMI.US,5,20251111,193500,25.1,25.1,25.03,25.03,1656,0
ADAMI.US,5,20251111,201000,25.1299,25.1299,25.1299,25.1299,105,0
ADAMI.US,5,20251111,212000,25.155,25.155,25.155,25.155,100,0
ADAMI.US,5,20251111,215500,25.18,25.18,25.18,25.18,105,0
ADAMI.US,5,20251112,160500,25.1196,25.1196,25.1196,25.1196,100,0
ADAMI.US,5,20251112,164500,25.055,25.055,25.055,25.055,300,0
ADAMI.US,5,20251112,165500,25.07,25.07,25.04,25.04,800,0
ADAMI.US,5,20251112,170000,25.07,25.07,25.06,25.06,382,0
ADAMI.US,5,20251112,170500,25.042,25.042,25.042,25.042,200,0
ADAMI.US,5,20251112,171500,25.0866,25.0866,25.0866,25.0866,120,0
ADAMI.US,5,20251112,172000,25.1,25.1,25.1,25.1,1100,0
ADAMI.US,5,20251112,180500,25.11,25.15,25.11,25.15,600,0
ADAMI.US,5,20251112,193000,25.14,25.14,25.14,25.14,200,0
ADAMI.US,5,20251112,193500,25.11,25.11,25.11,25.11,100,0
ADAMI.US,5,20251112,204000,25.19,25.28,25.1899,25.2799,2848,0
ADAMI.US,5,20251112,211500,25.2,25.2,25.2,25.2,100,0
ADAMI.US,5,20251112,212500,25.19,25.19,25.19,25.19,212,0
ADAMI.US,5,20251113,153500,25.145,25.145,25.145,25.145,150,0
ADAMI.US,5,20251113,194000,25.1499,25.15,25.1499,25.15,2367,0
ADAMI.US,5,20251113,205000,25.1673,25.1673,25.1673,25.1673,201,0
ADAMI.US,5,20251113,210000,25.15,25.1501,25.15,25.1501,400,0
ADAMI.US,5,20251113,211500,25.1,25.1,25.1,25.1,218,0
ADAMI.US,5,20251113,214500,25.1239,25.1239,25.1239,25.1239,302,0
ADAMI.US,5,20251113,215000,25.1192,25.1192,25.1192,25.1192,402,0
ADAMI.US,5,20251114,153000,25.102,25.102,25.1,25.1,1000,0
ADAMI.US,5,20251114,153500,25.1465,25.1535,25.1465,25.1535,1000,0
ADAMI.US,5,20251114,154000,25.1288,25.1288,25.1288,25.1288,400,0
ADAMI.US,5,20251114,155000,25.1,25.1001,25.05,25.05,498,0
ADAMI.US,5,20251114,160500,25.105,25.105,25.105,25.105,400,0
ADAMI.US,5,20251114,170500,25.1422,25.1422,25.1422,25.1422,170,0
ADAMI.US,5,20251114,182000,25.135,25.135,25.1225,25.1225,856,0
ADAMI.US,5,20251114,183000,25.125,25.125,25.125,25.125,300,0
ADAMI.US,5,20251114,193000,25.11,25.11,25.1,25.1002,1884,0
ADAMI.US,5,20251114,194500,25.1274,25.1274,25.1274,25.1274,489,0
ADAMI.US,5,20251114,195000,25.125,25.125,25.125,25.125,300,0
ADAMI.US,5,20251117,164000,25.08,25.08,25.0401,25.0401,335,0
ADAMI.US,5,20251117,194000,25.1001,25.1001,25.1001,25.1001,105,0
ADAMI.US,5,20251117,215500,25.1,25.125,25.1,25.1075,600,0
ADAMI.US,5,20251118,162500,25.06,25.06,25.06,25.06,100,0
ADAMI.US,5,20251118,164500,25.09,25.09,25.09,25.09,700,0
ADAMI.US,5,20251118,165500,25.1,25.1,25.1,25.1,350,0
ADAMI.US,5,20251118,182500,25.1,25.1,25.1,25.1,100,0
ADAMI.US,5,20251118,202500,25.12,25.12,25.12,25.12,1000,0
ADAMI.US,5,20251118,205000,25.13,25.13,25.13,25.13,105,0
ADAMI.US,5,20251119,153500,25.11,25.1101,25.0506,25.1101,3494,0
ADAMI.US,5,20251119,163500,25.1,25.1,25.0999,25.0999,800,0
ADAMI.US,5,20251119,164000,25.07,25.1,25.07,25.0999,940,0
ADAMI.US,5,20251119,165000,25.1,25.1206,25.1,25.1206,1450,0
ADAMI.US,5,20251119,174500,25.1,25.1,25.1,25.1,400,0
ADAMI.US,5,20251119,182000,25.1186,25.1186,25.1186,25.1186,106,0
ADAMI.US,5,20251119,183000,25.1225,25.1225,25.1225,25.1225,100,0
ADAMI.US,5,20251119,195000,25.1,25.1249,25.0201,25.0201,636,0
ADAMI.US,5,20251120,153000,25.02,25.02,25.02,25.02,500,0
ADAMI.US,5,20251120,170000,25.1,25.1,25.1,25.1,190,0
ADAMI.US,5,20251120,173500,25.1,25.1,25.1,25.1,100,0
ADAMI.US,5,20251120,183000,25.1,25.1001,25.1,25.1001,406,0
ADAMI.US,5,20251120,184500,25.125,25.125,25.125,25.125,200,0
ADAMI.US,5,20251120,200000,25.1,25.1,25.1,25.1,100,0
ADAMI.US,5,20251120,202500,25.1169,25.1169,25.1169,25.1169,161,0
ADAMI.US,5,20251121,153000,25.05,25.05,25.05,25.05,1000,0
ADAMI.US,5,20251121,155000,25.1,25.1001,25.1,25.1001,250,0
ADAMI.US,5,20251121,155500,25.1117,25.1117,25.1117,25.1117,1990,0
ADAMI.US,5,20251121,160500,25.12,25.12,25.12,25.12,445,0
ADAMI.US,5,20251121,164000,25.085,25.085,25.085,25.085,100,0
ADAMI.US,5,20251121,171000,25.12,25.12,25.119,25.1199,1900,0
ADAMI.US,5,20251121,175000,25.15,25.15,25.1499,25.1499,200,0
ADAMI.US,5,20251121,181500,25.15,25.15,25.15,25.15,100,0
ADAMI.US,5,20251121,182000,25.1201,25.1201,25.12,25.12,2161,0
ADAMI.US,5,20251121,191000,25.0832,25.0832,25.0832,25.0832,200,0
ADAMI.US,5,20251121,200000,25.03,25.03,25.02,25.03,1600,0
ADAMI.US,5,20251121,200500,25.03,25.05,25.03,25.05,2000,0
ADAMI.US,5,20251121,201500,25.02,25.02,25.02,25.02,100,0
ADAMI.US,5,20251121,202000,25.12,25.12,25.12,25.12,200,0
ADAMI.US,5,20251121,210000,25.065,25.065,25.065,25.065,1000,0
ADAMI.US,5,20251121,211000,25.1,25.1,25.1,25.1,600,0
ADAMI.US,5,20251121,213000,25.1,25.1,25.1,25.1,100,0
ADAMI.US,5,20251121,215500,25.11,25.12,25.11,25.12,314,0
ADAMI.US,5,20251124,153000,25.02,25.02,25.02,25.02,100,0
ADAMI.US,5,20251124,161000,25.06,25.06,25.06,25.06,100,0
ADAMI.US,5,20251124,161500,25.06,25.06,25.06,25.06,151,0
ADAMI.US,5,20251124,162000,25.09,25.09,25.09,25.09,150,0
ADAMI.US,5,20251124,163500,25.06,25.0932,25.06,25.0932,270,0
ADAMI.US,5,20251124,181000,25.06,25.06,25.05,25.05,884,0
ADAMI.US,5,20251124,185500,25.05,25.05,25.05,25.05,400,0
ADAMI.US,5,20251124,190000,25.05,25.05,25.05,25.05,398,0
ADAMI.US,5,20251124,192500,25.04,25.04,24.9,25.0258,5825,0
ADAMI.US,5,20251124,200500,25.08,25.08,25.08,25.08,400,0
ADAMI.US,5,20251124,211000,25.0416,25.0416,25.0416,25.0416,1000,0
ADAMI.US,5,20251124,212000,25.03,25.0301,25.01,25.01,415,0
ADAMI.US,5,20251124,212500,25.0293,25.05,25.0293,25.05,2120,0
ADAMI.US,5,20251124,213500,25.05,25.05,25.05,25.05,100,0
ADAMI.US,5,20251124,214000,25.05,25.05,25.031,25.031,1328,0
ADAMI.US,5,20251124,214500,25.05,25.07,25.05,25.07,351,0
ADAMI.US,5,20251124,215500,25.0877,25.0877,25.0877,25.0877,800,0
ADAMI.US,5,20251125,153500,25.08,25.08,25.08,25.08,200,0
ADAMI.US,5,20251125,154000,25.09,25.1,25.09,25.1,300,0
ADAMI.US,5,20251125,154500,25.0995,25.12,25.0995,25.1125,1665,0
ADAMI.US,5,20251125,161500,25.12,25.12,25.1036,25.1036,1830,0
ADAMI.US,5,20251125,170000,25.12,25.12,25.119,25.119,920,0
ADAMI.US,5,20251125,175500,25.12,25.12,25.12,25.12,100,0
ADAMI.US,5,20251125,183500,25.12,25.2042,25.119,25.2042,1776,0
ADAMI.US,5,20251125,200000,25.2,25.2,25.2,25.2,350,0
ADAMI.US,5,20251125,200500,25.1799,25.18,25.17,25.178,736,0
ADAMI.US,5,20251125,203000,25.18,25.18,25.18,25.18,238,0
ADAMI.US,5,20251125,203500,25.18,25.21,25.18,25.21,340,0
ADAMI.US,5,20251125,204000,25.2499,25.25,25.2499,25.25,594,0
ADAMI.US,5,20251125,205000,25.2215,25.2215,25.2215,25.2215,200,0
ADAMI.US,5,20251125,214000,25.23,25.23,25.23,25.23,300,0
ADAMI.US,5,20251125,214500,25.22,25.22,25.22,25.22,200,0
ADAMI.US,5,20251125,215000,25.22,25.22,25.22,25.22,800,0
ADAMI.US,5,20251125,215500,25.22,25.22,25.22,25.22,200,0
ADAMI.US,5,20251126,160000,25.22,25.2201,25.22,25.22,2400,0
ADAMI.US,5,20251126,171000,25.24,25.26,25.24,25.26,200,0
ADAMI.US,5,20251126,182000,25.22,25.2201,25.22,25.2201,400,0
ADAMI.US,5,20251126,195000,25.245,25.245,25.2407,25.2407,1000,0
ADAMI.US,5,20251126,195500,25.25,25.25,25.25,25.25,100,0
ADAMI.US,5,20251126,215500,25.26,25.26,25.26,25.26,100,0
ADAMI.US,5,20251128,153000,25.26,25.35,25.2565,25.2975,1318,0
ADAMI.US,5,20251128,160500,25.3377,25.3377,25.3377,25.3377,100,0
ADAMI.US,5,20251128,172500,25.34,25.34,25.34,25.34,134,0
ADAMI.US,5,20251128,181500,25.35,25.4,25.3487,25.36,1058,0
ADAMI.US,5,20251201,153000,25.45,25.45,25.45,25.45,394,0
ADAMI.US,5,20251201,155000,25.43,25.43,25.43,25.43,160,0
ADAMI.US,5,20251201,174000,25.4001,25.435,25.4001,25.435,407,0
ADAMI.US,5,20251201,174500,25.4398,25.4398,25.4398,25.4398,100,0
ADAMI.US,5,20251201,181000,25.461,25.461,25.46,25.46,500,0
ADAMI.US,5,20251201,184000,25.46,25.46,25.46,25.46,117,0
ADAMI.US,5,20251201,192500,25.47,25.47,25.4699,25.47,800,0
ADAMI.US,5,20251201,202000,25.47,25.47,25.47,25.47,643,0
ADAMI.US,5,20251202,153000,25.47,25.47,25.47,25.47,105,0
ADAMI.US,5,20251202,172500,25.4516,25.4516,25.4516,25.4516,200,0
ADAMI.US,5,20251202,173000,25.48,25.49,25.48,25.49,1400,0
ADAMI.US,5,20251202,174500,25.49,25.5,25.489,25.5,1900,0
ADAMI.US,5,20251202,201000,25.493,25.493,25.493,25.493,200,0
ADAMI.US,5,20251202,205500,25.48,25.4801,25.48,25.4801,1600,0
ADAMI.US,5,20251202,215500,25.45,25.45,25.45,25.45,500,0
ADAMI.US,5,20251203,153000,25.45,25.45,25.4,25.4,597,0
ADAMI.US,5,20251203,164500,25.42,25.42,25.42,25.42,100,0
ADAMI.US,5,20251203,193500,25.44,25.44,25.44,25.44,200,0
ADAMI.US,5,20251203,194000,25.44,25.44,25.44,25.44,200,0
ADAMI.US,5,20251203,195000,25.44,25.45,25.44,25.45,700,0
ADAMI.US,5,20251203,213500,25.3995,25.3995,25.3995,25.3995,600,0
ADAMI.US,5,20251203,215500,25.35,25.35,25.35,25.35,100,0
ADAMI.US,5,20251204,160000,25.4,25.4,25.4,25.4,100,0
ADAMI.US,5,20251204,182000,25.38,25.38,25.38,25.38,100,0
ADAMI.US,5,20251204,185500,25.37,25.37,25.37,25.37,100,0
ADAMI.US,5,20251204,191500,25.3501,25.3501,25.3501,25.3501,195,0
ADAMI.US,5,20251204,192000,25.36,25.36,25.36,25.36,180,0
ADAMI.US,5,20251204,202000,25.35,25.35,25.35,25.35,100,0
ADAMI.US,5,20251204,210000,25.37,25.37,25.37,25.37,200,0
ADAMI.US,5,20251204,210500,25.35,25.35,25.35,25.35,373,0
ADAMI.US,5,20251204,213000,25.3699,25.3699,25.3699,25.3699,100,0
ADAMI.US,5,20251204,215500,25.36,25.36,25.36,25.36,100,0
ADAMI.US,5,20251205,160500,25.405,25.405,25.405,25.405,100,0
ADAMI.US,5,20251205,164500,25.38,25.38,25.38,25.38,100,0
ADAMI.US,5,20251205,170500,25.3602,25.3602,25.36,25.36,200,0
ADAMI.US,5,20251205,171000,25.36,25.36,25.36,25.36,200,0
ADAMI.US,5,20251205,183500,25.37,25.37,25.37,25.37,100,0
ADAMI.US,5,20251205,195500,25.371,25.371,25.371,25.371,100,0
ADAMI.US,5,20251205,201500,25.38,25.38,25.3799,25.3799,848,0
ADAMI.US,5,20251205,202500,25.38,25.38,25.38,25.38,299,0
ADAMI.US,5,20251208,155500,25.4,25.4,25.4,25.4,100,0
ADAMI.US,5,20251208,160000,25.375,25.375,25.12,25.12,4840,0
ADAMI.US,5,20251208,161000,25.25,25.2502,25.25,25.2502,600,0
ADAMI.US,5,20251208,161500,25.31,25.31,25.31,25.31,500,0
ADAMI.US,5,20251208,162500,25.31,25.31,25.31,25.31,100,0
ADAMI.US,5,20251208,163000,25.3717,25.3717,25.3717,25.3717,396,0
ADAMI.US,5,20251208,171000,25.33,25.33,25.33,25.33,140,0
ADAMI.US,5,20251208,190500,25.34,25.34,25.33,25.3301,1508,0
ADAMI.US,5,20251208,193000,25.3736,25.3736,25.373,25.373,1010,0
ADAMI.US,5,20251208,210500,25.3501,25.3502,25.35,25.3502,600,0
ADAMI.US,5,20251208,213000,25.34,25.38,25.3301,25.3301,1866,0
ADAMI.US,5,20251208,215500,25.34,25.34,25.34,25.34,100,0
ADAMI.US,5,20251209,161500,25.33,25.33,25.33,25.33,500,0
ADAMI.US,5,20251209,183500,25.3665,25.3665,25.3665,25.3665,100,0
ADAMI.US,5,20251209,185000,25.365,25.365,25.365,25.365,840,0
ADAMI.US,5,20251209,194000,25.35,25.36,25.35,25.36,2273,0
ADAMI.US,5,20251209,215000,25.34,25.34,25.34,25.34,100,0
ADAMI.US,5,20251210,181500,25.28,25.28,25.28,25.28,250,0
ADAMI.US,5,20251210,183500,25.2826,25.29,25.2826,25.29,1618,0
ADAMI.US,5,20251210,201500,25.38,25.38,25.3799,25.3799,210,0
ADAMI.US,5,20251210,203500,25.42,25.42,25.42,25.42,100,0
ADAMI.US,5,20251210,204000,25.45,25.45,25.45,25.45,264,0
ADAMI.US,5,20251210,213000,25.45,25.45,25.45,25.45,180,0
ADAMI.US,5,20251211,172000,25.35,25.35,25.35,25.35,100,0
ADAMI.US,5,20251211,180500,25.364,25.364,25.364,25.364,157,0
ADAMI.US,5,20251211,183000,25.375,25.375,25.375,25.375,143,0
ADAMI.US,5,20251211,183500,25.3789,25.3888,25.3789,25.3789,2484,0
ADAMI.US,5,20251211,192000,25.4,25.4,25.4,25.4,100,0
ADAMI.US,5,20251211,214000,25.38,25.38,25.34,25.34,200,0
ADAMI.US,5,20251212,171500,25.4429,25.4429,25.4429,25.4429,120,0
ADAMI.US,5,20251212,182000,25.4376,25.4376,25.4376,25.4376,285,0
ADAMI.US,5,20251212,200500,25.45,25.47,25.45,25.47,420,0
ADAMI.US,5,20251212,201000,25.48,25.48,25.48,25.48,400,0
ADAMI.US,5,20251212,212000,25.465,25.465,25.465,25.465,115,0
ADAMI.US,5,20251212,213000,25.4635,25.4635,25.4635,25.4635,100,0
ADAMI.US,5,20251212,213500,25.465,25.465,25.45,25.45,2200,0
ADAMI.US,5,20251212,214000,25.465,25.465,25.45,25.45,1700,0
ADAMI.US,5,20251212,215500,25.394,25.394,25.394,25.394,198,0
ADAMI.US,5,20251215,153000,25,25,25,25,1145,0
ADAMI.US,5,20251215,153500,25.0046,25.0046,25.0046,25.0046,200,0
ADAMI.US,5,20251215,155000,25,25.005,25,25.005,300,0
ADAMI.US,5,20251215,160000,25.0082,25.0082,25.0082,25.0082,200,0
ADAMI.US,5,20251215,160500,25.0049,25.0049,25.0049,25.0049,250,0
ADAMI.US,5,20251215,161500,25,25.0001,25,25,1094,0
ADAMI.US,5,20251215,162000,24.9601,24.9601,24.85,24.93,890,0
ADAMI.US,5,20251215,164500,24.9799,24.9799,24.9799,24.9799,100,0
ADAMI.US,5,20251215,165000,24.95,24.95,24.95,24.95,100,0
ADAMI.US,5,20251215,174000,24.9001,24.9001,24.9001,24.9001,600,0
ADAMI.US,5,20251215,181500,24.95,24.9674,24.95,24.9674,1784,0
ADAMI.US,5,20251215,182000,24.98,24.98,24.98,24.98,600,0
ADAMI.US,5,20251215,184500,24.9536,24.96,24.9536,24.96,519,0
ADAMI.US,5,20251215,185000,24.95,24.95,24.95,24.95,200,0
ADAMI.US,5,20251215,194000,24.969,24.969,24.969,24.969,400,0
ADAMI.US,5,20251215,194500,24.97,24.97,24.97,24.97,100,0
ADAMI.US,5,20251215,200000,24.96,24.9601,24.96,24.9601,800,0
ADAMI.US,5,20251215,201000,24.97,24.97,24.97,24.97,100,0
ADAMI.US,5,20251215,201500,24.965,24.965,24.965,24.965,323,0
ADAMI.US,5,20251215,213500,24.9603,24.9603,24.96,24.96,800,0
ADAMI.US,5,20251215,214500,24.97,24.97,24.97,24.97,200,0
ADAMI.US,5,20251215,215500,24.95,24.97,24.94,24.94,820,0
ADAMI.US,5,20251216,153000,24.9137,24.93,24.9137,24.93,400,0
ADAMI.US,5,20251216,153500,24.9,24.9002,24.9,24.9002,700,0
ADAMI.US,5,20251216,154500,24.8714,24.8714,24.8714,24.8714,143,0
ADAMI.US,5,20251216,161000,24.8906,24.8906,24.8906,24.8906,400,0
ADAMI.US,5,20251216,161500,24.9,24.9,24.8999,24.8999,302,0
ADAMI.US,5,20251216,162000,24.9,24.9,24.9,24.9,467,0
ADAMI.US,5,20251216,164500,24.9,24.9002,24.9,24.9002,430,0
ADAMI.US,5,20251216,165500,24.92,24.92,24.92,24.92,100,0
ADAMI.US,5,20251216,182500,24.92,24.92,24.92,24.92,100,0
ADAMI.US,5,20251216,195500,24.98,24.98,24.9799,24.98,1050,0
ADAMI.US,5,20251216,200000,24.95,24.95,24.95,24.95,100,0
ADAMI.US,5,20251216,202500,25.0373,25.0373,25.0373,25.0373,100,0
ADAMI.US,5,20251216,203000,25,25,25,25,100,0
ADAMI.US,5,20251216,204500,25.0392,25.0392,25.035,25.035,481,0
ADAMI.US,5,20251216,205000,25.06,25.06,25.06,25.06,200,0
ADAMI.US,5,20251216,212500,25.0272,25.0272,25.0272,25.0272,400,0
ADAMI.US,5,20251216,213000,25.0056,25.0056,25.0056,25.0056,800,0
ADAMI.US,5,20251216,214500,24.96,24.96,24.96,24.96,400,0
ADAMI.US,5,20251216,215500,24.97,24.97,24.97,24.97,100,0
ADAMI.US,5,20251217,153000,25.08,25.08,25.08,25.08,100,0
ADAMI.US,5,20251217,154500,25.02,25.02,25,25,850,0
ADAMI.US,5,20251217,160000,25,25,25,25,100,0
ADAMI.US,5,20251217,164000,25,25,25,25,500,0
ADAMI.US,5,20251217,165000,25.0382,25.0382,25.0382,25.0382,440,0
ADAMI.US,5,20251217,172500,25.035,25.09,25,25,769,0
ADAMI.US,5,20251217,193500,24.9913,24.9913,24.9913,24.9913,305,0
ADAMI.US,5,20251217,195500,24.9872,24.9872,24.9872,24.9872,151,0
ADAMI.US,5,20251217,201500,25,25,25,25,300,0
ADAMI.US,5,20251217,203500,24.99,24.99,24.99,24.99,149,0
ADAMI.US,5,20251217,204000,25,25.1,24.9995,25,2325,0
ADAMI.US,5,20251217,211000,24.9801,24.9801,24.9801,24.9801,151,0
ADAMI.US,5,20251217,212500,25,25,25,25,1000,0
ADAMI.US,5,20251217,214000,24.981,24.9811,24.981,24.9811,200,0
ADAMI.US,5,20251217,214500,25,25,25,25,200,0
ADAMI.US,5,20251217,215000,24.991,24.991,24.991,24.991,100,0
ADAMI.US,5,20251218,155500,24.9893,24.9899,24.9501,24.9501,1040,0
ADAMI.US,5,20251218,161000,24.99,24.99,24.99,24.99,300,0
ADAMI.US,5,20251218,162000,24.99,25.15,24.99,25.15,3900,0
ADAMI.US,5,20251218,164000,25.1,25.1,25.1,25.1,250,0
ADAMI.US,5,20251218,180000,25.09,25.09,25.09,25.09,300,0
ADAMI.US,5,20251218,180500,25.09,25.09,25.09,25.09,563,0
ADAMI.US,5,20251218,192500,25.1,25.1,25.1,25.1,300,0
ADAMI.US,5,20251218,194000,25.1,25.1,25.09,25.09,300,0
ADAMI.US,5,20251218,195000,25.0975,25.1,25.0975,25.1,775,0
ADAMI.US,5,20251218,201000,25.1,25.1,25.0997,25.0997,1250,0
ADAMI.US,5,20251218,203000,25.09,25.09,25.09,25.09,132,0
ADAMI.US,5,20251218,204000,25.1,25.1,25.1,25.1,134,0
ADAMI.US,5,20251218,205500,25.0942,25.0942,25.0942,25.0942,396,0
ADAMI.US,5,20251218,212500,25.09,25.09,25.09,25.09,100,0
ADAMI.US,5,20251218,213500,25.09,25.0902,25.09,25.09,2268,0
ADAMI.US,5,20251218,214500,25.1,25.1062,25.1,25.1062,3103,0
ADAMI.US,5,20251218,215500,25.15,25.1526,25.09,25.09,327,0
ADAMI.US,5,20251219,153000,25.14,25.14,25.14,25.14,241,0
ADAMI.US,5,20251219,162500,25.08,25.08,25.08,25.08,400,0
ADAMI.US,5,20251219,171000,25.1,25.1,25.1,25.1,2100,0
ADAMI.US,5,20251219,171500,25.1,25.1,25.1,25.1,855,0
ADAMI.US,5,20251219,195000,25.09,25.09,25.09,25.09,200,0
ADAMI.US,5,20251219,201000,25.1,25.1,25.1,25.1,300,0
ADAMI.US,5,20251219,215000,25.075,25.075,25.075,25.075,300,0
ADAMI.US,5,20251222,153000,25.06,25.06,25.06,25.06,537,0
ADAMI.US,5,20251222,155000,25.199,25.1999,25.199,25.1999,993,0
ADAMI.US,5,20251222,191000,25.11,25.11,25.11,25.11,451,0
ADAMI.US,5,20251222,203500,25.11,25.1109,25.11,25.1109,650,0
ADAMI.US,5,20251222,205000,25.11,25.11,25.11,25.11,1500,0
ADAMI.US,5,20251222,214500,25.1348,25.1348,25.1348,25.1348,225,0
