<TICKER>,<PER>,<DATE>,<TIME>,<OPEN>,<HIGH>,<LOW>,<CLOSE>,<VOL>,<OPENINT>
ASPCR.US,5,20250728,212500,0.21,0.21,0.21,0.21,100,0
ASPCR.US,5,20250728,215000,0.22,0.22,0.22,0.22,100,0
ASPCR.US,5,20250728,215500,0.22,0.22,0.22,0.22,200,0
ASPCR.US,5,20250731,153000,0.165,0.165,0.165,0.165,100,0
ASPCR.US,5,20250801,164000,0.199999,0.199999,0.199999,0.199999,100,0
ASPCR.US,5,20250807,155000,0.194194,0.194194,0.194194,0.194194,100,0
ASPCR.US,5,20250808,171500,0.18,0.19,0.18,0.19,52100,0
ASPCR.US,5,20250815,175500,0.18,0.18,0.18,0.18,1783,0
ASPCR.US,5,20250815,184000,0.1757,0.1795,0.1757,0.1795,65819,0
ASPCR.US,5,20250815,204000,0.1783,0.1783,0.1757,0.1757,1983,0
ASPCR.US,5,20250815,210000,0.1766,0.1766,0.1766,0.1766,100,0
ASPCR.US,5,20250821,191500,0.175,0.175,0.175,0.175,33198,0
ASPCR.US,5,20250821,192500,0.19999,0.19999,0.19999,0.19999,481,0
ASPCR.US,5,20250822,164500,0.17,0.17,0.17,0.17,100,0
ASPCR.US,5,20250827,163000,0.17,0.1888,0.17,0.185,20800,0
ASPCR.US,5,20250904,184000,0.18,0.18,0.18,0.18,273,0
ASPCR.US,5,20250910,172000,0.18,0.18,0.18,0.18,11722,0
ASPCR.US,5,20250911,153000,0.1541,0.1541,0.1541,0.1541,489,0
ASPCR.US,5,20250912,175500,0.186,0.19,0.186,0.19,4900,0
ASPCR.US,5,20250912,185500,0.2,0.2,0.2,0.2,100,0
ASPCR.US,5,20250915,153000,0.2,0.2,0.2,0.2,129,0
ASPCR.US,5,20250916,212500,0.2,0.2,0.2,0.2,125,0
ASPCR.US,5,20250917,183000,0.1924,0.1924,0.19,0.19,361,0
ASPCR.US,5,20250917,214500,0.19,0.19,0.19,0.19,730,0
ASPCR.US,5,20250922,183000,0.1804,0.1804,0.1804,0.1804,350,0
ASPCR.US,5,20250929,160500,0.18,0.18,0.18,0.18,100,0
ASPCR.US,5,20250930,161000,0.1856,0.1856,0.1856,0.1856,100,0
ASPCR.US,5,20250930,162000,0.1881,0.1881,0.1881,0.1881,100,0
ASPCR.US,5,20250930,164500,0.188,0.1881,0.188,0.188,300,0
ASPCR.US,5,20250930,170000,0.18,0.18,0.18,0.18,100,0
ASPCR.US,5,20250930,173500,0.188,0.19,0.188,0.19,19847,0
ASPCR.US,5,20250930,174000,0.1899,0.1899,0.18,0.1804,16784,0
ASPCR.US,5,20250930,194500,0.185,0.185,0.185,0.185,2200,0
ASPCR.US,5,20250930,213000,0.19,0.19,0.1899,0.1899,4684,0
ASPCR.US,5,20250930,214000,0.1907,0.1907,0.1906,0.1906,200,0
ASPCR.US,5,20251001,153500,0.18,0.18,0.18,0.18,200,0
ASPCR.US,5,20251002,153000,0.18,0.18,0.18,0.18,400,0
ASPCR.US,5,20251002,170500,0.2,0.2,0.2,0.2,600,0
ASPCR.US,5,20251002,171000,0.2,0.2,0.2,0.2,400,0
ASPCR.US,5,20251002,173000,0.2,0.2,0.2,0.2,100,0
ASPCR.US,5,20251002,200000,0.2006,0.2006,0.2006,0.2006,500,0
ASPCR.US,5,20251002,215000,0.18,0.18,0.18,0.18,100,0
ASPCR.US,5,20251003,153000,0.17,0.17,0.17,0.17,500,0
ASPCR.US,5,20251003,213000,0.19,0.19,0.19,0.19,300,0
ASPCR.US,5,20251006,160000,0.19,0.2,0.19,0.2,500,0
ASPCR.US,5,20251007,181500,0.1896,0.1896,0.1896,0.1896,100,0
ASPCR.US,5,20251007,190000,0.205,0.205,0.205,0.205,100,0
ASPCR.US,5,20251010,153000,0.1101,0.1101,0.1101,0.1101,111,0
ASPCR.US,5,20251010,205000,0.2,0.2,0.2,0.2,100,0
ASPCR.US,5,20251014,155000,0.18,0.18,0.18,0.18,2109,0
ASPCR.US,5,20251015,175500,0.18,0.18,0.18,0.18,1378,0
ASPCR.US,5,20251015,180500,0.1996,0.1996,0.1996,0.1996,1300,0
ASPCR.US,5,20251015,182500,0.19,0.19,0.19,0.19,600,0
ASPCR.US,5,20251015,185000,0.18,0.2,0.18,0.19,4436,0
ASPCR.US,5,20251016,163500,0.18,0.18,0.18,0.18,398,0
ASPCR.US,5,20251016,195000,0.2,0.2,0.2,0.2,100,0
ASPCR.US,5,20251021,153000,0.1664,0.1664,0.1664,0.1664,100,0
ASPCR.US,5,20251022,173000,0.192,0.2,0.192,0.2,458,0
ASPCR.US,5,20251022,184500,0.16,0.16,0.16,0.16,1100,0
ASPCR.US,5,20251023,153000,0.19,0.213,0.19,0.21,3300,0
ASPCR.US,5,20251024,153000,0.2,0.213,0.2,0.21,1600,0
ASPCR.US,5,20251024,154500,0.21,0.21,0.209751,0.209751,342,0
ASPCR.US,5,20251024,160000,0.21,0.21,0.21,0.21,500,0
ASPCR.US,5,20251027,143000,0.21,0.21,0.21,0.21,300,0
ASPCR.US,5,20251027,204000,0.19,0.19,0.19,0.19,224,0
ASPCR.US,5,20251030,143000,0.19,0.21,0.19,0.19,3300,0
ASPCR.US,5,20251030,153000,0.1909,0.1909,0.1909,0.1909,500,0
ASPCR.US,5,20251030,155500,0.21,0.21,0.21,0.21,100,0
ASPCR.US,5,20251031,143000,0.19,0.21,0.19,0.19,1700,0
ASPCR.US,5,20251031,144500,0.19,0.19,0.19,0.19,929,0
ASPCR.US,5,20251031,151000,0.21,0.21,0.21,0.21,100,0
ASPCR.US,5,20251031,184000,0.1955,0.1955,0.1955,0.1955,100,0
ASPCR.US,5,20251031,185000,0.2097,0.2097,0.2097,0.2097,100,0
ASPCR.US,5,20251031,202000,0.2001,0.202,0.2,0.2,1700,0
ASPCR.US,5,20251106,213500,0.19,0.19,0.19,0.19,142,0
ASPCR.US,5,20251107,210500,0.19,0.19,0.19,0.19,300,0
ASPCR.US,5,20251111,163000,0.2,0.2,0.2,0.2,100,0
ASPCR.US,5,20251111,170500,0.2,0.2,0.2,0.2,100,0
ASPCR.US,5,20251111,171500,0.18,0.18,0.18,0.18,830,0
ASPCR.US,5,20251111,173500,0.2,0.2,0.2,0.2,100,0
ASPCR.US,5,20251112,175000,0.21,0.21,0.19,0.19,1092,0
ASPCR.US,5,20251112,180000,0.18,0.18,0.18,0.18,1300,0
ASPCR.US,5,20251112,192000,0.19,0.21,0.19,0.21,1026,0
ASPCR.US,5,20251112,200500,0.18,0.18,0.1725,0.18,1043,0
ASPCR.US,5,20251118,183500,0.2044,0.2044,0.2044,0.2044,118,0
ASPCR.US,5,20251124,153500,0.18,0.18,0.18,0.18,121,0
ASPCR.US,5,20251124,174500,0.2,0.2,0.2,0.2,100,0
ASPCR.US,5,20251125,153000,0.1642,0.1642,0.1642,0.1642,157,0
ASPCR.US,5,20251202,195000,0.19,0.19,0.19,0.19,100,0
ASPCR.US,5,20251203,155500,0.19,0.19,0.19,0.19,100,0
ASPCR.US,5,20251204,160500,0.18,0.19,0.178,0.19,598,0
ASPCR.US,5,20251204,162000,0.19,0.19,0.19,0.19,100,0
ASPCR.US,5,20251209,161500,0.1792,0.18,0.177901,0.178,40900,0
ASPCR.US,5,20251209,212500,0.178,0.178,0.178,0.178,100,0
ASPCR.US,5,20251210,153000,0.21,0.21,0.1899,0.21,4110,0
ASPCR.US,5,20251210,153500,0.21,0.25,0.21,0.23,10757,0
ASPCR.US,5,20251210,154000,0.2309,0.24,0.2,0.24,10760,0
ASPCR.US,5,20251210,154500,0.24,0.24,0.24,0.24,200,0
ASPCR.US,5,20251210,155000,0.24,0.24,0.23,0.23,800,0
ASPCR.US,5,20251210,155500,0.228,0.2325,0.212,0.225,2700,0
ASPCR.US,5,20251210,160000,0.211,0.2271,0.21,0.2271,10309,0
ASPCR.US,5,20251210,160500,0.2294,0.24,0.2294,0.24,4506,0
ASPCR.US,5,20251210,161000,0.2385,0.255,0.2385,0.255,1900,0
ASPCR.US,5,20251210,161500,0.25025,0.2548,0.25,0.25,8804,0
ASPCR.US,5,20251210,162000,0.255,0.26,0.25,0.25,2772,0
ASPCR.US,5,20251210,162500,0.25,0.25,0.25,0.25,900,0
ASPCR.US,5,20251210,163000,0.241,0.25,0.241,0.25,3200,0
ASPCR.US,5,20251210,163500,0.251,0.251,0.251,0.251,4500,0
ASPCR.US,5,20251210,164000,0.241,0.241,0.2215,0.2215,2998,0
ASPCR.US,5,20251210,165000,0.221,0.2215,0.221,0.2215,799,0
ASPCR.US,5,20251210,171500,0.2215,0.226,0.2215,0.226,2100,0
ASPCR.US,5,20251210,173000,0.226,0.226,0.2215,0.2215,2400,0
ASPCR.US,5,20251210,173500,0.226,0.231,0.226,0.231,1200,0
ASPCR.US,5,20251210,174500,0.231,0.231,0.221,0.221,2623,0
ASPCR.US,5,20251210,180500,0.2114,0.2114,0.19,0.191,16141,0
ASPCR.US,5,20251210,184500,0.183,0.183,0.183,0.183,100,0
ASPCR.US,5,20251210,192500,0.19,0.19,0.19,0.19,1000,0
ASPCR.US,5,20251210,203500,0.1913,0.192,0.1913,0.192,1100,0
ASPCR.US,5,20251210,205000,0.183,0.183,0.183,0.183,8745,0
ASPCR.US,5,20251210,212000,0.183,0.183,0.183,0.183,100,0
ASPCR.US,5,20251210,212500,0.183,0.183,0.183,0.183,800,0
ASPCR.US,5,20251210,214500,0.183,0.183,0.18,0.18,2152,0
ASPCR.US,5,20251211,154500,0.1873,0.1873,0.18,0.18,260,0
ASPCR.US,5,20251211,165000,0.18,0.18,0.18,0.18,1798,0
ASPCR.US,5,20251211,205000,0.1789,0.1789,0.1789,0.1789,300,0
ASPCR.US,5,20251211,214500,0.1789,0.1789,0.1789,0.1789,300,0
ASPCR.US,5,20251215,153000,0.1779,0.1779,0.1779,0.1779,220,0
ASPCR.US,5,20251215,205000,0.1779,0.1779,0.1779,0.1779,100,0
ASPCR.US,5,20251218,163000,0.223946,0.223946,0.1779,0.1779,1100,0
ASPCR.US,5,20251219,215500,0.1779,0.18,0.1779,0.18,400,0
ASPCR.US,5,20251222,153000,0.1779,0.18,0.175,0.175,33980,0
ASPCR.US,5,20251222,164500,0.18,0.18,0.18,0.18,689,0
ASPCR.US,5,20251222,165000,0.175,0.175,0.175,0.175,135,0
