<TICKER>,<PER>,<DATE>,<TIME>,<OPEN>,<HIGH>,<LOW>,<CLOSE>,<VOL>,<OPENINT>
BCAR.US,5,20250820,153500,9.92,9.92,9.92,9.92,29200,0
BCAR.US,5,20250820,154000,9.915,9.92,9.915,9.92,5000,0
BCAR.US,5,20250820,154500,9.92,9.92,9.92,9.92,20004,0
BCAR.US,5,20250820,155000,9.91,9.91,9.91,9.91,300,0
BCAR.US,5,20250820,155500,9.91,9.91,9.88,9.91,900,0
BCAR.US,5,20250820,160000,9.91,9.91,9.91,9.91,1700,0
BCAR.US,5,20250820,160500,9.91,9.915,9.91,9.915,146875,0
BCAR.US,5,20250820,161000,9.91,9.915,9.91,9.91,23700,0
BCAR.US,5,20250820,161500,9.91,9.915,9.91,9.91,126100,0
BCAR.US,5,20250820,162000,9.91,9.915,9.91,9.91,256800,0
BCAR.US,5,20250820,163000,9.91,9.91,9.91,9.91,100000,0
BCAR.US,5,20250820,163500,9.91,9.91,9.91,9.91,100000,0
BCAR.US,5,20250820,164000,9.915,9.915,9.915,9.915,500,0
BCAR.US,5,20250820,181000,9.9147,9.9147,9.9147,9.9147,100,0
BCAR.US,5,20250820,190500,9.915,9.915,9.91,9.91,77954,0
BCAR.US,5,20250820,191000,9.91,9.91,9.91,9.91,29200,0
BCAR.US,5,20250820,191500,9.91,9.91,9.91,9.91,1000,0
BCAR.US,5,20250820,200500,9.91,9.91,9.91,9.91,250000,0
BCAR.US,5,20250820,215000,9.92,9.92,9.92,9.92,400,0
BCAR.US,5,20250820,215500,9.915,9.92,9.915,9.92,1302,0
BCAR.US,5,20250821,154000,9.91,9.91,9.91,9.91,46183,0
BCAR.US,5,20250821,171500,9.915,9.915,9.915,9.915,158,0
BCAR.US,5,20250821,191500,9.91,9.91,9.91,9.91,898,0
BCAR.US,5,20250822,170500,9.91,9.91,9.91,9.91,500,0
BCAR.US,5,20250825,192500,9.91,9.91,9.91,9.91,50000,0
BCAR.US,5,20250825,215500,9.91,9.91,9.91,9.91,100,0
BCAR.US,5,20250826,154500,9.9,9.9,9.9,9.9,24900,0
BCAR.US,5,20250826,155000,9.9,9.9,9.9,9.9,25000,0
BCAR.US,5,20250826,155500,9.9,9.9,9.9,9.9,13900,0
BCAR.US,5,20250826,160500,9.9,9.9,9.9,9.9,9700,0
BCAR.US,5,20250826,203500,9.9,9.92,9.9,9.9,1800,0
BCAR.US,5,20250826,205000,9.91,9.91,9.91,9.91,100,0
BCAR.US,5,20250827,155500,9.9,9.9,9.9,9.9,2600,0
BCAR.US,5,20250827,160000,9.9,9.9,9.9,9.9,5600,0
BCAR.US,5,20250827,161500,9.9,9.9,9.9,9.9,100,0
BCAR.US,5,20250827,163000,9.9,9.9,9.9,9.9,1000,0
BCAR.US,5,20250827,190500,9.89,9.9,9.89,9.9,172619,0
BCAR.US,5,20250827,205000,9.89,9.89,9.89,9.89,15000,0
BCAR.US,5,20250827,205500,9.9,9.9,9.9,9.9,500,0
BCAR.US,5,20250827,211000,9.895,9.895,9.895,9.895,200,0
BCAR.US,5,20250827,211500,9.9,9.9,9.9,9.9,500,0
BCAR.US,5,20250827,215500,9.895,9.9,9.895,9.895,2000,0
BCAR.US,5,20250828,215000,9.9,9.9,9.9,9.9,119,0
BCAR.US,5,20250829,161000,9.91,9.91,9.91,9.91,100000,0
BCAR.US,5,20250829,161500,9.9,9.9,9.9,9.9,1000,0
BCAR.US,5,20250829,162000,9.9,9.9,9.895,9.9,10000,0
BCAR.US,5,20250829,211000,9.91,9.91,9.9,9.9,300,0
BCAR.US,5,20250902,153500,9.9,9.9,9.9,9.9,23450,0
BCAR.US,5,20250902,173500,9.9,9.9,9.9,9.9,100000,0
BCAR.US,5,20250903,160000,9.8922,9.8922,9.8922,9.8922,100,0
BCAR.US,5,20250903,170500,9.9,9.9,9.9,9.9,100,0
BCAR.US,5,20250903,183000,9.895,9.895,9.895,9.895,3380,0
BCAR.US,5,20250903,192500,9.895,9.905,9.895,9.9,147850,0
BCAR.US,5,20250903,203000,9.9,9.905,9.9,9.9,65798,0
BCAR.US,5,20250903,203500,9.9,9.9,9.9,9.9,26853,0
BCAR.US,5,20250904,161500,9.895,9.899,9.895,9.899,595,0
BCAR.US,5,20250904,170500,9.895,9.895,9.895,9.895,400,0
BCAR.US,5,20250904,175500,9.895,9.895,9.895,9.895,200,0
BCAR.US,5,20250904,182000,9.9,9.9,9.9,9.9,100000,0
BCAR.US,5,20250904,183500,9.895,9.895,9.895,9.895,200,0
BCAR.US,5,20250904,190500,9.895,9.895,9.895,9.895,200,0
BCAR.US,5,20250904,193000,9.895,9.895,9.895,9.895,200,0
BCAR.US,5,20250904,194500,9.9,9.9,9.9,9.9,100,0
BCAR.US,5,20250904,200500,9.895,9.895,9.895,9.895,200,0
BCAR.US,5,20250904,203500,9.895,9.895,9.895,9.895,200,0
BCAR.US,5,20250904,205500,9.895,9.895,9.895,9.895,200,0
BCAR.US,5,20250904,211000,9.89,9.895,9.89,9.895,1400,0
BCAR.US,5,20250904,213000,9.895,9.9,9.895,9.9,55000,0
BCAR.US,5,20250905,173000,9.9,9.9,9.9,9.9,1021,0
BCAR.US,5,20250908,205000,9.9,9.91,9.9,9.9,4800,0
BCAR.US,5,20250908,205500,9.9,9.9,9.9,9.9,53095,0
BCAR.US,5,20250908,210000,9.9,9.9,9.9,9.9,8163,0
BCAR.US,5,20250908,212000,9.9,9.9,9.9,9.9,214251,0
BCAR.US,5,20250908,212500,9.9,9.9,9.9,9.9,44237,0
BCAR.US,5,20250908,213000,9.9,9.9,9.9,9.9,5895,0
BCAR.US,5,20250908,213500,9.9,9.9,9.9,9.9,4900,0
BCAR.US,5,20250908,215500,9.9,9.9,9.8935,9.8935,24237,0
BCAR.US,5,20250909,153000,9.9,9.9,9.9,9.9,2500,0
BCAR.US,5,20250909,153500,9.89,9.89,9.89,9.89,200,0
BCAR.US,5,20250909,154000,9.89,9.89,9.89,9.89,200,0
BCAR.US,5,20250909,154500,9.89,9.89,9.89,9.89,200,0
BCAR.US,5,20250909,155000,9.89,9.89,9.89,9.89,300,0
BCAR.US,5,20250909,155500,9.895,9.895,9.895,9.895,200,0
BCAR.US,5,20250909,160000,9.895,9.895,9.895,9.895,300,0
BCAR.US,5,20250909,160500,9.895,9.895,9.895,9.895,200,0
BCAR.US,5,20250909,161000,9.895,9.895,9.895,9.895,200,0
BCAR.US,5,20250909,161500,9.895,9.895,9.895,9.895,200,0
BCAR.US,5,20250909,162000,9.895,9.895,9.895,9.895,300,0
BCAR.US,5,20250909,162500,9.895,9.895,9.895,9.895,600,0
BCAR.US,5,20250909,163000,9.895,9.895,9.895,9.895,300,0
BCAR.US,5,20250909,163500,9.895,9.895,9.895,9.895,200,0
BCAR.US,5,20250909,164000,9.895,9.895,9.895,9.895,200,0
BCAR.US,5,20250909,164500,9.895,9.895,9.895,9.895,200,0
BCAR.US,5,20250909,165000,9.895,9.895,9.895,9.895,200,0
BCAR.US,5,20250909,165500,9.895,9.895,9.895,9.895,300,0
BCAR.US,5,20250909,170000,9.895,9.895,9.895,9.895,200,0
BCAR.US,5,20250909,170500,9.895,9.895,9.895,9.895,200,0
BCAR.US,5,20250909,171000,9.895,9.895,9.895,9.895,200,0
BCAR.US,5,20250909,171500,9.895,9.895,9.895,9.895,300,0
BCAR.US,5,20250909,172000,9.895,9.895,9.895,9.895,200,0
BCAR.US,5,20250909,172500,9.895,9.895,9.895,9.895,200,0
BCAR.US,5,20250909,173000,9.895,9.895,9.895,9.895,600,0
BCAR.US,5,20250909,173500,9.895,9.895,9.89,9.89,200,0
BCAR.US,5,20250909,174000,9.89,9.89,9.89,9.89,300,0
BCAR.US,5,20250909,174500,9.89,9.89,9.89,9.89,200,0
BCAR.US,5,20250909,175000,9.89,9.89,9.89,9.89,200,0
BCAR.US,5,20250909,175500,9.89,9.89,9.89,9.89,300,0
BCAR.US,5,20250909,180000,9.89,9.89,9.89,9.89,200,0
BCAR.US,5,20250909,180500,9.89,9.89,9.89,9.89,200,0
BCAR.US,5,20250909,181000,9.89,9.89,9.89,9.89,300,0
BCAR.US,5,20250909,181500,9.89,9.89,9.89,9.89,200,0
BCAR.US,5,20250909,182000,9.89,9.89,9.89,9.89,200,0
BCAR.US,5,20250909,182500,9.89,9.89,9.89,9.89,200,0
BCAR.US,5,20250909,183000,9.89,9.89,9.89,9.89,3632,0
BCAR.US,5,20250909,183500,9.89,9.89,9.89,9.89,200,0
BCAR.US,5,20250909,184000,9.89,9.89,9.89,9.89,200,0
BCAR.US,5,20250909,184500,9.89,9.89,9.89,9.89,200,0
BCAR.US,5,20250909,185000,9.89,9.89,9.89,9.89,300,0
BCAR.US,5,20250909,185500,9.89,9.89,9.89,9.89,200,0
BCAR.US,5,20250909,190000,9.89,9.89,9.89,9.89,200,0
BCAR.US,5,20250909,190500,9.89,9.89,9.89,9.89,200,0
BCAR.US,5,20250909,191000,9.89,9.89,9.89,9.89,300,0
BCAR.US,5,20250909,191500,9.89,9.9,9.89,9.9,700,0
BCAR.US,5,20250909,192000,9.89,9.89,9.89,9.89,200,0
BCAR.US,5,20250909,192500,9.89,9.895,9.89,9.895,300,0
BCAR.US,5,20250909,193000,9.89,9.89,9.89,9.89,200,0
BCAR.US,5,20250909,193500,9.89,9.89,9.89,9.89,200,0
BCAR.US,5,20250909,194000,9.89,9.89,9.89,9.89,300,0
BCAR.US,5,20250909,194500,9.89,9.89,9.89,9.89,200,0
BCAR.US,5,20250909,195000,9.89,9.9,9.89,9.9,23400,0
BCAR.US,5,20250909,195500,9.9,9.9,9.9,9.9,29083,0
BCAR.US,5,20250909,200000,9.9,9.9,9.895,9.895,10817,0
BCAR.US,5,20250909,200500,9.895,9.9,9.895,9.9,3483,0
BCAR.US,5,20250909,201000,9.9,9.9,9.9,9.9,200,0
BCAR.US,5,20250909,201500,9.9,9.9,9.9,9.9,300300,0
BCAR.US,5,20250909,202000,9.9,9.9,9.9,9.9,200,0
BCAR.US,5,20250909,202500,9.9,9.9,9.9,9.9,200,0
BCAR.US,5,20250909,203500,9.9,9.9,9.9,9.9,25002,0
BCAR.US,5,20250909,204000,9.9,9.9,9.9,9.9,200,0
BCAR.US,5,20250909,204500,9.9,9.9,9.9,9.9,250200,0
BCAR.US,5,20250909,205000,9.9,9.9,9.9,9.9,200,0
BCAR.US,5,20250909,205500,9.9,9.9,9.9,9.9,25300,0
BCAR.US,5,20250909,210000,9.9,9.9,9.9,9.9,200,0
BCAR.US,5,20250909,210500,9.9,9.9,9.9,9.9,200,0
BCAR.US,5,20250909,211000,9.9,9.9,9.9,9.9,300,0
BCAR.US,5,20250909,211500,9.9,9.9,9.9,9.9,200,0
BCAR.US,5,20250909,212000,9.9,9.9,9.9,9.9,200,0
BCAR.US,5,20250909,212500,9.9,9.9,9.9,9.9,200,0
BCAR.US,5,20250909,213000,9.9,9.9,9.9,9.9,300,0
BCAR.US,5,20250909,213500,9.9,9.905,9.9,9.9,400,0
BCAR.US,5,20250909,214000,9.902,9.902,9.9,9.9,200,0
BCAR.US,5,20250909,214500,9.9,9.9,9.9,9.9,200,0
BCAR.US,5,20250909,215000,9.9,9.902,9.9,9.902,300,0
BCAR.US,5,20250909,215500,9.9,9.9,9.9,9.9,200,0
BCAR.US,5,20250910,192000,9.905,9.905,9.905,9.905,4500,0
BCAR.US,5,20250910,201000,9.91,9.91,9.91,9.91,186,0
BCAR.US,5,20250910,205000,9.905,9.905,9.905,9.905,5000,0
BCAR.US,5,20250910,213500,9.905,9.905,9.905,9.905,10000,0
BCAR.US,5,20250910,214000,9.905,9.905,9.905,9.905,35000,0
BCAR.US,5,20250911,172500,9.905,9.905,9.905,9.905,250000,0
BCAR.US,5,20250911,201000,9.91,9.91,9.91,9.91,5489,0
BCAR.US,5,20250911,203000,9.9,9.9,9.9,9.9,300000,0
BCAR.US,5,20250911,214500,9.91,9.91,9.91,9.91,1061,0
BCAR.US,5,20250911,215000,9.91,9.91,9.91,9.91,4500,0
BCAR.US,5,20250911,215500,9.91,9.91,9.91,9.91,100,0
BCAR.US,5,20250912,163500,9.91,9.91,9.91,9.91,559,0
BCAR.US,5,20250912,191000,9.905,9.905,9.905,9.905,125000,0
BCAR.US,5,20250912,214000,9.905,9.905,9.905,9.905,154390,0
BCAR.US,5,20250912,214500,9.905,9.905,9.905,9.905,4000,0
BCAR.US,5,20250912,215500,9.9,9.9,9.9,9.9,41450,0
BCAR.US,5,20250915,153000,9.91,9.91,9.905,9.905,25200,0
BCAR.US,5,20250915,153500,9.905,9.905,9.905,9.905,500,0
BCAR.US,5,20250915,164500,9.905,9.905,9.905,9.905,4630,0
BCAR.US,5,20250915,174000,9.905,9.905,9.9,9.905,4060,0
BCAR.US,5,20250915,182000,9.905,9.905,9.905,9.905,16745,0
BCAR.US,5,20250915,182500,9.905,9.905,9.905,9.905,7430,0
BCAR.US,5,20250915,185500,9.905,9.905,9.9,9.905,226730,0
BCAR.US,5,20250915,204000,9.905,9.905,9.905,9.905,1675,0
BCAR.US,5,20250915,214500,9.905,9.905,9.905,9.905,1000,0
BCAR.US,5,20250916,153000,9.91,9.91,9.91,9.91,117,0
BCAR.US,5,20250916,155500,9.905,9.905,9.905,9.905,200,0
BCAR.US,5,20250916,175000,9.905,9.905,9.905,9.905,200,0
BCAR.US,5,20250916,211000,9.905,9.905,9.905,9.905,200,0
BCAR.US,5,20250916,214000,9.905,9.905,9.905,9.905,200,0
BCAR.US,5,20250916,214500,9.905,9.905,9.905,9.905,596,0
BCAR.US,5,20250917,153000,9.91,9.91,9.91,9.91,103,0
BCAR.US,5,20250917,185000,9.905,9.905,9.905,9.905,1800,0
BCAR.US,5,20250917,213000,9.905,9.905,9.905,9.905,50000,0
BCAR.US,5,20250917,215000,9.91,9.91,9.91,9.91,372,0
BCAR.US,5,20250918,153000,9.91,9.91,9.91,9.91,114,0
BCAR.US,5,20250918,161500,9.905,9.91,9.905,9.91,10000,0
BCAR.US,5,20250918,162000,9.91,9.91,9.91,9.91,79892,0
BCAR.US,5,20250918,192500,9.91,9.91,9.91,9.91,50070,0
BCAR.US,5,20250919,174000,9.9,9.905,9.9,9.9,29600,0
BCAR.US,5,20250919,193500,9.9,9.9,9.9,9.9,10800,0
BCAR.US,5,20250919,210500,9.9,9.9,9.9,9.9,8700,0
BCAR.US,5,20250919,211000,9.91,9.91,9.91,9.91,200,0
BCAR.US,5,20250919,213500,9.91,9.91,9.91,9.91,137,0
BCAR.US,5,20250919,215000,9.91,9.91,9.91,9.91,537,0
BCAR.US,5,20250919,215500,9.9,9.905,9.9,9.9,22387,0
BCAR.US,5,20250922,153000,9.9,9.9,9.9,9.9,200,0
BCAR.US,5,20250922,160500,9.9,9.9,9.9,9.9,3009,0
BCAR.US,5,20250923,191000,9.91,9.91,9.91,9.91,8100,0
BCAR.US,5,20250924,192500,9.915,9.92,9.915,9.92,60000,0
BCAR.US,5,20250924,193000,9.92,9.92,9.92,9.92,5000,0
BCAR.US,5,20250924,194000,9.92,9.92,9.92,9.92,76153,0
BCAR.US,5,20250924,214000,9.92,9.92,9.92,9.92,100,0
BCAR.US,5,20250925,153000,9.95,9.95,9.92,9.93,6880,0
BCAR.US,5,20250925,184000,9.92,9.92,9.92,9.92,90000,0
BCAR.US,5,20250925,191000,9.92,9.92,9.92,9.92,124,0
BCAR.US,5,20250925,215000,9.92,9.92,9.92,9.92,50000,0
BCAR.US,5,20250926,163000,9.925,9.93,9.925,9.93,25100,0
BCAR.US,5,20250926,213500,9.93,9.93,9.92,9.93,20800,0
BCAR.US,5,20250929,194000,9.93,9.93,9.93,9.93,100000,0
BCAR.US,5,20250929,201000,9.92,9.92,9.92,9.92,5000,0
BCAR.US,5,20250930,155000,9.93,9.93,9.93,9.93,25000,0
BCAR.US,5,20250930,172000,9.925,9.925,9.92,9.92,26158,0
BCAR.US,5,20250930,181000,9.93,9.93,9.93,9.93,20000,0
BCAR.US,5,20251001,161000,9.925,9.925,9.925,9.925,200,0
BCAR.US,5,20251001,195500,9.9277,9.9277,9.9277,9.9277,2500,0
BCAR.US,5,20251001,213500,9.9278,9.93,9.9278,9.93,19910,0
BCAR.US,5,20251002,161000,9.93,9.93,9.92,9.92,3000,0
BCAR.US,5,20251002,162000,9.9299,9.93,9.9299,9.93,17662,0
BCAR.US,5,20251002,163500,9.93,9.94,9.9203,9.94,11400,0
BCAR.US,5,20251002,173500,9.93,9.93,9.93,9.93,25000,0
BCAR.US,5,20251002,174000,9.93,9.93,9.93,9.93,2600,0
BCAR.US,5,20251002,180000,9.93,9.93,9.93,9.93,5200,0
BCAR.US,5,20251002,181000,9.93,9.93,9.93,9.93,600,0
BCAR.US,5,20251002,182000,9.93,9.93,9.93,9.93,10000,0
BCAR.US,5,20251002,182500,9.93,9.93,9.93,9.93,17623,0
BCAR.US,5,20251002,183000,9.935,9.935,9.93,9.93,44172,0
BCAR.US,5,20251002,192500,9.935,9.94,9.935,9.94,6119,0
BCAR.US,5,20251002,193000,9.935,9.939,9.935,9.9363,5700,0
BCAR.US,5,20251002,193500,9.94,9.94,9.9381,9.94,12992,0
BCAR.US,5,20251002,194000,9.945,9.945,9.945,9.945,200,0
BCAR.US,5,20251002,194500,9.945,9.945,9.945,9.945,100,0
BCAR.US,5,20251002,195000,9.945,9.95,9.945,9.95,1000,0
BCAR.US,5,20251002,195500,9.95,9.95,9.9499,9.9499,11834,0
BCAR.US,5,20251002,200000,9.95,9.95,9.95,9.95,5000,0
BCAR.US,5,20251002,201000,9.95,9.95,9.95,9.95,5000,0
BCAR.US,5,20251002,202000,9.95,9.95,9.95,9.95,1473,0
BCAR.US,5,20251002,211000,9.95,9.95,9.95,9.95,1518,0
BCAR.US,5,20251002,212500,9.9597,9.9597,9.9597,9.9597,1000,0
BCAR.US,5,20251002,214000,9.9521,9.9521,9.9521,9.9521,3000,0
BCAR.US,5,20251002,214500,9.9528,9.96,9.95,9.96,5938,0
BCAR.US,5,20251003,153000,9.95,9.95,9.95,9.95,285,0
BCAR.US,5,20251003,153500,9.95,9.95,9.95,9.95,7755,0
BCAR.US,5,20251003,154500,9.95,9.95,9.95,9.95,980,0
BCAR.US,5,20251003,155000,9.955,9.955,9.95,9.95,8246,0
BCAR.US,5,20251003,155500,9.95,9.955,9.95,9.955,2000,0
BCAR.US,5,20251003,160500,9.955,9.96,9.955,9.96,11440,0
BCAR.US,5,20251003,163000,9.95,9.95,9.95,9.95,3159,0
BCAR.US,5,20251003,170000,9.9509,9.9523,9.9509,9.9523,5000,0
BCAR.US,5,20251003,171000,9.955,9.955,9.955,9.955,100,0
BCAR.US,5,20251003,172500,9.96,9.96,9.96,9.96,100,0
BCAR.US,5,20251003,174500,9.955,9.955,9.955,9.955,2000,0
BCAR.US,5,20251003,180500,9.95,9.95,9.95,9.95,4347,0
BCAR.US,5,20251003,185500,9.955,9.955,9.955,9.955,100,0
BCAR.US,5,20251003,191500,9.95,9.95,9.95,9.95,2400,0
BCAR.US,5,20251003,192500,9.95,9.95,9.95,9.95,5375,0
BCAR.US,5,20251003,195000,9.95,9.95,9.95,9.95,279,0
BCAR.US,5,20251003,200000,9.95,9.95,9.95,9.95,24000,0
BCAR.US,5,20251003,204000,9.955,9.9599,9.955,9.9599,7100,0
BCAR.US,5,20251003,205500,9.955,9.955,9.955,9.955,100,0
BCAR.US,5,20251003,210500,9.955,9.96,9.955,9.955,4100,0
BCAR.US,5,20251003,211500,9.96,9.96,9.9531,9.9531,10000,0
BCAR.US,5,20251003,212500,9.95,9.95,9.95,9.95,1400,0
BCAR.US,5,20251003,213000,9.95,9.95,9.95,9.95,5000,0
BCAR.US,5,20251003,213500,9.9523,9.9523,9.9523,9.9523,5000,0
BCAR.US,5,20251003,214000,9.95,9.95,9.95,9.95,941,0
BCAR.US,5,20251003,215500,9.96,9.96,9.955,9.955,319,0
BCAR.US,5,20251006,153000,9.95,9.95,9.95,9.95,5400,0
BCAR.US,5,20251006,160000,9.96,9.96,9.96,9.96,100,0
BCAR.US,5,20251006,171500,9.955,9.96,9.955,9.96,10147,0
BCAR.US,5,20251006,181500,9.95,9.95,9.95,9.95,3576,0
BCAR.US,5,20251006,182000,9.96,9.96,9.96,9.96,100,0
BCAR.US,5,20251006,183000,9.96,9.96,9.96,9.96,100,0
BCAR.US,5,20251006,183500,9.9519,9.96,9.9519,9.96,9383,0
BCAR.US,5,20251006,184500,9.9509,9.9509,9.9509,9.9509,3000,0
BCAR.US,5,20251006,185000,9.96,9.96,9.96,9.96,100,0
BCAR.US,5,20251006,191000,9.9594,9.96,9.9594,9.96,2032,0
BCAR.US,5,20251006,192000,9.955,9.955,9.955,9.955,1200,0
BCAR.US,5,20251006,193500,9.96,9.96,9.96,9.96,100,0
BCAR.US,5,20251006,200500,9.95,9.95,9.95,9.95,100,0
BCAR.US,5,20251006,203000,9.96,9.96,9.96,9.96,100,0
BCAR.US,5,20251006,210500,9.955,9.955,9.955,9.955,614,0
BCAR.US,5,20251006,212500,9.955,9.955,9.955,9.955,100,0
BCAR.US,5,20251006,213000,9.955,9.955,9.955,9.955,100,0
BCAR.US,5,20251006,213500,9.955,9.955,9.955,9.955,3300,0
BCAR.US,5,20251006,215000,9.96,9.96,9.9521,9.96,10100,0
BCAR.US,5,20251007,160500,9.95,9.96,9.95,9.96,4740,0
BCAR.US,5,20251007,212500,9.95,9.95,9.95,9.95,700,0
BCAR.US,5,20251007,213000,9.95,9.95,9.95,9.95,193,0
BCAR.US,5,20251007,215500,9.96,9.96,9.955,9.955,301,0
BCAR.US,5,20251008,190500,9.955,9.955,9.955,9.955,800,0
BCAR.US,5,20251008,192000,9.955,9.96,9.955,9.96,10000,0
BCAR.US,5,20251008,193500,9.955,9.96,9.955,9.96,3690,0
BCAR.US,5,20251008,194000,9.96,9.96,9.96,9.96,100,0
BCAR.US,5,20251008,200000,9.96,9.96,9.96,9.96,13159,0
BCAR.US,5,20251008,201000,9.96,9.96,9.96,9.96,2000,0
BCAR.US,5,20251008,204000,9.96,9.96,9.955,9.955,1951,0
BCAR.US,5,20251008,215500,9.955,9.96,9.955,9.96,14650,0
BCAR.US,5,20251009,164000,9.96,9.96,9.96,9.96,5000,0
BCAR.US,5,20251009,170500,9.965,9.965,9.965,9.965,100,0
BCAR.US,5,20251009,174500,9.97,9.97,9.97,9.97,7153,0
BCAR.US,5,20251009,175000,9.98,9.99,9.98,9.985,2856,0
BCAR.US,5,20251009,194000,9.97,9.97,9.97,9.97,75000,0
BCAR.US,5,20251009,202000,9.98,9.98,9.98,9.98,200,0
BCAR.US,5,20251009,213000,9.99,9.99,9.99,9.99,200,0
BCAR.US,5,20251009,214500,10,10,10,10,808,0
BCAR.US,5,20251010,163500,9.969,9.969,9.969,9.969,2000,0
BCAR.US,5,20251010,164000,9.97,9.97,9.97,9.97,969,0
BCAR.US,5,20251010,183500,9.97,9.97,9.9656,9.9656,10600,0
BCAR.US,5,20251010,184000,9.97,9.97,9.9699,9.9699,10600,0
BCAR.US,5,20251010,184500,9.9656,9.9656,9.9656,9.9656,5000,0
BCAR.US,5,20251010,201000,9.97,9.97,9.97,9.97,800,0
BCAR.US,5,20251010,202500,9.9699,9.9699,9.9699,9.9699,1100,0
BCAR.US,5,20251010,203000,9.9652,9.9652,9.9652,9.9652,200,0
BCAR.US,5,20251010,203500,9.97,9.97,9.97,9.97,200,0
BCAR.US,5,20251010,204000,9.97,9.97,9.965,9.965,5100,0
BCAR.US,5,20251010,205500,9.97,9.97,9.9658,9.9658,4800,0
BCAR.US,5,20251010,210500,9.97,9.97,9.96,9.96,600,0
BCAR.US,5,20251010,212500,9.97,9.97,9.97,9.97,189,0
BCAR.US,5,20251010,213000,9.97,9.97,9.965,9.965,2184,0
BCAR.US,5,20251013,155000,9.97,9.97,9.97,9.97,1500,0
BCAR.US,5,20251013,170500,9.98,10.04,9.98,10.04,11500,0
BCAR.US,5,20251013,171000,10.01,10.01,10.01,10.01,100,0
BCAR.US,5,20251013,180000,10,10,10,10,100,0
BCAR.US,5,20251013,185000,10,10,10,10,100,0
BCAR.US,5,20251013,203500,9.99,9.99,9.99,9.99,600,0
BCAR.US,5,20251013,205500,9.99,9.99,9.99,9.99,1200,0
BCAR.US,5,20251013,211500,9.99,9.99,9.99,9.99,700,0
BCAR.US,5,20251013,212500,9.99,9.99,9.99,9.99,100,0
BCAR.US,5,20251013,213500,9.99,9.995,9.99,9.99,14200,0
BCAR.US,5,20251013,215500,9.99,9.99,9.99,9.99,375,0
BCAR.US,5,20251014,153000,10,10,10,10,6678,0
BCAR.US,5,20251014,195500,10,10,10,10,431,0
BCAR.US,5,20251014,201500,10,10,10,10,100,0
BCAR.US,5,20251014,203500,10,10,10,10,100,0
BCAR.US,5,20251014,205000,10,10,10,10,100,0
BCAR.US,5,20251014,211500,10,10,10,10,100000,0
BCAR.US,5,20251015,153000,10.01,10.01,10.01,10.01,5000,0
BCAR.US,5,20251015,154500,10.02,10.02,10.015,10.015,10100,0
BCAR.US,5,20251015,160500,10.01,10.01,10.01,10.01,200,0
BCAR.US,5,20251015,162000,10.0145,10.0145,10.01,10.01,2595,0
BCAR.US,5,20251015,162500,10.0125,10.0125,10.0125,10.0125,1000,0
BCAR.US,5,20251015,163000,10.015,10.02,10.015,10.02,27944,0
BCAR.US,5,20251015,165000,10.0135,10.0135,10.0135,10.0135,2000,0
BCAR.US,5,20251015,171000,10.015,10.015,10.015,10.015,600,0
BCAR.US,5,20251015,172000,10.01,10.015,10.01,10.015,2403,0
BCAR.US,5,20251015,172500,10.02,10.02,10.0199,10.0199,7545,0
BCAR.US,5,20251015,175500,10.01,10.015,10.01,10.01,18987,0
BCAR.US,5,20251015,180000,10.015,10.015,10.015,10.015,100,0
BCAR.US,5,20251015,184500,10.015,10.015,10.015,10.015,100,0
BCAR.US,5,20251015,185000,10.015,10.015,10.015,10.015,200,0
BCAR.US,5,20251015,185500,10.015,10.015,10.015,10.015,100,0
BCAR.US,5,20251015,193000,10.01,10.01,10.01,10.01,220,0
BCAR.US,5,20251015,200000,10.015,10.015,10.015,10.015,100,0
BCAR.US,5,20251015,203000,10.0111,10.0111,10.0111,10.0111,500,0
BCAR.US,5,20251015,210500,10.015,10.015,10.015,10.015,100,0
BCAR.US,5,20251015,211500,10.0154,10.0154,10.0154,10.0154,174,0
BCAR.US,5,20251015,212500,10.01,10.02,10.01,10.02,1265,0
BCAR.US,5,20251015,213500,10.02,10.02,10.02,10.02,300,0
BCAR.US,5,20251015,215500,10.015,10.015,10.01,10.01,2415,0
BCAR.US,5,20251016,163500,10.01,10.0135,10.01,10.0135,5200,0
BCAR.US,5,20251016,171000,10.0199,10.02,10.0163,10.0163,7688,0
BCAR.US,5,20251016,200500,10.01,10.01,10.01,10.01,228,0
BCAR.US,5,20251016,202000,10.0182,10.0182,10.01,10.015,5480,0
BCAR.US,5,20251016,210500,10.01,10.01,10.01,10.01,1085,0
BCAR.US,5,20251016,211000,10.01,10.0101,10.01,10.0101,18800,0
BCAR.US,5,20251016,212500,10.01,10.01,10.01,10.01,400,0
BCAR.US,5,20251016,215500,10.005,10.005,10.005,10.005,203,0
BCAR.US,5,20251017,174500,10.015,10.015,10.01,10.01,1600,0
BCAR.US,5,20251017,204500,10.01,10.01,10.01,10.01,1900,0
BCAR.US,5,20251020,162500,10.0101,10.0101,10.0101,10.0101,3000,0
BCAR.US,5,20251020,163000,10.01,10.01,10.01,10.01,1257,0
BCAR.US,5,20251020,164000,10.01,10.01,10.01,10.01,120,0
BCAR.US,5,20251020,181000,10.01,10.01,10.01,10.01,1863,0
BCAR.US,5,20251020,184000,10.01,10.0136,10.01,10.0136,5972,0
BCAR.US,5,20251020,200000,10.015,10.015,10.011,10.011,2000,0
BCAR.US,5,20251020,202000,10.0101,10.0101,10.0101,10.0101,400,0
BCAR.US,5,20251020,215500,10.01,10.01,10.01,10.01,340,0
BCAR.US,5,20251021,160500,10.01,10.01,10.01,10.01,1161,0
BCAR.US,5,20251021,161500,10.01,10.01,10.01,10.01,1400,0
BCAR.US,5,20251021,162500,10.015,10.02,10.015,10.02,31036,0
BCAR.US,5,20251021,165000,10.0158,10.0158,10.0158,10.0158,5000,0
BCAR.US,5,20251021,214500,10.0156,10.0156,10.0156,10.0156,100,0
BCAR.US,5,20251021,215500,10.02,10.02,10.02,10.02,2343,0
BCAR.US,5,20251022,153000,10.02,10.02,10.02,10.02,38417,0
BCAR.US,5,20251022,155000,10.02,10.02,10.02,10.02,84228,0
BCAR.US,5,20251022,155500,10.02,10.02,10.02,10.02,600,0
BCAR.US,5,20251022,161000,10.02,10.02,10.02,10.02,22525,0
BCAR.US,5,20251022,161500,10.02,10.02,10.02,10.02,23990,0
BCAR.US,5,20251022,162000,10.02,10.02,10.02,10.02,9857,0
BCAR.US,5,20251022,164000,10.01,10.01,10.01,10.01,5000,0
BCAR.US,5,20251022,164500,10.02,10.02,10.02,10.02,24900,0
BCAR.US,5,20251022,171500,10.02,10.02,10.02,10.02,100,0
BCAR.US,5,20251022,175000,10.02,10.025,10.02,10.025,15519,0
BCAR.US,5,20251022,180000,10.025,10.025,10.025,10.025,100,0
BCAR.US,5,20251022,184500,10.025,10.025,10.025,10.025,100,0
BCAR.US,5,20251022,193000,10.025,10.025,10.025,10.025,100,0
BCAR.US,5,20251022,194000,10.025,10.025,10.025,10.025,100,0
BCAR.US,5,20251022,202500,10.025,10.025,10.025,10.025,100,0
BCAR.US,5,20251022,210500,10.025,10.025,10.025,10.025,100,0
BCAR.US,5,20251022,211500,10.02,10.02,10.02,10.02,100,0
BCAR.US,5,20251022,213500,10.025,10.025,10.025,10.025,100,0
BCAR.US,5,20251022,215500,10.025,10.025,10.025,10.025,100,0
BCAR.US,5,20251023,164500,10.02,10.02,10.02,10.02,300082,0
BCAR.US,5,20251023,182500,10.02,10.02,10.02,10.02,287,0
BCAR.US,5,20251023,184500,10.02,10.025,10.02,10.02,35200,0
BCAR.US,5,20251023,185000,10.02,10.02,10.02,10.02,1054,0
BCAR.US,5,20251023,191500,10.02,10.02,10.02,10.02,38946,0
BCAR.US,5,20251023,192000,10.02,10.02,10.02,10.02,544,0
BCAR.US,5,20251023,193000,10.02,10.02,10.02,10.02,25000,0
BCAR.US,5,20251023,193500,10.025,10.025,10.02,10.02,30000,0
BCAR.US,5,20251023,214500,10.02,10.02,10.02,10.02,5000,0
BCAR.US,5,20251024,154000,10.03,10.03,10.03,10.03,1000,0
BCAR.US,5,20251024,191500,10.03,10.03,10.03,10.03,4199,0
BCAR.US,5,20251024,204500,10.03,10.035,10.03,10.035,1983,0
BCAR.US,5,20251024,211500,10.03,10.035,10.03,10.035,4930,0
BCAR.US,5,20251027,160000,10.02,10.03,10.02,10.02,50200,0
BCAR.US,5,20251027,162500,10.03,10.03,10.03,10.03,100,0
BCAR.US,5,20251027,190500,10.03,10.03,10.02,10.02,398,0
BCAR.US,5,20251027,191000,10.02,10.03,10.02,10.03,33065,0
BCAR.US,5,20251027,192000,10.03,10.03,10.03,10.03,100,0
BCAR.US,5,20251027,201500,10.0201,10.03,10.0201,10.03,200,0
BCAR.US,5,20251027,202000,10.02,10.03,10.02,10.03,362,0
BCAR.US,5,20251027,205000,10.03,10.03,10.03,10.03,100,0
BCAR.US,5,20251027,205500,10.025,10.03,10.025,10.025,1408,0
BCAR.US,5,20251028,154500,10.0064,10.0064,10.0064,10.0064,100,0
BCAR.US,5,20251028,182000,10.04,10.04,10.04,10.04,100,0
BCAR.US,5,20251028,185000,10.04,10.04,10.03,10.04,101318,0
BCAR.US,5,20251028,190000,10.04,10.04,10.04,10.04,199100,0
BCAR.US,5,20251028,194500,10.04,10.04,10.04,10.04,200,0
BCAR.US,5,20251029,145000,10.05,10.05,10.05,10.05,25000,0
BCAR.US,5,20251029,170000,10.0499,10.055,10.0472,10.05,19488,0
BCAR.US,5,20251029,171500,10.05,10.05,10.05,10.05,150000,0
BCAR.US,5,20251029,175000,10.055,10.06,10.055,10.06,21280,0
BCAR.US,5,20251029,180000,10.06,10.06,10.055,10.055,30600,0
BCAR.US,5,20251029,185500,10.055,10.055,10.055,10.055,100,0
BCAR.US,5,20251030,150000,10.05,10.05,10.05,10.05,15000,0
BCAR.US,5,20251030,200000,10.05,10.05,10.05,10.05,100,0
BCAR.US,5,20251030,203500,10.05,10.05,10.05,10.05,100,0
BCAR.US,5,20251030,205000,10.05,10.05,10.05,10.05,100,0
BCAR.US,5,20251031,154000,10.06,10.06,10.055,10.055,13700,0
BCAR.US,5,20251031,154500,10.06,10.06,10.06,10.06,5000,0
BCAR.US,5,20251031,194500,10.055,10.055,10.055,10.055,303,0
BCAR.US,5,20251031,202500,10.055,10.055,10.055,10.055,600,0
BCAR.US,5,20251031,203000,10.05,10.05,10.05,10.05,252539,0
BCAR.US,5,20251031,204000,10.035,10.035,10.035,10.035,700,0
BCAR.US,5,20251031,204500,10.035,10.035,10.035,10.035,900,0
BCAR.US,5,20251031,205000,10.05,10.05,10.04,10.05,17047,0
BCAR.US,5,20251103,163000,10.0504,10.0504,10.0504,10.0504,5000,0
BCAR.US,5,20251103,174500,10.05,10.0501,10.05,10.0501,8100,0
BCAR.US,5,20251103,195500,10.05,10.05,10.05,10.05,5000,0
BCAR.US,5,20251103,204000,10.05,10.05,10.05,10.05,100,0
BCAR.US,5,20251103,211000,10.05,10.05,10.05,10.05,100,0
BCAR.US,5,20251103,214000,10.05,10.05,10.05,10.05,100,0
BCAR.US,5,20251103,215500,10.05,10.05,10.05,10.05,100,0
BCAR.US,5,20251104,165000,10.05,10.05,10.05,10.05,558,0
BCAR.US,5,20251104,184500,10.055,10.055,10.055,10.055,100,0
BCAR.US,5,20251105,163000,10.06,10.06,10.055,10.06,580242,0
BCAR.US,5,20251105,163500,10.05,10.05,10.05,10.05,100,0
BCAR.US,5,20251105,164500,10.06,10.06,10.06,10.06,75000,0
BCAR.US,5,20251105,172000,10.055,10.06,10.055,10.06,70063,0
BCAR.US,5,20251105,172500,10.06,10.06,10.06,10.06,301368,0
BCAR.US,5,20251105,173000,10.06,10.07,10.06,10.07,50017,0
BCAR.US,5,20251105,173500,10.06,10.065,10.06,10.065,796,0
BCAR.US,5,20251105,195000,10.06,10.06,10.06,10.06,250000,0
BCAR.US,5,20251105,200500,10.06,10.06,10.06,10.06,125000,0
BCAR.US,5,20251105,212000,10.06,10.06,10.06,10.06,907,0
BCAR.US,5,20251106,181000,10.06,10.06,10.06,10.06,100000,0
BCAR.US,5,20251106,214000,10.06,10.06,10.06,10.06,200,0
BCAR.US,5,20251107,192000,10.06,10.06,10.06,10.06,10908,0
BCAR.US,5,20251107,195000,10.06,10.06,10.06,10.06,500,0
BCAR.US,5,20251107,195500,10.06,10.0603,10.06,10.0603,10000,0
BCAR.US,5,20251110,160500,10.065,10.065,10.06,10.06,5123,0
BCAR.US,5,20251110,203500,10.06,10.06,10.06,10.06,1090,0
BCAR.US,5,20251110,214000,10.06,10.06,10.06,10.06,13004,0
BCAR.US,5,20251110,214500,10.06,10.06,10.06,10.06,5000,0
BCAR.US,5,20251110,215000,10.06,10.06,10.06,10.06,110,0
BCAR.US,5,20251110,215500,10.06,10.06,10.06,10.06,100,0
BCAR.US,5,20251111,170000,10.07,10.08,10.07,10.08,67753,0
BCAR.US,5,20251112,194500,10.06,10.06,10.06,10.06,635,0
BCAR.US,5,20251112,202500,10.07,10.07,10.07,10.07,100,0
BCAR.US,5,20251113,160000,10.03,10.03,10.03,10.03,25000,0
BCAR.US,5,20251113,160500,10.05,10.05,10.05,10.05,150,0
BCAR.US,5,20251113,195000,10.045,10.05,10.045,10.05,52458,0
BCAR.US,5,20251113,201500,10.065,10.065,10.065,10.065,100,0
BCAR.US,5,20251113,211500,10.06,10.06,10.05,10.05,5000,0
BCAR.US,5,20251113,215500,10.05,10.05,10.05,10.05,270,0
BCAR.US,5,20251114,154000,10.08,10.08,10.08,10.08,100,0
BCAR.US,5,20251114,183500,10.06,10.06,10.06,10.06,3400,0
BCAR.US,5,20251114,184000,10.05,10.05,10.05,10.05,3200,0
BCAR.US,5,20251114,200500,10.06,10.06,10.06,10.06,100,0
BCAR.US,5,20251117,154500,10.08,10.08,10.08,10.08,100,0
BCAR.US,5,20251117,160000,10.08,10.08,10.08,10.08,200000,0
BCAR.US,5,20251117,195000,10.06,10.06,10.06,10.06,5000,0
BCAR.US,5,20251117,201000,10.05,10.05,10.035,10.035,3100,0
BCAR.US,5,20251117,205000,10.05,10.05,10.05,10.05,100,0
BCAR.US,5,20251117,212000,10.055,10.055,10.055,10.055,100,0
BCAR.US,5,20251118,200500,10.06,10.06,10.06,10.06,100,0
BCAR.US,5,20251118,202500,10.06,10.06,10.055,10.06,6236,0
BCAR.US,5,20251118,203500,10.08,10.08,10.08,10.08,100,0
BCAR.US,5,20251118,211500,10.08,10.08,10.06,10.06,24200,0
BCAR.US,5,20251118,213000,10.08,10.08,10.08,10.08,100,0
BCAR.US,5,20251119,162000,10.05,10.08,10.05,10.08,612,0
BCAR.US,5,20251120,190500,10.05,10.05,10.05,10.05,144,0
BCAR.US,5,20251120,194500,10.03,10.03,10.03,10.03,100,0
BCAR.US,5,20251120,213000,10.06,10.06,10.06,10.06,100,0
BCAR.US,5,20251120,214000,10.05,10.05,10.05,10.05,300,0
BCAR.US,5,20251121,153500,10.06,10.06,10.06,10.06,100,0
BCAR.US,5,20251121,160500,10.04,10.05,10.04,10.05,800,0
BCAR.US,5,20251121,174000,10.05,10.05,10.05,10.05,220,0
BCAR.US,5,20251121,174500,10.04,10.04,10.04,10.04,180,0
BCAR.US,5,20251121,175500,10.06,10.06,10.06,10.06,100,0
BCAR.US,5,20251121,211000,10.04,10.04,10.025,10.03,13520,0
BCAR.US,5,20251121,213500,10.025,10.03,10.02,10.03,60943,0
BCAR.US,5,20251121,214000,10.02,10.025,10.02,10.02,4909,0
BCAR.US,5,20251121,214500,10.02,10.03,10,10.03,98547,0
BCAR.US,5,20251124,154500,10.07,10.07,10.07,10.07,200,0
BCAR.US,5,20251124,162500,10.03,10.03,10.03,10.03,649,0
BCAR.US,5,20251124,164000,10.04,10.04,10.04,10.04,200,0
BCAR.US,5,20251124,165500,10.03,10.03,10.03,10.03,100,0
BCAR.US,5,20251124,184500,10.04,10.04,10.04,10.04,400,0
BCAR.US,5,20251124,192000,10.03,10.03,10.03,10.03,147,0
BCAR.US,5,20251124,193000,10.04,10.04,10.04,10.04,150,0
BCAR.US,5,20251124,210500,10.04,10.05,10.04,10.05,2000,0
BCAR.US,5,20251125,153000,10.05,10.05,10.05,10.05,533,0
BCAR.US,5,20251125,155000,10.06,10.06,10.06,10.06,100,0
BCAR.US,5,20251125,160500,10.05,10.05,10.05,10.05,100,0
BCAR.US,5,20251125,173000,10.05,10.05,10.05,10.05,667,0
BCAR.US,5,20251125,173500,10.055,10.055,10.055,10.055,100,0
BCAR.US,5,20251125,191000,10.05,10.05,10.05,10.05,11195,0
BCAR.US,5,20251125,201500,10.04,10.04,10.04,10.04,100,0
BCAR.US,5,20251125,203000,10.045,10.05,10.045,10.05,9031,0
BCAR.US,5,20251125,204000,10.04,10.04,10.04,10.04,100,0
BCAR.US,5,20251125,214000,10.05,10.05,10.05,10.05,1000,0
BCAR.US,5,20251125,214500,10.03,10.03,10.03,10.03,100,0
BCAR.US,5,20251125,215000,10.05,10.05,10.03,10.03,776,0
BCAR.US,5,20251125,215500,10.05,10.05,10.04,10.05,2290,0
BCAR.US,5,20251126,154500,10.06,10.06,10.06,10.06,100,0
BCAR.US,5,20251126,160000,10.06,10.06,10.06,10.06,424,0
BCAR.US,5,20251126,160500,10.05,10.05,10.05,10.05,100,0
BCAR.US,5,20251126,173500,10.06,10.06,10.06,10.06,100,0
BCAR.US,5,20251126,180500,10.05,10.05,10.05,10.05,8410,0
BCAR.US,5,20251126,184500,10.03,10.03,10.03,10.03,100,0
BCAR.US,5,20251126,185000,10.04,10.04,10.04,10.04,200,0
BCAR.US,5,20251126,190000,10.04,10.0406,10.03,10.0406,2800,0
BCAR.US,5,20251126,213000,10.05,10.05,10.04,10.04,200,0
BCAR.US,5,20251128,163000,10.06,10.06,10.06,10.06,100,0
BCAR.US,5,20251128,172000,10.02,10.02,10.02,10.02,100,0
BCAR.US,5,20251128,183500,10.06,10.06,10.06,10.06,150,0
BCAR.US,5,20251128,184500,10.02,10.02,10.02,10.02,100,0
BCAR.US,5,20251128,185500,10.06,10.06,10.06,10.06,1091,0
BCAR.US,5,20251128,190000,10.03,10.03,10.03,10.03,513,0
BCAR.US,5,20251201,153500,10.03,10.03,10.01,10.01,14813,0
BCAR.US,5,20251201,154000,10.01,10.03,10.01,10.03,5959,0
BCAR.US,5,20251201,160000,10.03,10.03,10.03,10.03,5000,0
BCAR.US,5,20251201,161000,10.02,10.04,10.02,10.04,200,0
BCAR.US,5,20251201,161500,10.02,10.04,10.02,10.02,417,0
BCAR.US,5,20251201,171000,10.04,10.04,10.04,10.04,105,0
BCAR.US,5,20251201,174500,10.04,10.04,10.04,10.04,399,0
BCAR.US,5,20251201,204000,10.0288,10.0288,10.0288,10.0288,8692,0
BCAR.US,5,20251201,213000,10.02,10.02,10.02,10.02,36979,0
BCAR.US,5,20251201,214500,10.025,10.025,10.01,10.01,7201,0
BCAR.US,5,20251201,215000,10.01,10.02,10.01,10.02,844,0
BCAR.US,5,20251201,215500,10.025,10.025,10.02,10.025,627,0
BCAR.US,5,20251202,153000,10.06,10.06,10.06,10.06,100,0
BCAR.US,5,20251202,194000,10.03,10.04,10.02,10.03,27296,0
BCAR.US,5,20251202,194500,10.03,10.03,10.03,10.03,1600,0
BCAR.US,5,20251202,195000,10.03,10.03,10.03,10.03,100,0
BCAR.US,5,20251202,214500,10.03,10.03,10.03,10.03,400,0
BCAR.US,5,20251202,215000,10.02,10.03,10.02,10.03,200,0
BCAR.US,5,20251203,171500,10.02,10.02,10.02,10.02,100,0
BCAR.US,5,20251203,190000,10.03,10.03,10.03,10.03,100,0
BCAR.US,5,20251203,191000,10.02,10.02,10.02,10.02,100,0
BCAR.US,5,20251203,192500,10.03,10.03,10.03,10.03,120,0
BCAR.US,5,20251203,193000,10.02,10.03,10.02,10.03,250,0
BCAR.US,5,20251203,194500,10.04,10.04,10.04,10.04,295,0
BCAR.US,5,20251203,195500,10.02,10.02,10.02,10.02,100,0
BCAR.US,5,20251203,202000,10.03,10.03,10.03,10.03,150,0
BCAR.US,5,20251204,153500,10.025,10.03,10.025,10.03,4200,0
BCAR.US,5,20251204,154500,10.03,10.03,10.03,10.03,100,0
BCAR.US,5,20251204,162500,10.035,10.035,10.03,10.03,200,0
BCAR.US,5,20251204,182500,10.03,10.03,10.02,10.02,1903,0
BCAR.US,5,20251204,205000,10.03,10.03,10.03,10.03,100,0
BCAR.US,5,20251204,215500,10.03,10.03,10.03,10.03,122,0
BCAR.US,5,20251205,164500,10.04,10.04,10.04,10.04,3107,0
BCAR.US,5,20251205,165500,10.03,10.03,10.03,10.03,100,0
BCAR.US,5,20251205,173500,10.03,10.03,10.03,10.03,25100,0
BCAR.US,5,20251205,185500,10.035,10.035,10.035,10.035,100,0
BCAR.US,5,20251205,211500,10.03,10.03,10.02,10.025,2355,0
BCAR.US,5,20251205,214500,10.025,10.025,10.01,10.01,6660,0
BCAR.US,5,20251205,215000,10.015,10.015,10.015,10.015,100,0
BCAR.US,5,20251208,153000,10.04,10.04,10.04,10.04,100,0
BCAR.US,5,20251208,174500,10.02,10.04,10.02,10.04,298,0
BCAR.US,5,20251208,194500,10.03,10.03,10.03,10.03,100,0
BCAR.US,5,20251208,195000,10.03,10.03,10.03,10.03,100,0
BCAR.US,5,20251209,155500,10.03,10.03,10.03,10.03,100,0
BCAR.US,5,20251209,162500,10.035,10.035,10.03,10.03,200,0
BCAR.US,5,20251209,171000,10.03,10.03,10.03,10.03,13289,0
BCAR.US,5,20251209,172500,10.03,10.03,10.03,10.03,100,0
BCAR.US,5,20251209,181000,10.03,10.03,10.03,10.03,11527,0
BCAR.US,5,20251209,181500,10.02,10.02,10.02,10.02,500,0
BCAR.US,5,20251209,190000,10.025,10.025,10.02,10.02,500,0
BCAR.US,5,20251209,191000,10.025,10.025,10.02,10.02,300,0
BCAR.US,5,20251209,200500,10.02,10.02,10.02,10.02,5187,0
BCAR.US,5,20251209,201000,10.02,10.02,10.02,10.02,10780,0
BCAR.US,5,20251209,201500,10.02,10.02,10.02,10.02,100,0
BCAR.US,5,20251210,160000,10.01,10.01,10.01,10.01,100,0
BCAR.US,5,20251210,161500,10.04,10.04,10.04,10.04,100,0
BCAR.US,5,20251210,162000,10.01,10.01,10.01,10.01,100,0
BCAR.US,5,20251210,162500,10.04,10.04,10.04,10.04,100,0
BCAR.US,5,20251210,214000,10.02,10.02,10.02,10.02,238073,0
BCAR.US,5,20251211,164500,10.01,10.01,10.01,10.01,100,0
BCAR.US,5,20251211,175500,10.03,10.03,10.03,10.03,100,0
BCAR.US,5,20251211,180500,10.01,10.01,10.01,10.01,100,0
BCAR.US,5,20251211,205000,10.02,10.02,10.01,10.01,6700,0
BCAR.US,5,20251211,215500,10.02,10.02,10.02,10.02,199,0
BCAR.US,5,20251212,154000,10.03,10.03,10.03,10.03,100,0
BCAR.US,5,20251212,213000,10.02,10.02,10.02,10.02,17701,0
BCAR.US,5,20251212,215500,10.01,10.02,10,10.02,11401,0
BCAR.US,5,20251215,154500,10.02,10.02,10.02,10.02,43700,0
BCAR.US,5,20251215,160000,10.02,10.02,10.02,10.02,17728,0
BCAR.US,5,20251215,162000,10.03,10.03,10.03,10.03,5000,0
BCAR.US,5,20251215,202000,10.015,10.02,10.015,10.02,500,0
BCAR.US,5,20251215,202500,10.015,10.015,10.015,10.015,500,0
BCAR.US,5,20251215,204500,10.015,10.015,10.015,10.015,100,0
BCAR.US,5,20251216,195000,10.01,10.01,10.01,10.01,4660,0
BCAR.US,5,20251216,203500,10.01,10.01,10.005,10.005,5140,0
BCAR.US,5,20251216,210500,10.005,10.005,10.0048,10.0048,15340,0
BCAR.US,5,20251216,211000,10.01,10.01,10.01,10.01,100,0
BCAR.US,5,20251216,214000,10.005,10.005,10.005,10.005,100,0
BCAR.US,5,20251217,155000,10.03,10.03,10.03,10.03,100,0
BCAR.US,5,20251217,191000,10,10,10,10,48476,0
BCAR.US,5,20251217,194000,10.02,10.02,10.02,10.02,100,0
BCAR.US,5,20251217,212500,10.015,10.02,10.015,10.02,2000,0
BCAR.US,5,20251219,181500,10.025,10.025,10.025,10.025,100,0
BCAR.US,5,20251222,153000,10.025,10.0257,10.025,10.0257,3900,0
BCAR.US,5,20251222,153500,10.03,10.03,10.025,10.0269,4500,0
BCAR.US,5,20251222,154000,10.025,10.0296,10.0246,10.0296,5200,0
BCAR.US,5,20251222,154500,10.0273,10.0299,10.025,10.025,12502,0
BCAR.US,5,20251222,155000,10.03,10.04,10.025,10.04,16600,0
BCAR.US,5,20251222,161500,10.05,10.05,10.05,10.05,100,0
BCAR.US,5,20251222,163500,10.045,10.049,10.045,10.049,11500,0
BCAR.US,5,20251222,170500,10.045,10.045,10.045,10.045,100,0
BCAR.US,5,20251222,173000,10.045,10.05,10.045,10.05,4400,0
BCAR.US,5,20251222,173500,10.05,10.05,10.045,10.0499,9827,0
BCAR.US,5,20251222,174500,10.055,10.06,10.055,10.06,500,0
BCAR.US,5,20251222,175000,10.057,10.057,10.057,10.057,300,0
BCAR.US,5,20251222,180500,10.055,10.06,10.055,10.0599,8830,0
BCAR.US,5,20251222,181000,10.06,10.06,10.0583,10.0583,1000,0
BCAR.US,5,20251222,183000,10.06,10.06,10.06,10.06,100,0
BCAR.US,5,20251222,185000,10.06,10.06,10.055,10.055,2600,0
BCAR.US,5,20251222,185500,10.055,10.06,10.055,10.06,21410,0
BCAR.US,5,20251222,190000,10.0559,10.06,10.055,10.0599,3600,0
BCAR.US,5,20251222,192500,10.06,10.06,10.06,10.06,517,0
BCAR.US,5,20251222,193000,10.06,10.06,10.058,10.058,600,0
BCAR.US,5,20251222,193500,10.06,10.06,10.055,10.0599,4000,0
BCAR.US,5,20251222,195000,10.06,10.06,10.06,10.06,100,0
BCAR.US,5,20251222,200500,10.06,10.06,10.06,10.06,1000,0
BCAR.US,5,20251222,201000,10.06,10.06,10.06,10.06,100,0
BCAR.US,5,20251222,202500,10.06,10.06,10.06,10.06,100,0
BCAR.US,5,20251222,203000,10.06,10.06,10.06,10.06,990,0
BCAR.US,5,20251222,204000,10.07,10.07,10.0699,10.0699,4800,0
BCAR.US,5,20251222,205500,10.08,10.08,10.08,10.08,1500,0
BCAR.US,5,20251222,210000,10.08,10.085,10.08,10.08,9000,0
BCAR.US,5,20251222,211000,10.075,10.075,10.06,10.06,10880,0
BCAR.US,5,20251222,212500,10.0665,10.0665,10.065,10.065,1100,0
BCAR.US,5,20251222,215000,10.06,10.065,10.06,10.06,1200,0
BCAR.US,5,20251222,215500,10.06,10.06,10.06,10.06,217,0
