<TICKER>,<PER>,<DATE>,<TIME>,<OPEN>,<HIGH>,<LOW>,<CLOSE>,<VOL>,<OPENINT>
CCEC.US,5,20250728,153000,23.77,23.77,23.77,23.77,5227,0
CCEC.US,5,20250728,154000,23.32,23.32,23.32,23.32,100,0
CCEC.US,5,20250728,154500,23.393,23.393,23,23,550,0
CCEC.US,5,20250728,160500,23.37,23.78,23.35,23.76,7058,0
CCEC.US,5,20250728,161000,23.79,23.89,23.79,23.89,1200,0
CCEC.US,5,20250728,161500,23.88,23.895,23.75,23.87,2200,0
CCEC.US,5,20250728,162000,23.895,24,23.75,23.89,4245,0
CCEC.US,5,20250728,164000,23.87,23.87,23.84,23.84,600,0
CCEC.US,5,20250728,165000,23.865,24,23.865,24,93490,0
CCEC.US,5,20250728,165500,24,24.29,24,24.055,12765,0
CCEC.US,5,20250728,170000,24.1,24.1,24.09,24.09,600,0
CCEC.US,5,20250728,170500,24.05,24.05,24.05,24.05,1500,0
CCEC.US,5,20250728,171500,23.915,23.915,23.915,23.915,100,0
CCEC.US,5,20250728,172000,23.935,23.935,23.935,23.935,100,0
CCEC.US,5,20250728,173500,24,24,24,24,100,0
CCEC.US,5,20250728,175000,23.98,23.98,23.915,23.915,566,0
CCEC.US,5,20250728,181000,23.94,23.94,23.94,23.94,100,0
CCEC.US,5,20250728,183000,23.895,23.895,23.895,23.895,100,0
CCEC.US,5,20250728,184500,23.895,23.895,23.895,23.895,100,0
CCEC.US,5,20250728,185000,23.89,24.05,23.89,23.985,7823,0
CCEC.US,5,20250728,185500,23.95,24.07,23.95,24.07,3315,0
CCEC.US,5,20250728,190000,23.995,24.01,23.995,24,700,0
CCEC.US,5,20250728,190500,24.01,24.05,24.01,24.05,700,0
CCEC.US,5,20250728,192500,24,24,23.8391,23.8391,797,0
CCEC.US,5,20250728,193000,24,24,24,24,200,0
CCEC.US,5,20250728,193500,23.95,23.95,23.9,23.91,500,0
CCEC.US,5,20250728,194000,23.83,23.84,23.83,23.84,203,0
CCEC.US,5,20250728,194500,23.75,23.83,23.75,23.77,667,0
CCEC.US,5,20250728,200000,23.78,23.78,23.78,23.78,100,0
CCEC.US,5,20250728,211500,23.9,24.04,23.9,23.93,500,0
CCEC.US,5,20250728,214500,24.03,24.03,24.03,24.03,100,0
CCEC.US,5,20250728,215000,23.96,24.04,23.96,24.04,300,0
CCEC.US,5,20250728,215500,23.95,24.05,23.95,24.05,1225,0
CCEC.US,5,20250729,153000,24.16,24.16,24.16,24.16,228,0
CCEC.US,5,20250729,154500,24.04,24.05,24.03,24.05,1200,0
CCEC.US,5,20250729,155000,24.32,24.32,24.32,24.32,100,0
CCEC.US,5,20250729,160000,24.2,24.22,24.06,24.14,1877,0
CCEC.US,5,20250729,160500,24.15,24.15,23.875,23.98,1189,0
CCEC.US,5,20250729,161000,23.98,23.98,23.98,23.98,103,0
CCEC.US,5,20250729,163500,23.99,24.21,23.99,24.21,106310,0
CCEC.US,5,20250729,164500,24.34,24.38,24.2,24.2,5216,0
CCEC.US,5,20250729,165000,24.265,24.32,24.23,24.23,6300,0
CCEC.US,5,20250729,172500,24.3,24.3,24.3,24.3,4866,0
CCEC.US,5,20250729,180000,24.47,24.48,24.47,24.48,300,0
CCEC.US,5,20250729,181500,24.39,24.39,24.38,24.38,251,0
CCEC.US,5,20250729,182000,24.1882,24.29,24.1882,24.29,1302,0
CCEC.US,5,20250729,183000,24.3,24.3,24.24,24.24,200,0
CCEC.US,5,20250729,190500,24.19,24.19,24.17,24.17,396,0
CCEC.US,5,20250729,195000,24.19,24.19,24.08,24.08,400,0
CCEC.US,5,20250729,200000,24.24,24.24,24.24,24.24,100,0
CCEC.US,5,20250729,203000,24.25,24.25,24.25,24.25,371,0
CCEC.US,5,20250729,204500,24.15,24.1501,24.11,24.1101,642,0
CCEC.US,5,20250729,210000,24.19,24.19,24.19,24.19,100,0
CCEC.US,5,20250729,211000,24.15,24.25,24.15,24.205,5239,0
CCEC.US,5,20250729,213000,24.17,24.17,24.16,24.16,286,0
CCEC.US,5,20250729,214000,24.24,24.24,24.21,24.21,300,0
CCEC.US,5,20250729,214500,24.17,24.17,24.17,24.17,428,0
CCEC.US,5,20250729,215000,24.24,24.24,24.2,24.2,200,0
CCEC.US,5,20250729,215500,24.205,24.3,24.205,24.3,1881,0
CCEC.US,5,20250730,153000,24.25,24.25,23.68,23.68,846,0
CCEC.US,5,20250730,154000,23.9,23.9,23.765,23.765,1742,0
CCEC.US,5,20250730,154500,23.77,24.1793,23.77,24.1793,203,0
CCEC.US,5,20250730,155000,23.78,23.78,23.76,23.76,300,0
CCEC.US,5,20250730,155500,23.797,23.797,23.797,23.797,100,0
CCEC.US,5,20250730,163000,24.05,24.05,24.04,24.04,599,0
CCEC.US,5,20250730,165000,24.15,24.25,24.1,24.1,1114,0
CCEC.US,5,20250730,165500,24.075,24.075,24.075,24.075,100,0
CCEC.US,5,20250730,173000,24.08,24.08,24.08,24.08,100,0
CCEC.US,5,20250730,181500,23.875,23.875,23.875,23.875,400,0
CCEC.US,5,20250730,182500,24.08,24.08,24.08,24.08,100,0
CCEC.US,5,20250730,184000,23.865,23.865,23.865,23.865,209,0
CCEC.US,5,20250730,194500,23.84,23.9,23.84,23.855,400,0
CCEC.US,5,20250730,200000,24.04,24.04,24.04,24.04,100,0
CCEC.US,5,20250730,202500,23.81,23.81,23.81,23.81,100,0
CCEC.US,5,20250730,204500,23.8,23.8,23.8,23.8,176,0
CCEC.US,5,20250730,211500,23.79,23.79,23.79,23.79,101,0
CCEC.US,5,20250730,212000,23.68,23.6875,23.68,23.6875,304,0
CCEC.US,5,20250730,212500,23.53,23.53,23.53,23.53,200,0
CCEC.US,5,20250730,213000,23.56,23.56,23.56,23.56,100,0
CCEC.US,5,20250730,214000,23.58,23.58,23.58,23.58,100,0
CCEC.US,5,20250730,215000,23.66,23.66,23.5125,23.5125,200,0
CCEC.US,5,20250730,215500,23.67,23.67,23.45,23.45,1057,0
CCEC.US,5,20250731,153000,23.13,23.13,23.13,23.13,1063,0
CCEC.US,5,20250731,154000,23.36,23.36,23.341,23.341,200,0
CCEC.US,5,20250731,155000,23.34,23.36,23.34,23.36,400,0
CCEC.US,5,20250731,155500,23.3733,23.3733,23.3733,23.3733,250,0
CCEC.US,5,20250731,161000,23.22,23.22,23.22,23.22,104,0
CCEC.US,5,20250731,162500,23.415,23.415,23.415,23.415,356,0
CCEC.US,5,20250731,165500,23.01,23.01,22.895,22.895,300,0
CCEC.US,5,20250731,170500,23.39,23.39,23.005,23.005,500,0
CCEC.US,5,20250731,181000,22.955,22.955,22.955,22.955,100,0
CCEC.US,5,20250731,182500,23.045,23.045,23.045,23.045,195,0
CCEC.US,5,20250731,184000,22.94,22.94,22.94,22.94,100,0
CCEC.US,5,20250731,193000,23.39,23.39,23.09,23.09,1900,0
CCEC.US,5,20250731,193500,23.3,23.3,23.3,23.3,100,0
CCEC.US,5,20250731,200500,23.02,23.02,23.02,23.02,100,0
CCEC.US,5,20250731,211000,23.0257,23.0257,23.0257,23.0257,100,0
CCEC.US,5,20250731,215500,22.84,23.11,22.84,23.11,1503,0
CCEC.US,5,20250801,153000,22.84,23.98,22.84,23.98,559,0
CCEC.US,5,20250801,161500,23.9,23.9,23.9,23.9,200,0
CCEC.US,5,20250801,162500,23.365,23.365,22.78,22.7901,3054,0
CCEC.US,5,20250801,164500,23.4364,23.4364,23.4364,23.4364,2460,0
CCEC.US,5,20250801,170000,23.12,23.12,23.12,23.12,100,0
CCEC.US,5,20250801,171500,22.67,22.67,22.67,22.67,100,0
CCEC.US,5,20250801,175500,23.08,23.08,23.08,23.08,100,0
CCEC.US,5,20250801,193000,23,23,23,23,589,0
CCEC.US,5,20250801,194500,22.78,22.78,22.78,22.78,100,0
CCEC.US,5,20250801,210000,22.65,22.65,22.59,22.6,1300,0
CCEC.US,5,20250801,210500,22.59,22.59,22.59,22.59,300,0
CCEC.US,5,20250801,212000,22.42,22.42,22.42,22.42,100,0
CCEC.US,5,20250801,213500,22.43,22.43,22.43,22.43,300,0
CCEC.US,5,20250801,215000,22.07,22.07,22.07,22.07,100,0
CCEC.US,5,20250801,215500,22.3,22.3,22.15,22.15,401,0
CCEC.US,5,20250804,153000,22.81,22.81,22.81,22.81,520,0
CCEC.US,5,20250804,162500,22.7256,22.7256,22.7256,22.7256,200,0
CCEC.US,5,20250804,163000,22.75,22.75,22.75,22.75,200,0
CCEC.US,5,20250804,164500,22.525,22.525,22.525,22.525,400,0
CCEC.US,5,20250804,172500,22.525,22.525,22.525,22.525,1000,0
CCEC.US,5,20250804,173000,22.525,22.525,22.52,22.52,300,0
CCEC.US,5,20250804,173500,22.52,22.52,22.27,22.27,1314,0
CCEC.US,5,20250804,174000,22.13,22.15,22.13,22.14,1686,0
CCEC.US,5,20250804,175000,22.26,22.26,22.26,22.26,100,0
CCEC.US,5,20250804,181000,22.22,22.25,22.22,22.25,777,0
CCEC.US,5,20250804,183000,22.2,22.2,22.2,22.2,100,0
CCEC.US,5,20250804,185000,22.38,22.38,22.38,22.38,100,0
CCEC.US,5,20250804,193500,23.4,23.4,23.4,23.4,100,0
CCEC.US,5,20250804,195500,22.755,22.755,22.755,22.755,200,0
CCEC.US,5,20250804,213500,22.3,22.3,22.3,22.3,100,0
CCEC.US,5,20250804,214500,22.25,22.25,22.25,22.25,200,0
CCEC.US,5,20250804,215000,22.25,22.25,22.25,22.25,100,0
CCEC.US,5,20250804,215500,22.27,22.58,22.24,22.58,6392,0
CCEC.US,5,20250805,153000,22.97,22.97,22.97,22.97,327,0
CCEC.US,5,20250805,175500,22.1745,22.1745,22.1745,22.1745,530,0
CCEC.US,5,20250805,183500,22.75,22.75,22.75,22.75,229,0
CCEC.US,5,20250805,190500,22.64,22.64,22.64,22.64,862,0
CCEC.US,5,20250805,191000,23.07,23.13,22.885,23.115,1000,0
CCEC.US,5,20250805,200000,22.64,22.66,22.64,22.66,400,0
CCEC.US,5,20250805,203500,22.64,22.65,22.64,22.65,200,0
CCEC.US,5,20250805,212000,22.58,22.58,22.58,22.58,1237,0
CCEC.US,5,20250805,212500,22.4074,22.4074,22.4074,22.4074,140,0
CCEC.US,5,20250805,213000,22.8127,22.8127,22.8127,22.8127,151,0
CCEC.US,5,20250805,215000,22.7475,22.7475,22.7475,22.7475,100,0
CCEC.US,5,20250805,215500,22.7,22.83,22.7,22.83,1162,0
CCEC.US,5,20250806,153000,22.83,22.83,22.83,22.83,106,0
CCEC.US,5,20250806,153500,23.69,23.69,23.69,23.69,180,0
CCEC.US,5,20250806,160000,22.3508,22.3508,22.3508,22.3508,120,0
CCEC.US,5,20250806,161500,23.5101,23.5101,23.4934,23.4934,650,0
CCEC.US,5,20250806,165000,22.74,22.74,22.74,22.74,100,0
CCEC.US,5,20250806,171500,22.99,22.99,22.99,22.99,100,0
CCEC.US,5,20250806,172000,22.93,22.93,22.93,22.93,100,0
CCEC.US,5,20250806,181500,22.93,22.93,22.93,22.93,100,0
CCEC.US,5,20250806,184500,22.9619,22.9619,22.9612,22.9612,1785,0
CCEC.US,5,20250806,201000,22.92,22.92,22.92,22.92,649,0
CCEC.US,5,20250806,213000,22.755,22.76,22.755,22.76,200,0
CCEC.US,5,20250806,214000,23.395,23.395,23.395,23.395,100,0
CCEC.US,5,20250806,215000,22.855,22.855,22.76,22.76,200,0
CCEC.US,5,20250806,215500,22.79,23,22.79,22.96,826,0
CCEC.US,5,20250807,161000,22.2982,22.2982,22.2982,22.2982,500,0
CCEC.US,5,20250807,161500,22.55,22.55,22.55,22.55,100,0
CCEC.US,5,20250807,164500,22.678724,22.83,22.678724,22.83,328,0
CCEC.US,5,20250807,175000,22.605,22.605,22.605,22.605,131,0
CCEC.US,5,20250807,183000,22.625,22.625,22.625,22.625,312,0
CCEC.US,5,20250807,191000,22.6,22.6,22.6,22.6,100,0
CCEC.US,5,20250807,191500,22.53,22.605,22.53,22.605,510,0
CCEC.US,5,20250807,193500,22.53,22.53,22.53,22.53,100,0
CCEC.US,5,20250807,194500,22.53,22.53,22.53,22.53,100,0
CCEC.US,5,20250807,214500,22.894,22.894,22.894,22.894,100,0
CCEC.US,5,20250807,215000,22.6,22.6,22.6,22.6,100,0
CCEC.US,5,20250807,215500,22.72,22.72,22.72,22.72,388,0
CCEC.US,5,20250808,153000,22.94,22.94,22.94,22.94,532,0
CCEC.US,5,20250808,155500,23.39,23.39,23.37,23.37,200,0
CCEC.US,5,20250808,161500,23.28,23.37,22.47,22.47,500,0
CCEC.US,5,20250808,162000,22.6,22.61,22.6,22.61,400,0
CCEC.US,5,20250808,163500,23.3,23.3,23.27,23.3,400,0
CCEC.US,5,20250808,164000,22.6,22.61,22.6,22.61,400,0
CCEC.US,5,20250808,165500,23.2,23.24,22.5596,22.5596,710,0
CCEC.US,5,20250808,171000,23.32,23.32,23.32,23.32,100,0
CCEC.US,5,20250808,172500,22.77,23.32,22.77,23.32,240,0
CCEC.US,5,20250808,173500,23.03,23.03,23.03,23.03,180,0
CCEC.US,5,20250808,174000,23.29,23.29,23.2,23.2,200,0
CCEC.US,5,20250808,175500,23.31,23.31,23.31,23.31,100,0
CCEC.US,5,20250808,181000,23.31,23.35,23.31,23.35,200,0
CCEC.US,5,20250808,183500,23.19,23.2,23.19,23.2,400,0
CCEC.US,5,20250808,184500,23.38,23.38,23.38,23.38,200,0
CCEC.US,5,20250808,190500,23.38,23.38,23.37,23.37,200,0
CCEC.US,5,20250808,192000,23.42,23.44,23.34,23.4399,3252,0
CCEC.US,5,20250808,192500,23.44,23.5,23.425,23.5,300,0
CCEC.US,5,20250808,193500,23.48,23.48,23.48,23.48,100,0
CCEC.US,5,20250808,194000,23.49,23.49,23.49,23.49,100,0
CCEC.US,5,20250808,195000,23.48,23.48,23.48,23.48,100,0
CCEC.US,5,20250808,200000,23.318,23.318,23.318,23.318,201,0
CCEC.US,5,20250808,200500,23.49,23.49,23.49,23.49,200,0
CCEC.US,5,20250808,202000,23.188,23.188,23.188,23.188,125,0
CCEC.US,5,20250808,203000,23.49,23.49,23.49,23.49,100,0
CCEC.US,5,20250808,204500,23.52,23.76,23.5,23.76,671,0
CCEC.US,5,20250808,205500,23.86,23.86,23.86,23.86,100,0
CCEC.US,5,20250808,210000,23.98,23.98,23.98,23.98,100,0
CCEC.US,5,20250808,213000,23.88,23.89,23.4,23.4,822,0
CCEC.US,5,20250808,213500,23.565,23.565,23.565,23.565,200,0
CCEC.US,5,20250808,215000,23.56,23.63,23.56,23.63,200,0
CCEC.US,5,20250808,215500,23.48,23.79,23.48,23.79,1687,0
CCEC.US,5,20250811,153000,23.52,23.52,23.52,23.52,326,0
CCEC.US,5,20250811,154500,23.2195,23.22,23.2195,23.22,200,0
CCEC.US,5,20250811,155000,23.22,23.23,23.22,23.23,200,0
CCEC.US,5,20250811,160500,23.29,23.3,23.29,23.3,400,0
CCEC.US,5,20250811,163000,23.51,23.51,23.51,23.51,100,0
CCEC.US,5,20250811,164000,23.45,23.45,23.22,23.22,215,0
CCEC.US,5,20250811,172500,23.23,23.23,23.23,23.23,100,0
CCEC.US,5,20250811,174000,23.085,23.47,23.085,23.47,200,0
CCEC.US,5,20250811,174500,23.2,23.2,23.2,23.2,150,0
CCEC.US,5,20250811,182000,23.075,23.075,23.075,23.075,100,0
CCEC.US,5,20250811,183500,23.225,23.225,23.225,23.225,100,0
CCEC.US,5,20250811,190500,23.06,23.06,23.06,23.06,100,0
CCEC.US,5,20250811,192000,23.01,23.01,22.84,22.84,620,0
CCEC.US,5,20250811,195500,22.8,22.9,22.71,22.77,700,0
CCEC.US,5,20250811,200500,22.71,22.71,22.71,22.71,100,0
CCEC.US,5,20250811,201000,22.86,22.86,22.86,22.86,100,0
CCEC.US,5,20250811,202500,22.72,22.89,22.72,22.852,1168,0
CCEC.US,5,20250811,204000,23.075,23.075,23.075,23.075,100,0
CCEC.US,5,20250811,205500,22.7001,22.7001,22.7001,22.7001,482,0
CCEC.US,5,20250811,211500,22.71,22.71,22.71,22.71,100,0
CCEC.US,5,20250811,213000,22.891,22.891,22.891,22.891,250,0
CCEC.US,5,20250811,214000,22.875,22.875,22.875,22.875,200,0
CCEC.US,5,20250811,214500,22.88,22.88,22.88,22.88,100,0
CCEC.US,5,20250811,215500,22.45,22.45,22.405,22.405,200,0
CCEC.US,5,20250812,161000,21.06,22.25,21.06,22.25,540,0
CCEC.US,5,20250812,170500,22.36,22.36,22.36,22.36,100,0
CCEC.US,5,20250812,171000,22.32,22.32,22.32,22.32,100,0
CCEC.US,5,20250812,175000,21.785,21.785,21.785,21.785,100,0
CCEC.US,5,20250812,180000,21.905,21.905,21.905,21.905,125,0
CCEC.US,5,20250812,182000,21.9575,22.02,21.9,21.9,1304,0
CCEC.US,5,20250812,192000,21.74,21.74,21.5,21.55,700,0
CCEC.US,5,20250812,192500,21.64,21.64,21.64,21.64,100,0
CCEC.US,5,20250812,193000,21.5001,21.5001,21.5001,21.5001,626,0
CCEC.US,5,20250812,201000,21.5001,21.5001,21.5001,21.5001,1137,0
CCEC.US,5,20250812,202500,21.74,21.74,21.74,21.74,100,0
CCEC.US,5,20250812,203500,21.69,21.725,21.65,21.725,503,0
CCEC.US,5,20250812,211000,21.54,21.54,21.54,21.54,100,0
CCEC.US,5,20250812,213500,21.52,21.52,21.52,21.52,204,0
CCEC.US,5,20250812,215000,21.5,21.5,21.345,21.345,869,0
CCEC.US,5,20250812,215500,21.56,21.56,21.56,21.56,189,0
CCEC.US,5,20250813,153000,21.45,21.45,21.45,21.45,534,0
CCEC.US,5,20250813,165000,21.27,21.5,21.27,21.5,10987,0
CCEC.US,5,20250813,170000,21.7,21.7,21.53,21.53,1187,0
CCEC.US,5,20250813,170500,21.52,21.52,21.41,21.43,1400,0
CCEC.US,5,20250813,172000,21.41,21.41,21.41,21.41,400,0
CCEC.US,5,20250813,173500,21.2766,21.2766,21.25,21.25,581,0
CCEC.US,5,20250813,175000,21.4,21.4,21.29,21.29,500,0
CCEC.US,5,20250813,175500,21.25,21.25,21.25,21.25,170,0
CCEC.US,5,20250813,181000,21.16,21.16,21.16,21.16,100,0
CCEC.US,5,20250813,181500,21.15,21.15,21.15,21.15,140,0
CCEC.US,5,20250813,183500,21.16,21.16,21.16,21.16,100,0
CCEC.US,5,20250813,190000,21.15,21.15,21.1,21.1,600,0
CCEC.US,5,20250813,191500,21.07,21.19,21,21,700,0
CCEC.US,5,20250813,194500,21.11,21.375,21.1,21.375,850,0
CCEC.US,5,20250813,200000,21.25,21.25,21.25,21.25,100,0
CCEC.US,5,20250813,204000,21.3575,21.3575,21.3575,21.3575,114,0
CCEC.US,5,20250813,204500,21.55,21.55,21.45,21.45,2769,0
CCEC.US,5,20250813,205000,21.55,21.59,21.55,21.59,459,0
CCEC.US,5,20250813,210500,21.295,21.295,21.295,21.295,100,0
CCEC.US,5,20250813,212000,21.4,21.4,21.4,21.4,100,0
CCEC.US,5,20250813,213000,21.5785,21.5785,21.565,21.565,255,0
CCEC.US,5,20250813,215000,21.385,21.385,21.32,21.32,200,0
CCEC.US,5,20250813,215500,21.45,21.45,21.45,21.45,285,0
CCEC.US,5,20250814,153000,21.45,21.45,21.45,21.45,107,0
CCEC.US,5,20250814,155000,21.6,21.6,21.6,21.6,104,0
CCEC.US,5,20250814,160000,21.4,21.4,21.4,21.4,156,0
CCEC.US,5,20250814,164000,21.36,21.36,21.36,21.36,200,0
CCEC.US,5,20250814,164500,21.6,21.6,21.6,21.6,500,0
CCEC.US,5,20250814,172000,21.13,21.13,21.13,21.13,100,0
CCEC.US,5,20250814,181500,21.16,21.16,21.16,21.16,100,0
CCEC.US,5,20250814,184500,21.305,21.305,21.305,21.305,214,0
CCEC.US,5,20250814,191500,21.16,21.16,21.16,21.16,100,0
CCEC.US,5,20250814,200500,21.3025,21.3025,21.3025,21.3025,100,0
CCEC.US,5,20250814,201500,21.16,21.47,21.16,21.47,307,0
CCEC.US,5,20250814,204000,21.34,21.34,21.34,21.34,100,0
CCEC.US,5,20250814,204500,21.28,21.28,21.28,21.28,100,0
CCEC.US,5,20250814,210000,21.175,21.175,21.175,21.175,100,0
CCEC.US,5,20250814,210500,21.16,21.16,21.16,21.16,100,0
CCEC.US,5,20250814,211000,21.345,21.345,21.345,21.345,100,0
CCEC.US,5,20250814,211500,21.165,21.165,21.165,21.165,100,0
CCEC.US,5,20250814,213000,21.24,21.24,21.24,21.24,204,0
CCEC.US,5,20250814,213500,21.165,21.22,21.165,21.22,200,0
CCEC.US,5,20250814,214000,21.16,21.16,21.16,21.16,100,0
CCEC.US,5,20250814,214500,21.21,21.21,21.06,21.18,500,0
CCEC.US,5,20250814,215500,20.76,20.94,20.7004,20.935,5513,0
CCEC.US,5,20250815,153500,21.085,21.085,21.085,21.085,500,0
CCEC.US,5,20250815,154000,20.98,20.98,20.98,20.98,200,0
CCEC.US,5,20250815,171000,21.15,21.15,21.15,21.15,100,0
CCEC.US,5,20250815,171500,21.6,21.6,21.6,21.6,120,0
CCEC.US,5,20250815,175000,21.204,21.204,21.204,21.204,750,0
CCEC.US,5,20250815,180500,21.27,21.27,21.27,21.27,100,0
CCEC.US,5,20250815,205500,21.38,21.38,21.38,21.38,235,0
CCEC.US,5,20250815,215500,21.37,21.37,21.37,21.37,322,0
CCEC.US,5,20250818,153000,21.37,21.8213,21.37,21.8213,358,0
CCEC.US,5,20250818,162500,21.25,21.25,21.2,21.2,1458,0
CCEC.US,5,20250818,164500,21.2,21.2,21.2,21.2,100,0
CCEC.US,5,20250818,171000,21.2071,21.2071,21.2071,21.2071,100,0
CCEC.US,5,20250818,171500,21.055,21.055,21.055,21.055,100,0
CCEC.US,5,20250818,173500,21.09,21.215,21.05,21.215,800,0
CCEC.US,5,20250818,184500,20.875,20.875,20.875,20.875,100,0
CCEC.US,5,20250818,193500,21.15,21.15,21.15,21.15,100,0
CCEC.US,5,20250818,194000,21.39,21.39,21.38,21.38,201,0
CCEC.US,5,20250818,195500,21.35,21.35,21.35,21.35,100,0
CCEC.US,5,20250818,200000,21.445,21.445,21.445,21.445,300,0
CCEC.US,5,20250818,201500,21.53,21.6,21.53,21.6,2158,0
CCEC.US,5,20250818,202000,21.6,21.63,21.55,21.59,3136,0
CCEC.US,5,20250818,202500,21.6,21.79,21.6,21.78,1500,0
CCEC.US,5,20250818,203000,22,22,21.97,21.97,2266,0
CCEC.US,5,20250818,203500,22,22,21.99,21.99,2491,0
CCEC.US,5,20250818,211000,22,22,22,22,100,0
CCEC.US,5,20250818,213000,21.98,22,21.98,22,900,0
CCEC.US,5,20250818,214500,22.01,22.01,21.97,21.97,200,0
CCEC.US,5,20250818,215500,21.79,21.92,21.79,21.92,1585,0
CCEC.US,5,20250819,153000,21.72,21.72,21.72,21.72,100,0
CCEC.US,5,20250819,164000,21.81,21.81,21.81,21.81,142,0
CCEC.US,5,20250819,172500,21.54,21.54,21.54,21.54,100,0
CCEC.US,5,20250819,182000,21.505,21.505,21.505,21.505,495,0
CCEC.US,5,20250819,203000,21.25,21.25,21.205,21.205,842,0
CCEC.US,5,20250819,205000,21.14,21.14,21.14,21.14,200,0
CCEC.US,5,20250819,205500,21.1,21.11,21.1,21.1,362,0
CCEC.US,5,20250819,211000,20.78,20.9711,20.78,20.875,500,0
CCEC.US,5,20250819,211500,20.99,20.99,20.99,20.99,100,0
CCEC.US,5,20250819,212000,20.99,20.99,20.76,20.76,891,0
CCEC.US,5,20250819,212500,20.84,20.84,20.84,20.84,100,0
CCEC.US,5,20250819,214500,20.97,20.97,20.97,20.97,100,0
CCEC.US,5,20250819,215000,20.97,21.05,20.88,21.05,877,0
CCEC.US,5,20250819,215500,20.88,20.88,20.88,20.88,650,0
CCEC.US,5,20250820,153000,20.8,20.8,20.8,20.8,174,0
CCEC.US,5,20250820,161000,21.51,21.51,21.51,21.51,472,0
CCEC.US,5,20250820,162000,21.606,21.606,21.606,21.606,100,0
CCEC.US,5,20250820,164000,21.7,21.7,21.65,21.65,567,0
CCEC.US,5,20250820,164500,21.65,21.75,21.6,21.735,1921,0
CCEC.US,5,20250820,165500,21.75,21.75,21.75,21.75,1252,0
CCEC.US,5,20250820,170500,21.76,21.76,21.76,21.76,159,0
CCEC.US,5,20250820,171000,21.7396,21.7396,21.7396,21.7396,600,0
CCEC.US,5,20250820,171500,21.7,21.7547,21.2501,21.2501,2076,0
CCEC.US,5,20250820,180000,21.65,21.65,21.65,21.65,361,0
CCEC.US,5,20250820,180500,21.65,21.7522,21.64,21.73,1300,0
CCEC.US,5,20250820,182000,21.75,21.75,21.75,21.75,500,0
CCEC.US,5,20250820,184500,21.81,21.81,21.81,21.81,100,0
CCEC.US,5,20250820,185500,21.6501,21.795,21.6501,21.795,1253,0
CCEC.US,5,20250820,193500,21.79,21.79,21.79,21.79,443,0
CCEC.US,5,20250820,194000,21.65,21.73,21.59,21.59,710,0
CCEC.US,5,20250820,195500,21.7,21.7,21.7,21.7,339,0
CCEC.US,5,20250820,201000,21.845,21.85,21.845,21.85,543,0
CCEC.US,5,20250820,201500,21.85,21.85,21.84,21.84,720,0
CCEC.US,5,20250820,203000,21.85,21.88,21.8001,21.8001,1496,0
CCEC.US,5,20250820,203500,21.8,21.94,21.8,21.94,2182,0
CCEC.US,5,20250820,205000,22,22.15,21.99,22.15,2287,0
CCEC.US,5,20250820,205500,22.35,22.36,21.4001,21.51,3540,0
CCEC.US,5,20250820,210000,21.9001,22.0679,21.69,21.9,1276,0
CCEC.US,5,20250820,210500,22.06,22.08,22.06,22.08,300,0
CCEC.US,5,20250820,214000,21.95,21.96,21.95,21.96,250,0
CCEC.US,5,20250820,215000,21.96,21.96,21.96,21.96,250,0
CCEC.US,5,20250820,215500,22.06,22.06,22.06,22.06,279,0
CCEC.US,5,20250821,172500,21.57,21.57,21.57,21.57,1159,0
CCEC.US,5,20250821,173500,21.5,21.5,21.5,21.5,110,0
CCEC.US,5,20250821,181500,21.5697,21.5697,21.5697,21.5697,178,0
CCEC.US,5,20250821,185000,21.97,21.97,21.97,21.97,155,0
CCEC.US,5,20250821,192000,21.56,21.56,21.55,21.55,200,0
CCEC.US,5,20250821,193000,21.1601,21.775,21.1601,21.775,200,0
CCEC.US,5,20250821,200000,21.6766,21.6766,21.6766,21.6766,100,0
CCEC.US,5,20250821,203500,21.69,21.69,21.69,21.69,100,0
CCEC.US,5,20250821,210000,21.75,21.76,21.58,21.58,1300,0
CCEC.US,5,20250821,211000,21.71,21.71,21.71,21.71,300,0
CCEC.US,5,20250821,211500,21.67,21.67,21.58,21.58,212,0
CCEC.US,5,20250821,212500,21.42,21.42,21.42,21.42,100,0
CCEC.US,5,20250821,213000,21.58,21.58,21.42,21.58,2100,0
CCEC.US,5,20250821,213500,21.58,21.58,21.41,21.41,1000,0
CCEC.US,5,20250821,214000,21.5,21.56,21.36,21.43,1795,0
CCEC.US,5,20250821,214500,21.34,21.34,21.34,21.34,290,0
CCEC.US,5,20250821,215000,21.25,21.25,21.12,21.175,1082,0
CCEC.US,5,20250821,215500,21.04,21.18,21.04,21.11,1278,0
CCEC.US,5,20250822,155000,21.21,21.21,20.81,20.81,747,0
CCEC.US,5,20250822,160500,20.99,20.99,20.99,20.99,200,0
CCEC.US,5,20250822,161000,21.22,21.43,20.98,20.99,1600,0
CCEC.US,5,20250822,161500,21.46,21.46,21.46,21.46,100,0
CCEC.US,5,20250822,164000,21.14,21.14,21.14,21.14,334,0
CCEC.US,5,20250822,173000,21.01,21.01,21.01,21.01,100,0
CCEC.US,5,20250822,183500,21.25,21.4,21.12,21.24,1700,0
CCEC.US,5,20250822,184000,21.42,21.505,21.42,21.505,400,0
CCEC.US,5,20250822,185000,21.5,21.574142,21.38,21.55,1930,0
CCEC.US,5,20250822,185500,21.26,21.26,21.26,21.26,100,0
CCEC.US,5,20250822,190500,21.455,21.455,21.27,21.27,347,0
CCEC.US,5,20250822,192500,21.26,21.445,21.25,21.25,1414,0
CCEC.US,5,20250822,200000,21.6,21.6,21.6,21.6,300,0
CCEC.US,5,20250822,201500,21.54,21.54,21.54,21.54,100,0
CCEC.US,5,20250822,204000,21.63,21.63,21.63,21.63,200,0
CCEC.US,5,20250822,210000,21.45,21.45,21.45,21.45,200,0
CCEC.US,5,20250822,212000,21.48,21.48,21.48,21.48,200,0
CCEC.US,5,20250822,215500,21.59,21.59,21.59,21.59,186,0
CCEC.US,5,20250825,182500,21.29,21.29,21.29,21.29,100,0
CCEC.US,5,20250825,192000,21.5,21.5,21.5,21.5,100,0
CCEC.US,5,20250825,192500,21.545,21.545,21.545,21.545,200,0
CCEC.US,5,20250825,193000,21.545,21.545,21.545,21.545,100,0
CCEC.US,5,20250825,215500,21.31,21.46,21.31,21.35,603,0
CCEC.US,5,20250826,171500,21.24,21.24,20.935,20.935,336,0
CCEC.US,5,20250826,184000,21.25,21.25,21.25,21.25,100,0
CCEC.US,5,20250826,211500,21.21,21.21,21.21,21.21,100,0
CCEC.US,5,20250826,213500,21.28,21.28,21.28,21.28,100,0
CCEC.US,5,20250826,214500,21.29,21.3374,21.24,21.25,1183,0
CCEC.US,5,20250826,215000,21.8,22.01,21.68,21.81,3063,0
CCEC.US,5,20250826,215500,21.75,21.75,21.75,21.75,10179,0
CCEC.US,5,20250827,153000,21.59,21.59,21.59,21.59,414,0
CCEC.US,5,20250827,162000,21.1383,21.1383,21.1383,21.1383,596,0
CCEC.US,5,20250827,185000,21.325,21.325,21.325,21.325,474,0
CCEC.US,5,20250827,195500,21.3442,21.3442,21.3442,21.3442,300,0
CCEC.US,5,20250827,214500,21.44,21.44,21.43,21.43,400,0
CCEC.US,5,20250827,215500,21.71,21.71,21.57,21.57,375,0
CCEC.US,5,20250828,153000,21.36,21.36,21.36,21.36,159,0
CCEC.US,5,20250828,175500,21.42,21.42,21.42,21.42,100,0
CCEC.US,5,20250828,182000,21.21,21.3439,21.21,21.3439,637,0
CCEC.US,5,20250828,190000,21.2,21.2001,21.19,21.2,1412,0
CCEC.US,5,20250828,202500,21.36,21.36,21.36,21.36,100,0
CCEC.US,5,20250828,213500,21.2674,21.2674,21.2674,21.2674,360,0
CCEC.US,5,20250828,214500,21.355,21.355,21.355,21.355,100,0
CCEC.US,5,20250828,215500,21.33,21.35,21.33,21.35,200,0
CCEC.US,5,20250829,153000,21.1,21.1,21.1,21.1,308,0
CCEC.US,5,20250829,171000,21.1896,21.1896,21.1896,21.1896,102,0
CCEC.US,5,20250829,193000,21.3475,21.3475,21.3475,21.3475,100,0
CCEC.US,5,20250829,194500,21.33,21.33,21.225,21.225,1600,0
CCEC.US,5,20250829,215500,21.1,21.1,21.1,21.1,1391,0
CCEC.US,5,20250902,153000,21,21.1,21,21.1,1108,0
CCEC.US,5,20250902,174500,21.14,21.14,21.14,21.14,100,0
CCEC.US,5,20250902,213500,21,21.0001,20.99,21.0001,720,0
CCEC.US,5,20250902,214500,20.7665,20.7665,20.7665,20.7665,400,0
CCEC.US,5,20250902,215000,21,21.19,21,21.19,314,0
CCEC.US,5,20250903,153000,21,21,21,21,113,0
CCEC.US,5,20250903,155500,21.19,21.19,21.19,21.19,100,0
CCEC.US,5,20250903,163000,21.18,21.18,21.18,21.18,100,0
CCEC.US,5,20250903,165000,21.13,21.13,21.13,21.13,100,0
CCEC.US,5,20250903,172500,20.81,20.81,20.81,20.81,100,0
CCEC.US,5,20250903,174000,21,21,21,21,112,0
CCEC.US,5,20250903,202500,20.9,20.9302,20.9,20.93,427,0
CCEC.US,5,20250904,165500,20.96,20.96,20.96,20.96,2137,0
CCEC.US,5,20250904,180500,19.8701,20.625,19.8701,20.17,1064,0
CCEC.US,5,20250904,182000,21.16,21.16,21.16,21.16,100,0
CCEC.US,5,20250904,184500,20.88,21.105,20.88,21.105,300,0
CCEC.US,5,20250904,190000,21,21,21,21,100,0
CCEC.US,5,20250904,193000,21.01,21.01,21.01,21.01,100,0
CCEC.US,5,20250904,195500,20.91,20.91,20.91,20.91,400,0
CCEC.US,5,20250904,200000,20.93,20.93,20.93,20.93,100,0
CCEC.US,5,20250904,200500,20.95,20.99,20.95,20.99,200,0
CCEC.US,5,20250904,202000,21.15,21.15,21.15,21.15,100,0
CCEC.US,5,20250904,203000,21.035,21.035,21.035,21.035,100,0
CCEC.US,5,20250904,203500,21.125,21.125,21.125,21.125,200,0
CCEC.US,5,20250904,204000,21.25,21.25,21.25,21.25,100,0
CCEC.US,5,20250904,205500,21.03,21.19,21.015,21.19,700,0
CCEC.US,5,20250904,210000,21.34,21.34,21.34,21.34,100,0
CCEC.US,5,20250904,212000,21.35,21.35,21.35,21.35,100,0
CCEC.US,5,20250904,212500,21.1,21.1,21.1,21.1,100,0
CCEC.US,5,20250904,213000,20.96,21.19,20.96,21.08,1400,0
CCEC.US,5,20250904,213500,21.18,21.18,21.18,21.18,200,0
CCEC.US,5,20250904,214500,21.11,21.11,21.11,21.11,100,0
CCEC.US,5,20250904,215500,21.1,21.1,21.1,21.1,100,0
CCEC.US,5,20250905,160500,21.07,21.07,21.07,21.07,100,0
CCEC.US,5,20250905,163500,21,21.1099,21,21,810,0
CCEC.US,5,20250905,164500,21,21,21,21,131,0
CCEC.US,5,20250905,165500,21.18,21.18,21.18,21.18,100,0
CCEC.US,5,20250905,172500,21.2,21.255,21.2,21.22,300,0
CCEC.US,5,20250905,174000,21.11,21.11,21.11,21.11,100,0
CCEC.US,5,20250905,174500,21.22,21.22,21.22,21.22,100,0
CCEC.US,5,20250905,181000,21.29,21.29,21.255,21.255,200,0
CCEC.US,5,20250905,184000,21.2,21.2,21.2,21.2,200,0
CCEC.US,5,20250905,190500,21.5,21.5,21.5,21.5,100,0
CCEC.US,5,20250905,204000,21.535,21.535,21.5,21.5,200,0
CCEC.US,5,20250905,210000,21.48,21.48,21.48,21.48,373,0
CCEC.US,5,20250905,210500,21.34,21.34,21.34,21.34,100,0
CCEC.US,5,20250905,214500,21.55,21.55,21.55,21.55,100,0
CCEC.US,5,20250905,215000,21.55,21.66,21.47,21.66,1304,0
CCEC.US,5,20250905,215500,21.96,21.96,21.5,21.78,300,0
CCEC.US,5,20250908,154500,20.105,20.105,20.105,20.105,400,0
CCEC.US,5,20250908,174500,21.37,21.37,21.1,21.1,300,0
CCEC.US,5,20250908,175500,21.37,21.37,21.37,21.37,1429,0
CCEC.US,5,20250908,180000,21.48,21.48,21.48,21.48,100,0
CCEC.US,5,20250908,181000,21.48,21.48,21.48,21.48,258,0
CCEC.US,5,20250908,182500,21.63,21.63,21.63,21.63,100,0
CCEC.US,5,20250908,184500,21.7,21.7,21.7,21.7,100,0
CCEC.US,5,20250908,190500,21.355,21.355,21.355,21.355,100,0
CCEC.US,5,20250908,191000,21.7,21.7,21.7,21.7,100,0
CCEC.US,5,20250908,193500,21.3066,21.3066,21.3066,21.3066,151,0
CCEC.US,5,20250908,200000,21.68,21.71,21.435,21.66,1100,0
CCEC.US,5,20250908,203000,21.82,21.82,21.82,21.82,100,0
CCEC.US,5,20250908,210500,21.67,21.67,21.67,21.67,100,0
CCEC.US,5,20250908,211000,21.5001,21.555,21.5001,21.555,369,0
CCEC.US,5,20250908,211500,21.555,21.585,21.555,21.585,200,0
CCEC.US,5,20250908,213500,21.72,21.78,21.49,21.49,600,0
CCEC.US,5,20250908,214000,21.4992,21.4992,21.4992,21.4992,259,0
CCEC.US,5,20250908,214500,21.76,21.78,21.57,21.675,1269,0
CCEC.US,5,20250908,215000,21.91,21.91,21.91,21.91,100,0
CCEC.US,5,20250908,215500,21.85,21.85,21.85,21.85,130,0
CCEC.US,5,20250909,154000,21.2051,21.2051,21.2051,21.2051,561,0
CCEC.US,5,20250909,155000,21.46,21.46,21.46,21.46,128,0
CCEC.US,5,20250909,164000,21.8,21.855,21.2,21.4,32329,0
CCEC.US,5,20250909,165500,21.43,21.43,21.41,21.41,343,0
CCEC.US,5,20250909,172000,21.22,21.2201,21,21,401,0
CCEC.US,5,20250909,172500,21.35,21.35,21.35,21.35,300,0
CCEC.US,5,20250909,180000,21.35,21.35,21.35,21.35,100,0
CCEC.US,5,20250909,192000,21.245,21.245,21.245,21.245,396,0
CCEC.US,5,20250909,203000,21.0475,21.06,21.0475,21.06,575,0
CCEC.US,5,20250909,205500,21.1694,21.1694,21.1694,21.1694,137,0
CCEC.US,5,20250909,210500,21.195,21.195,21.07,21.07,608,0
CCEC.US,5,20250909,211000,21.195,21.99,21.195,21.5,2950,0
CCEC.US,5,20250909,211500,21.4,21.4,21.4,21.4,450,0
CCEC.US,5,20250909,212000,21.1114,21.49,21.1114,21.49,1266,0
CCEC.US,5,20250909,214000,21.54,21.54,21.5,21.5,1699,0
CCEC.US,5,20250909,215000,21.5,21.54,21.5,21.54,1218,0
CCEC.US,5,20250909,215500,21.5,21.6,21.5,21.5,1118,0
CCEC.US,5,20250910,153000,21.41,21.41,21.02,21.1701,2361,0
CCEC.US,5,20250910,161000,21.41,21.56,21.38,21.56,600,0
CCEC.US,5,20250910,163000,21.75,22.03,21.75,22.03,273,0
CCEC.US,5,20250910,165500,22.19,22.19,22.19,22.19,206,0
CCEC.US,5,20250910,185000,21.3001,21.3001,21.3001,21.3001,142,0
CCEC.US,5,20250910,190500,21.31,21.3101,21.31,21.3101,680,0
CCEC.US,5,20250910,193000,21.485,21.485,21.485,21.485,124,0
CCEC.US,5,20250910,200500,21.5,21.5,21.5,21.5,433,0
CCEC.US,5,20250910,202000,21.7,21.7,21.7,21.7,316,0
CCEC.US,5,20250910,203000,21.645,21.65,21.6,21.6,902,0
CCEC.US,5,20250910,204000,21.6501,21.7,21.48,21.69,4217,0
CCEC.US,5,20250910,204500,21.67,21.69,21.67,21.67,300,0
CCEC.US,5,20250910,205000,21.845,21.845,21.5069,21.845,1789,0
CCEC.US,5,20250910,211500,21.9,21.9,21.7,21.7,926,0
CCEC.US,5,20250910,215000,21.54,21.58,21.54,21.57,400,0
CCEC.US,5,20250910,215500,21.37,21.37,21.37,21.37,380,0
CCEC.US,5,20250911,215500,21.36,21.36,21.36,21.36,306,0
CCEC.US,5,20250912,182000,21.275,21.275,21.275,21.275,424,0
CCEC.US,5,20250912,192000,21.0101,21.0101,21.0101,21.0101,357,0
CCEC.US,5,20250912,205500,21.175,21.33,21.11,21.33,500,0
CCEC.US,5,20250912,210000,21.36,21.36,21.36,21.36,300,0
CCEC.US,5,20250912,212500,21.22,21.22,21.13,21.13,200,0
CCEC.US,5,20250912,213000,21.01,21.01,20.97,20.97,594,0
CCEC.US,5,20250912,213500,21.06,21.06,21.06,21.06,100,0
CCEC.US,5,20250912,215500,20.56,20.56,20.56,20.56,196,0
CCEC.US,5,20250915,153000,20.61,20.61,20.61,20.61,237,0
CCEC.US,5,20250915,153500,20.8,20.8,20.8,20.8,100,0
CCEC.US,5,20250915,164000,20.82,20.82,20.8,20.8,613,0
CCEC.US,5,20250915,165000,20.685,20.6851,20.67,20.6702,850,0
CCEC.US,5,20250915,165500,20.97,20.99,20.97,20.99,1000,0
CCEC.US,5,20250915,173000,20.89,20.99,20.89,20.9,500,0
CCEC.US,5,20250915,173500,20.99,21.15,20.99,21.13,645,0
CCEC.US,5,20250915,174500,20.835,20.835,20.835,20.835,200,0
CCEC.US,5,20250915,183500,20.99,21.05,20.99,21.05,300,0
CCEC.US,5,20250915,193500,20.85,20.85,20.85,20.85,200,0
CCEC.US,5,20250915,194000,20.81,20.81,20.81,20.81,217,0
CCEC.US,5,20250915,195000,20.566,20.86,20.566,20.86,2500,0
CCEC.US,5,20250915,210500,20.765,20.765,20.765,20.765,100,0
CCEC.US,5,20250915,212500,20.895,20.895,20.895,20.895,100,0
CCEC.US,5,20250915,213000,20.735,20.735,20.735,20.735,100,0
CCEC.US,5,20250915,213500,20.78,20.78,20.755,20.755,243,0
CCEC.US,5,20250915,214000,20.72,21.11,20.72,20.83,809,0
CCEC.US,5,20250915,214500,20.69,20.69,20.69,20.69,100,0
CCEC.US,5,20250915,215500,20.61,20.61,20.61,20.61,182,0
CCEC.US,5,20250916,153000,20.56,20.57,20.56,20.57,241,0
CCEC.US,5,20250916,153500,20.46,20.46,20.46,20.46,101,0
CCEC.US,5,20250916,154000,20.67,20.67,20.67,20.67,200,0
CCEC.US,5,20250916,154500,20.5,20.5,20.5,20.5,227,0
CCEC.US,5,20250916,162000,20.89,20.89,20.89,20.89,100,0
CCEC.US,5,20250916,162500,20.89,20.89,20.88,20.88,200,0
CCEC.US,5,20250916,163000,21.16,21.16,20.89,20.89,200,0
CCEC.US,5,20250916,164000,21.005,21.005,21.005,21.005,237,0
CCEC.US,5,20250916,174000,20.87,20.87,20.87,20.87,100,0
CCEC.US,5,20250916,180000,21.16,21.185,21.16,21.185,1675,0
CCEC.US,5,20250916,183500,21.33,21.33,21.33,21.33,100,0
CCEC.US,5,20250916,191500,21.37,21.37,21.37,21.37,100,0
CCEC.US,5,20250916,193500,21.365,21.365,21.365,21.365,100,0
CCEC.US,5,20250916,194500,21.37,21.37,21.37,21.37,167,0
CCEC.US,5,20250916,195000,21.04,21.04,21.04,21.04,120,0
CCEC.US,5,20250916,195500,21.58,21.58,21.58,21.58,100,0
CCEC.US,5,20250916,205500,21.65,21.705,21.65,21.68,300,0
CCEC.US,5,20250916,211500,21.85,21.85,21.81,21.81,520,0
CCEC.US,5,20250916,212500,22.02,22.02,22.02,22.02,100,0
CCEC.US,5,20250916,213500,22.02,22.02,22.02,22.02,100,0
CCEC.US,5,20250916,214500,22.02,22.02,22.02,22.02,100,0
CCEC.US,5,20250916,215500,21.97,21.97,21.81,21.81,781,0
CCEC.US,5,20250917,153000,21.43,21.43,21.43,21.43,311,0
CCEC.US,5,20250917,154000,21.2894,21.2894,21.2894,21.2894,120,0
CCEC.US,5,20250917,160000,21.3832,21.3832,21.3832,21.3832,100,0
CCEC.US,5,20250917,161000,21.385,21.385,21.385,21.385,100,0
CCEC.US,5,20250917,163000,21.758,21.758,21.758,21.758,500,0
CCEC.US,5,20250917,194500,21.6,21.6,21.6,21.6,100,0
CCEC.US,5,20250917,201000,21.1227,21.1227,21.1227,21.1227,100,0
CCEC.US,5,20250917,215500,21.41,21.41,21.41,21.41,100,0
CCEC.US,5,20250918,153500,21.16,21.16,21.16,21.16,100,0
CCEC.US,5,20250918,170500,21.8099,21.8099,21.8099,21.8099,357,0
CCEC.US,5,20250918,173000,21.225,21.28,21.225,21.23,400,0
CCEC.US,5,20250918,203500,21.09,21.09,21.09,21.09,100,0
CCEC.US,5,20250918,214000,21.09,21.09,21.09,21.09,100,0
CCEC.US,5,20250918,214500,21.09,21.09,21.09,21.09,100,0
CCEC.US,5,20250918,215500,21.07,21.07,21.07,21.07,200,0
CCEC.US,5,20250919,153000,21.5,21.5,21.46,21.46,1400,0
CCEC.US,5,20250919,153500,21.15,21.35,21.03,21.35,716,0
CCEC.US,5,20250919,154000,21.5,21.73,21.5,21.73,1100,0
CCEC.US,5,20250919,155500,21.4,21.4,21.4,21.4,100,0
CCEC.US,5,20250919,161000,21.35,21.4,21.35,21.4,500,0
CCEC.US,5,20250919,162500,21.11,21.11,21.11,21.11,100,0
CCEC.US,5,20250919,163000,21.2,21.5,21.2,21.5,5338,0
CCEC.US,5,20250919,163500,21.6,21.84,21.6,21.84,1726,0
CCEC.US,5,20250919,164000,21.8,21.8,21.8,21.8,510,0
CCEC.US,5,20250919,170500,21.9,21.9,21.9,21.9,1189,0
CCEC.US,5,20250919,171000,21.9,21.9,21.85,21.85,1966,0
CCEC.US,5,20250919,174000,21.85,21.85,21.85,21.85,655,0
CCEC.US,5,20250919,174500,21.8,21.8,21.8,21.8,1000,0
CCEC.US,5,20250919,175500,21.8,22.2,21.75,22.2,4697,0
CCEC.US,5,20250919,180000,22.02,22.02,22,22,359,0
CCEC.US,5,20250919,180500,22.02,22.02,22.02,22.02,100,0
CCEC.US,5,20250919,182000,22,22,22,22,739,0
CCEC.US,5,20250919,191000,21.87,22,21.87,22,1065,0
CCEC.US,5,20250919,192500,22,22,21.88,21.9,582,0
CCEC.US,5,20250919,193000,22.19,22.32,22.16,22.32,1484,0
CCEC.US,5,20250919,200000,22.27,22.27,22.27,22.27,150,0
CCEC.US,5,20250919,200500,22,22,22,22,469,0
CCEC.US,5,20250919,202500,22.02,22.26,22,22.26,1400,0
CCEC.US,5,20250919,203500,22.01,22.01,22.01,22.01,110,0
CCEC.US,5,20250919,204500,22.01,22.02,22,22.02,600,0
CCEC.US,5,20250919,205500,22,22,22,22,200,0
CCEC.US,5,20250919,210500,21.395,21.89,20.8001,21.89,1400,0
CCEC.US,5,20250919,211000,21.92,21.92,21.9,21.9,600,0
CCEC.US,5,20250919,212500,21.848,21.848,21.848,21.848,180,0
CCEC.US,5,20250919,213000,21.95,21.95,21.95,21.95,488,0
CCEC.US,5,20250919,213500,21.95,21.95,21.9,21.9,600,0
CCEC.US,5,20250919,214000,21.9,21.91,21.9,21.91,402,0
CCEC.US,5,20250919,214500,21.95,22,21.95,22,600,0
CCEC.US,5,20250919,215500,21.9,22.08,21.9,22.08,652,0
CCEC.US,5,20250922,153000,21.61,21.61,21.61,21.61,305,0
CCEC.US,5,20250922,160000,21.65,21.855,21.65,21.855,692,0
CCEC.US,5,20250922,161500,21.81,21.81,21.81,21.81,100,0
CCEC.US,5,20250922,165000,22.13,22.29,22.1,22.16,2238,0
CCEC.US,5,20250922,165500,22.15,22.15,22.1,22.1,544,0
CCEC.US,5,20250922,170000,22.15,22.15,22.15,22.15,600,0
CCEC.US,5,20250922,172000,22.18,22.21,22.18,22.21,824,0
CCEC.US,5,20250922,172500,22.2,22.25,22.2,22.25,465,0
CCEC.US,5,20250922,175500,22.45,22.5479,22.45,22.5479,651,0
CCEC.US,5,20250922,182000,22.895,22.895,22.895,22.895,217,0
CCEC.US,5,20250922,182500,22.8001,22.8001,22.8001,22.8001,500,0
CCEC.US,5,20250922,183000,22.8,22.8,22.76,22.76,547,0
CCEC.US,5,20250922,184000,22.8,22.8,22.8,22.8,645,0
CCEC.US,5,20250922,185000,22.8,22.8,22.8,22.8,826,0
CCEC.US,5,20250922,185500,22.75,22.75,22.7,22.7,1121,0
CCEC.US,5,20250922,190000,22.49,22.52,22.49,22.52,200,0
CCEC.US,5,20250922,191000,22.56,22.75,22.56,22.75,200,0
CCEC.US,5,20250922,195500,22.75,22.75,22.75,22.75,379,0
CCEC.US,5,20250922,201000,22.7694,23,22.7694,23,925,0
CCEC.US,5,20250922,201500,23.13,23.13,23.13,23.13,150,0
CCEC.US,5,20250922,202500,23.2,23.2,23.2,23.2,121,0
CCEC.US,5,20250922,203500,23,23.19,23,23,1600,0
CCEC.US,5,20250922,215500,23.21,23.25,23.11,23.11,684,0
CCEC.US,5,20250923,153000,22.7286,22.7286,22.7286,22.7286,200,0
CCEC.US,5,20250923,162000,22.5,23.39,22.5,22.99,5018,0
CCEC.US,5,20250923,181500,23.16,23.16,23.16,23.16,171,0
CCEC.US,5,20250923,184500,23.0316,23.0316,23.0316,23.0316,180,0
CCEC.US,5,20250923,192500,23.11,23.11,23.11,23.11,100,0
CCEC.US,5,20250923,193500,22.92,22.92,22.8,22.8,800,0
CCEC.US,5,20250923,194000,22.8,22.85,22.71,22.81,2645,0
CCEC.US,5,20250923,195000,22.945,22.945,22.945,22.945,266,0
CCEC.US,5,20250923,195500,22.8,22.8,22.75,22.75,810,0
CCEC.US,5,20250923,201500,22.8,22.8,22.75,22.8,1495,0
CCEC.US,5,20250923,203000,22.75,22.81,22.75,22.77,881,0
CCEC.US,5,20250923,204000,22.75,22.75,22.75,22.75,423,0
CCEC.US,5,20250923,205000,22.7,22.75,22.7,22.7,827,0
CCEC.US,5,20250923,211000,22.7,22.7,22.7,22.7,463,0
CCEC.US,5,20250923,212000,22.6,22.78,22.6,22.78,980,0
CCEC.US,5,20250923,215500,22.7,22.7,22.7,22.7,179,0
CCEC.US,5,20250924,153000,21.4253,21.4253,21.4253,21.4253,166,0
CCEC.US,5,20250924,154000,21.71,22.02,21.22,22.02,1067,0
CCEC.US,5,20250924,154500,22.45,22.45,22.45,22.45,287,0
CCEC.US,5,20250924,163000,22.035,22.035,22.035,22.035,150,0
CCEC.US,5,20250924,171500,22.4,22.5,22.35,22.5,1430,0
CCEC.US,5,20250924,172000,22.5,22.5,22.5,22.5,480,0
CCEC.US,5,20250924,172500,22.5,22.56,22.5,22.56,533,0
CCEC.US,5,20250924,173500,22.65,22.65,22.65,22.65,4335,0
CCEC.US,5,20250924,175500,22.65,22.65,22.65,22.65,235,0
CCEC.US,5,20250924,184500,22.62,22.62,22.5,22.5,1000,0
CCEC.US,5,20250924,185000,22.55,22.55,22.55,22.55,422,0
CCEC.US,5,20250924,194500,22.55,22.655,22.55,22.655,484,0
CCEC.US,5,20250924,195500,22.45,22.8,22.45,22.78,700,0
CCEC.US,5,20250924,200000,22.79,22.85,22.79,22.85,1058,0
CCEC.US,5,20250924,200500,22.8,22.8,22.77,22.77,700,0
CCEC.US,5,20250924,202500,22.8,22.8,22.8,22.8,407,0
CCEC.US,5,20250924,203000,22.8,23,22.79,23,3300,0
CCEC.US,5,20250924,205500,22.8,22.8,22.8,22.8,500,0
CCEC.US,5,20250924,211500,22.81,22.81,22.8,22.8,441,0
CCEC.US,5,20250924,212000,22.84,22.9,22.84,22.9,400,0
CCEC.US,5,20250924,214500,22.81,22.81,22.8,22.8,578,0
CCEC.US,5,20250924,215000,22.85,22.85,22.85,22.85,100,0
CCEC.US,5,20250924,215500,22.85,22.9,22.8,22.8,752,0
CCEC.US,5,20250925,154500,22.81,22.81,22.8,22.8,687,0
CCEC.US,5,20250925,161000,22.655,22.655,22.655,22.655,100,0
CCEC.US,5,20250925,170500,22.45,22.46,22.45,22.46,300,0
CCEC.US,5,20250925,171500,22.5131,22.5131,22.5131,22.5131,151,0
CCEC.US,5,20250925,201000,22.45,22.625,22.35,22.625,600,0
CCEC.US,5,20250925,214500,22.2,22.2,22.2,22.2,100,0
CCEC.US,5,20250925,215500,22.39,22.53,22.31,22.5,1832,0
CCEC.US,5,20250926,154500,22.96,23.04,22.93,23.04,2098,0
CCEC.US,5,20250926,170500,23.01,23.1505,23,23.1505,15596,0
CCEC.US,5,20250926,175000,23.2351,23.2351,23.2351,23.2351,250,0
CCEC.US,5,20250926,184000,23,23,23,23,1228,0
CCEC.US,5,20250926,190000,22.61,22.72,22.34,22.34,300,0
CCEC.US,5,20250926,203000,22.72,22.72,22.72,22.72,500,0
CCEC.US,5,20250926,214000,22.7,22.7,22.7,22.7,100,0
CCEC.US,5,20250926,215500,22.33,22.33,22.18,22.18,233,0
CCEC.US,5,20250929,170500,22.1927,22.1927,22.1927,22.1927,223,0
CCEC.US,5,20250929,171000,22.1546,22.1546,22.1546,22.1546,230,0
CCEC.US,5,20250929,174500,21.9946,21.9946,21.9946,21.9946,480,0
CCEC.US,5,20250929,214000,21.95,21.95,21.92,21.94,600,0
CCEC.US,5,20250929,215500,21.61,21.77,21.6,21.77,605,0
CCEC.US,5,20250930,155500,22.47,22.53,22.45,22.45,400,0
CCEC.US,5,20250930,165500,22.5286,22.5286,22.5286,22.5286,150,0
CCEC.US,5,20250930,170500,22.5,22.51,22.45,22.45,980,0
CCEC.US,5,20250930,171000,22.5,22.5,22.4,22.49,1657,0
CCEC.US,5,20250930,173000,22.15,22.15,22.15,22.15,568,0
CCEC.US,5,20250930,180000,22.4,22.4,22.4,22.4,500,0
CCEC.US,5,20250930,190500,22.4,22.4,22.4,22.4,1166,0
CCEC.US,5,20250930,191000,22.4,22.4,22.4,22.4,303,0
CCEC.US,5,20250930,194000,22.41,22.41,22.41,22.41,100,0
CCEC.US,5,20250930,200000,22.33,22.34,22.33,22.34,700,0
CCEC.US,5,20250930,203500,22.4,22.4,22.4,22.4,190,0
CCEC.US,5,20250930,205500,22.4,22.4,22.4,22.4,100,0
CCEC.US,5,20250930,210000,22.4,22.44,22.4,22.44,430,0
CCEC.US,5,20250930,212000,22.2826,22.5,22.24,22.5,1900,0
CCEC.US,5,20250930,213000,22.79,22.8081,22.79,22.8081,600,0
CCEC.US,5,20250930,215500,22.51,22.69,22.51,22.69,400,0
CCEC.US,5,20251001,155000,22.52,22.52,22.52,22.52,300,0
CCEC.US,5,20251001,185000,22.815,22.815,22.815,22.815,100,0
CCEC.US,5,20251001,205500,22.5201,22.5201,22.5201,22.5201,171,0
CCEC.US,5,20251001,212000,22.555,22.88,22.555,22.88,300,0
CCEC.US,5,20251001,215500,22.285,22.285,22.02,22.02,336,0
CCEC.US,5,20251002,154000,21.7047,21.7047,21.7047,21.7047,1557,0
CCEC.US,5,20251002,163000,21.72,21.72,21.72,21.72,100,0
CCEC.US,5,20251002,202000,21.855,21.855,21.855,21.855,100,0
CCEC.US,5,20251002,205000,21.73,21.73,21.73,21.73,100,0
CCEC.US,5,20251002,205500,21.8525,21.8525,21.8525,21.8525,100,0
CCEC.US,5,20251002,210500,21.855,21.855,21.855,21.855,100,0
CCEC.US,5,20251002,212500,21.775,21.792,21.775,21.792,803,0
CCEC.US,5,20251002,215500,21.65,21.81,21.65,21.81,200,0
CCEC.US,5,20251003,174500,22.4804,22.4804,22.4804,22.4804,133,0
CCEC.US,5,20251003,180000,21.9748,21.9748,21.9748,21.9748,234,0
CCEC.US,5,20251003,190000,22.2768,22.2768,22.2768,22.2768,100,0
CCEC.US,5,20251003,203000,21.8,21.8,21.64,21.64,350,0
CCEC.US,5,20251003,203500,21.64,21.64,21.62,21.62,367,0
CCEC.US,5,20251003,210000,21.47,21.4701,21.47,21.4701,200,0
CCEC.US,5,20251003,211000,21.27,21.33,21.27,21.33,233,0
CCEC.US,5,20251003,212000,21.21,21.46,21.21,21.21,1134,0
CCEC.US,5,20251003,212500,21.38,21.38,21.38,21.38,233,0
CCEC.US,5,20251003,214500,21.5,21.5,21.46,21.5,688,0
CCEC.US,5,20251003,215000,21.52,21.52,21.52,21.52,275,0
CCEC.US,5,20251003,215500,21.395,21.395,21.33,21.35,544,0
CCEC.US,5,20251006,160000,21.795,22.18,21.795,22.18,2066,0
CCEC.US,5,20251006,160500,22.12,22.12,22.12,22.12,218,0
CCEC.US,5,20251006,161500,22.26,22.26,22.26,22.26,300,0
CCEC.US,5,20251006,162500,22.15,22.15,22.1,22.1,506,0
CCEC.US,5,20251006,164500,22.32,22.32,22.32,22.32,210,0
CCEC.US,5,20251006,165000,22.2,22.2,22.15,22.2,1647,0
CCEC.US,5,20251006,171000,22.15,22.2,22.15,22.2,612,0
CCEC.US,5,20251006,172500,22.12,22.12,22.12,22.12,440,0
CCEC.US,5,20251006,173000,22.25,22.3,22.16,22.16,400,0
CCEC.US,5,20251006,174500,22.15,22.15,22.15,22.15,324,0
CCEC.US,5,20251006,180000,22.1,22.1,22.1,22.1,100,0
CCEC.US,5,20251006,180500,22.1,22.1,22.1,22.1,278,0
CCEC.US,5,20251006,181000,22.05,22.05,22.05,22.05,460,0
CCEC.US,5,20251006,181500,21.95,22.45,21.95,22.45,605,0
CCEC.US,5,20251006,185000,22.1501,22.1501,22.1501,22.1501,100,0
CCEC.US,5,20251006,192000,22.15,22.15,22.15,22.15,100,0
CCEC.US,5,20251006,192500,22.15,22.15,22.15,22.15,330,0
CCEC.US,5,20251006,193500,22.1,22.31,22.1,22.22,1100,0
CCEC.US,5,20251006,195000,22.2,22.2,22.2,22.2,400,0
CCEC.US,5,20251006,203500,22.2,22.2,22.2,22.2,100,0
CCEC.US,5,20251006,204000,22.2,22.2,22.2,22.2,328,0
CCEC.US,5,20251006,205000,22.2274,22.2274,22.2274,22.2274,165,0
CCEC.US,5,20251006,210000,22.225,22.225,22.1509,22.16,511,0
CCEC.US,5,20251006,210500,22.15,22.25,22.15,22.25,696,0
CCEC.US,5,20251006,211000,22.29,22.29,22.29,22.29,100,0
CCEC.US,5,20251006,211500,22.3,22.3,22.27,22.3,986,0
CCEC.US,5,20251006,212500,22.26,22.26,22.26,22.26,100,0
CCEC.US,5,20251006,213000,22.35,22.35,22.35,22.35,211,0
CCEC.US,5,20251006,214000,22.4049,22.4049,22.35,22.35,466,0
CCEC.US,5,20251006,215500,22.365,22.4,22.1,22.1,559,0
CCEC.US,5,20251007,153000,21.8,21.8,21.8,21.8,106,0
CCEC.US,5,20251007,155000,22.075,22.075,22.075,22.075,300,0
CCEC.US,5,20251007,190000,21.875,21.875,21.875,21.875,200,0
CCEC.US,5,20251007,202500,22,22.12,21.98,22.01,1850,0
CCEC.US,5,20251007,203000,22.15,22.29,22.15,22.29,1552,0
CCEC.US,5,20251007,204000,22.22,22.3,22.2,22.3,2326,0
CCEC.US,5,20251007,210000,22.3,22.3,22.3,22.3,444,0
CCEC.US,5,20251007,210500,22.3,22.34,22.3,22.34,800,0
CCEC.US,5,20251007,211000,22.35,22.35,22.35,22.35,400,0
CCEC.US,5,20251007,211500,22.4,22.4,22.4,22.4,400,0
CCEC.US,5,20251007,212500,22.5,22.76,22.5,22.7,2853,0
CCEC.US,5,20251007,214000,22.7,22.72,22.7,22.7,696,0
CCEC.US,5,20251007,215000,22.7,22.7,22.7,22.7,200,0
CCEC.US,5,20251007,215500,22.7,22.7,22.7,22.7,587,0
CCEC.US,5,20251008,173000,22.3673,22.3673,22.3673,22.3673,191,0
CCEC.US,5,20251008,193000,21.8001,21.8747,21.8001,21.8747,856,0
CCEC.US,5,20251008,210000,22.29,22.29,22.29,22.29,100,0
CCEC.US,5,20251008,214500,22.16,22.16,22.16,22.16,100,0
CCEC.US,5,20251009,180000,22.65,22.65,22.65,22.65,100,0
CCEC.US,5,20251009,182000,21.84,21.84,21.84,21.84,300,0
CCEC.US,5,20251009,183500,22.17,22.74,22.14,22.74,4840,0
CCEC.US,5,20251009,184000,23.41,24,23.25,23.8,14133,0
CCEC.US,5,20251009,184500,23.71,23.81,23.71,23.81,400,0
CCEC.US,5,20251009,185000,23.91,24,23.6,23.6,20266,0
CCEC.US,5,20251009,185500,23.97,24,23.75,23.81,15785,0
CCEC.US,5,20251009,190000,23.98,24,23.89,24,4995,0
CCEC.US,5,20251009,193000,22.91,23.405,22.51,22.9,3958,0
CCEC.US,5,20251009,194000,22.46,22.46,22.46,22.46,200,0
CCEC.US,5,20251009,195500,21.78,21.78,21.75,21.75,200,0
CCEC.US,5,20251009,200000,22.1,22.18,22.1,22.18,2980,0
CCEC.US,5,20251009,202500,22.01,22.01,22.01,22.01,100,0
CCEC.US,5,20251009,205500,21.97,21.97,21.97,21.97,300,0
CCEC.US,5,20251009,210500,22.0762,22.0762,22.0762,22.0762,138,0
CCEC.US,5,20251009,212500,21.64,21.85,21.64,21.85,500,0
CCEC.US,5,20251009,214000,21.63,21.63,21.63,21.63,100,0
CCEC.US,5,20251009,215500,21.5,21.5,21.5,21.5,133,0
CCEC.US,5,20251010,173500,21.75,21.75,21.75,21.75,100,0
CCEC.US,5,20251010,185000,21.8408,21.8408,21.69,21.69,1563,0
CCEC.US,5,20251010,190000,21.57,21.57,21.54,21.54,200,0
CCEC.US,5,20251010,192000,21.395,21.5013,21.395,21.5013,276,0
CCEC.US,5,20251010,194500,21.46,21.46,21.45,21.45,356,0
CCEC.US,5,20251010,212500,20.93,20.93,20.55,20.55,541,0
CCEC.US,5,20251013,153000,21.32,21.75,21.32,21.75,733,0
CCEC.US,5,20251013,155500,21.85,21.88,21.77,21.86,2147,0
CCEC.US,5,20251013,162500,21.9,22.02,21.85,21.85,831,0
CCEC.US,5,20251013,164000,22.0789,22.0789,22.0789,22.0789,180,0
CCEC.US,5,20251013,164500,22,22.1,22,22.0501,1604,0
CCEC.US,5,20251013,170000,22.14,22.25,22.1,22.25,734,0
CCEC.US,5,20251013,170500,22.1,22.33,22.1,22.33,376,0
CCEC.US,5,20251013,171000,22.5,22.585,22.5,22.585,2207,0
CCEC.US,5,20251013,173000,22.5,22.5,22.5,22.5,100,0
CCEC.US,5,20251013,174000,22.5,22.5,22.5,22.5,310,0
CCEC.US,5,20251013,174500,22.45,22.45,22.45,22.45,490,0
CCEC.US,5,20251013,184500,22.5,22.5,22.5,22.5,405,0
CCEC.US,5,20251013,185500,22.565,22.68,22.45,22.45,600,0
CCEC.US,5,20251013,200500,22.5,22.65,22.5,22.65,727,0
CCEC.US,5,20251013,205000,22.52,23,22.52,22.99,1107,0
CCEC.US,5,20251013,211000,22.55,22.6,22.03,22.6,815,0
CCEC.US,5,20251013,211500,22.82,22.98,21.95,22.6,2184,0
CCEC.US,5,20251013,212000,22.75,22.75,22.61,22.61,362,0
CCEC.US,5,20251013,212500,22.625,22.71,22.625,22.7,637,0
CCEC.US,5,20251013,214000,22.8,22.8,22.8,22.8,100,0
CCEC.US,5,20251013,214500,22.7,22.7,22.3,22.3,1989,0
CCEC.US,5,20251013,215000,22.6,22.6,22.6,22.6,100,0
CCEC.US,5,20251013,215500,22.65,22.7,22.5,22.57,2563,0
CCEC.US,5,20251014,153000,22.35,22.35,22.35,22.35,542,0
CCEC.US,5,20251014,192500,22.055,22.055,22.055,22.055,200,0
CCEC.US,5,20251014,195500,22.07,22.07,22.07,22.07,100,0
CCEC.US,5,20251014,214000,22.34,22.34,22.305,22.305,200,0
CCEC.US,5,20251014,214500,22.3,22.3,22.29,22.29,200,0
CCEC.US,5,20251014,215500,22.06,22.06,22.06,22.06,101,0
CCEC.US,5,20251015,160000,22.0594,22.0594,22.0594,22.0594,100,0
CCEC.US,5,20251015,161500,22.0756,22.0756,22.0756,22.0756,100,0
CCEC.US,5,20251015,172000,22.06,22.24,22.06,22.24,312,0
CCEC.US,5,20251015,173000,22.24,22.24,22.24,22.24,107,0
CCEC.US,5,20251016,164000,21.854,21.854,21.854,21.854,628,0
CCEC.US,5,20251016,171500,22.22,22.6,22.22,22.6,300,0
CCEC.US,5,20251016,172000,22.99,23,22.99,22.99,1400,0
CCEC.US,5,20251016,172500,22.85,22.85,22.85,22.85,100,0
CCEC.US,5,20251016,173000,22.8,22.8,22.75,22.75,1500,0
CCEC.US,5,20251016,180500,22.9,22.9,22.9,22.9,944,0
CCEC.US,5,20251016,182000,22.84,22.84,22.84,22.84,100,0
CCEC.US,5,20251016,183000,22.84,22.85,22.84,22.85,600,0
CCEC.US,5,20251016,184000,22.8,22.8,22.8,22.8,100,0
CCEC.US,5,20251016,184500,22.8,22.8,22.8,22.8,340,0
CCEC.US,5,20251016,190000,22.99,23,22.95,22.95,1406,0
CCEC.US,5,20251016,191000,22.95,22.95,22.95,22.95,250,0
CCEC.US,5,20251016,191500,22.9,22.9,22.9,22.9,499,0
CCEC.US,5,20251016,192000,22.86,22.86,22.85,22.85,1000,0
CCEC.US,5,20251016,194500,22.99,22.99,22.99,22.99,105,0
CCEC.US,5,20251016,195500,22.99,23,22.99,23,1390,0
CCEC.US,5,20251016,203000,23,23,22.925,22.925,700,0
CCEC.US,5,20251016,203500,22.87,22.87,22.85,22.85,699,0
CCEC.US,5,20251016,204000,22.88,22.88,22.88,22.88,100,0
CCEC.US,5,20251016,211000,22.85,22.99,22.84,22.99,1236,0
CCEC.US,5,20251016,212500,22.96,23,22.49,22.979,3030,0
CCEC.US,5,20251016,213000,22.76,22.99,22.76,22.99,300,0
CCEC.US,5,20251016,213500,22.8,22.8,22.8,22.8,445,0
CCEC.US,5,20251016,214000,22.48,22.79,22.48,22.79,200,0
CCEC.US,5,20251016,214500,22.8,22.8,22.8,22.8,100,0
CCEC.US,5,20251016,215000,22.79,22.79,22.79,22.79,100,0
CCEC.US,5,20251016,215500,22.5,22.5,22.5,22.5,143,0
CCEC.US,5,20251017,164500,22.29,22.29,22.29,22.29,100,0
CCEC.US,5,20251017,171500,22.25,22.3,22.25,22.25,427,0
CCEC.US,5,20251017,181500,22.29,22.29,22.29,22.29,408,0
CCEC.US,5,20251017,184000,21.9167,21.9167,21.9167,21.9167,100,0
CCEC.US,5,20251017,185000,21.985,21.985,21.985,21.985,100,0
CCEC.US,5,20251017,185500,22,22,22,22,100,0
CCEC.US,5,20251017,193500,22.0573,22.23,22.0573,22.23,200,0
CCEC.US,5,20251017,194000,22,22,22,22,100,0
CCEC.US,5,20251017,195000,22.2,22.37,22.2,22.35,1238,0
CCEC.US,5,20251017,200000,22.5,22.5,22.5,22.5,143,0
CCEC.US,5,20251017,200500,22.79,22.8,22.76,22.78,1376,0
CCEC.US,5,20251017,201000,22.8,23,22.8,22.97,1776,0
CCEC.US,5,20251017,201500,22.99,23.01,22.99,23,2828,0
CCEC.US,5,20251017,202000,22.97,22.97,22.97,22.97,100,0
CCEC.US,5,20251017,203000,23,23,23,23,621,0
CCEC.US,5,20251017,204500,22.605,22.605,22.605,22.605,100,0
CCEC.US,5,20251017,205000,22.98,23,22.98,23,772,0
CCEC.US,5,20251017,205500,23.08,23.09,23.08,23.09,200,0
CCEC.US,5,20251017,210500,23.17,23.17,23.17,23.17,100,0
CCEC.US,5,20251017,211000,23.01,23.01,23,23,2147,0
CCEC.US,5,20251017,211500,22.99,22.99,22.735,22.91,1200,0
CCEC.US,5,20251017,213500,22.8125,22.8125,22.8125,22.8125,100,0
CCEC.US,5,20251017,214000,22.9,23,22.9,23,300,0
CCEC.US,5,20251017,215000,22.81,22.81,22.81,22.81,100,0
CCEC.US,5,20251017,215500,22.38,22.75,22.38,22.75,300,0
CCEC.US,5,20251020,160500,22.65,22.65,22.65,22.65,100,0
CCEC.US,5,20251020,190000,22.98,22.98,22.98,22.98,100,0
CCEC.US,5,20251020,190500,22.78,22.78,22.78,22.78,100,0
CCEC.US,5,20251020,201000,22.71,22.71,22.7,22.7,200,0
CCEC.US,5,20251021,153000,23.04,23.04,23.04,23.04,109,0
CCEC.US,5,20251021,154500,23.09,23.09,23.09,23.09,100,0
CCEC.US,5,20251021,162000,22.95,22.95,22.95,22.95,100,0
CCEC.US,5,20251021,170500,22.98,22.98,22.98,22.98,100,0
CCEC.US,5,20251021,172000,22.73,22.73,22.73,22.73,100,0
CCEC.US,5,20251021,174500,22.75,22.75,22.71,22.71,312,0
CCEC.US,5,20251021,185000,22.94,23.05,22.94,23.05,200,0
CCEC.US,5,20251021,194500,22.73,22.73,22.73,22.73,100,0
CCEC.US,5,20251021,202000,22.96,22.96,22.96,22.96,100,0
CCEC.US,5,20251021,205500,22.96,22.96,22.3601,22.3601,386,0
CCEC.US,5,20251021,213500,22.91,22.92,22.715,22.78,1000,0
CCEC.US,5,20251021,215500,22.23,22.23,22.23,22.23,102,0
CCEC.US,5,20251022,153000,22.46,22.46,22.46,22.46,236,0
CCEC.US,5,20251022,162000,23.14,23.15,23.14,23.15,200,0
CCEC.US,5,20251022,164000,22.7227,22.7227,22.7227,22.7227,200,0
CCEC.US,5,20251022,171500,22.95,22.95,22.95,22.95,200,0
CCEC.US,5,20251022,172000,22.35,22.35,22.35,22.35,100,0
CCEC.US,5,20251022,172500,22.39,22.39,22.39,22.39,100,0
CCEC.US,5,20251022,173000,22.37,22.37,22.37,22.37,100,0
CCEC.US,5,20251022,173500,22.24,22.24,22.24,22.24,100,0
CCEC.US,5,20251022,174000,22.37,22.37,22.37,22.37,100,0
CCEC.US,5,20251022,174500,22.24,22.24,22.24,22.24,100,0
CCEC.US,5,20251022,175000,22.19,22.19,22.16,22.16,200,0
CCEC.US,5,20251022,175500,22.02,22.41,22.02,22.05,500,0
CCEC.US,5,20251022,180000,21.73,21.73,21.73,21.73,100,0
CCEC.US,5,20251022,180500,21.82,21.82,21.75,21.75,200,0
CCEC.US,5,20251022,181000,21.81,21.81,21.81,21.81,100,0
CCEC.US,5,20251022,181500,21.82,21.96,21.7,21.96,900,0
CCEC.US,5,20251022,182000,21.94,21.94,21.94,21.94,100,0
CCEC.US,5,20251022,184000,21.83,21.83,21.76,21.76,400,0
CCEC.US,5,20251022,184500,21.8,21.8,21.8,21.8,100,0
CCEC.US,5,20251022,185000,21.8,21.8,21.8,21.8,100,0
CCEC.US,5,20251022,185500,21.8,21.8,21.8,21.8,100,0
CCEC.US,5,20251022,190000,21.8,21.8,21.8,21.8,100,0
CCEC.US,5,20251022,190500,21.85,21.85,21.74,21.74,452,0
CCEC.US,5,20251022,191000,22,22,22,22,100,0
CCEC.US,5,20251022,193000,21.78,21.85,21.73,21.73,400,0
CCEC.US,5,20251022,205000,22.01,22.01,22.01,22.01,100,0
CCEC.US,5,20251022,205500,21.82,21.85,21.72,21.72,500,0
CCEC.US,5,20251022,210500,21.59,21.59,21.59,21.59,100,0
CCEC.US,5,20251022,214000,21.9,21.9,21.67,21.85,316,0
CCEC.US,5,20251022,215500,21.7854,21.79,21.78,21.78,6085,0
CCEC.US,5,20251023,192000,21.955,21.955,21.955,21.955,100,0
CCEC.US,5,20251023,193000,21.885,21.885,21.885,21.885,100,0
CCEC.US,5,20251023,200500,22.03,22.03,22.03,22.03,100,0
CCEC.US,5,20251023,201500,21.935,21.935,21.935,21.935,100,0
CCEC.US,5,20251023,211500,21.99,21.99,21.99,21.99,100,0
CCEC.US,5,20251023,215000,22.14,22.17,22.14,22.17,200,0
CCEC.US,5,20251024,200000,22.225,22.225,22.2,22.2,288,0
CCEC.US,5,20251024,201000,22.21,22.39,22.21,22.39,444,0
CCEC.US,5,20251024,203000,22.1609,22.1609,22.1609,22.1609,100,0
CCEC.US,5,20251024,205000,22.145,22.145,22.145,22.145,137,0
CCEC.US,5,20251027,195500,21.805,21.805,21.805,21.805,586,0
CCEC.US,5,20251027,205500,21.69,21.69,21.69,21.69,101,0
CCEC.US,5,20251028,150500,21.8055,21.8055,21.8055,21.8055,350,0
CCEC.US,5,20251028,154000,22.0931,22.0931,22.0931,22.0931,539,0
CCEC.US,5,20251028,205500,21.8,21.85,21.79,21.79,417,0
CCEC.US,5,20251029,143000,21.78,21.78,21.78,21.78,157,0
CCEC.US,5,20251029,150000,21.85,21.95,21.85,21.95,200,0
CCEC.US,5,20251029,175500,22.13,22.13,22.13,22.13,100,0
CCEC.US,5,20251029,181500,21.8741,21.8741,21.8741,21.8741,714,0
CCEC.US,5,20251029,183500,21.98,21.98,21.98,21.98,300,0
CCEC.US,5,20251029,203500,21.94,21.94,21.86,21.86,573,0
CCEC.US,5,20251029,205000,21.94,21.94,21.94,21.94,200,0
CCEC.US,5,20251029,205500,22.02,22.02,22.02,22.02,214,0
CCEC.US,5,20251030,163500,21.56,21.56,21.07,21.49,863,0
CCEC.US,5,20251030,165000,21.235,21.235,21.235,21.235,156,0
CCEC.US,5,20251030,170500,21.25,21.25,21.25,21.25,100,0
CCEC.US,5,20251030,183500,21.26,21.26,21.26,21.26,100,0
CCEC.US,5,20251030,190500,21.1,21.1,21.1,21.1,100,0
CCEC.US,5,20251030,193500,21.1,21.1,21.1,21.1,100,0
CCEC.US,5,20251030,201000,21.1,21.29,20.5,21.29,885,0
CCEC.US,5,20251031,153500,20.66,21.13,20.66,21.13,618,0
CCEC.US,5,20251031,154000,21.6832,21.6832,21.6832,21.6832,500,0
CCEC.US,5,20251031,170000,21.395,21.395,21.395,21.395,100,0
CCEC.US,5,20251031,193000,21.0808,21.12,21.02,21.12,405,0
CCEC.US,5,20251031,193500,21.24,21.24,21.24,21.24,100,0
CCEC.US,5,20251031,195000,21.33,21.33,21.33,21.33,459,0
CCEC.US,5,20251103,153000,20.77,20.77,20.655,20.655,449,0
CCEC.US,5,20251103,154000,20.72,20.98,20.31,20.98,1435,0
CCEC.US,5,20251103,154500,20.99,20.99,20.99,20.99,100,0
CCEC.US,5,20251103,160000,21.17,21.2,21.17,21.19,558,0
CCEC.US,5,20251103,160500,21.2,21.22,21.2,21.22,300,0
CCEC.US,5,20251103,185000,21.605,21.605,21.605,21.605,253,0
CCEC.US,5,20251103,193500,21.57,21.57,21.57,21.57,142,0
CCEC.US,5,20251103,214000,21.03,21.03,21.03,21.03,252,0
CCEC.US,5,20251104,201500,20.57,20.57,20.57,20.57,688,0
CCEC.US,5,20251104,205000,20.5701,20.7999,20.57,20.58,1600,0
CCEC.US,5,20251104,211000,20.68,20.68,20.61,20.61,309,0
CCEC.US,5,20251104,212000,20.66,20.67,20.66,20.67,200,0
CCEC.US,5,20251104,212500,19.9,20.6,19.9,20.56,3562,0
CCEC.US,5,20251104,213000,20.24,20.32,20.24,20.25,700,0
CCEC.US,5,20251104,213500,20.4,20.4,20.4,20.4,829,0
CCEC.US,5,20251105,153000,20.04,20.04,20.04,20.04,247,0
CCEC.US,5,20251105,170500,20.6,20.6,20.565,20.565,1200,0
CCEC.US,5,20251105,182000,20.5,20.5342,20.5,20.5342,885,0
CCEC.US,5,20251105,182500,20.5,20.6,20.5,20.6,478,0
CCEC.US,5,20251105,183000,20.5415,20.64,20.5415,20.64,410,0
CCEC.US,5,20251105,183500,20.61,20.61,20.6,20.6,300,0
CCEC.US,5,20251105,184500,20.5,20.5,20.46,20.5,303,0
CCEC.US,5,20251105,185500,20.2264,20.2264,20.2264,20.2264,675,0
CCEC.US,5,20251105,205500,20.05,20.05,20.05,20.05,127,0
CCEC.US,5,20251105,212000,20,20,19.92,19.92,200,0
CCEC.US,5,20251106,155500,20.3,20.3,20.3,20.3,450,0
CCEC.US,5,20251106,161000,20.54,20.54,20.54,20.54,448,0
CCEC.US,5,20251106,174500,20.95,20.95,20.9,20.91,590,0
CCEC.US,5,20251106,190000,20.9,20.9,20.9,20.9,429,0
CCEC.US,5,20251106,203500,20.8,20.8,20.8,20.8,400,0
CCEC.US,5,20251106,204000,20.77,20.77,20.72,20.72,609,0
CCEC.US,5,20251106,211500,20.7,20.75,20.65,20.75,800,0
CCEC.US,5,20251106,214500,20.84,20.87,20.84,20.87,200,0
CCEC.US,5,20251106,215500,20.325,20.79,20.325,20.79,500,0
CCEC.US,5,20251107,153000,20.63,20.63,20.63,20.63,201,0
CCEC.US,5,20251107,164000,20.24,20.24,20.24,20.24,100,0
CCEC.US,5,20251107,164500,20.2,20.22,20.19,20.22,500,0
CCEC.US,5,20251107,165000,20.2088,20.2088,20.2088,20.2088,100,0
CCEC.US,5,20251107,172000,20.6935,20.6935,20.6935,20.6935,200,0
CCEC.US,5,20251107,174500,20.445,20.445,20.445,20.445,100,0
CCEC.US,5,20251107,182500,20.64,20.64,20.64,20.64,100,0
CCEC.US,5,20251107,185000,20.0722,20.0722,20.0722,20.0722,142,0
CCEC.US,5,20251107,185500,20.55,20.55,20.55,20.55,100,0
CCEC.US,5,20251107,214500,20.69,20.69,20.69,20.69,100,0
CCEC.US,5,20251110,153000,20.23,20.23,20.23,20.23,1166,0
CCEC.US,5,20251110,153500,20.5,20.5,20.5,20.5,100,0
CCEC.US,5,20251110,155500,20.53,20.53,20.53,20.53,100,0
CCEC.US,5,20251110,172000,20.4513,20.4513,20.4513,20.4513,150,0
CCEC.US,5,20251110,174000,20.6365,20.6365,20.6365,20.6365,100,0
CCEC.US,5,20251110,190000,20.75,21.39,20.75,21.175294,1734,0
CCEC.US,5,20251110,210500,21.135,21.135,20.86,20.86,956,0
CCEC.US,5,20251110,213500,20.925,20.925,20.925,20.925,285,0
CCEC.US,5,20251110,215000,20.2,20.2,20.2,20.2,100,0
CCEC.US,5,20251111,203000,20.5152,20.5152,20.5152,20.5152,148,0
CCEC.US,5,20251111,215500,20.55,20.55,20.55,20.55,105,0
CCEC.US,5,20251112,154500,20.0621,20.0621,20.0621,20.0621,4190,0
CCEC.US,5,20251112,155500,19.97,20.35,19.75,19.75,6768,0
CCEC.US,5,20251112,160000,19.675,19.675,19.6,19.6,727,0
CCEC.US,5,20251112,161000,19.748,19.748,19.748,19.748,100,0
CCEC.US,5,20251112,161500,19.625,19.625,19.625,19.625,567,0
CCEC.US,5,20251112,163000,19.75,19.75,19.75,19.75,100,0
CCEC.US,5,20251112,164000,19.63,19.63,19.63,19.63,500,0
CCEC.US,5,20251112,170000,19.75,20.03,19.75,20,3065,0
CCEC.US,5,20251112,170500,20.2,20.33,19.99,20.3,1846,0
CCEC.US,5,20251112,173000,20.4,20.46,20.25,20.4,1041,0
CCEC.US,5,20251112,173500,20.49,20.51,20.45,20.45,300,0
CCEC.US,5,20251112,174500,20.45,20.58,20.4,20.58,551,0
CCEC.US,5,20251112,175000,20.5,20.5,20.5,20.5,690,0
CCEC.US,5,20251112,180000,20.8835,20.8835,20.51,20.51,400,0
CCEC.US,5,20251112,180500,20.795,20.795,20.4501,20.4501,300,0
CCEC.US,5,20251112,181000,20.4645,20.4645,20.4645,20.4645,100,0
CCEC.US,5,20251112,183500,20.51,20.51,20.51,20.51,200,0
CCEC.US,5,20251112,193000,20.8612,20.8612,20.8612,20.8612,395,0
CCEC.US,5,20251112,195000,21.0899,21.0899,21.0899,21.0899,175,0
CCEC.US,5,20251112,200000,20.9636,20.9636,20.9636,20.9636,231,0
CCEC.US,5,20251112,211500,20.5,20.5,20.5,20.5,475,0
CCEC.US,5,20251112,213500,20.73,20.73,20.73,20.73,200,0
CCEC.US,5,20251112,214500,20.67,20.67,20.67,20.67,100,0
CCEC.US,5,20251112,215500,20.74,20.74,20.69,20.74,628,0
CCEC.US,5,20251113,153000,20.82,20.82,20.82,20.82,173,0
CCEC.US,5,20251113,160000,20.7588,21.12,20.6713,21.12,6258,0
CCEC.US,5,20251113,170000,21.025,21.025,21.025,21.025,100,0
CCEC.US,5,20251113,174500,20.55,20.55,20.55,20.55,200,0
CCEC.US,5,20251113,182000,20.55,20.55,20.49,20.49,300,0
CCEC.US,5,20251113,183000,20.33,20.33,20.33,20.33,149,0
CCEC.US,5,20251113,190500,20.26,20.26,20.26,20.26,100,0
CCEC.US,5,20251113,194500,19.83,19.83,19.83,19.83,100,0
CCEC.US,5,20251113,201000,19.77,19.77,19.77,19.77,150,0
CCEC.US,5,20251113,201500,19.77,19.77,19.77,19.77,100,0
CCEC.US,5,20251113,204500,20,20.67,20,20.67,900,0
CCEC.US,5,20251113,212500,20.28,20.28,20.28,20.28,187,0
CCEC.US,5,20251113,213000,20.05,20.19,20.05,20.19,200,0
CCEC.US,5,20251113,215000,20,20,20,20,100,0
CCEC.US,5,20251113,215500,20.04,20.06,19.81,19.81,569,0
CCEC.US,5,20251114,154000,19.51,20.34,19.51,20.02,869,0
CCEC.US,5,20251114,155500,20.755,20.755,19.84,19.84,302,0
CCEC.US,5,20251114,162000,19.67,19.67,19.67,19.67,100,0
CCEC.US,5,20251114,163500,19.77,19.77,19.77,19.77,100,0
CCEC.US,5,20251114,170500,19.76,19.76,19.76,19.76,100,0
CCEC.US,5,20251114,173500,19.61,19.61,19.61,19.61,100,0
CCEC.US,5,20251114,175000,19.8,20.2,19.8,19.93,1790,0
CCEC.US,5,20251114,180000,20.2,20.2,20.2,20.2,100,0
CCEC.US,5,20251114,180500,20.735,20.75,20.41,20.41,1024,0
CCEC.US,5,20251114,181000,20.22,20.22,20.22,20.22,100,0
CCEC.US,5,20251114,182000,20.2,20.2,20.2,20.2,198,0
CCEC.US,5,20251114,182500,20.2,20.7,20.2,20.5,692,0
CCEC.US,5,20251114,183500,20.26,20.26,20.26,20.26,100,0
CCEC.US,5,20251114,184500,20.4,20.5,20.4,20.5,899,0
CCEC.US,5,20251114,190000,20.58,20.62,20.58,20.62,426,0
CCEC.US,5,20251114,192000,20.52,20.52,20.5,20.5,500,0
CCEC.US,5,20251114,192500,20.4,20.5,20.3,20.5,1078,0
CCEC.US,5,20251114,193000,20.45,20.45,20.44,20.45,500,0
CCEC.US,5,20251114,193500,20.47,20.9,20.45,20.74,1694,0
CCEC.US,5,20251114,195000,20.9,20.9,20.9,20.9,420,0
CCEC.US,5,20251114,195500,20.285,20.285,20.285,20.285,143,0
CCEC.US,5,20251114,200000,20.85,20.85,20.85,20.85,600,0
CCEC.US,5,20251114,201500,20.62,20.62,20.61,20.62,300,0
CCEC.US,5,20251114,202000,20.61,20.61,20.61,20.61,100,0
CCEC.US,5,20251114,202500,20.7,20.7,20.7,20.7,500,0
CCEC.US,5,20251114,205500,20.51,20.51,20.51,20.51,100,0
CCEC.US,5,20251114,210500,20.69,20.69,20.69,20.69,100,0
CCEC.US,5,20251114,211000,20.8,20.8,20.8,20.8,200,0
CCEC.US,5,20251114,212500,20.9,20.9,20.75,20.75,300,0
CCEC.US,5,20251114,213500,20.74,20.74,20.74,20.74,100,0
CCEC.US,5,20251114,214500,20.9,21.02,20.8,21.02,1306,0
CCEC.US,5,20251114,215500,20.59,20.59,20.59,20.59,100,0
CCEC.US,5,20251117,185500,20.95,20.97,20.61,20.68,1684,0
CCEC.US,5,20251117,190000,20.95,20.95,20.95,20.95,450,0
CCEC.US,5,20251117,191000,21.21,21.21,21.21,21.21,171,0
CCEC.US,5,20251117,192500,21.2,21.2,21.1,21.2,2370,0
CCEC.US,5,20251117,193500,21.2,21.2,21.2,21.2,258,0
CCEC.US,5,20251117,200500,21.21,21.22,21.2,21.2,1209,0
CCEC.US,5,20251117,201500,21.34,21.4,21.34,21.4,853,0
CCEC.US,5,20251117,203000,21.3,21.31,21.3,21.3,895,0
CCEC.US,5,20251117,203500,21.4,21.4,21.4,21.4,495,0
CCEC.US,5,20251117,205500,21.35,21.35,21.35,21.35,590,0
CCEC.US,5,20251117,211500,21.35,21.4,20.99,21.25,1181,0
CCEC.US,5,20251117,212000,21.3605,21.3605,21.3,21.3,795,0
CCEC.US,5,20251117,212500,21.4,21.4,21.4,21.4,100,0
CCEC.US,5,20251117,213000,21.51,21.52,21.51,21.52,300,0
CCEC.US,5,20251117,215000,21.5,21.72,21.5,21.67,1060,0
CCEC.US,5,20251117,215500,21.7,21.7,21.19,21.19,456,0
CCEC.US,5,20251118,155500,21.02,21.02,21.02,21.02,100,0
CCEC.US,5,20251118,161500,20.63,20.63,20.63,20.63,100,0
CCEC.US,5,20251118,165500,20.72,20.95,20.63,20.63,465,0
CCEC.US,5,20251118,172500,20.8,20.8,20.8,20.8,100,0
CCEC.US,5,20251118,174500,20.66,20.66,20.66,20.66,100,0
CCEC.US,5,20251118,175000,20.63,20.63,20.63,20.63,100,0
CCEC.US,5,20251118,175500,20.4422,20.4422,20.4422,20.4422,100,0
CCEC.US,5,20251118,181500,20.47,20.47,20.47,20.47,100,0
CCEC.US,5,20251118,190000,20.74,20.74,20.74,20.74,139,0
CCEC.US,5,20251118,203500,20.1,20.1,20.1,20.1,878,0
CCEC.US,5,20251118,205500,20.32,20.32,20.32,20.32,100,0
CCEC.US,5,20251118,212000,20.244,20.244,20.02,20.05,984,0
CCEC.US,5,20251118,215500,20.03,20.03,20.03,20.03,100,0
CCEC.US,5,20251119,153000,20,20,20,20,915,0
CCEC.US,5,20251119,153500,19.8,19.825,19.8,19.825,1045,0
CCEC.US,5,20251119,154000,19.72,19.74,19.7,19.74,988,0
CCEC.US,5,20251119,164000,19.95,19.95,19.95,19.95,100,0
CCEC.US,5,20251119,170000,19.79,19.79,19.79,19.79,200,0
CCEC.US,5,20251119,180000,19.81,19.815,19.81,19.815,200,0
CCEC.US,5,20251119,184500,19.87,19.87,19.77,19.77,200,0
CCEC.US,5,20251119,191500,19.9006,19.95,19.9006,19.95,572,0
CCEC.US,5,20251119,192000,19.6,19.615,19.6,19.615,228,0
CCEC.US,5,20251119,203500,19.71,19.71,19.71,19.71,101,0
CCEC.US,5,20251119,204500,19.68,19.68,19.56,19.56,1004,0
CCEC.US,5,20251119,205000,19.6,19.8,19.6,19.8,200,0
CCEC.US,5,20251119,205500,19.87,19.87,19.87,19.87,200,0
CCEC.US,5,20251119,210500,19.74,19.74,19.74,19.74,166,0
CCEC.US,5,20251119,212500,19.75,19.75,19.71,19.71,700,0
CCEC.US,5,20251119,214000,19.67,19.67,19.67,19.67,100,0
CCEC.US,5,20251119,215000,19.76,19.87,19.76,19.82,860,0
CCEC.US,5,20251119,215500,19.8,19.82,19.64,19.64,1034,0
CCEC.US,5,20251120,170000,19.6713,19.6713,19.4,19.4,700,0
CCEC.US,5,20251120,172500,19.59,19.59,19.59,19.59,100,0
CCEC.US,5,20251120,181500,19.48,19.48,19.3,19.3,770,0
CCEC.US,5,20251120,190000,19.1747,19.1747,19.1747,19.1747,900,0
CCEC.US,5,20251120,190500,19.53,19.5639,19.53,19.5639,325,0
CCEC.US,5,20251120,192000,19.56,19.56,19.56,19.56,100,0
CCEC.US,5,20251120,193000,19.395,19.4,19.395,19.4,200,0
CCEC.US,5,20251120,205500,19.342675,19.342675,19.342675,19.342675,148,0
CCEC.US,5,20251120,210500,19.1,19.1,19.1,19.1,100,0
CCEC.US,5,20251120,213500,19.11,19.11,19.11,19.11,100,0
CCEC.US,5,20251120,214000,19.15,19.15,19.15,19.15,100,0
CCEC.US,5,20251120,215000,19.255,19.255,19.205,19.205,200,0
CCEC.US,5,20251120,215500,19.25,19.25,19.09,19.09,852,0
CCEC.US,5,20251121,153000,19.38,19.38,19.38,19.38,231,0
CCEC.US,5,20251121,162000,19.3373,19.3373,19.3373,19.3373,500,0
CCEC.US,5,20251121,164500,18.9,18.9,18.9,18.9,100,0
CCEC.US,5,20251121,170000,18.91,19.34,18.91,19.34,200,0
CCEC.US,5,20251121,170500,19.11,19.11,19.11,19.11,100,0
CCEC.US,5,20251121,171000,18.935,18.935,18.935,18.935,100,0
CCEC.US,5,20251121,172000,18.97,18.97,18.97,18.97,100,0
CCEC.US,5,20251121,173000,18.935,18.935,18.935,18.935,100,0
CCEC.US,5,20251121,174000,18.935,19.165,18.935,18.99,400,0
CCEC.US,5,20251121,181000,19,19,19,19,200,0
CCEC.US,5,20251121,181500,18.92,18.92,18.81,18.81,514,0
CCEC.US,5,20251121,183000,18.6,18.6,18.6,18.6,100,0
CCEC.US,5,20251121,184500,18.58,18.715,18.58,18.715,500,0
CCEC.US,5,20251121,190000,18.9801,18.9801,18.855,18.855,200,0
CCEC.US,5,20251121,190500,18.58,18.58,18.58,18.58,100,0
CCEC.US,5,20251121,191000,18.935,18.935,18.935,18.935,314,0
CCEC.US,5,20251121,191500,18.58,18.62,18.58,18.6,400,0
CCEC.US,5,20251121,192000,18.56,18.56,18.56,18.56,117,0
CCEC.US,5,20251121,194000,18.65,18.65,18.65,18.65,100,0
CCEC.US,5,20251121,195000,18.87,18.87,18.87,18.87,100,0
CCEC.US,5,20251121,195500,18.66,18.82,18.65,18.82,600,0
CCEC.US,5,20251121,201000,18.65,18.65,18.65,18.65,204,0
CCEC.US,5,20251121,201500,18.65,18.65,18.65,18.65,100,0
CCEC.US,5,20251121,203000,18.65,18.65,18.65,18.65,397,0
CCEC.US,5,20251121,203500,18.7,19.1,18.7,19.1,3515,0
CCEC.US,5,20251121,205500,19.02,19.02,19.02,19.02,100,0
CCEC.US,5,20251121,210000,19,19,19,19,213,0
CCEC.US,5,20251121,210500,19,19,19,19,100,0
CCEC.US,5,20251121,211500,19,19.035,19,19.035,540,0
CCEC.US,5,20251121,212000,19.17,19.17,18.91,18.91,299,0
CCEC.US,5,20251121,213000,19,19.08,19,19,900,0
CCEC.US,5,20251121,213500,19,19.06,18.955,19,1140,0
CCEC.US,5,20251121,214000,18.97,19.01,18.97,19,2031,0
CCEC.US,5,20251121,214500,19.04,19.04,19,19,200,0
CCEC.US,5,20251121,215000,19,19,18.99,19,1003,0
CCEC.US,5,20251121,215500,19.03,19.16,19.03,19.16,318,0
CCEC.US,5,20251124,153000,19.19,19.19,19.19,19.19,495,0
CCEC.US,5,20251124,154000,19.09,19.09,19.09,19.09,100,0
CCEC.US,5,20251124,155500,19.19,19.19,19.19,19.19,200,0
CCEC.US,5,20251124,160500,19.09,19.09,18.8425,18.85,1200,0
CCEC.US,5,20251124,162000,19.1,19.23,19.04,19.23,1175,0
CCEC.US,5,20251124,162500,18.9913,19.06,18.9913,19.06,200,0
CCEC.US,5,20251124,163000,19.115,19.115,19.115,19.115,100,0
CCEC.US,5,20251124,163500,19.22,19.22,19.22,19.22,100,0
CCEC.US,5,20251124,164000,19.1,19.2,19.1,19.2,200,0
CCEC.US,5,20251124,164500,19.3,19.3,19.27,19.27,300,0
CCEC.US,5,20251124,165500,19.235,19.235,19.235,19.235,100,0
CCEC.US,5,20251124,170000,19.37,19.37,19.37,19.37,105,0
CCEC.US,5,20251124,170500,19.235,19.235,19.235,19.235,100,0
CCEC.US,5,20251124,172000,19.195,19.195,19.195,19.195,100,0
CCEC.US,5,20251124,174000,19.17,19.17,19.17,19.17,100,0
CCEC.US,5,20251124,174500,19.23,19.23,19.23,19.23,100,0
CCEC.US,5,20251124,180000,18.98,18.98,18.855,18.855,1005,0
CCEC.US,5,20251124,180500,18.9,18.9,18.9,18.9,700,0
CCEC.US,5,20251124,182000,18.945,18.945,18.945,18.945,100,0
CCEC.US,5,20251124,182500,18.93,18.93,18.93,18.93,500,0
CCEC.US,5,20251124,184000,18.6,18.6,18.6,18.6,200,0
CCEC.US,5,20251124,185000,18.9369,18.9369,18.9369,18.9369,100,0
CCEC.US,5,20251124,190000,18.93,19.36,18.85,19.185,3444,0
CCEC.US,5,20251124,190500,19.1,19.18,19.1,19.18,600,0
CCEC.US,5,20251124,191000,19.1,19.18,19.1,19.18,724,0
CCEC.US,5,20251124,191500,19.1,19.1,18.865,18.98,1800,0
CCEC.US,5,20251124,192000,19.1,19.2,18.96,18.96,1208,0
CCEC.US,5,20251124,194000,19,19.02,18.86,19.02,569,0
CCEC.US,5,20251124,194500,19.07,19.07,19,19,300,0
CCEC.US,5,20251124,195000,19.09,19.18,19.09,19.18,535,0
CCEC.US,5,20251124,200500,19.18,19.2,19.18,19.2,300,0
CCEC.US,5,20251124,201000,19.135,19.135,19.135,19.135,100,0
CCEC.US,5,20251124,203500,19.105,19.16,19.08,19.09,400,0
CCEC.US,5,20251124,210500,19.09,19.17,19.09,19.16,700,0
CCEC.US,5,20251124,211500,19.01,19.21,19.01,19.21,300,0
CCEC.US,5,20251124,212500,19,19,19,19,100,0
CCEC.US,5,20251124,213500,19.11,19.11,19.11,19.11,100,0
CCEC.US,5,20251124,214000,18.92,18.92,18.92,18.92,100,0
CCEC.US,5,20251124,214500,19.11,19.5,19.11,19.5,2726,0
CCEC.US,5,20251124,215000,19.95,19.95,19.5,19.765,764,0
CCEC.US,5,20251124,215500,19.84,19.96,19.73,19.96,24702,0
CCEC.US,5,20251125,153000,19.24,19.83,19.24,19.83,1199,0
CCEC.US,5,20251125,154000,19.99,19.99,19.99,19.99,214,0
CCEC.US,5,20251125,154500,19.525,19.525,19.525,19.525,200,0
CCEC.US,5,20251125,163500,19.7899,19.7899,19.7899,19.7899,200,0
CCEC.US,5,20251125,170000,19.465,19.465,19.465,19.465,100,0
CCEC.US,5,20251125,174000,19.475,19.475,19.475,19.475,100,0
CCEC.US,5,20251125,182000,19.79,19.8,19.79,19.8,705,0
CCEC.US,5,20251125,182500,20,20.11,19.97,20.04,1714,0
CCEC.US,5,20251125,191000,19.98,19.98,19.93,19.93,300,0
CCEC.US,5,20251125,192000,19.93,20.055,19.87,19.87,1501,0
CCEC.US,5,20251125,200500,20.05,20.05,20.05,20.05,200,0
CCEC.US,5,20251125,204000,20.13,20.13,20.13,20.13,100,0
CCEC.US,5,20251125,211000,20.12,20.12,20.12,20.12,200,0
CCEC.US,5,20251125,211500,20.295,20.295,20.295,20.295,100,0
CCEC.US,5,20251125,214500,20.295,20.295,20.295,20.295,100,0
CCEC.US,5,20251125,215000,20.45,20.45,20.45,20.45,100,0
CCEC.US,5,20251125,215500,20.13,20.13,20.03,20.03,352,0
CCEC.US,5,20251126,153000,19.89,19.89,19.89,19.89,201,0
CCEC.US,5,20251126,154500,20.215,20.215,20.215,20.215,100,0
CCEC.US,5,20251126,155000,19.925,19.925,19.925,19.925,143,0
CCEC.US,5,20251126,160500,20.22,20.22,20.22,20.22,100,0
CCEC.US,5,20251126,191500,20.1324,20.1324,20.1324,20.1324,114,0
CCEC.US,5,20251126,215500,20.249,20.249,20.249,20.249,500,0
CCEC.US,5,20251128,154500,19.5072,19.5072,19.5072,19.5072,1007,0
CCEC.US,5,20251128,155000,20.08,20.08,20.08,20.08,102,0
CCEC.US,5,20251128,171500,19.81,19.81,19.81,19.81,100,0
CCEC.US,5,20251128,175500,20,20.5,20,20.49,3405,0
CCEC.US,5,20251128,180000,20.3,20.31,20.3,20.31,800,0
CCEC.US,5,20251128,180500,20.3,20.3,20.3,20.3,600,0
CCEC.US,5,20251128,181500,20.3,20.3,20.3,20.3,700,0
CCEC.US,5,20251128,185000,20.21,20.415,20.2,20.415,976,0
CCEC.US,5,20251128,185500,20.42,20.61,20.42,20.6,894,0
CCEC.US,5,20251128,190000,20.57,20.57,20.57,20.57,223,0
CCEC.US,5,20251201,155000,20.295,20.295,20.295,20.295,121,0
CCEC.US,5,20251201,160000,20.7,20.7,20.7,20.7,1000,0
CCEC.US,5,20251201,171000,20.8132,20.8132,20.8132,20.8132,1500,0
CCEC.US,5,20251201,202000,20.6756,20.6756,20.6756,20.6756,100,0
CCEC.US,5,20251201,203000,20.75,20.75,20.75,20.75,474,0
CCEC.US,5,20251201,215500,20.4,20.4,20.4,20.4,126,0
CCEC.US,5,20251202,163500,20.94,20.94,20.67,20.67,282,0
CCEC.US,5,20251202,172500,20.39,20.39,20.39,20.39,1052,0
CCEC.US,5,20251202,173000,20.65,20.65,20.65,20.65,750,0
CCEC.US,5,20251202,185000,20.645,20.645,20.645,20.645,100,0
CCEC.US,5,20251202,205000,20.645,20.645,20.384,20.43,4200,0
CCEC.US,5,20251202,212000,20.29,20.29,20.29,20.29,100,0
CCEC.US,5,20251202,212500,20.25,20.25,20.25,20.25,300,0
CCEC.US,5,20251202,215500,20.5,20.5,20.5,20.5,212,0
CCEC.US,5,20251203,155500,20.5,20.5,20.5,20.5,179,0
CCEC.US,5,20251203,175500,20.5,20.5,20.5,20.5,100,0
CCEC.US,5,20251203,182500,20.5001,20.5001,20.5001,20.5001,750,0
CCEC.US,5,20251203,183500,20.5,20.66,20.44,20.555,1170,0
CCEC.US,5,20251203,185500,20.75,20.9,20.75,20.9,1670,0
CCEC.US,5,20251203,190000,20.89,21.12,20.83,21.12,1237,0
CCEC.US,5,20251203,190500,20.72,20.72,20.72,20.72,251,0
CCEC.US,5,20251203,193000,20.74,20.74,20.71,20.71,200,0
CCEC.US,5,20251203,200000,20.538,20.55,20.5,20.5,2002,0
CCEC.US,5,20251203,203500,20.745,20.745,20.745,20.745,100,0
CCEC.US,5,20251203,214500,20.5,20.63,20.5,20.63,906,0
CCEC.US,5,20251204,153000,20.5,20.5,20.5,20.5,261,0
CCEC.US,5,20251204,213000,20.78,20.835,20.7501,20.7501,618,0
CCEC.US,5,20251204,213500,20.89,20.89,20.89,20.89,100,0
CCEC.US,5,20251204,215500,20.85,21.125,20.85,20.86,530,0
CCEC.US,5,20251205,153000,21.26,21.26,21.26,21.26,401,0
CCEC.US,5,20251205,180500,20.5528,20.5528,20.5528,20.5528,100,0
CCEC.US,5,20251205,200000,20.78,20.78,20.75,20.75,933,0
CCEC.US,5,20251205,201000,20.85,20.85,20.85,20.85,100,0
CCEC.US,5,20251205,210000,21.49,21.49,21.49,21.49,100,0
CCEC.US,5,20251205,215000,21.125,21.125,21.125,21.125,100,0
CCEC.US,5,20251205,215500,20.79,20.79,20.75,20.75,241,0
CCEC.US,5,20251208,153000,20.54,20.54,20.54,20.54,1048,0
CCEC.US,5,20251208,171500,20.15,20.53,19.99,20,10049,0
CCEC.US,5,20251208,173000,20.41,20.5,20.41,20.5,1800,0
CCEC.US,5,20251208,173500,20.786063,20.786063,20.786063,20.786063,147,0
CCEC.US,5,20251208,183000,20.5,20.5,20.5,20.5,1779,0
CCEC.US,5,20251208,205500,20.51,20.59,20.51,20.59,336,0
CCEC.US,5,20251208,211000,20.9348,20.9348,20.7,20.7,600,0
CCEC.US,5,20251208,211500,20.79,20.79,20.79,20.79,100,0
CCEC.US,5,20251208,215500,20.94,20.94,20.93,20.93,297,0
CCEC.US,5,20251209,203000,20.6,20.6,20.6,20.6,100,0
CCEC.US,5,20251209,203500,20.2785,20.64,20.2785,20.64,670,0
CCEC.US,5,20251209,210000,20.576,20.576,20.576,20.576,1000,0
CCEC.US,5,20251209,210500,20.44,20.44,20.15,20.18,2662,0
CCEC.US,5,20251209,211500,19.99,19.99,19.99,19.99,149,0
CCEC.US,5,20251209,213000,20.18,20.5,19.99,20.5,8860,0
CCEC.US,5,20251209,213500,20.5,20.75,20.5,20.7,3104,0
CCEC.US,5,20251209,215000,20.7,20.7,20.7,20.7,400,0
CCEC.US,5,20251210,170500,20.61,20.61,20.52,20.605,300,0
CCEC.US,5,20251210,171500,20.5101,20.5101,20.5101,20.5101,209,0
CCEC.US,5,20251210,173000,20.51,20.51,20.31,20.31,252,0
CCEC.US,5,20251210,174500,20.4,20.4,20.4,20.4,480,0
CCEC.US,5,20251210,180000,20.5,20.57,20.5,20.57,600,0
CCEC.US,5,20251210,180500,20.6,20.6,20.6,20.6,287,0
CCEC.US,5,20251210,185500,20.6,20.6,20.6,20.6,1000,0
CCEC.US,5,20251210,213000,20.7233,20.7233,20.7233,20.7233,107,0
CCEC.US,5,20251210,215500,20.978,20.978,20.83,20.83,250,0
CCEC.US,5,20251211,160000,20.8,20.8,20.8,20.8,100,0
CCEC.US,5,20251211,170500,20.1101,20.5,20.1101,20.5,1507,0
CCEC.US,5,20251211,172000,20.555,20.555,20.555,20.555,145,0
CCEC.US,5,20251211,175000,20.2,20.2435,20.12,20.2435,890,0
CCEC.US,5,20251211,181000,20.75,20.75,20.52,20.75,780,0
CCEC.US,5,20251211,191500,20.84,20.84,20.84,20.84,100,0
CCEC.US,5,20251211,200000,20.85,20.85,20.85,20.85,571,0
CCEC.US,5,20251211,214500,20.9058,20.9058,20.9058,20.9058,125,0
CCEC.US,5,20251211,215000,20.99,21,20.99,21,1000,0
CCEC.US,5,20251211,215500,21.03,21.03,21.03,21.03,100,0
CCEC.US,5,20251215,182000,20.36,20.36,20.36,20.36,391,0
CCEC.US,5,20251215,213000,20.7192,20.7192,20.7192,20.7192,125,0
CCEC.US,5,20251216,190500,20.29,20.4299,20.085,20.1677,2100,0
CCEC.US,5,20251216,191000,20.49,20.6252,20.2001,20.2756,2300,0
CCEC.US,5,20251216,192500,20.28,20.5,20.28,20.5,1946,0
CCEC.US,5,20251216,194000,20.63,20.63,20.63,20.63,354,0
CCEC.US,5,20251216,194500,20.6615,20.6615,20.6615,20.6615,1138,0
CCEC.US,5,20251216,195000,20.7,20.7,20.7,20.7,1000,0
CCEC.US,5,20251216,202000,20.85,20.85,20.85,20.85,146,0
CCEC.US,5,20251216,202500,20.77,20.77,20.77,20.77,311,0
CCEC.US,5,20251216,203000,20.85,20.85,20.85,20.85,571,0
CCEC.US,5,20251216,203500,20.72,20.72,20.72,20.72,100,0
CCEC.US,5,20251216,210000,20.7991,20.7991,20.7991,20.7991,400,0
CCEC.US,5,20251216,211500,20.7,20.7,20.7,20.7,712,0
CCEC.US,5,20251216,215500,20.7,20.706,20.7,20.706,244,0
CCEC.US,5,20251217,155500,20.6,20.6,20.6,20.6,100,0
CCEC.US,5,20251217,163000,20.5999,20.6,20.4838,20.4838,1700,0
CCEC.US,5,20251217,163500,20.6,20.65,20.4982,20.6063,4536,0
CCEC.US,5,20251217,172500,20.33,20.33,20.33,20.33,100,0
CCEC.US,5,20251217,174000,20.4,20.4,20.4,20.4,100,0
CCEC.US,5,20251217,181000,20.327,20.35,20.327,20.35,769,0
CCEC.US,5,20251217,190500,19.86,20.1801,19.86,20.059518,1639,0
CCEC.US,5,20251217,191500,20.5,20.65,20.45,20.64,9886,0
CCEC.US,5,20251217,192000,20.65,20.65,20.65,20.65,500,0
CCEC.US,5,20251217,200500,20.71,20.71,20.71,20.71,100,0
CCEC.US,5,20251217,201500,20.65,20.735,20.65,20.735,400,0
CCEC.US,5,20251217,211000,20.6134,20.77,20.6134,20.77,600,0
CCEC.US,5,20251217,215500,21.3,21.3,21.3,21.3,100,0
CCEC.US,5,20251218,154500,20.6377,20.73,20.6377,20.73,290,0
CCEC.US,5,20251218,213500,21.325,21.325,21.325,21.325,100,0
CCEC.US,5,20251219,153000,21.05,21.05,21.05,21.05,732,0
CCEC.US,5,20251219,155000,20.65,20.65,20.65,20.65,204,0
CCEC.US,5,20251219,184000,21.02,21.02,21.02,21.02,200,0
CCEC.US,5,20251219,184500,20.93,20.93,20.93,20.93,100,0
CCEC.US,5,20251219,215000,21.35,21.35,21.35,21.35,100,0
CCEC.US,5,20251222,153000,21.1,21.1,21.1,21.1,245,0
CCEC.US,5,20251222,182000,21.23,21.23,21.23,21.23,200,0
CCEC.US,5,20251222,200000,21.08,21.08,21.08,21.08,100,0
CCEC.US,5,20251222,214500,21.11,21.15,21.11,21.15,810,0
CCEC.US,5,20251222,215500,21.49,21.49,21.49,21.49,141,0
