<TICKER>,<PER>,<DATE>,<TIME>,<OPEN>,<HIGH>,<LOW>,<CLOSE>,<VOL>,<OPENINT>
GTERA.US,5,20250728,153500,9.97,9.97,9.96,9.96,8091,0
GTERA.US,5,20250728,154000,9.96,9.96,9.96,9.96,300,0
GTERA.US,5,20250728,154500,9.97,9.9702,9.97,9.9702,531200,0
GTERA.US,5,20250728,155000,9.97,9.97,9.96,9.97,55000,0
GTERA.US,5,20250728,160000,9.9612,9.9612,9.9612,9.9612,200,0
GTERA.US,5,20250728,173500,9.96,9.96,9.96,9.96,100000,0
GTERA.US,5,20250728,174000,9.96,9.96,9.96,9.96,90162,0
GTERA.US,5,20250728,175500,9.97,9.97,9.97,9.97,6900,0
GTERA.US,5,20250728,180000,9.97,9.97,9.97,9.97,62600,0
GTERA.US,5,20250728,181500,9.97,9.97,9.97,9.97,1310,0
GTERA.US,5,20250728,182000,9.97,9.97,9.97,9.97,810,0
GTERA.US,5,20250728,182500,9.97,9.97,9.97,9.97,12505,0
GTERA.US,5,20250728,183000,9.97,9.97,9.97,9.97,100,0
GTERA.US,5,20250728,184000,9.96,9.96,9.96,9.96,100,0
GTERA.US,5,20250728,184500,9.97,9.97,9.96,9.96,2600,0
GTERA.US,5,20250728,185000,9.97,9.97,9.965,9.9663,1700,0
GTERA.US,5,20250728,193000,9.97,9.97,9.97,9.97,18195,0
GTERA.US,5,20250728,200000,9.98,9.98,9.98,9.98,12005,0
GTERA.US,5,20250728,213000,9.975,9.98,9.975,9.98,17200,0
GTERA.US,5,20250729,153500,9.98,9.98,9.98,9.98,266,0
GTERA.US,5,20250729,160500,9.98,9.98,9.98,9.98,3000,0
GTERA.US,5,20250729,161000,9.98,9.98,9.98,9.98,35987,0
GTERA.US,5,20250729,172000,9.98,9.98,9.98,9.98,2000,0
GTERA.US,5,20250729,181000,9.97,9.97,9.97,9.97,599,0
GTERA.US,5,20250729,182000,9.98,9.98,9.9799,9.9799,60000,0
GTERA.US,5,20250729,193500,9.98,9.98,9.975,9.975,662100,0
GTERA.US,5,20250729,211000,9.975,9.98,9.975,9.9799,43625,0
GTERA.US,5,20250729,214500,9.98,9.98,9.98,9.98,1000,0
GTERA.US,5,20250729,215500,9.98,9.98,9.98,9.98,4000,0
GTERA.US,5,20250730,161000,9.975,9.975,9.97,9.97,11510,0
GTERA.US,5,20250730,204000,9.975,9.975,9.97,9.97,35210,0
GTERA.US,5,20250730,205000,9.965,9.965,9.965,9.965,8000,0
GTERA.US,5,20250730,211500,9.965,9.965,9.965,9.965,19400,0
GTERA.US,5,20250730,212000,9.965,9.965,9.965,9.965,51200,0
GTERA.US,5,20250730,214500,9.965,9.965,9.965,9.965,1000,0
GTERA.US,5,20250730,215500,9.97,9.97,9.965,9.965,17900,0
GTERA.US,5,20250731,161000,9.97,9.97,9.97,9.97,485,0
GTERA.US,5,20250731,173500,9.97,9.97,9.97,9.97,900,0
GTERA.US,5,20250731,192000,9.965,9.965,9.965,9.965,400,0
GTERA.US,5,20250731,192500,9.965,9.965,9.965,9.965,900,0
GTERA.US,5,20250731,195000,9.965,9.965,9.965,9.965,1500,0
GTERA.US,5,20250731,201000,9.97,9.97,9.97,9.97,509,0
GTERA.US,5,20250731,203000,9.965,9.965,9.965,9.965,10000,0
GTERA.US,5,20250731,213000,9.9699,9.97,9.9699,9.97,22273,0
GTERA.US,5,20250731,214000,9.97,9.97,9.9699,9.97,64000,0
GTERA.US,5,20250801,164500,9.97,9.97,9.97,9.97,100,0
GTERA.US,5,20250801,173500,9.97,9.97,9.97,9.97,37862,0
GTERA.US,5,20250801,182000,9.9619,9.9619,9.9619,9.9619,200,0
GTERA.US,5,20250801,190000,9.97,9.97,9.97,9.97,686,0
GTERA.US,5,20250801,191500,9.9669,9.9669,9.9669,9.9669,4350,0
GTERA.US,5,20250801,200500,9.96,9.96,9.96,9.96,200,0
GTERA.US,5,20250801,213500,9.965,9.965,9.965,9.965,900,0
GTERA.US,5,20250801,215000,9.97,9.97,9.965,9.965,1300,0
GTERA.US,5,20250801,215500,9.96,9.96,9.96,9.96,1600,0
GTERA.US,5,20250804,162500,9.97,9.97,9.97,9.97,724,0
GTERA.US,5,20250804,163500,9.965,9.965,9.965,9.965,10000,0
GTERA.US,5,20250804,165500,9.96,9.96,9.96,9.96,1500,0
GTERA.US,5,20250804,174000,9.965,9.965,9.965,9.965,3000,0
GTERA.US,5,20250804,175000,9.965,9.965,9.96,9.96,7100,0
GTERA.US,5,20250804,180000,9.965,9.965,9.965,9.965,900,0
GTERA.US,5,20250805,153000,9.97,9.97,9.969,9.97,5200,0
GTERA.US,5,20250805,153500,9.969,9.97,9.9663,9.97,4200,0
GTERA.US,5,20250805,154000,9.97,9.97,9.97,9.97,100,0
GTERA.US,5,20250805,154500,9.97,9.97,9.965,9.965,2200,0
GTERA.US,5,20250805,155000,9.965,9.965,9.965,9.965,100,0
GTERA.US,5,20250805,155500,9.965,9.965,9.965,9.965,500,0
GTERA.US,5,20250805,160000,9.965,9.965,9.965,9.965,200,0
GTERA.US,5,20250805,160500,9.965,9.965,9.965,9.965,200,0
GTERA.US,5,20250805,161000,9.965,9.965,9.965,9.965,100,0
GTERA.US,5,20250805,162000,9.965,9.965,9.965,9.965,200,0
GTERA.US,5,20250805,162500,9.965,9.965,9.965,9.965,100,0
GTERA.US,5,20250805,163000,9.965,9.965,9.965,9.965,119,0
GTERA.US,5,20250805,163500,9.965,9.965,9.965,9.965,121,0
GTERA.US,5,20250805,164000,9.965,9.965,9.965,9.965,123,0
GTERA.US,5,20250805,164500,9.965,9.965,9.96,9.96,437,0
GTERA.US,5,20250805,165000,9.965,9.965,9.965,9.965,100,0
GTERA.US,5,20250805,172000,9.97,9.97,9.97,9.97,500,0
GTERA.US,5,20250805,174000,9.97,9.97,9.97,9.97,500,0
GTERA.US,5,20250805,180500,9.97,9.97,9.97,9.97,356,0
GTERA.US,5,20250805,181000,9.97,9.97,9.97,9.97,500,0
GTERA.US,5,20250805,183500,9.97,9.97,9.97,9.97,600,0
GTERA.US,5,20250805,184500,9.965,9.965,9.965,9.965,100,0
GTERA.US,5,20250805,192000,9.97,9.97,9.97,9.97,500,0
GTERA.US,5,20250805,194500,9.97,9.97,9.97,9.97,500,0
GTERA.US,5,20250805,201000,9.965,9.97,9.965,9.97,500,0
GTERA.US,5,20250805,203000,9.97,9.97,9.97,9.97,500,0
GTERA.US,5,20250805,205500,9.97,9.97,9.97,9.97,400,0
GTERA.US,5,20250805,210500,9.97,9.97,9.97,9.97,400,0
GTERA.US,5,20250805,212000,9.97,9.97,9.97,9.97,400,0
GTERA.US,5,20250805,213500,9.97,9.97,9.97,9.97,300,0
GTERA.US,5,20250805,214000,9.97,9.97,9.97,9.97,300,0
GTERA.US,5,20250805,214500,9.97,9.97,9.97,9.97,300,0
GTERA.US,5,20250805,215000,9.97,9.97,9.97,9.97,400,0
GTERA.US,5,20250805,215500,9.965,9.97,9.965,9.97,910,0
GTERA.US,5,20250806,153000,9.965,9.965,9.96,9.965,8000,0
GTERA.US,5,20250806,153500,9.96,9.96,9.96,9.96,2000,0
GTERA.US,5,20250806,155000,9.965,9.965,9.965,9.965,400,0
GTERA.US,5,20250806,172500,9.97,9.97,9.97,9.97,30339,0
GTERA.US,5,20250806,173500,9.965,9.965,9.965,9.965,3900,0
GTERA.US,5,20250806,191000,9.965,9.965,9.96,9.96,30000,0
GTERA.US,5,20250806,201500,9.9627,9.9627,9.9627,9.9627,8000,0
GTERA.US,5,20250807,154000,9.97,9.97,9.97,9.97,100,0
GTERA.US,5,20250807,164500,9.97,9.97,9.97,9.97,626,0
GTERA.US,5,20250807,184500,9.96,9.96,9.96,9.96,59100,0
GTERA.US,5,20250807,191000,9.96,9.96,9.96,9.96,200000,0
GTERA.US,5,20250807,192000,9.96,9.96,9.96,9.96,75000,0
GTERA.US,5,20250807,192500,9.96,9.96,9.96,9.96,501300,0
GTERA.US,5,20250807,194000,9.96,9.96,9.96,9.96,5026,0
GTERA.US,5,20250807,194500,9.96,9.96,9.96,9.96,1600,0
GTERA.US,5,20250807,195000,9.96,9.96,9.96,9.96,200000,0
GTERA.US,5,20250807,201500,9.96,9.96,9.96,9.96,10600,0
GTERA.US,5,20250807,203000,9.96,9.96,9.96,9.96,50000,0
GTERA.US,5,20250807,215500,9.955,9.955,9.95,9.95,1200,0
GTERA.US,5,20250808,155000,9.955,9.955,9.95,9.95,41800,0
GTERA.US,5,20250808,155500,9.95,9.95,9.95,9.95,16589,0
GTERA.US,5,20250808,161000,9.95,9.95,9.95,9.95,25000,0
GTERA.US,5,20250808,163000,9.95,9.95,9.95,9.95,10200,0
GTERA.US,5,20250808,165000,9.95,9.95,9.95,9.95,20000,0
GTERA.US,5,20250808,172500,9.9499,9.9499,9.9499,9.9499,2000,0
GTERA.US,5,20250808,192000,9.95,9.95,9.95,9.95,410,0
GTERA.US,5,20250811,154000,9.95,9.95,9.95,9.95,500,0
GTERA.US,5,20250811,162500,9.95,9.95,9.95,9.95,7700,0
GTERA.US,5,20250811,172500,9.955,9.955,9.955,9.955,2090,0
GTERA.US,5,20250811,173500,9.955,9.955,9.955,9.955,1220,0
GTERA.US,5,20250811,174000,9.955,9.955,9.955,9.955,2600,0
GTERA.US,5,20250811,180500,9.96,9.96,9.96,9.96,100,0
GTERA.US,5,20250811,181000,9.96,9.96,9.96,9.96,100,0
GTERA.US,5,20250811,181500,9.96,9.96,9.955,9.955,4000,0
GTERA.US,5,20250811,182000,9.96,9.96,9.96,9.96,14390,0
GTERA.US,5,20250811,204000,9.955,9.955,9.95,9.95,101190,0
GTERA.US,5,20250811,204500,9.955,9.955,9.955,9.955,400,0
GTERA.US,5,20250811,205000,9.955,9.955,9.95,9.95,13500,0
GTERA.US,5,20250811,213000,9.95,9.95,9.95,9.95,2000,0
GTERA.US,5,20250812,153000,9.96,9.96,9.96,9.96,102,0
GTERA.US,5,20250812,170000,9.95,9.95,9.95,9.95,4600,0
GTERA.US,5,20250812,194000,9.955,9.955,9.955,9.955,200,0
GTERA.US,5,20250812,204000,9.95,9.95,9.95,9.95,500,0
GTERA.US,5,20250812,213000,9.955,9.955,9.955,9.955,1000,0
GTERA.US,5,20250812,214500,9.955,9.955,9.955,9.955,5200,0
GTERA.US,5,20250812,215000,9.95,9.955,9.95,9.955,220036,0
GTERA.US,5,20250813,153000,9.95,9.95,9.95,9.95,809,0
GTERA.US,5,20250813,164000,9.96,9.96,9.96,9.96,100,0
GTERA.US,5,20250813,182500,9.9517,9.9517,9.9517,9.9517,1100,0
GTERA.US,5,20250813,194500,9.96,9.96,9.96,9.96,100,0
GTERA.US,5,20250814,154000,9.96,9.96,9.96,9.96,336,0
GTERA.US,5,20250814,155000,9.96,9.96,9.96,9.96,336,0
GTERA.US,5,20250814,160000,9.96,9.96,9.96,9.96,324,0
GTERA.US,5,20250814,161000,9.96,9.96,9.96,9.96,336,0
GTERA.US,5,20250814,162000,9.96,9.96,9.96,9.96,332,0
GTERA.US,5,20250814,163000,9.96,9.96,9.96,9.96,336,0
GTERA.US,5,20250814,164000,9.9579,9.96,9.9579,9.96,1009,0
GTERA.US,5,20250814,164500,9.96,9.96,9.9516,9.9516,1405,0
GTERA.US,5,20250814,165000,9.96,9.96,9.96,9.96,384,0
GTERA.US,5,20250814,170500,9.96,9.96,9.96,9.96,384,0
GTERA.US,5,20250814,171500,9.96,9.96,9.96,9.96,272,0
GTERA.US,5,20250814,172500,9.96,9.96,9.96,9.96,384,0
GTERA.US,5,20250814,173500,9.96,9.96,9.96,9.96,320,0
GTERA.US,5,20250814,174500,9.96,9.96,9.96,9.96,324,0
GTERA.US,5,20250814,175500,9.96,9.96,9.96,9.96,500,0
GTERA.US,5,20250814,181000,9.96,9.96,9.96,9.96,336,0
GTERA.US,5,20250814,182000,9.96,9.96,9.96,9.96,320,0
GTERA.US,5,20250814,183000,9.96,9.96,9.96,9.96,384,0
GTERA.US,5,20250814,184000,9.955,9.955,9.955,9.955,400,0
GTERA.US,5,20250814,185500,9.955,9.96,9.955,9.96,484,0
GTERA.US,5,20250814,190500,9.955,9.955,9.955,9.955,384,0
GTERA.US,5,20250814,191500,9.955,9.955,9.955,9.955,384,0
GTERA.US,5,20250814,192500,9.955,9.955,9.955,9.955,384,0
GTERA.US,5,20250814,194000,9.955,9.955,9.955,9.955,336,0
GTERA.US,5,20250814,195000,9.955,9.955,9.955,9.955,400,0
GTERA.US,5,20250814,200000,9.955,9.955,9.955,9.955,384,0
GTERA.US,5,20250814,201000,9.96,9.96,9.96,9.96,1851,0
GTERA.US,5,20250814,202500,9.96,9.96,9.96,9.96,400,0
GTERA.US,5,20250814,203000,9.96,9.96,9.96,9.96,634,0
GTERA.US,5,20250814,203500,9.96,9.96,9.96,9.96,384,0
GTERA.US,5,20250814,204500,9.96,9.96,9.96,9.96,200,0
GTERA.US,5,20250814,205000,9.96,9.96,9.96,9.96,324,0
GTERA.US,5,20250814,205500,9.96,9.96,9.96,9.96,500,0
GTERA.US,5,20250814,210000,9.96,9.96,9.96,9.96,1047,0
GTERA.US,5,20250814,211000,9.96,9.96,9.96,9.96,384,0
GTERA.US,5,20250814,212000,9.96,9.96,9.96,9.96,1951,0
GTERA.US,5,20250814,212500,9.96,9.96,9.96,9.96,659,0
GTERA.US,5,20250814,213000,9.955,9.955,9.95,9.955,27094,0
GTERA.US,5,20250814,214000,9.955,9.955,9.955,9.955,3034,0
GTERA.US,5,20250814,215000,9.955,9.955,9.955,9.955,3800,0
GTERA.US,5,20250815,160500,9.95,9.955,9.95,9.955,2500,0
GTERA.US,5,20250815,162500,9.96,9.96,9.95,9.95,665833,0
GTERA.US,5,20250815,163000,9.955,9.955,9.95,9.95,253866,0
GTERA.US,5,20250815,164000,9.95,9.95,9.95,9.95,76400,0
GTERA.US,5,20250815,164500,9.95,9.95,9.95,9.95,70565,0
GTERA.US,5,20250815,170500,9.95,9.955,9.95,9.95,20140,0
GTERA.US,5,20250815,171500,9.95,9.95,9.95,9.95,13700,0
GTERA.US,5,20250815,181500,9.95,9.95,9.95,9.95,1077,0
GTERA.US,5,20250815,182000,9.95,9.95,9.95,9.95,13280,0
GTERA.US,5,20250815,182500,9.95,9.95,9.95,9.95,10643,0
GTERA.US,5,20250815,184000,9.95,9.95,9.95,9.95,1100,0
GTERA.US,5,20250815,185000,9.95,9.95,9.95,9.95,1000,0
GTERA.US,5,20250815,192500,9.95,9.95,9.95,9.95,15000,0
GTERA.US,5,20250815,193500,9.95,9.95,9.95,9.95,19437,0
GTERA.US,5,20250815,194000,9.955,9.955,9.95,9.95,12432,0
GTERA.US,5,20250815,195000,9.95,9.95,9.95,9.95,25000,0
GTERA.US,5,20250815,201500,9.95,9.95,9.95,9.95,25000,0
GTERA.US,5,20250815,204000,9.95,9.95,9.95,9.95,100,0
GTERA.US,5,20250815,211500,9.95,9.95,9.95,9.95,24969,0
GTERA.US,5,20250815,212000,9.95,9.9585,9.95,9.9585,10225,0
GTERA.US,5,20250818,162000,9.96,9.96,9.95,9.96,103192,0
GTERA.US,5,20250818,163500,9.955,9.955,9.955,9.955,2600,0
GTERA.US,5,20250818,172000,9.9565,9.9565,9.9565,9.9565,2481,0
GTERA.US,5,20250818,173500,9.95,9.95,9.95,9.95,14590,0
GTERA.US,5,20250818,180000,9.95,9.95,9.95,9.95,5100,0
GTERA.US,5,20250818,180500,9.95,9.95,9.95,9.95,5000,0
GTERA.US,5,20250818,181000,9.95,9.96,9.94,9.94,47848,0
GTERA.US,5,20250818,182500,9.95,9.95,9.95,9.95,5000,0
GTERA.US,5,20250818,185500,9.95,9.95,9.95,9.95,100,0
GTERA.US,5,20250818,190500,9.94,9.94,9.94,9.94,100,0
GTERA.US,5,20250818,194500,9.95,9.95,9.95,9.95,5000,0
GTERA.US,5,20250818,202500,9.95,9.95,9.94,9.94,5747,0
GTERA.US,5,20250818,203500,9.95,9.95,9.95,9.95,100,0
GTERA.US,5,20250818,213000,9.95,9.95,9.94,9.94,49633,0
GTERA.US,5,20250818,213500,9.94,9.94,9.94,9.94,28479,0
GTERA.US,5,20250818,214000,9.94,9.94,9.94,9.94,9000,0
GTERA.US,5,20250818,215000,9.94,9.94,9.94,9.94,611,0
GTERA.US,5,20250819,155500,9.95,9.95,9.95,9.95,500,0
GTERA.US,5,20250819,162000,9.94,9.94,9.94,9.94,100,0
GTERA.US,5,20250819,162500,9.945,9.95,9.945,9.95,6200,0
GTERA.US,5,20250819,170500,9.945,9.945,9.945,9.945,100,0
GTERA.US,5,20250819,184500,9.945,9.945,9.945,9.945,350,0
GTERA.US,5,20250819,193000,9.95,9.95,9.95,9.95,100,0
GTERA.US,5,20250819,195000,9.945,9.945,9.945,9.945,10000,0
GTERA.US,5,20250819,200000,9.95,9.955,9.95,9.955,66894,0
GTERA.US,5,20250819,200500,9.955,9.955,9.955,9.955,47400,0
GTERA.US,5,20250819,201000,9.955,9.955,9.95,9.955,281562,0
GTERA.US,5,20250819,201500,9.955,9.955,9.955,9.955,128480,0
GTERA.US,5,20250819,214500,9.95,9.955,9.95,9.955,120000,0
GTERA.US,5,20250819,215500,9.955,9.955,9.955,9.955,5000,0
GTERA.US,5,20250820,183000,9.955,9.955,9.95,9.95,113854,0
GTERA.US,5,20250820,200000,9.95,9.95,9.95,9.95,50000,0
GTERA.US,5,20250820,200500,9.95,9.95,9.95,9.95,100000,0
GTERA.US,5,20250820,202000,9.95,9.95,9.95,9.95,50000,0
GTERA.US,5,20250820,204000,9.95,9.95,9.95,9.95,16765,0
GTERA.US,5,20250820,210000,9.95,9.95,9.95,9.95,199832,0
GTERA.US,5,20250820,211000,9.95,9.95,9.95,9.95,2500,0
GTERA.US,5,20250821,153000,9.96,9.96,9.96,9.96,1000,0
GTERA.US,5,20250821,160500,9.95,9.95,9.95,9.95,33000,0
GTERA.US,5,20250821,161000,9.95,9.95,9.95,9.95,20700,0
GTERA.US,5,20250821,163000,9.955,9.955,9.955,9.955,100,0
GTERA.US,5,20250821,163500,9.955,9.955,9.955,9.955,100,0
GTERA.US,5,20250821,165500,9.955,9.955,9.95,9.955,49942,0
GTERA.US,5,20250821,170000,9.955,9.955,9.955,9.955,100,0
GTERA.US,5,20250821,172000,9.955,9.955,9.955,9.955,596,0
GTERA.US,5,20250821,172500,9.955,9.955,9.955,9.955,300,0
GTERA.US,5,20250821,173500,9.955,9.955,9.95,9.955,1800,0
GTERA.US,5,20250821,175000,9.955,9.955,9.955,9.955,100,0
GTERA.US,5,20250821,180000,9.955,9.955,9.955,9.955,935,0
GTERA.US,5,20250821,181000,9.955,9.955,9.955,9.955,751,0
GTERA.US,5,20250821,182500,9.955,9.955,9.955,9.955,100,0
GTERA.US,5,20250821,183000,9.955,9.955,9.955,9.955,100,0
GTERA.US,5,20250821,183500,9.955,9.955,9.955,9.955,100,0
GTERA.US,5,20250821,184000,9.955,9.955,9.95,9.95,700,0
GTERA.US,5,20250821,190500,9.95,9.95,9.95,9.95,2535,0
GTERA.US,5,20250821,192500,9.955,9.955,9.955,9.955,100,0
GTERA.US,5,20250821,193500,9.955,9.955,9.955,9.955,300,0
GTERA.US,5,20250821,195000,9.955,9.955,9.955,9.955,100,0
GTERA.US,5,20250821,201000,9.955,9.955,9.955,9.955,100,0
GTERA.US,5,20250821,201500,9.955,9.955,9.95,9.95,1580,0
GTERA.US,5,20250821,202000,9.955,9.955,9.955,9.955,100,0
GTERA.US,5,20250821,205500,9.955,9.96,9.955,9.96,10400,0
GTERA.US,5,20250821,210000,9.9554,9.97,9.955,9.965,28022,0
GTERA.US,5,20250821,210500,9.965,9.965,9.96,9.965,2565,0
GTERA.US,5,20250821,211000,9.965,9.965,9.965,9.965,1205,0
GTERA.US,5,20250821,212000,9.965,9.965,9.965,9.965,666,0
GTERA.US,5,20250821,213000,9.965,9.97,9.965,9.965,1455,0
GTERA.US,5,20250821,213500,9.97,9.97,9.97,9.97,100,0
GTERA.US,5,20250821,214000,9.97,9.97,9.965,9.97,714,0
GTERA.US,5,20250821,215000,9.965,9.97,9.965,9.965,1700,0
GTERA.US,5,20250821,215500,9.97,9.97,9.96,9.97,3419,0
GTERA.US,5,20250822,161000,9.9604,9.9604,9.9604,9.9604,1000,0
GTERA.US,5,20250822,163000,9.965,9.965,9.965,9.965,1225,0
GTERA.US,5,20250822,180500,9.97,9.97,9.97,9.97,1500,0
GTERA.US,5,20250822,200500,9.965,9.965,9.965,9.965,200,0
GTERA.US,5,20250822,210000,9.97,9.97,9.97,9.97,300,0
GTERA.US,5,20250822,211500,9.965,9.965,9.965,9.965,100,0
GTERA.US,5,20250822,215500,9.96,9.96,9.96,9.96,3103,0
GTERA.US,5,20250825,163500,9.9653,9.9653,9.9653,9.9653,5000,0
GTERA.US,5,20250825,182500,9.96,9.96,9.96,9.96,3106,0
GTERA.US,5,20250825,195500,9.9672,9.9672,9.9672,9.9672,300,0
GTERA.US,5,20250825,215500,9.96,9.96,9.96,9.96,150,0
GTERA.US,5,20250826,185000,9.96,9.96,9.96,9.96,49894,0
GTERA.US,5,20250826,215000,9.955,9.955,9.955,9.955,400,0
GTERA.US,5,20250827,173000,9.967,9.967,9.965,9.965,2450,0
GTERA.US,5,20250827,183500,9.96,9.96,9.96,9.96,956,0
GTERA.US,5,20250827,194500,9.965,9.965,9.965,9.965,400,0
GTERA.US,5,20250828,174500,9.9546,9.9546,9.9546,9.9546,200,0
GTERA.US,5,20250828,175000,9.9599,9.96,9.9535,9.9535,500,0
GTERA.US,5,20250828,185500,9.96,9.96,9.96,9.96,307,0
GTERA.US,5,20250828,210500,9.97,9.97,9.97,9.97,500,0
GTERA.US,5,20250828,212500,9.96,9.96,9.96,9.96,72000,0
GTERA.US,5,20250828,214000,9.97,9.97,9.97,9.97,938,0
GTERA.US,5,20250829,153000,9.96,9.97,9.96,9.97,200,0
GTERA.US,5,20250829,153500,9.96,9.96,9.96,9.96,21598,0
GTERA.US,5,20250829,160500,9.96,9.96,9.96,9.96,1000,0
GTERA.US,5,20250829,163500,9.96,9.96,9.96,9.96,10000,0
GTERA.US,5,20250829,164500,9.96,9.96,9.96,9.96,6700,0
GTERA.US,5,20250829,170000,9.965,9.965,9.965,9.965,400,0
GTERA.US,5,20250829,171500,9.9607,9.9607,9.9607,9.9607,1000,0
GTERA.US,5,20250829,174000,9.965,9.965,9.965,9.965,400,0
GTERA.US,5,20250829,183500,9.965,9.965,9.965,9.965,300,0
GTERA.US,5,20250829,201500,9.96,9.965,9.96,9.96,5000,0
GTERA.US,5,20250829,210500,9.965,9.965,9.965,9.965,200,0
GTERA.US,5,20250829,211000,9.9609,9.9609,9.9609,9.9609,3919,0
GTERA.US,5,20250829,213000,9.965,9.965,9.965,9.965,200,0
GTERA.US,5,20250829,214000,9.96,9.96,9.96,9.96,2000,0
GTERA.US,5,20250829,214500,9.965,9.965,9.965,9.965,1100,0
GTERA.US,5,20250829,215500,9.965,9.97,9.965,9.965,920,0
GTERA.US,5,20250902,170000,9.96,9.96,9.96,9.96,1823,0
GTERA.US,5,20250902,181500,9.96,9.96,9.96,9.96,954,0
GTERA.US,5,20250902,202000,9.965,9.965,9.96,9.96,3000,0
GTERA.US,5,20250902,211000,9.96,9.96,9.96,9.96,36600,0
GTERA.US,5,20250902,211500,9.9503,9.96,9.9503,9.96,21000,0
GTERA.US,5,20250902,212000,9.95,9.951,9.95,9.9501,18800,0
GTERA.US,5,20250902,212500,9.96,9.96,9.96,9.96,300,0
GTERA.US,5,20250902,213500,9.97,9.97,9.96,9.96,700,0
GTERA.US,5,20250902,214500,9.96,9.96,9.96,9.96,1800,0
GTERA.US,5,20250902,215000,9.96,9.96,9.96,9.96,1400,0
GTERA.US,5,20250902,215500,9.96,9.97,9.96,9.97,8677,0
GTERA.US,5,20250903,161000,9.96,9.96,9.96,9.96,1000,0
GTERA.US,5,20250903,165000,9.97,9.97,9.97,9.97,100,0
GTERA.US,5,20250903,173000,9.965,9.965,9.965,9.965,100,0
GTERA.US,5,20250903,173500,9.965,9.965,9.965,9.965,100,0
GTERA.US,5,20250903,175000,9.965,9.965,9.96,9.965,51087,0
GTERA.US,5,20250903,180000,9.96,9.96,9.96,9.96,4287,0
GTERA.US,5,20250903,180500,9.97,9.97,9.97,9.97,100,0
GTERA.US,5,20250903,181000,9.965,9.97,9.965,9.97,314,0
GTERA.US,5,20250903,182000,9.97,9.97,9.965,9.965,327,0
GTERA.US,5,20250903,182500,9.97,9.97,9.965,9.97,975,0
GTERA.US,5,20250903,183000,9.97,9.97,9.97,9.97,100,0
GTERA.US,5,20250903,183500,9.965,9.97,9.965,9.97,214,0
GTERA.US,5,20250903,184000,9.97,9.97,9.97,9.97,100,0
GTERA.US,5,20250903,185000,9.97,9.97,9.97,9.97,100,0
GTERA.US,5,20250903,185500,9.97,9.97,9.97,9.97,100,0
GTERA.US,5,20250903,190000,9.97,9.97,9.965,9.965,214,0
GTERA.US,5,20250903,191000,9.97,9.97,9.965,9.965,200,0
GTERA.US,5,20250903,191500,9.97,9.97,9.97,9.97,100,0
GTERA.US,5,20250903,192000,9.965,9.97,9.965,9.97,200,0
GTERA.US,5,20250903,193000,9.97,9.97,9.965,9.965,1201,0
GTERA.US,5,20250903,193500,9.965,9.97,9.965,9.97,200,0
GTERA.US,5,20250903,194000,9.97,9.97,9.97,9.97,100,0
GTERA.US,5,20250903,195000,9.965,9.97,9.965,9.965,314,0
GTERA.US,5,20250903,195500,9.97,9.97,9.97,9.97,100,0
GTERA.US,5,20250903,200500,9.965,9.97,9.965,9.97,200,0
GTERA.US,5,20250903,201000,9.97,9.97,9.965,9.965,200,0
GTERA.US,5,20250903,202000,9.97,9.97,9.97,9.97,100,0
GTERA.US,5,20250903,202500,9.97,9.97,9.97,9.97,100,0
GTERA.US,5,20250903,203000,9.97,9.97,9.97,9.97,100,0
GTERA.US,5,20250903,203500,9.97,9.97,9.97,9.97,100,0
GTERA.US,5,20250903,204000,9.965,9.965,9.965,9.965,100,0
GTERA.US,5,20250903,204500,9.97,9.97,9.97,9.97,100,0
GTERA.US,5,20250903,205000,9.97,9.97,9.97,9.97,100,0
GTERA.US,5,20250903,205500,9.97,9.97,9.965,9.97,1004,0
GTERA.US,5,20250903,210000,9.965,9.965,9.965,9.965,100,0
GTERA.US,5,20250903,210500,9.97,9.97,9.97,9.97,600,0
GTERA.US,5,20250903,211000,9.97,9.97,9.97,9.97,100,0
GTERA.US,5,20250903,211500,9.97,9.97,9.97,9.97,100,0
GTERA.US,5,20250903,212500,9.97,9.97,9.97,9.97,100,0
GTERA.US,5,20250903,213000,9.97,9.97,9.97,9.97,100,0
GTERA.US,5,20250903,213500,9.96,9.96,9.96,9.96,298,0
GTERA.US,5,20250903,214000,9.97,9.97,9.97,9.97,100,0
GTERA.US,5,20250903,214500,9.965,9.965,9.965,9.965,100,0
GTERA.US,5,20250903,215000,9.965,9.97,9.96,9.96,873,0
GTERA.US,5,20250903,215500,9.965,9.97,9.965,9.965,620,0
GTERA.US,5,20250904,172000,9.96,9.96,9.95,9.95,16816,0
GTERA.US,5,20250904,172500,9.95,9.96,9.95,9.955,127302,0
GTERA.US,5,20250904,173000,9.9591,9.9591,9.9591,9.9591,400,0
GTERA.US,5,20250904,173500,9.95,9.951,9.95,9.95,120459,0
GTERA.US,5,20250904,175500,9.955,9.96,9.955,9.96,5600,0
GTERA.US,5,20250904,180500,9.959,9.959,9.959,9.959,375,0
GTERA.US,5,20250904,194500,9.955,9.96,9.955,9.96,8900,0
GTERA.US,5,20250904,195000,9.96,9.96,9.96,9.96,9215,0
GTERA.US,5,20250904,211500,9.965,9.97,9.965,9.97,1100,0
GTERA.US,5,20250904,213500,9.96,9.96,9.955,9.955,3010,0
GTERA.US,5,20250904,214000,9.955,9.96,9.955,9.96,4000,0
GTERA.US,5,20250904,215500,9.955,9.96,9.955,9.96,1274,0
GTERA.US,5,20250905,153000,9.96,9.96,9.96,9.96,80286,0
GTERA.US,5,20250905,180000,9.955,9.955,9.955,9.955,800,0
GTERA.US,5,20250905,200000,9.955,9.955,9.955,9.955,800,0
GTERA.US,5,20250905,213000,9.96,9.96,9.96,9.96,194,0
GTERA.US,5,20250905,213500,9.955,9.955,9.955,9.955,300,0
GTERA.US,5,20250905,214500,9.96,9.96,9.96,9.96,100,0
GTERA.US,5,20250905,215500,9.955,9.96,9.955,9.96,469,0
GTERA.US,5,20250908,164500,9.95,9.95,9.95,9.95,3533,0
GTERA.US,5,20250908,171500,9.96,9.96,9.96,9.96,100,0
GTERA.US,5,20250908,215500,9.96,9.96,9.95,9.96,7500,0
GTERA.US,5,20250909,171500,9.96,9.96,9.96,9.96,2191,0
GTERA.US,5,20250909,172500,9.9607,9.9607,9.9607,9.9607,200,0
GTERA.US,5,20250909,193500,9.9691,9.9691,9.9691,9.9691,750,0
GTERA.US,5,20250909,203500,9.96,9.96,9.96,9.96,200,0
GTERA.US,5,20250909,215500,9.95,9.96,9.95,9.96,51030,0
GTERA.US,5,20250910,170500,9.96,9.96,9.96,9.96,1407,0
GTERA.US,5,20250910,175500,9.96,9.96,9.96,9.96,9250,0
GTERA.US,5,20250910,202500,9.97,9.97,9.97,9.97,5000,0
GTERA.US,5,20250910,204000,9.9699,9.9699,9.9699,9.9699,3575,0
GTERA.US,5,20250910,205500,9.9674,9.9687,9.9674,9.9687,13200,0
GTERA.US,5,20250911,190000,9.96,9.96,9.96,9.96,800,0
GTERA.US,5,20250911,191000,9.97,9.97,9.97,9.97,100,0
GTERA.US,5,20250911,201500,9.97,9.97,9.97,9.97,2537,0
GTERA.US,5,20250911,202000,9.96,9.96,9.96,9.96,897,0
GTERA.US,5,20250911,204500,9.9685,9.9685,9.9685,9.9685,454,0
GTERA.US,5,20250911,212500,9.965,9.965,9.965,9.965,200,0
GTERA.US,5,20250911,214500,9.97,9.97,9.965,9.97,955,0
GTERA.US,5,20250911,215000,9.97,9.97,9.97,9.97,505,0
GTERA.US,5,20250911,215500,9.97,9.97,9.97,9.97,885,0
GTERA.US,5,20250912,160000,9.965,9.9699,9.965,9.9699,5000,0
GTERA.US,5,20250912,215500,9.97,9.97,9.97,9.97,122,0
GTERA.US,5,20250915,194500,9.97,9.98,9.96,9.98,6132,0
GTERA.US,5,20250916,155000,9.97,9.97,9.97,9.97,7900,0
GTERA.US,5,20250916,160000,9.9708,9.9708,9.97,9.97,3000,0
GTERA.US,5,20250916,162500,9.96,9.96,9.96,9.96,100,0
GTERA.US,5,20250916,165000,9.97,9.97,9.96,9.96,53533,0
GTERA.US,5,20250916,170000,9.97,9.97,9.97,9.97,5000,0
GTERA.US,5,20250916,172000,9.965,9.965,9.965,9.965,6400,0
GTERA.US,5,20250916,172500,9.97,9.97,9.965,9.97,102030,0
GTERA.US,5,20250916,173000,9.965,9.965,9.965,9.965,10000,0
GTERA.US,5,20250916,173500,9.97,9.97,9.97,9.97,11930,0
GTERA.US,5,20250916,180000,9.97,9.975,9.97,9.97,50669,0
GTERA.US,5,20250916,180500,9.97,9.97,9.97,9.97,2876,0
GTERA.US,5,20250916,182000,9.9708,9.9708,9.9708,9.9708,500,0
GTERA.US,5,20250916,183000,9.97,9.97,9.97,9.97,100,0
GTERA.US,5,20250916,205500,9.9708,9.9708,9.9708,9.9708,500,0
GTERA.US,5,20250916,212500,9.9708,9.9708,9.9708,9.9708,500,0
GTERA.US,5,20250916,214000,9.97,9.97,9.97,9.97,665,0
GTERA.US,5,20250916,214500,9.9702,9.9702,9.9702,9.9702,500,0
GTERA.US,5,20250916,215500,9.97,9.975,9.97,9.97,10000,0
GTERA.US,5,20250917,160500,9.97,9.97,9.97,9.97,15000,0
GTERA.US,5,20250917,162000,9.97,9.97,9.97,9.97,100,0
GTERA.US,5,20250917,173000,9.97,9.97,9.97,9.97,874,0
GTERA.US,5,20250917,173500,9.97,9.97,9.97,9.97,326,0
GTERA.US,5,20250917,190000,9.97,9.97,9.97,9.97,10900,0
GTERA.US,5,20250917,193500,9.97,9.97,9.96,9.965,300,0
GTERA.US,5,20250918,160500,9.97,9.97,9.97,9.97,100,0
GTERA.US,5,20250918,164000,9.97,9.97,9.97,9.97,1500,0
GTERA.US,5,20250918,164500,9.97,9.975,9.97,9.975,59800,0
GTERA.US,5,20250918,171500,9.97,9.975,9.97,9.97,400,0
GTERA.US,5,20250918,173500,9.97,9.97,9.97,9.97,200,0
GTERA.US,5,20250918,194000,9.975,9.975,9.97,9.97,796,0
GTERA.US,5,20250918,205000,9.97,9.97,9.97,9.97,200,0
GTERA.US,5,20250918,211500,9.97,9.97,9.97,9.97,8900,0
GTERA.US,5,20250918,213500,9.975,9.975,9.97,9.97,11900,0
GTERA.US,5,20250918,214000,9.975,9.975,9.97,9.97,9106,0
GTERA.US,5,20250918,215500,9.97,9.97,9.96,9.97,3282,0
GTERA.US,5,20250919,160000,9.975,9.975,9.975,9.975,150,0
GTERA.US,5,20250919,162500,9.97,9.97,9.97,9.97,100,0
GTERA.US,5,20250919,180500,9.98,9.98,9.98,9.98,200000,0
GTERA.US,5,20250919,190500,9.97,9.97,9.97,9.97,1323,0
GTERA.US,5,20250919,203000,9.97,9.97,9.97,9.97,100,0
GTERA.US,5,20250922,161000,9.97,9.97,9.97,9.97,696,0
GTERA.US,5,20250922,161500,9.97,9.97,9.97,9.97,100,0
GTERA.US,5,20250922,163000,9.97,9.97,9.97,9.97,200000,0
GTERA.US,5,20250922,163500,9.97,9.97,9.97,9.97,100,0
GTERA.US,5,20250922,175500,9.9715,9.9715,9.9715,9.9715,1000,0
GTERA.US,5,20250923,161000,9.97,9.97,9.97,9.97,887,0
GTERA.US,5,20250923,162500,9.975,9.975,9.975,9.975,1490,0
GTERA.US,5,20250923,175500,9.975,9.99,9.975,9.99,11000,0
GTERA.US,5,20250923,192000,9.98,9.98,9.98,9.98,100,0
GTERA.US,5,20250923,192500,9.98,9.9801,9.97,9.98,95911,0
GTERA.US,5,20250923,202000,9.97,9.97,9.97,9.97,100,0
GTERA.US,5,20250923,203000,9.98,9.98,9.98,9.98,100,0
GTERA.US,5,20250923,212000,9.98,9.98,9.98,9.98,100,0
GTERA.US,5,20250923,212500,9.9717,9.9717,9.9717,9.9717,1350,0
GTERA.US,5,20250923,213500,9.975,9.975,9.975,9.975,100,0
GTERA.US,5,20250923,215000,9.97,9.98,9.97,9.97,556,0
GTERA.US,5,20250924,163000,9.98,9.98,9.98,9.98,100,0
GTERA.US,5,20250924,203500,9.985,9.985,9.985,9.985,100,0
GTERA.US,5,20250924,214500,9.98,9.98,9.98,9.98,152,0
GTERA.US,5,20250925,155500,9.98,9.98,9.98,9.98,1000,0
GTERA.US,5,20250925,163000,9.98,9.98,9.98,9.98,100,0
GTERA.US,5,20250925,180500,9.98,9.98,9.98,9.98,10100,0
GTERA.US,5,20250925,181000,9.98,9.98,9.98,9.98,15528,0
GTERA.US,5,20250925,181500,9.98,9.98,9.98,9.98,55406,0
GTERA.US,5,20250925,183500,9.98,9.98,9.98,9.98,42900,0
GTERA.US,5,20250925,191000,9.975,9.975,9.97,9.97,86500,0
GTERA.US,5,20250925,195500,9.975,9.975,9.975,9.975,100,0
GTERA.US,5,20250925,205500,9.975,9.975,9.975,9.975,4500,0
GTERA.US,5,20250925,215500,9.97,9.97,9.97,9.97,100,0
GTERA.US,5,20250926,153000,9.98,9.98,9.98,9.98,5000,0
GTERA.US,5,20250926,160000,9.98,9.98,9.98,9.98,2230,0
GTERA.US,5,20250926,160500,9.98,9.98,9.98,9.98,200,0
GTERA.US,5,20250926,161000,9.98,9.98,9.98,9.98,2072,0
GTERA.US,5,20250926,162000,9.98,9.98,9.98,9.98,400,0
GTERA.US,5,20250926,163000,9.98,9.98,9.98,9.98,100,0
GTERA.US,5,20250926,163500,9.98,9.98,9.98,9.98,700,0
GTERA.US,5,20250926,164000,9.98,9.98,9.98,9.98,500,0
GTERA.US,5,20250926,164500,9.98,9.98,9.98,9.98,200,0
GTERA.US,5,20250926,165000,9.98,9.98,9.98,9.98,600,0
GTERA.US,5,20250926,165500,9.98,9.98,9.98,9.98,700,0
GTERA.US,5,20250926,172500,9.98,9.98,9.98,9.98,100,0
GTERA.US,5,20250926,173000,9.98,9.98,9.98,9.98,500,0
GTERA.US,5,20250926,173500,9.98,9.98,9.98,9.98,200,0
GTERA.US,5,20250926,175500,9.98,9.98,9.98,9.98,600,0
GTERA.US,5,20250926,180000,9.98,9.98,9.98,9.98,200,0
GTERA.US,5,20250926,180500,9.98,9.98,9.98,9.98,400,0
GTERA.US,5,20250926,181500,9.98,9.98,9.98,9.98,300,0
GTERA.US,5,20250926,182500,9.98,9.98,9.98,9.98,100,0
GTERA.US,5,20250926,183000,9.98,9.98,9.98,9.98,100,0
GTERA.US,5,20250926,183500,9.98,9.98,9.98,9.98,100,0
GTERA.US,5,20250926,184000,9.98,9.98,9.98,9.98,200,0
GTERA.US,5,20250926,192500,9.98,9.98,9.98,9.98,600,0
GTERA.US,5,20250926,193000,9.98,9.98,9.98,9.98,200,0
GTERA.US,5,20250926,193500,9.98,9.98,9.98,9.98,200,0
GTERA.US,5,20250926,195000,9.98,9.98,9.98,9.98,500,0
GTERA.US,5,20250926,200500,9.98,9.98,9.98,9.98,200,0
GTERA.US,5,20250926,201000,9.98,9.98,9.98,9.98,100,0
GTERA.US,5,20250926,201500,9.98,9.98,9.98,9.98,400,0
GTERA.US,5,20250926,202000,9.98,9.98,9.98,9.98,200,0
GTERA.US,5,20250926,202500,9.98,9.98,9.98,9.98,200,0
GTERA.US,5,20250926,203500,9.98,9.98,9.98,9.98,100,0
GTERA.US,5,20250926,205500,9.98,9.98,9.98,9.98,100,0
GTERA.US,5,20250926,210500,9.98,9.98,9.98,9.98,400,0
GTERA.US,5,20250926,211500,9.98,9.98,9.98,9.98,677,0
GTERA.US,5,20250926,212000,9.98,9.98,9.98,9.98,100,0
GTERA.US,5,20250926,212500,9.98,9.98,9.98,9.98,100,0
GTERA.US,5,20250926,213500,9.98,9.985,9.98,9.98,2300,0
GTERA.US,5,20250926,214000,9.98,9.98,9.98,9.98,200,0
GTERA.US,5,20250926,214500,9.98,9.98,9.98,9.98,200,0
GTERA.US,5,20250926,215000,9.98,9.98,9.98,9.98,200,0
GTERA.US,5,20250926,215500,9.98,9.98,9.98,9.98,404,0
GTERA.US,5,20250929,162000,9.98,9.98,9.98,9.98,2523,0
GTERA.US,5,20250929,165500,9.98,9.9801,9.9799,9.98,65942,0
GTERA.US,5,20250929,171500,9.98,9.98,9.98,9.98,25400,0
GTERA.US,5,20250929,175000,9.98,9.98,9.98,9.98,45000,0
GTERA.US,5,20250929,185000,9.98,9.98,9.98,9.98,100,0
GTERA.US,5,20250929,201000,9.98,9.98,9.98,9.98,8602,0
GTERA.US,5,20250929,203000,9.98,9.98,9.98,9.98,1400,0
GTERA.US,5,20250929,212000,9.985,9.985,9.985,9.985,100,0
GTERA.US,5,20250929,215000,9.985,9.985,9.985,9.985,100,0
GTERA.US,5,20250930,153000,9.985,9.985,9.985,9.985,65000,0
GTERA.US,5,20250930,155500,9.985,9.99,9.985,9.99,7500,0
GTERA.US,5,20250930,172000,9.985,9.985,9.985,9.985,100,0
GTERA.US,5,20250930,172500,9.98,9.98,9.98,9.98,2292,0
GTERA.US,5,20250930,173500,9.98,9.98,9.98,9.98,100,0
GTERA.US,5,20250930,174000,9.98,9.98,9.98,9.98,100,0
GTERA.US,5,20250930,175000,9.98,9.98,9.98,9.98,100,0
GTERA.US,5,20250930,175500,9.98,9.98,9.98,9.98,100,0
GTERA.US,5,20250930,180500,9.98,9.98,9.98,9.98,100,0
GTERA.US,5,20250930,181000,9.98,9.98,9.98,9.98,100,0
GTERA.US,5,20250930,182000,9.98,9.98,9.98,9.98,100,0
GTERA.US,5,20250930,182500,9.98,9.98,9.98,9.98,100,0
GTERA.US,5,20250930,183500,9.98,9.98,9.98,9.98,100,0
GTERA.US,5,20250930,184500,9.98,9.98,9.98,9.98,100,0
GTERA.US,5,20250930,185000,9.98,9.98,9.98,9.98,100,0
GTERA.US,5,20250930,185500,9.98,9.98,9.98,9.98,300,0
GTERA.US,5,20250930,190000,9.98,9.98,9.98,9.98,100,0
GTERA.US,5,20250930,191000,9.98,9.98,9.98,9.98,100,0
GTERA.US,5,20250930,191500,9.98,9.98,9.98,9.98,100,0
GTERA.US,5,20250930,192500,9.98,9.98,9.98,9.98,100,0
GTERA.US,5,20250930,193500,9.98,9.98,9.98,9.98,100,0
GTERA.US,5,20250930,194500,9.98,9.98,9.98,9.98,100,0
GTERA.US,5,20250930,195000,9.98,9.98,9.98,9.98,100,0
GTERA.US,5,20250930,200000,9.98,9.98,9.98,9.98,100,0
GTERA.US,5,20250930,200500,9.98,9.98,9.98,9.98,100,0
GTERA.US,5,20250930,201500,9.98,9.98,9.98,9.98,100,0
GTERA.US,5,20250930,202000,9.98,9.98,9.98,9.98,100,0
GTERA.US,5,20250930,203000,9.98,9.98,9.98,9.98,100,0
GTERA.US,5,20250930,203500,9.98,9.98,9.98,9.98,100,0
GTERA.US,5,20250930,204500,9.98,9.98,9.98,9.98,100,0
GTERA.US,5,20250930,205000,9.98,9.98,9.98,9.98,100,0
GTERA.US,5,20250930,205500,9.98,9.98,9.98,9.98,100,0
GTERA.US,5,20250930,210500,9.98,9.98,9.98,9.98,100,0
GTERA.US,5,20250930,211000,9.98,9.98,9.98,9.98,100,0
GTERA.US,5,20250930,211500,9.98,9.98,9.98,9.98,100,0
GTERA.US,5,20250930,212000,9.98,9.98,9.98,9.98,100,0
GTERA.US,5,20250930,212500,9.98,9.985,9.98,9.98,42498,0
GTERA.US,5,20250930,213000,9.985,9.985,9.98,9.98,200,0
GTERA.US,5,20250930,213500,9.98,9.985,9.98,9.98,600,0
GTERA.US,5,20250930,214000,9.98,9.98,9.98,9.98,100,0
GTERA.US,5,20250930,214500,9.98,9.985,9.98,9.98,27598,0
GTERA.US,5,20250930,215000,9.98,9.98,9.98,9.98,1700,0
GTERA.US,5,20250930,215500,9.98,9.98,9.98,9.98,3493,0
GTERA.US,5,20251001,153000,9.99,9.99,9.98,9.98,31098,0
GTERA.US,5,20251001,195500,9.985,9.985,9.98,9.985,2700,0
GTERA.US,5,20251001,201000,9.985,9.985,9.985,9.985,100,0
GTERA.US,5,20251001,202500,9.98,9.98,9.98,9.98,99902,0
GTERA.US,5,20251001,210000,9.98,9.98,9.98,9.98,2242,0
GTERA.US,5,20251001,211000,9.98,9.98,9.98,9.98,100,0
GTERA.US,5,20251001,212500,9.98,9.985,9.98,9.985,1945,0
GTERA.US,5,20251001,215000,9.985,9.985,9.985,9.985,100,0
GTERA.US,5,20251001,215500,9.98,9.98,9.98,9.98,100,0
GTERA.US,5,20251002,171000,9.99,9.99,9.99,9.99,3000,0
GTERA.US,5,20251002,180500,9.98,9.98,9.98,9.98,100,0
GTERA.US,5,20251002,185000,9.985,9.985,9.985,9.985,200,0
GTERA.US,5,20251002,195500,9.9847,9.9847,9.9847,9.9847,500,0
GTERA.US,5,20251003,153000,9.99,9.99,9.99,9.99,139,0
GTERA.US,5,20251003,154000,9.985,9.985,9.985,9.985,100,0
GTERA.US,5,20251003,170000,9.9801,9.9801,9.9801,9.9801,100,0
GTERA.US,5,20251003,200000,9.9887,9.99,9.985,9.99,51472,0
GTERA.US,5,20251003,200500,9.99,9.99,9.99,9.99,10100,0
GTERA.US,5,20251003,203000,9.995,9.995,9.995,9.995,400,0
GTERA.US,5,20251003,203500,9.995,9.995,9.995,9.995,100,0
GTERA.US,5,20251003,204000,9.995,9.995,9.995,9.995,100,0
GTERA.US,5,20251003,204500,9.995,9.995,9.995,9.995,100,0
GTERA.US,5,20251003,205000,9.995,9.995,9.995,9.995,200,0
GTERA.US,5,20251003,205500,9.995,9.995,9.995,9.995,100,0
GTERA.US,5,20251003,210000,9.995,9.995,9.995,9.995,100,0
GTERA.US,5,20251003,210500,9.995,9.995,9.995,9.995,100,0
GTERA.US,5,20251003,211000,9.995,9.995,9.995,9.995,100,0
GTERA.US,5,20251003,211500,9.995,9.995,9.99,9.995,24109,0
GTERA.US,5,20251003,212000,9.995,9.995,9.995,9.995,100,0
GTERA.US,5,20251003,212500,9.995,9.995,9.995,9.995,300,0
GTERA.US,5,20251003,213000,9.99,9.99,9.99,9.99,200,0
GTERA.US,5,20251003,213500,9.99,9.99,9.99,9.99,200,0
GTERA.US,5,20251003,215500,9.99,9.9901,9.98,9.98,101686,0
GTERA.US,5,20251006,165000,9.99,9.99,9.9895,9.9895,9200,0
GTERA.US,5,20251006,165500,9.99,9.995,9.99,9.995,11200,0
GTERA.US,5,20251006,172000,10,10.02,9.995,10.01,32356,0
GTERA.US,5,20251006,172500,10.01,10.01,10.01,10.01,4000,0
GTERA.US,5,20251006,173500,10.01,10.01,10.01,10.01,5000,0
GTERA.US,5,20251006,180000,10.02,10.02,10.02,10.02,1000,0
GTERA.US,5,20251006,182000,10.015,10.015,10.015,10.015,100,0
GTERA.US,5,20251006,200000,10.015,10.015,10.01,10.01,10900,0
GTERA.US,5,20251007,161000,9.9841,9.9841,9.9841,9.9841,750,0
GTERA.US,5,20251007,162000,10.01,10.01,10.01,10.01,200,0
GTERA.US,5,20251007,181000,9.99,9.99,9.99,9.99,2413,0
GTERA.US,5,20251007,192000,9.99,9.99,9.99,9.99,200,0
GTERA.US,5,20251007,215500,10.02,10.02,10.02,10.02,200,0
GTERA.US,5,20251008,162000,9.995,9.995,9.995,9.995,400,0
GTERA.US,5,20251008,162500,10,10,10,10,100,0
GTERA.US,5,20251008,170500,10,10,10,10,5299,0
GTERA.US,5,20251008,174500,10.005,10.005,10.005,10.005,5000,0
GTERA.US,5,20251008,191000,10.005,10.005,10.005,10.005,500,0
GTERA.US,5,20251008,191500,10.005,10.005,10.005,10.005,500,0
GTERA.US,5,20251008,193000,10.005,10.01,10.005,10.01,5400,0
GTERA.US,5,20251008,201500,10.01,10.015,10.01,10.01,6600,0
GTERA.US,5,20251008,202000,10.01,10.01,10.01,10.01,10000,0
GTERA.US,5,20251008,202500,10.005,10.005,10,10,2000,0
GTERA.US,5,20251008,211000,10.005,10.005,10.005,10.005,100,0
GTERA.US,5,20251008,214500,10,10,10,10,400,0
GTERA.US,5,20251009,163500,9.99,9.99,9.99,9.99,1000,0
GTERA.US,5,20251009,164000,10.019,10.02,10.019,10.02,1000,0
GTERA.US,5,20251009,164500,10.02,10.02,10.02,10.02,1000,0
GTERA.US,5,20251009,165000,10,10,10,10,35000,0
GTERA.US,5,20251009,184000,10,10.02,10,10.01,7200,0
GTERA.US,5,20251009,195500,10.01,10.015,10.01,10.015,9903,0
GTERA.US,5,20251009,204500,10.02,10.02,10.015,10.015,10100,0
GTERA.US,5,20251010,160500,10.015,10.025,10.015,10.025,19836,0
GTERA.US,5,20251010,162500,10.0265,10.0265,10.0265,10.0265,500,0
GTERA.US,5,20251010,172000,10.025,10.03,10.025,10.03,4606,0
GTERA.US,5,20251010,210500,10.03,10.03,10.03,10.03,700,0
GTERA.US,5,20251010,214000,10.025,10.025,10.025,10.025,371,0
GTERA.US,5,20251010,214500,10.02,10.02,10.02,10.02,2000,0
GTERA.US,5,20251010,215000,10.025,10.025,10.02,10.025,23177,0
GTERA.US,5,20251010,215500,10.025,10.025,10.025,10.025,200,0
GTERA.US,5,20251013,153000,10.02,10.02,10.02,10.02,883,0
GTERA.US,5,20251013,213500,10.005,10.005,10.005,10.005,1400,0
GTERA.US,5,20251013,215000,10.005,10.005,10.005,10.005,1500,0
GTERA.US,5,20251013,215500,10.005,10.005,10.005,10.005,200,0
GTERA.US,5,20251014,160000,10.02,10.06,10.02,10.04,9000,0
GTERA.US,5,20251014,161500,10.03,10.03,10.03,10.03,1000,0
GTERA.US,5,20251014,184000,10.02,10.025,10.02,10.02,10200,0
GTERA.US,5,20251014,190500,10.02,10.02,10.02,10.02,200000,0
GTERA.US,5,20251014,191000,10.02,10.02,10.02,10.02,7600,0
GTERA.US,5,20251015,153000,10.02,10.02,10.02,10.02,3512,0
GTERA.US,5,20251015,154000,10.02,10.02,10.02,10.02,2488,0
GTERA.US,5,20251015,163500,10.03,10.03,10.03,10.03,7000,0
GTERA.US,5,20251015,164000,10.02,10.02,10.02,10.02,600,0
GTERA.US,5,20251015,183000,10.03,10.03,10.03,10.03,594,0
GTERA.US,5,20251015,204500,10.03,10.03,10.03,10.03,103,0
GTERA.US,5,20251015,210500,10.025,10.025,10.025,10.025,100,0
GTERA.US,5,20251015,215500,10.02,10.02,10.02,10.02,100,0
GTERA.US,5,20251016,153500,10.02,10.02,10.02,10.02,5629,0
GTERA.US,5,20251016,162000,10.02,10.02,10.02,10.02,100,0
GTERA.US,5,20251016,164000,10.02,10.02,10.02,10.02,100,0
GTERA.US,5,20251016,173000,10.02,10.02,10.02,10.02,2000,0
GTERA.US,5,20251016,181500,10.02,10.02,10.02,10.02,13000,0
GTERA.US,5,20251016,185000,10.02,10.02,10.02,10.02,5000,0
GTERA.US,5,20251016,215000,10.04,10.04,10.04,10.04,167,0
GTERA.US,5,20251017,153000,10.02,10.02,10.02,10.02,5503,0
GTERA.US,5,20251017,155000,10.04,10.04,10.04,10.04,100,0
GTERA.US,5,20251017,204000,10.03,10.03,10.03,10.03,790,0
GTERA.US,5,20251017,215500,10.03,10.03,10.03,10.03,626,0
GTERA.US,5,20251020,153000,10.02,10.02,10.02,10.02,4976,0
GTERA.US,5,20251020,203500,10.04,10.04,10.04,10.04,208,0
GTERA.US,5,20251020,212000,10.03,10.03,10.03,10.03,100,0
GTERA.US,5,20251020,215500,10.02,10.02,10.02,10.02,100,0
GTERA.US,5,20251021,214000,10.02,10.02,10.02,10.02,135,0
GTERA.US,5,20251021,215500,10.04,10.04,10.04,10.04,1485,0
GTERA.US,5,20251022,163000,10.02,10.02,10.02,10.02,22588,0
GTERA.US,5,20251022,163500,10.025,10.025,10.025,10.025,300,0
GTERA.US,5,20251022,165000,10.025,10.029,10.025,10.029,1400,0
GTERA.US,5,20251022,165500,10.0235,10.035,10.0235,10.03,13475,0
GTERA.US,5,20251022,170000,10.035,10.035,10.03,10.03,200,0
GTERA.US,5,20251022,170500,10.04,10.04,10.04,10.04,100,0
GTERA.US,5,20251022,173000,10.03,10.03,10.03,10.03,1000,0
GTERA.US,5,20251022,174000,10.04,10.04,10.04,10.04,100,0
GTERA.US,5,20251022,180000,10.035,10.035,10.03,10.03,200,0
GTERA.US,5,20251022,181500,10.04,10.04,10.04,10.04,100,0
GTERA.US,5,20251022,184000,10.035,10.035,10.035,10.035,200,0
GTERA.US,5,20251022,191000,10.04,10.04,10.04,10.04,100,0
GTERA.US,5,20251022,205000,10.04,10.05,10.035,10.05,18993,0
GTERA.US,5,20251022,212500,10.04,10.04,10.04,10.04,376,0
GTERA.US,5,20251022,213500,10.045,10.055,10.045,10.055,3300,0
GTERA.US,5,20251023,155500,10.06,10.06,10.06,10.06,100,0
GTERA.US,5,20251023,162500,10.045,10.045,10.04,10.04,8000,0
GTERA.US,5,20251023,163000,10.04,10.04,10.04,10.04,58593,0
GTERA.US,5,20251023,164000,10.04,10.045,10.04,10.04,50304,0
GTERA.US,5,20251023,173500,10.05,10.05,10.05,10.05,100,0
GTERA.US,5,20251023,191000,10.04,10.04,10.04,10.04,34400,0
GTERA.US,5,20251023,202000,10.04,10.04,10.04,10.04,232,0
GTERA.US,5,20251023,203500,10.0388,10.0388,10.0388,10.0388,1500,0
GTERA.US,5,20251023,215500,10.03,10.035,10.03,10.035,543,0
GTERA.US,5,20251024,165500,10.06,10.06,10.06,10.06,100,0
GTERA.US,5,20251024,190500,10.03,10.03,10.03,10.03,1000,0
GTERA.US,5,20251024,203500,10.045,10.045,10.045,10.045,200,0
GTERA.US,5,20251027,145500,10.05,10.05,10.05,10.05,100,0
GTERA.US,5,20251027,154000,10.04,10.04,10.04,10.04,2100,0
GTERA.US,5,20251027,163500,10.04,10.04,10.04,10.04,100,0
GTERA.US,5,20251027,191500,10.04,10.04,10.04,10.04,156,0
GTERA.US,5,20251027,193000,10.04,10.04,10.04,10.04,100,0
GTERA.US,5,20251028,153000,10.04,10.04,10.04,10.04,100,0
GTERA.US,5,20251028,183000,10.03,10.04,10.03,10.04,25141,0
GTERA.US,5,20251028,202000,10.03,10.03,10.03,10.03,20000,0
GTERA.US,5,20251028,202500,10.03,10.03,10.03,10.03,9500,0
GTERA.US,5,20251028,205000,10.04,10.04,10.04,10.04,100,0
GTERA.US,5,20251029,145500,10.0399,10.0399,10.0399,10.0399,5000,0
GTERA.US,5,20251029,150000,10.04,10.04,10.04,10.04,5100,0
GTERA.US,5,20251029,152000,10.04,10.04,10.04,10.04,100,0
GTERA.US,5,20251029,162000,10.04,10.04,10.04,10.04,695,0
GTERA.US,5,20251029,163500,10.04,10.04,10.04,10.04,100,0
GTERA.US,5,20251029,174500,10.04,10.04,10.04,10.04,128,0
GTERA.US,5,20251029,175500,10.04,10.04,10.035,10.04,17927,0
GTERA.US,5,20251029,185500,10.05,10.05,10.05,10.05,100,0
GTERA.US,5,20251029,205500,10.0416,10.0416,10.0416,10.0416,500,0
GTERA.US,5,20251030,150500,10.05,10.05,10.05,10.05,100,0
GTERA.US,5,20251030,174000,10.0416,10.05,10.04,10.0499,12814,0
GTERA.US,5,20251030,174500,10.049,10.05,10.045,10.05,11258,0
GTERA.US,5,20251030,175000,10.0499,10.0499,10.0499,10.0499,2600,0
GTERA.US,5,20251030,182500,10.045,10.045,10.045,10.045,300,0
GTERA.US,5,20251030,184500,10.045,10.0477,10.045,10.045,4575,0
GTERA.US,5,20251030,193000,10.045,10.05,10.045,10.0499,5414,0
GTERA.US,5,20251030,194000,10.045,10.045,10.045,10.045,200,0
GTERA.US,5,20251030,202000,10.05,10.05,10.05,10.05,100,0
GTERA.US,5,20251031,150000,10.05,10.05,10.05,10.05,100,0
GTERA.US,5,20251031,153000,10.05,10.05,10.05,10.05,246,0
GTERA.US,5,20251031,160000,10.05,10.05,10.05,10.05,100,0
GTERA.US,5,20251031,170500,10.04,10.04,10.04,10.04,500,0
GTERA.US,5,20251031,171000,10.04,10.04,10.04,10.04,50000,0
GTERA.US,5,20251031,175000,10.04,10.04,10.04,10.04,500,0
GTERA.US,5,20251031,205000,10.05,10.05,10.05,10.05,100,0
GTERA.US,5,20251103,154500,10.05,10.05,10.05,10.05,100,0
GTERA.US,5,20251103,204000,10.05,10.05,10.05,10.05,222,0
GTERA.US,5,20251104,160500,10.06,10.06,10.06,10.06,100,0
GTERA.US,5,20251104,171500,10.06,10.06,10.06,10.06,2600,0
GTERA.US,5,20251104,182000,10.06,10.06,10.06,10.06,100,0
GTERA.US,5,20251104,205000,10.06,10.06,10.06,10.06,200,0
GTERA.US,5,20251104,205500,10.06,10.06,10.05,10.05,37982,0
GTERA.US,5,20251104,215500,10.045,10.045,10.04,10.04,14880,0
GTERA.US,5,20251105,180500,10.03,10.03,10.03,10.03,1316,0
GTERA.US,5,20251105,215500,10.03,10.03,10.03,10.03,101,0
GTERA.US,5,20251107,183500,10.03,10.03,10.03,10.03,1135,0
GTERA.US,5,20251107,215500,10.03,10.03,10.03,10.03,101,0
GTERA.US,5,20251110,215500,10.03,10.03,10.03,10.03,232,0
GTERA.US,5,20251111,163500,10.0514,10.0514,10.0514,10.0514,1500,0
GTERA.US,5,20251111,173500,10.03,10.03,10.03,10.03,100,0
GTERA.US,5,20251111,190500,10.03,10.03,10.03,10.03,753,0
GTERA.US,5,20251111,202000,10.03,10.03,10.03,10.03,100,0
GTERA.US,5,20251112,164000,10.03,10.05,10.03,10.05,4189,0
GTERA.US,5,20251112,164500,10.04,10.04,10.0368,10.0368,2219,0
GTERA.US,5,20251112,165500,10.0368,10.04,10.0368,10.04,10750,0
GTERA.US,5,20251112,170000,10.04,10.045,10.0368,10.045,17556,0
GTERA.US,5,20251112,170500,10.05,10.05,10.05,10.05,200,0
GTERA.US,5,20251112,171000,10.04,10.04,10.04,10.04,100,0
GTERA.US,5,20251112,213000,10.045,10.06,10.045,10.06,4607,0
GTERA.US,5,20251112,213500,10.059,10.06,10.05,10.05,3219,0
GTERA.US,5,20251113,182000,10.045,10.045,10.045,10.045,188,0
GTERA.US,5,20251113,215000,10.05,10.05,10.05,10.05,10000,0
GTERA.US,5,20251117,163000,10.03,10.03,10.03,10.03,181,0
GTERA.US,5,20251118,161500,10.03,10.03,10.03,10.03,137,0
GTERA.US,5,20251119,164000,10.03,10.03,10.03,10.03,123,0
GTERA.US,5,20251120,155500,10.05,10.05,10.05,10.05,1500,0
GTERA.US,5,20251120,160000,10.06,10.07,10.06,10.06,4300,0
GTERA.US,5,20251120,163000,10.06,10.0611,10.06,10.0611,8641,0
GTERA.US,5,20251120,174000,10.065,10.065,10.065,10.065,100,0
GTERA.US,5,20251120,210000,10.065,10.065,10.065,10.065,100,0
GTERA.US,5,20251120,213500,10.06,10.06,10.06,10.06,2676,0
GTERA.US,5,20251120,215000,10.055,10.055,10.05,10.055,4264,0
GTERA.US,5,20251121,161000,10.03,10.031,10.03,10.03,10000,0
GTERA.US,5,20251121,211000,10.03,10.03,10.03,10.03,9800,0
GTERA.US,5,20251121,213500,10.04,10.04,10.04,10.04,200,0
GTERA.US,5,20251124,155000,10.06,10.06,10.055,10.055,4243,0
GTERA.US,5,20251124,161000,10.06,10.06,10.06,10.06,4600,0
GTERA.US,5,20251124,163500,10.05,10.05,10.05,10.05,1137,0
GTERA.US,5,20251124,164000,10.05,10.05,10.05,10.05,300,0
GTERA.US,5,20251124,164500,10.04,10.04,10.04,10.04,3700,0
GTERA.US,5,20251124,175000,10.05,10.05,10.05,10.05,2122,0
GTERA.US,5,20251124,185000,10.05,10.05,10.05,10.05,600,0
GTERA.US,5,20251124,210500,10.05,10.05,10.05,10.05,1600,0
GTERA.US,5,20251124,211000,10.05,10.0525,10.05,10.0525,530,0
GTERA.US,5,20251124,212000,10.05,10.05,10.05,10.05,9393,0
GTERA.US,5,20251125,154000,10.0496,10.0496,10.0496,10.0496,675,0
GTERA.US,5,20251125,162000,10.05,10.05,10.05,10.05,122,0
GTERA.US,5,20251125,173000,10.05,10.055,10.05,10.055,6300,0
GTERA.US,5,20251125,173500,10.05,10.05,10.05,10.05,2041,0
GTERA.US,5,20251125,174000,10.05,10.055,10.05,10.055,3683,0
GTERA.US,5,20251125,175500,10.05,10.055,10.05,10.055,3053,0
GTERA.US,5,20251125,191500,10.05,10.05,10.05,10.05,8300,0
GTERA.US,5,20251125,201500,10.055,10.055,10.055,10.055,1250,0
GTERA.US,5,20251126,180500,10.05,10.05,10.05,10.05,100,0
GTERA.US,5,20251126,201500,10.05,10.05,10.05,10.05,100,0
GTERA.US,5,20251128,175000,10.05,10.05,10.05,10.05,100,0
GTERA.US,5,20251128,190000,10.05,10.05,10.05,10.05,222,0
GTERA.US,5,20251201,161500,10.05,10.05,10.05,10.05,188,0
GTERA.US,5,20251201,215500,10.05,10.05,10.05,10.05,50300,0
GTERA.US,5,20251202,182500,10.0373,10.0373,10.0373,10.0373,1420,0
GTERA.US,5,20251203,215000,10.05,10.05,10.05,10.05,219,0
GTERA.US,5,20251203,215500,10.06,10.06,10.06,10.06,200,0
GTERA.US,5,20251204,191500,10.04,10.04,10.04,10.04,100,0
GTERA.US,5,20251204,204500,10.06,10.06,10.06,10.06,100,0
GTERA.US,5,20251205,163000,10.0599,10.0599,10.045,10.045,2000,0
GTERA.US,5,20251205,175000,10.05,10.05,10.05,10.05,5000,0
GTERA.US,5,20251208,153000,10.06,10.06,10.06,10.06,2000,0
GTERA.US,5,20251208,173000,10.065,10.065,10.065,10.065,100,0
GTERA.US,5,20251209,153000,10.07,10.07,10.07,10.07,1000,0
GTERA.US,5,20251209,160500,10.07,10.07,10.07,10.07,50000,0
GTERA.US,5,20251209,171000,10.07,10.07,10.07,10.07,30200,0
GTERA.US,5,20251209,172500,10.07,10.07,10.07,10.07,24270,0
GTERA.US,5,20251209,175000,10.07,10.07,10.07,10.07,200,0
GTERA.US,5,20251209,181500,10.07,10.07,10.07,10.07,100,0
GTERA.US,5,20251209,185000,10.07,10.07,10.07,10.07,200,0
GTERA.US,5,20251209,193000,10.07,10.07,10.07,10.07,200,0
GTERA.US,5,20251209,200000,10.07,10.07,10.07,10.07,100,0
GTERA.US,5,20251209,202500,10.07,10.07,10.07,10.07,200,0
GTERA.US,5,20251209,210000,10.07,10.07,10.07,10.07,100,0
GTERA.US,5,20251209,210500,10.07,10.07,10.07,10.07,100,0
GTERA.US,5,20251209,211500,10.07,10.07,10.07,10.07,700,0
GTERA.US,5,20251209,212500,10.065,10.065,10.065,10.065,200,0
GTERA.US,5,20251209,214000,10.065,10.065,10.065,10.065,100,0
GTERA.US,5,20251209,215000,10.065,10.075,10.065,10.075,6079,0
GTERA.US,5,20251209,215500,10.08,10.08,10.07,10.07,10808,0
GTERA.US,5,20251210,160500,10.07,10.1,10.07,10.1,17819,0
GTERA.US,5,20251211,154500,10.08,10.08,10.07,10.08,17689,0
GTERA.US,5,20251211,164000,10.08,10.08,10.08,10.08,400,0
GTERA.US,5,20251211,182500,10.07,10.075,10.07,10.07,21200,0
GTERA.US,5,20251211,205000,10.075,10.075,10.07,10.07,15000,0
GTERA.US,5,20251212,153000,10.06,10.06,10.06,10.06,19001,0
GTERA.US,5,20251212,154500,10.07,10.07,10.07,10.07,2000,0
GTERA.US,5,20251212,163000,10.07,10.07,10.07,10.07,6500,0
GTERA.US,5,20251212,182000,10.07,10.07,10.07,10.07,17849,0
GTERA.US,5,20251212,182500,10.07,10.075,10.07,10.075,787,0
GTERA.US,5,20251212,183000,10.07,10.07,10.07,10.07,1000,0
GTERA.US,5,20251212,190000,10.07,10.07,10.07,10.07,17719,0
GTERA.US,5,20251212,203000,10.075,10.075,10.075,10.075,1000,0
GTERA.US,5,20251212,205500,10.075,10.075,10.075,10.075,100,0
GTERA.US,5,20251212,215000,10.075,10.075,10.075,10.075,2700,0
GTERA.US,5,20251212,215500,10.07,10.07,10.07,10.07,149,0
GTERA.US,5,20251215,154500,10.07,10.07,10.07,10.07,1025,0
GTERA.US,5,20251215,160500,10.07,10.08,10.07,10.07,2000,0
GTERA.US,5,20251215,161000,10.07,10.08,10.07,10.08,16310,0
GTERA.US,5,20251215,185000,10.075,10.075,10.075,10.075,600,0
GTERA.US,5,20251215,190500,10.075,10.075,10.075,10.075,350,0
GTERA.US,5,20251215,203500,10.075,10.08,10.075,10.08,4865,0
GTERA.US,5,20251215,215500,10.085,10.085,10.085,10.085,176,0
GTERA.US,5,20251216,153500,10.08,10.08,10.08,10.08,350,0
GTERA.US,5,20251216,162000,10.08,10.085,10.08,10.08,13207,0
GTERA.US,5,20251216,200000,10.08,10.08,10.08,10.08,1675,0
GTERA.US,5,20251216,201500,10.08,10.08,10.08,10.08,1992,0
GTERA.US,5,20251216,202000,10.08,10.085,10.08,10.085,3183,0
GTERA.US,5,20251216,204500,10.08,10.08,10.08,10.08,5000,0
GTERA.US,5,20251217,215500,10.07,10.07,10.07,10.07,229,0
GTERA.US,5,20251218,161000,10.08,10.08,10.06,10.08,1955,0
GTERA.US,5,20251219,172000,10.08,10.08,10.08,10.08,500,0
GTERA.US,5,20251219,184000,10.08,10.08,10.08,10.08,1700,0
GTERA.US,5,20251219,185500,10.08,10.08,10.08,10.08,200,0
GTERA.US,5,20251219,210500,10.08,10.08,10.08,10.08,5400,0
GTERA.US,5,20251219,212000,10.08,10.085,10.08,10.085,5800,0
GTERA.US,5,20251219,213500,10.08,10.08,10.08,10.08,3334,0
GTERA.US,5,20251219,214500,10.09,10.09,10.09,10.09,100,0
GTERA.US,5,20251222,215500,10.08,10.08,10.08,10.08,420,0
