<TICKER>,<PER>,<DATE>,<TIME>,<OPEN>,<HIGH>,<LOW>,<CLOSE>,<VOL>,<OPENINT>
AVMU.US,5,20250728,153000,43.99,44.0117,43.9,43.97,2730,0
AVMU.US,5,20250728,153500,44.02,44.02,44.02,44.02,555,0
AVMU.US,5,20250728,154000,44.0225,44.0225,44.0225,44.0225,555,0
AVMU.US,5,20250728,162000,44.03,44.03,43.9001,43.9001,1712,0
AVMU.US,5,20250728,162500,44.07,44.07,44.0699,44.0699,1474,0
AVMU.US,5,20250728,172500,44.025,44.025,44.025,44.025,117,0
AVMU.US,5,20250728,185000,44.04,44.07,44.0275,44.07,8200,0
AVMU.US,5,20250728,193000,44.08,44.08,44.08,44.08,100,0
AVMU.US,5,20250728,210000,44.07,44.07,44.07,44.07,1304,0
AVMU.US,5,20250728,212000,44,44,44,44,100,0
AVMU.US,5,20250729,162000,44.11,44.11,44.075,44.075,319,0
AVMU.US,5,20250729,175500,44.16,44.16,44.14,44.14,18500,0
AVMU.US,5,20250729,193000,44.1775,44.1775,44.1775,44.1775,226,0
AVMU.US,5,20250729,193500,44.21,44.21,44.16,44.16,626,0
AVMU.US,5,20250729,195000,44.1786,44.1786,44.16,44.16,452,0
AVMU.US,5,20250729,195500,44.2,44.2,44.2,44.2,200,0
AVMU.US,5,20250729,205500,44.19,44.19,44.19,44.19,147,0
AVMU.US,5,20250729,213500,44.17,44.1899,44.17,44.1899,452,0
AVMU.US,5,20250729,214000,44.19,44.199,44.15,44.199,400,0
AVMU.US,5,20250729,214500,44.1733,44.1733,44.1733,44.1733,228,0
AVMU.US,5,20250729,215000,44.1675,44.2,44.15,44.1859,1130,0
AVMU.US,5,20250729,215500,44.21,44.2194,44.16,44.2099,1404,0
AVMU.US,5,20250730,160500,44.12,44.17,44.12,44.17,1090,0
AVMU.US,5,20250730,170500,44.1889,44.1889,44.1889,44.1889,350,0
AVMU.US,5,20250730,173500,44.09,44.1109,43.995,44.1109,9506,0
AVMU.US,5,20250730,174000,44.1,44.1,44.1,44.1,100,0
AVMU.US,5,20250730,180500,44.09,44.09,44.09,44.09,1677,0
AVMU.US,5,20250730,184000,44.115,44.115,44.1075,44.1075,452,0
AVMU.US,5,20250730,184500,44.1133,44.1133,44.09,44.09,678,0
AVMU.US,5,20250730,194500,44.12,44.12,44.12,44.12,450,0
AVMU.US,5,20250730,204500,44.1,44.1,44.1,44.1,770,0
AVMU.US,5,20250731,162500,44.105,44.105,44.105,44.105,226,0
AVMU.US,5,20250731,163000,44.1033,44.1033,44.1033,44.1033,226,0
AVMU.US,5,20250731,163500,44.13,44.13,44.13,44.13,300,0
AVMU.US,5,20250731,164500,44.114,44.114,44.114,44.114,226,0
AVMU.US,5,20250731,170000,44.1479,44.1479,44.1479,44.1479,226,0
AVMU.US,5,20250731,173500,44.1435,44.1435,44.1435,44.1435,259,0
AVMU.US,5,20250731,180000,44.14,44.1402,44.14,44.1402,800,0
AVMU.US,5,20250731,183000,44.14,44.1402,44.14,44.14,1598,0
AVMU.US,5,20250731,191500,44.13,44.13,44.13,44.13,7936,0
AVMU.US,5,20250731,192000,44.12,44.12,44.12,44.12,368,0
AVMU.US,5,20250731,195500,44.09,44.0901,44.09,44.0901,1790,0
AVMU.US,5,20250731,204000,44.11,44.11,44.11,44.11,5209,0
AVMU.US,5,20250731,210000,44.1,44.1,44.09,44.09,698,0
AVMU.US,5,20250731,214000,44.125,44.1255,44.125,44.1255,3225,0
AVMU.US,5,20250731,215500,44.114,44.13,44.114,44.114,2243,0
AVMU.US,5,20250801,153000,44.28,44.285,44.21,44.21,700,0
AVMU.US,5,20250801,153500,44.21,44.22,44.18,44.22,400,0
AVMU.US,5,20250801,162000,44.32,44.32,44.32,44.32,100,0
AVMU.US,5,20250801,163000,44.3496,44.3496,44.3496,44.3496,293,0
AVMU.US,5,20250801,163500,44.311,44.3179,44.311,44.3179,729,0
AVMU.US,5,20250801,184000,44.29,44.29,44.29,44.29,362,0
AVMU.US,5,20250801,201000,44.2682,44.2682,44.185,44.25,5544,0
AVMU.US,5,20250801,210000,44.26,44.2775,44.26,44.2775,598,0
AVMU.US,5,20250801,213000,44.2969,44.2969,44.274,44.274,598,0
AVMU.US,5,20250801,213500,44.28,44.28,44.26,44.26,499,0
AVMU.US,5,20250804,154500,44.34,44.34,44.34,44.34,100,0
AVMU.US,5,20250804,161000,44.31,44.31,44.31,44.31,100,0
AVMU.US,5,20250804,162000,44.33,44.33,44.33,44.33,100,0
AVMU.US,5,20250804,170500,44.31,44.31,44.31,44.31,100,0
AVMU.US,5,20250804,215000,44.31,44.31,44.31,44.31,100,0
AVMU.US,5,20250804,215500,44.3199,44.3199,44.3199,44.3199,512,0
AVMU.US,5,20250805,154500,44.31,44.31,44.31,44.31,3226,0
AVMU.US,5,20250805,160000,44.36,44.37,44.36,44.3699,600,0
AVMU.US,5,20250805,162000,44.34,44.34,44.34,44.34,100,0
AVMU.US,5,20250805,170000,44.2901,44.2901,44.2901,44.2901,225,0
AVMU.US,5,20250805,170500,44.2901,44.2901,44.2901,44.2901,225,0
AVMU.US,5,20250805,171000,44.34,44.34,44.34,44.34,225,0
AVMU.US,5,20250805,171500,44.3321,44.3321,44.3321,44.3321,450,0
AVMU.US,5,20250805,172500,44.3214,44.3214,44.21,44.3153,575,0
AVMU.US,5,20250805,173000,44.3225,44.34,44.3,44.3167,750,0
AVMU.US,5,20250805,173500,44.29,44.3099,44.2801,44.2801,300,0
AVMU.US,5,20250805,181000,44.3082,44.3082,44.3,44.3082,2192,0
AVMU.US,5,20250805,182000,44.2955,44.2955,44.2955,44.2955,867,0
AVMU.US,5,20250805,183500,44.3081,44.3081,44.3081,44.3081,827,0
AVMU.US,5,20250805,184500,44.3,44.3009,44.3,44.3009,800,0
AVMU.US,5,20250805,185500,44.33,44.33,44.33,44.33,100,0
AVMU.US,5,20250805,190000,44.333,44.333,44.333,44.333,100,0
AVMU.US,5,20250805,190500,44.33,44.34,44.3118,44.3118,712,0
AVMU.US,5,20250805,192000,44.28,44.33,44.28,44.33,734,0
AVMU.US,5,20250805,195500,44.29,44.3067,44.28,44.3067,525,0
AVMU.US,5,20250805,200500,44.33,44.33,44.2801,44.3049,506,0
AVMU.US,5,20250805,202500,44.291,44.291,44.17,44.28,8993,0
AVMU.US,5,20250805,210500,44.3483,44.3483,44.3483,44.3483,100,0
AVMU.US,5,20250805,213000,44.3499,44.3499,44.3499,44.3499,800,0
AVMU.US,5,20250806,153500,44.32,44.32,44.32,44.32,100,0
AVMU.US,5,20250806,162000,44.294,44.294,44.294,44.294,225,0
AVMU.US,5,20250806,162500,44.3016,44.306,44.3016,44.306,450,0
AVMU.US,5,20250806,163000,44.29,44.2901,44.29,44.2901,400,0
AVMU.US,5,20250806,164000,44.3,44.36,44.25,44.3324,768,0
AVMU.US,5,20250806,165000,44.3,44.3249,44.28,44.3224,1425,0
AVMU.US,5,20250806,165500,44.29,44.34,44.29,44.3225,575,0
AVMU.US,5,20250806,170000,44.317,44.3225,44.317,44.3225,450,0
AVMU.US,5,20250806,170500,44.3,44.309,44.3,44.309,625,0
AVMU.US,5,20250806,171000,44.28,44.3049,44.28,44.3049,450,0
AVMU.US,5,20250806,171500,44.307,44.307,44.24,44.24,425,0
AVMU.US,5,20250806,172500,44.3,44.3,44.3,44.3,225,0
AVMU.US,5,20250806,174000,44.22,44.22,44.215,44.215,652,0
AVMU.US,5,20250806,182000,44.28,44.28,44.28,44.28,7151,0
AVMU.US,5,20250806,191000,44.2304,44.2304,44.2304,44.2304,226,0
AVMU.US,5,20250806,191500,44.28,44.28,44.266,44.266,452,0
AVMU.US,5,20250806,193500,44.24,44.3,44.24,44.3,1424,0
AVMU.US,5,20250807,161000,44.365,44.365,44.365,44.365,143,0
AVMU.US,5,20250807,181500,44.37,44.37,44.3699,44.3699,850,0
AVMU.US,5,20250807,192500,44.28,44.28,44.2773,44.2773,301,0
AVMU.US,5,20250807,205000,44.2856,44.2856,44.2856,44.2856,547,0
AVMU.US,5,20250808,153500,44.3124,44.3124,44.3124,44.3124,225,0
AVMU.US,5,20250808,161000,44.2773,44.2773,44.2773,44.2773,288,0
AVMU.US,5,20250808,162000,44.2519,44.2519,44.2519,44.2519,620,0
AVMU.US,5,20250808,162500,44.29,44.29,44.29,44.29,129,0
AVMU.US,5,20250808,203000,44.22,44.2201,44.13,44.2,1261,0
AVMU.US,5,20250811,154500,44.35,44.35,44.35,44.35,100,0
AVMU.US,5,20250811,164000,44.367,44.367,44.367,44.367,107,0
AVMU.US,5,20250811,173000,44.37,44.37,44.37,44.37,100,0
AVMU.US,5,20250811,181000,44.38,44.38,44.38,44.38,624,0
AVMU.US,5,20250811,182000,44.3756,44.39,44.3756,44.39,205,0
AVMU.US,5,20250811,185000,44.4099,44.4099,44.4099,44.4099,3365,0
AVMU.US,5,20250811,200000,44.33,44.38,44.33,44.38,310,0
AVMU.US,5,20250812,153000,44.37,44.37,44.37,44.37,100,0
AVMU.US,5,20250812,154500,44.36,44.36,44.36,44.36,100,0
AVMU.US,5,20250812,163000,44.36,44.36,44.36,44.36,100,0
AVMU.US,5,20250812,170000,44.38,44.38,44.38,44.38,1127,0
AVMU.US,5,20250812,170500,44.4,44.4,44.4,44.4,400,0
AVMU.US,5,20250812,184000,44.3771,44.3771,44.3771,44.3771,258,0
AVMU.US,5,20250812,184500,44.375,44.375,44.375,44.375,565,0
AVMU.US,5,20250812,210000,44.45,44.45,44.45,44.45,100,0
AVMU.US,5,20250812,211500,44.45,44.45,44.45,44.45,100,0
AVMU.US,5,20250812,212500,44.445,44.45,44.445,44.45,400,0
AVMU.US,5,20250812,215000,44.44,44.445,44.43,44.445,1659,0
AVMU.US,5,20250812,215500,44.44,44.4401,44.38,44.38,3394,0
AVMU.US,5,20250813,153000,44.47,44.47,44.47,44.47,100,0
AVMU.US,5,20250813,154500,44.47,44.47,44.47,44.47,100,0
AVMU.US,5,20250813,160000,44.49,44.49,44.49,44.49,100,0
AVMU.US,5,20250813,160500,44.49,44.49,44.49,44.49,100,0
AVMU.US,5,20250813,162500,44.4444,44.4513,44.4444,44.4513,2822,0
AVMU.US,5,20250813,164000,44.47,44.48,44.47,44.48,418,0
AVMU.US,5,20250813,165000,44.47,44.47,44.47,44.47,100,0
AVMU.US,5,20250813,173000,44.4127,44.4127,44.4127,44.4127,225,0
AVMU.US,5,20250813,193500,44.42,44.42,44.42,44.42,876,0
AVMU.US,5,20250813,203000,44.4227,44.4227,44.4227,44.4227,223,0
AVMU.US,5,20250813,210500,44.4001,44.4001,44.1501,44.1501,9094,0
AVMU.US,5,20250813,212000,44.43,44.44,44.38,44.38,3300,0
AVMU.US,5,20250813,213000,44.44,44.44,44.44,44.44,100,0
AVMU.US,5,20250814,154500,44.41,44.41,44.41,44.41,100,0
AVMU.US,5,20250814,184000,44.37,44.37,44.37,44.37,2206,0
AVMU.US,5,20250815,155500,44.33,44.33,44.33,44.33,100,0
AVMU.US,5,20250815,171000,44.3013,44.3013,44.3013,44.3013,696,0
AVMU.US,5,20250815,173000,44.335,44.335,44.335,44.335,236,0
AVMU.US,5,20250815,174500,44.3225,44.3225,44.31,44.31,949,0
AVMU.US,5,20250815,181500,44.312,44.312,44.312,44.312,309,0
AVMU.US,5,20250815,195000,44.28,44.33,44.19,44.26,883,0
AVMU.US,5,20250815,200000,44.2801,44.2801,44.2801,44.2801,200,0
AVMU.US,5,20250815,200500,44.33,44.33,44.33,44.33,400,0
AVMU.US,5,20250815,201000,44.29,44.33,44.29,44.33,400,0
AVMU.US,5,20250815,201500,44.33,44.33,44.33,44.33,200,0
AVMU.US,5,20250815,202000,44.29,44.3054,44.2805,44.305,1000,0
AVMU.US,5,20250815,202500,44.3065,44.3065,44.3065,44.3065,200,0
AVMU.US,5,20250815,205000,44.3,44.3,44.3,44.3,802,0
AVMU.US,5,20250815,211000,44.25,44.25,44.25,44.25,100,0
AVMU.US,5,20250815,215500,44.31,44.31,44.31,44.31,100,0
AVMU.US,5,20250818,154000,44.37,44.37,44.37,44.37,238,0
AVMU.US,5,20250818,163000,44.355,44.355,44.355,44.355,686,0
AVMU.US,5,20250818,171000,44.3,44.3099,44.27,44.28,1100,0
AVMU.US,5,20250818,181000,44.3195,44.3195,44.3195,44.3195,278,0
AVMU.US,5,20250818,200000,44.33,44.33,44.3299,44.3299,218,0
AVMU.US,5,20250818,212000,44.28,44.28,44.28,44.28,458,0
AVMU.US,5,20250819,163500,44.34,44.34,44.34,44.34,488,0
AVMU.US,5,20250819,164000,44.3373,44.3373,44.3344,44.3344,629,0
AVMU.US,5,20250819,170000,44.285,44.285,44.285,44.285,100,0
AVMU.US,5,20250819,194000,44.305,44.305,44.305,44.305,100,0
AVMU.US,5,20250819,211000,44.29,44.29,44.29,44.29,100,0
AVMU.US,5,20250820,163000,44.3695,44.3695,44.3695,44.3695,1093,0
AVMU.US,5,20250820,170000,44.3375,44.3375,44.3375,44.3375,450,0
AVMU.US,5,20250820,180000,44.315,44.315,44.315,44.315,1250,0
AVMU.US,5,20250820,181000,44.31,44.31,44.31,44.31,100,0
AVMU.US,5,20250820,194000,44.28,44.28,44.28,44.28,100,0
AVMU.US,5,20250820,200500,44.31,44.31,44.29,44.29,3256,0
AVMU.US,5,20250820,215500,44.29,44.3,44.287,44.287,2182,0
AVMU.US,5,20250821,164000,44.22,44.22,44.2,44.2,200,0
AVMU.US,5,20250821,171500,44.22,44.24,44.215,44.2217,846,0
AVMU.US,5,20250821,173500,44.25,44.25,44.25,44.25,2000,0
AVMU.US,5,20250821,192000,44.21,44.33,44.21,44.33,1146,0
AVMU.US,5,20250821,192500,44.19,44.19,44.19,44.19,676,0
AVMU.US,5,20250821,214500,44.195,44.195,44.195,44.195,1183,0
AVMU.US,5,20250822,160500,44.3495,44.3495,44.3495,44.3495,200,0
AVMU.US,5,20250822,161000,44.3403,44.3403,44.3403,44.3403,204,0
AVMU.US,5,20250822,163000,44.34,44.34,44.3328,44.3328,1800,0
AVMU.US,5,20250822,174000,44.34,44.34,44.34,44.34,100,0
AVMU.US,5,20250822,175500,44.34,44.34,44.34,44.34,100,0
AVMU.US,5,20250822,181500,44.385,44.385,44.385,44.385,200,0
AVMU.US,5,20250822,182000,44.3895,44.3895,44.3895,44.3895,291,0
AVMU.US,5,20250822,183500,44.35,44.35,44.35,44.35,100,0
AVMU.US,5,20250822,185500,44.35,44.35,44.34,44.34,200,0
AVMU.US,5,20250822,190500,44.34,44.34,44.34,44.34,100,0
AVMU.US,5,20250822,191000,44.34,44.34,44.34,44.34,100,0
AVMU.US,5,20250822,191500,44.33,44.33,44.33,44.33,100,0
AVMU.US,5,20250822,192000,44.33,44.33,44.33,44.33,100,0
AVMU.US,5,20250822,192500,44.34,44.34,44.34,44.34,100,0
AVMU.US,5,20250822,193000,44.33,44.33,44.33,44.33,100,0
AVMU.US,5,20250822,193500,44.33,44.33,44.32,44.32,200,0
AVMU.US,5,20250822,194500,44.32,44.32,44.32,44.32,200,0
AVMU.US,5,20250822,195000,44.32,44.32,44.32,44.32,100,0
AVMU.US,5,20250822,195500,44.32,44.32,44.32,44.32,100,0
AVMU.US,5,20250822,200000,44.32,44.32,44.32,44.32,100,0
AVMU.US,5,20250822,200500,44.32,44.32,44.32,44.32,300,0
AVMU.US,5,20250822,201000,44.32,44.32,44.32,44.32,200,0
AVMU.US,5,20250822,201500,44.32,44.32,44.32,44.32,200,0
AVMU.US,5,20250822,202000,44.32,44.32,44.32,44.32,200,0
AVMU.US,5,20250822,202500,44.32,44.32,44.32,44.32,300,0
AVMU.US,5,20250822,203000,44.32,44.32,44.32,44.32,100,0
AVMU.US,5,20250822,203500,44.32,44.32,44.32,44.32,300,0
AVMU.US,5,20250822,204000,44.32,44.32,44.32,44.32,200,0
AVMU.US,5,20250822,204500,44.32,44.32,44.32,44.32,200,0
AVMU.US,5,20250822,205000,44.32,44.32,44.32,44.32,400,0
AVMU.US,5,20250822,205500,44.32,44.32,44.32,44.32,400,0
AVMU.US,5,20250822,210000,44.32,44.32,44.32,44.32,400,0
AVMU.US,5,20250822,210500,44.32,44.32,44.32,44.32,500,0
AVMU.US,5,20250822,211000,44.32,44.32,44.32,44.32,500,0
AVMU.US,5,20250822,211500,44.32,44.32,44.32,44.32,400,0
AVMU.US,5,20250822,212000,44.32,44.32,44.32,44.32,500,0
AVMU.US,5,20250822,212500,44.32,44.32,44.32,44.32,600,0
AVMU.US,5,20250822,213000,44.32,44.32,44.32,44.32,500,0
AVMU.US,5,20250822,213500,44.32,44.32,44.32,44.32,500,0
AVMU.US,5,20250822,214000,44.32,44.32,44.32,44.32,700,0
AVMU.US,5,20250822,214500,44.32,44.33,44.32,44.33,600,0
AVMU.US,5,20250822,215000,44.33,44.33,44.325,44.325,800,0
AVMU.US,5,20250822,215500,44.33,44.33,44.25,44.25,1800,0
AVMU.US,5,20250825,155000,44.31,44.31,44.31,44.31,1997,0
AVMU.US,5,20250825,161500,44.3101,44.3101,44.3101,44.3101,1183,0
AVMU.US,5,20250825,185000,44.34,44.34,44.34,44.34,184,0
AVMU.US,5,20250825,190000,44.3405,44.36,44.3405,44.354,3050,0
AVMU.US,5,20250825,202000,44.321,44.3211,44.31,44.3202,1500,0
AVMU.US,5,20250825,211000,44.32,44.32,44.32,44.32,572,0
AVMU.US,5,20250826,163500,44.335,44.335,44.335,44.335,112,0
AVMU.US,5,20250826,190000,44.27,44.33,44.2401,44.33,5773,0
AVMU.US,5,20250826,190500,44.34,44.38,44.34,44.34,756,0
AVMU.US,5,20250826,193000,44.355,44.355,44.355,44.355,565,0
AVMU.US,5,20250826,193500,44.34,44.34,44.21,44.32,16141,0
AVMU.US,5,20250826,205500,44.34,44.34,44.34,44.34,100,0
AVMU.US,5,20250826,214500,44.32,44.3201,44.32,44.3201,200,0
AVMU.US,5,20250827,162000,44.29,44.29,44.29,44.29,100,0
AVMU.US,5,20250827,163000,44.3096,44.3096,44.3096,44.3096,144,0
AVMU.US,5,20250827,181000,44.2915,44.2915,44.2915,44.2915,200,0
AVMU.US,5,20250827,184000,44.315,44.3198,44.31,44.31,300,0
AVMU.US,5,20250827,184500,44.315,44.315,44.315,44.315,100,0
AVMU.US,5,20250827,185000,44.32,44.32,44.315,44.315,295,0
AVMU.US,5,20250827,215500,44.385,44.385,44.385,44.385,100,0
AVMU.US,5,20250828,160000,44.39,44.39,44.39,44.39,100,0
AVMU.US,5,20250828,165500,44.397,44.397,44.397,44.397,150,0
AVMU.US,5,20250828,185500,44.4,44.4,44.4,44.4,120,0
AVMU.US,5,20250828,201000,44.4169,44.4169,44.3901,44.3901,212,0
AVMU.US,5,20250828,211000,44.4002,44.41,44.4002,44.41,7730,0
AVMU.US,5,20250828,211500,44.41,44.41,44.41,44.41,100,0
AVMU.US,5,20250828,213500,44.375,44.39,44.375,44.39,200,0
AVMU.US,5,20250828,214000,44.39,44.4,44.39,44.4,300,0
AVMU.US,5,20250829,153000,44.38,44.38,44.38,44.38,100,0
AVMU.US,5,20250829,165000,44.3924,44.3924,44.3924,44.3924,256,0
AVMU.US,5,20250829,170000,44.37,44.37,44.37,44.37,100,0
AVMU.US,5,20250829,170500,44.38,44.38,44.38,44.38,100,0
AVMU.US,5,20250829,174500,44.39,44.39,44.39,44.39,100,0
AVMU.US,5,20250829,190500,44.4,44.4,44.4,44.4,171,0
AVMU.US,5,20250829,213000,44.41,44.41,44.41,44.41,100,0
AVMU.US,5,20250902,153000,44.27,44.27,44.27,44.27,100,0
AVMU.US,5,20250902,154500,44.32,44.32,44.32,44.32,245,0
AVMU.US,5,20250902,155500,44.27,44.27,44.27,44.27,100,0
AVMU.US,5,20250902,162500,44.21,44.21,44.2039,44.2039,208,0
AVMU.US,5,20250902,163500,44.18,44.18,44.18,44.18,100,0
AVMU.US,5,20250902,171000,44.18,44.18,44.18,44.18,300,0
AVMU.US,5,20250902,175500,44.1746,44.1746,44.1746,44.1746,500,0
AVMU.US,5,20250902,181500,44.16,44.16,44.16,44.16,100,0
AVMU.US,5,20250902,191000,44.1743,44.1743,44.1743,44.1743,240,0
AVMU.US,5,20250902,213000,44.1885,44.1885,44.1885,44.1885,450,0
AVMU.US,5,20250903,153000,44.21,44.21,44.21,44.21,100,0
AVMU.US,5,20250903,153500,44.26,44.27,44.26,44.27,200,0
AVMU.US,5,20250903,155000,44.22,44.22,44.22,44.22,100,0
AVMU.US,5,20250903,170500,44.31,44.31,44.31,44.31,100,0
AVMU.US,5,20250903,173500,44.3254,44.3254,44.3254,44.3254,522,0
AVMU.US,5,20250903,174500,44.325,44.325,44.325,44.325,100,0
AVMU.US,5,20250903,184500,44.36,44.36,44.36,44.36,694,0
AVMU.US,5,20250903,201500,44.345,44.345,44.345,44.345,130,0
AVMU.US,5,20250904,153500,44.42,44.42,44.42,44.42,100,0
AVMU.US,5,20250904,160000,44.4699,44.4699,44.43,44.43,683,0
AVMU.US,5,20250904,161000,44.4427,44.4427,44.4427,44.4427,100,0
AVMU.US,5,20250904,171000,44.4218,44.4218,44.4218,44.4218,164,0
AVMU.US,5,20250904,181000,44.48,44.48,44.4799,44.4799,1075,0
AVMU.US,5,20250904,183000,44.47,44.47,44.465,44.465,3290,0
AVMU.US,5,20250904,183500,44.46,44.46,44.46,44.46,100,0
AVMU.US,5,20250904,210500,44.45,44.45,44.45,44.45,100,0
AVMU.US,5,20250904,212000,44.4765,44.4765,44.4765,44.4765,2120,0
AVMU.US,5,20250904,212500,44.46,44.46,44.45,44.4501,12200,0
AVMU.US,5,20250904,213000,44.45,44.475,44.45,44.475,500,0
AVMU.US,5,20250904,213500,44.475,44.475,44.475,44.475,100,0
AVMU.US,5,20250904,215000,44.5,44.51,44.49,44.51,2000,0
AVMU.US,5,20250904,215500,44.46,44.46,44.46,44.46,100,0
AVMU.US,5,20250905,153500,44.76,44.76,44.76,44.76,100,0
AVMU.US,5,20250905,155000,44.78,44.78,44.78,44.78,2080,0
AVMU.US,5,20250905,161000,44.77,44.77,44.77,44.77,100,0
AVMU.US,5,20250905,161500,44.77,44.77,44.74,44.74,602,0
AVMU.US,5,20250905,163000,44.76,44.78,44.76,44.78,200,0
AVMU.US,5,20250905,163500,44.82,44.82,44.82,44.82,1821,0
AVMU.US,5,20250905,165000,44.78,44.78,44.78,44.78,100,0
AVMU.US,5,20250905,165500,44.81,44.85,44.77,44.77,3193,0
AVMU.US,5,20250905,173000,44.79,44.79,44.79,44.79,100,0
AVMU.US,5,20250905,180000,44.8,44.8296,44.8,44.8296,544,0
AVMU.US,5,20250905,184000,44.8,44.8,44.8,44.8,100,0
AVMU.US,5,20250905,200000,44.79,44.79,44.79,44.79,100,0
AVMU.US,5,20250905,215000,44.83,44.83,44.83,44.83,100,0
AVMU.US,5,20250908,153500,44.99,44.99,44.99,44.99,100,0
AVMU.US,5,20250908,154000,44.99,44.99,44.99,44.99,100,0
AVMU.US,5,20250908,162000,45.07,45.09,45.07,45.09,300,0
AVMU.US,5,20250908,163000,45.07,45.07,45.07,45.07,100,0
AVMU.US,5,20250908,172500,45.07,45.07,45.07,45.07,100,0
AVMU.US,5,20250908,173500,45.05,45.05,45.05,45.05,200,0
AVMU.US,5,20250908,174000,45.04,45.04,45.04,45.04,100,0
AVMU.US,5,20250908,181000,45.04,45.04,45.04,45.04,100,0
AVMU.US,5,20250908,195500,45.079,45.08,45.079,45.0799,300,0
AVMU.US,5,20250908,204000,45.12,45.12,45.12,45.12,111,0
AVMU.US,5,20250908,212500,45.137,45.145,45.137,45.145,1162,0
AVMU.US,5,20250909,153000,45.15,45.15,45.15,45.15,100,0
AVMU.US,5,20250909,161000,45.18,45.18,45.18,45.18,100,0
AVMU.US,5,20250909,170000,45.16,45.16,45.16,45.16,100,0
AVMU.US,5,20250909,175000,45.1593,45.19,45.1471,45.16,5686,0
AVMU.US,5,20250909,180500,45.155,45.155,45.155,45.155,100,0
AVMU.US,5,20250909,181000,45.14,45.14,45.14,45.14,100,0
AVMU.US,5,20250909,182500,45.145,45.145,45.145,45.145,110,0
AVMU.US,5,20250909,191500,45.11,45.11,45.11,45.11,100,0
AVMU.US,5,20250909,193500,45.12,45.12,45.12,45.12,100,0
AVMU.US,5,20250909,203000,45.12,45.12,45.12,45.12,100,0
AVMU.US,5,20250909,210500,45.12,45.12,45.12,45.12,180,0
AVMU.US,5,20250909,212000,45.12,45.12,45.12,45.12,100,0
AVMU.US,5,20250910,163000,45.32,45.35,45.32,45.35,200,0
AVMU.US,5,20250910,173000,45.34,45.34,45.34,45.34,100,0
AVMU.US,5,20250910,184500,45.32,45.32,45.32,45.32,100,0
AVMU.US,5,20250910,201000,45.3001,45.3001,45.3001,45.3001,557,0
AVMU.US,5,20250911,153500,45.5,45.5,45.5,45.5,100,0
AVMU.US,5,20250911,155000,45.46,45.46,45.46,45.46,100,0
AVMU.US,5,20250911,161000,45.48,45.48,45.48,45.48,100,0
AVMU.US,5,20250911,163500,45.5105,45.5105,45.5105,45.5105,500,0
AVMU.US,5,20250911,182000,45.51,45.5101,45.51,45.5101,600,0
AVMU.US,5,20250911,183500,45.5,45.5,45.5,45.5,100,0
AVMU.US,5,20250911,185500,45.49,45.49,45.49,45.49,100,0
AVMU.US,5,20250911,192000,45.48,45.48,45.48,45.48,100,0
AVMU.US,5,20250911,193500,45.49,45.49,45.49,45.49,100,0
AVMU.US,5,20250911,213500,45.49,45.49,45.49,45.49,1326,0
AVMU.US,5,20250911,214000,45.495,45.495,45.495,45.495,100,0
AVMU.US,5,20250911,214500,45.5,45.5,45.495,45.5,307,0
AVMU.US,5,20250911,215000,45.5,45.5,45.49,45.49,3172,0
AVMU.US,5,20250912,155000,45.51,45.51,45.51,45.51,693,0
AVMU.US,5,20250912,155500,45.51,45.51,45.51,45.51,200,0
AVMU.US,5,20250912,160500,45.52,45.52,45.52,45.52,3957,0
AVMU.US,5,20250912,172000,45.44,45.447,45.3901,45.41,2287,0
AVMU.US,5,20250912,180500,45.4699,45.4699,45.4699,45.4699,300,0
AVMU.US,5,20250912,183500,45.4502,45.4502,45.4502,45.4502,249,0
AVMU.US,5,20250912,192000,45.445,45.445,45.445,45.445,101,0
AVMU.US,5,20250912,210000,45.48,45.4801,45.46,45.46,300,0
AVMU.US,5,20250912,210500,45.53,45.53,45.53,45.53,100,0
AVMU.US,5,20250912,211000,45.54,45.54,45.5399,45.5399,562,0
AVMU.US,5,20250912,214500,45.461,45.461,45.461,45.461,160,0
AVMU.US,5,20250915,154000,45.61,45.61,45.61,45.61,100,0
AVMU.US,5,20250915,154500,45.62,45.62,45.62,45.62,100,0
AVMU.US,5,20250915,171000,45.61,45.615,45.61,45.615,1700,0
AVMU.US,5,20250915,171500,45.62,45.62,45.62,45.62,100,0
AVMU.US,5,20250915,172000,45.6125,45.6125,45.6125,45.6125,452,0
AVMU.US,5,20250915,181000,45.63,45.64,45.58,45.58,2116,0
AVMU.US,5,20250915,182000,45.63,45.63,45.63,45.63,100,0
AVMU.US,5,20250915,185500,45.62,45.62,45.62,45.62,292,0
AVMU.US,5,20250915,191500,45.5901,45.605,45.5201,45.5201,2334,0
AVMU.US,5,20250915,203500,45.59,45.59,45.59,45.59,300,0
AVMU.US,5,20250916,154500,45.68,45.68,45.68,45.68,100,0
AVMU.US,5,20250916,170000,45.63,45.63,45.63,45.63,2190,0
AVMU.US,5,20250916,172000,45.6058,45.6058,45.6058,45.6058,1200,0
AVMU.US,5,20250916,190500,45.64,45.66,45.64,45.66,304,0
AVMU.US,5,20250916,195500,45.6425,45.6425,45.6425,45.6425,200,0
AVMU.US,5,20250916,200000,45.64,45.64,45.64,45.64,438,0
AVMU.US,5,20250917,154500,45.72,45.72,45.72,45.72,100,0
AVMU.US,5,20250917,172500,45.77,45.78,45.77,45.78,300,0
AVMU.US,5,20250917,173000,45.78,45.83,45.78,45.83,1200,0
AVMU.US,5,20250917,180000,45.78,45.78,45.78,45.78,100,0
AVMU.US,5,20250917,183000,45.79,45.79,45.79,45.79,100,0
AVMU.US,5,20250917,192500,45.76,45.76,45.76,45.76,100,0
AVMU.US,5,20250917,193500,45.77,45.77,45.77,45.77,100,0
AVMU.US,5,20250917,203000,45.85,45.85,45.82,45.82,882,0
AVMU.US,5,20250917,203500,45.74,45.74,45.74,45.74,100,0
AVMU.US,5,20250917,214500,45.69,45.69,45.69,45.69,100,0
AVMU.US,5,20250918,153500,45.64,45.64,45.64,45.64,100,0
AVMU.US,5,20250918,154500,45.62,45.62,45.62,45.62,100,0
AVMU.US,5,20250918,164000,45.67,45.67,45.67,45.67,2488,0
AVMU.US,5,20250918,164500,45.6127,45.6127,45.6127,45.6127,251,0
AVMU.US,5,20250918,171000,45.61,45.61,45.61,45.61,100,0
AVMU.US,5,20250918,191000,45.615,45.615,45.615,45.615,470,0
AVMU.US,5,20250918,204500,45.64,45.64,45.64,45.64,100,0
AVMU.US,5,20250919,154500,45.67,45.67,45.67,45.67,100,0
AVMU.US,5,20250919,162000,45.66,45.66,45.66,45.66,337,0
AVMU.US,5,20250919,163000,45.66,45.66,45.66,45.66,100,0
AVMU.US,5,20250919,173500,45.64,45.64,45.58,45.64,726,0
AVMU.US,5,20250919,191000,45.6267,45.6267,45.6267,45.6267,118,0
AVMU.US,5,20250919,212500,45.61,45.67,45.49,45.67,640,0
AVMU.US,5,20250922,163000,45.57,45.59,45.55,45.55,2011,0
AVMU.US,5,20250922,163500,45.58,45.58,45.58,45.58,100,0
AVMU.US,5,20250922,164500,45.605,45.605,45.605,45.605,148,0
AVMU.US,5,20250922,195500,45.6506,45.6506,45.6506,45.6506,2709,0
AVMU.US,5,20250922,205500,45.601,45.601,45.601,45.601,100,0
AVMU.US,5,20250923,154500,45.69,45.69,45.69,45.69,100,0
AVMU.US,5,20250923,161500,45.6795,45.6795,45.6795,45.6795,792,0
AVMU.US,5,20250923,180500,45.6273,45.6273,45.6273,45.6273,750,0
AVMU.US,5,20250923,183000,45.66,45.66,45.66,45.66,1165,0
AVMU.US,5,20250923,210000,45.6,45.6,45.52,45.5201,700,0
AVMU.US,5,20250923,215500,45.635,45.635,45.61,45.61,305,0
AVMU.US,5,20250924,163500,45.61,45.61,45.61,45.61,400,0
AVMU.US,5,20250924,173000,45.55,45.5501,45.55,45.5501,640,0
AVMU.US,5,20250924,180500,45.55,45.55,45.46,45.53,1000,0
AVMU.US,5,20250924,181500,45.5576,45.5576,45.5576,45.5576,152,0
AVMU.US,5,20250924,201000,45.53,45.53,45.52,45.5201,300,0
AVMU.US,5,20250924,203500,45.54,45.54,45.54,45.54,142,0
AVMU.US,5,20250924,210500,45.55,45.55,45.55,45.55,100,0
AVMU.US,5,20250925,154500,45.48,45.48,45.48,45.48,366,0
AVMU.US,5,20250925,165500,45.5273,45.5273,45.5027,45.5027,430,0
AVMU.US,5,20250925,182000,45.5095,45.5095,45.5095,45.5095,136,0
AVMU.US,5,20250925,184500,45.4915,45.4915,45.4915,45.4915,200,0
AVMU.US,5,20250926,154500,45.5025,45.5025,45.5025,45.5025,384,0
AVMU.US,5,20250926,160000,45.4916,45.4916,45.4,45.4,3125,0
AVMU.US,5,20250926,174000,45.5,45.5,45.5,45.5,100,0
AVMU.US,5,20250926,190000,45.5384,45.5396,45.51,45.51,2843,0
AVMU.US,5,20250926,190500,45.53,45.53,45.53,45.53,200,0
AVMU.US,5,20250926,203500,45.481,45.481,45.481,45.481,104,0
AVMU.US,5,20250926,214500,45.47,45.47,45.47,45.47,526,0
AVMU.US,5,20250929,162500,45.57,45.57,45.57,45.57,354,0
AVMU.US,5,20250929,175500,45.63,45.63,45.63,45.63,100,0
AVMU.US,5,20250929,215500,45.59,45.59,45.59,45.59,100,0
AVMU.US,5,20250930,153500,45.58,45.58,45.58,45.58,100,0
AVMU.US,5,20250930,155500,45.58,45.58,45.58,45.58,220,0
AVMU.US,5,20250930,165000,45.615,45.615,45.615,45.615,101,0
AVMU.US,5,20250930,170500,45.5801,45.5806,45.5801,45.5806,1294,0
AVMU.US,5,20250930,191000,45.59,45.5901,45.59,45.59,600,0
AVMU.US,5,20250930,200500,45.63,45.63,45.6299,45.6299,440,0
AVMU.US,5,20250930,202500,45.5996,45.5996,45.5996,45.5996,1250,0
AVMU.US,5,20250930,204500,45.62,45.62,45.62,45.62,605,0
AVMU.US,5,20250930,210000,45.5953,45.5953,45.5953,45.5953,190,0
AVMU.US,5,20250930,214500,45.62,45.62,45.62,45.62,405,0
AVMU.US,5,20251001,153500,45.565,45.58,45.565,45.58,400,0
AVMU.US,5,20251001,154000,45.57,45.57,45.57,45.57,200,0
AVMU.US,5,20251002,153500,45.52,45.52,45.52,45.52,226,0
AVMU.US,5,20251002,163000,45.45,45.5,45.45,45.5,875,0
AVMU.US,5,20251002,171000,45.51,45.51,45.51,45.51,100,0
AVMU.US,5,20251002,183000,45.56,45.56,45.56,45.56,100,0
AVMU.US,5,20251002,192000,45.5599,45.65,45.5599,45.5599,400,0
AVMU.US,5,20251002,211500,45.531,45.531,45.531,45.531,200,0
AVMU.US,5,20251002,215500,45.525,45.525,45.51,45.51,300,0
AVMU.US,5,20251003,160000,45.5608,45.5608,45.5608,45.5608,499,0
AVMU.US,5,20251003,162500,45.56,45.56,45.56,45.56,2138,0
AVMU.US,5,20251003,174000,45.5454,45.5454,45.5454,45.5454,200,0
AVMU.US,5,20251003,175500,45.5658,45.5658,45.5658,45.5658,107,0
AVMU.US,5,20251006,162500,45.52,45.52,45.52,45.52,353,0
AVMU.US,5,20251006,164000,45.47,45.47,45.47,45.47,150,0
AVMU.US,5,20251006,181500,45.55,45.55,45.55,45.55,6761,0
AVMU.US,5,20251006,185500,45.56,45.56,45.56,45.56,500,0
AVMU.US,5,20251006,203500,45.57,45.57,45.57,45.57,100,0
AVMU.US,5,20251007,155000,45.62,45.715,45.6199,45.715,1004,0
AVMU.US,5,20251007,161500,45.595,45.595,45.595,45.595,136,0
AVMU.US,5,20251007,181500,45.63,45.63,45.6101,45.63,2021,0
AVMU.US,5,20251007,190000,45.675,45.685,45.675,45.685,342,0
AVMU.US,5,20251007,191500,45.66,45.66,45.66,45.66,130,0
AVMU.US,5,20251007,192500,45.6425,45.6425,45.6425,45.6425,400,0
AVMU.US,5,20251007,212000,45.65,45.66,45.65,45.66,200,0
AVMU.US,5,20251008,162000,45.7077,45.7077,45.7077,45.7077,241,0
AVMU.US,5,20251008,163500,45.74,45.8,45.71,45.71,5078,0
AVMU.US,5,20251008,171000,45.72,45.72,45.715,45.715,2975,0
AVMU.US,5,20251008,185000,45.7,45.7,45.7,45.7,372,0
AVMU.US,5,20251008,201500,45.6708,45.6708,45.6708,45.6708,200,0
AVMU.US,5,20251009,155500,45.6784,45.69,45.6784,45.69,300,0
AVMU.US,5,20251009,164000,45.67,45.68,45.67,45.6771,856,0
AVMU.US,5,20251010,160500,45.83,45.83,45.83,45.83,1401,0
AVMU.US,5,20251010,165000,45.7818,45.7818,45.7818,45.7818,170,0
AVMU.US,5,20251010,171000,45.8,45.8,45.73,45.73,525,0
AVMU.US,5,20251010,172500,45.82,45.8682,45.7987,45.8682,2310,0
AVMU.US,5,20251010,175500,45.78,45.78,45.78,45.78,100,0
AVMU.US,5,20251010,180500,45.79,45.79,45.79,45.79,300,0
AVMU.US,5,20251010,182000,45.77,45.77,45.77,45.77,400,0
AVMU.US,5,20251010,183000,45.77,45.77,45.77,45.77,100,0
AVMU.US,5,20251010,183500,45.7731,45.7731,45.7731,45.7731,2816,0
AVMU.US,5,20251010,184000,45.77,45.77,45.77,45.77,100,0
AVMU.US,5,20251010,185000,45.76,45.76,45.76,45.76,100,0
AVMU.US,5,20251010,185500,45.76,45.76,45.76,45.76,100,0
AVMU.US,5,20251010,190500,45.75,45.75,45.75,45.75,100,0
AVMU.US,5,20251010,191000,45.75,45.75,45.75,45.75,100,0
AVMU.US,5,20251010,192000,45.75,45.75,45.75,45.75,100,0
AVMU.US,5,20251010,192500,45.74,45.74,45.74,45.74,100,0
AVMU.US,5,20251010,193500,45.73,45.73,45.73,45.73,200,0
AVMU.US,5,20251010,194000,45.73,45.73,45.73,45.73,100,0
AVMU.US,5,20251010,194500,45.74,45.74,45.74,45.74,100,0
AVMU.US,5,20251010,195000,45.74,45.74,45.74,45.74,200,0
AVMU.US,5,20251010,195500,45.75,45.75,45.74,45.74,200,0
AVMU.US,5,20251010,200000,45.74,45.74,45.73,45.73,200,0
AVMU.US,5,20251010,201000,45.75,45.75,45.75,45.75,100,0
AVMU.US,5,20251010,203000,45.73,45.73,45.72,45.73,652,0
AVMU.US,5,20251010,203500,45.73,45.73,45.73,45.73,400,0
AVMU.US,5,20251010,205500,45.73,45.73,45.72,45.72,300,0
AVMU.US,5,20251010,210000,45.72,45.72,45.7,45.72,500,0
AVMU.US,5,20251010,210500,45.72,45.72,45.71,45.71,500,0
AVMU.US,5,20251010,211000,45.71,45.71,45.7,45.7,500,0
AVMU.US,5,20251010,211500,45.7,45.7,45.7,45.7,300,0
AVMU.US,5,20251010,212000,45.7,45.7,45.7,45.7,200,0
AVMU.US,5,20251010,212500,45.7,45.7,45.7,45.7,100,0
AVMU.US,5,20251010,213000,45.69,45.87,45.69,45.69,1200,0
AVMU.US,5,20251010,213500,45.69,45.7,45.67,45.67,1000,0
AVMU.US,5,20251010,214000,45.67,45.68,45.66,45.67,1100,0
AVMU.US,5,20251010,214500,45.67,45.67,45.67,45.67,1000,0
AVMU.US,5,20251010,215000,45.67,45.67,45.66,45.66,2100,0
AVMU.US,5,20251010,215500,45.69,45.72,45.66,45.67,4102,0
AVMU.US,5,20251013,162000,45.785,45.785,45.785,45.785,100,0
AVMU.US,5,20251013,164000,45.74,45.789,45.74,45.789,2226,0
AVMU.US,5,20251013,181000,45.771,45.771,45.771,45.771,600,0
AVMU.US,5,20251013,192000,45.77,45.7701,45.67,45.67,1383,0
AVMU.US,5,20251013,202000,45.78,45.78,45.69,45.77,1900,0
AVMU.US,5,20251013,203000,45.77,45.7701,45.68,45.75,4400,0
AVMU.US,5,20251013,203500,45.74,45.74,45.74,45.74,500,0
AVMU.US,5,20251013,212000,45.775,45.775,45.775,45.775,199,0
AVMU.US,5,20251013,212500,45.775,45.775,45.775,45.775,648,0
AVMU.US,5,20251014,172000,45.87,45.87,45.87,45.87,392,0
AVMU.US,5,20251014,172500,45.88,45.89,45.88,45.89,11079,0
AVMU.US,5,20251014,194000,45.85,45.8502,45.85,45.8502,200,0
AVMU.US,5,20251014,201000,45.86,45.86,45.86,45.86,303,0
AVMU.US,5,20251014,201500,45.8832,45.8832,45.8832,45.8832,100,0
AVMU.US,5,20251014,215500,45.86,45.86,45.86,45.86,143,0
AVMU.US,5,20251015,165000,45.93,45.93,45.93,45.93,100,0
AVMU.US,5,20251015,183500,45.88,45.88,45.88,45.88,6912,0
AVMU.US,5,20251015,185000,45.8973,45.8973,45.8973,45.8973,130,0
AVMU.US,5,20251016,154000,45.93,45.94,45.93,45.94,500,0
AVMU.US,5,20251016,162000,45.95,45.95,45.95,45.95,100,0
AVMU.US,5,20251016,163000,45.96,45.97,45.96,45.97,400,0
AVMU.US,5,20251016,164500,45.96,45.98,45.96,45.98,200,0
AVMU.US,5,20251016,170000,45.98,45.98,45.98,45.98,200,0
AVMU.US,5,20251016,174500,46.01,46.01,46.01,46.01,100,0
AVMU.US,5,20251016,184500,46.02,46.02,46.02,46.02,164,0
AVMU.US,5,20251016,192500,46.01,46.01,46.01,46.01,436,0
AVMU.US,5,20251016,204500,46.03,46.04,46.03,46.04,300,0
AVMU.US,5,20251016,205500,46.0115,46.0115,46.0115,46.0115,1677,0
AVMU.US,5,20251016,211000,46.01,46.0121,46.01,46.0121,281,0
AVMU.US,5,20251016,212500,46.010853,46.010853,46.010853,46.010853,228,0
AVMU.US,5,20251016,214000,46.04,46.04,46.04,46.04,200,0
AVMU.US,5,20251016,215000,46.05,46.05,46.04,46.04,200,0
AVMU.US,5,20251017,153000,46.05,46.05,46.05,46.05,500,0
AVMU.US,5,20251017,153500,46.05,46.065,46.0498,46.05,1100,0
AVMU.US,5,20251017,154000,46.05,46.06,46.05,46.06,400,0
AVMU.US,5,20251017,155000,46.06,46.06,46.06,46.06,200,0
AVMU.US,5,20251017,161500,46.06,46.06,46.06,46.06,100,0
AVMU.US,5,20251017,162500,46.06,46.06,46.06,46.06,100,0
AVMU.US,5,20251017,163000,46.06,46.085,46.06,46.085,200,0
AVMU.US,5,20251017,185500,46.0899,46.0899,46.0899,46.0899,719,0
AVMU.US,5,20251017,200500,46.09,46.09,46.0898,46.09,900,0
AVMU.US,5,20251020,162500,46.14,46.14,46.14,46.14,1448,0
AVMU.US,5,20251020,163000,46.15,46.15,46.15,46.15,1044,0
AVMU.US,5,20251020,185500,46.106,46.106,46.106,46.106,144,0
AVMU.US,5,20251020,204000,46.1296,46.1296,46.1296,46.1296,4335,0
AVMU.US,5,20251020,214500,46.1,46.1,46.1,46.1,1301,0
AVMU.US,5,20251021,172500,46.14,46.15,46.14,46.15,447,0
AVMU.US,5,20251022,161500,46.15,46.15,46.15,46.15,900,0
AVMU.US,5,20251022,171500,46.16,46.25,46.1599,46.1599,1800,0
AVMU.US,5,20251022,180000,46.1567,46.1567,46.1567,46.1567,550,0
AVMU.US,5,20251022,204000,46.16,46.16,46.16,46.16,4300,0
AVMU.US,5,20251022,205000,46.17,46.17,46.17,46.17,100,0
AVMU.US,5,20251022,205500,46.17,46.17,46.17,46.17,400,0
AVMU.US,5,20251022,212000,46.19,46.19,46.19,46.19,100,0
AVMU.US,5,20251022,214000,46.17,46.17,46.17,46.17,161,0
AVMU.US,5,20251023,153500,46.15,46.15,46.15,46.15,100,0
AVMU.US,5,20251023,174500,46.125,46.23,46.125,46.15,1090,0
AVMU.US,5,20251023,184000,46.12,46.12,46.1163,46.12,300,0
AVMU.US,5,20251023,184500,46.11,46.1101,46.11,46.1101,2062,0
AVMU.US,5,20251023,201500,46.1439,46.1439,46.1439,46.1439,324,0
AVMU.US,5,20251023,213000,46.1301,46.1545,46.1101,46.15,3308,0
AVMU.US,5,20251023,213500,46.13,46.18,46.13,46.17,2700,0
AVMU.US,5,20251024,153500,46.24,46.25,46.24,46.25,200,0
AVMU.US,5,20251024,160000,46.195,46.195,46.195,46.195,194,0
AVMU.US,5,20251024,171500,46.1984,46.1984,46.1984,46.1984,222,0
AVMU.US,5,20251024,175000,46.19,46.2,46.19,46.2,200,0
AVMU.US,5,20251024,175500,46.21,46.21,46.21,46.21,100,0
AVMU.US,5,20251024,194500,46.19,46.19,46.19,46.19,500,0
AVMU.US,5,20251027,143000,46.18,46.18,46.18,46.18,100,0
AVMU.US,5,20251027,143500,46.18,46.2,46.18,46.2,800,0
AVMU.US,5,20251027,144000,46.21,46.23,46.2,46.23,1500,0
AVMU.US,5,20251027,144500,46.23,46.24,46.18,46.23,1400,0
AVMU.US,5,20251027,145000,46.239,46.239,46.18,46.18,1000,0
AVMU.US,5,20251027,145500,46.24,46.24,46.24,46.24,100,0
AVMU.US,5,20251027,152500,46.255,46.255,46.255,46.255,410,0
AVMU.US,5,20251027,153000,46.265,46.265,46.265,46.265,2200,0
AVMU.US,5,20251027,161000,46.27,46.27,46.27,46.27,100,0
AVMU.US,5,20251027,172500,46.28,46.28,46.28,46.28,100,0
AVMU.US,5,20251027,173500,46.275,46.275,46.275,46.275,220,0
AVMU.US,5,20251027,180000,46.29,46.29,46.29,46.29,114,0
AVMU.US,5,20251027,184500,46.27,46.27,46.27,46.27,100,0
AVMU.US,5,20251027,194500,46.27,46.27,46.27,46.27,100,0
AVMU.US,5,20251027,201500,46.27,46.27,46.21,46.2673,3250,0
AVMU.US,5,20251027,202000,46.27,46.27,46.27,46.27,100,0
AVMU.US,5,20251027,204500,46.26,46.27,46.26,46.27,1000,0
AVMU.US,5,20251028,143000,46.24,46.24,46.24,46.24,100,0
AVMU.US,5,20251028,150000,46.27,46.27,46.27,46.27,100,0
AVMU.US,5,20251028,151000,46.28,46.28,46.26,46.26,2749,0
AVMU.US,5,20251028,152000,46.25,46.25,46.25,46.25,100,0
AVMU.US,5,20251029,143000,46.18,46.18,46.18,46.18,100,0
AVMU.US,5,20251029,143500,46.18,46.18,46.162022,46.162022,916,0
AVMU.US,5,20251029,154500,46.2,46.2,46.2,46.2,126,0
AVMU.US,5,20251029,163000,46.179,46.179,46.179,46.179,216,0
AVMU.US,5,20251029,170000,46.19,46.19,46.19,46.19,100,0
AVMU.US,5,20251029,190000,46.15,46.17,46.15,46.17,279,0
AVMU.US,5,20251029,192000,46.17,46.17,46.15,46.15,5218,0
AVMU.US,5,20251029,200500,46.1227,46.1227,46.1227,46.1227,245,0
AVMU.US,5,20251030,143000,45.92,45.92,45.92,45.92,100,0
AVMU.US,5,20251030,154000,45.93,45.93,45.93,45.93,100,0
AVMU.US,5,20251030,171000,45.96,46.08,45.9599,45.97,2000,0
AVMU.US,5,20251030,171500,45.97,45.97,45.97,45.97,100,0
AVMU.US,5,20251030,173500,45.96,45.96,45.96,45.96,100,0
AVMU.US,5,20251030,174500,45.96,45.96,45.96,45.96,100,0
AVMU.US,5,20251030,180500,45.96,45.96,45.9599,45.96,700,0
AVMU.US,5,20251030,183500,45.98,45.98,45.98,45.98,100,0
AVMU.US,5,20251030,192500,45.99,46,45.9882,45.995,500,0
AVMU.US,5,20251030,193500,45.9945,45.9945,45.9945,45.9945,283,0
AVMU.US,5,20251031,181500,46.02,46.04,46.02,46.04,692,0
AVMU.US,5,20251103,162500,45.8,45.86,45.7,45.86,9716,0
AVMU.US,5,20251103,163000,45.86,45.86,45.86,45.86,100,0
AVMU.US,5,20251103,163500,45.85,45.85,45.85,45.85,600,0
AVMU.US,5,20251103,164500,45.85,45.85,45.85,45.85,100,0
AVMU.US,5,20251103,165000,45.86,45.885,45.86,45.885,1100,0
AVMU.US,5,20251103,170500,45.9,45.91,45.9,45.91,946,0
AVMU.US,5,20251103,171000,45.91,45.91,45.91,45.91,600,0
AVMU.US,5,20251103,171500,45.91,45.91,45.9,45.9,800,0
AVMU.US,5,20251103,175000,45.92,45.93,45.91,45.91,2200,0
AVMU.US,5,20251103,180000,45.93,45.93,45.93,45.93,200,0
AVMU.US,5,20251103,182500,45.94,45.94,45.94,45.94,200,0
AVMU.US,5,20251103,190500,45.94,45.96,45.94,45.96,900,0
AVMU.US,5,20251103,191000,45.96,45.96,45.95,45.96,600,0
AVMU.US,5,20251103,194500,46,46,46,46,1800,0
AVMU.US,5,20251103,200000,46.005,46.005,45.99,46.005,700,0
AVMU.US,5,20251103,200500,45.99,46.005,45.99,46.005,1800,0
AVMU.US,5,20251103,202000,45.99,45.99,45.99,45.99,400,0
AVMU.US,5,20251103,211500,45.98,45.98,45.98,45.98,1300,0
AVMU.US,5,20251104,154500,45.89,45.89,45.89,45.89,100,0
AVMU.US,5,20251104,161000,45.9041,45.9041,45.9041,45.9041,305,0
AVMU.US,5,20251104,191000,45.8873,45.8873,45.8873,45.8873,301,0
AVMU.US,5,20251104,192000,45.9194,45.9194,45.9194,45.9194,109,0
AVMU.US,5,20251104,200500,45.92,45.92,45.92,45.92,100,0
AVMU.US,5,20251104,213500,45.92,45.92,45.92,45.92,100,0
AVMU.US,5,20251105,155500,45.86,45.86,45.86,45.86,2185,0
AVMU.US,5,20251105,160000,45.84,45.84,45.8399,45.8399,934,0
AVMU.US,5,20251105,162000,45.86,45.86,45.86,45.86,200,0
AVMU.US,5,20251105,163000,45.8275,45.8275,45.8275,45.8275,1000,0
AVMU.US,5,20251105,163500,45.86,45.86,45.86,45.86,134,0
AVMU.US,5,20251105,174500,45.77,45.77,45.77,45.77,200,0
AVMU.US,5,20251105,183500,45.8,45.8,45.8,45.8,100,0
AVMU.US,5,20251106,160000,45.8587,45.955,45.8587,45.955,1667,0
AVMU.US,5,20251106,185000,45.88,45.95,45.88,45.95,840,0
AVMU.US,5,20251106,212500,45.85,45.85,45.8401,45.8401,304,0
AVMU.US,5,20251106,213500,45.85,45.85,45.73,45.8301,4885,0
AVMU.US,5,20251107,154500,45.93,45.94,45.93,45.94,330,0
AVMU.US,5,20251107,162500,45.89,45.89,45.89,45.89,3817,0
AVMU.US,5,20251107,165500,45.88,45.88,45.88,45.88,100,0
AVMU.US,5,20251107,174000,45.902,45.902,45.902,45.902,884,0
AVMU.US,5,20251107,211500,45.8573,45.8573,45.8573,45.8573,143,0
AVMU.US,5,20251110,160000,45.891,45.9,45.84,45.84,3707,0
AVMU.US,5,20251110,160500,45.9,45.9,45.84,45.8999,2922,0
AVMU.US,5,20251110,162000,45.875,45.875,45.855,45.855,498,0
AVMU.US,5,20251110,170500,45.875,45.875,45.825,45.8667,2466,0
AVMU.US,5,20251110,181500,45.858,45.858,45.858,45.858,1000,0
AVMU.US,5,20251110,182000,45.88,45.88,45.86,45.88,1300,0
AVMU.US,5,20251110,190000,45.9,45.9,45.9,45.9,179,0
AVMU.US,5,20251110,215500,45.87,45.87,45.87,45.87,276,0
AVMU.US,5,20251111,161000,45.9399,45.9399,45.9399,45.9399,522,0
AVMU.US,5,20251111,175500,45.95,45.95,45.95,45.95,551,0
AVMU.US,5,20251111,190500,45.96,45.96,45.96,45.96,174,0
AVMU.US,5,20251111,194500,45.98,45.98,45.9799,45.9799,200,0
AVMU.US,5,20251111,200000,45.94,45.9401,45.93,45.93,2825,0
AVMU.US,5,20251111,204500,45.92,45.92,45.92,45.92,100,0
AVMU.US,5,20251111,205000,45.9504,45.9504,45.9504,45.9504,1677,0
AVMU.US,5,20251112,165000,45.9264,45.9264,45.85,45.9264,5867,0
AVMU.US,5,20251112,193500,45.88,45.88,45.8,45.86,966,0
AVMU.US,5,20251112,202500,45.895,45.895,45.895,45.895,220,0
AVMU.US,5,20251112,204500,45.905,45.905,45.905,45.905,108,0
AVMU.US,5,20251113,154000,45.9,45.91,45.9,45.91,200,0
AVMU.US,5,20251113,160500,45.855,45.855,45.855,45.855,520,0
AVMU.US,5,20251113,181500,45.845,45.845,45.845,45.845,1336,0
AVMU.US,5,20251113,200500,45.876,45.876,45.876,45.876,488,0
AVMU.US,5,20251113,205500,45.875,45.875,45.875,45.875,154,0
AVMU.US,5,20251113,213000,45.859,45.859,45.859,45.859,100,0
AVMU.US,5,20251113,214000,45.89,45.89,45.89,45.89,436,0
AVMU.US,5,20251114,155000,45.94,45.94,45.94,45.94,100,0
AVMU.US,5,20251114,161000,45.902,45.92,45.902,45.902,386,0
AVMU.US,5,20251114,195500,45.84,45.84,45.8399,45.8399,312,0
AVMU.US,5,20251114,210000,45.8001,45.8001,45.8001,45.8001,101,0
AVMU.US,5,20251114,213500,45.7925,45.7925,45.7925,45.7925,100,0
AVMU.US,5,20251114,215000,45.81,45.81,45.76,45.76,300,0
AVMU.US,5,20251117,160500,45.8999,45.9,45.8999,45.9,200,0
AVMU.US,5,20251117,162500,45.8719,45.96,45.8719,45.8999,1165,0
AVMU.US,5,20251117,190000,45.89,45.89,45.89,45.89,2137,0
AVMU.US,5,20251117,195500,45.91,45.92,45.89,45.92,6878,0
AVMU.US,5,20251117,200000,45.89,45.89,45.89,45.89,100,0
AVMU.US,5,20251117,205000,45.89,46.0099,45.89,45.9,6102,0
AVMU.US,5,20251117,210500,45.8643,45.8643,45.8643,45.8643,1682,0
AVMU.US,5,20251118,161000,45.96,45.96,45.96,45.96,100,0
AVMU.US,5,20251118,165000,45.94,45.94,45.9399,45.9399,312,0
AVMU.US,5,20251118,165500,45.93,46.024,45.93,46.024,354,0
AVMU.US,5,20251118,172500,45.91,45.91,45.91,45.91,100,0
AVMU.US,5,20251118,173000,45.91,45.91,45.91,45.91,100,0
AVMU.US,5,20251118,180000,45.901,45.901,45.901,45.901,379,0
AVMU.US,5,20251118,182000,45.9099,45.9099,45.9099,45.9099,110,0
AVMU.US,5,20251118,182500,45.8901,45.8901,45.8901,45.8901,362,0
AVMU.US,5,20251118,185000,45.91,45.91,45.91,45.91,100,0
AVMU.US,5,20251118,201500,45.9291,45.9291,45.9291,45.9291,490,0
AVMU.US,5,20251118,212000,45.9025,45.94,45.9025,45.94,400,0
AVMU.US,5,20251119,160000,45.93,45.93,45.93,45.93,100,0
AVMU.US,5,20251119,183000,45.8716,45.8716,45.8716,45.8716,126,0
AVMU.US,5,20251119,204500,45.8,45.86,45.8,45.86,723,0
AVMU.US,5,20251119,205000,45.86,45.86,45.86,45.86,100,0
AVMU.US,5,20251119,211000,45.81,45.87,45.81,45.87,793,0
AVMU.US,5,20251119,215500,45.87,45.87,45.87,45.87,100,0
AVMU.US,5,20251120,153000,45.94,45.94,45.94,45.94,100,0
AVMU.US,5,20251120,155500,45.97,45.97,45.97,45.97,320,0
AVMU.US,5,20251120,160000,45.96,45.96,45.96,45.96,100,0
AVMU.US,5,20251120,165500,45.94,45.94,45.94,45.94,133,0
AVMU.US,5,20251120,171000,45.979,45.98,45.979,45.98,435,0
AVMU.US,5,20251120,193500,45.94,45.95,45.9303,45.95,2000,0
AVMU.US,5,20251120,205000,45.96,45.96,45.96,45.96,100,0
AVMU.US,5,20251121,153500,45.961,45.9611,45.96,45.9602,757,0
AVMU.US,5,20251121,161500,45.975,45.9814,45.975,45.9814,392,0
AVMU.US,5,20251121,162000,46,46,45.95,45.95,268,0
AVMU.US,5,20251121,175000,45.9616,45.985,45.9606,45.985,1685,0
AVMU.US,5,20251121,175500,46.01,46.01,46.01,46.01,100,0
AVMU.US,5,20251121,212000,45.9694,45.9694,45.9694,45.9694,293,0
AVMU.US,5,20251124,154500,46.015,46.015,46.015,46.015,100,0
AVMU.US,5,20251124,155000,46.015,46.015,46.015,46.015,274,0
AVMU.US,5,20251124,160500,46.005,46.005,46.005,46.005,108,0
AVMU.US,5,20251124,162500,46.03,46.03,46.03,46.03,100,0
AVMU.US,5,20251124,170000,46.03,46.03,46.03,46.03,100,0
AVMU.US,5,20251124,174500,46.03,46.03,46.03,46.03,100,0
AVMU.US,5,20251124,175500,46.03,46.04,46.03,46.04,1101,0
AVMU.US,5,20251124,180000,46.04,46.04,46.04,46.04,100,0
AVMU.US,5,20251124,182000,46.04,46.04,46.04,46.04,100,0
AVMU.US,5,20251124,185500,46.0281,46.0281,46.0281,46.0281,384,0
AVMU.US,5,20251124,195500,46.06,46.06,46.06,46.06,100,0
AVMU.US,5,20251124,203500,46.0347,46.07,46.0347,46.05,2574,0
AVMU.US,5,20251124,210500,46.03,46.03,46.03,46.03,562,0
AVMU.US,5,20251124,211000,46.05,46.05,46.05,46.05,100,0
AVMU.US,5,20251124,212500,46.02,46.02,46,46,400,0
AVMU.US,5,20251124,213000,46,46,45.99,45.99,300,0
AVMU.US,5,20251124,213500,45.99,46.05,45.99,45.99,600,0
AVMU.US,5,20251124,214000,45.99,46.04,45.98,46.04,2200,0
AVMU.US,5,20251124,215000,45.98,46.03,45.96,45.995,1800,0
AVMU.US,5,20251124,215500,45.96,46.1,45.95,46.1,3903,0
AVMU.US,5,20251125,155000,46.02,46.02,46.02,46.02,100,0
AVMU.US,5,20251125,161000,46.0393,46.0393,46.0393,46.0393,201,0
AVMU.US,5,20251125,173500,46,46,45.975,45.975,485,0
AVMU.US,5,20251125,185000,46.02,46.0201,45.93,46.0201,530,0
AVMU.US,5,20251125,191000,46.0108,46.0108,46.0108,46.0108,413,0
AVMU.US,5,20251125,194000,45.99,45.99,45.99,45.99,100,0
AVMU.US,5,20251125,194500,46.01,46.01,46.01,46.01,108,0
AVMU.US,5,20251125,211500,46.03,46.05,46.03,46.05,6033,0
AVMU.US,5,20251126,161500,46.035,46.035,46.035,46.035,355,0
AVMU.US,5,20251126,180000,46.1,46.1,46.1,46.1,100,0
AVMU.US,5,20251126,192500,46.09,46.09,46.09,46.09,200,0
AVMU.US,5,20251126,195500,46.09,46.09,46.08,46.08,407,0
AVMU.US,5,20251126,214500,46.1299,46.13,46.1299,46.13,651,0
AVMU.US,5,20251128,154000,46.09,46.09,46.09,46.09,545,0
AVMU.US,5,20251128,162500,46.1062,46.1062,46.1062,46.1062,404,0
AVMU.US,5,20251201,154000,45.9,45.9,45.9,45.9,100,0
AVMU.US,5,20251201,214500,45.8825,45.8825,45.8825,45.8825,368,0
AVMU.US,5,20251202,170000,45.87,45.87,45.87,45.87,100,0
AVMU.US,5,20251202,184000,45.821,45.821,45.821,45.821,195,0
AVMU.US,5,20251202,185500,45.8602,45.8602,45.8602,45.8602,414,0
AVMU.US,5,20251202,205000,45.88,45.88,45.88,45.88,500,0
AVMU.US,5,20251202,212500,45.86,45.86,45.86,45.86,430,0
AVMU.US,5,20251202,213000,45.88,45.88,45.8799,45.88,300,0
AVMU.US,5,20251203,160000,45.96,45.96,45.96,45.96,100,0
AVMU.US,5,20251203,163000,45.9325,45.9325,45.9325,45.9325,373,0
AVMU.US,5,20251203,171500,45.94,45.94,45.9399,45.9399,754,0
AVMU.US,5,20251203,185000,45.8801,45.93,45.8801,45.93,2157,0
AVMU.US,5,20251203,215500,45.87,45.875,45.87,45.875,855,0
AVMU.US,5,20251204,154500,45.8375,45.8375,45.8375,45.8375,616,0
AVMU.US,5,20251204,155500,45.87,45.87,45.87,45.87,312,0
AVMU.US,5,20251204,161500,45.855,45.855,45.855,45.855,400,0
AVMU.US,5,20251204,183500,45.88,45.88,45.88,45.88,292,0
AVMU.US,5,20251204,193000,45.89,45.89,45.89,45.89,100,0
AVMU.US,5,20251204,194000,45.8725,45.8725,45.8725,45.8725,200,0
AVMU.US,5,20251205,155000,45.86,45.904,45.86,45.904,500,0
AVMU.US,5,20251205,181000,45.855,45.855,45.855,45.855,420,0
AVMU.US,5,20251205,191000,45.88,45.88,45.88,45.88,100,0
AVMU.US,5,20251205,192000,45.87,45.87,45.87,45.87,100,0
AVMU.US,5,20251205,210000,45.88,45.89,45.88,45.89,1532,0
AVMU.US,5,20251205,211000,45.873,45.89,45.873,45.89,348,0
AVMU.US,5,20251205,213500,45.865,45.865,45.865,45.865,276,0
AVMU.US,5,20251208,154000,45.89,45.9,45.89,45.9,300,0
AVMU.US,5,20251208,182500,45.9029,45.9029,45.9029,45.9029,170,0
AVMU.US,5,20251208,195000,45.92,45.92,45.91,45.91,5432,0
AVMU.US,5,20251208,212000,45.87,45.9,45.73,45.84,19300,0
AVMU.US,5,20251208,212500,45.84,45.84,45.81,45.82,1000,0
AVMU.US,5,20251208,215000,45.8305,45.8305,45.8305,45.8305,168,0
AVMU.US,5,20251209,153000,45.89,45.89,45.89,45.89,200,0
AVMU.US,5,20251209,161000,45.8809,45.8809,45.8809,45.8809,111,0
AVMU.US,5,20251209,162500,45.895,45.895,45.895,45.895,170,0
AVMU.US,5,20251209,171000,45.9,45.9,45.9,45.9,100,0
AVMU.US,5,20251209,194500,45.8883,45.8883,45.8883,45.8883,551,0
AVMU.US,5,20251209,203500,45.9,45.9,45.9,45.9,26681,0
AVMU.US,5,20251209,215500,45.88,45.88,45.88,45.88,115,0
AVMU.US,5,20251210,154500,45.85,45.85,45.85,45.85,226,0
AVMU.US,5,20251210,161500,45.82,45.82,45.82,45.82,100,0
AVMU.US,5,20251210,175000,45.8075,45.8075,45.8075,45.8075,120,0
AVMU.US,5,20251210,180000,45.77,45.7701,45.77,45.7701,200,0
AVMU.US,5,20251210,184500,45.77,45.77,45.77,45.77,100,0
AVMU.US,5,20251210,185000,45.81,45.82,45.81,45.8199,1283,0
AVMU.US,5,20251210,195500,45.7975,45.83,45.795,45.81,2060,0
AVMU.US,5,20251210,214500,45.79,45.79,45.79,45.79,100,0
AVMU.US,5,20251210,215000,45.839,45.839,45.8125,45.8125,2300,0
AVMU.US,5,20251210,215500,45.815,45.815,45.815,45.815,118,0
AVMU.US,5,20251211,154000,45.93,45.93,45.93,45.93,341,0
AVMU.US,5,20251211,160000,45.88,45.99,45.8799,45.915,1000,0
AVMU.US,5,20251211,161000,45.88,45.88,45.88,45.88,100,0
AVMU.US,5,20251211,182500,45.88,45.929,45.88,45.9138,4443,0
AVMU.US,5,20251211,184500,45.86,45.91,45.8599,45.8599,2458,0
AVMU.US,5,20251211,200000,45.85,45.86,45.85,45.86,400,0
AVMU.US,5,20251211,204000,45.86,45.86,45.86,45.86,100,0
AVMU.US,5,20251211,205500,45.865,45.865,45.865,45.865,100,0
AVMU.US,5,20251211,210000,45.86,45.865,45.86,45.865,200,0
AVMU.US,5,20251211,211500,45.865,45.865,45.865,45.865,100,0
AVMU.US,5,20251211,212000,45.8289,45.8289,45.8289,45.8289,4110,0
AVMU.US,5,20251211,212500,45.84,45.84,45.84,45.84,100,0
AVMU.US,5,20251211,213000,45.86,45.86,45.86,45.86,100,0
AVMU.US,5,20251211,214500,45.86,45.87,45.85,45.85,1835,0
AVMU.US,5,20251212,153000,45.78,45.79,45.78,45.79,300,0
AVMU.US,5,20251212,161000,45.81,45.81,45.79,45.79,1984,0
AVMU.US,5,20251212,161500,45.76,45.79,45.76,45.79,2849,0
AVMU.US,5,20251212,163500,45.7975,45.7975,45.7975,45.7975,545,0
AVMU.US,5,20251212,170000,45.78,45.78,45.78,45.78,196,0
AVMU.US,5,20251212,174000,45.81,45.81,45.79,45.79,318,0
AVMU.US,5,20251212,180500,45.8,45.8,45.8,45.8,200,0
AVMU.US,5,20251212,181500,45.79,45.79,45.79,45.79,100,0
AVMU.US,5,20251212,192500,45.8,45.8,45.79,45.79,480,0
AVMU.US,5,20251212,204500,45.81,45.81,45.81,45.81,200,0
AVMU.US,5,20251212,205500,45.82,45.84,45.82,45.84,9684,0
AVMU.US,5,20251212,213500,45.815,45.8151,45.815,45.8151,524,0
AVMU.US,5,20251212,215500,45.85,45.85,45.85,45.85,200,0
AVMU.US,5,20251215,161000,45.84,45.849,45.84,45.849,443,0
AVMU.US,5,20251215,162500,45.84,45.88,45.84,45.86,1400,0
AVMU.US,5,20251215,163000,45.86,45.885,45.86,45.87,1900,0
AVMU.US,5,20251215,165000,45.91,45.91,45.865,45.865,240,0
AVMU.US,5,20251215,174000,45.88,45.91,45.88,45.91,300,0
AVMU.US,5,20251215,182500,45.94,45.95,45.94,45.95,428,0
AVMU.US,5,20251215,203000,45.945,45.945,45.93,45.945,600,0
AVMU.US,5,20251215,210500,45.91,45.91,45.91,45.91,600,0
AVMU.US,5,20251215,212500,45.9,45.9,45.9,45.9,3292,0
AVMU.US,5,20251215,213500,45.915,45.915,45.915,45.915,400,0
AVMU.US,5,20251215,214000,45.94,45.94,45.93,45.93,400,0
AVMU.US,5,20251215,214500,45.94,45.94,45.94,45.94,1358,0
AVMU.US,5,20251215,215500,45.92,45.92,45.92,45.92,200,0
AVMU.US,5,20251216,155000,45.74,45.74,45.74,45.74,450,0
AVMU.US,5,20251216,155500,45.72,45.72,45.72,45.72,100,0
AVMU.US,5,20251216,163000,45.775,45.81,45.775,45.81,2521,0
AVMU.US,5,20251216,165500,45.79,45.79,45.79,45.79,600,0
AVMU.US,5,20251216,170000,45.79,45.79,45.79,45.79,400,0
AVMU.US,5,20251216,172500,45.79,45.79,45.79,45.79,100,0
AVMU.US,5,20251216,181500,45.8109,45.8109,45.8109,45.8109,4123,0
AVMU.US,5,20251216,182000,45.828,45.828,45.828,45.828,100,0
AVMU.US,5,20251216,184500,45.805,45.805,45.805,45.805,100,0
AVMU.US,5,20251216,185500,45.8102,45.8102,45.8102,45.8102,949,0
AVMU.US,5,20251216,193500,45.83,45.83,45.8299,45.8299,1600,0
AVMU.US,5,20251216,211500,45.825,45.825,45.825,45.825,2175,0
AVMU.US,5,20251216,213500,45.83,45.83,45.83,45.83,549,0
AVMU.US,5,20251216,215500,45.86,45.86,45.86,45.86,200,0
AVMU.US,5,20251217,163500,45.92,45.92,45.92,45.92,100,0
AVMU.US,5,20251217,170000,45.94,45.94,45.925,45.925,200,0
AVMU.US,5,20251217,171500,45.915,45.915,45.915,45.915,900,0
AVMU.US,5,20251217,172000,45.915,45.915,45.915,45.915,2500,0
AVMU.US,5,20251217,183000,45.895,45.92,45.8706,45.919,2649,0
AVMU.US,5,20251217,184500,45.9075,45.92,45.9075,45.9199,2013,0
AVMU.US,5,20251217,202000,45.925,45.925,45.925,45.925,100,0
AVMU.US,5,20251217,203500,45.925,45.9251,45.9183,45.925,700,0
AVMU.US,5,20251217,213000,45.94,45.94,45.94,45.94,210,0
AVMU.US,5,20251217,215000,45.92,45.92,45.92,45.92,284,0
AVMU.US,5,20251218,154500,46.07,46.08,46.07,46.07,300,0
AVMU.US,5,20251218,173000,46.03,46.03,46.03,46.03,100,0
AVMU.US,5,20251218,185500,46.02,46.02,46,46.0199,3554,0
AVMU.US,5,20251218,190000,45.95,46.07,45.94,46.01,665,0
AVMU.US,5,20251218,191000,45.9914,46.01,45.9914,46.01,882,0
AVMU.US,5,20251218,194000,45.9958,45.9958,45.9958,45.9958,200,0
AVMU.US,5,20251218,210000,46.01,46.01,46.01,46.01,100,0
AVMU.US,5,20251218,212000,45.97,45.97,45.97,45.97,7420,0
AVMU.US,5,20251218,214500,45.9946,45.9946,45.9945,45.9945,1278,0
AVMU.US,5,20251219,153500,46.02,46.02,46.02,46.02,100,0
AVMU.US,5,20251219,154500,46.01,46.01,46.01,46.01,1006,0
AVMU.US,5,20251219,162000,46.02,46.09,46.02,46.06,21009,0
AVMU.US,5,20251219,163500,46.09,46.09,46.09,46.09,100,0
AVMU.US,5,20251219,164500,46.08,46.08,46.08,46.08,113,0
AVMU.US,5,20251219,170500,46.09,46.09,46.09,46.09,100,0
AVMU.US,5,20251219,182500,46.09,46.09,46.09,46.09,1952,0
AVMU.US,5,20251219,184000,46.1,46.108,46.1,46.108,1100,0
AVMU.US,5,20251219,185500,46.11,46.11,46.11,46.11,10175,0
AVMU.US,5,20251219,194000,46.085,46.085,46.085,46.085,1200,0
AVMU.US,5,20251219,211000,46.0921,46.0921,46.0921,46.0921,149,0
AVMU.US,5,20251222,153500,46.11,46.11,46.11,46.11,100,0
AVMU.US,5,20251222,154000,46.12,46.12,46.11,46.11,200,0
AVMU.US,5,20251222,160500,46.11,46.11,46.11,46.11,100,0
AVMU.US,5,20251222,161000,46.11,46.14,46.11,46.1358,1825,0
AVMU.US,5,20251222,173000,46.13,46.13,46.13,46.13,300,0
AVMU.US,5,20251222,190000,46.12,46.12,46.12,46.12,100,0
AVMU.US,5,20251222,193500,46.12,46.12,46.12,46.12,100,0
AVMU.US,5,20251222,201000,46.12,46.13,46.11,46.11,2160,0
AVMU.US,5,20251222,205500,46.13,46.13,46.13,46.13,200,0
AVMU.US,5,20251222,210500,46.11,46.13,46.11,46.1164,1420,0
AVMU.US,5,20251222,214500,46.11,46.11,46.11,46.11,260,0
AVMU.US,5,20251222,215500,46.12,46.12,46.12,46.12,100,0
