<TICKER>,<PER>,<DATE>,<TIME>,<OPEN>,<HIGH>,<LOW>,<CLOSE>,<VOL>,<OPENINT>
BRF.US,5,20250728,153500,14.3,14.3,14.3,14.3,147,0
BRF.US,5,20250728,192000,14.09,14.09,14.09,14.09,100,0
BRF.US,5,20250728,213000,14.08,14.14,14.08,14.14,17254,0
BRF.US,5,20250728,215500,14.12,14.12,14.12,14.12,122,0
BRF.US,5,20250729,185500,14.28,14.28,14.28,14.28,100,0
BRF.US,5,20250729,195000,14.22,14.22,14.22,14.22,111,0
BRF.US,5,20250730,153000,14.21,14.21,14.21,14.21,500,0
BRF.US,5,20250730,181500,14.035,14.035,14.035,14.035,100,0
BRF.US,5,20250730,191000,14.15,14.15,14.15,14.15,100,0
BRF.US,5,20250730,204500,14.46,14.46,14.46,14.46,200,0
BRF.US,5,20250730,210000,14.26,14.2601,14.232,14.232,300,0
BRF.US,5,20250731,153000,14.13,14.15,14.12,14.12,1000,0
BRF.US,5,20250731,154000,14.14,14.16,14.14,14.16,2800,0
BRF.US,5,20250731,171000,14.22,14.2489,14.22,14.2489,1000,0
BRF.US,5,20250731,175500,14.2665,14.2665,14.2665,14.2665,330,0
BRF.US,5,20250731,191000,14.18,14.18,14.18,14.18,100,0
BRF.US,5,20250731,192500,14.11,14.155,14.11,14.155,213,0
BRF.US,5,20250731,200500,14.11,14.11,14.11,14.11,100,0
BRF.US,5,20250731,204000,14.14,14.14,14.14,14.14,100,0
BRF.US,5,20250731,215000,14.1,14.1,14.1,14.1,100,0
BRF.US,5,20250731,215500,14.09,14.09,14.09,14.09,171,0
BRF.US,5,20250801,153000,14.45,14.45,14.45,14.45,300,0
BRF.US,5,20250801,155500,14.395,14.44,14.395,14.42,600,0
BRF.US,5,20250801,160000,14.445,14.445,14.445,14.445,691,0
BRF.US,5,20250801,160500,14.42,14.44,14.42,14.44,1087,0
BRF.US,5,20250801,171000,14.3798,14.3798,14.3798,14.3798,690,0
BRF.US,5,20250801,174000,14.2912,14.2912,14.2912,14.2912,1263,0
BRF.US,5,20250804,160500,14.4587,14.4587,14.44,14.44,200,0
BRF.US,5,20250804,161500,14.45,14.45,14.45,14.45,100,0
BRF.US,5,20250804,165500,14.4172,14.4172,14.4172,14.4172,300,0
BRF.US,5,20250804,174000,14.33,14.33,14.33,14.33,500,0
BRF.US,5,20250804,191000,14.33,14.33,14.33,14.33,100,0
BRF.US,5,20250804,202000,14.2865,14.2865,14.2865,14.2865,1325,0
BRF.US,5,20250804,205500,14.3128,14.3128,14.3128,14.3128,985,0
BRF.US,5,20250804,214000,14.325,14.325,14.325,14.325,100,0
BRF.US,5,20250804,214500,14.325,14.35,14.325,14.345,600,0
BRF.US,5,20250804,215000,14.345,14.345,14.345,14.345,100,0
BRF.US,5,20250805,153000,14.4,14.4,14.4,14.4,100,0
BRF.US,5,20250805,164000,14.39,14.39,14.39,14.39,100,0
BRF.US,5,20250805,192500,14.4,14.4,14.4,14.4,100,0
BRF.US,5,20250806,153000,14.64,14.64,14.64,14.64,204,0
BRF.US,5,20250806,162000,14.76,14.76,14.76,14.76,100,0
BRF.US,5,20250806,163000,14.669,14.669,14.669,14.669,100,0
BRF.US,5,20250806,193000,14.7,14.7,14.7,14.7,538,0
BRF.US,5,20250806,204500,14.77,14.77,14.77,14.77,100,0
BRF.US,5,20250806,215000,14.73,14.74,14.73,14.74,251,0
BRF.US,5,20250806,215500,14.81,14.81,14.72,14.72,1866,0
BRF.US,5,20250807,154000,14.9,14.9,14.9,14.9,400,0
BRF.US,5,20250807,154500,14.9,14.92,14.9,14.92,4432,0
BRF.US,5,20250807,160500,14.86,14.86,14.83,14.83,200,0
BRF.US,5,20250807,161000,14.84,14.86,14.84,14.84,3300,0
BRF.US,5,20250807,174500,14.88,14.88,14.88,14.88,100,0
BRF.US,5,20250807,183500,14.91,14.91,14.91,14.91,100,0
BRF.US,5,20250807,195000,14.88,14.88,14.88,14.88,100,0
BRF.US,5,20250807,205000,14.915,14.915,14.915,14.915,116,0
BRF.US,5,20250807,205500,14.93,14.93,14.93,14.93,100,0
BRF.US,5,20250807,213500,14.97,14.97,14.9693,14.9693,2594,0
BRF.US,5,20250807,214000,14.97,14.97,14.97,14.97,100,0
BRF.US,5,20250807,214500,15,15,14.96,14.96,200,0
BRF.US,5,20250807,215000,14.96,14.96,14.96,14.96,595,0
BRF.US,5,20250807,215500,14.93,14.97,14.93,14.97,600,0
BRF.US,5,20250808,155500,15.03,15.03,15.03,15.03,100,0
BRF.US,5,20250808,161000,15.02,15.02,15.02,15.02,694,0
BRF.US,5,20250808,164000,15.03,15.03,15.03,15.03,100,0
BRF.US,5,20250808,165000,15.0456,15.0456,15.02,15.02,350,0
BRF.US,5,20250808,174000,15.02,15.02,15.02,15.02,100,0
BRF.US,5,20250808,174500,15.02,15.02,15.02,15.02,1400,0
BRF.US,5,20250808,202000,14.98,14.98,14.98,14.98,100,0
BRF.US,5,20250808,204500,14.97,14.97,14.97,14.97,100,0
BRF.US,5,20250811,153000,14.83,14.89,14.83,14.85,900,0
BRF.US,5,20250811,172500,14.86,14.86,14.86,14.86,200,0
BRF.US,5,20250811,174000,14.9,14.9,14.9,14.9,300,0
BRF.US,5,20250811,185500,14.82,14.82,14.82,14.82,1100,0
BRF.US,5,20250811,190000,14.82,14.82,14.82,14.82,100,0
BRF.US,5,20250811,213500,14.82,14.82,14.82,14.82,300,0
BRF.US,5,20250811,214000,14.8,14.8,14.8,14.8,212,0
BRF.US,5,20250811,214500,14.7888,14.7888,14.7888,14.7888,150,0
BRF.US,5,20250811,215500,14.86,14.86,14.86,14.86,100,0
BRF.US,5,20250812,153000,15,15,15,15,482,0
BRF.US,5,20250812,184500,15.145,15.145,15.145,15.145,100,0
BRF.US,5,20250812,193500,15.13,15.13,15.13,15.13,250,0
BRF.US,5,20250812,214000,15.09,15.09,15.05,15.05,383,0
BRF.US,5,20250812,214500,15.09,15.09,15.06,15.06,227,0
BRF.US,5,20250812,215000,15.09,15.09,15.09,15.09,124,0
BRF.US,5,20250812,215500,15.06,15.06,15.06,15.06,300,0
BRF.US,5,20250813,211500,14.98,14.98,14.98,14.98,100,0
BRF.US,5,20250813,213500,14.975,14.975,14.975,14.975,100,0
BRF.US,5,20250814,153500,14.81,14.845,14.79,14.845,1695,0
BRF.US,5,20250814,204500,14.89,14.89,14.89,14.89,196,0
BRF.US,5,20250815,155000,15.0689,15.0689,15.0689,15.0689,190,0
BRF.US,5,20250815,162000,15.129,15.129,15.129,15.129,1000,0
BRF.US,5,20250815,165000,15.125,15.125,15.125,15.125,1000,0
BRF.US,5,20250815,180500,15.0827,15.0827,15.0827,15.0827,200,0
BRF.US,5,20250815,195000,15.035,15.035,15.035,15.035,1000,0
BRF.US,5,20250815,211500,15.06,15.06,15.05,15.06,900,0
BRF.US,5,20250815,215500,15.03,15.03,14.99,15,3700,0
BRF.US,5,20250818,153000,15.082,15.14,15.07,15.07,900,0
BRF.US,5,20250818,154500,15.0501,15.0501,15.0501,15.0501,150,0
BRF.US,5,20250818,171000,15.16,15.16,15.16,15.16,100,0
BRF.US,5,20250818,210500,15.09,15.09,15.09,15.09,100,0
BRF.US,5,20250819,153000,14.81,14.81,14.81,14.81,200,0
BRF.US,5,20250819,155000,14.81,14.81,14.81,14.81,300,0
BRF.US,5,20250819,170000,14.65,14.65,14.65,14.65,100,0
BRF.US,5,20250819,170500,14.7038,14.7038,14.65,14.65,300,0
BRF.US,5,20250819,174000,14.69,14.69,14.69,14.69,100,0
BRF.US,5,20250819,184000,14.6811,14.6811,14.6811,14.6811,1000,0
BRF.US,5,20250819,190000,14.68,14.68,14.68,14.68,100,0
BRF.US,5,20250819,203000,14.5952,14.5952,14.5952,14.5952,680,0
BRF.US,5,20250819,203500,14.62,14.64,14.54,14.54,1200,0
BRF.US,5,20250819,204000,14.59,14.59,14.586,14.586,1360,0
BRF.US,5,20250819,210000,14.56,14.56,14.56,14.56,100,0
BRF.US,5,20250819,214000,14.61,14.61,14.61,14.61,100,0
BRF.US,5,20250820,174500,14.615,14.615,14.615,14.615,100,0
BRF.US,5,20250820,192500,14.57,14.58,14.55,14.55,1207,0
BRF.US,5,20250820,204500,14.59,14.5901,14.59,14.5901,200,0
BRF.US,5,20250821,215500,14.58,14.58,14.58,14.58,100,0
BRF.US,5,20250822,174500,15.05,15.05,15.05,15.05,589,0
BRF.US,5,20250822,182500,15.125,15.125,15.125,15.125,100,0
BRF.US,5,20250822,184500,15.125,15.125,15.125,15.125,700,0
BRF.US,5,20250825,153000,15.21,15.21,15.21,15.21,767,0
BRF.US,5,20250825,175500,15.29,15.29,15.29,15.29,599,0
BRF.US,5,20250825,201500,15.3111,15.3111,15.3111,15.3111,300,0
BRF.US,5,20250825,203500,15.2718,15.2718,15.2718,15.2718,2264,0
BRF.US,5,20250826,170000,15.17,15.17,15.17,15.17,100,0
BRF.US,5,20250826,211500,15.1376,15.1376,15.1376,15.1376,100,0
BRF.US,5,20250827,170500,15.18,15.18,15.18,15.18,400,0
BRF.US,5,20250827,195500,15.295,15.295,15.295,15.295,223,0
BRF.US,5,20250827,201500,15.315,15.315,15.315,15.315,105,0
BRF.US,5,20250828,153000,15.4,15.4,15.4,15.4,100,0
BRF.US,5,20250828,205000,15.652,15.652,15.64,15.64,200,0
BRF.US,5,20250829,155500,15.62,15.62,15.62,15.62,100,0
BRF.US,5,20250829,160500,15.63,15.63,15.63,15.63,100,0
BRF.US,5,20250829,161500,15.64,15.64,15.64,15.64,600,0
BRF.US,5,20250829,172500,15.6377,15.6377,15.6377,15.6377,190,0
BRF.US,5,20250902,155500,15.4131,15.4131,15.4131,15.4131,3240,0
BRF.US,5,20250902,162000,15.41,15.41,15.41,15.41,100,0
BRF.US,5,20250902,173500,15.38,15.38,15.38,15.38,100,0
BRF.US,5,20250902,185500,15.4598,15.4598,15.4598,15.4598,100,0
BRF.US,5,20250902,190000,15.5293,15.5293,15.5293,15.5293,1610,0
BRF.US,5,20250902,195500,15.41,15.41,15.41,15.41,100,0
BRF.US,5,20250902,213500,15.3301,15.375,15.3301,15.375,2716,0
BRF.US,5,20250903,153000,15.37,15.37,15.37,15.37,100,0
BRF.US,5,20250903,153500,15.37,15.37,15.34,15.34,200,0
BRF.US,5,20250903,161000,15.44,15.47,15.44,15.47,1678,0
BRF.US,5,20250903,165500,15.38,15.38,15.38,15.38,100,0
BRF.US,5,20250904,161500,15.4,15.4,15.4,15.4,100,0
BRF.US,5,20250904,163000,15.4848,15.4848,15.4848,15.4848,150,0
BRF.US,5,20250904,174000,15.4286,15.4286,15.4286,15.4286,100,0
BRF.US,5,20250904,191000,15.47,15.47,15.47,15.47,387,0
BRF.US,5,20250904,214500,15.57,15.57,15.57,15.57,100,0
BRF.US,5,20250904,215500,15.55,15.57,15.55,15.57,236,0
BRF.US,5,20250905,155000,15.95,15.95,15.95,15.95,430,0
BRF.US,5,20250905,160500,16,16,16,16,2100,0
BRF.US,5,20250905,161000,15.97,15.97,15.97,15.97,109,0
BRF.US,5,20250905,164000,15.78,15.78,15.78,15.78,100,0
BRF.US,5,20250905,165500,15.79,15.79,15.79,15.79,200,0
BRF.US,5,20250905,194000,15.85,15.85,15.85,15.85,750,0
BRF.US,5,20250905,201000,15.86,15.86,15.86,15.86,122,0
BRF.US,5,20250905,215500,15.87,15.87,15.87,15.87,248,0
BRF.US,5,20250908,180500,15.69,15.69,15.69,15.69,5692,0
BRF.US,5,20250908,183000,15.67,15.6701,15.67,15.6701,236,0
BRF.US,5,20250908,205000,15.725,15.725,15.725,15.725,2000,0
BRF.US,5,20250908,215500,15.75,15.75,15.75,15.75,330,0
BRF.US,5,20250909,194000,15.6617,15.6617,15.6617,15.6617,200,0
BRF.US,5,20250910,153000,15.75,15.75,15.75,15.75,2500,0
BRF.US,5,20250910,161500,15.89,15.908,15.89,15.908,300,0
BRF.US,5,20250910,174500,15.865,15.865,15.865,15.865,400,0
BRF.US,5,20250910,180500,15.92,15.92,15.92,15.92,26156,0
BRF.US,5,20250910,210500,15.86,15.86,15.8496,15.8496,2000,0
BRF.US,5,20250910,215500,15.84,15.84,15.84,15.84,573,0
BRF.US,5,20250911,160000,16.07,16.07,16.05,16.05,200,0
BRF.US,5,20250911,161000,16.1,16.1,16.1,16.1,200,0
BRF.US,5,20250911,163000,16.1,16.1,16.1,16.1,100,0
BRF.US,5,20250912,153000,16.1,16.1,16.1,16.1,977,0
BRF.US,5,20250912,155000,16.1109,16.1109,16.1109,16.1109,100,0
BRF.US,5,20250912,155500,16.13,16.15,16.13,16.15,500,0
BRF.US,5,20250912,163000,16.19,16.19,16.16,16.16,400,0
BRF.US,5,20250912,190000,16.2348,16.2348,16.2348,16.2348,500,0
BRF.US,5,20250912,191000,16.2,16.216,16.2,16.216,200,0
BRF.US,5,20250912,203000,16.2699,16.2699,16.2699,16.2699,1000,0
BRF.US,5,20250912,204000,16.2,16.2,16.2,16.2,217,0
BRF.US,5,20250912,212500,16.23,16.23,16.19,16.19,2256,0
BRF.US,5,20250912,213000,16.2193,16.2193,16.2193,16.2193,200,0
BRF.US,5,20250912,214500,16.202,16.202,16.202,16.202,200,0
BRF.US,5,20250915,154000,16.355,16.355,16.355,16.355,200,0
BRF.US,5,20250915,160000,16.385,16.385,16.385,16.385,300,0
BRF.US,5,20250915,160500,16.37,16.37,16.37,16.37,100,0
BRF.US,5,20250915,175500,16.41,16.41,16.41,16.41,100,0
BRF.US,5,20250915,192000,16.4152,16.4152,16.4152,16.4152,200,0
BRF.US,5,20250915,204000,16.44,16.44,16.44,16.44,100,0
BRF.US,5,20250915,214500,16.395,16.395,16.395,16.395,100,0
BRF.US,5,20250915,215500,16.41,16.41,16.41,16.41,102,0
BRF.US,5,20250916,153000,16.48,16.53,16.48,16.53,1498,0
BRF.US,5,20250916,183500,16.42,16.42,16.42,16.42,17947,0
BRF.US,5,20250916,212000,16.45,16.45,16.45,16.45,200,0
BRF.US,5,20250917,153000,16.53,16.53,16.53,16.53,100,0
BRF.US,5,20250917,161500,16.66,16.66,16.66,16.66,350,0
BRF.US,5,20250917,164500,16.6,16.6,16.6,16.6,350,0
BRF.US,5,20250917,170500,16.6399,16.6399,16.6399,16.6399,500,0
BRF.US,5,20250917,183000,16.575,16.61,16.575,16.61,6740,0
BRF.US,5,20250917,212000,16.595,16.595,16.54,16.54,14388,0
BRF.US,5,20250917,213000,16.54,16.54,16.53,16.53,304,0
BRF.US,5,20250918,153500,16.51,16.5101,16.46,16.48,800,0
BRF.US,5,20250918,154500,16.46,16.46,16.46,16.46,100,0
BRF.US,5,20250918,195500,16.5258,16.5258,16.5258,16.5258,700,0
BRF.US,5,20250918,204500,16.56,16.56,16.56,16.56,102,0
BRF.US,5,20250918,211500,16.495,16.495,16.495,16.495,111,0
BRF.US,5,20250919,153500,16.31,16.33,16.3,16.305,5500,0
BRF.US,5,20250919,160000,16.32,16.32,16.32,16.32,100,0
BRF.US,5,20250919,194000,16.3411,16.3411,16.3411,16.3411,100,0
BRF.US,5,20250919,215000,16.3985,16.3985,16.3985,16.3985,100,0
BRF.US,5,20250922,161500,16.045,16.045,16.045,16.045,170,0
BRF.US,5,20250922,171500,16.03,16.04,16.03,16.04,900,0
BRF.US,5,20250922,194000,16.24,16.24,16.24,16.24,100,0
BRF.US,5,20250922,213000,16.23,16.23,16.23,16.23,5000,0
BRF.US,5,20250923,153500,16.31,16.32,16.31,16.32,300,0
BRF.US,5,20250923,161500,16.4333,16.4333,16.41,16.41,5366,0
BRF.US,5,20250923,163500,16.39,16.39,16.39,16.39,270,0
BRF.US,5,20250923,164000,16.475,16.475,16.475,16.475,760,0
BRF.US,5,20250923,170500,16.54,16.54,16.54,16.54,100,0
BRF.US,5,20250923,173500,16.48,16.48,16.48,16.48,100,0
BRF.US,5,20250923,174000,16.49,16.49,16.49,16.49,100,0
BRF.US,5,20250923,175000,16.47,16.48,16.47,16.48,300,0
BRF.US,5,20250923,180500,16.505,16.505,16.505,16.505,494,0
BRF.US,5,20250923,181000,16.49,16.495,16.47,16.47,5600,0
BRF.US,5,20250923,183000,16.5,16.5,16.48,16.48,1000,0
BRF.US,5,20250923,183500,16.49,16.49,16.49,16.49,100,0
BRF.US,5,20250923,184000,16.48,16.4801,16.48,16.4801,200,0
BRF.US,5,20250923,214000,16.51,16.51,16.51,16.51,2100,0
BRF.US,5,20250924,163000,16.48,16.48,16.48,16.48,1200,0
BRF.US,5,20250924,165000,16.48,16.48,16.48,16.48,200,0
BRF.US,5,20250924,174000,16.44,16.44,16.44,16.44,1000,0
BRF.US,5,20250924,175000,16.47,16.47,16.4274,16.4274,947,0
BRF.US,5,20250924,181000,16.43,16.43,16.43,16.43,100,0
BRF.US,5,20250924,185000,16.44,16.44,16.44,16.44,100,0
BRF.US,5,20250925,154000,16.31,16.31,16.31,16.31,180,0
BRF.US,5,20250925,160000,16.25,16.25,16.25,16.25,400,0
BRF.US,5,20250925,160500,16.2152,16.2152,16.2152,16.2152,500,0
BRF.US,5,20250925,161000,16.2,16.2,16.2,16.2,1000,0
BRF.US,5,20250925,170000,16.1606,16.1606,16.1606,16.1606,104,0
BRF.US,5,20250925,173000,16.19,16.19,16.19,16.19,26156,0
BRF.US,5,20250925,174000,16.2275,16.2275,16.2275,16.2275,333,0
BRF.US,5,20250926,153000,16.135,16.135,16.135,16.135,100,0
BRF.US,5,20250926,162000,16.1798,16.1798,16.1798,16.1798,100,0
BRF.US,5,20250926,175000,16.1895,16.1895,16.1895,16.1895,1250,0
BRF.US,5,20250926,180500,16.15,16.15,16.15,16.15,100,0
BRF.US,5,20250926,193500,16.195,16.23,16.195,16.225,900,0
BRF.US,5,20250929,155500,16.42,16.425,16.42,16.425,200,0
BRF.US,5,20250929,160000,16.435,16.435,16.435,16.435,112,0
BRF.US,5,20250929,160500,16.39,16.39,16.39,16.39,100,0
BRF.US,5,20250929,161000,16.39,16.39,16.39,16.39,300,0
BRF.US,5,20250929,180000,16.3234,16.3234,16.3234,16.3234,123,0
BRF.US,5,20250929,212000,16.38,16.38,16.38,16.38,129,0
BRF.US,5,20250929,213000,16.365,16.3651,16.365,16.365,800,0
BRF.US,5,20250929,213500,16.365,16.365,16.365,16.365,300,0
BRF.US,5,20250930,174500,16.2622,16.2622,16.2622,16.2622,500,0
BRF.US,5,20251001,173500,16.145,16.145,16.145,16.145,100,0
BRF.US,5,20251001,184500,16.2195,16.2195,16.2195,16.2195,100,0
BRF.US,5,20251001,211000,16.2494,16.2494,16.2494,16.2494,100,0
BRF.US,5,20251002,154000,16.16,16.16,16.16,16.16,100,0
BRF.US,5,20251002,160500,16.1,16.1,16.1,16.1,484,0
BRF.US,5,20251002,163000,16,16,16,16,100,0
BRF.US,5,20251002,171500,15.9145,15.9145,15.9145,15.9145,100,0
BRF.US,5,20251002,175000,15.85,15.851,15.85,15.851,685,0
BRF.US,5,20251002,175500,15.8551,15.8551,15.8551,15.8551,175,0
BRF.US,5,20251002,201500,15.99,15.99,15.99,15.99,100,0
BRF.US,5,20251002,213500,15.9909,15.9909,15.9909,15.9909,312,0
BRF.US,5,20251003,153000,15.9,15.9,15.9,15.9,2100,0
BRF.US,5,20251003,160500,15.95,15.95,15.9499,15.9499,400,0
BRF.US,5,20251003,165500,15.915,15.915,15.915,15.915,100,0
BRF.US,5,20251003,180000,15.9394,15.9394,15.9394,15.9394,100,0
BRF.US,5,20251003,181500,15.95,15.95,15.95,15.95,100,0
BRF.US,5,20251003,191000,15.99,15.99,15.99,15.99,100,0
BRF.US,5,20251006,175500,15.97,15.97,15.97,15.97,250,0
BRF.US,5,20251006,182000,15.96,15.96,15.95,15.95,630,0
BRF.US,5,20251006,191000,16.0699,16.0699,16.0682,16.0682,963,0
BRF.US,5,20251007,191000,15.62,15.62,15.61,15.61,3400,0
BRF.US,5,20251007,191500,15.6,15.6,15.6,15.6,100,0
BRF.US,5,20251007,192000,15.6099,15.6099,15.6099,15.6099,100,0
BRF.US,5,20251007,192500,15.61,15.62,15.61,15.61,3100,0
BRF.US,5,20251007,195500,15.6,15.6,15.6,15.6,701,0
BRF.US,5,20251007,215000,15.68,15.68,15.68,15.68,100,0
BRF.US,5,20251007,215500,15.724,15.724,15.724,15.724,320,0
BRF.US,5,20251008,162000,15.7313,15.7313,15.7313,15.7313,100,0
BRF.US,5,20251008,170500,15.8,15.8,15.8,15.8,500,0
BRF.US,5,20251008,175000,15.82,15.82,15.82,15.82,154,0
BRF.US,5,20251008,182000,15.83,15.83,15.83,15.83,100,0
BRF.US,5,20251008,205500,15.75,15.75,15.75,15.75,100,0
BRF.US,5,20251008,213000,15.78,15.78,15.78,15.78,190,0
BRF.US,5,20251008,213500,15.757,15.757,15.73,15.73,526,0
BRF.US,5,20251009,154500,15.7,15.7,15.7,15.7,300,0
BRF.US,5,20251009,155500,15.7,15.7,15.68,15.69,2240,0
BRF.US,5,20251009,160000,15.6775,15.6775,15.6775,15.6775,680,0
BRF.US,5,20251009,160500,15.67,15.67,15.67,15.67,255,0
BRF.US,5,20251009,163500,15.61,15.61,15.61,15.61,372,0
BRF.US,5,20251009,170500,15.62,15.62,15.62,15.62,100,0
BRF.US,5,20251009,201000,15.48,15.48,15.48,15.48,100,0
BRF.US,5,20251009,202500,15.52,15.52,15.52,15.52,100,0
BRF.US,5,20251009,205000,15.48,15.48,15.48,15.48,100,0
BRF.US,5,20251009,215500,15.55,15.55,15.55,15.55,547,0
BRF.US,5,20251010,153500,15.45,15.45,15.45,15.45,299,0
BRF.US,5,20251010,172500,15.08,15.08,15.08,15.08,100,0
BRF.US,5,20251010,173000,15.01,15.01,15.01,15.01,200,0
BRF.US,5,20251010,174500,15.03,15.03,15.03,15.03,100,0
BRF.US,5,20251010,175000,15.08,15.08,15.08,15.08,100,0
BRF.US,5,20251010,175500,15.06,15.06,15.06,15.06,100,0
BRF.US,5,20251010,181000,14.952,14.952,14.952,14.952,100,0
BRF.US,5,20251010,182000,14.9013,14.9013,14.9013,14.9013,2000,0
BRF.US,5,20251010,215500,14.96,14.96,14.96,14.96,100,0
BRF.US,5,20251013,154500,15.16,15.16,15.16,15.16,100,0
BRF.US,5,20251013,160000,15.18,15.18,15.18,15.18,100,0
BRF.US,5,20251013,180500,15.2891,15.2891,15.2891,15.2891,145,0
BRF.US,5,20251013,185000,15.28,15.28,15.28,15.28,100,0
BRF.US,5,20251013,193500,15.28,15.28,15.28,15.28,100,0
BRF.US,5,20251014,160000,15.11,15.11,15.11,15.11,650,0
BRF.US,5,20251014,160500,15.1065,15.1065,15.1065,15.1065,1021,0
BRF.US,5,20251014,172500,15.222,15.222,15.222,15.222,149,0
BRF.US,5,20251014,184500,15.3587,15.3587,15.3587,15.3587,500,0
BRF.US,5,20251014,202500,15.28,15.28,15.28,15.28,100,0
BRF.US,5,20251015,181500,15.46,15.46,15.46,15.46,500,0
BRF.US,5,20251015,195500,15.46,15.46,15.46,15.46,100,0
BRF.US,5,20251015,202500,15.485,15.485,15.485,15.485,100,0
BRF.US,5,20251015,203000,15.4738,15.4738,15.4738,15.4738,200,0
BRF.US,5,20251016,153000,15.37,15.37,15.37,15.37,100,0
BRF.US,5,20251016,213000,15.345,15.345,15.345,15.345,100,0
BRF.US,5,20251016,214000,15.3484,15.3484,15.3484,15.3484,400,0
BRF.US,5,20251017,190000,15.46,15.46,15.46,15.46,100,0
BRF.US,5,20251020,153000,15.702,15.73,15.7,15.7,1300,0
BRF.US,5,20251020,174500,15.91,15.92,15.91,15.92,500,0
BRF.US,5,20251020,213000,15.8334,15.8334,15.8334,15.8334,1400,0
BRF.US,5,20251021,153500,15.645,15.645,15.645,15.645,426,0
BRF.US,5,20251021,154000,15.593,15.593,15.59,15.59,312,0
BRF.US,5,20251021,181000,15.82,15.82,15.82,15.82,2000,0
BRF.US,5,20251021,185500,15.77,15.77,15.77,15.77,221,0
BRF.US,5,20251021,201500,15.76,15.76,15.76,15.76,100,0
BRF.US,5,20251021,215500,15.71,15.71,15.71,15.71,120,0
BRF.US,5,20251022,163500,15.74,15.74,15.74,15.74,100,0
BRF.US,5,20251022,201500,15.6115,15.6115,15.6115,15.6115,732,0
BRF.US,5,20251022,210500,15.73,15.73,15.73,15.73,100,0
BRF.US,5,20251022,215000,15.71,15.71,15.71,15.71,100,0
BRF.US,5,20251022,215500,15.71,15.71,15.71,15.71,570,0
BRF.US,5,20251024,175500,16.0304,16.065,16.03,16.065,700,0
BRF.US,5,20251024,180000,16.08,16.08,16.065,16.065,200,0
BRF.US,5,20251024,180500,16.041,16.041,16.04,16.04,700,0
BRF.US,5,20251024,185000,16,16,16,16,100,0
BRF.US,5,20251024,215500,15.95,15.95,15.95,15.95,201,0
BRF.US,5,20251027,143000,16.15,16.15,16.15,16.15,119,0
BRF.US,5,20251027,150000,16.14,16.14,16.14,16.14,100,0
BRF.US,5,20251027,165000,16.121,16.121,16.121,16.121,500,0
BRF.US,5,20251027,181000,16.16,16.16,16.16,16.16,300,0
BRF.US,5,20251027,184000,16.1683,16.1683,16.1683,16.1683,154,0
BRF.US,5,20251027,204500,16.17,16.175,16.17,16.175,350,0
BRF.US,5,20251028,154500,16.08,16.08,16.08,16.08,691,0
BRF.US,5,20251028,164000,16.15,16.15,16.15,16.15,622,0
BRF.US,5,20251028,173000,16.15,16.15,16.15,16.15,100,0
BRF.US,5,20251028,205500,16.16,16.16,16.16,16.16,211,0
BRF.US,5,20251029,164000,16.278,16.278,16.278,16.278,151,0
BRF.US,5,20251031,172500,16.27,16.27,16.27,16.27,100,0
BRF.US,5,20251031,204500,16.3116,16.3116,16.3116,16.3116,115,0
BRF.US,5,20251103,153000,16.36,16.36,16.36,16.36,155,0
BRF.US,5,20251103,202500,16.3,16.3,16.3,16.3,3000,0
BRF.US,5,20251103,215500,16.3,16.3,16.3,16.3,146,0
BRF.US,5,20251104,155500,16.2,16.225,16.2,16.225,500,0
BRF.US,5,20251104,163000,16.2,16.2,16.2,16.2,1000,0
BRF.US,5,20251104,214000,16.22,16.22,16.22,16.22,200,0
BRF.US,5,20251104,215500,16.23,16.23,16.23,16.23,191,0
BRF.US,5,20251105,155500,16.405,16.42,16.405,16.42,366,0
BRF.US,5,20251105,171500,16.53,16.53,16.53,16.53,100,0
BRF.US,5,20251105,180000,16.56,16.56,16.56,16.56,800,0
BRF.US,5,20251105,181000,16.56,16.56,16.56,16.56,100,0
BRF.US,5,20251105,181500,16.56,16.56,16.56,16.56,1900,0
BRF.US,5,20251105,183000,16.555,16.555,16.555,16.555,362,0
BRF.US,5,20251105,203000,16.6,16.6,16.6,16.6,100,0
BRF.US,5,20251105,211500,16.5501,16.59,16.5501,16.59,1000,0
BRF.US,5,20251105,215500,16.625,16.625,16.625,16.625,301,0
BRF.US,5,20251106,161500,16.43,16.43,16.43,16.43,100,0
BRF.US,5,20251106,194000,16.478,16.478,16.478,16.478,119,0
BRF.US,5,20251106,195500,16.45,16.46,16.45,16.46,2500,0
BRF.US,5,20251107,161500,16.4,16.4,16.38,16.4,2062,0
BRF.US,5,20251107,190000,16.4595,16.465,16.4595,16.465,200,0
BRF.US,5,20251107,201500,16.5116,16.5116,16.5116,16.5116,200,0
BRF.US,5,20251110,160500,16.65,16.65,16.65,16.65,100,0
BRF.US,5,20251110,162000,16.56,16.57,16.56,16.57,600,0
BRF.US,5,20251110,164000,16.634,16.634,16.634,16.634,200,0
BRF.US,5,20251110,180000,16.59,16.59,16.59,16.59,603,0
BRF.US,5,20251111,164500,17.0802,17.0802,17.0802,17.0802,290,0
BRF.US,5,20251111,171000,17.09,17.09,17.09,17.09,2500,0
BRF.US,5,20251111,174000,17.11,17.11,17.11,17.11,100,0
BRF.US,5,20251111,175000,17.1015,17.1015,17.1015,17.1015,150,0
BRF.US,5,20251111,183500,17.09,17.09,17.09,17.09,100,0
BRF.US,5,20251111,192000,17.105,17.105,17.105,17.105,205,0
BRF.US,5,20251111,194000,17.14,17.14,17.14,17.14,204,0
BRF.US,5,20251111,201000,17.14,17.14,17.1399,17.1399,582,0
BRF.US,5,20251111,210000,17.14,17.14,17.14,17.14,100,0
BRF.US,5,20251111,212500,17.155,17.155,17.155,17.155,117,0
BRF.US,5,20251111,215500,17.155,17.155,17.155,17.155,100,0
BRF.US,5,20251112,181500,17.09,17.09,17.09,17.09,100,0
BRF.US,5,20251112,205000,17.1428,17.1428,17.1428,17.1428,150,0
BRF.US,5,20251112,213500,17.11,17.11,17.0895,17.0895,610,0
BRF.US,5,20251112,215500,17.19,17.19,17.19,17.19,102,0
BRF.US,5,20251113,195500,17.035,17.035,17.035,17.035,100,0
BRF.US,5,20251113,201500,16.9683,16.9683,16.9683,16.9683,100,0
BRF.US,5,20251113,211000,16.97,16.97,16.97,16.97,100,0
BRF.US,5,20251113,211500,16.942,16.942,16.942,16.942,150,0
BRF.US,5,20251114,153000,16.93,16.96,16.93,16.96,2431,0
BRF.US,5,20251114,160500,17.06,17.06,17.06,17.06,100,0
BRF.US,5,20251114,162500,17.12,17.12,17.1,17.1,2439,0
BRF.US,5,20251114,165000,17.2023,17.2023,17.2023,17.2023,146,0
BRF.US,5,20251114,172500,17.14,17.14,17.14,17.14,100,0
BRF.US,5,20251114,174500,17.14,17.14,17.14,17.14,100,0
BRF.US,5,20251114,183500,17.1752,17.1752,17.1752,17.1752,115,0
BRF.US,5,20251114,194000,17.1,17.1001,17.1,17.1001,440,0
BRF.US,5,20251114,204500,17.08,17.08,17.08,17.08,100,0
BRF.US,5,20251117,155000,16.96,16.96,16.96,16.96,117,0
BRF.US,5,20251117,160000,16.91,16.91,16.89,16.91,400,0
BRF.US,5,20251117,161000,16.92,16.9201,16.92,16.9201,200,0
BRF.US,5,20251117,183500,17.0236,17.0236,17.0236,17.0236,530,0
BRF.US,5,20251117,204000,16.782,16.79,16.77,16.78,1400,0
BRF.US,5,20251117,211000,16.7511,16.7511,16.7511,16.7511,982,0
BRF.US,5,20251117,211500,16.75,16.75,16.75,16.75,900,0
BRF.US,5,20251117,213000,16.75,16.8088,16.75,16.8088,2015,0
BRF.US,5,20251117,214000,16.74,16.74,16.74,16.74,100,0
BRF.US,5,20251118,155500,16.72,16.72,16.72,16.72,100,0
BRF.US,5,20251118,164000,16.7776,16.7776,16.7776,16.7776,100,0
BRF.US,5,20251118,172000,16.8128,16.8128,16.8128,16.8128,200,0
BRF.US,5,20251118,182000,16.86,16.86,16.834,16.834,445,0
BRF.US,5,20251118,183000,16.81,16.81,16.81,16.81,135,0
BRF.US,5,20251118,184000,16.88,16.88,16.88,16.88,3800,0
BRF.US,5,20251118,184500,16.88,16.89,16.88,16.89,790,0
BRF.US,5,20251118,185500,16.895,16.895,16.895,16.895,200,0
BRF.US,5,20251118,190000,16.895,16.895,16.895,16.895,100,0
BRF.US,5,20251119,160500,16.78,16.78,16.78,16.78,100,0
BRF.US,5,20251119,173500,16.78,16.83,16.7624,16.7624,2400,0
BRF.US,5,20251119,190000,16.77,16.77,16.77,16.77,100,0
BRF.US,5,20251119,202500,16.72,16.7201,16.72,16.7201,400,0
BRF.US,5,20251119,211000,16.72,16.72,16.72,16.72,100,0
BRF.US,5,20251119,211500,16.7897,16.7897,16.7897,16.7897,897,0
BRF.US,5,20251120,155500,17.0699,17.0699,17.0699,17.0699,150,0
BRF.US,5,20251120,172000,16.89,16.89,16.88,16.88,433,0
BRF.US,5,20251120,182000,16.6001,16.6544,16.6,16.6,7680,0
BRF.US,5,20251120,192500,16.59,16.59,16.59,16.59,100,0
BRF.US,5,20251120,194500,16.535,16.5764,16.535,16.5764,346,0
BRF.US,5,20251120,210000,16.56,16.5601,16.56,16.5601,1400,0
BRF.US,5,20251120,215000,16.41,16.41,16.41,16.41,100,0
BRF.US,5,20251120,215500,16.41,16.4195,16.4,16.4195,3224,0
BRF.US,5,20251121,161000,16.34,16.441,16.321,16.441,907,0
BRF.US,5,20251121,162500,16.42,16.44,16.42,16.42,700,0
BRF.US,5,20251124,155000,16.655,16.655,16.655,16.655,117,0
BRF.US,5,20251124,161000,16.62,16.65,16.61,16.61,1000,0
BRF.US,5,20251124,175500,16.66,16.66,16.66,16.66,1000,0
BRF.US,5,20251124,191500,16.5901,16.63,16.5901,16.6,3700,0
BRF.US,5,20251124,212000,16.67,16.67,16.67,16.67,100,0
BRF.US,5,20251124,213000,16.67,16.67,16.67,16.67,100,0
BRF.US,5,20251124,214000,16.67,16.67,16.67,16.67,100,0
BRF.US,5,20251124,215500,16.6803,16.6803,16.6803,16.6803,600,0
BRF.US,5,20251125,153500,16.69,16.69,16.69,16.69,100,0
BRF.US,5,20251125,155000,16.59,16.59,16.59,16.59,400,0
BRF.US,5,20251125,160000,16.675,16.675,16.675,16.675,100,0
BRF.US,5,20251125,173500,16.765,16.765,16.765,16.765,200,0
BRF.US,5,20251125,200000,16.88,16.88,16.88,16.88,100,0
BRF.US,5,20251126,171000,17.1,17.1,17.1,17.1,300,0
BRF.US,5,20251126,173500,17.2,17.2,17.2,17.2,100,0
BRF.US,5,20251126,175500,17.2033,17.2033,17.2033,17.2033,154,0
BRF.US,5,20251126,182500,17.17,17.17,17.17,17.17,500,0
BRF.US,5,20251128,154500,17.3,17.3,17.3,17.3,100,0
BRF.US,5,20251128,155500,17.35,17.35,17.35,17.35,2812,0
BRF.US,5,20251128,175000,17.44,17.44,17.44,17.44,200,0
BRF.US,5,20251128,175500,17.45,17.45,17.45,17.45,100,0
BRF.US,5,20251128,180000,17.48,17.48,17.48,17.48,200,0
BRF.US,5,20251128,182500,17.49,17.49,17.49,17.49,200,0
BRF.US,5,20251128,185500,17.51,17.51,17.5,17.5,279,0
BRF.US,5,20251128,190000,17.55,17.55,17.55,17.55,101,0
BRF.US,5,20251201,153500,17.5,17.5,17.48,17.48,211,0
BRF.US,5,20251201,155000,17.4712,17.55,17.4712,17.55,379,0
BRF.US,5,20251201,170000,17.5,17.5,17.5,17.5,100,0
BRF.US,5,20251201,175500,17.445,17.445,17.445,17.445,100,0
BRF.US,5,20251201,182500,17.4895,17.4895,17.4895,17.4895,990,0
BRF.US,5,20251201,184500,17.5,17.5,17.5,17.5,100,0
BRF.US,5,20251201,211500,17.49,17.49,17.49,17.49,100,0
BRF.US,5,20251201,212000,17.53,17.53,17.53,17.53,100,0
BRF.US,5,20251202,162500,17.6406,17.6406,17.6406,17.6406,108,0
BRF.US,5,20251202,170000,17.605,17.605,17.605,17.605,146,0
BRF.US,5,20251202,171500,17.65,17.67,17.63,17.63,1081,0
BRF.US,5,20251202,213000,17.75,17.75,17.75,17.75,1000,0
BRF.US,5,20251203,153500,17.99,17.99,17.99,17.99,100,0
BRF.US,5,20251203,164500,17.9499,17.9499,17.9499,17.9499,100,0
BRF.US,5,20251203,165000,17.94,17.94,17.94,17.94,100,0
BRF.US,5,20251203,181500,17.965,17.965,17.965,17.965,100,0
BRF.US,5,20251203,191500,17.96,17.96,17.96,17.96,500,0
BRF.US,5,20251203,193500,17.92,17.922,17.9,17.9,500,0
BRF.US,5,20251203,205500,17.8695,17.8695,17.8695,17.8695,275,0
BRF.US,5,20251203,210000,17.93,17.93,17.93,17.93,600,0
BRF.US,5,20251204,154500,18.17,18.17,18.17,18.17,100,0
BRF.US,5,20251204,155500,18.21,18.22,18.165,18.22,6123,0
BRF.US,5,20251204,160500,18.2194,18.2194,18.2194,18.2194,100,0
BRF.US,5,20251204,161500,18.1873,18.1873,18.1873,18.1873,100,0
BRF.US,5,20251204,163000,18.18,18.18,18.18,18.18,150,0
BRF.US,5,20251204,174000,18.14,18.14,18.14,18.14,200,0
BRF.US,5,20251204,190500,18.1284,18.1284,18.1284,18.1284,1000,0
BRF.US,5,20251204,191000,18.162,18.162,18.162,18.162,100,0
BRF.US,5,20251204,211500,18.1897,18.1897,18.1897,18.1897,548,0
BRF.US,5,20251205,161500,18.0295,18.09,18.0295,18.09,900,0
BRF.US,5,20251205,164500,18.04,18.04,18.04,18.04,700,0
BRF.US,5,20251205,211000,16.96,16.986172,16.96,16.985913,1413,0
BRF.US,5,20251208,182000,17.005,17.005,17.005,17.005,827,0
BRF.US,5,20251208,183000,17.07,17.07,17.07,17.07,100,0
BRF.US,5,20251209,154000,16.575,16.575,16.575,16.575,131,0
BRF.US,5,20251209,163500,16.8661,16.8661,16.8661,16.8661,149,0
BRF.US,5,20251209,164000,16.87,16.87,16.87,16.87,100,0
BRF.US,5,20251209,170500,16.81,16.81,16.81,16.81,100,0
BRF.US,5,20251209,171000,16.79,16.79,16.79,16.79,100,0
BRF.US,5,20251209,173500,16.83,16.83,16.83,16.83,100,0
BRF.US,5,20251209,174000,16.79,16.79,16.79,16.79,100,0
BRF.US,5,20251209,215500,16.86,16.86,16.86,16.86,100,0
BRF.US,5,20251210,163000,16.73,16.73,16.66,16.66,1334,0
BRF.US,5,20251210,185000,16.71,16.71,16.71,16.71,240,0
BRF.US,5,20251210,193000,16.725,16.725,16.725,16.725,277,0
BRF.US,5,20251210,210000,16.85,16.85,16.85,16.85,100,0
BRF.US,5,20251211,160500,17.1,17.1,17.1,17.1,100,0
BRF.US,5,20251211,161500,17.1405,17.1405,17.1405,17.1405,250,0
BRF.US,5,20251211,162000,17.19,17.2,17.19,17.2,1008,0
BRF.US,5,20251211,173500,17.15,17.15,17.15,17.15,500,0
BRF.US,5,20251211,181000,17.2,17.2,17.2,17.2,2500,0
BRF.US,5,20251211,182000,17.155,17.155,17.155,17.155,1000,0
BRF.US,5,20251211,195000,17.1296,17.1296,17.1296,17.1296,100,0
BRF.US,5,20251211,215000,17.095,17.095,17.095,17.095,206,0
BRF.US,5,20251212,161500,17.15,17.15,17.15,17.15,1000,0
BRF.US,5,20251212,170500,17.13,17.14,17.13,17.14,563,0
BRF.US,5,20251212,173000,17.1,17.1,17.1,17.1,200,0
BRF.US,5,20251212,173500,17.065,17.065,17.065,17.065,100,0
BRF.US,5,20251212,204500,17.2153,17.2153,17.2153,17.2153,183,0
BRF.US,5,20251215,153000,17.5,17.5,17.5,17.5,1000,0
BRF.US,5,20251215,154000,17.44,17.44,17.44,17.44,1277,0
BRF.US,5,20251215,154500,17.52,17.52,17.52,17.52,286,0
BRF.US,5,20251215,165500,17.3664,17.3664,17.3664,17.3664,175,0
BRF.US,5,20251215,181500,17.4,17.4,17.4,17.4,100,0
BRF.US,5,20251215,182500,17.48,17.48,17.48,17.48,100,0
BRF.US,5,20251215,184500,17.44,17.44,17.44,17.44,110,0
BRF.US,5,20251215,185000,17.4,17.4,17.4,17.4,1000,0
BRF.US,5,20251215,193000,17.38,17.38,17.38,17.38,100,0
BRF.US,5,20251215,212500,17.39,17.39,17.39,17.39,100,0
BRF.US,5,20251215,215000,17.29,17.29,17.29,17.29,123,0
BRF.US,5,20251216,154500,16.995,16.995,16.95,16.95,578,0
BRF.US,5,20251216,161000,16.96,16.96,16.95,16.96,1331,0
BRF.US,5,20251216,164000,16.83,16.83,16.83,16.83,273,0
BRF.US,5,20251216,170500,16.8,16.8,16.8,16.8,100,0
BRF.US,5,20251216,212000,16.77,16.77,16.77,16.77,100,0
BRF.US,5,20251216,215500,16.86,16.86,16.86,16.86,300,0
BRF.US,5,20251217,174500,16.46,16.46,16.36,16.36,333,0
BRF.US,5,20251217,175000,16.4,16.4,16.4,16.4,100,0
BRF.US,5,20251217,180000,16.4,16.4,16.4,16.4,100,0
BRF.US,5,20251217,184000,16.4596,16.485,16.4342,16.4596,1440,0
BRF.US,5,20251217,202000,16.37,16.41,16.37,16.41,1936,0
BRF.US,5,20251217,202500,16.4162,16.425,16.4162,16.425,2893,0
BRF.US,5,20251217,215000,16.49,16.49,16.49,16.49,100,0
BRF.US,5,20251218,162500,16.45,16.45,16.45,16.45,100,0
BRF.US,5,20251218,174000,16.53,16.53,16.53,16.53,996,0
BRF.US,5,20251218,195500,16.53,16.53,16.53,16.53,298,0
BRF.US,5,20251219,183000,16.56,16.5601,16.56,16.5601,400,0
BRF.US,5,20251219,184000,16.63,16.63,16.63,16.63,300,0
BRF.US,5,20251219,184500,16.57,16.57,16.57,16.57,1500,0
BRF.US,5,20251219,195000,16.57,16.57,16.5699,16.5699,398,0
BRF.US,5,20251219,200500,16.44,16.44,16.44,16.44,147,0
BRF.US,5,20251219,211500,16.49,16.49,16.49,16.49,200,0
BRF.US,5,20251222,153500,15.515,15.5228,15.515,15.5228,420,0
BRF.US,5,20251222,154500,15.6096,15.6096,15.49,15.6087,2400,0
BRF.US,5,20251222,155000,15.45,15.45,15.45,15.45,204,0
BRF.US,5,20251222,162000,15.49,15.49,15.49,15.49,100,0
BRF.US,5,20251222,171000,15.4301,15.4301,15.43,15.43,200,0
BRF.US,5,20251222,172500,15.41,15.455,15.41,15.455,1448,0
BRF.US,5,20251222,173000,15.39,15.39,15.38,15.38,1663,0
BRF.US,5,20251222,173500,15.34,15.34,15.34,15.34,400,0
BRF.US,5,20251222,175000,15.4227,15.4227,15.4227,15.4227,1529,0
BRF.US,5,20251222,192000,15.3,15.3234,15.3,15.3234,750,0
BRF.US,5,20251222,212500,15.3876,15.395,15.3876,15.395,300,0
