<TICKER>,<PER>,<DATE>,<TIME>,<OPEN>,<HIGH>,<LOW>,<CLOSE>,<VOL>,<OPENINT>
CPAI.US,5,20250728,153500,35.98,35.98,35.98,35.98,500,0
CPAI.US,5,20250728,160500,35.93,35.93,35.92,35.92,200,0
CPAI.US,5,20250728,161000,35.9,35.9,35.9,35.9,111,0
CPAI.US,5,20250728,161500,35.8725,35.8725,35.8725,35.8725,1000,0
CPAI.US,5,20250728,164000,35.77,35.77,35.77,35.77,100,0
CPAI.US,5,20250728,170000,35.84,35.84,35.84,35.84,100,0
CPAI.US,5,20250728,183000,35.87,35.87,35.87,35.87,100,0
CPAI.US,5,20250728,195000,35.79,35.79,35.79,35.79,190,0
CPAI.US,5,20250728,203000,35.8493,35.8493,35.8493,35.8493,222,0
CPAI.US,5,20250728,214000,35.87,35.87,35.87,35.87,100,0
CPAI.US,5,20250728,215000,35.865,35.865,35.84,35.84,973,0
CPAI.US,5,20250728,215500,35.84,35.88,35.84,35.88,350,0
CPAI.US,5,20250729,153000,36.01,36.01,36.01,36.01,500,0
CPAI.US,5,20250729,154000,36.11,36.11,36.11,36.11,100,0
CPAI.US,5,20250729,164000,36.03,36.03,36.0212,36.0212,454,0
CPAI.US,5,20250729,164500,36.038,36.12,36.0301,36.11,15943,0
CPAI.US,5,20250729,173000,36.03,36.03,35.98,35.98,500,0
CPAI.US,5,20250729,174000,35.94,35.94,35.94,35.94,100,0
CPAI.US,5,20250729,174500,35.99,35.9948,35.99,35.9948,3090,0
CPAI.US,5,20250729,175000,35.9401,35.9401,35.9401,35.9401,101,0
CPAI.US,5,20250729,180500,35.98,35.98,35.98,35.98,100,0
CPAI.US,5,20250729,181000,35.94,35.94,35.94,35.94,100,0
CPAI.US,5,20250729,184000,35.93,35.93,35.93,35.93,100,0
CPAI.US,5,20250729,185500,35.99,35.99,35.99,35.99,216,0
CPAI.US,5,20250729,200000,35.93,35.93,35.93,35.93,100,0
CPAI.US,5,20250729,202500,35.93,36,35.93,35.93,1772,0
CPAI.US,5,20250729,203000,35.95,35.95,35.95,35.95,100,0
CPAI.US,5,20250729,205500,35.93,35.93,35.93,35.93,100,0
CPAI.US,5,20250729,211000,35.95,35.95,35.95,35.95,100,0
CPAI.US,5,20250729,212500,36,36,36,36,100,0
CPAI.US,5,20250729,213500,35.91,35.97,35.91,35.97,200,0
CPAI.US,5,20250729,215500,35.96,35.96,35.96,35.96,100,0
CPAI.US,5,20250730,153000,35.79,35.79,35.79,35.79,500,0
CPAI.US,5,20250730,171500,36.0699,36.07,36.0344,36.0677,954,0
CPAI.US,5,20250730,172500,36.08,36.08,36.0799,36.0799,276,0
CPAI.US,5,20250730,173000,36.025,36.025,36.025,36.025,415,0
CPAI.US,5,20250730,180000,35.99,35.99,35.99,35.99,100,0
CPAI.US,5,20250730,181000,36.07,36.07,36.07,36.07,233,0
CPAI.US,5,20250730,181500,36.09,36.09,36.09,36.09,100,0
CPAI.US,5,20250730,182500,36.07,36.07,36.07,36.07,415,0
CPAI.US,5,20250730,184000,36.1,36.1,36.1,36.1,100,0
CPAI.US,5,20250730,191500,36.08,36.08,36.08,36.08,100,0
CPAI.US,5,20250730,200500,36.0311,36.0311,36.0311,36.0311,1000,0
CPAI.US,5,20250730,202500,36.01,36.01,36.01,36.01,100,0
CPAI.US,5,20250730,205000,35.93,35.93,35.93,35.93,6800,0
CPAI.US,5,20250730,211000,35.82,35.82,35.82,35.82,100,0
CPAI.US,5,20250730,213000,35.82,35.82,35.82,35.82,100,0
CPAI.US,5,20250730,215500,35.79,35.83,35.79,35.82,22464,0
CPAI.US,5,20250731,153000,35.87,35.87,35.87,35.87,500,0
CPAI.US,5,20250731,154500,35.96,35.96,35.96,35.96,100,0
CPAI.US,5,20250731,164000,36.03,36.03,36.03,36.03,100,0
CPAI.US,5,20250731,174000,35.8,35.97,35.8,35.8999,5517,0
CPAI.US,5,20250731,182500,35.9,35.9,35.9,35.9,109,0
CPAI.US,5,20250731,183000,35.92,35.92,35.92,35.92,100,0
CPAI.US,5,20250731,190000,35.91,35.91,35.85,35.85,1358,0
CPAI.US,5,20250731,191000,35.84,35.84,35.84,35.84,208,0
CPAI.US,5,20250731,192000,35.8,35.8,35.8,35.8,100,0
CPAI.US,5,20250731,192500,35.78,35.78,35.75,35.75,582,0
CPAI.US,5,20250731,193500,35.72,35.72,35.72,35.72,100,0
CPAI.US,5,20250731,195000,35.7,35.7,35.7,35.7,175,0
CPAI.US,5,20250731,203000,35.7499,35.7499,35.7499,35.7499,559,0
CPAI.US,5,20250731,203500,35.6869,35.6869,35.6869,35.6869,200,0
CPAI.US,5,20250731,213500,35.75,35.75,35.705,35.705,1774,0
CPAI.US,5,20250731,214000,35.73,35.73,35.73,35.73,240,0
CPAI.US,5,20250731,214500,35.76,35.76,35.76,35.76,100,0
CPAI.US,5,20250731,215500,35.75,35.75,35.75,35.75,200,0
CPAI.US,5,20250801,153500,35.26,35.26,35.26,35.26,500,0
CPAI.US,5,20250801,154500,35.16,35.17,35.16,35.17,286,0
CPAI.US,5,20250801,161000,35.06,35.06,35.06,35.06,345,0
CPAI.US,5,20250801,161500,35.07,35.07,35.07,35.07,248,0
CPAI.US,5,20250801,163000,35.3486,35.3486,35.29,35.34,653,0
CPAI.US,5,20250801,180500,35.45,35.45,35.4499,35.4499,383,0
CPAI.US,5,20250801,190000,35.27,35.27,35.27,35.27,100,0
CPAI.US,5,20250801,191500,35.19,35.19,35.19,35.19,109,0
CPAI.US,5,20250801,203500,35.255,35.255,35.255,35.255,125,0
CPAI.US,5,20250801,212000,35.2464,35.2464,35.2464,35.2464,100,0
CPAI.US,5,20250801,213000,35.2,35.21,35.2,35.21,216,0
CPAI.US,5,20250804,153000,35.54,35.54,35.54,35.54,500,0
CPAI.US,5,20250804,160000,35.7,35.7,35.7,35.7,315,0
CPAI.US,5,20250804,163000,35.6999,35.6999,35.6999,35.6999,1500,0
CPAI.US,5,20250804,164000,35.68,35.68,35.68,35.68,100,0
CPAI.US,5,20250804,164500,35.7,35.7,35.7,35.7,100,0
CPAI.US,5,20250804,165000,35.7,35.76,35.691279,35.76,1811,0
CPAI.US,5,20250804,165500,35.77,35.78,35.77,35.78,3754,0
CPAI.US,5,20250804,172000,35.75,35.75,35.75,35.75,100,0
CPAI.US,5,20250804,174500,35.68,35.68,35.68,35.68,100,0
CPAI.US,5,20250804,175500,35.71,35.71,35.71,35.71,200,0
CPAI.US,5,20250804,182500,35.74,35.74,35.74,35.74,500,0
CPAI.US,5,20250804,184000,35.75,35.75,35.75,35.75,151,0
CPAI.US,5,20250804,190500,35.72,35.72,35.72,35.72,100,0
CPAI.US,5,20250804,193500,35.7499,35.75,35.715,35.75,3123,0
CPAI.US,5,20250804,201000,35.75,35.75,35.75,35.75,100,0
CPAI.US,5,20250804,201500,35.69,35.69,35.69,35.69,100,0
CPAI.US,5,20250804,202500,35.75,35.75,35.75,35.75,200,0
CPAI.US,5,20250804,203000,35.78,35.78,35.78,35.78,100,0
CPAI.US,5,20250804,214000,35.76,35.76,35.76,35.76,8812,0
CPAI.US,5,20250804,214500,35.751,35.79,35.751,35.79,829,0
CPAI.US,5,20250804,215000,35.8,35.8,35.8,35.8,100,0
CPAI.US,5,20250804,215500,35.82,35.82,35.78,35.78,200,0
CPAI.US,5,20250805,153000,35.91,35.97,35.91,35.97,700,0
CPAI.US,5,20250805,154500,35.995,35.995,35.995,35.995,207,0
CPAI.US,5,20250805,155500,35.98,35.98,35.98,35.98,100,0
CPAI.US,5,20250805,160000,35.95,35.95,35.95,35.95,300,0
CPAI.US,5,20250805,160500,35.93,35.93,35.91,35.91,300,0
CPAI.US,5,20250805,164000,35.8,35.8,35.8,35.8,100,0
CPAI.US,5,20250805,164500,35.7633,35.7633,35.7633,35.7633,150,0
CPAI.US,5,20250805,171500,35.71,35.71,35.71,35.71,100,0
CPAI.US,5,20250805,180500,35.7,35.7,35.66,35.66,539,0
CPAI.US,5,20250805,182000,35.7,35.7,35.7,35.7,100,0
CPAI.US,5,20250805,184500,35.66,35.66,35.66,35.66,100,0
CPAI.US,5,20250805,190500,35.75,35.75,35.75,35.75,778,0
CPAI.US,5,20250805,193000,35.81,35.81,35.81,35.81,100,0
CPAI.US,5,20250805,195500,35.87,35.87,35.87,35.87,100,0
CPAI.US,5,20250805,200500,35.79,35.87,35.79,35.87,2686,0
CPAI.US,5,20250805,201500,35.81,35.81,35.81,35.81,100,0
CPAI.US,5,20250805,202000,35.81,35.81,35.81,35.81,100,0
CPAI.US,5,20250805,210000,35.79,35.79,35.79,35.79,100,0
CPAI.US,5,20250805,212500,35.82,35.82,35.82,35.82,100,0
CPAI.US,5,20250805,213500,35.82,35.82,35.82,35.82,100,0
CPAI.US,5,20250805,215500,35.8,35.8,35.8,35.8,200,0
CPAI.US,5,20250806,153000,35.98,35.98,35.74,35.74,600,0
CPAI.US,5,20250806,171500,35.85,35.85,35.85,35.85,4458,0
CPAI.US,5,20250806,183000,35.92,35.92,35.911,35.911,1643,0
CPAI.US,5,20250806,183500,35.976,35.99,35.976,35.99,512,0
CPAI.US,5,20250806,184500,35.93,35.93,35.93,35.93,105,0
CPAI.US,5,20250806,185500,35.9606,35.9606,35.9606,35.9606,625,0
CPAI.US,5,20250806,192500,35.88,35.88,35.88,35.88,100,0
CPAI.US,5,20250806,201500,35.91,35.91,35.91,35.91,100,0
CPAI.US,5,20250806,205500,36,36,36,36,100,0
CPAI.US,5,20250806,210000,35.98,35.98,35.98,35.98,114,0
CPAI.US,5,20250806,210500,35.9955,35.9955,35.9955,35.9955,400,0
CPAI.US,5,20250807,153000,36.08,36.08,36.08,36.08,500,0
CPAI.US,5,20250807,153500,36,36,36,36,1265,0
CPAI.US,5,20250807,161000,36.01,36.01,36.01,36.01,100,0
CPAI.US,5,20250807,172000,35.96,35.96,35.9599,35.9599,742,0
CPAI.US,5,20250807,174500,35.88,35.88,35.88,35.88,300,0
CPAI.US,5,20250807,184500,35.78,35.78,35.78,35.78,260,0
CPAI.US,5,20250807,194500,35.8087,35.8087,35.8087,35.8087,138,0
CPAI.US,5,20250807,212000,35.87,35.87,35.87,35.87,500,0
CPAI.US,5,20250807,213500,35.92,35.92,35.92,35.92,100,0
CPAI.US,5,20250808,153500,36.1,36.1,36.1,36.1,500,0
CPAI.US,5,20250808,161000,36.185,36.185,36.185,36.185,358,0
CPAI.US,5,20250808,170000,36.1799,36.1799,36.1799,36.1799,387,0
CPAI.US,5,20250808,180000,36.1275,36.1275,36.1275,36.1275,164,0
CPAI.US,5,20250808,181500,36.17,36.17,36.17,36.17,217,0
CPAI.US,5,20250808,194000,36.135,36.135,36.135,36.135,1000,0
CPAI.US,5,20250808,202000,36.15,36.15,36.15,36.15,100,0
CPAI.US,5,20250808,203000,36.1971,36.22,36.19,36.19,702,0
CPAI.US,5,20250808,203500,36.2199,36.22,36.1881,36.2199,2249,0
CPAI.US,5,20250808,204000,36.22,36.22,36.2199,36.2199,744,0
CPAI.US,5,20250808,205000,36.22,36.22,36.2199,36.2199,644,0
CPAI.US,5,20250808,205500,36.2299,36.2299,36.1881,36.2099,1346,0
CPAI.US,5,20250808,210000,36.18,36.18,36.18,36.18,686,0
CPAI.US,5,20250808,210500,36.19,36.19,36.15,36.19,1616,0
CPAI.US,5,20250808,211000,36.155,36.155,36.15,36.15,1158,0
CPAI.US,5,20250808,211500,36.18,36.18,36.18,36.18,1411,0
CPAI.US,5,20250808,212000,36.2,36.2,36.175,36.175,1496,0
CPAI.US,5,20250808,212500,36.17,36.2,36.17,36.1999,2473,0
CPAI.US,5,20250808,213000,36.1999,36.2,36.1899,36.1899,767,0
CPAI.US,5,20250808,213500,36.1899,36.1899,36.1899,36.1899,395,0
CPAI.US,5,20250808,214000,36.18,36.18,36.18,36.18,606,0
CPAI.US,5,20250808,214500,36.17,36.17,36.13,36.13,1590,0
CPAI.US,5,20250811,153000,36.01,36.01,36.01,36.01,500,0
CPAI.US,5,20250811,163500,36.125,36.125,36.125,36.125,355,0
CPAI.US,5,20250811,174500,36.14,36.14,36.14,36.14,1808,0
CPAI.US,5,20250811,180500,36.09,36.17,36.09,36.17,284,0
CPAI.US,5,20250811,190500,36.17,36.17,36.17,36.17,1500,0
CPAI.US,5,20250811,194000,36.16,36.16,36.16,36.16,100,0
CPAI.US,5,20250811,202500,36.1799,36.26,36.17,36.18,2849,0
CPAI.US,5,20250811,205500,36.112645,36.112645,36.112645,36.112645,302,0
CPAI.US,5,20250811,214500,36.09,36.09,36.09,36.09,100,0
CPAI.US,5,20250812,153000,36.07,36.07,36.07,36.07,500,0
CPAI.US,5,20250812,170500,36.06,36.06,36.06,36.06,800,0
CPAI.US,5,20250812,172500,36.0614,36.0614,36.0614,36.0614,500,0
CPAI.US,5,20250812,174000,36.0544,36.08,36.045,36.0799,830,0
CPAI.US,5,20250812,180000,36.084,36.084,36.084,36.084,400,0
CPAI.US,5,20250812,182000,36.08,36.08,36.07,36.08,847,0
CPAI.US,5,20250812,183500,36.0201,36.0201,36.0201,36.0201,1301,0
CPAI.US,5,20250812,184500,36.11,36.11,36.11,36.11,100,0
CPAI.US,5,20250812,185500,36.1086,36.1086,36.1086,36.1086,600,0
CPAI.US,5,20250812,190000,36.0673,36.0673,36.0673,36.0673,400,0
CPAI.US,5,20250812,194500,36.13,36.13,36.13,36.13,250,0
CPAI.US,5,20250812,202000,36.169692,36.169692,36.169692,36.169692,165,0
CPAI.US,5,20250812,210500,36.17,36.17,36.17,36.17,1806,0
CPAI.US,5,20250812,211000,36.17,36.17,36.17,36.17,2338,0
CPAI.US,5,20250812,212500,36.24,36.24,36.24,36.24,100,0
CPAI.US,5,20250812,214000,36.24,36.24,36.24,36.24,100,0
CPAI.US,5,20250812,214500,36.23,36.23,36.22,36.22,200,0
CPAI.US,5,20250812,215000,36.21,36.23,36.21,36.23,421,0
CPAI.US,5,20250812,215500,36.25,36.28,36.25,36.27,1034,0
CPAI.US,5,20250813,153000,36.4,36.4,36.4,36.4,500,0
CPAI.US,5,20250813,155000,36.39,36.39,36.3899,36.3899,394,0
CPAI.US,5,20250813,160500,36.42,36.42,36.42,36.42,100,0
CPAI.US,5,20250813,161000,36.39,36.39,36.28,36.39,1446,0
CPAI.US,5,20250813,163500,36.27,36.27,36.27,36.27,100,0
CPAI.US,5,20250813,175500,36.29,36.29,36.245,36.245,500,0
CPAI.US,5,20250813,180000,36.32,36.32,36.32,36.32,1200,0
CPAI.US,5,20250813,185000,36.34,36.34,36.34,36.34,863,0
CPAI.US,5,20250813,190000,36.37,36.37,36.37,36.37,100,0
CPAI.US,5,20250813,201500,36.41,36.49,36.3808,36.4099,4164,0
CPAI.US,5,20250814,153500,36.33,36.33,36.33,36.33,500,0
CPAI.US,5,20250814,155500,36.2701,36.2701,36.2701,36.2701,200,0
CPAI.US,5,20250814,161000,36.43,36.43,36.43,36.43,300,0
CPAI.US,5,20250814,163500,36.31,36.31,36.31,36.31,300,0
CPAI.US,5,20250814,181000,36.19,36.19,36.19,36.19,100,0
CPAI.US,5,20250814,190500,36.23,36.23,36.23,36.23,500,0
CPAI.US,5,20250814,192500,36.25,36.25,36.25,36.25,400,0
CPAI.US,5,20250815,153000,36.24,36.24,36.24,36.24,500,0
CPAI.US,5,20250815,161000,36.1,36.1,36.1,36.1,301,0
CPAI.US,5,20250815,164500,36.0993,36.0993,36.0993,36.0993,277,0
CPAI.US,5,20250815,171500,36.155,36.155,36.155,36.155,457,0
CPAI.US,5,20250815,182500,36.195,36.195,36.195,36.195,3174,0
CPAI.US,5,20250815,183000,36.23,36.23,36.23,36.23,100,0
CPAI.US,5,20250815,185000,36.225,36.225,36.225,36.225,1500,0
CPAI.US,5,20250815,191500,36.2599,36.2599,36.2599,36.2599,100,0
CPAI.US,5,20250815,193000,36.24,36.24,36.24,36.24,2699,0
CPAI.US,5,20250815,195500,36.205,36.205,36.205,36.205,681,0
CPAI.US,5,20250818,153000,36.2,36.23,36.18,36.18,700,0
CPAI.US,5,20250818,153500,36.17,36.21,36.17,36.21,200,0
CPAI.US,5,20250818,154000,36.17,36.17,36.17,36.17,100,0
CPAI.US,5,20250818,155000,36.19,36.19,36.19,36.19,100,0
CPAI.US,5,20250818,175000,36.185,36.19,36.185,36.19,329,0
CPAI.US,5,20250818,180500,36.18,36.1801,36.18,36.1801,520,0
CPAI.US,5,20250818,182000,36.21,36.21,36.21,36.21,600,0
CPAI.US,5,20250818,183500,36.22,36.22,36.22,36.22,267,0
CPAI.US,5,20250818,184500,36.2,36.2,36.2,36.2,100,0
CPAI.US,5,20250818,205500,36.3,36.3,36.3,36.3,100,0
CPAI.US,5,20250818,215500,36.22,36.22,36.22,36.22,500,0
CPAI.US,5,20250819,153000,36.07,36.07,36.07,36.07,500,0
CPAI.US,5,20250819,160000,36.15,36.15,36.15,36.15,1780,0
CPAI.US,5,20250819,160500,36.1501,36.1501,36.1501,36.1501,319,0
CPAI.US,5,20250819,164500,36.24,36.24,36.24,36.24,100,0
CPAI.US,5,20250819,175000,36.07,36.07,36.07,36.07,100,0
CPAI.US,5,20250819,175500,36.0301,36.0301,36,36.0301,525,0
CPAI.US,5,20250819,203000,35.9701,35.9701,35.9701,35.9701,137,0
CPAI.US,5,20250819,203500,36.0122,36.0122,36.0122,36.0122,195,0
CPAI.US,5,20250819,214000,36.0326,36.0326,36.0326,36.0326,126,0
CPAI.US,5,20250819,215500,36.02,36.02,36.02,36.02,200,0
CPAI.US,5,20250820,153000,36.07,36.07,36.07,36.07,500,0
CPAI.US,5,20250820,154000,36.2199,36.22,36.2199,36.2199,1500,0
CPAI.US,5,20250820,165500,36.13,36.13,36.13,36.13,100,0
CPAI.US,5,20250820,183500,36.33,36.33,36.33,36.33,668,0
CPAI.US,5,20250820,184500,36.29,36.29,36.29,36.29,200,0
CPAI.US,5,20250820,215500,36.46,36.46,36.425,36.4499,769,0
CPAI.US,5,20250821,153000,36.33,36.33,36.33,36.33,500,0
CPAI.US,5,20250821,160500,36.54,36.54,36.5399,36.5399,200,0
CPAI.US,5,20250821,172500,36.54,36.54,36.54,36.54,914,0
CPAI.US,5,20250821,180000,36.485,36.485,36.485,36.485,169,0
CPAI.US,5,20250821,183500,36.56,36.56,36.56,36.56,100,0
CPAI.US,5,20250821,184000,36.5,36.5,36.5,36.5,1000,0
CPAI.US,5,20250821,204000,36.53,36.53,36.53,36.53,426,0
CPAI.US,5,20250821,204500,36.52,36.52,36.52,36.52,100,0
CPAI.US,5,20250821,205500,36.54,36.54,36.54,36.54,100,0
CPAI.US,5,20250821,210500,36.56,36.58,36.56,36.58,1784,0
CPAI.US,5,20250821,211000,36.55,36.55,36.55,36.55,576,0
CPAI.US,5,20250821,212500,36.54,36.54,36.54,36.54,180,0
CPAI.US,5,20250821,215500,36.46,36.46,36.46,36.46,100,0
CPAI.US,5,20250822,153000,36.69,36.69,36.69,36.69,500,0
CPAI.US,5,20250822,160000,36.87,36.87,36.87,36.87,117,0
CPAI.US,5,20250822,161000,36.87,36.87,36.87,36.87,116,0
CPAI.US,5,20250822,170500,36.97,36.97,36.9699,36.9699,292,0
CPAI.US,5,20250822,171000,36.95,37.0099,36.945,36.945,1692,0
CPAI.US,5,20250822,172000,36.9799,36.9799,36.9799,36.9799,233,0
CPAI.US,5,20250822,174500,36.93,36.93,36.93,36.93,1352,0
CPAI.US,5,20250822,175500,36.969,36.969,36.969,36.969,649,0
CPAI.US,5,20250822,180000,37.01,37.01,37.01,37.01,1334,0
CPAI.US,5,20250822,181000,36.99,36.99,36.99,36.99,4352,0
CPAI.US,5,20250822,181500,36.945,36.945,36.945,36.945,2028,0
CPAI.US,5,20250822,182000,36.92,36.92,36.92,36.92,200,0
CPAI.US,5,20250822,183000,36.939,36.939,36.895,36.895,886,0
CPAI.US,5,20250822,192000,36.94,36.94,36.94,36.94,100,0
CPAI.US,5,20250822,203500,36.89,36.89,36.8899,36.8899,554,0
CPAI.US,5,20250822,210500,36.86,36.86,36.86,36.86,100,0
CPAI.US,5,20250822,215000,36.86,36.89,36.86,36.89,400,0
CPAI.US,5,20250825,153500,36.89,36.89,36.89,36.89,500,0
CPAI.US,5,20250825,160500,36.94,36.94,36.94,36.94,100,0
CPAI.US,5,20250825,162000,36.8841,36.8841,36.8841,36.8841,230,0
CPAI.US,5,20250825,165000,36.88,36.88,36.88,36.88,100,0
CPAI.US,5,20250825,174000,36.809,36.81,36.809,36.8099,900,0
CPAI.US,5,20250825,182500,36.8,36.8,36.8,36.8,1973,0
CPAI.US,5,20250825,184000,36.83,36.83,36.83,36.83,1212,0
CPAI.US,5,20250825,190500,36.83,36.83,36.83,36.83,100,0
CPAI.US,5,20250825,192000,36.7854,36.7854,36.7854,36.7854,1359,0
CPAI.US,5,20250825,193500,36.79,36.79,36.79,36.79,100,0
CPAI.US,5,20250825,204000,36.83,36.83,36.83,36.83,100,0
CPAI.US,5,20250825,205000,36.82,36.82,36.82,36.82,100,0
CPAI.US,5,20250825,214500,36.73,36.73,36.73,36.73,100,0
CPAI.US,5,20250825,215000,36.76,36.76,36.75,36.75,869,0
CPAI.US,5,20250826,153000,36.78,36.78,36.78,36.78,500,0
CPAI.US,5,20250826,154000,36.8679,36.8679,36.8679,36.8679,500,0
CPAI.US,5,20250826,161000,36.91,36.91,36.91,36.91,100,0
CPAI.US,5,20250826,174500,36.86,36.86,36.86,36.86,2900,0
CPAI.US,5,20250826,183500,36.8801,36.8801,36.8801,36.8801,200,0
CPAI.US,5,20250827,153000,37.01,37.01,37.01,37.01,500,0
CPAI.US,5,20250827,160500,37.06,37.06,37.06,37.06,100,0
CPAI.US,5,20250827,165500,37.02,37.02,37.02,37.02,625,0
CPAI.US,5,20250827,175500,37.12,37.12,37.12,37.12,1067,0
CPAI.US,5,20250827,185000,37.16,37.17,37.16,37.17,1000,0
CPAI.US,5,20250827,185500,37.16,37.16,37.16,37.16,268,0
CPAI.US,5,20250827,193000,37.175,37.175,37.175,37.175,297,0
CPAI.US,5,20250827,200000,37.19,37.19,37.19,37.19,100,0
CPAI.US,5,20250827,205000,37.2228,37.2228,37.2228,37.2228,1342,0
CPAI.US,5,20250827,211000,37.19,37.2,37.19,37.19,1422,0
CPAI.US,5,20250827,215000,37.19,37.21,37.19,37.2,1256,0
CPAI.US,5,20250827,215500,37.1829,37.1829,37.153047,37.153047,994,0
CPAI.US,5,20250828,153000,37.06,37.06,37.06,37.06,500,0
CPAI.US,5,20250828,160500,37.05,37.05,36.9409,36.9409,361,0
CPAI.US,5,20250828,180000,37.076,37.076,37.076,37.076,100,0
CPAI.US,5,20250828,182500,37.09,37.12,37.09,37.12,30467,0
CPAI.US,5,20250828,185500,37.13,37.13,37.13,37.13,810,0
CPAI.US,5,20250828,191500,37.15,37.15,37.15,37.15,100,0
CPAI.US,5,20250828,193000,37.130209,37.130209,37.130209,37.130209,550,0
CPAI.US,5,20250828,202500,37.190131,37.190131,37.190131,37.190131,160,0
CPAI.US,5,20250828,204000,37.22,37.22,37.20003,37.20003,538,0
CPAI.US,5,20250828,205500,37.2135,37.2135,37.2135,37.2135,268,0
CPAI.US,5,20250828,210500,37.22,37.22,37.22,37.22,346,0
CPAI.US,5,20250828,211000,37.22,37.22,37.22,37.22,100,0
CPAI.US,5,20250828,213000,37.1999,37.1999,37.1999,37.1999,135,0
CPAI.US,5,20250828,213500,37.17,37.2,37.17,37.2,1536,0
CPAI.US,5,20250828,215000,37.18,37.18,37.18,37.18,100,0
CPAI.US,5,20250829,153000,37.16,37.16,37.15,37.16,1182,0
CPAI.US,5,20250829,164000,37.06,37.06,37.06,37.06,200,0
CPAI.US,5,20250829,170500,37.0699,37.0699,37.0699,37.0699,539,0
CPAI.US,5,20250829,184000,37.14,37.14,37.14,37.14,270,0
CPAI.US,5,20250829,203500,37.15,37.15,37.15,37.15,100,0
CPAI.US,5,20250829,213500,37.0801,37.0815,37.0801,37.0815,852,0
CPAI.US,5,20250829,214500,37.17,37.17,37.1699,37.17,876,0
CPAI.US,5,20250902,153000,36.83,36.83,36.83,36.83,500,0
CPAI.US,5,20250902,161000,37.16,37.16,37.16,37.16,100,0
CPAI.US,5,20250902,163500,37.25,37.25,37.25,37.25,633,0
CPAI.US,5,20250902,164000,37.22,37.25,37.22,37.25,327,0
CPAI.US,5,20250902,164500,37.21,37.21,37.21,37.21,100,0
CPAI.US,5,20250902,182000,37.13,37.14,37.13,37.14,673,0
CPAI.US,5,20250902,184000,37.1,37.1,37.1,37.1,135,0
CPAI.US,5,20250902,193000,37.18,37.18,37.18,37.18,100,0
CPAI.US,5,20250902,202000,37.17,37.17,37.17,37.17,400,0
CPAI.US,5,20250902,204500,37.15,37.15,37.15,37.15,100,0
CPAI.US,5,20250902,211500,37.2051,37.2051,37.2051,37.2051,348,0
CPAI.US,5,20250902,212000,37.2499,37.2499,37.2499,37.2499,1000,0
CPAI.US,5,20250902,213000,37.25,37.25,37.25,37.25,100,0
CPAI.US,5,20250902,215000,37.285,37.285,37.285,37.285,197,0
CPAI.US,5,20250903,153000,37.32,37.32,37.32,37.32,500,0
CPAI.US,5,20250903,154500,37.415,37.415,37.415,37.415,345,0
CPAI.US,5,20250903,161500,37.45,37.45,37.4,37.4,1235,0
CPAI.US,5,20250903,180000,37.4293,37.4293,37.4293,37.4293,150,0
CPAI.US,5,20250903,182000,37.44,37.44,37.4,37.4,1100,0
CPAI.US,5,20250903,190500,37.36,37.36,37.36,37.36,100,0
CPAI.US,5,20250903,204000,37.3899,37.3899,37.3899,37.3899,2172,0
CPAI.US,5,20250903,205000,37.39,37.39,37.32,37.39,2794,0
CPAI.US,5,20250903,205500,37.3699,37.3699,37.3699,37.3699,562,0
CPAI.US,5,20250903,210000,37.3275,37.3275,37.3275,37.3275,1281,0
CPAI.US,5,20250903,210500,37.35,37.35,37.35,37.35,1786,0
CPAI.US,5,20250903,211000,37.34,37.34,37.33,37.33,1595,0
CPAI.US,5,20250903,211500,37.34,37.34,37.34,37.34,100,0
CPAI.US,5,20250903,212000,37.3262,37.36,37.3262,37.3275,4806,0
CPAI.US,5,20250903,212500,37.37,37.37,37.31,37.31,990,0
CPAI.US,5,20250903,213000,37.3599,37.3599,37.3599,37.3599,2027,0
CPAI.US,5,20250903,213500,37.3899,37.39,37.33,37.33,6476,0
CPAI.US,5,20250903,214500,37.35,37.35,37.35,37.35,291,0
CPAI.US,5,20250903,215000,37.4599,37.515,37.4502,37.48,5522,0
CPAI.US,5,20250903,215500,37.4899,37.4899,37.43,37.46,2487,0
CPAI.US,5,20250904,153000,37.41,37.41,37.41,37.41,500,0
CPAI.US,5,20250904,154500,37.57,37.63,37.57,37.63,1000,0
CPAI.US,5,20250904,160000,37.53,37.53,37.515,37.515,1300,0
CPAI.US,5,20250904,160500,37.5,37.5001,37.5,37.5,656,0
CPAI.US,5,20250904,162000,37.51,37.51,37.51,37.51,100,0
CPAI.US,5,20250904,165500,37.5,37.5,37.5,37.5,244,0
CPAI.US,5,20250904,172500,37.52,37.52,37.52,37.52,100,0
CPAI.US,5,20250904,182500,37.48,37.48,37.48,37.48,935,0
CPAI.US,5,20250904,184500,37.47,37.47,37.47,37.47,609,0
CPAI.US,5,20250904,193000,37.51,37.51,37.51,37.51,100,0
CPAI.US,5,20250904,200500,37.49,37.49,37.49,37.49,100,0
CPAI.US,5,20250904,204500,37.44,37.44,37.44,37.44,150,0
CPAI.US,5,20250904,212000,37.5,37.5,37.5,37.5,135,0
CPAI.US,5,20250904,215000,37.58,37.58,37.58,37.58,100,0
CPAI.US,5,20250905,153000,37.7,37.7,37.7,37.7,500,0
CPAI.US,5,20250905,154000,37.75,37.75,37.75,37.75,100,0
CPAI.US,5,20250905,154500,37.8495,37.8495,37.79,37.79,200,0
CPAI.US,5,20250905,155500,37.73,37.73,37.73,37.73,2023,0
CPAI.US,5,20250905,160000,37.62,37.62,37.62,37.62,100,0
CPAI.US,5,20250905,163500,37.46,37.46,37.46,37.46,100,0
CPAI.US,5,20250905,164500,37.4,37.4,37.4,37.4,300,0
CPAI.US,5,20250905,165500,37.39,37.39,37.39,37.39,100,0
CPAI.US,5,20250905,174000,37.51,37.51,37.51,37.51,100,0
CPAI.US,5,20250905,185000,37.515,37.54,37.515,37.54,2317,0
CPAI.US,5,20250905,190500,37.55,37.55,37.55,37.55,729,0
CPAI.US,5,20250905,191500,37.5685,37.5685,37.5685,37.5685,150,0
CPAI.US,5,20250905,194000,37.52,37.52,37.52,37.52,100,0
CPAI.US,5,20250905,210000,37.63,37.63,37.63,37.63,100,0
CPAI.US,5,20250905,211500,37.645,37.645,37.645,37.645,1200,0
CPAI.US,5,20250908,153000,37.82,37.82,37.82,37.82,500,0
CPAI.US,5,20250908,154500,37.709,37.709,37.685,37.685,400,0
CPAI.US,5,20250908,155500,37.7093,37.7093,37.7093,37.7093,250,0
CPAI.US,5,20250908,160000,37.6963,37.6963,37.6963,37.6963,1000,0
CPAI.US,5,20250908,160500,37.69,37.69,37.69,37.69,100,0
CPAI.US,5,20250908,162000,37.6,37.62,37.5798,37.62,756,0
CPAI.US,5,20250908,163000,37.63,37.63,37.63,37.63,100,0
CPAI.US,5,20250908,163500,37.597,37.597,37.597,37.597,218,0
CPAI.US,5,20250908,164500,37.64,37.66,37.59,37.66,653,0
CPAI.US,5,20250908,171500,37.73,37.7386,37.705,37.7386,326,0
CPAI.US,5,20250908,173500,37.72,37.72,37.72,37.72,100,0
CPAI.US,5,20250908,183000,37.72,37.72,37.72,37.72,1464,0
CPAI.US,5,20250908,192000,37.81,37.81,37.81,37.81,100,0
CPAI.US,5,20250908,202500,37.775,37.81,37.775,37.81,496,0
CPAI.US,5,20250908,203000,37.81,37.81,37.81,37.81,100,0
CPAI.US,5,20250908,203500,37.8,37.8,37.8,37.8,100,0
CPAI.US,5,20250908,204000,37.79,37.81,37.79,37.81,200,0
CPAI.US,5,20250908,204500,37.82,37.82,37.82,37.82,100,0
CPAI.US,5,20250908,205000,37.81,37.81,37.81,37.81,100,0
CPAI.US,5,20250908,205500,37.8299,37.83,37.8299,37.83,854,0
CPAI.US,5,20250908,213000,37.79,37.79,37.7898,37.79,2062,0
CPAI.US,5,20250908,213500,37.75,37.75,37.75,37.75,337,0
CPAI.US,5,20250908,214000,37.7893,37.7893,37.7893,37.7893,300,0
CPAI.US,5,20250909,153000,37.8,37.8,37.8,37.8,500,0
CPAI.US,5,20250909,160000,37.87,37.87,37.87,37.87,100,0
CPAI.US,5,20250909,163000,37.74,37.74,37.74,37.74,100,0
CPAI.US,5,20250909,170500,37.74,37.74,37.74,37.74,100,0
CPAI.US,5,20250909,174000,37.72,37.72,37.72,37.72,100,0
CPAI.US,5,20250909,180500,37.75,37.75,37.75,37.75,1500,0
CPAI.US,5,20250909,182000,37.74,37.74,37.74,37.74,227,0
CPAI.US,5,20250909,184000,37.8,37.8,37.8,37.8,100,0
CPAI.US,5,20250909,192500,37.81,37.81,37.81,37.81,100,0
CPAI.US,5,20250909,200000,37.84,37.84,37.84,37.84,100,0
CPAI.US,5,20250909,203000,37.89,37.89,37.89,37.89,100,0
CPAI.US,5,20250909,210000,37.91,37.91,37.91,37.91,100,0
CPAI.US,5,20250909,212000,37.838,37.838,37.838,37.838,251,0
CPAI.US,5,20250909,213500,37.84,37.84,37.84,37.84,100,0
CPAI.US,5,20250910,153000,37.91,37.91,37.91,37.91,500,0
CPAI.US,5,20250910,160500,38.0276,38.0276,38.0276,38.0276,900,0
CPAI.US,5,20250910,163000,37.932,37.932,37.932,37.932,114,0
CPAI.US,5,20250910,180500,37.88,37.88,37.8599,37.8599,300,0
CPAI.US,5,20250910,182000,37.8636,37.8636,37.8636,37.8636,200,0
CPAI.US,5,20250910,190000,37.87,37.87,37.8315,37.8315,350,0
CPAI.US,5,20250910,192000,37.88,37.88,37.87,37.87,200,0
CPAI.US,5,20250910,213000,37.865,37.865,37.865,37.865,375,0
CPAI.US,5,20250910,214500,37.93,37.93,37.9299,37.9299,200,0
CPAI.US,5,20250911,153000,38.05,38.05,38.05,38.05,500,0
CPAI.US,5,20250911,160000,38.2,38.2,38.2,38.2,100,0
CPAI.US,5,20250911,163500,38.2,38.2,38.2,38.2,186,0
CPAI.US,5,20250911,181000,38.3,38.3,38.3,38.3,186,0
CPAI.US,5,20250911,183000,38.3899,38.39,38.3899,38.39,600,0
CPAI.US,5,20250911,183500,38.365,38.365,38.365,38.365,312,0
CPAI.US,5,20250911,190000,38.4,38.4,38.4,38.4,100,0
CPAI.US,5,20250911,192000,38.35,38.35,38.35,38.35,514,0
CPAI.US,5,20250911,192500,38.35,38.39,38.35,38.39,800,0
CPAI.US,5,20250911,195000,38.3496,38.3496,38.3496,38.3496,108,0
CPAI.US,5,20250911,201000,38.38,38.38,38.3799,38.3799,260,0
CPAI.US,5,20250911,210000,38.3,38.3,38.3,38.3,1314,0
CPAI.US,5,20250911,213000,38.42,38.43,38.42,38.43,600,0
CPAI.US,5,20250911,214500,38.46,38.46,38.46,38.46,604,0
CPAI.US,5,20250911,215500,38.5,38.5,38.5,38.5,190,0
CPAI.US,5,20250912,153000,38.41,38.6,38.41,38.59,994,0
CPAI.US,5,20250912,155500,38.53,38.53,38.5299,38.5299,1800,0
CPAI.US,5,20250912,173500,38.4002,38.4007,38.4001,38.4001,1614,0
CPAI.US,5,20250912,174000,38.4333,38.4333,38.4333,38.4333,490,0
CPAI.US,5,20250912,181000,38.4,38.4001,38.38,38.4001,800,0
CPAI.US,5,20250912,182000,38.429,38.43,38.429,38.43,1622,0
CPAI.US,5,20250912,182500,38.44,38.44,38.44,38.44,1500,0
CPAI.US,5,20250912,184000,38.43,38.43,38.43,38.43,1440,0
CPAI.US,5,20250912,202500,38.445,38.445,38.445,38.445,300,0
CPAI.US,5,20250912,204000,38.48,38.48,38.41,38.41,300,0
CPAI.US,5,20250912,210500,38.47,38.47,38.47,38.47,100,0
CPAI.US,5,20250912,213000,38.46,38.46,38.46,38.46,100,0
CPAI.US,5,20250912,214500,38.47,38.47,38.47,38.47,961,0
CPAI.US,5,20250915,153000,38.47,38.47,38.47,38.47,500,0
CPAI.US,5,20250915,154500,38.54,38.54,38.5044,38.5044,350,0
CPAI.US,5,20250915,155000,38.53,38.53,38.53,38.53,100,0
CPAI.US,5,20250915,160000,38.55,38.55,38.5499,38.5499,718,0
CPAI.US,5,20250915,161500,38.4605,38.4605,38.4605,38.4605,100,0
CPAI.US,5,20250915,162500,38.54,38.54,38.54,38.54,100,0
CPAI.US,5,20250915,173500,38.5695,38.5695,38.5695,38.5695,259,0
CPAI.US,5,20250915,174000,38.5709,38.5709,38.5709,38.5709,900,0
CPAI.US,5,20250915,174500,38.58,38.58,38.5799,38.58,1400,0
CPAI.US,5,20250915,181000,38.62,38.62,38.62,38.62,500,0
CPAI.US,5,20250915,182500,38.62,38.64,38.62,38.64,6859,0
CPAI.US,5,20250915,185500,38.55,38.55,38.55,38.55,100,0
CPAI.US,5,20250915,194000,38.514,38.514,38.514,38.514,100,0
CPAI.US,5,20250915,211500,38.44,38.4599,38.44,38.4599,846,0
CPAI.US,5,20250915,213000,38.435,38.435,38.435,38.435,100,0
CPAI.US,5,20250915,213500,38.4683,38.4683,38.4683,38.4683,700,0
CPAI.US,5,20250915,214000,38.4352,38.46,38.4352,38.46,1155,0
CPAI.US,5,20250916,153000,38.32,38.32,38.32,38.32,500,0
CPAI.US,5,20250916,162000,38.28,38.28,38.28,38.28,100,0
CPAI.US,5,20250916,163000,38.15,38.15,38.15,38.15,1343,0
CPAI.US,5,20250916,165000,38.15,38.15,38.15,38.15,100,0
CPAI.US,5,20250916,171000,38.125,38.125,38.125,38.125,200,0
CPAI.US,5,20250916,171500,38.115,38.115,38.115,38.115,100,0
CPAI.US,5,20250916,172500,38.12,38.12,38.1199,38.1199,640,0
CPAI.US,5,20250916,181000,38.24,38.24,38.2108,38.2108,700,0
CPAI.US,5,20250916,182000,38.19,38.19,38.19,38.19,200,0
CPAI.US,5,20250916,193500,38.21,38.21,38.21,38.21,1400,0
CPAI.US,5,20250916,200000,38.19,38.19,38.19,38.19,100,0
CPAI.US,5,20250916,202000,38.17,38.17,38.17,38.17,450,0
CPAI.US,5,20250916,204000,38.19,38.19,38.19,38.19,100,0
CPAI.US,5,20250916,205500,38.19,38.19,38.19,38.19,116,0
CPAI.US,5,20250917,153000,38.17,38.17,38.17,38.17,500,0
CPAI.US,5,20250917,154500,38.28,38.28,38.28,38.28,100,0
CPAI.US,5,20250917,155000,38.34,38.35,38.34,38.35,3100,0
CPAI.US,5,20250917,161000,38.3699,38.3699,38.3699,38.3699,168,0
CPAI.US,5,20250917,173500,38.36,38.36,38.36,38.36,111,0
CPAI.US,5,20250917,182500,38.36,38.36,38.36,38.36,1726,0
CPAI.US,5,20250917,184000,38.355,38.355,38.35,38.35,326,0
CPAI.US,5,20250917,191000,38.2912,38.2912,38.2912,38.2912,194,0
CPAI.US,5,20250917,192000,38.3299,38.3299,38.3299,38.3299,110,0
CPAI.US,5,20250917,200000,38.44,38.44,38.44,38.44,169,0
CPAI.US,5,20250917,200500,38.54,38.54,38.54,38.54,187,0
CPAI.US,5,20250917,201000,38.42,38.42,38.42,38.42,743,0
CPAI.US,5,20250917,201500,38.43,38.43,38.43,38.43,100,0
CPAI.US,5,20250917,203000,38.49,38.49,38.49,38.49,100,0
CPAI.US,5,20250917,204000,38.42,38.42,38.419,38.419,400,0
CPAI.US,5,20250917,212500,38.39,38.39,38.39,38.39,100,0
CPAI.US,5,20250917,214500,38.36,38.36,38.36,38.36,650,0
CPAI.US,5,20250917,215500,38.26,38.26,38.26,38.26,100,0
CPAI.US,5,20250918,153000,38.33,38.33,38.33,38.33,500,0
CPAI.US,5,20250918,160000,38.51,38.51,38.51,38.51,100,0
CPAI.US,5,20250918,162000,38.4923,38.4923,38.4923,38.4923,150,0
CPAI.US,5,20250918,163000,38.46,38.46,38.46,38.46,166,0
CPAI.US,5,20250918,174500,38.3845,38.3845,38.3845,38.3845,155,0
CPAI.US,5,20250918,175000,38.42,38.42,38.42,38.42,2126,0
CPAI.US,5,20250918,180500,38.42,38.42,38.42,38.42,200,0
CPAI.US,5,20250918,181000,38.395,38.41,38.395,38.41,450,0
CPAI.US,5,20250918,183500,38.47,38.47,38.47,38.47,309,0
CPAI.US,5,20250918,192500,38.555,38.555,38.555,38.555,444,0
CPAI.US,5,20250918,194500,38.54,38.54,38.54,38.54,200,0
CPAI.US,5,20250918,203000,38.57,38.57,38.57,38.57,200,0
CPAI.US,5,20250918,210000,38.575,38.575,38.55,38.55,378,0
CPAI.US,5,20250918,213000,38.5544,38.58,38.5544,38.58,452,0
CPAI.US,5,20250918,214000,38.56,38.56,38.56,38.56,229,0
CPAI.US,5,20250919,153000,38.64,38.64,38.64,38.64,500,0
CPAI.US,5,20250919,160500,38.5752,38.5752,38.5752,38.5752,143,0
CPAI.US,5,20250919,161500,38.56,38.56,38.56,38.56,184,0
CPAI.US,5,20250919,164000,38.55,38.55,38.55,38.55,2594,0
CPAI.US,5,20250919,194000,38.5717,38.5717,38.5717,38.5717,562,0
CPAI.US,5,20250919,205500,38.64,38.65,38.64,38.64,1600,0
CPAI.US,5,20250919,211000,38.68,38.68,38.68,38.68,600,0
CPAI.US,5,20250919,212500,38.7,38.7,38.69,38.69,394,0
CPAI.US,5,20250922,153000,38.61,38.65,38.61,38.65,721,0
CPAI.US,5,20250922,161500,38.64,38.64,38.64,38.64,100,0
CPAI.US,5,20250922,163500,38.64,38.64,38.64,38.64,100,0
CPAI.US,5,20250922,182000,38.62,38.63,38.62,38.63,500,0
CPAI.US,5,20250922,194000,38.8,38.8,38.8,38.8,100,0
CPAI.US,5,20250922,210500,38.87,38.87,38.87,38.87,500,0
CPAI.US,5,20250922,214000,38.89,38.89,38.89,38.89,198,0
CPAI.US,5,20250923,153500,39.05,39.05,39.05,39.05,500,0
CPAI.US,5,20250923,155000,39.1,39.1,39.1,39.1,100,0
CPAI.US,5,20250923,161000,39.1,39.15,39.0998,39.15,450,0
CPAI.US,5,20250923,163500,39.14,39.14,39.14,39.14,1000,0
CPAI.US,5,20250923,164500,39.14,39.14,39.14,39.14,1147,0
CPAI.US,5,20250923,171000,39.15,39.16,39.145,39.1599,1300,0
CPAI.US,5,20250923,174000,39.15,39.15,39.15,39.15,300,0
CPAI.US,5,20250923,174500,39.1245,39.1245,39.1245,39.1245,116,0
CPAI.US,5,20250923,182000,39.2,39.2,39.19,39.19,500,0
CPAI.US,5,20250923,184000,39.2,39.21,39.2,39.21,298,0
CPAI.US,5,20250923,190000,39.24,39.24,39.2399,39.2399,812,0
CPAI.US,5,20250923,191500,39.22,39.22,39.22,39.22,100,0
CPAI.US,5,20250923,205000,39.0501,39.0501,39.0501,39.0501,347,0
CPAI.US,5,20250923,212000,39.12,39.13,39.12,39.13,1447,0
CPAI.US,5,20250923,215500,39.11,39.11,39.11,39.11,100,0
CPAI.US,5,20250924,153500,39.22,39.22,39.22,39.22,500,0
CPAI.US,5,20250924,162000,39.12,39.12,39.12,39.12,100,0
CPAI.US,5,20250924,164000,39.1789,39.1789,39.1789,39.1789,640,0
CPAI.US,5,20250924,174500,39.06,39.06,39.06,39.06,100,0
CPAI.US,5,20250924,180000,39.0046,39.0046,39.0046,39.0046,1409,0
CPAI.US,5,20250924,182000,38.99,38.99,38.99,38.99,500,0
CPAI.US,5,20250924,185000,39,39,39,39,738,0
CPAI.US,5,20250924,195000,39.01,39.01,39.01,39.01,100,0
CPAI.US,5,20250924,203000,38.95,38.95,38.95,38.95,500,0
CPAI.US,5,20250924,205000,38.95,38.95,38.95,38.95,400,0
CPAI.US,5,20250924,213000,38.89,38.89,38.89,38.89,100,0
CPAI.US,5,20250924,215500,38.855,38.855,38.855,38.855,100,0
CPAI.US,5,20250925,153000,38.67,38.67,38.67,38.67,500,0
CPAI.US,5,20250925,155000,38.613544,38.613544,38.613544,38.613544,100,0
CPAI.US,5,20250925,161500,38.85,38.8545,38.85,38.8545,473,0
CPAI.US,5,20250925,163000,38.88,38.88,38.87,38.87,900,0
CPAI.US,5,20250925,163500,38.9093,38.91,38.9,38.9,500,0
CPAI.US,5,20250925,171500,38.78,38.78,38.78,38.78,1466,0
CPAI.US,5,20250925,173500,38.6751,38.6751,38.6751,38.6751,226,0
CPAI.US,5,20250925,175500,38.7534,38.7534,38.7534,38.7534,340,0
CPAI.US,5,20250925,180500,38.75,38.75,38.75,38.75,216,0
CPAI.US,5,20250925,181500,38.6946,38.6946,38.6946,38.6946,217,0
CPAI.US,5,20250925,183000,38.67,38.67,38.67,38.67,362,0
CPAI.US,5,20250925,184500,38.72,38.72,38.72,38.72,294,0
CPAI.US,5,20250925,192000,38.71,38.71,38.71,38.71,1300,0
CPAI.US,5,20250925,194500,38.77,38.77,38.725,38.725,508,0
CPAI.US,5,20250925,203000,38.79,38.79,38.7596,38.7596,300,0
CPAI.US,5,20250925,204500,38.7796,38.7796,38.7796,38.7796,100,0
CPAI.US,5,20250925,205500,38.8199,38.82,38.8052,38.8052,300,0
CPAI.US,5,20250925,210500,38.7609,38.7609,38.7609,38.7609,100,0
CPAI.US,5,20250925,212500,38.76,38.76,38.7344,38.7344,400,0
CPAI.US,5,20250925,214000,38.7372,38.7372,38.7372,38.7372,100,0
CPAI.US,5,20250925,214500,38.78,38.78,38.7799,38.7799,200,0
CPAI.US,5,20250925,215500,38.78,38.78,38.72,38.72,200,0
CPAI.US,5,20250926,153000,38.98,38.98,38.98,38.98,500,0
CPAI.US,5,20250926,154000,39.01,39.01,39.01,39.01,100,0
CPAI.US,5,20250926,154500,39.01,39.01,39.01,39.01,185,0
CPAI.US,5,20250926,155500,39.11,39.11,39.11,39.11,230,0
CPAI.US,5,20250926,172500,39.21,39.21,39.21,39.21,215,0
CPAI.US,5,20250926,192500,39.31,39.31,39.31,39.31,300,0
CPAI.US,5,20250926,201000,39.34,39.34,39.34,39.34,12572,0
CPAI.US,5,20250926,205500,39.4,39.4,39.4,39.4,300,0
CPAI.US,5,20250926,211500,39.41,39.41,39.4099,39.4099,760,0
CPAI.US,5,20250926,215000,39.43,39.43,39.43,39.43,1800,0
CPAI.US,5,20250926,215500,39.43,39.44,39.43,39.44,2433,0
CPAI.US,5,20250929,153000,39.58,39.58,39.58,39.58,500,0
CPAI.US,5,20250929,153500,39.57,39.57,39.57,39.57,5782,0
CPAI.US,5,20250929,163500,39.569,39.569,39.5672,39.5672,280,0
CPAI.US,5,20250929,165000,39.535,39.535,39.535,39.535,461,0
CPAI.US,5,20250929,165500,39.53,39.53,39.5299,39.5299,652,0
CPAI.US,5,20250929,170500,39.54,39.54,39.5377,39.5377,240,0
CPAI.US,5,20250929,185000,39.4876,39.4876,39.4876,39.4876,625,0
CPAI.US,5,20250929,193500,39.44,39.44,39.44,39.44,412,0
CPAI.US,5,20250929,201500,39.4301,39.4301,39.4301,39.4301,533,0
CPAI.US,5,20250929,202000,39.4301,39.4655,39.4301,39.4655,3056,0
CPAI.US,5,20250929,212000,39.49,39.49,39.49,39.49,100,0
CPAI.US,5,20250929,214000,39.5195,39.5195,39.5195,39.5195,1520,0
CPAI.US,5,20250929,214500,39.56,39.56,39.56,39.56,300,0
CPAI.US,5,20250929,215000,39.5699,39.5699,39.54,39.54,970,0
CPAI.US,5,20250929,215500,39.5096,39.51,39.48,39.48,1050,0
CPAI.US,5,20250930,153000,39.43,39.43,39.43,39.43,500,0
CPAI.US,5,20250930,160500,39.4,39.4,39.4,39.4,100,0
CPAI.US,5,20250930,162000,39.369,39.369,39.369,39.369,500,0
CPAI.US,5,20250930,162500,39.275,39.34,39.275,39.34,650,0
CPAI.US,5,20250930,163000,39.31,39.31,39.2995,39.2995,938,0
CPAI.US,5,20250930,170000,39.23,39.23,39.23,39.23,100,0
CPAI.US,5,20250930,174500,39.1994,39.1994,39.1994,39.1994,401,0
CPAI.US,5,20250930,182000,39.22,39.22,39.22,39.22,185,0
CPAI.US,5,20250930,183500,39.1701,39.25,39.1701,39.25,578,0
CPAI.US,5,20250930,184500,39.29,39.29,39.29,39.29,274,0
CPAI.US,5,20250930,193000,39.13,39.13,39.13,39.13,100,0
CPAI.US,5,20250930,200000,39.2,39.2,39.2,39.2,500,0
CPAI.US,5,20250930,203000,39.22,39.22,39.22,39.22,100,0
CPAI.US,5,20250930,211000,39.215,39.215,39.215,39.215,100,0
CPAI.US,5,20250930,213000,39.28,39.28,39.28,39.28,950,0
CPAI.US,5,20250930,214500,39.36,39.36,39.36,39.36,100,0
CPAI.US,5,20250930,215500,39.493,39.493,39.493,39.493,100,0
CPAI.US,5,20251001,153000,39.38,39.38,39.38,39.38,500,0
CPAI.US,5,20251001,155000,39.49,39.49,39.49,39.49,100,0
CPAI.US,5,20251001,155500,39.53,39.53,39.5299,39.5299,1000,0
CPAI.US,5,20251001,164000,39.67,39.67,39.67,39.67,100,0
CPAI.US,5,20251001,170500,39.5896,39.5896,39.5896,39.5896,200,0
CPAI.US,5,20251001,171500,39.6033,39.6033,39.6033,39.6033,1358,0
CPAI.US,5,20251001,172500,39.585,39.585,39.585,39.585,132,0
CPAI.US,5,20251001,180000,39.6,39.6,39.6,39.6,330,0
CPAI.US,5,20251001,182500,39.58,39.58,39.58,39.58,109,0
CPAI.US,5,20251001,184000,39.58,39.58,39.58,39.58,100,0
CPAI.US,5,20251001,193500,39.6,39.6,39.6,39.6,1107,0
CPAI.US,5,20251001,202500,39.67,39.6797,39.67,39.6797,1039,0
CPAI.US,5,20251001,203000,39.7,39.7,39.7,39.7,100,0
CPAI.US,5,20251001,204000,39.68,39.68,39.68,39.68,700,0
CPAI.US,5,20251001,210500,39.67,39.6701,39.67,39.6701,204,0
CPAI.US,5,20251001,215000,39.7799,39.78,39.7799,39.78,442,0
CPAI.US,5,20251002,153000,39.69,39.81,39.69,39.81,4000,0
CPAI.US,5,20251002,160000,39.74,39.745,39.72,39.72,989,0
CPAI.US,5,20251002,160500,39.675,39.675,39.675,39.675,122,0
CPAI.US,5,20251002,161000,39.65,39.65,39.65,39.65,395,0
CPAI.US,5,20251002,162000,39.56,39.56,39.55,39.55,459,0
CPAI.US,5,20251002,163000,39.53,39.53,39.53,39.53,297,0
CPAI.US,5,20251002,163500,39.46,39.46,39.46,39.46,150,0
CPAI.US,5,20251002,165000,39.48,39.48,39.48,39.48,100,0
CPAI.US,5,20251002,171000,39.45,39.45,39.45,39.45,376,0
CPAI.US,5,20251002,173500,39.4,39.4,39.4,39.4,100,0
CPAI.US,5,20251002,180500,39.4301,39.4301,39.4301,39.4301,196,0
CPAI.US,5,20251002,181000,39.4301,39.4301,39.4301,39.4301,538,0
CPAI.US,5,20251002,181500,39.4601,39.5401,39.4601,39.5401,274,0
CPAI.US,5,20251002,185500,39.53,39.53,39.53,39.53,132,0
CPAI.US,5,20251002,190000,39.55,39.55,39.55,39.55,100,0
CPAI.US,5,20251002,190500,39.53,39.54,39.495,39.5399,1650,0
CPAI.US,5,20251002,193500,39.57,39.57,39.57,39.57,635,0
CPAI.US,5,20251002,194500,39.5389,39.5389,39.5389,39.5389,100,0
CPAI.US,5,20251002,195000,39.5983,39.6,39.5983,39.6,200,0
CPAI.US,5,20251002,200000,39.6192,39.6192,39.6192,39.6192,150,0
CPAI.US,5,20251002,200500,39.61,39.61,39.5675,39.5675,350,0
CPAI.US,5,20251002,204500,39.66,39.66,39.66,39.66,350,0
CPAI.US,5,20251002,211500,39.72,39.72,39.72,39.72,104,0
CPAI.US,5,20251002,212000,39.71,39.71,39.675,39.675,217,0
CPAI.US,5,20251002,213000,39.63,39.63,39.63,39.63,200,0
CPAI.US,5,20251002,214000,39.61,39.61,39.61,39.61,131,0
CPAI.US,5,20251002,215000,39.63,39.69,39.63,39.69,520,0
CPAI.US,5,20251002,215500,39.66,39.6827,39.64,39.64,1445,0
CPAI.US,5,20251003,153000,39.84,39.84,39.79,39.79,16206,0
CPAI.US,5,20251003,153500,39.76,39.94,39.76,39.94,1495,0
CPAI.US,5,20251003,154000,39.94,39.94,39.905,39.905,883,0
CPAI.US,5,20251003,162500,39.885,39.885,39.885,39.885,375,0
CPAI.US,5,20251003,163000,39.97,39.97,39.9699,39.9699,400,0
CPAI.US,5,20251003,173500,39.85,39.89,39.85,39.86,1027,0
CPAI.US,5,20251003,181000,39.95,39.95,39.95,39.95,100,0
CPAI.US,5,20251003,182000,39.94,39.94,39.89,39.89,800,0
CPAI.US,5,20251003,183000,39.93,39.93,39.93,39.93,500,0
CPAI.US,5,20251003,183500,39.95,39.95,39.95,39.95,100,0
CPAI.US,5,20251003,190000,39.83,39.83,39.83,39.83,151,0
CPAI.US,5,20251003,200000,39.66,39.66,39.66,39.66,4539,0
CPAI.US,5,20251003,200500,39.62,39.63,39.58,39.58,500,0
CPAI.US,5,20251003,203500,39.68,39.68,39.68,39.68,100,0
CPAI.US,5,20251003,212500,39.65,39.65,39.65,39.65,100,0
CPAI.US,5,20251003,214000,39.67,39.67,39.655,39.655,978,0
CPAI.US,5,20251003,215500,39.62,39.62,39.6185,39.62,1100,0
CPAI.US,5,20251006,153000,39.82,39.82,39.82,39.82,500,0
CPAI.US,5,20251006,160000,39.67,39.67,39.67,39.67,100,0
CPAI.US,5,20251006,164500,39.77,39.77,39.7699,39.7699,500,0
CPAI.US,5,20251006,172500,39.81,39.81,39.8099,39.8099,976,0
CPAI.US,5,20251006,173000,39.790677,39.81,39.790677,39.81,225,0
CPAI.US,5,20251006,175500,39.765,39.765,39.765,39.765,128,0
CPAI.US,5,20251006,180000,39.77,39.77,39.77,39.77,100,0
CPAI.US,5,20251006,184000,39.75,39.75,39.75,39.75,176,0
CPAI.US,5,20251006,190500,39.73,39.73,39.73,39.73,100,0
CPAI.US,5,20251006,194500,39.69,39.69,39.69,39.69,100,0
CPAI.US,5,20251006,200500,39.65,39.6501,39.65,39.6501,1385,0
CPAI.US,5,20251006,202000,39.63,39.63,39.63,39.63,100,0
CPAI.US,5,20251006,215500,39.425,39.425,39.405,39.405,200,0
CPAI.US,5,20251007,153500,39.52,39.52,39.52,39.52,100,0
CPAI.US,5,20251007,154000,39.46,39.46,39.46,39.46,500,0
CPAI.US,5,20251007,160000,39.41,39.41,39.41,39.41,2637,0
CPAI.US,5,20251007,162500,39.1562,39.1562,39.1562,39.1562,150,0
CPAI.US,5,20251007,163000,39.1568,39.16,39.1568,39.1599,400,0
CPAI.US,5,20251007,163500,39.155,39.155,39.155,39.155,150,0
CPAI.US,5,20251007,170000,39.16,39.16,39.16,39.16,100,0
CPAI.US,5,20251007,170500,39.15,39.15,39.15,39.15,492,0
CPAI.US,5,20251007,174000,38.96,38.96,38.96,38.96,200,0
CPAI.US,5,20251007,175000,38.91,38.91,38.91,38.91,102,0
CPAI.US,5,20251007,180000,39.04,39.04,39.01,39.04,500,0
CPAI.US,5,20251007,182000,39,39,39,39,100,0
CPAI.US,5,20251007,195500,39.031804,39.031804,39.026597,39.026597,904,0
CPAI.US,5,20251007,200000,38.9964,38.9964,38.9964,38.9964,193,0
CPAI.US,5,20251007,200500,39.01,39.01,39.01,39.01,200,0
CPAI.US,5,20251007,205000,39,39,39,39,523,0
CPAI.US,5,20251007,214500,39.12,39.12,39.12,39.12,3102,0
CPAI.US,5,20251007,215000,39.08,39.08,39.08,39.08,200,0
CPAI.US,5,20251008,153500,39.26,39.26,39.26,39.26,500,0
CPAI.US,5,20251008,154500,39.17,39.17,39.17,39.17,200,0
CPAI.US,5,20251008,160000,39.35,39.4,39.3499,39.4,1073,0
CPAI.US,5,20251008,160500,39.355,39.42,39.355,39.388331,1673,0
CPAI.US,5,20251008,172500,39.45,39.473656,39.4349,39.473656,853,0
CPAI.US,5,20251008,175500,39.5499,39.5499,39.526,39.526,4427,0
CPAI.US,5,20251008,182000,39.5395,39.5395,39.5395,39.5395,151,0
CPAI.US,5,20251008,200000,39.48,39.48,39.4799,39.4799,2000,0
CPAI.US,5,20251008,200500,39.48,39.48,39.48,39.48,100,0
CPAI.US,5,20251008,203000,39.51,39.51,39.5099,39.5099,1200,0
CPAI.US,5,20251008,203500,39.5177,39.5177,39.5177,39.5177,494,0
CPAI.US,5,20251008,205000,39.5395,39.5395,39.5395,39.5395,500,0
CPAI.US,5,20251008,213000,39.55,39.55,39.55,39.55,100,0
CPAI.US,5,20251008,214500,39.63,39.64,39.5701,39.5701,580,0
CPAI.US,5,20251009,153500,39.5,39.5,39.5,39.5,500,0
CPAI.US,5,20251009,154000,39.475,39.475,39.475,39.475,350,0
CPAI.US,5,20251009,154500,39.45,39.45,39.45,39.45,300,0
CPAI.US,5,20251009,155000,39.36,39.36,39.36,39.36,100,0
CPAI.US,5,20251009,160000,39.35,39.35,39.301,39.301,1305,0
CPAI.US,5,20251009,161500,39.28,39.28,39.28,39.28,100,0
CPAI.US,5,20251009,163000,39.25,39.25,39.25,39.25,100,0
CPAI.US,5,20251009,163500,39.26,39.26,39.26,39.26,100,0
CPAI.US,5,20251009,164000,39.25,39.25,39.25,39.25,200,0
CPAI.US,5,20251009,174000,39.26,39.26,39.26,39.26,100,0
CPAI.US,5,20251009,175500,39.3029,39.3029,39.3029,39.3029,100,0
CPAI.US,5,20251009,182000,39.29,39.29,39.29,39.29,150,0
CPAI.US,5,20251009,184000,39.25,39.25,39.25,39.25,100,0
CPAI.US,5,20251009,190500,39.18,39.18,39.18,39.18,146,0
CPAI.US,5,20251009,191000,39.16,39.16,39.16,39.16,100,0
CPAI.US,5,20251009,192500,39.15,39.15,39.15,39.15,340,0
CPAI.US,5,20251009,200000,39.12,39.12,39.12,39.12,100,0
CPAI.US,5,20251009,202000,39.0474,39.0474,39.0474,39.0474,820,0
CPAI.US,5,20251009,210500,39.035,39.0385,39.035,39.0385,1149,0
CPAI.US,5,20251009,211500,39.05,39.05,39.05,39.05,608,0
CPAI.US,5,20251009,213000,39.07,39.1133,39.07,39.1,840,0
CPAI.US,5,20251009,214000,39.12,39.12,39.095,39.095,447,0
CPAI.US,5,20251009,215500,39.13,39.13,39.13,39.13,200,0
CPAI.US,5,20251010,153000,39.14,39.14,39.14,39.14,500,0
CPAI.US,5,20251010,161500,39,39,39,39,400,0
CPAI.US,5,20251010,164000,39.04,39.04,39.04,39.04,100,0
CPAI.US,5,20251010,165000,39.032,39.032,39.032,39.032,200,0
CPAI.US,5,20251010,170000,38.81,38.81,38.7,38.7,470,0
CPAI.US,5,20251010,172500,38.505,38.505,38.5,38.5,300,0
CPAI.US,5,20251010,173000,38.4,38.4,38.4,38.4,200,0
CPAI.US,5,20251010,173500,38.4,38.4,38.4,38.4,100,0
CPAI.US,5,20251010,185000,38.3,38.3,38.3,38.3,300,0
CPAI.US,5,20251010,191000,38.2,38.2,38.2,38.2,200,0
CPAI.US,5,20251010,191500,38.2,38.2,38.2,38.2,512,0
CPAI.US,5,20251010,200000,38.29,38.29,38.29,38.29,100,0
CPAI.US,5,20251010,201500,38.32,38.33,38.29,38.29,1000,0
CPAI.US,5,20251010,202000,38.34,38.34,38.3399,38.3399,400,0
CPAI.US,5,20251010,203000,38.3,38.3,38.3,38.3,100,0
CPAI.US,5,20251010,213000,38.01,38.02,38.01,38.01,1000,0
CPAI.US,5,20251010,214500,38.04,38.06,38.04,38.06,900,0
CPAI.US,5,20251010,215500,37.94,37.94,37.94,37.94,100,0
CPAI.US,5,20251013,153000,38.54,38.54,38.54,38.54,500,0
CPAI.US,5,20251013,154500,38.616291,38.616291,38.616291,38.616291,350,0
CPAI.US,5,20251013,161000,38.66,38.66,38.66,38.66,100,0
CPAI.US,5,20251013,170500,38.52,38.52,38.5199,38.5199,362,0
CPAI.US,5,20251013,172500,38.551,38.551,38.551,38.551,250,0
CPAI.US,5,20251013,183000,38.62,38.62,38.62,38.62,387,0
CPAI.US,5,20251013,183500,38.6693,38.6693,38.6693,38.6693,775,0
CPAI.US,5,20251013,184000,38.638,38.64,38.638,38.64,408,0
CPAI.US,5,20251013,184500,38.6494,38.6494,38.6494,38.6494,517,0
CPAI.US,5,20251013,191000,38.64,38.64,38.64,38.64,1035,0
CPAI.US,5,20251013,210000,38.59,38.59,38.59,38.59,200,0
CPAI.US,5,20251013,212000,38.7,38.7,38.6744,38.6744,282,0
CPAI.US,5,20251013,213500,38.64,38.66,38.6344,38.6344,1947,0
CPAI.US,5,20251013,214500,38.68,38.68,38.68,38.68,100,0
CPAI.US,5,20251013,215500,38.68,38.68,38.68,38.68,880,0
CPAI.US,5,20251014,153000,38.31,38.31,38.31,38.31,500,0
CPAI.US,5,20251014,155000,38.53,38.53,38.53,38.53,136,0
CPAI.US,5,20251014,155500,38.62,38.62,38.62,38.62,100,0
CPAI.US,5,20251014,161000,38.7,38.82,38.692,38.82,445,0
CPAI.US,5,20251014,163000,38.8883,38.8883,38.8883,38.8883,607,0
CPAI.US,5,20251014,164000,38.9,38.9,38.9,38.9,100,0
CPAI.US,5,20251014,170000,38.89,38.89,38.89,38.89,100,0
CPAI.US,5,20251014,172000,38.9,38.9,38.9,38.9,100,0
CPAI.US,5,20251014,173500,39,39,39,39,100,0
CPAI.US,5,20251014,175000,39,39,39,39,100,0
CPAI.US,5,20251014,180500,39.1337,39.14,39.1337,39.14,986,0
CPAI.US,5,20251014,182500,39.14,39.14,39.14,39.14,100,0
CPAI.US,5,20251014,183500,39.225,39.225,39.225,39.225,353,0
CPAI.US,5,20251014,190000,39.29,39.29,39.29,39.29,100,0
CPAI.US,5,20251014,190500,39.31,39.31,39.31,39.31,200,0
CPAI.US,5,20251014,211500,39.2901,39.2901,39.2901,39.2901,500,0
CPAI.US,5,20251014,213000,39.38,39.38,39.38,39.38,150,0
CPAI.US,5,20251014,213500,39.36,39.36,39.36,39.36,100,0
CPAI.US,5,20251014,215000,39.22,39.26,39.22,39.26,400,0
CPAI.US,5,20251014,215500,39.24,39.24,39.2382,39.2382,400,0
CPAI.US,5,20251015,153000,39.68,39.68,39.54,39.54,2500,0
CPAI.US,5,20251015,155500,39.658,39.68,39.658,39.68,200,0
CPAI.US,5,20251015,190000,39.47,39.47,39.47,39.47,100,0
CPAI.US,5,20251015,201500,39.53,39.53,39.53,39.53,100,0
CPAI.US,5,20251015,213500,39.4784,39.4784,39.4784,39.4784,150,0
CPAI.US,5,20251015,214000,39.495,39.495,39.495,39.495,139,0
CPAI.US,5,20251015,215500,39.56,39.56,39.56,39.56,126,0
CPAI.US,5,20251016,153000,39.74,39.74,39.74,39.74,500,0
CPAI.US,5,20251016,154500,39.8,39.8,39.8,39.8,100,0
CPAI.US,5,20251016,163500,39.7986,39.7986,39.7986,39.7986,1000,0
CPAI.US,5,20251016,170000,39.786,39.786,39.786,39.786,280,0
CPAI.US,5,20251016,170500,39.8,39.8,39.8,39.8,186,0
CPAI.US,5,20251016,172500,39.8411,39.8411,39.8411,39.8411,400,0
CPAI.US,5,20251016,174500,39.79,39.79,39.79,39.79,100,0
CPAI.US,5,20251016,182500,39.71,39.71,39.67,39.67,375,0
CPAI.US,5,20251016,185500,39.61,39.6101,39.61,39.6101,1300,0
CPAI.US,5,20251016,191500,39.785,39.785,39.785,39.785,225,0
CPAI.US,5,20251016,192000,39.78,39.78,39.705,39.705,301,0
CPAI.US,5,20251016,193500,39.7844,39.7844,39.7844,39.7844,364,0
CPAI.US,5,20251016,201000,39.5,39.5,39.5,39.5,200,0
CPAI.US,5,20251016,201500,39.5,39.5,39.5,39.5,200,0
CPAI.US,5,20251016,202000,39.41,39.41,39.41,39.41,100,0
CPAI.US,5,20251016,202500,39.4,39.4,39.4,39.4,100,0
CPAI.US,5,20251016,204000,39.49,39.49,39.49,39.49,100,0
CPAI.US,5,20251016,210500,39.4,39.4,39.4,39.4,269,0
CPAI.US,5,20251016,211000,39.5,39.5,39.45,39.48,59368,0
CPAI.US,5,20251016,213000,39.41,39.41,39.41,39.41,100,0
CPAI.US,5,20251016,214000,39.41,39.41,39.41,39.41,100,0
CPAI.US,5,20251017,153000,39.22,39.22,39.22,39.22,500,0
CPAI.US,5,20251017,162000,39.36,39.36,39.36,39.36,100,0
CPAI.US,5,20251017,165500,39.15,39.15,39.15,39.15,100,0
CPAI.US,5,20251017,170500,39.1394,39.1394,39.1394,39.1394,187,0
CPAI.US,5,20251017,171000,39.11,39.11,39.07,39.07,499,0
CPAI.US,5,20251017,171500,39.02,39.03,39.02,39.03,500,0
CPAI.US,5,20251017,172000,39.01,39.01,39.01,39.01,203,0
CPAI.US,5,20251017,173500,38.98,38.98,38.98,38.98,100,0
CPAI.US,5,20251017,175000,39.09,39.09,39.09,39.09,100,0
CPAI.US,5,20251017,180500,39.1092,39.1092,39.1092,39.1092,274,0
CPAI.US,5,20251017,182000,39.16,39.16,39.16,39.16,100,0
CPAI.US,5,20251017,202000,39.19,39.2,39.19,39.1999,940,0
CPAI.US,5,20251017,211500,39.2295,39.2295,39.2295,39.2295,100,0
CPAI.US,5,20251017,213000,39.19,39.19,39.19,39.19,100,0
CPAI.US,5,20251020,153000,39.45,39.45,39.38,39.45,465,0
CPAI.US,5,20251020,154500,39.45,39.55,39.45,39.55,600,0
CPAI.US,5,20251020,155000,39.5413,39.5413,39.5413,39.5413,102,0
CPAI.US,5,20251020,161000,39.42,39.42,39.42,39.42,100,0
CPAI.US,5,20251020,162000,39.38,39.38,39.38,39.38,700,0
CPAI.US,5,20251020,172500,39.43,39.5299,39.41,39.5299,4301,0
CPAI.US,5,20251020,173000,39.3651,39.3651,39.3651,39.3651,357,0
CPAI.US,5,20251020,184000,39.35,39.35,39.35,39.35,100,0
CPAI.US,5,20251020,200500,39.5396,39.5396,39.5396,39.5396,657,0
CPAI.US,5,20251020,202500,39.53,39.53,39.53,39.53,2528,0
CPAI.US,5,20251020,210000,39.55,39.55,39.55,39.55,100,0
CPAI.US,5,20251020,215500,39.48,39.48,39.48,39.48,200,0
CPAI.US,5,20251021,154500,39.16,39.16,39.06,39.12,1000,0
CPAI.US,5,20251021,155000,39.12,39.12,39.12,39.12,417,0
CPAI.US,5,20251021,161000,39.19,39.195,39.19,39.195,1197,0
CPAI.US,5,20251021,162500,39.2388,39.2388,39.2388,39.2388,605,0
CPAI.US,5,20251021,163500,39.2297,39.2297,39.2297,39.2297,2403,0
CPAI.US,5,20251021,173000,39.24,39.24,39.24,39.24,100,0
CPAI.US,5,20251021,184000,39.295,39.295,39.295,39.295,1275,0
CPAI.US,5,20251021,184500,39.3687,39.3687,39.3687,39.3687,487,0
CPAI.US,5,20251021,185500,39.2882,39.2882,39.2882,39.2882,300,0
CPAI.US,5,20251021,193500,39.2389,39.2389,39.2389,39.2389,385,0
CPAI.US,5,20251021,200500,39.238,39.29,39.238,39.29,763,0
CPAI.US,5,20251021,202000,39.29,39.29,39.29,39.29,500,0
CPAI.US,5,20251021,205000,39.26,39.26,39.26,39.26,100,0
CPAI.US,5,20251021,210000,39.26,39.26,39.26,39.26,250,0
CPAI.US,5,20251021,213000,39.25,39.25,39.25,39.25,100,0
CPAI.US,5,20251022,153000,39.04,39.04,39.04,39.04,500,0
CPAI.US,5,20251022,153500,39.1117,39.1117,39.1117,39.1117,300,0
CPAI.US,5,20251022,161000,39.1433,39.1433,39.1433,39.1433,130,0
CPAI.US,5,20251022,161500,39.14,39.14,39.14,39.14,144,0
CPAI.US,5,20251022,162000,39.19,39.19,39.15,39.15,300,0
CPAI.US,5,20251022,162500,39.15,39.15,39.12,39.12,300,0
CPAI.US,5,20251022,164500,38.8201,38.8201,38.8201,38.8201,300,0
CPAI.US,5,20251022,170500,39.005,39.005,39.005,39.005,400,0
CPAI.US,5,20251022,172000,38.99,38.99,38.99,38.99,100,0
CPAI.US,5,20251022,173000,38.88,38.88,38.88,38.88,857,0
CPAI.US,5,20251022,173500,38.98,38.98,38.9799,38.9799,600,0
CPAI.US,5,20251022,174000,38.98,38.98,38.9444,38.9444,1114,0
CPAI.US,5,20251022,175000,39.11,39.11,39.11,39.11,100,0
CPAI.US,5,20251022,181500,38.93,38.93,38.93,38.93,100,0
CPAI.US,5,20251022,183000,38.75,38.75,38.75,38.75,200,0
CPAI.US,5,20251022,184000,38.83,38.83,38.8299,38.8299,1222,0
CPAI.US,5,20251022,185500,38.85,38.89,38.85,38.89,1474,0
CPAI.US,5,20251022,190000,38.87,38.87,38.8,38.8,463,0
CPAI.US,5,20251022,191000,38.86,38.86,38.86,38.86,1293,0
CPAI.US,5,20251022,192500,38.74,38.74,38.74,38.74,100,0
CPAI.US,5,20251022,193500,38.82,38.82,38.76,38.76,700,0
CPAI.US,5,20251022,194500,38.75,38.75,38.7499,38.7499,1515,0
CPAI.US,5,20251022,202000,38.84,38.84,38.84,38.84,100,0
CPAI.US,5,20251022,203000,38.9,38.91,38.8999,38.9,4180,0
CPAI.US,5,20251022,210000,38.96,38.96,38.96,38.96,100,0
CPAI.US,5,20251022,213000,39.1,39.1,39.1,39.1,100,0
CPAI.US,5,20251022,214500,39.07,39.12,39.07,39.12,467,0
CPAI.US,5,20251022,215500,39.1,39.1,39.09,39.09,200,0
CPAI.US,5,20251023,153000,39.44,39.44,39.44,39.44,4100,0
CPAI.US,5,20251023,153500,39.43,39.43,39.43,39.43,500,0
CPAI.US,5,20251023,154500,39.57,39.57,39.562,39.562,200,0
CPAI.US,5,20251023,155000,39.57,39.67,39.57,39.67,500,0
CPAI.US,5,20251023,171500,39.56,39.56,39.56,39.56,100,0
CPAI.US,5,20251023,181000,39.623,39.623,39.623,39.623,190,0
CPAI.US,5,20251023,184500,39.66,39.66,39.65,39.65,1526,0
CPAI.US,5,20251023,185000,39.67,39.68,39.67,39.68,400,0
CPAI.US,5,20251023,191500,39.69,39.69,39.69,39.69,1000,0
CPAI.US,5,20251023,193500,39.77,39.77,39.77,39.77,100,0
CPAI.US,5,20251023,194500,39.75,39.75,39.75,39.75,755,0
CPAI.US,5,20251023,195000,39.745,39.77,39.745,39.77,304,0
CPAI.US,5,20251023,201500,39.81,39.81,39.81,39.81,100,0
CPAI.US,5,20251023,210500,39.78,39.78,39.78,39.78,100,0
CPAI.US,5,20251023,212500,39.756,39.77,39.756,39.77,200,0
CPAI.US,5,20251023,213500,39.72,39.72,39.72,39.72,1363,0
CPAI.US,5,20251023,215500,39.71,39.71,39.71,39.71,214,0
CPAI.US,5,20251024,153000,39.95,39.95,39.95,39.95,100,0
CPAI.US,5,20251024,153500,39.95,39.95,39.95,39.95,100,0
CPAI.US,5,20251024,154500,40.05,40.15,40.0499,40.0499,1150,0
CPAI.US,5,20251024,155000,40.05,40.05,40.05,40.05,500,0
CPAI.US,5,20251024,155500,40.0675,40.10275,40.0675,40.10275,515,0
CPAI.US,5,20251024,160000,40.075,40.075,40.075,40.075,375,0
CPAI.US,5,20251024,161000,40.15,40.15,40.15,40.15,275,0
CPAI.US,5,20251024,165500,40.1489,40.1489,40.1489,40.1489,400,0
CPAI.US,5,20251024,171000,40.23,40.23,40.23,40.23,100,0
CPAI.US,5,20251024,172500,40.21,40.21,40.21,40.21,100,0
CPAI.US,5,20251024,174500,40.16999,40.16999,40.16999,40.16999,254,0
CPAI.US,5,20251024,180000,40.25,40.25,40.2281,40.2281,524,0
CPAI.US,5,20251024,183000,40.23,40.23,40.23,40.23,100,0
CPAI.US,5,20251024,185500,40.25,40.25,40.25,40.25,100,0
CPAI.US,5,20251024,190500,40.205,40.25,40.205,40.2171,942,0
CPAI.US,5,20251024,191000,40.25,40.25,40.2171,40.2171,290,0
CPAI.US,5,20251024,192500,40.1742,40.1742,40.1742,40.1742,800,0
CPAI.US,5,20251024,193000,40.1213,40.1213,40.1213,40.1213,200,0
CPAI.US,5,20251024,203000,40.25,40.25,40.25,40.25,100,0
CPAI.US,5,20251024,204500,40.195,40.195,40.195,40.195,104,0
CPAI.US,5,20251024,211000,40.23,40.23,40.23,40.23,159,0
CPAI.US,5,20251024,211500,40.2196,40.2196,40.2196,40.2196,312,0
CPAI.US,5,20251024,212500,40.25,40.25,40.25,40.25,384,0
CPAI.US,5,20251024,214000,40.23,40.23,40.2063,40.2063,1092,0
CPAI.US,5,20251024,215500,40.16,40.16,40.16,40.16,100,0
CPAI.US,5,20251027,143000,40.22,40.22,40.22,40.22,500,0
CPAI.US,5,20251027,145000,40.229,40.248,40.229,40.248,300,0
CPAI.US,5,20251027,145500,40.28,40.28,40.255,40.255,650,0
CPAI.US,5,20251027,150000,40.2433,40.248,40.2433,40.248,200,0
CPAI.US,5,20251027,151500,40.18,40.18,40.18,40.18,100,0
CPAI.US,5,20251027,154500,40.13,40.13,40.13,40.13,100,0
CPAI.US,5,20251027,160500,40.1,40.1,40.1,40.1,300,0
CPAI.US,5,20251027,164000,40.08,40.08,40.08,40.08,200,0
CPAI.US,5,20251027,164500,40.1,40.1,40.065,40.065,1096,0
CPAI.US,5,20251027,170500,40.0088,40.05,40.0088,40.025,950,0
CPAI.US,5,20251027,180500,40.05,40.05,40.05,40.05,500,0
CPAI.US,5,20251027,182000,40,40,40,40,100,0
CPAI.US,5,20251027,183000,40,40.005,40,40.005,120291,0
CPAI.US,5,20251027,184000,40.01,40.01,40.01,40.01,542,0
CPAI.US,5,20251027,193000,40.03,40.03,40.03,40.03,100,0
CPAI.US,5,20251027,193500,40.03,40.03,40.03,40.03,100,0
CPAI.US,5,20251027,194000,40.05,40.05,40.05,40.05,100,0
CPAI.US,5,20251027,194500,40.06,40.06,40.06,40.06,100,0
CPAI.US,5,20251027,195000,40.07,40.07,40.07,40.07,100,0
CPAI.US,5,20251027,195500,40.09,40.09,40.09,40.09,100,0
CPAI.US,5,20251027,201000,40.0804,40.0804,40.0804,40.0804,600,0
CPAI.US,5,20251027,204000,40.08,40.08,40.08,40.08,3625,0
CPAI.US,5,20251028,143000,39.85,39.85,39.85,39.85,500,0
CPAI.US,5,20251028,144000,39.79,39.79,39.79,39.79,156,0
CPAI.US,5,20251028,145500,39.83,39.84,39.83,39.84,500,0
CPAI.US,5,20251028,153000,39.92,39.92,39.92,39.92,738,0
CPAI.US,5,20251028,155500,39.9,39.9,39.9,39.9,1487,0
CPAI.US,5,20251028,160500,39.9099,39.9099,39.8346,39.8346,1807,0
CPAI.US,5,20251028,163000,39.84,39.84,39.84,39.84,200,0
CPAI.US,5,20251028,164000,39.7668,39.7668,39.7668,39.7668,268,0
CPAI.US,5,20251028,165000,39.85,39.85,39.85,39.85,500,0
CPAI.US,5,20251028,170500,39.8305,39.8305,39.8305,39.8305,200,0
CPAI.US,5,20251028,172500,39.875,39.875,39.875,39.875,329,0
CPAI.US,5,20251028,181000,39.982,39.982,39.982,39.982,377,0
CPAI.US,5,20251028,183500,39.9442,39.9442,39.9442,39.9442,661,0
CPAI.US,5,20251028,185500,39.92,39.92,39.92,39.92,223,0
CPAI.US,5,20251028,202000,39.88,39.88,39.88,39.88,1500,0
CPAI.US,5,20251028,203500,39.8802,39.8802,39.88,39.88,1453,0
CPAI.US,5,20251028,204000,39.8474,39.85,39.8474,39.85,604,0
CPAI.US,5,20251028,205500,39.85,39.85,39.81,39.81,376,0
CPAI.US,5,20251029,143000,39.9899,39.9899,39.92,39.92,1045,0
CPAI.US,5,20251029,152000,39.99,39.99,39.99,39.99,100,0
CPAI.US,5,20251029,153500,39.95,39.95,39.95,39.95,120,0
CPAI.US,5,20251029,155000,40.06,40.11,40.06,40.1099,500,0
CPAI.US,5,20251029,161000,40.2,40.2,40.2,40.2,300,0
CPAI.US,5,20251029,162000,40.1815,40.1815,40.1815,40.1815,298,0
CPAI.US,5,20251029,164000,40.14,40.14,40.14,40.14,100,0
CPAI.US,5,20251029,172000,40.14,40.14,40.14,40.14,352,0
CPAI.US,5,20251029,180500,40.129,40.13,40.129,40.1299,500,0
CPAI.US,5,20251029,191500,40.11,40.11,40.0652,40.0652,334,0
CPAI.US,5,20251029,193500,39.87,39.87,39.87,39.87,207,0
CPAI.US,5,20251029,194000,39.77,39.77,39.77,39.77,392,0
CPAI.US,5,20251029,200000,39.87,39.92,39.87,39.92,280,0
CPAI.US,5,20251029,201000,39.88,39.88,39.88,39.88,500,0
CPAI.US,5,20251029,204500,39.73,39.73,39.73,39.73,200,0
CPAI.US,5,20251029,205000,39.797,39.797,39.797,39.797,500,0
CPAI.US,5,20251029,205500,39.81,39.81,39.81,39.81,1500,0
CPAI.US,5,20251030,143000,39.83,39.83,39.83,39.83,500,0
CPAI.US,5,20251030,144500,39.91,39.91,39.91,39.91,100,0
CPAI.US,5,20251030,145500,39.96,39.96,39.96,39.96,123,0
CPAI.US,5,20251030,151000,40.01,40.01,39.9752,40.01,1500,0
CPAI.US,5,20251030,152500,39.9181,39.9181,39.9181,39.9181,1000,0
CPAI.US,5,20251030,153500,40.05,40.05,39.996,39.996,421,0
CPAI.US,5,20251030,173000,39.8311,39.8311,39.8311,39.8311,808,0
CPAI.US,5,20251030,173500,39.74,39.74,39.74,39.74,243,0
CPAI.US,5,20251030,174500,39.842,39.86,39.842,39.86,3156,0
CPAI.US,5,20251030,175000,39.88,39.88,39.88,39.88,1500,0
CPAI.US,5,20251030,182500,39.78,39.78,39.78,39.78,125,0
CPAI.US,5,20251030,184000,39.7693,39.780932,39.7693,39.780932,405,0
CPAI.US,5,20251030,191500,39.73,39.73,39.73,39.73,1327,0
CPAI.US,5,20251030,192500,39.73,39.73,39.73,39.73,114,0
CPAI.US,5,20251030,193000,39.73,39.73,39.64,39.64,1385,0
CPAI.US,5,20251030,194000,39.6597,39.6597,39.6597,39.6597,3023,0
CPAI.US,5,20251030,205000,39.47,39.47,39.47,39.47,406,0
CPAI.US,5,20251031,143000,39.52,39.52,39.52,39.52,500,0
CPAI.US,5,20251031,151000,39.31,39.31,39.31,39.31,7955,0
CPAI.US,5,20251031,152000,39.45,39.45,39.45,39.45,1150,0
CPAI.US,5,20251031,152500,39.48,39.58,39.4599,39.4899,8200,0
CPAI.US,5,20251031,163500,39.37,39.37,39.3199,39.3199,512,0
CPAI.US,5,20251031,170000,39.25,39.25,39.25,39.25,377,0
CPAI.US,5,20251031,171000,39.16,39.16,39.16,39.16,510,0
CPAI.US,5,20251031,171500,39.15,39.15,39.15,39.15,201,0
CPAI.US,5,20251031,193500,39.2164,39.2164,39.2164,39.2164,500,0
CPAI.US,5,20251031,194000,39.2601,39.2601,39.2601,39.2601,553,0
CPAI.US,5,20251031,202500,39.38,39.38,39.38,39.38,100,0
CPAI.US,5,20251031,205500,39.3,39.3,39.3,39.3,1500,0
CPAI.US,5,20251103,153000,39.234,39.234,39.234,39.234,157,0
CPAI.US,5,20251103,153500,39.15,39.15,39.15,39.15,500,0
CPAI.US,5,20251103,155000,39.29,39.3184,39.29,39.3184,1197,0
CPAI.US,5,20251103,160500,39.26,39.26,39.26,39.26,100,0
CPAI.US,5,20251103,163500,39,39.08,38.9854,39.08,6675,0
CPAI.US,5,20251103,171000,39.1896,39.1896,39.1896,39.1896,193,0
CPAI.US,5,20251103,172000,39.29,39.29,39.289,39.2899,582,0
CPAI.US,5,20251103,180000,39.2971,39.2971,39.2971,39.2971,250,0
CPAI.US,5,20251103,181500,39.328,39.328,39.328,39.328,127,0
CPAI.US,5,20251103,184500,39.37,39.37,39.37,39.37,481,0
CPAI.US,5,20251103,191000,39.39,39.39,39.39,39.39,600,0
CPAI.US,5,20251103,193000,39.36,39.38,39.3599,39.38,500,0
CPAI.US,5,20251103,193500,39.39,39.39,39.3899,39.3899,220,0
CPAI.US,5,20251103,203500,39.41,39.41,39.41,39.41,399,0
CPAI.US,5,20251103,211000,39.31,39.31,39.31,39.31,500,0
CPAI.US,5,20251103,213500,39.32,39.32,39.32,39.32,100,0
CPAI.US,5,20251104,153000,38.82,38.82,38.82,38.82,500,0
CPAI.US,5,20251104,154000,39.11,39.11,39.11,39.11,300,0
CPAI.US,5,20251104,154500,39.1081,39.1081,39.1081,39.1081,100,0
CPAI.US,5,20251104,155500,39.2183,39.2183,39.2183,39.2183,100,0
CPAI.US,5,20251104,160000,39.08,39.08,39.08,39.08,7750,0
CPAI.US,5,20251104,171500,39.019,39.019,38.9798,38.9798,580,0
CPAI.US,5,20251104,172000,38.975,38.9898,38.975,38.9898,311,0
CPAI.US,5,20251104,175000,38.985,38.985,38.985,38.985,800,0
CPAI.US,5,20251104,175500,39.0891,39.0891,39.0891,39.0891,750,0
CPAI.US,5,20251104,183000,39.07,39.07,39.07,39.07,100,0
CPAI.US,5,20251104,193000,38.9677,38.9677,38.9677,38.9677,200,0
CPAI.US,5,20251104,195000,39,39,39,39,100,0
CPAI.US,5,20251104,200000,38.971,38.971,38.971,38.971,447,0
CPAI.US,5,20251104,205000,38.9585,38.9585,38.9585,38.9585,1245,0
CPAI.US,5,20251104,205500,38.9792,38.9792,38.9792,38.9792,708,0
CPAI.US,5,20251104,210000,38.989,38.989,38.918,38.918,256,0
CPAI.US,5,20251104,213000,38.9221,38.9221,38.9221,38.9221,200,0
CPAI.US,5,20251104,215500,38.89,38.89,38.8887,38.89,600,0
CPAI.US,5,20251105,153000,39.05,39.05,39.05,39.05,500,0
CPAI.US,5,20251105,165500,39.26,39.26,39.26,39.26,100,0
CPAI.US,5,20251105,170000,39.21,39.21,39.21,39.21,116,0
CPAI.US,5,20251105,180500,39.57,39.57,39.57,39.57,516,0
CPAI.US,5,20251105,181500,39.58,39.59,39.58,39.59,1860,0
CPAI.US,5,20251105,192500,39.6398,39.6398,39.6398,39.6398,144,0
CPAI.US,5,20251105,195500,39.7,39.7,39.7,39.7,100,0
CPAI.US,5,20251105,204500,39.63,39.64,39.6284,39.6284,1300,0
CPAI.US,5,20251105,205000,39.63,39.63,39.63,39.63,1149,0
CPAI.US,5,20251105,211000,39.68,39.68,39.68,39.68,436,0
CPAI.US,5,20251105,215000,39.636,39.66,39.636,39.66,232,0
CPAI.US,5,20251106,153000,39.16,39.16,39.16,39.16,500,0
CPAI.US,5,20251106,153500,39.25,39.25,39.25,39.25,100,0
CPAI.US,5,20251106,155000,39.075,39.075,39.075,39.075,335,0
CPAI.US,5,20251106,155500,39.0888,39.15,39.0888,39.15,613,0
CPAI.US,5,20251106,174500,38.955,38.955,38.955,38.955,299,0
CPAI.US,5,20251106,182000,38.96,38.96,38.94,38.94,200,0
CPAI.US,5,20251106,182500,38.92,38.92,38.92,38.92,100,0
CPAI.US,5,20251106,211000,38.99,38.99,38.99,38.99,100,0
CPAI.US,5,20251106,215500,38.77,38.77,38.7699,38.7699,348,0
CPAI.US,5,20251107,153500,38.61,38.61,38.61,38.61,500,0
CPAI.US,5,20251107,155000,38.7304,38.7799,38.7304,38.7799,336,0
CPAI.US,5,20251107,155500,38.86,38.915,38.86,38.915,200,0
CPAI.US,5,20251107,160000,38.785,38.785,38.785,38.785,785,0
CPAI.US,5,20251107,160500,38.74,38.74,38.74,38.74,100,0
CPAI.US,5,20251107,174500,38.5409,38.55,38.5409,38.54325,1896,0
CPAI.US,5,20251107,175000,38.58,38.58,38.58,38.58,100,0
CPAI.US,5,20251107,175500,38.53,38.53,38.53,38.53,200,0
CPAI.US,5,20251107,182000,38.5989,38.5989,38.5989,38.5989,400,0
CPAI.US,5,20251107,185500,38.6,38.6,38.6,38.6,100,0
CPAI.US,5,20251107,200000,38.77,38.7734,38.77,38.7734,935,0
CPAI.US,5,20251107,204500,38.96,38.96,38.96,38.96,100,0
CPAI.US,5,20251107,210500,39.02,39.1,39.02,39.08,4382,0
CPAI.US,5,20251107,211000,39.03,39.04,39.03,39.04,1829,0
CPAI.US,5,20251107,213500,38.9107,38.9107,38.9107,38.9107,140,0
CPAI.US,5,20251107,214500,38.99,38.99,38.99,38.99,100,0
CPAI.US,5,20251107,215500,39.01,39.01,39.01,39.01,152,0
CPAI.US,5,20251110,154000,39.63,39.63,39.63,39.63,500,0
CPAI.US,5,20251110,155500,39.7692,39.7692,39.7692,39.7692,100,0
CPAI.US,5,20251110,161000,39.76,39.76,39.7556,39.7556,628,0
CPAI.US,5,20251110,163000,39.7327,39.7327,39.7327,39.7327,255,0
CPAI.US,5,20251110,164500,39.75,39.75,39.75,39.75,100,0
CPAI.US,5,20251110,172500,39.7451,39.7451,39.7451,39.7451,450,0
CPAI.US,5,20251110,175000,39.79,39.79,39.79,39.79,109,0
CPAI.US,5,20251110,180000,39.89,39.89,39.8899,39.8899,2000,0
CPAI.US,5,20251110,180500,39.91,39.94,39.8865,39.8865,836,0
CPAI.US,5,20251110,181000,39.9199,39.9199,39.9199,39.9199,128,0
CPAI.US,5,20251110,184500,39.9792,39.9822,39.9792,39.9822,318,0
CPAI.US,5,20251110,191000,40,40,40,40,100,0
CPAI.US,5,20251110,191500,39.995,40.03,39.995,40.03,400,0
CPAI.US,5,20251110,192000,39.995,39.995,39.995,39.995,580,0
CPAI.US,5,20251110,193500,40.07,40.07,40.07,40.07,100,0
CPAI.US,5,20251110,212000,39.92,39.92,39.92,39.92,1488,0
CPAI.US,5,20251110,212500,39.94,39.94,39.8918,39.8918,1515,0
CPAI.US,5,20251110,213000,39.903,39.903,39.903,39.903,4507,0
CPAI.US,5,20251110,213500,39.93,39.93,39.93,39.93,100,0
CPAI.US,5,20251110,214000,39.9,39.9,39.9,39.9,554,0
CPAI.US,5,20251110,215500,39.97,39.97,39.97,39.97,100,0
CPAI.US,5,20251111,153000,39.96,39.96,39.96,39.96,2602,0
CPAI.US,5,20251111,153500,39.82,39.82,39.82,39.82,500,0
CPAI.US,5,20251111,155000,39.72,39.72,39.69,39.69,400,0
CPAI.US,5,20251111,155500,39.76,39.76,39.76,39.76,640,0
CPAI.US,5,20251111,161000,39.7012,39.7012,39.7,39.7,400,0
CPAI.US,5,20251111,162000,39.6272,39.6272,39.6272,39.6272,150,0
CPAI.US,5,20251111,171500,39.74,39.74,39.74,39.74,100,0
CPAI.US,5,20251111,180500,39.79,39.79,39.79,39.79,100,0
CPAI.US,5,20251111,182500,39.71,39.74,39.71,39.71,4837,0
CPAI.US,5,20251111,185000,39.81,39.81,39.81,39.81,100,0
CPAI.US,5,20251111,193500,39.7466,39.7466,39.7466,39.7466,125,0
CPAI.US,5,20251111,200000,39.8,39.8,39.8,39.8,100,0
CPAI.US,5,20251111,203000,39.77,39.77,39.77,39.77,1698,0
CPAI.US,5,20251111,203500,39.8,39.8,39.7735,39.7735,866,0
CPAI.US,5,20251111,210000,39.7579,39.7579,39.7579,39.7579,245,0
CPAI.US,5,20251111,211000,39.83,39.83,39.8099,39.81,1949,0
CPAI.US,5,20251111,212000,39.802,39.802,39.802,39.802,630,0
CPAI.US,5,20251111,213000,39.75,39.75,39.7492,39.7492,504,0
CPAI.US,5,20251111,214000,39.72,39.72,39.72,39.72,240,0
CPAI.US,5,20251111,215500,39.76,39.76,39.76,39.76,100,0
CPAI.US,5,20251112,155000,40.05,40.05,40.05,40.05,500,0
CPAI.US,5,20251112,191000,40.09,40.09,40.09,40.09,200,0
CPAI.US,5,20251112,193000,40.1268,40.1268,40.1268,40.1268,750,0
CPAI.US,5,20251112,202500,40.07,40.07,40.07,40.07,100,0
CPAI.US,5,20251112,213500,40.04,40.04,40.0287,40.0287,600,0
CPAI.US,5,20251112,215500,39.95,39.95,39.95,39.95,100,0
CPAI.US,5,20251113,153000,39.9,39.92,39.9,39.92,600,0
CPAI.US,5,20251113,153500,39.89,39.89,39.84,39.84,800,0
CPAI.US,5,20251113,154000,39.82,39.82,39.72,39.72,5050,0
CPAI.US,5,20251113,154500,39.71,39.7161,39.71,39.7161,901,0
CPAI.US,5,20251113,160000,39.8,39.8,39.776173,39.7768,2261,0
CPAI.US,5,20251113,163000,39.73,39.73,39.72,39.72,600,0
CPAI.US,5,20251113,163500,39.71,39.71,39.71,39.71,390,0
CPAI.US,5,20251113,164500,39.6,39.6,39.6,39.6,247,0
CPAI.US,5,20251113,172500,39.55,39.55,39.55,39.55,100,0
CPAI.US,5,20251113,174000,39.5,39.5,39.381,39.381,550,0
CPAI.US,5,20251113,182000,39.47,39.47,39.47,39.47,100,0
CPAI.US,5,20251113,193500,39.13,39.13,39.13,39.13,100,0
CPAI.US,5,20251113,204500,39.22,39.22,39.22,39.22,100,0
CPAI.US,5,20251113,205000,39.13,39.13,39.13,39.13,400,0
CPAI.US,5,20251113,212500,39.12,39.12,39.12,39.12,100,0
CPAI.US,5,20251113,213500,39.1991,39.1991,39.1991,39.1991,1500,0
CPAI.US,5,20251113,214500,39.164,39.22,39.164,39.19,2825,0
CPAI.US,5,20251113,215000,39.16,39.16,39.16,39.16,100,0
CPAI.US,5,20251113,215500,39.14,39.15,39.14,39.14,2000,0
CPAI.US,5,20251114,153000,38.7,38.7,38.67,38.7,800,0
CPAI.US,5,20251114,154500,39.09,39.09,39.09,39.09,300,0
CPAI.US,5,20251114,155500,39.12,39.12,39.12,39.12,100,0
CPAI.US,5,20251114,160000,39.06,39.1,39.06,39.09,1600,0
CPAI.US,5,20251114,172000,39.19,39.19,39.19,39.19,279,0
CPAI.US,5,20251114,184500,39.37,39.37,39.37,39.37,138,0
CPAI.US,5,20251114,202500,39.28,39.28,39.28,39.28,500,0
CPAI.US,5,20251117,154000,39.3433,39.3433,39.3433,39.3433,100,0
CPAI.US,5,20251117,160500,39.29,39.29,39.29,39.29,100,0
CPAI.US,5,20251117,164000,39.1768,39.1768,39.1768,39.1768,2551,0
CPAI.US,5,20251117,164500,39.175,39.175,39.175,39.175,100,0
CPAI.US,5,20251117,165000,39.17,39.17,39.17,39.17,100,0
CPAI.US,5,20251117,171500,39,39,39,39,300,0
CPAI.US,5,20251117,172500,39.01,39.06,39.0075,39.06,3319,0
CPAI.US,5,20251117,175000,39.19,39.19,39.19,39.19,100,0
CPAI.US,5,20251117,184500,39.1357,39.1357,39.1357,39.1357,346,0
CPAI.US,5,20251117,185000,39.141,39.141,39.141,39.141,380,0
CPAI.US,5,20251117,193500,39.07,39.07,39.07,39.07,100,0
CPAI.US,5,20251117,202000,38.91,38.91,38.91,38.91,100,0
CPAI.US,5,20251117,202500,38.9,38.9,38.9,38.9,300,0
CPAI.US,5,20251117,203000,38.81,38.81,38.81,38.81,100,0
CPAI.US,5,20251117,203500,38.8,38.8,38.8,38.8,300,0
CPAI.US,5,20251117,204000,38.71,38.73,38.71,38.7198,350,0
CPAI.US,5,20251117,204500,38.72,38.72,38.72,38.72,241,0
CPAI.US,5,20251117,205000,38.71,38.71,38.71,38.71,100,0
CPAI.US,5,20251117,205500,38.7,38.7,38.67,38.67,300,0
CPAI.US,5,20251117,211500,38.63,38.63,38.63,38.63,514,0
CPAI.US,5,20251117,212000,38.65,38.65,38.65,38.65,1324,0
CPAI.US,5,20251117,212500,38.66,38.66,38.66,38.66,100,0
CPAI.US,5,20251117,213500,38.65,38.65,38.65,38.65,102,0
CPAI.US,5,20251117,214500,38.67,38.67,38.67,38.67,100,0
CPAI.US,5,20251117,215500,38.7,38.7,38.7,38.7,100,0
CPAI.US,5,20251118,155000,38.51,38.51,38.47,38.47,600,0
CPAI.US,5,20251118,160000,38.47,38.47,38.37,38.37,700,0
CPAI.US,5,20251118,161000,38.35,38.35,38.35,38.35,100,0
CPAI.US,5,20251118,170000,38.27,38.27,38.24,38.24,900,0
CPAI.US,5,20251118,172000,38.44,38.44,38.44,38.44,100,0
CPAI.US,5,20251118,172500,38.44,38.45,38.44,38.45,236,0
CPAI.US,5,20251118,174500,38.5,38.5,38.5,38.5,200,0
CPAI.US,5,20251118,175500,38.55,38.55,38.55,38.55,200,0
CPAI.US,5,20251118,184000,38.6,38.6,38.6,38.6,100,0
CPAI.US,5,20251118,195000,38.875,38.8999,38.8705,38.8825,638,0
CPAI.US,5,20251118,203000,38.84,38.84,38.84,38.84,100,0
CPAI.US,5,20251118,211500,38.87,38.87,38.87,38.87,100,0
CPAI.US,5,20251119,153500,38.71,38.71,38.71,38.71,500,0
CPAI.US,5,20251119,155000,38.67,38.67,38.67,38.67,100,0
CPAI.US,5,20251119,171000,38.56,38.56,38.56,38.56,280,0
CPAI.US,5,20251119,172500,38.4894,38.51,38.4894,38.51,360,0
CPAI.US,5,20251119,173000,38.5,38.5,38.5,38.5,100,0
CPAI.US,5,20251119,173500,38.46,38.46,38.46,38.46,400,0
CPAI.US,5,20251119,182000,38.43,38.43,38.43,38.43,100,0
CPAI.US,5,20251119,183500,38.36,38.36,38.36,38.36,300,0
CPAI.US,5,20251119,185000,38.44,38.44,38.44,38.44,100,0
CPAI.US,5,20251119,191500,38.5,38.5,38.5,38.5,166,0
CPAI.US,5,20251119,192500,38.47,38.47,38.47,38.47,2281,0
CPAI.US,5,20251119,193000,38.51,38.51,38.51,38.51,100,0
CPAI.US,5,20251119,204500,38.3728,38.3728,38.3728,38.3728,2083,0
CPAI.US,5,20251119,205000,38.38,38.4398,38.38,38.4398,1586,0
CPAI.US,5,20251119,213500,38.6215,38.6215,38.6215,38.6215,133,0
CPAI.US,5,20251119,214500,38.5515,38.5515,38.5515,38.5515,141,0
CPAI.US,5,20251120,153000,39.07,39.1,39.07,39.1,2681,0
CPAI.US,5,20251120,153500,38.99,38.99,38.82,38.82,1300,0
CPAI.US,5,20251120,160000,38.93,38.93,38.93,38.93,160,0
CPAI.US,5,20251120,161000,38.86,38.86,38.86,38.86,100,0
CPAI.US,5,20251120,162000,38.7954,38.7954,38.7954,38.7954,155,0
CPAI.US,5,20251120,165500,38.73,38.73,38.73,38.73,100,0
CPAI.US,5,20251120,170500,38.67,38.67,38.66,38.66,400,0
CPAI.US,5,20251120,171500,38.57,38.57,38.57,38.57,300,0
CPAI.US,5,20251120,172000,38.49,38.49,38.49,38.49,100,0
CPAI.US,5,20251120,172500,38.47,38.49,38.47,38.49,315,0
CPAI.US,5,20251120,173000,38.37,38.37,38.37,38.37,300,0
CPAI.US,5,20251120,173500,38.27,38.27,38.27,38.27,100,0
CPAI.US,5,20251120,175500,38,38,38,38,100,0
CPAI.US,5,20251120,180000,38.01,38.01,38.01,38.01,100,0
CPAI.US,5,20251120,182500,37.81,37.82,37.81,37.82,1000,0
CPAI.US,5,20251120,183500,37.8,37.8,37.8,37.8,100,0
CPAI.US,5,20251120,184000,37.72,37.72,37.72,37.72,100,0
CPAI.US,5,20251120,184500,37.69,37.69,37.69,37.69,1500,0
CPAI.US,5,20251120,190000,37.8,37.8,37.8,37.8,100,0
CPAI.US,5,20251120,201000,37.505,37.505,37.505,37.505,1481,0
CPAI.US,5,20251120,205500,37.73,37.73,37.73,37.73,100,0
CPAI.US,5,20251120,210000,37.655,37.655,37.655,37.655,238,0
CPAI.US,5,20251120,210500,37.57,37.57,37.57,37.57,2451,0
CPAI.US,5,20251120,211000,37.579,37.579,37.5785,37.5785,600,0
CPAI.US,5,20251120,214500,37.33,37.33,37.33,37.33,400,0
CPAI.US,5,20251121,153500,37.42,37.42,37.42,37.42,500,0
CPAI.US,5,20251121,160500,37.5,37.5,37.5,37.5,100,0
CPAI.US,5,20251121,162500,37.56,37.6,37.56,37.6,535,0
CPAI.US,5,20251121,164000,37.41,37.41,37.41,37.41,100,0
CPAI.US,5,20251121,172000,37.55,37.62,37.55,37.62,466,0
CPAI.US,5,20251121,174000,37.8,37.8,37.8,37.8,200,0
CPAI.US,5,20251121,175000,37.9,37.9,37.9,37.9,140,0
CPAI.US,5,20251121,175500,38,38,38,38,200,0
CPAI.US,5,20251121,184500,38.1,38.1,38,38,3670,0
CPAI.US,5,20251121,190500,37.9944,37.9944,37.9944,37.9944,1152,0
CPAI.US,5,20251121,191000,38.02,38.02,38.0199,38.0199,1200,0
CPAI.US,5,20251121,200500,38.2,38.2,38.2,38.2,100,0
CPAI.US,5,20251121,202000,38.2728,38.2728,38.2415,38.2415,448,0
CPAI.US,5,20251121,202500,38.265,38.265,38.265,38.265,384,0
CPAI.US,5,20251124,153000,38.38,38.38,38.38,38.38,500,0
CPAI.US,5,20251124,155500,38.55,38.55,38.55,38.55,100,0
CPAI.US,5,20251124,160000,38.55,38.55,38.55,38.55,200,0
CPAI.US,5,20251124,162000,38.65,38.65,38.65,38.65,100,0
CPAI.US,5,20251124,162500,38.6481,38.6481,38.6481,38.6481,219,0
CPAI.US,5,20251124,163500,38.65,38.65,38.65,38.65,184,0
CPAI.US,5,20251124,164500,38.75,38.79,38.7499,38.7499,874,0
CPAI.US,5,20251124,170000,38.85,38.85,38.8499,38.85,457,0
CPAI.US,5,20251124,174000,38.85,38.9,38.8499,38.8499,692,0
CPAI.US,5,20251124,174500,38.91,38.91,38.91,38.91,543,0
CPAI.US,5,20251124,175500,38.889,38.89,38.87,38.89,2891,0
CPAI.US,5,20251124,180000,38.92,38.92,38.9199,38.9199,770,0
CPAI.US,5,20251124,182000,38.85,38.85,38.85,38.85,300,0
CPAI.US,5,20251124,182500,38.91,38.91,38.91,38.91,100,0
CPAI.US,5,20251124,183000,38.92,38.92,38.9182,38.92,3500,0
CPAI.US,5,20251124,183500,38.92,38.92,38.92,38.92,206,0
CPAI.US,5,20251124,184500,38.95,38.95,38.9194,38.9194,250,0
CPAI.US,5,20251124,192500,38.949,38.95,38.949,38.9499,300,0
CPAI.US,5,20251124,193000,38.875,38.93,38.875,38.93,1100,0
CPAI.US,5,20251124,205500,38.8391,38.8391,38.8391,38.8391,231,0
CPAI.US,5,20251124,211000,38.92,38.92,38.9199,38.9199,770,0
CPAI.US,5,20251124,211500,38.89,38.89,38.89,38.89,412,0
CPAI.US,5,20251125,153500,39.001,39.11,39.0002,39.11,2888,0
CPAI.US,5,20251125,154000,39.1108,39.1108,39.1108,39.1108,125,0
CPAI.US,5,20251125,155500,39.1,39.2,39.1,39.2,200,0
CPAI.US,5,20251125,160000,39.3,39.3,39.3,39.3,100,0
CPAI.US,5,20251125,164000,39.4,39.4,39.4,39.4,100,0
CPAI.US,5,20251125,171000,39.44,39.44,39.44,39.44,325,0
CPAI.US,5,20251125,180000,39.5,39.5,39.5,39.5,100,0
CPAI.US,5,20251125,185000,39.68,39.68,39.68,39.68,100,0
CPAI.US,5,20251125,201500,39.5653,39.5653,39.5653,39.5653,100,0
CPAI.US,5,20251125,204000,39.565,39.565,39.565,39.565,100,0
CPAI.US,5,20251125,210000,39.63,39.63,39.63,39.63,400,0
CPAI.US,5,20251126,153000,39.78,39.78,39.78,39.78,500,0
CPAI.US,5,20251126,154000,39.88,39.88,39.88,39.88,100,0
CPAI.US,5,20251126,163000,39.9395,40.019,39.9395,39.9395,1536,0
CPAI.US,5,20251126,170500,40.04,40.04,40.04,40.04,100,0
CPAI.US,5,20251126,175000,40.0565,40.0565,40.0565,40.0565,505,0
CPAI.US,5,20251126,181000,40.08,40.08,40.08,40.08,100,0
CPAI.US,5,20251126,182500,40.1,40.1,40.0675,40.0675,8711,0
CPAI.US,5,20251126,184500,40.119,40.119,40.1097,40.1097,423,0
CPAI.US,5,20251126,185500,40.11,40.11,40.11,40.11,100,0
CPAI.US,5,20251126,203000,40.1784,40.1784,40.1784,40.1784,461,0
CPAI.US,5,20251126,211500,40.18,40.26,40.18,40.26,426,0
CPAI.US,5,20251126,215000,40.13,40.13,40.13,40.13,100,0
CPAI.US,5,20251126,215500,40.0358,40.0358,40.0358,40.0358,300,0
CPAI.US,5,20251128,153000,40.16,40.31,40.16,40.2999,1194,0
CPAI.US,5,20251128,160000,40.25,40.25,40.25,40.25,100,0
CPAI.US,5,20251128,165500,40.33,40.33,40.33,40.33,100,0
CPAI.US,5,20251128,185500,40.29,40.29,40.29,40.29,237,0
CPAI.US,5,20251201,153000,39.96,39.96,39.96,39.96,500,0
CPAI.US,5,20251201,154000,40.0385,40.0385,40.0385,40.0385,100,0
CPAI.US,5,20251201,160500,40.22,40.22,40.22,40.22,100,0
CPAI.US,5,20251201,193500,40.32,40.32,40.3199,40.3199,334,0
CPAI.US,5,20251201,194000,40.3314,40.3314,40.3314,40.3314,200,0
CPAI.US,5,20251201,194500,40.35,40.35,40.35,40.35,200,0
CPAI.US,5,20251201,203500,40.25,40.25,40.23,40.23,267,0
CPAI.US,5,20251201,205000,40.1846,40.1846,40.1846,40.1846,153,0
CPAI.US,5,20251201,210500,40.24,40.24,40.24,40.24,100,0
CPAI.US,5,20251201,213500,40.24,40.24,40.24,40.24,100,0
CPAI.US,5,20251201,215500,40.14,40.14,40.14,40.14,100,0
CPAI.US,5,20251202,161500,39.8896,39.8896,39.8896,39.8896,100,0
CPAI.US,5,20251202,162000,39.85,39.85,39.7693,39.7693,511,0
CPAI.US,5,20251202,163000,39.75,39.75,39.75,39.75,300,0
CPAI.US,5,20251202,164000,39.83,39.83,39.83,39.83,100,0
CPAI.US,5,20251202,171500,39.74,39.74,39.74,39.74,200,0
CPAI.US,5,20251202,173500,39.7419,39.7419,39.7419,39.7419,1500,0
CPAI.US,5,20251202,175500,39.77,39.77,39.77,39.77,100,0
CPAI.US,5,20251202,182000,39.83,39.83,39.83,39.83,200,0
CPAI.US,5,20251202,184000,39.7776,39.7776,39.7776,39.7776,1987,0
CPAI.US,5,20251202,193500,39.83,39.83,39.75,39.83,1000,0
CPAI.US,5,20251202,201500,39.85,39.85,39.85,39.85,339,0
CPAI.US,5,20251202,202000,39.88,39.88,39.8635,39.8635,350,0
CPAI.US,5,20251202,202500,39.8635,39.8635,39.8635,39.8635,195,0
CPAI.US,5,20251202,203000,39.8725,39.8725,39.8725,39.8725,500,0
CPAI.US,5,20251202,203500,39.9,39.91,39.9,39.91,1450,0
CPAI.US,5,20251202,204000,39.91,39.91,39.91,39.91,118,0
CPAI.US,5,20251202,204500,39.9052,39.91,39.905,39.905,1049,0
CPAI.US,5,20251202,205500,39.93,39.93,39.93,39.93,1375,0
CPAI.US,5,20251202,210000,39.9345,39.95,39.9345,39.95,223,0
CPAI.US,5,20251202,211000,39.9525,39.9525,39.9525,39.9525,328,0
CPAI.US,5,20251202,211500,39.97,40.01,39.95,39.95,1799,0
CPAI.US,5,20251202,213000,39.9906,39.9906,39.9906,39.9906,151,0
CPAI.US,5,20251202,214000,39.9704,39.9704,39.9704,39.9704,1544,0
CPAI.US,5,20251202,215000,39.95,39.96,39.95,39.95,4514,0
CPAI.US,5,20251202,215500,39.9,39.9,39.9,39.9,500,0
CPAI.US,5,20251203,153000,39.83,39.83,39.83,39.83,500,0
CPAI.US,5,20251203,153500,39.98,39.98,39.98,39.98,100,0
CPAI.US,5,20251203,154000,39.755,39.755,39.755,39.755,600,0
CPAI.US,5,20251203,155500,39.7685,39.77,39.7685,39.77,200,0
CPAI.US,5,20251203,161500,39.84,39.84,39.84,39.84,100,0
CPAI.US,5,20251203,180500,39.73,39.74,39.73,39.74,900,0
CPAI.US,5,20251203,181000,39.74,39.74,39.74,39.74,132,0
CPAI.US,5,20251203,184500,39.8063,39.8063,39.8063,39.8063,502,0
CPAI.US,5,20251203,185500,39.829,39.829,39.829,39.829,501,0
CPAI.US,5,20251203,191000,39.76,39.76,39.76,39.76,548,0
CPAI.US,5,20251203,191500,39.79,39.79,39.7899,39.7899,708,0
CPAI.US,5,20251203,195500,39.75,39.75,39.75,39.75,100,0
CPAI.US,5,20251203,200500,39.66,39.66,39.66,39.66,749,0
CPAI.US,5,20251203,205500,39.75,39.75,39.75,39.75,599,0
CPAI.US,5,20251203,210000,39.78,39.78,39.7223,39.7223,1332,0
CPAI.US,5,20251203,210500,39.7845,39.7845,39.7845,39.7845,1164,0
CPAI.US,5,20251203,211000,39.83,39.83,39.83,39.83,100,0
CPAI.US,5,20251203,214000,39.82,39.82,39.82,39.82,698,0
CPAI.US,5,20251203,214500,39.84,39.84,39.84,39.84,3012,0
CPAI.US,5,20251203,215500,39.8,39.8,39.8,39.8,150,0
CPAI.US,5,20251204,153000,39.72,39.72,39.72,39.72,500,0
CPAI.US,5,20251204,153500,39.8,39.8,39.8,39.8,100,0
CPAI.US,5,20251204,160000,39.6,39.6,39.6,39.6,100,0
CPAI.US,5,20251204,161500,39.72,39.72,39.72,39.72,100,0
CPAI.US,5,20251204,172000,39.86,39.86,39.8599,39.8599,356,0
CPAI.US,5,20251204,172500,39.82,39.82,39.82,39.82,100,0
CPAI.US,5,20251204,174500,39.8,39.8,39.8,39.8,100,0
CPAI.US,5,20251204,181500,39.92,39.92,39.92,39.92,435,0
CPAI.US,5,20251204,192000,39.97,39.97,39.97,39.97,108,0
CPAI.US,5,20251204,203000,39.89,39.89,39.89,39.89,272,0
CPAI.US,5,20251204,203500,39.92,39.92,39.92,39.92,100,0
CPAI.US,5,20251204,204500,39.86,39.86,39.86,39.86,400,0
CPAI.US,5,20251204,210000,39.87,39.87,39.85,39.85,523,0
CPAI.US,5,20251204,211500,39.86,39.86,39.8328,39.86,789,0
CPAI.US,5,20251204,212000,39.805,39.84,39.805,39.84,590,0
CPAI.US,5,20251204,212500,39.84,39.84,39.84,39.84,100,0
CPAI.US,5,20251204,213000,39.83,39.83,39.83,39.83,852,0
CPAI.US,5,20251204,215500,39.92,39.92,39.92,39.92,300,0
CPAI.US,5,20251205,153000,39.98,39.98,39.98,39.98,500,0
CPAI.US,5,20251205,154500,40.1,40.1,40.1,40.1,300,0
CPAI.US,5,20251205,160000,40.2,40.2,40.2,40.2,223,0
CPAI.US,5,20251205,162000,40.3,40.3,40.3,40.3,277,0
CPAI.US,5,20251205,165500,40.25,40.25,40.25,40.25,100,0
CPAI.US,5,20251205,171000,40.2,40.2,40.12,40.12,1465,0
CPAI.US,5,20251205,171500,40.1,40.1,40.1,40.1,200,0
CPAI.US,5,20251205,191500,40.115,40.115,40.115,40.115,103,0
CPAI.US,5,20251205,204500,40.0194,40.0194,40.0194,40.0194,511,0
CPAI.US,5,20251205,205000,40.0333,40.0333,40.0333,40.0333,178,0
CPAI.US,5,20251205,212000,40.08,40.08,40.03,40.03,293,0
CPAI.US,5,20251205,213000,40.03,40.03,40.0062,40.0062,500,0
CPAI.US,5,20251205,213500,40.03,40.03,40.0062,40.0062,818,0
CPAI.US,5,20251205,214500,39.97,39.97,39.9685,39.9685,1000,0
CPAI.US,5,20251208,153000,40.25,40.2807,40.25,40.2807,932,0
CPAI.US,5,20251208,153500,40.23,40.23,40.195,40.195,718,0
CPAI.US,5,20251208,155000,40.24,40.24,40.24,40.24,400,0
CPAI.US,5,20251208,203000,40.14,40.14,40.14,40.14,500,0
CPAI.US,5,20251208,210000,40.1396,40.1396,40.1396,40.1396,124,0
CPAI.US,5,20251208,214500,40.11,40.11,40.11,40.11,100,0
CPAI.US,5,20251208,215500,40.14,40.14,40.14,40.14,647,0
CPAI.US,5,20251209,153000,40.32,40.44,40.32,40.44,3000,0
CPAI.US,5,20251209,154500,40.57,40.57,40.57,40.57,500,0
CPAI.US,5,20251209,155500,40.475,40.475,40.475,40.475,276,0
CPAI.US,5,20251209,165000,40.4012,40.4012,40.4012,40.4012,100,0
CPAI.US,5,20251209,165500,40.4014,40.64,40.35,40.45,140604,0
CPAI.US,5,20251209,170000,40.5,40.5,40.5,40.5,112,0
CPAI.US,5,20251209,170500,40.588,40.588,40.588,40.588,100,0
CPAI.US,5,20251209,173000,40.6,40.6,40.6,40.6,200,0
CPAI.US,5,20251209,173500,40.64,40.64,40.64,40.64,100,0
CPAI.US,5,20251209,182500,40.581,40.64,40.581,40.63,867,0
CPAI.US,5,20251209,191500,40.65,40.65,40.65,40.65,100,0
CPAI.US,5,20251209,194500,40.58,40.58,40.58,40.58,100,0
CPAI.US,5,20251209,200000,40.6,40.61,40.575,40.61,1246,0
CPAI.US,5,20251209,204000,40.602,40.602,40.602,40.602,123,0
CPAI.US,5,20251209,212000,40.6,40.6,40.6,40.6,300,0
CPAI.US,5,20251209,212500,40.56,40.56,40.56,40.56,212,0
CPAI.US,5,20251209,214500,40.525,40.525,40.525,40.525,276,0
CPAI.US,5,20251209,215500,40.51,40.51,40.51,40.51,100,0
CPAI.US,5,20251210,153000,40.45,40.45,40.45,40.45,500,0
CPAI.US,5,20251210,153500,40.45,40.45,40.45,40.45,100,0
CPAI.US,5,20251210,154500,40.51,40.51,40.51,40.51,100,0
CPAI.US,5,20251210,163000,40.28,40.29,40.28,40.29,799,0
CPAI.US,5,20251210,164000,40.3,40.33,40.3,40.33,897,0
CPAI.US,5,20251210,173500,40.473,40.49,40.473,40.49,200,0
CPAI.US,5,20251210,175500,40.437,40.437,40.437,40.437,123,0
CPAI.US,5,20251210,181500,40.4196,40.4196,40.4196,40.4196,365,0
CPAI.US,5,20251210,182500,40.43,40.43,40.4299,40.4299,200,0
CPAI.US,5,20251210,183000,40.41,40.41,40.41,40.41,400,0
CPAI.US,5,20251210,183500,40.4,40.4,40.38,40.38,224,0
CPAI.US,5,20251210,185500,40.44,40.44,40.4128,40.4128,1252,0
CPAI.US,5,20251210,190000,40.45,40.45,40.45,40.45,100,0
CPAI.US,5,20251210,192000,40.47,40.47,40.47,40.47,200,0
CPAI.US,5,20251210,192500,40.46,40.46,40.46,40.46,100,0
CPAI.US,5,20251210,195500,40.41,40.41,40.4,40.4,383,0
CPAI.US,5,20251210,202500,40.502,40.502,40.502,40.502,124,0
CPAI.US,5,20251210,203000,40.72,40.72,40.72,40.72,300,0
CPAI.US,5,20251210,203500,40.72,40.72,40.72,40.72,100,0
CPAI.US,5,20251210,205500,40.82,40.82,40.82,40.82,282,0
CPAI.US,5,20251210,211500,40.92,40.92,40.92,40.92,100,0
CPAI.US,5,20251210,212000,40.955,40.955,40.955,40.955,588,0
CPAI.US,5,20251210,215000,40.8231,40.86,40.8231,40.86,250,0
CPAI.US,5,20251211,153000,40.82,40.87,40.82,40.86,400,0
CPAI.US,5,20251211,153500,40.83,40.83,40.83,40.83,500,0
CPAI.US,5,20251211,154000,40.95,40.95,40.95,40.95,200,0
CPAI.US,5,20251211,154500,40.8802,40.8802,40.8802,40.8802,464,0
CPAI.US,5,20251211,155000,40.78,40.84,40.78,40.84,300,0
CPAI.US,5,20251211,155500,40.77,40.788,40.77,40.788,805,0
CPAI.US,5,20251211,160000,40.59,40.5964,40.59,40.5964,620,0
CPAI.US,5,20251211,160500,40.87,40.87,40.868472,40.868472,385,0
CPAI.US,5,20251211,161500,40.83,40.83,40.83,40.83,250,0
CPAI.US,5,20251211,162000,40.905,40.905,40.905,40.905,225,0
CPAI.US,5,20251211,163000,41,41,41,41,100,0
CPAI.US,5,20251211,164500,41.01,41.01,41.01,41.01,100,0
CPAI.US,5,20251211,165000,40.9699,40.9699,40.9699,40.9699,975,0
CPAI.US,5,20251211,170000,41.05,41.05,41.04,41.04,400,0
CPAI.US,5,20251211,170500,41.03,41.04,41.03,41.04,400,0
CPAI.US,5,20251211,171000,41.03,41.03,41.03,41.03,2020,0
CPAI.US,5,20251211,172000,41.03,41.03,41.03,41.03,181,0
CPAI.US,5,20251211,174000,41.1291,41.15,41.1291,41.15,425,0
CPAI.US,5,20251211,174500,41.15,41.15,41.14,41.14,300,0
CPAI.US,5,20251211,180500,41.1594,41.1594,41.1594,41.1594,400,0
CPAI.US,5,20251211,184000,41.24,41.24,41.24,41.24,100,0
CPAI.US,5,20251211,185000,41.24,41.24,41.24,41.24,100,0
CPAI.US,5,20251211,191000,41.25,41.25,41.25,41.25,200,0
CPAI.US,5,20251211,192000,41.235,41.33,41.235,41.33,465,0
CPAI.US,5,20251211,203000,41.35,41.35,41.35,41.35,125,0
CPAI.US,5,20251211,203500,41.36,41.36,41.3583,41.36,2367,0
CPAI.US,5,20251211,205500,41.2924,41.2924,41.2924,41.2924,250,0
CPAI.US,5,20251212,153000,40.81,40.81,40.81,40.81,500,0
CPAI.US,5,20251212,153500,40.9,40.9,40.9,40.9,100,0
CPAI.US,5,20251212,154500,40.89,40.89,40.89,40.89,100,0
CPAI.US,5,20251212,160000,40.74,40.75,40.74,40.75,500,0
CPAI.US,5,20251212,162000,40.6912,40.6912,40.6912,40.6912,1000,0
CPAI.US,5,20251212,162500,40.61,40.61,40.61,40.61,100,0
CPAI.US,5,20251212,163000,40.55,40.55,40.55,40.55,400,0
CPAI.US,5,20251212,163500,40.56,40.56,40.56,40.56,100,0
CPAI.US,5,20251212,165500,40.45,40.45,40.43,40.43,300,0
CPAI.US,5,20251212,170000,40.35,40.35,40.35,40.35,300,0
CPAI.US,5,20251212,170500,40.31,40.31,40.31,40.31,100,0
CPAI.US,5,20251212,171500,40.255,40.255,40.255,40.255,471,0
CPAI.US,5,20251212,172500,40.3292,40.3292,40.3292,40.3292,1000,0
CPAI.US,5,20251212,180500,40.41,40.4123,40.4,40.41,700,0
CPAI.US,5,20251212,182000,40.42,40.48,40.42,40.48,300,0
CPAI.US,5,20251212,184000,40.445,40.445,40.445,40.445,346,0
CPAI.US,5,20251212,184500,40.47,40.47,40.47,40.47,500,0
CPAI.US,5,20251212,190000,40.461,40.461,40.461,40.461,197,0
CPAI.US,5,20251212,192000,40.46,40.4601,40.46,40.4601,800,0
CPAI.US,5,20251212,193500,40.485,40.485,40.485,40.485,300,0
CPAI.US,5,20251212,195000,40.4642,40.4642,40.4642,40.4642,200,0
CPAI.US,5,20251212,200500,40.36,40.36,40.36,40.36,200,0
CPAI.US,5,20251212,203500,40.378,40.378,40.36,40.36,4956,0
CPAI.US,5,20251212,205000,40.33,40.3485,40.33,40.3485,1520,0
CPAI.US,5,20251215,153500,40.55,40.55,40.55,40.55,100,0
CPAI.US,5,20251215,155000,40.388,40.388,40.388,40.388,127,0
CPAI.US,5,20251215,155500,40.29,40.29,40.29,40.29,500,0
CPAI.US,5,20251215,160000,40.26,40.3,40.26,40.3,200,0
CPAI.US,5,20251215,162500,40.25,40.25,40.25,40.25,600,0
CPAI.US,5,20251215,171000,40.31,40.31,40.31,40.31,100,0
CPAI.US,5,20251215,173500,40.25,40.25,40.2218,40.2218,224,0
CPAI.US,5,20251215,180500,40.26,40.26,40.26,40.26,100,0
CPAI.US,5,20251215,184000,40.272,40.272,40.272,40.272,3625,0
CPAI.US,5,20251215,202000,40.22,40.23,40.22,40.2299,600,0
CPAI.US,5,20251215,202500,40.22,40.22,40.22,40.22,100,0
CPAI.US,5,20251215,204000,40.2499,40.2499,40.2499,40.2499,600,0
CPAI.US,5,20251215,210000,40.21,40.21,40.21,40.21,2000,0
CPAI.US,5,20251215,211500,40.25,40.26,40.25,40.26,584,0
CPAI.US,5,20251215,213000,40.15,40.19,40.125,40.125,1310,0
CPAI.US,5,20251215,214000,40.1078,40.1078,40.1078,40.1078,572,0
CPAI.US,5,20251215,215500,40.09,40.09,40.09,40.09,100,0
CPAI.US,5,20251216,153000,40.05,40.05,40.05,40.05,500,0
CPAI.US,5,20251216,153500,40.17,40.17,40.17,40.17,100,0
CPAI.US,5,20251216,154000,39.96,39.96,39.96,39.96,100,0
CPAI.US,5,20251216,155000,40.02,40.14,40.0025,40.14,2748,0
CPAI.US,5,20251216,155500,40.085,40.085,40.08,40.08,1000,0
CPAI.US,5,20251216,160000,40.01,40.01,39.98,39.98,300,0
CPAI.US,5,20251216,162000,39.83,39.83,39.83,39.83,200,0
CPAI.US,5,20251216,162500,39.8,39.8,39.8,39.8,300,0
CPAI.US,5,20251216,164000,39.84,39.84,39.84,39.84,100,0
CPAI.US,5,20251216,165000,39.875,39.875,39.875,39.875,190,0
CPAI.US,5,20251216,165500,39.8436,39.8436,39.8436,39.8436,100,0
CPAI.US,5,20251216,171500,39.71,39.71,39.71,39.71,100,0
CPAI.US,5,20251216,172500,39.71,39.71,39.71,39.71,300,0
CPAI.US,5,20251216,173500,39.7,39.7,39.7,39.7,300,0
CPAI.US,5,20251216,181000,39.7295,39.7295,39.7295,39.7295,200,0
CPAI.US,5,20251216,182500,39.7,39.7068,39.62,39.6201,800,0
CPAI.US,5,20251216,183000,39.676,39.68,39.676,39.68,500,0
CPAI.US,5,20251216,184500,39.6,39.6,39.6,39.6,126,0
CPAI.US,5,20251216,185500,39.6,39.6,39.6,39.6,400,0
CPAI.US,5,20251216,195500,39.68,39.68,39.68,39.68,440,0
CPAI.US,5,20251216,202500,39.62,39.62,39.62,39.62,400,0
CPAI.US,5,20251216,204500,39.74,39.74,39.74,39.74,100,0
CPAI.US,5,20251216,215500,39.83,39.83,39.78,39.78,222,0
CPAI.US,5,20251217,153000,40.046,40.15,40.046,40.15,609,0
CPAI.US,5,20251217,155500,40.04,40.04,40.04,40.04,200,0
CPAI.US,5,20251217,164000,39.88,39.88,39.81,39.81,634,0
CPAI.US,5,20251217,165500,39.71,39.71,39.64,39.64,417,0
CPAI.US,5,20251217,172000,39.675,39.675,39.675,39.675,150,0
CPAI.US,5,20251217,173500,39.61,39.61,39.61,39.61,100,0
CPAI.US,5,20251217,190500,39.7,39.71,39.6999,39.71,3042,0
CPAI.US,5,20251217,191500,39.6332,39.6332,39.6332,39.6332,400,0
CPAI.US,5,20251217,192000,39.61,39.6101,39.61,39.6101,600,0
CPAI.US,5,20251217,192500,39.6325,39.6325,39.6325,39.6325,281,0
CPAI.US,5,20251217,195000,39.62,39.62,39.6199,39.6199,200,0
CPAI.US,5,20251217,200000,39.61,39.61,39.54,39.54,794,0
CPAI.US,5,20251217,211000,39.62,39.62,39.62,39.62,1361,0
CPAI.US,5,20251217,213000,39.535,39.535,39.535,39.535,1000,0
CPAI.US,5,20251217,215500,39.51,39.55,39.51,39.55,400,0
CPAI.US,5,20251218,153000,40.17,40.17,40.17,40.17,500,0
CPAI.US,5,20251218,154500,40.1,40.1,40.1,40.1,100,0
CPAI.US,5,20251218,155500,40.15,40.15,40.15,40.15,169,0
CPAI.US,5,20251218,160000,40.25,40.349,40.25,40.349,597,0
CPAI.US,5,20251218,160500,40.27,40.27,40.27,40.27,100,0
CPAI.US,5,20251218,162000,40.1277,40.1277,40.1277,40.1277,124,0
CPAI.US,5,20251218,163500,40.35,40.35,40.35,40.35,100,0
CPAI.US,5,20251218,175500,40.27,40.28,40.25,40.25,500,0
CPAI.US,5,20251218,182000,40.04,40.04,40.04,40.04,162,0
CPAI.US,5,20251218,182500,40.02,40.02,40.02,40.02,200,0
CPAI.US,5,20251218,183500,40.075,40.075,40.075,40.075,205,0
CPAI.US,5,20251218,185000,40.07,40.109,40.07,40.109,297,0
CPAI.US,5,20251218,185500,40.04,40.05607,40.04,40.052341,2996,0
CPAI.US,5,20251218,191000,40.12,40.12,40.12,40.12,100,0
CPAI.US,5,20251218,192500,40.165,40.165,40.165,40.165,850,0
CPAI.US,5,20251218,193000,40.1782,40.1782,40.1782,40.1782,500,0
CPAI.US,5,20251218,194000,40.2023,40.2023,40.2023,40.2023,350,0
CPAI.US,5,20251218,194500,40.1794,40.1794,40.1594,40.1594,550,0
CPAI.US,5,20251218,201500,40.13,40.13,40.12,40.13,1100,0
CPAI.US,5,20251218,202000,40.09,40.09,40.09,40.09,100,0
CPAI.US,5,20251218,203500,40.02,40.02,40.02,40.02,100,0
CPAI.US,5,20251218,205000,40,40,40,40,200,0
CPAI.US,5,20251218,205500,39.94,39.94,39.94,39.94,200,0
CPAI.US,5,20251218,215500,39.96,40.02,39.96,39.97,608,0
CPAI.US,5,20251219,153000,40.28,40.28,40.25,40.25,600,0
CPAI.US,5,20251219,154000,40.25,40.25,40.25,40.25,100,0
CPAI.US,5,20251219,162500,40.33,40.3431,40.31,40.325,1769,0
CPAI.US,5,20251219,163000,40.35,40.35,40.35,40.35,240,0
CPAI.US,5,20251219,171500,40.45,40.5,40.4422,40.4422,1300,0
CPAI.US,5,20251219,172000,40.51,40.51,40.51,40.51,500,0
CPAI.US,5,20251219,173500,40.4855,40.4855,40.4855,40.4855,600,0
CPAI.US,5,20251219,174000,40.48,40.48,40.48,40.48,275,0
CPAI.US,5,20251219,175500,40.522,40.522,40.522,40.522,1102,0
CPAI.US,5,20251219,180000,40.5499,40.5499,40.5499,40.5499,750,0
CPAI.US,5,20251219,180500,40.55,40.55,40.5499,40.5499,400,0
CPAI.US,5,20251219,182000,40.55,40.59,40.5499,40.59,600,0
CPAI.US,5,20251219,183500,40.56,40.56,40.56,40.56,100,0
CPAI.US,5,20251219,184000,40.58,40.58,40.58,40.58,100,0
CPAI.US,5,20251219,185500,40.5625,40.5625,40.5625,40.5625,200,0
CPAI.US,5,20251219,193500,40.54,40.545,40.54,40.54,650,0
CPAI.US,5,20251219,213500,40.525,40.525,40.525,40.525,100,0
CPAI.US,5,20251219,215000,40.49,40.49,40.49,40.49,300,0
CPAI.US,5,20251219,215500,40.41,40.41,40.41,40.41,174,0
CPAI.US,5,20251222,153000,40.64,40.64,40.065,40.065,700,0
CPAI.US,5,20251222,154500,40.79,40.79,40.79,40.79,100,0
CPAI.US,5,20251222,160000,40.8,40.8,40.8,40.8,290,0
CPAI.US,5,20251222,162000,40.7,40.7,40.7,40.7,100,0
CPAI.US,5,20251222,164500,40.6807,40.6807,40.6807,40.6807,490,0
CPAI.US,5,20251222,170500,40.65,40.65,40.6499,40.6499,600,0
CPAI.US,5,20251222,172500,40.6112,40.6112,40.6112,40.6112,500,0
CPAI.US,5,20251222,183500,40.65,40.74,40.65,40.7399,4000,0
CPAI.US,5,20251222,184500,40.65,40.66,40.65,40.66,1160,0
CPAI.US,5,20251222,185500,40.68,40.68,40.68,40.68,500,0
CPAI.US,5,20251222,191000,40.61,40.61,40.6,40.6001,646,0
CPAI.US,5,20251222,192000,40.64,40.64,40.615,40.615,25166,0
CPAI.US,5,20251222,193500,40.66,40.66,40.66,40.66,5000,0
CPAI.US,5,20251222,194000,40.6358,40.6358,40.6358,40.6358,200,0
CPAI.US,5,20251222,203000,40.64,40.66,40.63,40.63,729,0
CPAI.US,5,20251222,203500,40.68,40.68,40.68,40.68,600,0
CPAI.US,5,20251222,213500,40.65,40.65,40.65,40.65,131,0
CPAI.US,5,20251222,215500,40.665,40.68,40.665,40.68,560,0
