<TICKER>,<PER>,<DATE>,<TIME>,<OPEN>,<HIGH>,<LOW>,<CLOSE>,<VOL>,<OPENINT>
CRDT.US,5,20250728,154500,23.92,23.92,23.9167,23.9167,385,0
CRDT.US,5,20250728,155500,23.92,23.92,23.92,23.92,100,0
CRDT.US,5,20250728,165000,23.9152,23.9152,23.9133,23.9133,700,0
CRDT.US,5,20250728,171500,23.915,23.915,23.915,23.915,100,0
CRDT.US,5,20250728,173500,23.92,23.92,23.9199,23.9199,400,0
CRDT.US,5,20250728,174500,23.9197,23.9197,23.9197,23.9197,2600,0
CRDT.US,5,20250728,180000,23.91,23.91,23.86,23.8601,3336,0
CRDT.US,5,20250728,182000,23.885,23.89,23.885,23.89,1152,0
CRDT.US,5,20250728,184000,23.91,23.91,23.91,23.91,100,0
CRDT.US,5,20250728,194500,23.884,23.884,23.884,23.884,278,0
CRDT.US,5,20250728,195500,23.8701,23.8701,23.8701,23.8701,168,0
CRDT.US,5,20250728,204500,23.91,23.91,23.91,23.91,100,0
CRDT.US,5,20250728,205500,23.89,23.89,23.89,23.89,670,0
CRDT.US,5,20250728,215000,23.9099,23.9099,23.9099,23.9099,104,0
CRDT.US,5,20250728,215500,23.9,23.9,23.9,23.9,100,0
CRDT.US,5,20250729,163500,23.8896,23.8896,23.8896,23.8896,183,0
CRDT.US,5,20250729,164000,23.89,23.89,23.89,23.89,100,0
CRDT.US,5,20250729,173000,23.852,23.852,23.852,23.852,400,0
CRDT.US,5,20250729,174000,23.87,23.87,23.87,23.87,100,0
CRDT.US,5,20250729,184000,23.87,23.9,23.87,23.9,300,0
CRDT.US,5,20250729,194000,23.91,23.91,23.91,23.91,133,0
CRDT.US,5,20250729,195000,23.91,23.92,23.91,23.92,500,0
CRDT.US,5,20250729,200500,23.92,23.92,23.9163,23.9163,200,0
CRDT.US,5,20250729,203000,23.92,23.939,23.92,23.935,900,0
CRDT.US,5,20250730,160000,23.9066,23.9066,23.9066,23.9066,143,0
CRDT.US,5,20250730,162000,23.93,23.93,23.93,23.93,100,0
CRDT.US,5,20250730,162500,23.915,23.915,23.9,23.9127,922,0
CRDT.US,5,20250730,164000,23.9,23.94,23.895,23.9,18530,0
CRDT.US,5,20250730,172500,23.94,23.94,23.94,23.94,100,0
CRDT.US,5,20250730,175000,23.93,23.93,23.93,23.93,100,0
CRDT.US,5,20250730,183500,23.93,23.95,23.93,23.95,500,0
CRDT.US,5,20250730,184000,23.94,23.96,23.94,23.96,300,0
CRDT.US,5,20250730,190000,23.96,23.96,23.96,23.96,100,0
CRDT.US,5,20250730,192500,23.96,23.96,23.96,23.96,100,0
CRDT.US,5,20250730,194500,23.9699,23.9699,23.9699,23.9699,100,0
CRDT.US,5,20250730,201000,23.9688,23.9688,23.9688,23.9688,135,0
CRDT.US,5,20250730,203000,23.98,23.98,23.98,23.98,100,0
CRDT.US,5,20250730,204500,23.96,23.96,23.96,23.96,100,0
CRDT.US,5,20250730,205500,23.95,23.95,23.94,23.94,13484,0
CRDT.US,5,20250730,210000,23.905,23.905,23.9,23.9,1700,0
CRDT.US,5,20250730,210500,23.87,23.88,23.87,23.88,1486,0
CRDT.US,5,20250730,211500,23.88,23.88,23.88,23.88,100,0
CRDT.US,5,20250730,212500,23.87,23.87,23.87,23.87,200,0
CRDT.US,5,20250730,213500,23.88,23.88,23.88,23.88,100,0
CRDT.US,5,20250730,215000,23.88,23.91,23.88,23.91,300,0
CRDT.US,5,20250730,215500,23.91,23.925,23.91,23.92,10500,0
CRDT.US,5,20250731,160000,23.8868,23.8868,23.8868,23.8868,511,0
CRDT.US,5,20250731,163500,23.88,23.8989,23.88,23.8989,4000,0
CRDT.US,5,20250731,170500,23.88,23.88,23.88,23.88,100,0
CRDT.US,5,20250731,171500,23.8898,23.8898,23.8891,23.8891,200,0
CRDT.US,5,20250731,175000,23.8895,23.8895,23.87,23.87,485,0
CRDT.US,5,20250731,192500,23.8556,23.8556,23.8556,23.8556,335,0
CRDT.US,5,20250731,195000,23.8301,23.8301,23.8301,23.8301,100,0
CRDT.US,5,20250731,201500,23.84,23.84,23.84,23.84,100,0
CRDT.US,5,20250731,210500,23.841,23.88,23.841,23.88,200,0
CRDT.US,5,20250731,211000,23.841,23.841,23.841,23.841,100,0
CRDT.US,5,20250731,211500,23.841,23.841,23.841,23.841,132,0
CRDT.US,5,20250731,212000,23.86,23.86,23.86,23.86,690,0
CRDT.US,5,20250731,212500,23.831,23.8311,23.831,23.8311,240,0
CRDT.US,5,20250801,163000,23.95,23.95,23.95,23.95,100,0
CRDT.US,5,20250801,165000,23.95,23.95,23.95,23.95,2062,0
CRDT.US,5,20250801,171000,23.9568,23.9568,23.9568,23.9568,250,0
CRDT.US,5,20250801,183500,23.9844,23.9844,23.9844,23.9844,640,0
CRDT.US,5,20250801,184500,23.9844,23.9844,23.9844,23.9844,440,0
CRDT.US,5,20250801,190500,23.986,23.986,23.986,23.986,154,0
CRDT.US,5,20250801,191000,23.97,23.9701,23.97,23.9701,200,0
CRDT.US,5,20250801,200000,23.9601,23.98,23.9601,23.98,400,0
CRDT.US,5,20250801,203000,23.9601,23.9601,23.9601,23.9601,102,0
CRDT.US,5,20250801,213500,23.982,23.982,23.982,23.982,100,0
CRDT.US,5,20250801,214000,23.992,23.992,23.992,23.992,100,0
CRDT.US,5,20250801,214500,23.995,24,23.995,24,300,0
CRDT.US,5,20250804,154500,24.07,24.07,24.07,24.07,100,0
CRDT.US,5,20250804,155500,24.07,24.0886,24.07,24.0886,300,0
CRDT.US,5,20250804,161000,24.09,24.09,24.09,24.09,653,0
CRDT.US,5,20250804,162000,24.09,24.09,24.09,24.09,100,0
CRDT.US,5,20250804,181000,24.0799,24.0799,24.0799,24.0799,184,0
CRDT.US,5,20250804,210000,24.09,24.095,24.09,24.095,200,0
CRDT.US,5,20250804,211000,24.105,24.105,24.105,24.105,100,0
CRDT.US,5,20250804,211500,24.1,24.12,24.1,24.12,200,0
CRDT.US,5,20250804,214000,24.1102,24.1102,24.1102,24.1102,413,0
CRDT.US,5,20250805,155000,23.99,23.99,23.99,23.99,100,0
CRDT.US,5,20250805,155500,24.04,24.05,23.99,24.0498,5000,0
CRDT.US,5,20250805,171500,23.98,24,23.95,23.9995,7081,0
CRDT.US,5,20250805,180000,23.9636,23.999,23.9636,23.999,4926,0
CRDT.US,5,20250805,182500,24,24,24,24,100,0
CRDT.US,5,20250805,193500,23.981,23.981,23.981,23.981,458,0
CRDT.US,5,20250805,200500,23.98,24.02,23.98,24.02,900,0
CRDT.US,5,20250805,213000,23.9732,23.9732,23.9732,23.9732,416,0
CRDT.US,5,20250805,214000,23.998,24.025,23.98,24.025,4300,0
CRDT.US,5,20250806,154000,24.05,24.05,24.05,24.05,100,0
CRDT.US,5,20250806,164000,24.05,24.0501,24.05,24.0501,792,0
CRDT.US,5,20250806,174000,24.05,24.05,24.05,24.05,100,0
CRDT.US,5,20250806,181000,24.0503,24.0503,24.0503,24.0503,472,0
CRDT.US,5,20250806,181500,24.06,24.08,24.06,24.08,600,0
CRDT.US,5,20250806,182000,24.09,24.09,24.0863,24.09,422,0
CRDT.US,5,20250806,182500,24.09,24.09,24.09,24.09,1497,0
CRDT.US,5,20250806,192000,24.08,24.0851,24.08,24.0851,938,0
CRDT.US,5,20250806,203000,24.085,24.085,24.085,24.085,1200,0
CRDT.US,5,20250806,215500,24.0801,24.0801,24.0801,24.0801,127,0
CRDT.US,5,20250807,153000,24.315,24.315,24.315,24.315,386,0
CRDT.US,5,20250807,153500,24.3125,24.3125,24.26,24.28,8100,0
CRDT.US,5,20250807,154000,24.26,24.26,24.2599,24.2599,1403,0
CRDT.US,5,20250807,164000,24.22,24.22,24.22,24.22,132,0
CRDT.US,5,20250807,165000,24.15,24.15,24.15,24.15,738,0
CRDT.US,5,20250807,181000,24.14,24.14,24.14,24.14,2000,0
CRDT.US,5,20250807,183500,24.0601,24.0819,24.0601,24.0819,828,0
CRDT.US,5,20250807,185500,24.0773,24.0773,24.0773,24.0773,128,0
CRDT.US,5,20250807,190000,24.12,24.12,24.1,24.1,2300,0
CRDT.US,5,20250807,190500,24.11,24.11,24.1,24.1,200,0
CRDT.US,5,20250807,192000,24.1085,24.1085,24.1085,24.1085,2500,0
CRDT.US,5,20250807,192500,24.0822,24.0822,24.0822,24.0822,160,0
CRDT.US,5,20250807,204000,24.12,24.12,24.12,24.12,100,0
CRDT.US,5,20250807,215500,24.1,24.1,24.1,24.1,100,0
CRDT.US,5,20250808,153000,24.05,24.0503,24.05,24.0503,1192,0
CRDT.US,5,20250808,154000,24.06,24.06,24.06,24.06,100,0
CRDT.US,5,20250808,154500,24.055,24.055,24.055,24.055,100,0
CRDT.US,5,20250808,155500,24.055,24.055,24.055,24.055,100,0
CRDT.US,5,20250808,164500,24.0595,24.0595,24.0595,24.0595,190,0
CRDT.US,5,20250808,175500,24.0572,24.0572,24.0572,24.0572,382,0
CRDT.US,5,20250808,181500,24.06,24.06,24.06,24.06,186521,0
CRDT.US,5,20250808,184000,24.06,24.06,24.06,24.06,14160,0
CRDT.US,5,20250808,200500,24.055,24.055,24.055,24.055,517,0
CRDT.US,5,20250808,201000,24.0528,24.0528,24.0528,24.0528,100,0
CRDT.US,5,20250808,203000,24.055,24.06,24.05,24.06,972,0
CRDT.US,5,20250808,211500,24.055,24.055,24.055,24.055,380,0
CRDT.US,5,20250808,213500,24.051,24.051,24.051,24.051,208,0
CRDT.US,5,20250811,163000,23.9885,23.9885,23.9885,23.9885,347,0
CRDT.US,5,20250811,170000,23.96,23.961,23.915,23.915,1847,0
CRDT.US,5,20250811,170500,23.95,23.951,23.88,23.88,15971,0
CRDT.US,5,20250811,171000,23.9608,23.9608,23.9608,23.9608,100,0
CRDT.US,5,20250811,173500,23.9672,23.9672,23.9672,23.9672,1000,0
CRDT.US,5,20250811,191000,24.0028,24.008,24.0028,24.008,2000,0
CRDT.US,5,20250811,202000,23.9972,23.9972,23.9972,23.9972,953,0
CRDT.US,5,20250811,204000,23.995,23.995,23.995,23.995,300,0
CRDT.US,5,20250811,204500,23.9901,23.9901,23.95,23.9501,630,0
CRDT.US,5,20250811,205000,23.9503,23.9503,23.9503,23.9503,541,0
CRDT.US,5,20250811,210000,23.98,23.98,23.98,23.98,1149,0
CRDT.US,5,20250811,211000,23.98,23.98,23.98,23.98,255,0
CRDT.US,5,20250811,212000,23.96,23.96,23.96,23.96,500,0
CRDT.US,5,20250811,214500,23.98,23.98,23.98,23.98,700,0
CRDT.US,5,20250811,215500,23.9784,23.9784,23.9784,23.9784,150,0
CRDT.US,5,20250812,153000,24.0786,24.0786,24.0786,24.0786,200,0
CRDT.US,5,20250812,154500,24.088,24.088,24.088,24.088,100,0
CRDT.US,5,20250812,170500,24.11,24.11,24.11,24.11,100,0
CRDT.US,5,20250812,191500,24.1199,24.1199,24.1199,24.1199,163,0
CRDT.US,5,20250812,194500,24.1,24.1,24.09,24.09,1118,0
CRDT.US,5,20250812,195000,24.091,24.12,24.091,24.1,1230,0
CRDT.US,5,20250812,200000,24.125,24.125,24.125,24.125,100,0
CRDT.US,5,20250812,213500,24.13,24.13,24.13,24.13,400,0
CRDT.US,5,20250812,215500,24.11,24.11,24.11,24.11,225,0
CRDT.US,5,20250813,153000,24.14,24.15,24.14,24.15,600,0
CRDT.US,5,20250813,154000,24.15,24.15,24.15,24.15,1000,0
CRDT.US,5,20250813,154500,24.14,24.14,24.14,24.14,200,0
CRDT.US,5,20250813,155500,24.14,24.14,24.14,24.14,200,0
CRDT.US,5,20250813,165000,24.15,24.17,24.1488,24.1488,789,0
CRDT.US,5,20250813,170000,24.131,24.131,24.131,24.131,100,0
CRDT.US,5,20250813,182500,24.152,24.152,24.152,24.152,100,0
CRDT.US,5,20250813,190500,24.1412,24.1412,24.121,24.121,555,0
CRDT.US,5,20250813,191500,24.152,24.152,24.152,24.152,100,0
CRDT.US,5,20250813,202500,24.1393,24.1393,24.1393,24.1393,291,0
CRDT.US,5,20250813,204500,24.146,24.146,24.121,24.121,1100,0
CRDT.US,5,20250813,214000,24.131,24.131,24.131,24.131,100,0
CRDT.US,5,20250814,170500,24.1,24.12,24.07,24.07,4946,0
CRDT.US,5,20250814,171500,24.112,24.12,24.112,24.12,2100,0
CRDT.US,5,20250814,174500,24.12,24.12,24.12,24.12,1000,0
CRDT.US,5,20250814,191000,24.1041,24.1041,24.1041,24.1041,164,0
CRDT.US,5,20250814,204000,24.13,24.14,24.1299,24.13,1893,0
CRDT.US,5,20250814,205500,24.16,24.16,24.135,24.135,2542,0
CRDT.US,5,20250814,211000,24.14,24.14,24.14,24.14,10054,0
CRDT.US,5,20250815,163000,24.14,24.14,24.14,24.14,1437,0
CRDT.US,5,20250815,171500,24.16,24.16,24.16,24.16,300,0
CRDT.US,5,20250815,173000,24.16,24.23,24.1599,24.1599,1200,0
CRDT.US,5,20250815,184000,24.15,24.15,24.15,24.15,633,0
CRDT.US,5,20250815,185500,24.169,24.169,24.169,24.169,200,0
CRDT.US,5,20250815,204500,24.1585,24.1585,24.1585,24.1585,430,0
CRDT.US,5,20250815,210500,24.15,24.15,24.15,24.15,1751,0
CRDT.US,5,20250818,161500,24.111,24.111,24.111,24.111,177,0
CRDT.US,5,20250818,171000,24.158,24.158,24.158,24.158,100,0
CRDT.US,5,20250818,190000,24.18,24.18,24.18,24.18,100,0
CRDT.US,5,20250818,201500,24.18,24.18,24.1799,24.1799,400,0
CRDT.US,5,20250818,202500,24.173,24.173,24.173,24.173,450,0
CRDT.US,5,20250818,203000,24.16,24.16,24.16,24.16,100,0
CRDT.US,5,20250818,212000,24.16,24.16,24.16,24.16,100,0
CRDT.US,5,20250818,213000,24.18,24.18,24.18,24.18,100,0
CRDT.US,5,20250819,163500,24.14,24.14,24.1201,24.1201,371,0
CRDT.US,5,20250819,175000,24.16,24.16,24.16,24.16,100,0
CRDT.US,5,20250819,182000,24.15,24.15,24.15,24.15,1655,0
CRDT.US,5,20250819,185000,24.13,24.13,24.13,24.13,360,0
CRDT.US,5,20250819,193000,24.15,24.15,24.15,24.15,100,0
CRDT.US,5,20250819,201000,24.1543,24.1543,24.1543,24.1543,500,0
CRDT.US,5,20250819,201500,24.14,24.14,24.14,24.14,200,0
CRDT.US,5,20250819,215500,24.12,24.12,24.12,24.12,100,0
CRDT.US,5,20250820,160500,24.1,24.1,24.1,24.1,100,0
CRDT.US,5,20250820,163500,24.12,24.13,24.117,24.117,490,0
CRDT.US,5,20250820,170500,24.13,24.17,24.13,24.17,1100,0
CRDT.US,5,20250820,171500,24.17,24.171,24.17,24.17,600,0
CRDT.US,5,20250820,172000,24.17,24.17,24.17,24.17,200,0
CRDT.US,5,20250820,173000,24.171,24.1711,24.14,24.14,1395,0
CRDT.US,5,20250820,175500,24.18,24.18,24.18,24.18,800,0
CRDT.US,5,20250820,180000,24.18,24.18,24.175,24.175,926,0
CRDT.US,5,20250820,182500,24.2,24.2,24.2,24.2,100,0
CRDT.US,5,20250820,192500,24.18,24.18,24.18,24.18,500,0
CRDT.US,5,20250820,193000,24.1799,24.1799,24.1799,24.1799,306,0
CRDT.US,5,20250820,194500,24.161,24.161,24.161,24.161,186,0
CRDT.US,5,20250821,160000,23.98,23.98,23.98,23.98,100,0
CRDT.US,5,20250821,161000,23.98,23.98,23.98,23.98,700,0
CRDT.US,5,20250821,162500,23.98,23.98,23.98,23.98,200,0
CRDT.US,5,20250821,163000,23.98,23.98,23.98,23.98,100,0
CRDT.US,5,20250821,163500,23.98,23.98,23.95,23.95,600,0
CRDT.US,5,20250821,174500,23.9568,23.9568,23.9568,23.9568,167,0
CRDT.US,5,20250821,183000,23.9201,23.9201,23.9201,23.9201,103,0
CRDT.US,5,20250821,183500,23.96,23.96,23.96,23.96,400,0
CRDT.US,5,20250821,185500,23.97,23.98,23.97,23.98,1216,0
CRDT.US,5,20250821,192000,23.97,23.97,23.921,23.935,8090,0
CRDT.US,5,20250821,192500,23.921,23.94,23.921,23.935,300,0
CRDT.US,5,20250821,194500,23.9351,23.9351,23.9351,23.9351,178,0
CRDT.US,5,20250821,201000,23.95,23.95,23.921,23.935,480,0
CRDT.US,5,20250821,215500,23.9,23.9,23.9,23.9,100,0
CRDT.US,5,20250822,160500,24.12,24.12,24.12,24.12,447,0
CRDT.US,5,20250822,164000,24.15,24.15,24.15,24.15,100,0
CRDT.US,5,20250822,164500,24.17,24.17,24.17,24.17,429,0
CRDT.US,5,20250822,174000,24.16,24.16,24.16,24.16,2000,0
CRDT.US,5,20250822,190500,24.17,24.17,24.17,24.17,100,0
CRDT.US,5,20250822,203500,24.1601,24.1601,24.09,24.1601,1538,0
CRDT.US,5,20250822,212000,24.1236,24.1236,24.12,24.12,248,0
CRDT.US,5,20250822,214000,24.1289,24.1289,24.1289,24.1289,165,0
CRDT.US,5,20250825,154500,24.03,24.05,24.021,24.021,1325,0
CRDT.US,5,20250825,162500,24.021,24.021,24.021,24.021,100,0
CRDT.US,5,20250825,163500,24.0321,24.04,24.0321,24.04,200,0
CRDT.US,5,20250825,172500,24.0001,24.0001,24.0001,24.0001,150,0
CRDT.US,5,20250825,174500,24.025,24.03,24.025,24.03,200,0
CRDT.US,5,20250825,190000,24.05,24.05,24.05,24.05,500,0
CRDT.US,5,20250825,202500,24.01,24.01,24.01,24.01,100,0
CRDT.US,5,20250825,211500,24.025,24.025,24.001,24.001,932,0
CRDT.US,5,20250825,212000,24.049,24.0493,24.049,24.0493,230,0
CRDT.US,5,20250825,215500,24.0144,24.0144,24.0144,24.0144,177,0
CRDT.US,5,20250826,153000,23.96,23.96,23.96,23.96,3897,0
CRDT.US,5,20250826,160500,23.96,23.96,23.96,23.96,100,0
CRDT.US,5,20250826,161000,23.99,23.99,23.99,23.99,32051,0
CRDT.US,5,20250826,161500,23.97,23.97,23.97,23.97,100,0
CRDT.US,5,20250826,162000,23.98,23.98,23.9711,23.9711,1003,0
CRDT.US,5,20250826,165000,23.98,23.98,23.96,23.96,9191,0
CRDT.US,5,20250826,170000,23.96,23.96,23.96,23.96,200,0
CRDT.US,5,20250826,172500,23.96,23.96,23.96,23.96,100,0
CRDT.US,5,20250826,174500,23.975,23.975,23.975,23.975,513,0
CRDT.US,5,20250826,181000,23.961,23.961,23.961,23.961,100,0
CRDT.US,5,20250826,185000,23.95,23.95,23.95,23.95,100,0
CRDT.US,5,20250826,185500,23.941,23.941,23.941,23.941,100,0
CRDT.US,5,20250826,191000,23.958,23.958,23.958,23.958,100,0
CRDT.US,5,20250826,194000,23.951,23.951,23.951,23.951,100,0
CRDT.US,5,20250826,202500,23.961,23.961,23.961,23.961,110,0
CRDT.US,5,20250826,205000,23.9899,23.9899,23.9899,23.9899,131,0
CRDT.US,5,20250826,215500,23.9785,23.9785,23.9785,23.9785,197,0
CRDT.US,5,20250827,153000,24.01,24.01,24.01,24.01,100,0
CRDT.US,5,20250827,153500,23.985,23.985,23.985,23.985,515,0
CRDT.US,5,20250827,160500,23.98,23.98,23.98,23.98,100,0
CRDT.US,5,20250827,170500,23.985,23.99,23.985,23.99,781,0
CRDT.US,5,20250827,171000,24.06,24.06,24.06,24.06,200,0
CRDT.US,5,20250827,171500,24.06,24.07,24.06,24.07,400,0
CRDT.US,5,20250827,172000,24.08,24.08,24.08,24.08,300,0
CRDT.US,5,20250827,172500,24.08,24.08,24.08,24.08,300,0
CRDT.US,5,20250827,173000,24.09,24.09,24.09,24.09,300,0
CRDT.US,5,20250827,173500,24.1,24.1,24.1,24.1,300,0
CRDT.US,5,20250827,174000,24.1,24.11,24.1,24.11,300,0
CRDT.US,5,20250827,174500,24.11,24.11,24.11,24.11,200,0
CRDT.US,5,20250827,175000,24.11,24.11,24.11,24.11,400,0
CRDT.US,5,20250827,175500,24.11,24.11,24.11,24.11,100,0
CRDT.US,5,20250827,180000,24.11,24.11,24.11,24.11,400,0
CRDT.US,5,20250827,180500,24.12,24.12,24.12,24.12,200,0
CRDT.US,5,20250827,181000,24.12,24.12,24.12,24.12,200,0
CRDT.US,5,20250827,181500,24.12,24.12,24.12,24.12,200,0
CRDT.US,5,20250827,182000,24.12,24.12,24.12,24.12,300,0
CRDT.US,5,20250827,182500,24.12,24.12,24.12,24.12,200,0
CRDT.US,5,20250827,183000,24.12,24.12,24.12,24.12,400,0
CRDT.US,5,20250827,183500,24.12,24.12,24.12,24.12,100,0
CRDT.US,5,20250827,184000,24.12,24.12,24.12,24.12,200,0
CRDT.US,5,20250827,184500,24.13,24.13,24.13,24.13,300,0
CRDT.US,5,20250827,185000,24.14,24.14,24.14,24.14,300,0
CRDT.US,5,20250827,185500,24.14,24.14,24.14,24.14,200,0
CRDT.US,5,20250827,190000,24.13,24.13,24.13,24.13,200,0
CRDT.US,5,20250827,190500,24.14,24.14,24.14,24.14,200,0
CRDT.US,5,20250827,191000,24.14,24.14,24.14,24.14,300,0
CRDT.US,5,20250827,191500,24.13,24.13,24.13,24.13,200,0
CRDT.US,5,20250827,192000,24.14,24.14,24.14,24.14,100,0
CRDT.US,5,20250827,192500,24.14,24.14,24.14,24.14,200,0
CRDT.US,5,20250827,193000,24.14,24.14,24.14,24.14,400,0
CRDT.US,5,20250827,193500,24.14,24.14,24.14,24.14,100,0
CRDT.US,5,20250827,194000,24.14,24.14,24.14,24.14,200,0
CRDT.US,5,20250827,194500,24.14,24.14,24.14,24.14,200,0
CRDT.US,5,20250827,195000,24.13,24.13,24.13,24.13,100,0
CRDT.US,5,20250827,195500,24.13,24.14,24.13,24.14,300,0
CRDT.US,5,20250827,200000,24.14,24.14,24.14,24.14,200,0
CRDT.US,5,20250827,200500,24.14,24.14,24.14,24.14,400,0
CRDT.US,5,20250827,201000,24.14,24.14,24.14,24.14,200,0
CRDT.US,5,20250827,201500,24.14,24.14,24.14,24.14,200,0
CRDT.US,5,20250827,202000,24.14,24.14,24.14,24.14,200,0
CRDT.US,5,20250827,202500,24.14,24.14,24.14,24.14,200,0
CRDT.US,5,20250827,203000,24.14,24.14,24.14,24.14,400,0
CRDT.US,5,20250827,203500,24.14,24.14,24.12,24.12,410,0
CRDT.US,5,20250827,204000,24.13,24.13,24.13,24.13,200,0
CRDT.US,5,20250827,204500,24.13,24.13,24.13,24.13,200,0
CRDT.US,5,20250827,205000,24.14,24.14,24.14,24.14,200,0
CRDT.US,5,20250827,205500,24.13,24.13,24.13,24.13,400,0
CRDT.US,5,20250827,210000,24.13,24.13,24.13,24.13,200,0
CRDT.US,5,20250827,210500,24.14,24.1494,24.14,24.14,1310,0
CRDT.US,5,20250827,211000,24.14,24.14,24.14,24.14,200,0
CRDT.US,5,20250827,211500,24.14,24.14,24.14,24.14,300,0
CRDT.US,5,20250827,212000,24.14,24.14,24.14,24.14,400,0
CRDT.US,5,20250827,212500,24.15,24.15,24.1356,24.14,1514,0
CRDT.US,5,20250827,213000,24.14,24.14,24.14,24.14,400,0
CRDT.US,5,20250827,213500,24.14,24.14,24.14,24.14,400,0
CRDT.US,5,20250827,214000,24.14,24.14,24.14,24.14,400,0
CRDT.US,5,20250827,214500,24.14,24.14,24.13,24.13,503,0
CRDT.US,5,20250827,215000,24.14,24.14,24.14,24.14,1000,0
CRDT.US,5,20250827,215500,24.14,24.15,24.14,24.15,2300,0
CRDT.US,5,20250828,161000,23.97,24.018,23.97,24.018,1700,0
CRDT.US,5,20250828,161500,24.019,24.019,24.019,24.019,114,0
CRDT.US,5,20250828,163000,24.01,24.01,24.01,24.01,300,0
CRDT.US,5,20250828,171000,24.01,24.01,24.01,24.01,1021,0
CRDT.US,5,20250828,182000,24.0001,24.0001,24.0001,24.0001,198,0
CRDT.US,5,20250828,190000,24.001,24.001,24.0005,24.0005,334,0
CRDT.US,5,20250828,193500,24.015,24.015,24.015,24.015,190,0
CRDT.US,5,20250828,203500,24.0258,24.0258,24.0258,24.0258,100,0
CRDT.US,5,20250828,205500,24.015,24.015,24.015,24.015,100,0
CRDT.US,5,20250828,210500,24.0299,24.0299,24,24,377,0
CRDT.US,5,20250828,213000,24.03,24.11,24.03,24.11,200,0
CRDT.US,5,20250829,160000,23.99,23.99,23.9899,23.9899,707,0
CRDT.US,5,20250829,175500,23.9884,23.9884,23.9884,23.9884,861,0
CRDT.US,5,20250829,180000,24.01,24.07,24.0099,24.0099,1458,0
CRDT.US,5,20250829,185000,23.9801,24.01,23.9801,24.01,240,0
CRDT.US,5,20250829,185500,24.015,24.015,24.015,24.015,100,0
CRDT.US,5,20250829,190500,24.01,24.02,24.01,24.02,1800,0
CRDT.US,5,20250829,192500,24.0199,24.0199,24.0199,24.0199,164,0
CRDT.US,5,20250829,200000,24.0002,24.0002,24.0002,24.0002,131,0
CRDT.US,5,20250829,203000,24.02,24.02,24.02,24.02,100,0
CRDT.US,5,20250829,211000,24.054,24.054,24.054,24.054,100,0
CRDT.US,5,20250902,162500,24.02,24.0201,23.9201,23.9201,3283,0
CRDT.US,5,20250902,184500,24.01,24.01,24.01,24.01,100,0
CRDT.US,5,20250902,201500,24.0599,24.0599,24.0599,24.0599,201,0
CRDT.US,5,20250902,215500,24.053,24.0799,24.053,24.053,900,0
CRDT.US,5,20250903,212000,24.0273,24.0273,24.0273,24.0273,120,0
CRDT.US,5,20250903,213000,23.9944,23.9944,23.9944,23.9944,196,0
CRDT.US,5,20250903,215000,24.0232,24.0232,24.0232,24.0232,250,0
CRDT.US,5,20250904,153500,24.02,24.02,24.02,24.02,18672,0
CRDT.US,5,20250904,160000,23.9905,23.9905,23.9905,23.9905,100,0
CRDT.US,5,20250904,161500,24.05,24.05,24.05,24.05,1130,0
CRDT.US,5,20250904,165000,24.0673,24.0673,24.0673,24.0673,100,0
CRDT.US,5,20250904,171000,24.0675,24.0675,24.0675,24.0675,131,0
CRDT.US,5,20250904,202000,24.08,24.08,24.061,24.061,200,0
CRDT.US,5,20250904,204500,24.068,24.068,24.068,24.068,100,0
CRDT.US,5,20250904,205000,24.08,24.08,24.08,24.08,1711,0
CRDT.US,5,20250904,212500,24.099,24.1,24.099,24.1,1000,0
CRDT.US,5,20250905,153000,24.13,24.13,24.13,24.13,100,0
CRDT.US,5,20250905,153500,24.0902,24.0902,24.0902,24.0902,698,0
CRDT.US,5,20250905,155000,24.11,24.11,24.11,24.11,100,0
CRDT.US,5,20250905,191500,24.06,24.06,24.06,24.06,124,0
CRDT.US,5,20250905,192000,24.065,24.065,24.065,24.065,1054,0
CRDT.US,5,20250905,192500,24.0375,24.0375,24.0375,24.0375,1463,0
CRDT.US,5,20250905,194000,24.035,24.035,24,24,971,0
CRDT.US,5,20250905,201000,24.03,24.0385,24.03,24.0385,478,0
CRDT.US,5,20250905,203000,24.03,24.03,24.03,24.03,1165,0
CRDT.US,5,20250905,214500,24.0696,24.0696,24.0516,24.0516,423,0
CRDT.US,5,20250908,153000,23.95,23.95,23.95,23.95,6025,0
CRDT.US,5,20250908,160500,23.935,23.94,23.935,23.94,214,0
CRDT.US,5,20250908,165000,23.93,23.93,23.9299,23.9299,200,0
CRDT.US,5,20250908,195500,23.89,23.8901,23.81,23.8901,2758,0
CRDT.US,5,20250909,163500,23.935,23.935,23.935,23.935,185,0
CRDT.US,5,20250909,175500,23.92,23.92,23.92,23.92,10023,0
CRDT.US,5,20250909,181500,23.91,23.91,23.91,23.91,385,0
CRDT.US,5,20250909,184000,23.9116,23.9116,23.9116,23.9116,138,0
CRDT.US,5,20250909,195500,23.928,23.93,23.925,23.928,2342,0
CRDT.US,5,20250910,171000,23.94,23.94,23.94,23.94,202,0
CRDT.US,5,20250910,174000,23.94,23.9401,23.94,23.9401,400,0
CRDT.US,5,20250910,175000,23.95,23.95,23.95,23.95,100,0
CRDT.US,5,20250910,180500,23.95,23.95,23.95,23.95,200,0
CRDT.US,5,20250910,181000,23.95,23.95,23.95,23.95,100,0
CRDT.US,5,20250910,181500,23.9464,23.9464,23.9464,23.9464,283,0
CRDT.US,5,20250910,191500,23.91,23.91,23.9,23.9001,400,0
CRDT.US,5,20250910,200500,23.92,23.92,23.92,23.92,100,0
CRDT.US,5,20250910,204000,23.95,23.95,23.95,23.95,100,0
CRDT.US,5,20250910,210500,23.9101,23.9101,23.9101,23.9101,400,0
CRDT.US,5,20250910,213500,23.9394,23.9394,23.9394,23.9394,1000,0
CRDT.US,5,20250910,214000,23.92,23.9495,23.92,23.9495,950,0
CRDT.US,5,20250910,214500,23.95,23.957,23.95,23.955,1919,0
CRDT.US,5,20250911,154000,23.98,23.998,23.98,23.998,9816,0
CRDT.US,5,20250911,161000,24.015,24.015,24.015,24.015,100,0
CRDT.US,5,20250911,163500,24.0109,24.0109,24.0109,24.0109,178,0
CRDT.US,5,20250911,180500,24.0132,24.02,24.0132,24.015,2270,0
CRDT.US,5,20250911,181500,24.015,24.015,24.015,24.015,243,0
CRDT.US,5,20250911,190000,24.02,24.02,24.02,24.02,400,0
CRDT.US,5,20250911,195000,24.0158,24.0158,24.0158,24.0158,100,0
CRDT.US,5,20250911,202500,24.01,24.0101,24.01,24.0101,313,0
CRDT.US,5,20250912,153000,23.9133,23.92,23.9133,23.92,38943,0
CRDT.US,5,20250912,170000,23.9275,23.9275,23.9275,23.9275,508,0
CRDT.US,5,20250912,174000,23.896,23.896,23.896,23.896,109,0
CRDT.US,5,20250912,175500,23.9,23.9,23.9,23.9,2091,0
CRDT.US,5,20250912,183500,23.93,23.93,23.93,23.93,100,0
CRDT.US,5,20250912,193000,23.88,23.88,23.88,23.88,168,0
CRDT.US,5,20250912,205500,23.9,23.9,23.9,23.9,4169,0
CRDT.US,5,20250912,212000,23.89,23.89,23.89,23.89,842,0
CRDT.US,5,20250912,212500,23.9,23.92,23.9,23.9,712,0
CRDT.US,5,20250912,213000,23.9,23.9,23.9,23.9,582,0
CRDT.US,5,20250912,215000,23.89,23.89,23.89,23.89,8519,0
CRDT.US,5,20250912,215500,23.905,23.93,23.89,23.93,6445,0
CRDT.US,5,20250915,161500,23.938,23.938,23.938,23.938,100,0
CRDT.US,5,20250915,180000,23.9353,23.9353,23.93,23.93,3363,0
CRDT.US,5,20250915,184000,23.94,23.94,23.94,23.94,100,0
CRDT.US,5,20250915,184500,23.94,23.94,23.94,23.94,1575,0
CRDT.US,5,20250915,205500,23.9302,23.9302,23.9302,23.9302,245,0
CRDT.US,5,20250915,215500,23.95,23.95,23.95,23.95,100,0
CRDT.US,5,20250916,162000,23.87,23.87,23.87,23.87,2927,0
CRDT.US,5,20250916,170500,23.91,23.91,23.9099,23.9099,400,0
CRDT.US,5,20250916,171500,23.89,23.89,23.89,23.89,125,0
CRDT.US,5,20250916,180500,23.8734,23.8734,23.8734,23.8734,246,0
CRDT.US,5,20250916,181500,23.8798,23.8798,23.8798,23.8798,405,0
CRDT.US,5,20250916,184000,23.91,23.91,23.8894,23.8894,487,0
CRDT.US,5,20250916,204000,23.9,23.9,23.9,23.9,3000,0
CRDT.US,5,20250916,204500,23.894,23.9,23.894,23.9,377,0
CRDT.US,5,20250916,210000,23.9,23.9,23.9,23.9,60235,0
CRDT.US,5,20250916,213000,23.92,23.92,23.92,23.92,551,0
CRDT.US,5,20250916,214000,23.8802,23.8802,23.88,23.88,598,0
CRDT.US,5,20250916,215500,23.92,23.92,23.92,23.92,100,0
CRDT.US,5,20250917,163000,23.86,23.86,23.86,23.86,342,0
CRDT.US,5,20250917,173500,23.83,23.8301,23.79,23.8301,5920,0
CRDT.US,5,20250917,174000,23.856,23.856,23.856,23.856,167,0
CRDT.US,5,20250917,174500,23.85,23.85,23.85,23.85,2711,0
CRDT.US,5,20250917,184000,23.81,23.81,23.81,23.81,495,0
CRDT.US,5,20250917,191500,23.84,23.84,23.84,23.84,1167,0
CRDT.US,5,20250917,192000,23.84,23.84,23.84,23.84,132,0
CRDT.US,5,20250917,200500,23.86,23.86,23.86,23.86,100,0
CRDT.US,5,20250917,202000,23.84,23.8401,23.79,23.8401,1000,0
CRDT.US,5,20250917,203500,23.86,23.86,23.86,23.86,200,0
CRDT.US,5,20250917,204000,23.825,23.825,23.825,23.825,100,0
CRDT.US,5,20250917,210000,23.82,23.82,23.82,23.82,100,0
CRDT.US,5,20250917,210500,23.82,23.82,23.82,23.82,100,0
CRDT.US,5,20250917,213000,23.81,23.81,23.81,23.81,252,0
CRDT.US,5,20250917,214000,23.825,23.85,23.825,23.85,5988,0
CRDT.US,5,20250917,215500,23.85,23.85,23.85,23.85,100,0
CRDT.US,5,20250918,153500,23.94,23.94,23.94,23.94,8753,0
CRDT.US,5,20250918,154500,23.92,23.92,23.87,23.92,900,0
CRDT.US,5,20250918,160500,23.92,23.92,23.92,23.92,100,0
CRDT.US,5,20250918,171500,23.936,23.936,23.936,23.936,154,0
CRDT.US,5,20250918,172500,23.91,23.91,23.91,23.91,100,0
CRDT.US,5,20250918,181000,23.9273,23.9273,23.9273,23.9273,336,0
CRDT.US,5,20250918,183000,23.91,23.9101,23.91,23.9101,200,0
CRDT.US,5,20250918,193000,23.9407,23.9407,23.9407,23.9407,204,0
CRDT.US,5,20250918,195500,23.935,23.935,23.935,23.935,410,0
CRDT.US,5,20250918,203000,23.92,23.92,23.92,23.92,100,0
CRDT.US,5,20250918,214000,23.9376,23.9376,23.9376,23.9376,500,0
CRDT.US,5,20250918,215500,23.95,23.95,23.95,23.95,155,0
CRDT.US,5,20250919,153000,23.89,23.89,23.89,23.89,3765,0
CRDT.US,5,20250919,161000,23.8986,23.8986,23.8986,23.8986,200,0
CRDT.US,5,20250919,174000,23.89,23.89,23.89,23.89,1355,0
CRDT.US,5,20250919,175500,23.89,23.89,23.89,23.89,1291,0
CRDT.US,5,20250919,180000,23.8801,23.8801,23.86,23.88,598,0
CRDT.US,5,20250919,181000,23.86,23.8601,23.86,23.8601,200,0
CRDT.US,5,20250919,191000,23.8642,23.8642,23.8642,23.8642,109,0
CRDT.US,5,20250919,192000,23.84,23.8401,23.82,23.8401,400,0
CRDT.US,5,20250919,205500,23.86,23.86,23.86,23.86,450,0
CRDT.US,5,20250919,210500,23.84,23.8401,23.84,23.8401,600,0
CRDT.US,5,20250922,160500,23.941,23.941,23.941,23.941,115,0
CRDT.US,5,20250922,163000,23.9,23.9,23.9,23.9,100,0
CRDT.US,5,20250922,165000,23.9004,23.9004,23.9004,23.9004,200,0
CRDT.US,5,20250922,165500,23.9,23.9146,23.85,23.85,300,0
CRDT.US,5,20250922,183000,23.8555,23.8555,23.8555,23.8555,100,0
CRDT.US,5,20250922,183500,23.8543,23.8543,23.8543,23.8543,2000,0
CRDT.US,5,20250922,184500,23.85,23.85,23.84,23.84,200,0
CRDT.US,5,20250922,195500,23.86,23.86,23.86,23.86,10112,0
CRDT.US,5,20250922,211000,23.85,23.85,23.85,23.85,100,0
CRDT.US,5,20250922,212000,23.86,23.86,23.86,23.86,100,0
CRDT.US,5,20250922,213000,23.8538,23.8538,23.8538,23.8538,171,0
CRDT.US,5,20250922,213500,23.86,23.86,23.86,23.86,100,0
CRDT.US,5,20250922,215000,23.85,23.85,23.85,23.85,100,0
CRDT.US,5,20250923,162500,23.89,23.89,23.89,23.89,100,0
CRDT.US,5,20250923,172500,23.8704,23.8704,23.8704,23.8704,300,0
CRDT.US,5,20250923,182000,23.8905,23.8905,23.89,23.8901,1650,0
CRDT.US,5,20250923,184000,23.8401,23.88,23.84,23.87,2900,0
CRDT.US,5,20250923,184500,23.87,23.87,23.87,23.87,300,0
CRDT.US,5,20250923,190000,23.87,23.87,23.87,23.87,100,0
CRDT.US,5,20250923,190500,23.87,23.87,23.87,23.87,200,0
CRDT.US,5,20250923,191500,23.885,23.885,23.885,23.885,109,0
CRDT.US,5,20250923,194500,23.85,23.85,23.85,23.85,100,0
CRDT.US,5,20250923,204000,23.87,23.87,23.87,23.87,2151,0
CRDT.US,5,20250924,162500,23.9,23.9,23.9,23.9,100,0
CRDT.US,5,20250924,163000,23.8901,23.8901,23.82,23.821,2569,0
CRDT.US,5,20250924,165000,23.89,23.89,23.84,23.84,37351,0
CRDT.US,5,20250924,171500,23.9048,23.9048,23.9048,23.9048,166,0
CRDT.US,5,20250924,172500,23.88,23.88,23.88,23.88,100,0
CRDT.US,5,20250924,173000,23.87,23.8701,23.77,23.86,4900,0
CRDT.US,5,20250924,174500,23.87,23.87,23.87,23.87,100,0
CRDT.US,5,20250924,182000,23.87,23.87,23.87,23.87,1432,0
CRDT.US,5,20250924,183500,23.8852,23.8852,23.8852,23.8852,690,0
CRDT.US,5,20250924,185000,23.88,23.88,23.88,23.88,1391,0
CRDT.US,5,20250924,185500,23.87,23.8701,23.77,23.77,1800,0
CRDT.US,5,20250924,190000,23.9083,23.9083,23.9083,23.9083,224,0
CRDT.US,5,20250924,192000,23.88,23.88,23.88,23.88,100,0
CRDT.US,5,20250924,195500,23.91,23.92,23.91,23.9199,517,0
CRDT.US,5,20250925,153000,23.67,23.6908,23.67,23.6908,2947,0
CRDT.US,5,20250925,163500,23.67,23.6748,23.67,23.6748,991,0
CRDT.US,5,20250925,175500,23.69,23.69,23.6356,23.6356,5396,0
CRDT.US,5,20250925,180000,23.639,23.66,23.63,23.65,9433,0
CRDT.US,5,20250925,180500,23.65,23.65,23.65,23.65,1100,0
CRDT.US,5,20250925,181000,23.65,23.65,23.65,23.65,100,0
CRDT.US,5,20250925,181500,23.67,23.67,23.66,23.66,200,0
CRDT.US,5,20250925,182000,23.6644,23.6644,23.6644,23.6644,602,0
CRDT.US,5,20250925,182500,23.6644,23.6644,23.6644,23.6644,500,0
CRDT.US,5,20250925,185000,23.65,23.65,23.65,23.65,951,0
CRDT.US,5,20250925,191500,23.6425,23.6425,23.6425,23.6425,106,0
CRDT.US,5,20250925,192500,23.6329,23.6329,23.6329,23.6329,115,0
CRDT.US,5,20250925,194500,23.6417,23.6417,23.61,23.61,1917,0
CRDT.US,5,20250925,200500,23.6363,23.6363,23.6363,23.6363,129,0
CRDT.US,5,20250925,212500,23.62,23.62,23.62,23.62,4866,0
CRDT.US,5,20250925,215000,23.63,23.6344,23.63,23.6344,11130,0
CRDT.US,5,20250926,161000,23.7,23.7,23.7,23.7,125,0
CRDT.US,5,20250926,163000,23.67,23.67,23.67,23.67,446,0
CRDT.US,5,20250926,174000,23.67,23.67,23.67,23.67,200,0
CRDT.US,5,20250926,174500,23.67,23.67,23.67,23.67,100,0
CRDT.US,5,20250926,192000,23.69,23.69,23.69,23.69,100,0
CRDT.US,5,20250926,194000,23.66,23.66,23.66,23.66,100,0
CRDT.US,5,20250926,202000,23.665,23.665,23.665,23.665,216,0
CRDT.US,5,20250926,203500,23.6699,23.7399,23.6699,23.7399,4203,0
CRDT.US,5,20250926,212500,23.73,23.73,23.73,23.73,23925,0
CRDT.US,5,20250929,154500,23.73,23.73,23.71,23.71,24813,0
CRDT.US,5,20250929,155000,23.7273,23.7273,23.62,23.7101,1100,0
CRDT.US,5,20250929,160500,23.7,23.7,23.7,23.7,10350,0
CRDT.US,5,20250929,162500,23.71,23.71,23.71,23.71,5054,0
CRDT.US,5,20250929,164000,23.7,23.7,23.7,23.7,13880,0
CRDT.US,5,20250929,164500,23.72,23.72,23.72,23.72,100,0
CRDT.US,5,20250929,174000,23.71,23.71,23.71,23.71,200,0
CRDT.US,5,20250929,190000,23.73,23.73,23.73,23.73,100,0
CRDT.US,5,20250929,192000,23.71,23.71,23.71,23.71,100,0
CRDT.US,5,20250929,192500,23.71,23.71,23.71,23.71,4244,0
CRDT.US,5,20250929,195000,23.72,23.72,23.72,23.72,100,0
CRDT.US,5,20250929,200500,23.7,23.7,23.7,23.7,100,0
CRDT.US,5,20250929,202000,23.7,23.7,23.7,23.7,200,0
CRDT.US,5,20250929,203500,23.7,23.7,23.7,23.7,5659,0
CRDT.US,5,20250929,205000,23.7,23.7,23.7,23.7,100,0
CRDT.US,5,20250929,211000,23.7,23.7,23.7,23.7,4423,0
CRDT.US,5,20250929,211500,23.7,23.7,23.7,23.7,100,0
CRDT.US,5,20250929,212500,23.69,23.69,23.69,23.69,5054,0
CRDT.US,5,20250929,213000,23.72,23.72,23.72,23.72,100,0
CRDT.US,5,20250929,214000,23.69,23.69,23.66,23.66,5404,0
CRDT.US,5,20250929,214500,23.66,23.66,23.62,23.62,3500,0
CRDT.US,5,20250929,215500,23.62,23.62,23.62,23.62,8440,0
CRDT.US,5,20250930,160000,23.72,23.72,23.66,23.68,66211,0
CRDT.US,5,20250930,161500,23.68,23.68,23.68,23.68,400,0
CRDT.US,5,20250930,162000,23.68,23.68,23.68,23.68,200,0
CRDT.US,5,20250930,162500,23.67,23.695,23.67,23.695,559,0
CRDT.US,5,20250930,164500,23.67,23.67,23.67,23.67,11657,0
CRDT.US,5,20250930,165000,23.67,23.67,23.67,23.67,100,0
CRDT.US,5,20250930,165500,23.67,23.67,23.67,23.67,100,0
CRDT.US,5,20250930,170000,23.67,23.67,23.67,23.67,200,0
CRDT.US,5,20250930,170500,23.67,23.67,23.67,23.67,100,0
CRDT.US,5,20250930,171000,23.67,23.67,23.67,23.67,200,0
CRDT.US,5,20250930,171500,23.67,23.67,23.66,23.66,400,0
CRDT.US,5,20250930,172000,23.66,23.66,23.64,23.64,200,0
CRDT.US,5,20250930,172500,23.66,23.66,23.635,23.635,200,0
CRDT.US,5,20250930,173000,23.635,23.6501,23.635,23.6501,915,0
CRDT.US,5,20250930,173500,23.66,23.66,23.635,23.635,200,0
CRDT.US,5,20250930,174000,23.65,23.66,23.635,23.66,1629,0
CRDT.US,5,20250930,174500,23.64,23.64,23.62,23.62,300,0
CRDT.US,5,20250930,175000,23.65,23.651,23.58,23.651,1207,0
CRDT.US,5,20250930,175500,23.65,23.65,23.65,23.65,200,0
CRDT.US,5,20250930,180500,23.65,23.6502,23.62,23.62,600,0
CRDT.US,5,20250930,181000,23.65,23.65,23.62,23.6401,452,0
CRDT.US,5,20250930,181500,23.65,23.65,23.63,23.65,300,0
CRDT.US,5,20250930,182000,23.65,23.6582,23.64,23.64,2834,0
CRDT.US,5,20250930,182500,23.64,23.64,23.64,23.64,200,0
CRDT.US,5,20250930,183000,23.62,23.64,23.62,23.64,200,0
CRDT.US,5,20250930,183500,23.63,23.63,23.63,23.63,100,0
CRDT.US,5,20250930,184500,23.64,23.64,23.64,23.64,200,0
CRDT.US,5,20250930,185000,23.63,23.655,23.63,23.655,314,0
CRDT.US,5,20250930,185500,23.63,23.63,23.63,23.63,300,0
CRDT.US,5,20250930,190000,23.63,23.63,23.63,23.63,100,0
CRDT.US,5,20250930,190500,23.63,23.63,23.63,23.63,200,0
CRDT.US,5,20250930,191000,23.63,23.63,23.63,23.63,100,0
CRDT.US,5,20250930,191500,23.63,23.631,23.63,23.63,400,0
CRDT.US,5,20250930,192000,23.63,23.63,23.63,23.63,644,0
CRDT.US,5,20250930,192500,23.63,23.63,23.61,23.63,1200,0
CRDT.US,5,20250930,193000,23.63,23.64,23.63,23.64,200,0
CRDT.US,5,20250930,193500,23.64,23.64,23.64,23.64,100,0
CRDT.US,5,20250930,194000,23.64,23.64,23.64,23.64,200,0
CRDT.US,5,20250930,194500,23.65,23.65,23.64,23.64,1627,0
CRDT.US,5,20250930,195000,23.64,23.65,23.64,23.65,200,0
CRDT.US,5,20250930,195500,23.65,23.65,23.65,23.65,100,0
CRDT.US,5,20250930,200000,23.64,23.65,23.64,23.65,200,0
CRDT.US,5,20250930,200500,23.65,23.6624,23.65,23.65,806,0
CRDT.US,5,20250930,201000,23.66,23.66,23.65,23.65,6541,0
CRDT.US,5,20250930,201500,23.65,23.65,23.65,23.65,200,0
CRDT.US,5,20250930,202000,23.66,23.66,23.66,23.66,8944,0
CRDT.US,5,20250930,202500,23.65,23.65,23.65,23.65,200,0
CRDT.US,5,20250930,203000,23.66,23.66,23.66,23.66,100,0
CRDT.US,5,20250930,203500,23.66,23.66,23.66,23.66,200,0
CRDT.US,5,20250930,204000,23.66,23.66,23.66,23.66,200,0
CRDT.US,5,20250930,204500,23.66,23.66,23.66,23.66,200,0
CRDT.US,5,20250930,205000,23.66,23.66,23.66,23.66,100,0
CRDT.US,5,20250930,205500,23.66,23.66,23.66,23.66,2305,0
CRDT.US,5,20250930,210000,23.66,23.66,23.66,23.66,100,0
CRDT.US,5,20250930,210500,23.66,23.66,23.66,23.66,100,0
CRDT.US,5,20250930,211000,23.66,23.66,23.66,23.66,200,0
CRDT.US,5,20250930,211500,23.66,23.66,23.66,23.66,200,0
CRDT.US,5,20250930,212000,23.66,23.66,23.64,23.64,300,0
CRDT.US,5,20250930,213000,23.66,23.66,23.66,23.66,18203,0
CRDT.US,5,20250930,213500,23.66,23.66,23.66,23.66,200,0
CRDT.US,5,20250930,214000,23.67,23.67,23.67,23.67,6026,0
CRDT.US,5,20250930,214500,23.66,23.66,23.66,23.66,300,0
CRDT.US,5,20250930,215000,23.67,23.67,23.67,23.67,700,0
CRDT.US,5,20250930,215500,23.66,23.66,23.66,23.66,200,0
CRDT.US,5,20251001,153500,23.77,23.77,23.77,23.77,9597,0
CRDT.US,5,20251001,154500,23.76,23.76,23.76,23.76,100,0
CRDT.US,5,20251001,161000,23.764,23.764,23.73,23.75,159940,0
CRDT.US,5,20251001,164000,23.775,23.775,23.76,23.76,600,0
CRDT.US,5,20251001,170000,23.7757,23.7757,23.75,23.75,16946,0
CRDT.US,5,20251001,170500,23.75,23.75,23.75,23.75,1834,0
CRDT.US,5,20251001,172500,23.75,23.75,23.75,23.75,100,0
CRDT.US,5,20251001,173000,23.76,23.7601,23.69,23.7601,800,0
CRDT.US,5,20251001,174000,23.76,23.76,23.76,23.76,100,0
CRDT.US,5,20251001,174500,23.77,23.7701,23.671,23.7001,5316,0
CRDT.US,5,20251001,175500,23.77,23.783,23.77,23.783,3812,0
CRDT.US,5,20251001,180000,23.77,23.77,23.77,23.77,100,0
CRDT.US,5,20251001,181500,23.77,23.77,23.77,23.77,100,0
CRDT.US,5,20251001,183000,23.77,23.77,23.77,23.77,100,0
CRDT.US,5,20251001,185000,23.77,23.77,23.77,23.77,100,0
CRDT.US,5,20251001,185500,23.7776,23.7776,23.7776,23.7776,402,0
CRDT.US,5,20251001,190000,23.78,23.78,23.78,23.78,100,0
CRDT.US,5,20251001,191000,23.78,23.78,23.78,23.78,100,0
CRDT.US,5,20251001,192500,23.78,23.78,23.78,23.78,200,0
CRDT.US,5,20251001,194500,23.78,23.78,23.78,23.78,100,0
CRDT.US,5,20251001,200500,23.78,23.78,23.78,23.78,100,0
CRDT.US,5,20251001,202000,23.7865,23.7865,23.78,23.78,251,0
CRDT.US,5,20251001,204000,23.78,23.78,23.78,23.78,100,0
CRDT.US,5,20251001,205500,23.78,23.78,23.78,23.78,100,0
CRDT.US,5,20251001,211000,23.77,23.77,23.77,23.77,100,0
CRDT.US,5,20251001,212000,23.7853,23.7853,23.7853,23.7853,100,0
CRDT.US,5,20251001,212500,23.7802,23.7802,23.78,23.78,300,0
CRDT.US,5,20251001,213500,23.78,23.78,23.78,23.78,100,0
CRDT.US,5,20251001,214500,23.78,23.78,23.78,23.78,11309,0
CRDT.US,5,20251001,215000,23.78,23.78,23.74,23.78,400,0
CRDT.US,5,20251001,215500,23.78,23.78,23.77,23.77,1418,0
CRDT.US,5,20251002,170000,23.72,23.72,23.72,23.72,258,0
CRDT.US,5,20251002,173500,23.72,23.72,23.72,23.72,81176,0
CRDT.US,5,20251002,175000,23.71,23.71,23.71,23.71,400,0
CRDT.US,5,20251002,175500,23.71,23.71,23.7,23.7,200,0
CRDT.US,5,20251002,180000,23.71,23.71,23.71,23.71,300,0
CRDT.US,5,20251002,181000,23.71,23.71,23.71,23.71,100,0
CRDT.US,5,20251002,181500,23.71,23.71,23.71,23.71,400,0
CRDT.US,5,20251002,182000,23.7,23.7,23.7,23.7,100,0
CRDT.US,5,20251002,184000,23.701,23.701,23.64,23.64,700,0
CRDT.US,5,20251002,185000,23.7,23.725,23.7,23.725,289,0
CRDT.US,5,20251002,190500,23.725,23.736,23.725,23.725,4358,0
CRDT.US,5,20251002,191000,23.7299,23.7299,23.7299,23.7299,1022,0
CRDT.US,5,20251002,191500,23.71,23.71,23.71,23.71,100,0
CRDT.US,5,20251002,192000,23.75,23.75,23.75,23.75,1095,0
CRDT.US,5,20251002,192500,23.725,23.725,23.71,23.71,959,0
CRDT.US,5,20251002,194000,23.71,23.71,23.71,23.71,100,0
CRDT.US,5,20251002,195000,23.7,23.7,23.7,23.7,100,0
CRDT.US,5,20251002,195500,23.71,23.72,23.71,23.72,7017,0
CRDT.US,5,20251002,200000,23.71,23.71,23.71,23.71,200,0
CRDT.US,5,20251002,200500,23.71,23.71,23.71,23.71,100,0
CRDT.US,5,20251002,201000,23.71,23.71,23.71,23.71,200,0
CRDT.US,5,20251002,202000,23.71,23.71,23.71,23.71,200,0
CRDT.US,5,20251002,203000,23.7,23.71,23.7,23.71,200,0
CRDT.US,5,20251002,203500,23.72,23.72,23.7,23.7,116889,0
CRDT.US,5,20251002,204000,23.7,23.7,23.69,23.7,3174,0
CRDT.US,5,20251002,204500,23.691,23.6911,23.69,23.69,4048,0
CRDT.US,5,20251002,205000,23.709,23.709,23.69,23.69,864,0
CRDT.US,5,20251002,205500,23.69,23.69,23.69,23.69,100,0
CRDT.US,5,20251002,210000,23.69,23.69,23.69,23.69,100,0
CRDT.US,5,20251002,210500,23.69,23.69,23.69,23.69,100,0
CRDT.US,5,20251002,211000,23.69,23.69,23.69,23.69,100,0
CRDT.US,5,20251002,211500,23.7,23.715,23.69,23.69,2454,0
CRDT.US,5,20251002,212000,23.69,23.71,23.69,23.71,2647,0
CRDT.US,5,20251002,212500,23.69,23.69,23.69,23.69,100,0
CRDT.US,5,20251002,213000,23.715,23.715,23.69,23.7,3760,0
CRDT.US,5,20251002,213500,23.7,23.7082,23.7,23.7082,1400,0
CRDT.US,5,20251002,214000,23.69,23.69,23.68,23.68,200,0
CRDT.US,5,20251002,214500,23.68,23.69,23.68,23.69,300,0
CRDT.US,5,20251002,215000,23.69,23.69,23.69,23.69,400,0
CRDT.US,5,20251002,215500,23.69,23.69,23.63,23.68,1000,0
CRDT.US,5,20251003,153000,23.73,23.73,23.73,23.73,18889,0
CRDT.US,5,20251003,153500,23.72,23.72,23.72,23.72,100,0
CRDT.US,5,20251003,154000,23.76,23.76,23.76,23.76,500,0
CRDT.US,5,20251003,155000,23.72,23.7201,23.72,23.7201,4340,0
CRDT.US,5,20251003,160000,23.72,23.72,23.72,23.72,100,0
CRDT.US,5,20251003,161500,23.71,23.71,23.71,23.71,100,0
CRDT.US,5,20251003,162500,23.71,23.71,23.71,23.71,100,0
CRDT.US,5,20251003,163000,23.72,23.7201,23.72,23.7201,1280,0
CRDT.US,5,20251003,164000,23.72,23.72,23.72,23.72,100,0
CRDT.US,5,20251003,165500,23.72,23.72,23.72,23.72,100,0
CRDT.US,5,20251003,170500,23.71,23.71,23.71,23.71,100,0
CRDT.US,5,20251003,172000,23.71,23.71,23.71,23.71,100,0
CRDT.US,5,20251003,173000,23.71,23.7101,23.65,23.7101,2000,0
CRDT.US,5,20251003,173500,23.71,23.71,23.71,23.71,100,0
CRDT.US,5,20251003,174000,23.7,23.7,23.7,23.7,100,0
CRDT.US,5,20251003,175500,23.7,23.7,23.7,23.7,100,0
CRDT.US,5,20251003,180000,23.721,23.721,23.721,23.721,291,0
CRDT.US,5,20251003,181000,23.7,23.7,23.7,23.7,100,0
CRDT.US,5,20251003,183000,23.7,23.7,23.7,23.7,100,0
CRDT.US,5,20251003,185000,23.69,23.69,23.69,23.69,100,0
CRDT.US,5,20251003,190000,23.715,23.715,23.715,23.715,734,0
CRDT.US,5,20251003,191500,23.69,23.69,23.69,23.69,100,0
CRDT.US,5,20251003,193000,23.68,23.73,23.68,23.7125,1732,0
CRDT.US,5,20251003,193500,23.68,23.68,23.67,23.67,200,0
CRDT.US,5,20251003,194500,23.6705,23.695,23.6705,23.695,9140,0
CRDT.US,5,20251003,195500,23.68,23.68,23.6701,23.6701,788,0
CRDT.US,5,20251003,201000,23.68,23.69,23.68,23.69,1204,0
CRDT.US,5,20251003,202000,23.68,23.6846,23.68,23.6846,600,0
CRDT.US,5,20251003,202500,23.67,23.6701,23.67,23.67,900,0
CRDT.US,5,20251003,203000,23.69,23.69,23.69,23.69,1586,0
CRDT.US,5,20251003,204000,23.69,23.69,23.68,23.681,2500,0
CRDT.US,5,20251003,205000,23.68,23.68,23.67,23.67,200,0
CRDT.US,5,20251003,205500,23.68,23.68,23.67,23.67,1100,0
CRDT.US,5,20251003,210000,23.68,23.68,23.68,23.68,100,0
CRDT.US,5,20251003,211000,23.67,23.67,23.67,23.67,100,0
CRDT.US,5,20251003,212000,23.67,23.67,23.67,23.67,100,0
CRDT.US,5,20251003,213000,23.67,23.67,23.67,23.67,100,0
CRDT.US,5,20251003,214000,23.67,23.67,23.67,23.67,100,0
CRDT.US,5,20251003,214500,23.67,23.67,23.67,23.67,100,0
CRDT.US,5,20251006,185500,23.705,23.705,23.705,23.705,210,0
CRDT.US,5,20251006,200500,23.7,23.7,23.7,23.7,200,0
CRDT.US,5,20251006,211500,23.7,23.7,23.7,23.7,100,0
CRDT.US,5,20251006,214000,23.7,23.7,23.7,23.7,200,0
CRDT.US,5,20251006,215500,23.69,23.69,23.69,23.69,100,0
CRDT.US,5,20251007,165000,23.7152,23.7152,23.7152,23.7152,900,0
CRDT.US,5,20251007,171000,23.7064,23.7064,23.7064,23.7064,976,0
CRDT.US,5,20251007,174000,23.73,23.73,23.692,23.692,4978,0
CRDT.US,5,20251007,174500,23.67,23.67,23.65,23.65,200,0
CRDT.US,5,20251007,182500,23.68,23.68,23.68,23.68,100,0
CRDT.US,5,20251007,190500,23.6952,23.6952,23.6952,23.6952,375,0
CRDT.US,5,20251007,192500,23.7,23.7,23.7,23.7,107,0
CRDT.US,5,20251007,202500,23.6975,23.72,23.67,23.6875,6590,0
CRDT.US,5,20251007,203000,23.675,23.675,23.67,23.67,200,0
CRDT.US,5,20251007,205000,23.68,23.68,23.68,23.68,100,0
CRDT.US,5,20251007,210500,23.68,23.68,23.68,23.68,100,0
CRDT.US,5,20251007,211500,23.67,23.67,23.67,23.67,100,0
CRDT.US,5,20251007,212000,23.69,23.69,23.672,23.672,3182,0
CRDT.US,5,20251007,212500,23.695,23.695,23.695,23.695,1134,0
CRDT.US,5,20251007,213000,23.67,23.67,23.67,23.67,100,0
CRDT.US,5,20251007,213500,23.67,23.67,23.65,23.65,400,0
CRDT.US,5,20251007,214000,23.67,23.67,23.67,23.67,100,0
CRDT.US,5,20251007,215000,23.67,23.67,23.65,23.66,500,0
CRDT.US,5,20251007,215500,23.66,23.66,23.64,23.65,700,0
CRDT.US,5,20251008,164500,23.759,23.7597,23.759,23.7597,784,0
CRDT.US,5,20251008,175500,23.73,23.73,23.73,23.73,3082,0
CRDT.US,5,20251008,181000,23.7204,23.725,23.7204,23.725,2008,0
CRDT.US,5,20251008,181500,23.72,23.72,23.72,23.72,100,0
CRDT.US,5,20251008,182000,23.735,23.735,23.735,23.735,215,0
CRDT.US,5,20251008,185000,23.69,23.69,23.68,23.68,300,0
CRDT.US,5,20251008,192500,23.715,23.715,23.715,23.715,234,0
CRDT.US,5,20251008,193000,23.69,23.69,23.67,23.67,200,0
CRDT.US,5,20251008,194500,23.67,23.67,23.67,23.67,100,0
CRDT.US,5,20251008,195000,23.6941,23.6941,23.6941,23.6941,120,0
CRDT.US,5,20251008,200500,23.7,23.7,23.7,23.7,100,0
CRDT.US,5,20251008,201000,23.715,23.715,23.715,23.715,132,0
CRDT.US,5,20251008,204000,23.74,23.74,23.715,23.715,1341,0
CRDT.US,5,20251008,210000,23.71,23.71,23.692,23.692,3052,0
CRDT.US,5,20251008,211000,23.69,23.69,23.69,23.69,100,0
CRDT.US,5,20251008,213000,23.69,23.69,23.69,23.69,100,0
CRDT.US,5,20251008,214000,23.715,23.715,23.715,23.715,610,0
CRDT.US,5,20251008,214500,23.69,23.7175,23.69,23.7175,3813,0
CRDT.US,5,20251008,215000,23.69,23.69,23.69,23.69,100,0
CRDT.US,5,20251008,215500,23.69,23.69,23.69,23.69,300,0
CRDT.US,5,20251009,160500,23.7224,23.7224,23.7224,23.7224,259,0
CRDT.US,5,20251009,162000,23.69,23.69,23.69,23.69,100,0
CRDT.US,5,20251009,162500,23.7227,23.7227,23.7227,23.7227,100,0
CRDT.US,5,20251009,170000,23.7249,23.7249,23.7249,23.7249,172,0
CRDT.US,5,20251009,185000,23.68,23.6801,23.68,23.6801,1293,0
CRDT.US,5,20251009,194500,23.6701,23.6701,23.6701,23.6701,122,0
CRDT.US,5,20251009,203000,23.701,23.701,23.701,23.701,473,0
CRDT.US,5,20251009,212000,23.69,23.69,23.69,23.69,409,0
CRDT.US,5,20251010,184500,23.6174,23.6174,23.6174,23.6174,112,0
CRDT.US,5,20251010,201500,23.6,23.6001,23.58,23.58,1222,0
CRDT.US,5,20251010,211000,23.57,23.57,23.57,23.57,100,0
CRDT.US,5,20251010,212500,23.5773,23.5773,23.57,23.57,579,0
CRDT.US,5,20251013,155000,23.745,23.745,23.745,23.745,400,0
CRDT.US,5,20251013,162500,23.7373,23.7373,23.7373,23.7373,996,0
CRDT.US,5,20251013,203000,23.7076,23.71,23.7076,23.71,296,0
CRDT.US,5,20251013,212500,23.6968,23.6968,23.6968,23.6968,233,0
CRDT.US,5,20251014,154500,23.71,23.71,23.71,23.71,200,0
CRDT.US,5,20251014,161000,23.74,23.75,23.74,23.75,450,0
CRDT.US,5,20251014,163000,23.745,23.745,23.745,23.745,281,0
CRDT.US,5,20251014,164500,23.74,23.74,23.74,23.74,300,0
CRDT.US,5,20251014,170500,23.745,23.75,23.745,23.7475,1600,0
CRDT.US,5,20251014,171000,23.74,23.74,23.74,23.74,1500,0
CRDT.US,5,20251014,181000,23.76,23.76,23.76,23.76,84041,0
CRDT.US,5,20251014,184000,23.755,23.755,23.755,23.755,490,0
CRDT.US,5,20251014,191500,23.75,23.75,23.715,23.715,200,0
CRDT.US,5,20251014,192000,23.755,23.755,23.755,23.755,467,0
CRDT.US,5,20251014,200500,23.75,23.75,23.75,23.75,100,0
CRDT.US,5,20251014,205000,23.755,23.8,23.7501,23.78,4710,0
CRDT.US,5,20251014,210500,23.75,23.75,23.75,23.75,100,0
CRDT.US,5,20251014,212500,23.75,23.75,23.75,23.75,100,0
CRDT.US,5,20251014,214000,23.74,23.74,23.74,23.74,100,0
CRDT.US,5,20251015,161000,23.691,23.715,23.691,23.715,544,0
CRDT.US,5,20251015,162000,23.69,23.69,23.69,23.69,100,0
CRDT.US,5,20251015,170000,23.69,23.706,23.68,23.68,740,0
CRDT.US,5,20251015,171500,23.6873,23.6873,23.6873,23.6873,1151,0
CRDT.US,5,20251015,172000,23.67,23.67,23.67,23.67,100,0
CRDT.US,5,20251015,175500,23.6702,23.6702,23.67,23.67,280,0
CRDT.US,5,20251015,180000,23.67,23.69,23.67,23.69,600,0
CRDT.US,5,20251015,180500,23.6916,23.6916,23.67,23.67,657,0
CRDT.US,5,20251015,181500,23.68,23.68,23.66,23.66,200,0
CRDT.US,5,20251015,183500,23.69,23.69,23.68,23.68,364,0
CRDT.US,5,20251015,193000,23.69,23.69,23.69,23.69,100,0
CRDT.US,5,20251015,205000,23.695,23.695,23.695,23.695,1168,0
CRDT.US,5,20251015,210000,23.69,23.69,23.69,23.69,100,0
CRDT.US,5,20251015,210500,23.695,23.7,23.695,23.6959,2500,0
CRDT.US,5,20251015,211500,23.69,23.69,23.69,23.69,100,0
CRDT.US,5,20251015,212500,23.69,23.69,23.69,23.69,100,0
CRDT.US,5,20251015,215000,23.715,23.715,23.715,23.715,113,0
CRDT.US,5,20251015,215500,23.7,23.7,23.7,23.7,101,0
CRDT.US,5,20251016,165000,23.7196,23.7196,23.7196,23.7196,1133,0
CRDT.US,5,20251016,170500,23.66,23.66,23.66,23.66,100,0
CRDT.US,5,20251016,184500,23.695,23.7199,23.6733,23.6733,711,0
CRDT.US,5,20251016,203000,23.67,23.67,23.67,23.67,119,0
CRDT.US,5,20251016,210500,23.6517,23.6517,23.6517,23.6517,213,0
CRDT.US,5,20251016,213000,23.66,23.67,23.66,23.67,5199,0
CRDT.US,5,20251017,162500,23.6601,23.6601,23.6601,23.6601,333,0
CRDT.US,5,20251017,163500,23.64,23.64,23.64,23.64,100,0
CRDT.US,5,20251017,174500,23.655,23.655,23.655,23.655,143,0
CRDT.US,5,20251017,181500,23.66,23.66,23.66,23.66,100,0
CRDT.US,5,20251017,184500,23.67,23.67,23.658,23.658,917,0
CRDT.US,5,20251017,193000,23.6732,23.6732,23.6732,23.6732,117,0
CRDT.US,5,20251017,214000,23.6601,23.7,23.6601,23.6776,725,0
CRDT.US,5,20251020,194000,23.613,23.613,23.613,23.613,102,0
CRDT.US,5,20251020,200500,23.6101,23.6101,23.61,23.61,400,0
CRDT.US,5,20251020,203500,23.611,23.611,23.611,23.611,1945,0
CRDT.US,5,20251020,212000,23.6263,23.6263,23.6175,23.6175,1795,0
CRDT.US,5,20251021,154500,23.5668,23.5668,23.5668,23.5668,196,0
CRDT.US,5,20251021,164000,23.576,23.576,23.55,23.55,2137,0
CRDT.US,5,20251021,170500,23.59,23.59,23.5899,23.5899,1702,0
CRDT.US,5,20251021,171000,23.59,23.59,23.589,23.5899,2946,0
CRDT.US,5,20251021,171500,23.5501,23.5501,23.5501,23.5501,110,0
CRDT.US,5,20251021,175500,23.57,23.57,23.57,23.57,310,0
CRDT.US,5,20251021,182500,23.57,23.57,23.57,23.57,100,0
CRDT.US,5,20251021,194000,23.5401,23.5401,23.5401,23.5401,1201,0
CRDT.US,5,20251021,200500,23.5402,23.5402,23.495,23.54,13914,0
CRDT.US,5,20251021,201000,23.53,23.54,23.5,23.52,14641,0
CRDT.US,5,20251021,201500,23.52,23.53,23.5,23.5,17801,0
CRDT.US,5,20251021,202000,23.51,23.52,23.51,23.52,600,0
CRDT.US,5,20251021,204000,23.51,23.51,23.51,23.51,1688,0
CRDT.US,5,20251021,210000,23.52,23.52,23.52,23.52,418,0
CRDT.US,5,20251021,211500,23.51,23.55,23.51,23.55,600,0
CRDT.US,5,20251021,212500,23.53,23.53,23.53,23.53,395,0
CRDT.US,5,20251021,213000,23.51,23.5101,23.51,23.5101,4200,0
CRDT.US,5,20251021,215000,23.5276,23.5276,23.5276,23.5276,106,0
CRDT.US,5,20251022,155000,23.5598,23.5598,23.5598,23.5598,318,0
CRDT.US,5,20251022,173500,23.53,23.5301,23.44,23.51,3000,0
CRDT.US,5,20251022,175000,23.51,23.51,23.51,23.51,100,0
CRDT.US,5,20251022,181000,23.51,23.51,23.51,23.51,100,0
CRDT.US,5,20251022,182000,23.5232,23.5232,23.5232,23.5232,263,0
CRDT.US,5,20251022,201000,23.5,23.5,23.41,23.49,10226,0
CRDT.US,5,20251022,201500,23.49,23.49,23.49,23.49,1100,0
CRDT.US,5,20251022,202000,23.49,23.5,23.49,23.5,800,0
CRDT.US,5,20251022,202500,23.5,23.5,23.4742,23.48,2002,0
CRDT.US,5,20251022,203000,23.48,23.5,23.48,23.5,869,0
CRDT.US,5,20251022,203500,23.51,23.51,23.51,23.51,100,0
CRDT.US,5,20251022,204500,23.51,23.51,23.51,23.51,100,0
CRDT.US,5,20251022,205000,23.51,23.51,23.5,23.5,1300,0
CRDT.US,5,20251022,205500,23.5,23.5,23.5,23.5,100,0
CRDT.US,5,20251022,210000,23.51,23.51,23.51,23.51,100,0
CRDT.US,5,20251022,211000,23.51,23.51,23.51,23.51,100,0
CRDT.US,5,20251022,212000,23.51,23.51,23.41,23.5,10961,0
CRDT.US,5,20251022,212500,23.49,23.49,23.48,23.49,1000,0
CRDT.US,5,20251022,213000,23.48,23.49,23.48,23.48,300,0
CRDT.US,5,20251022,213500,23.48,23.48,23.47,23.47,900,0
CRDT.US,5,20251022,214000,23.47,23.5,23.47,23.47,600,0
CRDT.US,5,20251022,214500,23.47,23.47,23.47,23.47,100,0
CRDT.US,5,20251022,215000,23.47,23.47,23.47,23.47,300,0
CRDT.US,5,20251022,215500,23.47,23.47,23.46,23.46,500,0
CRDT.US,5,20251023,163000,23.5204,23.54,23.5204,23.54,1864,0
CRDT.US,5,20251023,163500,23.52,23.52,23.52,23.52,100,0
CRDT.US,5,20251023,171500,23.52,23.52,23.52,23.52,100,0
CRDT.US,5,20251023,191500,23.52,23.52,23.52,23.52,3591,0
CRDT.US,5,20251023,193000,23.51,23.51,23.51,23.51,100,0
CRDT.US,5,20251023,194500,23.51,23.51,23.51,23.51,100,0
CRDT.US,5,20251023,195000,23.502,23.502,23.502,23.502,100,0
CRDT.US,5,20251023,201000,23.53,23.53,23.53,23.53,1060,0
CRDT.US,5,20251023,201500,23.5,23.5,23.5,23.5,100,0
CRDT.US,5,20251023,202500,23.5005,23.5005,23.5005,23.5005,508,0
CRDT.US,5,20251023,203500,23.5,23.501,23.5,23.501,350,0
CRDT.US,5,20251023,215500,23.5,23.5,23.5,23.5,100,0
CRDT.US,5,20251024,162500,23.5526,23.5526,23.5526,23.5526,361,0
CRDT.US,5,20251024,175000,23.5693,23.5693,23.46,23.46,3021,0
CRDT.US,5,20251024,185000,23.5492,23.5492,23.5492,23.5492,100,0
CRDT.US,5,20251024,192500,23.56,23.56,23.56,23.56,990,0
CRDT.US,5,20251024,194500,23.535,23.535,23.515,23.515,5100,0
CRDT.US,5,20251024,195000,23.51,23.51,23.51,23.51,100,0
CRDT.US,5,20251024,202000,23.52,23.52,23.52,23.52,100,0
CRDT.US,5,20251024,204500,23.51,23.5245,23.51,23.5245,207,0
CRDT.US,5,20251024,211000,23.51,23.51,23.51,23.51,100,0
CRDT.US,5,20251024,212500,23.5,23.5,23.5,23.5,100,0
CRDT.US,5,20251024,213000,23.41,23.41,23.41,23.41,100,0
CRDT.US,5,20251024,215500,23.49,23.49,23.49,23.49,100,0
CRDT.US,5,20251027,150500,23.5132,23.5132,23.5132,23.5132,117,0
CRDT.US,5,20251027,153000,23.49,23.49,23.49,23.49,100,0
CRDT.US,5,20251027,154000,23.4801,23.505,23.4801,23.505,967,0
CRDT.US,5,20251027,154500,23.52,23.52,23.52,23.52,37351,0
CRDT.US,5,20251027,162000,23.51,23.51,23.51,23.51,100,0
CRDT.US,5,20251027,180000,23.45,23.45,23.45,23.45,100,0
CRDT.US,5,20251027,182500,23.4502,23.4502,23.4502,23.4502,287,0
CRDT.US,5,20251027,183000,23.471,23.471,23.471,23.471,872,0
CRDT.US,5,20251027,185000,23.4508,23.4508,23.4508,23.4508,2341,0
CRDT.US,5,20251027,192000,23.475,23.475,23.475,23.475,592,0
CRDT.US,5,20251027,194500,23.452,23.452,23.452,23.452,100,0
CRDT.US,5,20251027,203500,23.495,23.495,23.495,23.495,100,0
CRDT.US,5,20251027,204000,23.49,23.49,23.49,23.49,100,0
CRDT.US,5,20251028,152000,23.28,23.28,23.28,23.28,100,0
CRDT.US,5,20251028,153000,23.28,23.28,23.28,23.28,100,0
CRDT.US,5,20251028,161000,23.28,23.28,23.28,23.28,1200,0
CRDT.US,5,20251028,163500,23.27,23.27,23.27,23.27,200,0
CRDT.US,5,20251028,164000,23.26,23.2601,23.26,23.2601,200,0
CRDT.US,5,20251028,165500,23.27,23.27,23.27,23.27,100,0
CRDT.US,5,20251028,185000,23.2905,23.2905,23.2905,23.2905,808,0
CRDT.US,5,20251028,190000,23.2926,23.2957,23.2926,23.2957,693,0
CRDT.US,5,20251028,190500,23.28,23.28,23.28,23.28,100,0
CRDT.US,5,20251028,202000,23.3,23.3,23.292,23.292,3136,0
CRDT.US,5,20251028,202500,23.29,23.29,23.29,23.29,100,0
CRDT.US,5,20251028,203500,23.29,23.29,23.29,23.29,100,0
CRDT.US,5,20251028,204000,23.3,23.3,23.3,23.3,330,0
CRDT.US,5,20251029,152500,23.31,23.31,23.31,23.31,100,0
CRDT.US,5,20251029,154500,23.322,23.35,23.322,23.35,1367,0
CRDT.US,5,20251029,160500,23.3,23.3,23.3,23.3,100,0
CRDT.US,5,20251029,165000,23.3102,23.3102,23.3102,23.3102,100,0
CRDT.US,5,20251029,185500,23.319,23.319,23.319,23.319,103,0
CRDT.US,5,20251029,193500,23.26,23.26,23.26,23.26,100,0
CRDT.US,5,20251029,195000,23.23,23.2301,23.23,23.2301,850,0
CRDT.US,5,20251029,195500,23.2399,23.2399,23.235,23.235,200,0
CRDT.US,5,20251029,200000,23.2316,23.2316,23.23,23.23,203,0
CRDT.US,5,20251029,202500,23.22,23.22,23.22,23.22,100,0
CRDT.US,5,20251030,150000,23.2,23.2,23.2,23.2,100,0
CRDT.US,5,20251030,154500,23.2499,23.2499,23.2499,23.2499,139,0
CRDT.US,5,20251030,155000,23.2,23.2,23.2,23.2,100,0
CRDT.US,5,20251030,162500,23.2,23.2,23.2,23.2,100,0
CRDT.US,5,20251030,164000,23.218,23.218,23.218,23.218,195,0
CRDT.US,5,20251030,165000,23.2224,23.2224,23.2224,23.2224,105,0
CRDT.US,5,20251030,165500,23.2,23.24,23.2,23.208,553,0
CRDT.US,5,20251030,171500,23.21,23.21,23.21,23.21,100,0
CRDT.US,5,20251030,181000,23.2,23.2,23.2,23.2,100,0
CRDT.US,5,20251030,185000,23.2399,23.2399,23.2399,23.2399,100,0
CRDT.US,5,20251030,195500,23.19,23.19,23.19,23.19,100,0
CRDT.US,5,20251030,202000,23.18,23.18,23.18,23.18,100,0
CRDT.US,5,20251031,150000,23.2832,23.2832,23.2832,23.2832,457,0
CRDT.US,5,20251031,150500,23.25,23.25,23.25,23.25,100,0
CRDT.US,5,20251031,160000,23.32,23.32,23.32,23.32,1000,0
CRDT.US,5,20251031,164500,23.291,23.291,23.291,23.291,402,0
CRDT.US,5,20251031,170500,23.281,23.281,23.281,23.281,150,0
CRDT.US,5,20251031,175000,23.241,23.2411,23.241,23.2411,200,0
CRDT.US,5,20251031,181000,23.2573,23.2573,23.2573,23.2573,387,0
CRDT.US,5,20251031,195000,23.251,23.251,23.251,23.251,200,0
CRDT.US,5,20251031,200000,23.26,23.26,23.26,23.26,100,0
CRDT.US,5,20251103,162500,23.27,23.27,23.27,23.27,100,0
CRDT.US,5,20251103,174000,23.2832,23.2832,23.27,23.27,7600,0
CRDT.US,5,20251103,174500,23.2701,23.2701,23.27,23.2701,2700,0
CRDT.US,5,20251103,175500,23.26,23.26,23.26,23.26,100,0
CRDT.US,5,20251103,182500,23.26,23.26,23.23,23.25,500,0
CRDT.US,5,20251103,190000,23.26,23.26,23.26,23.26,100,0
CRDT.US,5,20251103,191000,23.27,23.27,23.27,23.27,919,0
CRDT.US,5,20251103,191500,23.2687,23.2687,23.2687,23.2687,298,0
CRDT.US,5,20251103,192500,23.265,23.265,23.265,23.265,109,0
CRDT.US,5,20251103,193500,23.26,23.26,23.23,23.23,200,0
CRDT.US,5,20251103,200000,23.2699,23.2699,23.2699,23.2699,121,0
CRDT.US,5,20251103,200500,23.26,23.26,23.23,23.26,500,0
CRDT.US,5,20251103,203500,23.26,23.26,23.26,23.26,100,0
CRDT.US,5,20251103,205000,23.27,23.27,23.27,23.27,1930,0
CRDT.US,5,20251103,210000,23.26,23.26,23.22,23.22,300,0
CRDT.US,5,20251103,211500,23.26,23.26,23.22,23.26,500,0
CRDT.US,5,20251103,213000,23.25,23.25,23.25,23.25,100,0
CRDT.US,5,20251103,214500,23.25,23.25,23.25,23.25,100,0
CRDT.US,5,20251103,215500,23.26,23.26,23.22,23.25,500,0
CRDT.US,5,20251104,162500,23.29,23.29,23.29,23.29,100,0
CRDT.US,5,20251104,171000,23.3,23.3,23.29,23.29,200,0
CRDT.US,5,20251104,173500,23.2901,23.2901,23.2901,23.2901,193,0
CRDT.US,5,20251104,191000,23.29,23.29,23.29,23.29,100,0
CRDT.US,5,20251104,193000,23.28,23.28,23.26,23.26,300,0
CRDT.US,5,20251104,194500,23.26,23.26,23.26,23.26,362,0
CRDT.US,5,20251104,195500,23.26,23.26,23.26,23.26,200,0
CRDT.US,5,20251104,212000,23.26,23.2601,23.24,23.26,814,0
CRDT.US,5,20251104,215000,23.27,23.27,23.245,23.26,17604,0
CRDT.US,5,20251104,215500,23.2601,23.2601,23.22,23.22,951,0
CRDT.US,5,20251105,161500,23.34,23.34,23.34,23.34,100,0
CRDT.US,5,20251105,181000,23.35,23.35,23.34,23.34,200,0
CRDT.US,5,20251105,191000,23.33,23.33,23.33,23.33,100,0
CRDT.US,5,20251105,191500,23.34,23.37,23.335,23.34,24854,0
CRDT.US,5,20251105,192500,23.36,23.36,23.36,23.36,100,0
CRDT.US,5,20251105,193000,23.375,23.375,23.375,23.375,943,0
CRDT.US,5,20251105,193500,23.38,23.38,23.38,23.38,200,0
CRDT.US,5,20251105,195000,23.38,23.38,23.38,23.38,100,0
CRDT.US,5,20251105,200000,23.37,23.37,23.37,23.37,200,0
CRDT.US,5,20251105,201000,23.37,23.37,23.37,23.37,100,0
CRDT.US,5,20251105,201500,23.37,23.3948,23.36,23.3948,313,0
CRDT.US,5,20251105,202000,23.37,23.37,23.37,23.37,100,0
CRDT.US,5,20251105,203000,23.36,23.36,23.36,23.36,100,0
CRDT.US,5,20251105,204000,23.36,23.36,23.36,23.36,200,0
CRDT.US,5,20251105,205000,23.36,23.36,23.36,23.36,200,0
CRDT.US,5,20251105,210000,23.36,23.36,23.36,23.36,100,0
CRDT.US,5,20251105,211000,23.36,23.36,23.36,23.36,100,0
CRDT.US,5,20251105,212000,23.36,23.361,23.35,23.35,916,0
CRDT.US,5,20251105,212500,23.35,23.35,23.35,23.35,200,0
CRDT.US,5,20251105,213000,23.35,23.35,23.33,23.33,200,0
CRDT.US,5,20251105,214000,23.35,23.35,23.35,23.35,200,0
CRDT.US,5,20251105,214500,23.35,23.35,23.35,23.35,100,0
CRDT.US,5,20251105,215000,23.34,23.34,23.32,23.32,500,0
CRDT.US,5,20251105,215500,23.33,23.33,23.32,23.32,304,0
CRDT.US,5,20251106,155000,23.35,23.35,23.35,23.35,100,0
CRDT.US,5,20251106,161500,23.34,23.34,23.34,23.34,100,0
CRDT.US,5,20251106,165000,23.34,23.34,23.34,23.34,784,0
CRDT.US,5,20251106,170500,23.3404,23.3596,23.34,23.3596,1584,0
CRDT.US,5,20251106,171500,23.32,23.32,23.32,23.32,100,0
CRDT.US,5,20251106,174500,23.31,23.31,23.31,23.31,100,0
CRDT.US,5,20251106,180000,23.31,23.3101,23.31,23.3101,1550,0
CRDT.US,5,20251106,181000,23.3104,23.3104,23.3104,23.3104,336,0
CRDT.US,5,20251106,183000,23.31,23.31,23.31,23.31,100,0
CRDT.US,5,20251106,184500,23.31,23.31,23.31,23.31,100,0
CRDT.US,5,20251106,191000,23.3,23.3,23.3,23.3,100,0
CRDT.US,5,20251106,192500,23.3599,23.3599,23.3599,23.3599,472,0
CRDT.US,5,20251107,160000,23.35,23.35,23.35,23.35,100,0
CRDT.US,5,20251107,163000,23.41,23.41,23.41,23.41,215,0
CRDT.US,5,20251107,171000,23.3933,23.3933,23.3933,23.3933,128,0
CRDT.US,5,20251107,174500,23.44,23.51,23.439,23.4399,2058,0
CRDT.US,5,20251107,180500,23.39,23.39,23.39,23.39,100,0
CRDT.US,5,20251107,190500,23.4396,23.4396,23.4396,23.4396,426,0
CRDT.US,5,20251107,194000,23.41,23.41,23.41,23.41,100,0
CRDT.US,5,20251107,200500,23.42,23.42,23.42,23.42,100,0
CRDT.US,5,20251107,204000,23.44,23.44,23.44,23.44,100,0
CRDT.US,5,20251107,211500,23.4591,23.46,23.4591,23.46,586,0
CRDT.US,5,20251107,212000,23.48,23.48,23.479,23.4799,3600,0
CRDT.US,5,20251107,212500,23.4568,23.47,23.4568,23.47,424,0
CRDT.US,5,20251110,155000,23.47,23.47,23.47,23.47,100,0
CRDT.US,5,20251110,165000,23.46,23.46,23.46,23.46,2075,0
CRDT.US,5,20251110,175000,23.462,23.462,23.462,23.462,589,0
CRDT.US,5,20251110,190500,23.4625,23.4625,23.4625,23.4625,100,0
CRDT.US,5,20251110,192000,23.47,23.47,23.47,23.47,105,0
CRDT.US,5,20251110,194000,23.49,23.49,23.49,23.49,109,0
CRDT.US,5,20251110,200000,23.47,23.47,23.4501,23.4501,543,0
CRDT.US,5,20251110,212500,23.43,23.43,23.43,23.43,236,0
CRDT.US,5,20251111,155000,23.38,23.38,23.38,23.38,100,0
CRDT.US,5,20251111,162500,23.37,23.37,23.37,23.37,100,0
CRDT.US,5,20251111,163500,23.39,23.39,23.39,23.39,4184,0
CRDT.US,5,20251111,165500,23.41,23.41,23.41,23.41,100,0
CRDT.US,5,20251111,180000,23.4101,23.4101,23.4101,23.4101,126,0
CRDT.US,5,20251111,185000,23.42,23.42,23.4199,23.4199,961,0
CRDT.US,5,20251111,190500,23.42,23.42,23.42,23.42,3445,0
CRDT.US,5,20251111,192500,23.4504,23.47,23.4504,23.47,443,0
CRDT.US,5,20251111,193000,23.47,23.47,23.47,23.47,130,0
CRDT.US,5,20251111,195000,23.43,23.43,23.43,23.43,100,0
CRDT.US,5,20251111,195500,23.46,23.46,23.46,23.46,10460,0
CRDT.US,5,20251111,200000,23.43,23.43,23.43,23.43,100,0
CRDT.US,5,20251111,201500,23.43,23.43,23.43,23.43,200,0
CRDT.US,5,20251111,202000,23.4212,23.4212,23.4212,23.4212,437,0
CRDT.US,5,20251111,203500,23.42,23.42,23.42,23.42,100,0
CRDT.US,5,20251111,205500,23.43,23.43,23.43,23.43,100,0
CRDT.US,5,20251111,210000,23.43,23.43,23.43,23.43,100,0
CRDT.US,5,20251111,210500,23.43,23.43,23.43,23.43,38610,0
CRDT.US,5,20251111,211000,23.43,23.43,23.43,23.43,100,0
CRDT.US,5,20251111,212000,23.43,23.43,23.43,23.43,100,0
CRDT.US,5,20251111,213000,23.43,23.43,23.43,23.43,100,0
CRDT.US,5,20251111,213500,23.42,23.42,23.42,23.42,100,0
CRDT.US,5,20251111,214500,23.42,23.42,23.42,23.42,100,0
CRDT.US,5,20251111,215000,23.42,23.42,23.42,23.42,200,0
CRDT.US,5,20251111,215500,23.42,23.42,23.42,23.42,144,0
CRDT.US,5,20251112,163000,23.43,23.43,23.43,23.43,100,0
CRDT.US,5,20251112,172000,23.41,23.41,23.41,23.41,28394,0
CRDT.US,5,20251112,183000,23.44,23.44,23.44,23.44,3205,0
CRDT.US,5,20251112,190500,23.4303,23.45,23.4101,23.4114,4170,0
CRDT.US,5,20251112,191500,23.41,23.41,23.41,23.41,100,0
CRDT.US,5,20251112,194000,23.41,23.41,23.41,23.41,100,0
CRDT.US,5,20251112,194500,23.4,23.4,23.4,23.4,100,0
CRDT.US,5,20251112,201000,23.4397,23.4397,23.4397,23.4397,106,0
CRDT.US,5,20251112,201500,23.4,23.4,23.4,23.4,100,0
CRDT.US,5,20251112,204000,23.4,23.4,23.4,23.4,200,0
CRDT.US,5,20251112,210000,23.42,23.42,23.42,23.42,157,0
CRDT.US,5,20251112,211000,23.4001,23.4001,23.4001,23.4001,1019,0
CRDT.US,5,20251112,212500,23.4,23.4,23.4,23.4,100,0
CRDT.US,5,20251112,213000,23.4232,23.4232,23.4232,23.4232,173,0
CRDT.US,5,20251112,213500,23.4,23.4,23.4,23.4,100,0
CRDT.US,5,20251112,214000,23.35,23.4,23.32,23.32,4800,0
CRDT.US,5,20251112,214500,23.34,23.345,23.32,23.32,2760,0
CRDT.US,5,20251112,215000,23.3448,23.39,23.3448,23.37,3990,0
CRDT.US,5,20251112,215500,23.401,23.401,23.38,23.38,1231,0
CRDT.US,5,20251113,154500,23.36,23.36,23.36,23.36,100,0
CRDT.US,5,20251113,160000,23.38,23.38,23.38,23.38,100,0
CRDT.US,5,20251113,161500,23.38,23.38,23.38,23.38,100,0
CRDT.US,5,20251113,163500,23.38,23.38,23.38,23.38,100,0
CRDT.US,5,20251113,165000,23.3949,23.3949,23.3949,23.3949,172,0
CRDT.US,5,20251113,172000,23.39,23.39,23.39,23.39,23838,0
CRDT.US,5,20251113,174000,23.38,23.38,23.38,23.38,100,0
CRDT.US,5,20251113,181500,23.38,23.38,23.38,23.38,100,0
CRDT.US,5,20251113,184000,23.394,23.394,23.394,23.394,228,0
CRDT.US,5,20251113,185500,23.39,23.39,23.39,23.39,146,0
CRDT.US,5,20251113,190500,23.37,23.37,23.37,23.37,200,0
CRDT.US,5,20251113,191000,23.37,23.37,23.37,23.37,100,0
CRDT.US,5,20251113,193000,23.37,23.37,23.37,23.37,100,0
CRDT.US,5,20251113,203000,23.36,23.36,23.36,23.36,100,0
CRDT.US,5,20251113,203500,23.33,23.33,23.33,23.33,500,0
CRDT.US,5,20251113,204000,23.305,23.305,23.305,23.305,100,0
CRDT.US,5,20251113,210500,23.3001,23.3001,23.3001,23.3001,426,0
CRDT.US,5,20251113,213500,23.31,23.35,23.31,23.35,377,0
CRDT.US,5,20251113,215000,23.36,23.4,23.36,23.3825,3873,0
CRDT.US,5,20251113,215500,23.35,23.35,23.35,23.35,100,0
CRDT.US,5,20251114,162500,23.38,23.42,23.38,23.42,1300,0
CRDT.US,5,20251114,164000,23.39,23.39,23.39,23.39,200,0
CRDT.US,5,20251114,185500,23.4,23.4,23.4,23.4,2202,0
CRDT.US,5,20251114,190000,23.39,23.39,23.39,23.39,100,0
CRDT.US,5,20251114,203000,23.4,23.4,23.32,23.32,1629,0
CRDT.US,5,20251114,210000,23.39,23.39,23.39,23.39,100,0
CRDT.US,5,20251117,160500,23.3801,23.3801,23.3801,23.3801,411,0
CRDT.US,5,20251117,161500,23.385,23.385,23.385,23.385,300,0
CRDT.US,5,20251117,162000,23.3601,23.3816,23.35,23.3816,700,0
CRDT.US,5,20251117,165000,23.3619,23.3619,23.3619,23.3619,1316,0
CRDT.US,5,20251117,171000,23.35,23.35,23.35,23.35,159,0
CRDT.US,5,20251117,172500,23.35,23.35,23.35,23.35,100,0
CRDT.US,5,20251117,183500,23.37,23.37,23.34,23.34,8141,0
CRDT.US,5,20251117,184000,23.355,23.355,23.355,23.355,542,0
CRDT.US,5,20251117,190500,23.32,23.32,23.32,23.32,100,0
CRDT.US,5,20251117,191000,23.34,23.34,23.34,23.34,100,0
CRDT.US,5,20251117,193500,23.34,23.34,23.34,23.34,100,0
CRDT.US,5,20251117,194500,23.34,23.34,23.34,23.34,100,0
CRDT.US,5,20251117,195500,23.34,23.3401,23.28,23.28,700,0
CRDT.US,5,20251117,201000,23.32,23.32,23.32,23.32,100,0
CRDT.US,5,20251117,203000,23.32,23.32,23.32,23.32,100,0
CRDT.US,5,20251117,203500,23.311,23.311,23.31,23.31,587,0
CRDT.US,5,20251117,210000,23.3072,23.3072,23.29,23.29,2100,0
CRDT.US,5,20251117,212000,23.27,23.27,23.27,23.27,100,0
CRDT.US,5,20251117,213000,23.28,23.28,23.28,23.28,100,0
CRDT.US,5,20251117,213500,23.27,23.27,23.27,23.27,100,0
CRDT.US,5,20251117,214500,23.28,23.28,23.28,23.28,100,0
CRDT.US,5,20251118,155000,23.36,23.36,23.36,23.36,100,0
CRDT.US,5,20251118,155500,23.3812,23.3812,23.3812,23.3812,2136,0
CRDT.US,5,20251118,161000,23.36,23.36,23.36,23.36,100,0
CRDT.US,5,20251118,161500,23.36,23.36,23.36,23.36,100,0
CRDT.US,5,20251118,162000,23.3928,23.3928,23.3928,23.3928,113,0
CRDT.US,5,20251118,164000,23.36,23.36,23.36,23.36,100,0
CRDT.US,5,20251118,173000,23.37,23.37,23.37,23.37,5923,0
CRDT.US,5,20251118,174500,23.365,23.365,23.365,23.365,100,0
CRDT.US,5,20251118,181500,23.35,23.35,23.35,23.35,100,0
CRDT.US,5,20251118,185000,23.35,23.35,23.35,23.35,100,0
CRDT.US,5,20251118,192000,23.375,23.375,23.375,23.375,150,0
CRDT.US,5,20251118,193000,23.35,23.35,23.35,23.35,200,0
CRDT.US,5,20251118,195500,23.34,23.3401,23.34,23.3401,800,0
CRDT.US,5,20251118,201000,23.34,23.34,23.34,23.34,100,0
CRDT.US,5,20251119,163500,23.38,23.38,23.38,23.38,100,0
CRDT.US,5,20251119,165000,23.38,23.3802,23.38,23.3801,516,0
CRDT.US,5,20251119,170000,23.35,23.35,23.35,23.35,100,0
CRDT.US,5,20251119,180000,23.36,23.3602,23.36,23.3601,2852,0
CRDT.US,5,20251119,182500,23.34,23.34,23.34,23.34,100,0
CRDT.US,5,20251119,190500,23.34,23.34,23.34,23.34,100,0
CRDT.US,5,20251119,204500,23.33,23.33,23.33,23.33,100,0
CRDT.US,5,20251119,205500,23.34,23.34,23.34,23.34,100,0
CRDT.US,5,20251119,211500,23.3401,23.3401,23.3401,23.3401,940,0
CRDT.US,5,20251119,215500,23.36,23.36,23.35,23.35,2124,0
CRDT.US,5,20251120,154000,23.44,23.44,23.44,23.44,100,0
CRDT.US,5,20251120,154500,23.44,23.44,23.44,23.44,200,0
CRDT.US,5,20251120,160500,23.41,23.41,23.41,23.41,100,0
CRDT.US,5,20251120,162000,23.43,23.43,23.43,23.43,533,0
CRDT.US,5,20251120,173000,23.3968,23.3968,23.3968,23.3968,209,0
CRDT.US,5,20251120,181500,23.36,23.36,23.36,23.36,100,0
CRDT.US,5,20251120,184500,23.35,23.35,23.35,23.35,2185,0
CRDT.US,5,20251120,185000,23.379,23.38,23.379,23.3799,1331,0
CRDT.US,5,20251120,200000,23.32,23.32,23.32,23.32,100,0
CRDT.US,5,20251120,201000,23.3277,23.3277,23.3277,23.3277,536,0
CRDT.US,5,20251120,203500,23.3732,23.3732,23.3732,23.3732,314,0
CRDT.US,5,20251121,165500,23.32,23.321,23.32,23.321,260,0
CRDT.US,5,20251121,192500,23.389,23.39,23.389,23.3899,481,0
CRDT.US,5,20251121,200500,23.3802,23.3802,23.3802,23.3802,129,0
CRDT.US,5,20251121,205000,23.38,23.38,23.38,23.38,100,0
CRDT.US,5,20251121,210500,23.3801,23.3801,23.3801,23.3801,283,0
CRDT.US,5,20251121,214000,23.38,23.3816,23.38,23.3816,304,0
CRDT.US,5,20251124,160000,23.35,23.35,23.35,23.35,100,0
CRDT.US,5,20251124,165000,23.321,23.321,23.321,23.321,222,0
CRDT.US,5,20251124,171500,23.33,23.33,23.33,23.33,453,0
CRDT.US,5,20251124,175000,23.311,23.311,23.25,23.25,1982,0
CRDT.US,5,20251124,181000,23.31,23.3236,23.31,23.3236,290,0
CRDT.US,5,20251124,185500,23.32,23.32,23.32,23.32,100,0
CRDT.US,5,20251124,194500,23.34,23.34,23.34,23.34,100,0
CRDT.US,5,20251124,195000,23.32,23.32,23.32,23.32,100,0
CRDT.US,5,20251124,200500,23.32,23.32,23.32,23.32,100,0
CRDT.US,5,20251124,203000,23.32,23.3201,23.22,23.31,2500,0
CRDT.US,5,20251124,204500,23.3428,23.3428,23.3428,23.3428,136,0
CRDT.US,5,20251124,211000,23.31,23.31,23.31,23.31,100,0
CRDT.US,5,20251124,215000,23.335,23.335,23.335,23.335,410,0
CRDT.US,5,20251124,215500,23.32,23.32,23.32,23.32,100,0
CRDT.US,5,20251125,154000,23.2416,23.2416,23.2416,23.2416,200,0
CRDT.US,5,20251125,155000,23.24,23.24,23.24,23.24,100,0
CRDT.US,5,20251125,164500,23.3068,23.3068,23.3068,23.3068,269,0
CRDT.US,5,20251125,165500,23.3,23.3,23.3,23.3,100,0
CRDT.US,5,20251125,202500,23.389,23.39,23.389,23.3899,1324,0
CRDT.US,5,20251125,204000,23.36,23.36,23.36,23.36,100,0
CRDT.US,5,20251125,212500,23.3726,23.3726,23.3726,23.3726,787,0
CRDT.US,5,20251125,214500,23.375,23.39,23.375,23.39,2603,0
CRDT.US,5,20251125,215000,23.4,23.41,23.374,23.39,1250,0
CRDT.US,5,20251125,215500,23.3775,23.3775,23.36,23.36,211,0
CRDT.US,5,20251126,165000,23.3856,23.4,23.3856,23.4,254,0
CRDT.US,5,20251126,170000,23.38,23.38,23.36,23.36,3656,0
CRDT.US,5,20251126,171500,23.38,23.3801,23.38,23.3801,301,0
CRDT.US,5,20251126,172500,23.42,23.42,23.42,23.42,1395,0
CRDT.US,5,20251126,181500,23.44,23.44,23.44,23.44,600,0
CRDT.US,5,20251126,183000,23.4,23.4,23.4,23.4,100,0
CRDT.US,5,20251126,185000,23.418,23.42,23.418,23.42,862,0
CRDT.US,5,20251126,190000,23.44,23.44,23.44,23.44,200,0
CRDT.US,5,20251126,191000,23.4399,23.4399,23.42,23.42,655,0
CRDT.US,5,20251126,200000,23.44,23.44,23.44,23.44,100,0
CRDT.US,5,20251126,202500,23.4,23.4,23.4,23.4,100,0
CRDT.US,5,20251126,212500,23.44,23.44,23.44,23.44,200,0
CRDT.US,5,20251126,215000,23.41,23.41,23.41,23.41,100,0
CRDT.US,5,20251126,215500,23.449,23.45,23.4,23.4,643,0
CRDT.US,5,20251128,153000,23.5,23.5,23.5,23.5,339,0
CRDT.US,5,20251128,155000,23.41,23.41,23.41,23.41,100,0
CRDT.US,5,20251128,163000,23.4001,23.4001,23.4001,23.4001,135,0
CRDT.US,5,20251128,165500,23.4,23.4,23.4,23.4,100,0
CRDT.US,5,20251128,174000,23.4,23.4,23.4,23.4,100,0
CRDT.US,5,20251128,181500,23.4,23.4,23.4,23.4,100,0
CRDT.US,5,20251201,153000,23.3604,23.3604,23.3604,23.3604,160,0
CRDT.US,5,20251201,154000,23.38,23.38,23.38,23.38,2946,0
CRDT.US,5,20251201,165000,23.38,23.38,23.38,23.38,210,0
CRDT.US,5,20251201,183000,23.36,23.36,23.36,23.36,1965,0
CRDT.US,5,20251201,184500,23.37,23.37,23.37,23.37,254,0
CRDT.US,5,20251201,190000,23.3704,23.3704,23.3704,23.3704,100,0
CRDT.US,5,20251201,193000,23.3703,23.3703,23.3703,23.3703,2131,0
CRDT.US,5,20251201,194000,23.3725,23.3725,23.3725,23.3725,879,0
CRDT.US,5,20251201,201000,23.35,23.35,23.35,23.35,100,0
CRDT.US,5,20251201,211000,23.3401,23.3401,23.34,23.34,200,0
CRDT.US,5,20251201,211500,23.3342,23.3342,23.3342,23.3342,120,0
CRDT.US,5,20251201,212500,23.335,23.335,23.335,23.335,186,0
CRDT.US,5,20251201,215000,23.3301,23.3301,23.3301,23.3301,392,0
CRDT.US,5,20251202,162000,23.33,23.33,23.33,23.33,100,0
CRDT.US,5,20251202,165500,23.3543,23.3543,23.3543,23.3543,513,0
CRDT.US,5,20251202,185000,23.31,23.31,23.31,23.31,100,0
CRDT.US,5,20251202,185500,23.325,23.325,23.3001,23.3001,817,0
CRDT.US,5,20251202,191000,23.318,23.318,23.318,23.318,684,0
CRDT.US,5,20251202,201000,23.3235,23.3388,23.3235,23.3388,439,0
CRDT.US,5,20251202,215000,23.33,23.33,23.33,23.33,100,0
CRDT.US,5,20251203,162000,23.3,23.3,23.3,23.3,100,0
CRDT.US,5,20251203,172000,23.28,23.28,23.28,23.28,14311,0
CRDT.US,5,20251203,174000,23.28,23.28,23.28,23.28,100,0
CRDT.US,5,20251203,175500,23.26,23.26,23.26,23.26,100,0
CRDT.US,5,20251203,181000,23.26,23.26,23.26,23.26,100,0
CRDT.US,5,20251203,184000,23.261,23.2611,23.261,23.2611,1000,0
CRDT.US,5,20251203,184500,23.26,23.26,23.26,23.26,100,0
CRDT.US,5,20251203,190000,23.2939,23.32,23.2939,23.295,9212,0
CRDT.US,5,20251203,190500,23.32,23.34,23.305,23.34,4923,0
CRDT.US,5,20251203,191000,23.31,23.31,23.31,23.31,100,0
CRDT.US,5,20251203,192000,23.31,23.32,23.31,23.32,300,0
CRDT.US,5,20251203,193000,23.31,23.31,23.31,23.31,100,0
CRDT.US,5,20251203,194500,23.3221,23.34,23.3221,23.336,1400,0
CRDT.US,5,20251203,200000,23.34,23.345,23.3321,23.345,1300,0
CRDT.US,5,20251203,200500,23.34,23.34,23.34,23.34,100,0
CRDT.US,5,20251203,201500,23.3,23.35,23.3,23.35,2100,0
CRDT.US,5,20251203,202500,23.35,23.39,23.3499,23.3599,2100,0
CRDT.US,5,20251203,203500,23.35,23.35,23.35,23.35,100,0
CRDT.US,5,20251203,204500,23.3,23.3,23.3,23.3,100,0
CRDT.US,5,20251203,205500,23.31,23.31,23.31,23.31,100,0
CRDT.US,5,20251203,210500,23.31,23.31,23.31,23.31,100,0
CRDT.US,5,20251203,211500,23.3,23.31,23.3,23.31,200,0
CRDT.US,5,20251203,212500,23.3,23.3,23.3,23.3,200,0
CRDT.US,5,20251203,213000,23.3,23.3,23.3,23.3,100,0
CRDT.US,5,20251203,213500,23.3,23.3,23.3,23.3,100,0
CRDT.US,5,20251203,214000,23.3,23.3,23.3,23.3,100,0
CRDT.US,5,20251203,214500,23.35,23.35,23.3,23.3,300,0
CRDT.US,5,20251203,215000,23.3,23.3,23.3,23.3,100,0
CRDT.US,5,20251203,215500,23.3,23.32,23.29,23.29,401,0
CRDT.US,5,20251204,162500,23.252,23.252,23.252,23.252,279,0
CRDT.US,5,20251204,163500,23.23,23.23,23.23,23.23,100,0
CRDT.US,5,20251204,164000,23.2694,23.2694,23.23,23.23,669,0
CRDT.US,5,20251204,173500,23.23,23.23,23.23,23.23,100,0
CRDT.US,5,20251204,175500,23.2432,23.2432,23.2432,23.2432,224,0
CRDT.US,5,20251204,193000,23.24,23.24,23.22,23.22,1000,0
CRDT.US,5,20251204,193500,23.22,23.22,23.22,23.22,400,0
CRDT.US,5,20251204,194500,23.21,23.22,23.2,23.22,157632,0
CRDT.US,5,20251204,201500,23.2,23.2,23.2,23.2,100,0
CRDT.US,5,20251204,204000,23.19,23.2149,23.1835,23.1835,450,0
CRDT.US,5,20251204,204500,23.18,23.1901,23.18,23.1901,3100,0
CRDT.US,5,20251204,211000,23.19,23.19,23.1,23.17,4858,0
CRDT.US,5,20251204,212000,23.17,23.17,23.17,23.17,100,0
CRDT.US,5,20251204,212500,23.17,23.17,23.17,23.17,200,0
CRDT.US,5,20251204,213000,23.17,23.17,23.17,23.17,100,0
CRDT.US,5,20251204,213500,23.16,23.16,23.16,23.16,100,0
CRDT.US,5,20251204,214000,23.17,23.17,23.17,23.17,100,0
CRDT.US,5,20251204,215000,23.19,23.19,23.18,23.18,540,0
CRDT.US,5,20251204,215500,23.18,23.18,23.18,23.18,300,0
CRDT.US,5,20251205,153000,23.238,23.238,23.21,23.21,1453,0
CRDT.US,5,20251205,154000,23.2168,23.2168,23.21,23.21,1000,0
CRDT.US,5,20251205,160000,23.22,23.22,23.22,23.22,108,0
CRDT.US,5,20251205,160500,23.21,23.21,23.21,23.21,100,0
CRDT.US,5,20251205,162500,23.22,23.22,23.22,23.22,100,0
CRDT.US,5,20251205,163000,23.23,23.23,23.23,23.23,17072,0
CRDT.US,5,20251205,164000,23.23,23.23,23.23,23.23,100,0
CRDT.US,5,20251205,165500,23.22,23.22,23.22,23.22,200,0
CRDT.US,5,20251205,171000,23.22,23.22,23.22,23.22,100,0
CRDT.US,5,20251205,171500,23.21,23.21,23.21,23.21,100,0
CRDT.US,5,20251205,172500,23.2,23.2,23.2,23.2,100,0
CRDT.US,5,20251205,173000,23.2,23.2,23.2,23.2,100,0
CRDT.US,5,20251205,174000,23.19,23.19,23.19,23.19,100,0
CRDT.US,5,20251205,180000,23.19,23.19,23.19,23.19,100,0
CRDT.US,5,20251205,182000,23.19,23.19,23.19,23.19,100,0
CRDT.US,5,20251205,184000,23.18,23.18,23.18,23.18,100,0
CRDT.US,5,20251205,190000,23.19,23.19,23.19,23.19,100,0
CRDT.US,5,20251205,191500,23.19,23.19,23.19,23.19,100,0
CRDT.US,5,20251205,192500,23.19,23.19,23.19,23.19,100,0
CRDT.US,5,20251205,195000,23.19,23.19,23.19,23.19,100,0
CRDT.US,5,20251205,200000,23.209,23.209,23.209,23.209,141,0
CRDT.US,5,20251205,201500,23.18,23.18,23.18,23.18,100,0
CRDT.US,5,20251205,202000,23.209,23.209,23.209,23.209,210,0
CRDT.US,5,20251205,204000,23.18,23.18,23.18,23.18,100,0
CRDT.US,5,20251205,210500,23.18,23.18,23.18,23.18,100,0
CRDT.US,5,20251205,215500,23.18,23.18,23.18,23.18,100,0
CRDT.US,5,20251208,154500,23.2,23.2,23.2,23.2,6143,0
CRDT.US,5,20251208,155500,23.16,23.16,23.16,23.16,100,0
CRDT.US,5,20251208,161000,23.15,23.15,23.15,23.15,100,0
CRDT.US,5,20251208,162500,23.15,23.15,23.15,23.15,100,0
CRDT.US,5,20251208,163000,23.14,23.14,23.14,23.14,100,0
CRDT.US,5,20251208,165000,23.13,23.13,23.13,23.13,100,0
CRDT.US,5,20251208,170000,23.12,23.12,23.12,23.12,100,0
CRDT.US,5,20251208,171000,23.12,23.12,23.12,23.12,100,0
CRDT.US,5,20251208,173500,23.12,23.12,23.12,23.12,100,0
CRDT.US,5,20251208,180000,23.12,23.17,23.12,23.1699,622,0
CRDT.US,5,20251208,181000,23.1229,23.1229,23.1229,23.1229,100,0
CRDT.US,5,20251208,184500,23.12,23.12,23.12,23.12,100,0
CRDT.US,5,20251208,192000,23.16,23.16,23.14,23.14,239,0
CRDT.US,5,20251208,192500,23.14,23.14,23.14,23.14,100,0
CRDT.US,5,20251208,215500,23.19,23.19,23.19,23.19,100,0
CRDT.US,5,20251209,170500,23.1275,23.1496,23.1275,23.1496,648,0
CRDT.US,5,20251209,193000,23.101,23.101,23.101,23.101,142,0
CRDT.US,5,20251209,193500,23.0801,23.0801,23.0801,23.0801,141,0
CRDT.US,5,20251209,202000,23.08,23.08,23.08,23.08,100,0
CRDT.US,5,20251210,153000,23.05,23.05,23.05,23.05,12813,0
CRDT.US,5,20251210,155500,23.05,23.05,23.05,23.05,100,0
CRDT.US,5,20251210,161500,23.05,23.05,23.05,23.05,100,0
CRDT.US,5,20251210,164000,23.04,23.0625,23.04,23.0625,621,0
CRDT.US,5,20251210,172000,23.0501,23.0501,23.0501,23.0501,290,0
CRDT.US,5,20251210,172500,23.06,23.06,23.06,23.06,100,0
CRDT.US,5,20251210,174000,23.06,23.06,23.06,23.06,100,0
CRDT.US,5,20251210,182000,23.05,23.05,23.05,23.05,100,0
CRDT.US,5,20251210,191500,23.06,23.06,23.06,23.06,100,0
CRDT.US,5,20251210,192000,23.03,23.05,22.96,23.05,5300,0
CRDT.US,5,20251210,192500,23.02,23.02,23.02,23.02,100,0
CRDT.US,5,20251210,193000,23,23,23,23,7100,0
CRDT.US,5,20251210,193500,23.01,23.048,23,23.048,20198,0
CRDT.US,5,20251210,194000,23.03,23.03,23.03,23.03,100,0
CRDT.US,5,20251210,194500,23.02,23.02,23.02,23.02,100,0
CRDT.US,5,20251210,195000,23.02,23.0484,23.02,23.0484,533,0
CRDT.US,5,20251210,195500,23.0426,23.13,23.0426,23.0599,1738,0
CRDT.US,5,20251210,200000,23.04,23.04,23.04,23.04,100,0
CRDT.US,5,20251210,200500,23.05,23.05,23.05,23.05,100,0
CRDT.US,5,20251210,201000,23.0502,23.0502,23.0502,23.0502,2604,0
CRDT.US,5,20251210,201500,23.05,23.05,23.05,23.05,100,0
CRDT.US,5,20251210,202000,23.05,23.05,23.05,23.05,100,0
CRDT.US,5,20251210,202500,23.0616,23.0616,23.0616,23.0616,1217,0
CRDT.US,5,20251210,203000,23.05,23.05,23.05,23.05,100,0
CRDT.US,5,20251210,203500,23.05,23.05,23.05,23.05,100,0
CRDT.US,5,20251210,204000,23.03,23.03,23.03,23.03,100,0
CRDT.US,5,20251210,204500,23.03,23.03,23.03,23.03,100,0
CRDT.US,5,20251210,205000,23.04,23.09,23.04,23.09,200,0
CRDT.US,5,20251210,210000,23.07,23.07,23.06,23.06,200,0
CRDT.US,5,20251210,210500,23.07,23.07,23.07,23.07,100,0
CRDT.US,5,20251210,211000,23.07,23.07,23.07,23.07,100,0
CRDT.US,5,20251210,212000,23.07,23.07,23.07,23.07,200,0
CRDT.US,5,20251210,212500,23.07,23.07,23.07,23.07,200,0
CRDT.US,5,20251210,213000,23.08,23.08,23.08,23.08,100,0
CRDT.US,5,20251210,213500,23.08,23.08,23.08,23.08,200,0
CRDT.US,5,20251210,214000,23.08,23.08,23.07,23.07,200,0
CRDT.US,5,20251210,215000,23.07,23.08,23.07,23.08,300,0
CRDT.US,5,20251210,215500,23.07,23.11,23.07,23.11,300,0
CRDT.US,5,20251211,153000,23.11,23.11,23.11,23.11,3848,0
CRDT.US,5,20251211,153500,23.12,23.12,23.12,23.12,100,0
CRDT.US,5,20251211,155000,23.08,23.08,23.08,23.08,100,0
CRDT.US,5,20251211,162000,23.08,23.08,23.07,23.07,700,0
CRDT.US,5,20251211,162500,23.07,23.07,23.07,23.07,400,0
CRDT.US,5,20251211,163000,23.08,23.08,23.07,23.08,708,0
CRDT.US,5,20251211,163500,23.128,23.128,23.128,23.128,100,0
CRDT.US,5,20251211,171000,23.08,23.08,23.08,23.08,100,0
CRDT.US,5,20251211,172500,23.09,23.09,23.09,23.09,100,0
CRDT.US,5,20251211,175500,23.1,23.1,23.1,23.1,100,0
CRDT.US,5,20251211,181500,23.112,23.112,23.1,23.1,400,0
CRDT.US,5,20251211,185000,23.11,23.11,23.11,23.11,100,0
CRDT.US,5,20251211,192500,23.148,23.148,23.148,23.148,100,0
CRDT.US,5,20251211,194500,23.11,23.11,23.11,23.11,100,0
CRDT.US,5,20251211,195000,23.1268,23.1268,23.1268,23.1268,650,0
CRDT.US,5,20251211,202000,23.1101,23.1101,23.1101,23.1101,122,0
CRDT.US,5,20251211,202500,23.1102,23.1102,23.1102,23.1102,251,0
CRDT.US,5,20251211,204000,23.11,23.11,23.11,23.11,200,0
CRDT.US,5,20251211,212000,23.09,23.09,23.09,23.09,100,0
CRDT.US,5,20251211,214000,23.1294,23.1294,23.1294,23.1294,351,0
CRDT.US,5,20251211,215000,23.11,23.1299,23.11,23.1299,866,0
CRDT.US,5,20251211,215500,23.08,23.09,23.08,23.09,200,0
CRDT.US,5,20251212,154000,23.13,23.13,23.13,23.13,14174,0
CRDT.US,5,20251212,163500,23.13,23.13,23.13,23.13,100,0
CRDT.US,5,20251212,165000,23.12,23.13,23.1,23.12,20200,0
CRDT.US,5,20251212,175000,23.1211,23.1211,23.1211,23.1211,175,0
CRDT.US,5,20251212,182500,23.158,23.158,23.158,23.158,100,0
CRDT.US,5,20251212,194000,23.145,23.1537,23.145,23.1537,4000,0
CRDT.US,5,20251212,195000,23.152,23.152,23.152,23.152,112,0
CRDT.US,5,20251212,201500,23.13,23.13,23.13,23.13,300,0
CRDT.US,5,20251212,204000,23.121,23.1211,23.1201,23.1201,1562,0
CRDT.US,5,20251212,212500,23.12,23.12,23.12,23.12,100,0
CRDT.US,5,20251212,215000,23.1,23.13,23.06,23.13,5918,0
CRDT.US,5,20251215,162000,23.17,23.17,23.17,23.17,100,0
CRDT.US,5,20251215,163500,23.17,23.17,23.17,23.17,800,0
CRDT.US,5,20251215,164500,23.16,23.19,23.14,23.19,10400,0
CRDT.US,5,20251215,171500,23.2065,23.2065,23.2065,23.2065,220,0
CRDT.US,5,20251215,184500,23.17,23.1701,23.17,23.1701,400,0
CRDT.US,5,20251215,185500,23.17,23.17,23.12,23.17,10500,0
CRDT.US,5,20251215,204500,23.178,23.178,23.1748,23.1748,1607,0
CRDT.US,5,20251215,213500,23.1826,23.1826,23.1826,23.1826,591,0
CRDT.US,5,20251215,214000,23.1816,23.1816,23.1816,23.1816,1500,0
CRDT.US,5,20251215,215500,23.16,23.16,23.16,23.16,100,0
CRDT.US,5,20251216,160000,23.2391,23.2391,23.2391,23.2391,102,0
CRDT.US,5,20251216,161000,23.22,23.22,23.22,23.22,100,0
CRDT.US,5,20251216,163000,23.225,23.225,23.225,23.225,303,0
CRDT.US,5,20251216,164500,23.2107,23.225,23.2107,23.225,1347,0
CRDT.US,5,20251216,171000,23.19,23.19,23.19,23.19,100,0
CRDT.US,5,20251216,173500,23.17,23.2,23.15,23.17,1900,0
CRDT.US,5,20251216,174000,23.18,23.18,23.165,23.165,200,0
CRDT.US,5,20251216,174500,23.18,23.18,23.18,23.18,100,0
CRDT.US,5,20251216,180500,23.18,23.18,23.18,23.18,100,0
CRDT.US,5,20251216,183000,23.18,23.18,23.165,23.165,300,0
CRDT.US,5,20251216,191000,23.18,23.18,23.18,23.18,100,0
CRDT.US,5,20251216,193000,23.15,23.18,23.15,23.18,200,0
CRDT.US,5,20251216,195000,23.18,23.183,23.18,23.18,500,0
CRDT.US,5,20251216,200000,23.1842,23.1842,23.1842,23.1842,499,0
CRDT.US,5,20251216,200500,23.18,23.18,23.165,23.1768,598,0
CRDT.US,5,20251216,203000,23.18,23.19,23.18,23.19,4524,0
CRDT.US,5,20251216,203500,23.2,23.2,23.2,23.2,129,0
CRDT.US,5,20251216,210000,23.205,23.205,23.205,23.205,1646,0
CRDT.US,5,20251216,214000,23.19,23.19,23.1801,23.1801,200,0
CRDT.US,5,20251216,215500,23.1801,23.19,23.1801,23.19,1313,0
CRDT.US,5,20251217,154500,23.32,23.32,23.32,23.32,100,0
CRDT.US,5,20251217,162000,23.332,23.332,23.33,23.33,900,0
CRDT.US,5,20251217,162500,23.345,23.345,23.345,23.345,250,0
CRDT.US,5,20251217,163500,23.32,23.32,23.32,23.32,100,0
CRDT.US,5,20251217,173000,23.31,23.31,23.255,23.255,500,0
CRDT.US,5,20251217,173500,23.24,23.325,23.23,23.325,11024,0
CRDT.US,5,20251217,174500,23.311,23.315,23.291,23.291,1746,0
CRDT.US,5,20251217,182000,23.29,23.29,23.25,23.28,15000,0
CRDT.US,5,20251217,182500,23.28,23.28,23.25,23.25,2300,0
CRDT.US,5,20251217,184500,23.26,23.26,23.26,23.26,100,0
CRDT.US,5,20251217,185000,23.25,23.25,23.25,23.25,100,0
CRDT.US,5,20251217,190000,23.25,23.25,23.25,23.25,200,0
CRDT.US,5,20251217,195000,23.24,23.24,23.24,23.24,200,0
CRDT.US,5,20251217,210000,23.24,23.25,23.24,23.25,700,0
CRDT.US,5,20251217,211500,23.2502,23.2544,23.25,23.2544,564,0
CRDT.US,5,20251217,212000,23.26,23.28,23.26,23.27,6655,0
CRDT.US,5,20251217,215500,23.26,23.33,23.26,23.33,200,0
CRDT.US,5,20251218,154500,23.36,23.36,23.36,23.36,100,0
CRDT.US,5,20251218,160000,23.37,23.37,23.37,23.37,100,0
CRDT.US,5,20251218,162500,23.3799,23.3799,23.3799,23.3799,754,0
CRDT.US,5,20251218,171500,23.3714,23.3714,23.3714,23.3714,100,0
CRDT.US,5,20251218,180000,23.375,23.375,23.375,23.375,100,0
CRDT.US,5,20251218,184000,23.37,23.375,23.1001,23.33,39127,0
CRDT.US,5,20251218,191500,23.345,23.345,23.345,23.345,300,0
CRDT.US,5,20251218,192000,23.34,23.3401,23.34,23.3401,200,0
CRDT.US,5,20251218,195500,23.34,23.34,23.315,23.315,300,0
CRDT.US,5,20251218,200000,23.34,23.3401,23.28,23.34,4000,0
CRDT.US,5,20251218,203500,23.34,23.3401,23.325,23.34,1400,0
CRDT.US,5,20251218,215000,23.35,23.35,23.345,23.35,3686,0
CRDT.US,5,20251219,154000,23.4,23.4,23.4,23.4,100,0
CRDT.US,5,20251219,165000,23.4006,23.4006,23.4006,23.4006,1048,0
CRDT.US,5,20251219,170500,23.41,23.41,23.41,23.41,100,0
CRDT.US,5,20251219,171500,23.4116,23.4116,23.4116,23.4116,364,0
CRDT.US,5,20251219,174500,23.4,23.4,23.365,23.365,51500,0
CRDT.US,5,20251219,175000,23.39,23.39,23.39,23.39,55562,0
CRDT.US,5,20251219,181000,23.4,23.4,23.4,23.4,100,0
CRDT.US,5,20251219,192000,23.415,23.4188,23.415,23.4188,358,0
CRDT.US,5,20251219,201000,23.41,23.41,23.41,23.41,100,0
CRDT.US,5,20251219,203500,23.41,23.41,23.365,23.365,200,0
CRDT.US,5,20251219,212500,23.41,23.41,23.41,23.41,100,0
CRDT.US,5,20251219,213500,23.4,23.4093,23.36,23.4093,1250,0
CRDT.US,5,20251219,215000,23.4108,23.4108,23.4108,23.4108,456,0
CRDT.US,5,20251219,215500,23.41,23.41,23.4,23.4,200,0
CRDT.US,5,20251222,174000,23.4,23.4,23.4,23.4,428,0
CRDT.US,5,20251222,180000,23.38,23.38,23.38,23.38,100,0
CRDT.US,5,20251222,180500,23.38,23.38,23.38,23.38,200,0
CRDT.US,5,20251222,181000,23.38,23.38,23.38,23.38,100,0
CRDT.US,5,20251222,181500,23.38,23.38,23.38,23.38,100,0
CRDT.US,5,20251222,182000,23.38,23.38,23.38,23.38,100,0
CRDT.US,5,20251222,182500,23.38,23.38,23.35,23.37,400,0
CRDT.US,5,20251222,183000,23.37,23.37,23.37,23.37,100,0
CRDT.US,5,20251222,183500,23.37,23.37,23.37,23.37,200,0
CRDT.US,5,20251222,184000,23.37,23.37,23.37,23.37,100,0
CRDT.US,5,20251222,184500,23.37,23.37,23.37,23.37,100,0
CRDT.US,5,20251222,185000,23.37,23.37,23.37,23.37,200,0
CRDT.US,5,20251222,185500,23.37,23.37,23.37,23.37,100,0
CRDT.US,5,20251222,190000,23.37,23.37,23.37,23.37,100,0
CRDT.US,5,20251222,190500,23.36,23.36,23.355,23.355,300,0
CRDT.US,5,20251222,191000,23.36,23.36,23.36,23.36,100,0
CRDT.US,5,20251222,191500,23.36,23.36,23.33,23.33,1600,0
CRDT.US,5,20251222,192000,23.33,23.33,23.33,23.33,200,0
CRDT.US,5,20251222,192500,23.33,23.33,23.33,23.33,100,0
CRDT.US,5,20251222,193000,23.33,23.33,23.31,23.31,200,0
CRDT.US,5,20251222,193500,23.33,23.33,23.33,23.33,200,0
CRDT.US,5,20251222,194000,23.33,23.33,23.33,23.33,200,0
CRDT.US,5,20251222,194500,23.33,23.3301,23.31,23.315,1300,0
CRDT.US,5,20251222,195000,23.32,23.32,23.32,23.32,100,0
CRDT.US,5,20251222,195500,23.32,23.32,23.3,23.3,1700,0
CRDT.US,5,20251222,200000,23.31,23.32,23.28,23.305,16231,0
CRDT.US,5,20251222,200500,23.305,23.358,23.3,23.358,15200,0
CRDT.US,5,20251222,201000,23.31,23.31,23.31,23.31,100,0
CRDT.US,5,20251222,201500,23.31,23.31,23.31,23.31,200,0
CRDT.US,5,20251222,202000,23.32,23.32,23.32,23.32,100,0
CRDT.US,5,20251222,202500,23.32,23.32,23.32,23.32,100,0
CRDT.US,5,20251222,203000,23.32,23.32,23.31,23.31,200,0
CRDT.US,5,20251222,203500,23.31,23.325,23.31,23.325,505,0
CRDT.US,5,20251222,204000,23.31,23.31,23.31,23.31,100,0
CRDT.US,5,20251222,204500,23.31,23.31,23.31,23.31,200,0
CRDT.US,5,20251222,205000,23.31,23.31,23.31,23.31,100,0
CRDT.US,5,20251222,205500,23.3,23.3,23.3,23.3,100,0
CRDT.US,5,20251222,210000,23.3,23.3499,23.3,23.3499,218,0
CRDT.US,5,20251222,210500,23.3,23.3,23.3,23.3,200,0
CRDT.US,5,20251222,211000,23.3,23.3,23.3,23.3,100,0
CRDT.US,5,20251222,211500,23.3,23.32,23.3,23.32,323,0
CRDT.US,5,20251222,212000,23.3,23.3,23.3,23.3,200,0
CRDT.US,5,20251222,212500,23.3,23.3,23.3,23.3,200,0
CRDT.US,5,20251222,213000,23.3,23.3,23.3,23.3,200,0
CRDT.US,5,20251222,213500,23.3,23.3,23.3,23.3,200,0
CRDT.US,5,20251222,214000,23.3,23.3,23.3,23.3,300,0
CRDT.US,5,20251222,214500,23.3,23.3,23.3,23.3,300,0
CRDT.US,5,20251222,215000,23.32,23.32,23.2901,23.3,891,0
CRDT.US,5,20251222,215500,23.3,23.3,23.3,23.3,1200,0
