<TICKER>,<PER>,<DATE>,<TIME>,<OPEN>,<HIGH>,<LOW>,<CLOSE>,<VOL>,<OPENINT>
DBP.US,5,20250728,153000,76.245,76.245,76.245,76.245,120,0
DBP.US,5,20250728,154000,76.2457,76.2457,76.2457,76.2457,200,0
DBP.US,5,20250728,161500,75.85,75.93,75.8407,75.86,700,0
DBP.US,5,20250728,164500,75.98,75.98,75.98,75.98,100,0
DBP.US,5,20250728,174500,76.11,76.11,76.11,76.11,200,0
DBP.US,5,20250728,175000,76.0194,76.0194,76.0194,76.0194,100,0
DBP.US,5,20250728,181000,75.9395,75.9395,75.9395,75.9395,600,0
DBP.US,5,20250728,190500,76.0449,76.0449,75.955,75.955,2287,0
DBP.US,5,20250728,194000,75.92,75.92,75.92,75.92,264,0
DBP.US,5,20250728,200500,75.93,75.93,75.93,75.93,100,0
DBP.US,5,20250728,202000,75.97,75.97,75.82,75.82,200,0
DBP.US,5,20250728,205000,76.06,76.06,76.06,76.06,100,0
DBP.US,5,20250728,214000,76.11,76.1176,76.11,76.1176,300,0
DBP.US,5,20250729,153500,75.8916,75.8916,75.8916,75.8916,230,0
DBP.US,5,20250729,163000,76.0643,76.0643,76.0643,76.0643,100,0
DBP.US,5,20250729,165000,76.29,76.29,76.29,76.29,323,0
DBP.US,5,20250729,170000,76.25,76.25,76.25,76.25,1675,0
DBP.US,5,20250729,170500,76.26,76.26,76.26,76.26,114,0
DBP.US,5,20250729,171000,76.4,76.4,76.38,76.38,2001,0
DBP.US,5,20250729,173500,76.12,76.12,76.12,76.12,135,0
DBP.US,5,20250729,191500,76.1778,76.1778,76.1778,76.1778,154,0
DBP.US,5,20250729,192500,76.1732,76.1732,76.1732,76.1732,112,0
DBP.US,5,20250729,194000,76.0901,76.0901,76.0901,76.0901,150,0
DBP.US,5,20250729,201000,76.273,76.273,76.273,76.273,320,0
DBP.US,5,20250729,201500,76.34,76.34,76.34,76.34,118,0
DBP.US,5,20250729,215500,76.2476,76.2476,76.2476,76.2476,130,0
DBP.US,5,20250730,154000,75.4101,75.4101,75.4101,75.4101,220,0
DBP.US,5,20250730,154500,75.58,75.63,75.58,75.63,2001,0
DBP.US,5,20250730,163000,75.5395,75.5395,75.5395,75.5395,100,0
DBP.US,5,20250730,164500,75.5996,75.5996,75.5996,75.5996,132,0
DBP.US,5,20250730,165000,75.6,75.6,75.6,75.6,661,0
DBP.US,5,20250730,172000,75.34,75.35,75.34,75.35,1100,0
DBP.US,5,20250730,173500,75.16,75.245,75.15,75.15,2563,0
DBP.US,5,20250730,174000,75.245,75.245,75.245,75.245,109,0
DBP.US,5,20250730,183500,75.39,75.39,75.39,75.39,355,0
DBP.US,5,20250730,184500,75.4758,75.4758,75.4758,75.4758,115,0
DBP.US,5,20250730,191000,75.4248,75.4248,75.4248,75.4248,238,0
DBP.US,5,20250730,191500,75.4081,75.4081,75.4081,75.4081,125,0
DBP.US,5,20250730,201000,75.49,75.49,75.49,75.49,300,0
DBP.US,5,20250730,214000,74.68,74.68,74.68,74.68,100,0
DBP.US,5,20250730,215000,74.8,74.8,74.64,74.8,805,0
DBP.US,5,20250730,215500,74.66,74.66,74.635,74.635,200,0
DBP.US,5,20250731,160500,75.095,75.095,75.095,75.095,100,0
DBP.US,5,20250731,171500,75.015,75.015,75.015,75.015,159,0
DBP.US,5,20250731,184500,75,75,75,75,100,0
DBP.US,5,20250731,201000,75,75.07,74.985,74.985,1757,0
DBP.US,5,20250731,204000,75.04,75.04,75.04,75.04,150,0
DBP.US,5,20250731,204500,75.04,75.04,75.04,75.04,1330,0
DBP.US,5,20250731,205000,74.9322,75.04,74.9322,75.04,214,0
DBP.US,5,20250801,160000,76.19,76.19,76.19,76.19,100,0
DBP.US,5,20250801,161000,76.18,76.18,76.18,76.18,100,0
DBP.US,5,20250801,161500,76.24,76.24,76.24,76.24,100,0
DBP.US,5,20250801,172000,76.21,76.21,76.21,76.21,373,0
DBP.US,5,20250801,174500,75.99,76.06,75.97,76.06,1220,0
DBP.US,5,20250801,180500,76.06,76.06,76.06,76.06,100,0
DBP.US,5,20250801,183000,75.92,75.92,75.89,75.89,440,0
DBP.US,5,20250801,183500,75.94,75.94,75.94,75.94,100,0
DBP.US,5,20250801,184000,75.91,75.94,75.91,75.94,400,0
DBP.US,5,20250801,184500,75.95,75.95,75.95,75.95,100,0
DBP.US,5,20250801,190500,76.109,76.109,76.109,76.109,125,0
DBP.US,5,20250801,191500,76.0897,76.0897,76.005,76.005,227,0
DBP.US,5,20250801,192000,76.02,76.02,76.02,76.02,100,0
DBP.US,5,20250801,202500,76.13,76.13,76.13,76.13,100,0
DBP.US,5,20250801,211500,76.17,76.17,76.17,76.17,100,0
DBP.US,5,20250801,214000,76.4199,76.4199,76.4199,76.4199,100,0
DBP.US,5,20250801,215000,76.2665,76.2665,76.2665,76.2665,262,0
DBP.US,5,20250801,215500,76.365,76.365,76.26,76.26,200,0
DBP.US,5,20250804,160000,76.95,76.95,76.95,76.95,100,0
DBP.US,5,20250804,170000,76.79,76.79,76.79,76.79,100,0
DBP.US,5,20250804,170500,76.72,76.72,76.72,76.72,1348,0
DBP.US,5,20250804,173500,76.6892,76.6892,76.6892,76.6892,391,0
DBP.US,5,20250804,182000,76.85,76.85,76.85,76.85,100,0
DBP.US,5,20250804,184000,76.7122,76.7122,76.7122,76.7122,197,0
DBP.US,5,20250804,185000,76.7525,76.7525,76.7525,76.7525,104,0
DBP.US,5,20250804,202500,76.77,76.77,76.77,76.77,643,0
DBP.US,5,20250804,212000,76.62,76.62,76.62,76.62,260,0
DBP.US,5,20250804,213000,76.7589,76.7589,76.7589,76.7589,430,0
DBP.US,5,20250804,214000,76.7676,76.7676,76.7676,76.7676,287,0
DBP.US,5,20250805,155500,76.86,76.86,76.86,76.86,100,0
DBP.US,5,20250805,162500,77.1799,77.1799,77.1799,77.1799,195,0
DBP.US,5,20250805,163000,77.06,77.1105,77.06,77.1105,2346,0
DBP.US,5,20250805,172000,77.13,77.13,77.13,77.13,200,0
DBP.US,5,20250805,173500,77.12,77.12,77.08,77.08,400,0
DBP.US,5,20250805,174000,77.08,77.15,77.08,77.15,644,0
DBP.US,5,20250805,174500,77.17,77.24,77.17,77.24,200,0
DBP.US,5,20250805,175000,77.26,77.26,77.07,77.07,800,0
DBP.US,5,20250805,180000,77.185,77.185,77.11,77.1485,15245,0
DBP.US,5,20250805,181500,77.1,77.1,77.1,77.1,100,0
DBP.US,5,20250805,182000,77.11,77.11,77.11,77.11,100,0
DBP.US,5,20250805,183000,77.08,77.08,77.08,77.08,100,0
DBP.US,5,20250805,183500,77.05,77.1185,77.05,77.1185,345,0
DBP.US,5,20250805,184000,77.0447,77.0447,77.0447,77.0447,142,0
DBP.US,5,20250805,184500,77.06,77.06,77.06,77.06,100,0
DBP.US,5,20250805,190500,76.9802,76.9802,76.9802,76.9802,343,0
DBP.US,5,20250805,191000,76.99,76.9901,76.981,76.981,700,0
DBP.US,5,20250805,201500,77.055,77.11,77.055,77.11,200,0
DBP.US,5,20250805,203500,77.05,77.05,77.05,77.05,3509,0
DBP.US,5,20250805,204500,77.112,77.112,77.112,77.112,200,0
DBP.US,5,20250805,211500,77.09,77.09,77.09,77.09,100,0
DBP.US,5,20250805,212500,77.03,77.03,77.03,77.03,100,0
DBP.US,5,20250805,213500,77.0538,77.0538,77.0538,77.0538,156,0
DBP.US,5,20250805,215000,77.07,77.07,77.07,77.07,200,0
DBP.US,5,20250805,215500,77.07,77.07,77.04,77.04,264,0
DBP.US,5,20250806,154500,76.79,76.79,76.72,76.79,484,0
DBP.US,5,20250806,155000,76.93,76.93,76.93,76.93,100,0
DBP.US,5,20250806,160500,77.03,77.03,76.93,76.93,248,0
DBP.US,5,20250806,161000,76.87,76.87,76.87,76.87,100,0
DBP.US,5,20250806,161500,76.8101,76.8101,76.8101,76.8101,402,0
DBP.US,5,20250806,162000,76.9158,77.02,76.9158,77.0165,705,0
DBP.US,5,20250806,171500,77.13,77.13,77.13,77.13,100,0
DBP.US,5,20250806,201500,77.0975,77.0975,77.0975,77.0975,200,0
DBP.US,5,20250806,204000,77.09,77.09,77.09,77.09,201,0
DBP.US,5,20250806,213500,77.118,77.118,77.118,77.118,107,0
DBP.US,5,20250806,215000,77.1066,77.1066,77.1066,77.1066,100,0
DBP.US,5,20250807,160500,77.68,77.68,77.68,77.68,100,0
DBP.US,5,20250807,173500,77.5182,77.5182,77.5182,77.5182,230,0
DBP.US,5,20250807,174000,77.495,77.495,77.495,77.495,114,0
DBP.US,5,20250807,190000,77.65,77.65,77.65,77.65,300,0
DBP.US,5,20250807,194500,77.7999,77.7999,77.685,77.685,400,0
DBP.US,5,20250807,202500,77.67,77.67,77.67,77.67,100,0
DBP.US,5,20250807,204000,77.64,77.64,77.571,77.571,298,0
DBP.US,5,20250807,204500,77.555,77.555,77.555,77.555,100,0
DBP.US,5,20250807,205000,77.55,77.55,77.55,77.55,270,0
DBP.US,5,20250807,210000,77.63,77.63,77.6209,77.6209,295,0
DBP.US,5,20250807,211000,77.61,77.62,77.61,77.62,200,0
DBP.US,5,20250807,211500,77.63,77.63,77.63,77.63,100,0
DBP.US,5,20250807,212500,77.619,77.619,77.619,77.619,500,0
DBP.US,5,20250807,213500,77.8112,77.8112,77.8112,77.8112,100,0
DBP.US,5,20250808,161000,78.285,78.285,78.285,78.285,500,0
DBP.US,5,20250808,161500,78.3,78.3,78.3,78.3,100,0
DBP.US,5,20250808,171500,78.42,78.42,78.42,78.42,268,0
DBP.US,5,20250808,172000,78.52,78.52,78.4583,78.4583,400,0
DBP.US,5,20250808,194000,78.3279,78.3279,78.3279,78.3279,144,0
DBP.US,5,20250808,195500,78.31,78.31,78.31,78.31,100,0
DBP.US,5,20250808,212500,77.7,77.7,77.7,77.7,100,0
DBP.US,5,20250808,215500,77.7892,77.7892,77.7892,77.7892,150,0
DBP.US,5,20250811,154500,76.82,76.82,76.82,76.82,100,0
DBP.US,5,20250811,164000,76.5105,76.5105,76.5105,76.5105,1330,0
DBP.US,5,20250811,170000,76.575,76.575,76.575,76.575,100,0
DBP.US,5,20250811,175500,76.5701,76.5701,76.5701,76.5701,500,0
DBP.US,5,20250811,180500,76.61,76.61,76.61,76.61,153,0
DBP.US,5,20250811,185500,76.515,76.515,76.515,76.515,100,0
DBP.US,5,20250811,200000,76.5401,76.5401,76.5401,76.5401,250,0
DBP.US,5,20250811,204500,76.5755,76.5755,76.5755,76.5755,105,0
DBP.US,5,20250811,210500,76.62,76.62,76.62,76.62,141,0
DBP.US,5,20250811,213000,76.57,76.58,76.51,76.565,500,0
DBP.US,5,20250812,154000,76.47,76.47,76.47,76.47,300,0
DBP.US,5,20250812,154500,76.5007,76.5007,76.5007,76.5007,500,0
DBP.US,5,20250812,161500,76.105,76.105,76.105,76.105,197,0
DBP.US,5,20250812,171000,76.365,76.49,76.365,76.49,401,0
DBP.US,5,20250812,172500,76.76,76.76,76.76,76.76,200,0
DBP.US,5,20250812,173000,76.8,76.8,76.8,76.8,100,0
DBP.US,5,20250812,204000,76.4062,76.4062,76.4062,76.4062,235,0
DBP.US,5,20250813,153500,76.9256,76.9256,76.9256,76.9256,131,0
DBP.US,5,20250813,161000,77.2247,77.2247,77.2247,77.2247,259,0
DBP.US,5,20250813,161500,77.0734,77.0734,77.0734,77.0734,100,0
DBP.US,5,20250813,162500,77.1071,77.1071,77.1071,77.1071,142,0
DBP.US,5,20250813,164500,77.0396,77.0396,77.0396,77.0396,151,0
DBP.US,5,20250813,171000,76.985,76.985,76.95,76.95,200,0
DBP.US,5,20250813,173000,76.92,76.92,76.92,76.92,798,0
DBP.US,5,20250813,184500,76.9028,76.9028,76.9028,76.9028,200,0
DBP.US,5,20250813,194500,76.87,76.87,76.87,76.87,300,0
DBP.US,5,20250813,200500,76.8598,76.8598,76.8598,76.8598,256,0
DBP.US,5,20250813,201000,76.7728,76.7728,76.7728,76.7728,196,0
DBP.US,5,20250813,210500,76.85,76.85,76.85,76.85,129,0
DBP.US,5,20250813,215500,76.935,76.935,76.935,76.935,100,0
DBP.US,5,20250814,161500,76.42,76.42,76.42,76.42,129,0
DBP.US,5,20250814,164000,76.4,76.4,76.4,76.4,185,0
DBP.US,5,20250814,164500,76.4799,76.4799,76.4799,76.4799,346,0
DBP.US,5,20250814,170000,76.35,76.35,76.35,76.35,130,0
DBP.US,5,20250814,174500,76.458,76.458,76.458,76.458,265,0
DBP.US,5,20250814,192000,76.2877,76.2877,76.2877,76.2877,720,0
DBP.US,5,20250814,203500,76.2972,76.2972,76.2972,76.2972,800,0
DBP.US,5,20250814,210500,76.4,76.409,76.4,76.4,484,0
DBP.US,5,20250814,212000,76.3381,76.3381,76.3381,76.3381,135,0
DBP.US,5,20250814,215000,76.4331,76.4331,76.4331,76.4331,129,0
DBP.US,5,20250815,162000,76.32,76.32,76.32,76.32,100,0
DBP.US,5,20250815,173500,76.4,76.4,76.4,76.4,500,0
DBP.US,5,20250815,174500,76.415,76.415,76.415,76.415,100,0
DBP.US,5,20250815,184500,76.22,76.22,76.22,76.22,109,0
DBP.US,5,20250815,190000,76.3352,76.3352,76.3352,76.3352,387,0
DBP.US,5,20250815,192000,76.29,76.3299,76.26,76.3299,590,0
DBP.US,5,20250815,192500,76.315,76.315,76.315,76.315,100,0
DBP.US,5,20250815,200500,76.255,76.255,76.245,76.245,320,0
DBP.US,5,20250815,201000,76.2766,76.2766,76.2766,76.2766,264,0
DBP.US,5,20250815,202500,76.315,76.315,76.315,76.315,100,0
DBP.US,5,20250815,203500,76.4395,76.4395,76.4395,76.4395,109,0
DBP.US,5,20250815,204000,76.35,76.35,76.34,76.34,456,0
DBP.US,5,20250815,215500,76.378,76.378,76.3014,76.3014,200,0
DBP.US,5,20250818,153000,76.58,76.58,76.58,76.58,100,0
DBP.US,5,20250818,164000,76.3663,76.3663,76.3663,76.3663,100,0
DBP.US,5,20250818,191500,76.22,76.22,76.22,76.22,100,0
DBP.US,5,20250818,192500,76.22,76.22,76.22,76.22,260,0
DBP.US,5,20250818,205000,76.33,76.33,76.23,76.2651,800,0
DBP.US,5,20250818,215500,76.2451,76.2451,76.2451,76.2451,288,0
DBP.US,5,20250819,155000,76.36,76.36,76.225,76.225,1199,0
DBP.US,5,20250819,160500,76.37,76.37,76.37,76.37,313,0
DBP.US,5,20250819,162500,76.19,76.19,76.19,76.19,200,0
DBP.US,5,20250819,171500,75.9065,75.9495,75.9065,75.9495,250,0
DBP.US,5,20250819,173500,75.8831,75.8831,75.8831,75.8831,442,0
DBP.US,5,20250819,182500,75.7875,75.7875,75.7875,75.7875,234,0
DBP.US,5,20250819,184000,75.7,75.7,75.6911,75.6911,418,0
DBP.US,5,20250819,192000,75.5371,75.5371,75.5371,75.5371,132,0
DBP.US,5,20250820,155000,76.133,76.133,76.133,76.133,150,0
DBP.US,5,20250820,163000,76.43,76.4479,76.43,76.4479,254,0
DBP.US,5,20250820,175500,76.4,76.4,76.4,76.4,100,0
DBP.US,5,20250820,181000,76.405,76.405,76.405,76.405,100,0
DBP.US,5,20250820,183500,76.1716,76.1716,76.1716,76.1716,265,0
DBP.US,5,20250820,191000,76.2109,76.2109,76.2109,76.2109,600,0
DBP.US,5,20250821,155000,76.1234,76.1234,76.1234,76.1234,115,0
DBP.US,5,20250821,160500,76.35,76.35,76.35,76.35,360,0
DBP.US,5,20250821,162500,76.4102,76.4102,76.4102,76.4102,500,0
DBP.US,5,20250821,163000,76.5746,76.5746,76.5746,76.5746,130,0
DBP.US,5,20250821,170000,76.47,76.47,76.47,76.47,100,0
DBP.US,5,20250821,172000,76.43,76.43,76.43,76.43,130,0
DBP.US,5,20250821,175000,76.46,76.46,76.46,76.46,250,0
DBP.US,5,20250821,195500,76.375,76.375,76.375,76.375,500,0
DBP.US,5,20250821,200000,76.375,76.375,76.375,76.375,238,0
DBP.US,5,20250821,201500,76.3369,76.3369,76.3369,76.3369,179,0
DBP.US,5,20250821,212500,76.375,76.375,76.375,76.375,310,0
DBP.US,5,20250822,155000,76.3,76.3,76.23,76.23,475,0
DBP.US,5,20250822,163000,77.25,77.25,77.25,77.25,200,0
DBP.US,5,20250822,174000,77.3799,77.3799,77.3799,77.3799,175,0
DBP.US,5,20250822,174500,77.305,77.305,77.25,77.25,200,0
DBP.US,5,20250822,180000,77.3227,77.3227,77.3227,77.3227,235,0
DBP.US,5,20250822,180500,77.4,77.41,77.384,77.41,2001,0
DBP.US,5,20250822,184500,77.41,77.41,77.41,77.41,323,0
DBP.US,5,20250822,185500,77.1918,77.1918,77.1918,77.1918,120,0
DBP.US,5,20250822,203500,77.4,77.4,77.4,77.4,698,0
DBP.US,5,20250822,215000,77.3422,77.3422,77.3422,77.3422,284,0
DBP.US,5,20250822,215500,77.3664,77.3664,77.3664,77.3664,122,0
DBP.US,5,20250825,164000,77.42,77.42,77.42,77.42,100,0
DBP.US,5,20250825,165500,77.4243,77.4243,77.4243,77.4243,115,0
DBP.US,5,20250825,173500,77.315,77.315,77.315,77.315,640,0
DBP.US,5,20250825,180500,77.44,77.44,77.44,77.44,100,0
DBP.US,5,20250825,191500,77.272,77.272,77.272,77.272,109,0
DBP.US,5,20250825,201500,77.255,77.255,77.255,77.255,170,0
DBP.US,5,20250825,205000,77.33,77.33,77.33,77.33,100,0
DBP.US,5,20250826,155000,77.29,77.29,77.29,77.29,100,0
DBP.US,5,20250826,160500,77.231,77.231,77.231,77.231,343,0
DBP.US,5,20250826,164000,77.3184,77.3184,77.3184,77.3184,1400,0
DBP.US,5,20250826,165000,77.3988,77.3988,77.3988,77.3988,2800,0
DBP.US,5,20250826,174000,77.41,77.41,77.41,77.41,250,0
DBP.US,5,20250826,175500,77.5,77.55,77.5,77.55,2662,0
DBP.US,5,20250826,184000,77.55,77.55,77.55,77.55,100,0
DBP.US,5,20250826,194000,77.56,77.56,77.56,77.56,100,0
DBP.US,5,20250826,203000,77.52,77.52,77.52,77.52,100,0
DBP.US,5,20250826,212500,77.64,77.64,77.64,77.64,100,0
DBP.US,5,20250826,214000,77.65,77.65,77.65,77.65,256,0
DBP.US,5,20250827,154500,77.2799,77.2799,77.2799,77.2799,100,0
DBP.US,5,20250827,160500,77.31,77.31,77.31,77.31,100,0
DBP.US,5,20250827,161500,77.37,77.37,77.37,77.37,128,0
DBP.US,5,20250827,165000,77.49,77.49,77.49,77.49,100,0
DBP.US,5,20250827,171500,77.43,77.43,77.43,77.43,128,0
DBP.US,5,20250827,172000,77.67,77.67,77.67,77.67,185,0
DBP.US,5,20250827,173000,77.61,77.61,77.61,77.61,100,0
DBP.US,5,20250827,180500,77.555,77.555,77.555,77.555,100,0
DBP.US,5,20250827,182000,77.5842,77.5842,77.5842,77.5842,142,0
DBP.US,5,20250828,153500,78.15,78.15,78.15,78.15,200,0
DBP.US,5,20250828,162000,78.305,78.305,78.305,78.305,505,0
DBP.US,5,20250828,165000,78.365,78.365,78.365,78.365,131,0
DBP.US,5,20250828,170500,78.5,78.5,78.5,78.5,147,0
DBP.US,5,20250828,181500,78.42,78.42,78.42,78.42,100,0
DBP.US,5,20250828,182500,78.5871,78.5871,78.5871,78.5871,470,0
DBP.US,5,20250828,190000,78.47,78.47,78.3301,78.3301,2426,0
DBP.US,5,20250828,214000,78.5899,78.5899,78.5899,78.5899,120,0
DBP.US,5,20250829,154500,78.782,78.782,78.782,78.782,127,0
DBP.US,5,20250829,163000,79.1673,79.1673,79.1673,79.1673,1000,0
DBP.US,5,20250829,164000,79.14,79.14,79.14,79.14,644,0
DBP.US,5,20250829,173000,79.2713,79.2713,79.2713,79.2713,311,0
DBP.US,5,20250829,183000,79.5764,79.5764,79.5764,79.5764,161,0
DBP.US,5,20250829,190500,79.7233,79.7233,79.7233,79.7233,126,0
DBP.US,5,20250829,192000,79.54,79.5401,79.5307,79.5307,424,0
DBP.US,5,20250829,194000,79.615,79.615,79.615,79.615,200,0
DBP.US,5,20250829,200000,79.53,79.53,79.53,79.53,100,0
DBP.US,5,20250829,201000,79.53,79.53,79.53,79.53,100,0
DBP.US,5,20250829,202000,79.58,79.58,79.5736,79.5736,800,0
DBP.US,5,20250829,210000,79.5,79.5,79.5,79.5,200,0
DBP.US,5,20250829,212500,79.4801,79.4801,79.4801,79.4801,118,0
DBP.US,5,20250902,155000,80.4564,80.4564,80.4564,80.4564,150,0
DBP.US,5,20250902,161000,80.64,80.64,80.635,80.635,2200,0
DBP.US,5,20250902,162500,80.805,80.805,80.64,80.64,1400,0
DBP.US,5,20250902,171000,81.11,81.11,81.11,81.11,100,0
DBP.US,5,20250902,174500,81.35,81.35,81.35,81.35,100,0
DBP.US,5,20250902,181500,81.42,81.42,81.42,81.42,100,0
DBP.US,5,20250902,182500,81.2579,81.2579,81.2579,81.2579,132,0
DBP.US,5,20250902,185500,81.532,81.532,81.532,81.532,100,0
DBP.US,5,20250902,191000,81.365,81.47,81.365,81.47,304,0
DBP.US,5,20250902,193500,81.5,81.5,81.25,81.25,16738,0
DBP.US,5,20250902,194000,81.365,81.365,81.365,81.365,300,0
DBP.US,5,20250902,202500,81.3748,81.3748,81.3748,81.3748,100,0
DBP.US,5,20250902,210000,81.385,81.385,81.385,81.385,500,0
DBP.US,5,20250902,212500,81.64,81.64,81.64,81.64,9831,0
DBP.US,5,20250902,214000,81.63,81.6699,81.525,81.6699,647,0
DBP.US,5,20250902,215000,81.51,81.51,81.51,81.51,100,0
DBP.US,5,20250902,215500,81.5,81.5,81.5,81.5,168,0
DBP.US,5,20250903,155000,81.945,81.945,81.945,81.945,400,0
DBP.US,5,20250903,160500,81.95,81.965,81.95,81.965,300,0
DBP.US,5,20250903,161000,81.98,82.01,81.98,82.01,600,0
DBP.US,5,20250903,163500,82.3295,82.3295,82.3295,82.3295,100,0
DBP.US,5,20250903,165000,81.98,82.02,81.98,82.01,5876,0
DBP.US,5,20250903,170000,82.21,82.21,82.21,82.21,117,0
DBP.US,5,20250903,180000,82.1847,82.1847,82.1847,82.1847,158,0
DBP.US,5,20250903,182000,82.1626,82.1626,82.1626,82.1626,111,0
DBP.US,5,20250903,190000,82.4311,82.4311,82.4311,82.4311,141,0
DBP.US,5,20250903,193000,82.3956,82.3956,82.3956,82.3956,122,0
DBP.US,5,20250903,202000,82.53,82.53,82.53,82.53,100,0
DBP.US,5,20250903,203000,82.43,82.43,82.43,82.43,900,0
DBP.US,5,20250903,203500,82.2,82.2,82.2,82.2,100,0
DBP.US,5,20250903,204500,82.33,82.33,82.33,82.33,100,0
DBP.US,5,20250903,210000,82.165,82.3099,82.165,82.29,565,0
DBP.US,5,20250903,210500,82.32,82.32,82.32,82.32,400,0
DBP.US,5,20250903,211500,82.2,82.2,82.16,82.16,800,0
DBP.US,5,20250903,212500,82.02,82.13,82.02,82.13,800,0
DBP.US,5,20250903,213000,82.1,82.1,81.9572,81.9572,660,0
DBP.US,5,20250903,214000,82.09,82.09,82.09,82.09,100,0
DBP.US,5,20250903,215500,82.14,82.14,82.03,82.03,953,0
DBP.US,5,20250904,154000,81.63,81.63,81.63,81.63,100,0
DBP.US,5,20250904,154500,81.595,81.6026,81.595,81.6026,311,0
DBP.US,5,20250904,155500,81.485,81.485,81.3305,81.3305,635,0
DBP.US,5,20250904,162000,81.285,81.285,81.285,81.285,100,0
DBP.US,5,20250904,163000,81.477,81.477,81.27,81.27,210,0
DBP.US,5,20250904,164500,81.38,81.38,81.38,81.38,100,0
DBP.US,5,20250904,170000,81.506,81.506,81.506,81.506,450,0
DBP.US,5,20250904,171000,81.7266,81.7266,81.41,81.41,251,0
DBP.US,5,20250904,172500,81.42,81.42,81.42,81.42,100,0
DBP.US,5,20250904,174000,81.46,81.46,81.46,81.46,100,0
DBP.US,5,20250904,180000,81.655,81.655,81.655,81.655,100,0
DBP.US,5,20250904,181500,81.67,81.67,81.67,81.67,100,0
DBP.US,5,20250904,183500,81.685,81.685,81.685,81.685,100,0
DBP.US,5,20250904,185000,81.57,81.57,81.57,81.57,100,0
DBP.US,5,20250904,191500,81.61,81.61,81.61,81.61,100,0
DBP.US,5,20250904,192500,81.61,81.61,81.61,81.61,200,0
DBP.US,5,20250904,193000,81.61,81.61,81.57,81.57,481,0
DBP.US,5,20250904,193500,81.57,81.66,81.37,81.37,648,0
DBP.US,5,20250904,195500,81.465,81.465,81.465,81.465,300,0
DBP.US,5,20250904,200000,81.29,81.29,81.29,81.29,100,0
DBP.US,5,20250904,201500,81.3,81.3,81.3,81.3,100,0
DBP.US,5,20250904,203500,81.35,81.35,81.35,81.35,100,0
DBP.US,5,20250904,205000,81.35,81.35,81.35,81.35,100,0
DBP.US,5,20250904,210000,81.33,81.33,81.33,81.33,100,0
DBP.US,5,20250904,212000,81.475,81.61,81.475,81.61,200,0
DBP.US,5,20250904,212500,81.37,81.37,81.37,81.37,100,0
DBP.US,5,20250904,214500,81.4,81.4,81.4,81.4,100,0
DBP.US,5,20250904,215000,81.4,81.4,81.4,81.4,100,0
DBP.US,5,20250904,215500,81.4,81.67,81.4,81.67,1500,0
DBP.US,5,20250905,162500,82.21,82.21,82.2,82.2,300,0
DBP.US,5,20250905,163000,82.135,82.2945,82.135,82.2945,390,0
DBP.US,5,20250905,165000,82.35,82.35,82.35,82.35,239,0
DBP.US,5,20250905,165500,82.3962,82.3962,82.3962,82.3962,245,0
DBP.US,5,20250905,175000,82.4957,82.4957,82.48,82.48,972,0
DBP.US,5,20250905,185000,82.5033,82.5033,82.5033,82.5033,100,0
DBP.US,5,20250905,191500,82.47,82.47,82.47,82.47,26000,0
DBP.US,5,20250905,194000,82.5,82.5,82.5,82.5,100,0
DBP.US,5,20250905,203000,82.45,82.45,82.45,82.45,224,0
DBP.US,5,20250905,213000,82.36,82.36,82.36,82.36,200,0
DBP.US,5,20250908,154000,82.965,82.965,82.965,82.965,165,0
DBP.US,5,20250908,154500,83.1799,83.1799,83.1799,83.1799,100,0
DBP.US,5,20250908,155000,83.1377,83.1377,83.1377,83.1377,901,0
DBP.US,5,20250908,162000,83.06,83.06,83.06,83.06,100,0
DBP.US,5,20250908,164500,83.145,83.145,83.145,83.145,200,0
DBP.US,5,20250908,170500,83.47,83.479,83.47,83.479,301,0
DBP.US,5,20250908,172000,83.39,83.39,83.39,83.39,200,0
DBP.US,5,20250908,172500,83.29,83.29,83.26,83.26,377,0
DBP.US,5,20250908,180500,83.2,83.2,83.2,83.2,104,0
DBP.US,5,20250908,183500,83.16,83.16,83.16,83.16,200,0
DBP.US,5,20250908,185500,83.2,83.2,83.2,83.2,439,0
DBP.US,5,20250908,193500,83.15,83.15,83.091,83.091,380,0
DBP.US,5,20250908,195500,83.09,83.09,83.09,83.09,300,0
DBP.US,5,20250908,200000,83,83,82.96,82.961,1580,0
DBP.US,5,20250908,205000,83.14,83.14,83.04,83.04,1833,0
DBP.US,5,20250908,214000,83.22,83.22,83.22,83.22,400,0
DBP.US,5,20250908,215000,83.157,83.157,83.157,83.157,365,0
DBP.US,5,20250908,215500,83.21,83.215,83.21,83.21,500,0
DBP.US,5,20250909,154000,83.6299,83.6299,83.6299,83.6299,100,0
DBP.US,5,20250909,154500,83.525,83.525,83.495,83.495,393,0
DBP.US,5,20250909,160500,83.21,83.21,83.21,83.21,137,0
DBP.US,5,20250909,161000,83.18,83.18,83.18,83.18,876,0
DBP.US,5,20250909,163000,83.1705,83.1705,83.1705,83.1705,170,0
DBP.US,5,20250909,165500,82.98,82.98,82.98,82.98,120,0
DBP.US,5,20250909,171000,82.98,82.98,82.98,82.98,100,0
DBP.US,5,20250909,171500,82.8,82.8,82.8,82.8,200,0
DBP.US,5,20250909,184000,83.095,83.095,83.095,83.095,100,0
DBP.US,5,20250909,184500,83.09,83.09,83.09,83.09,100,0
DBP.US,5,20250909,194000,82.98,82.98,82.98,82.98,200,0
DBP.US,5,20250909,195000,83.1,83.1,82.88,82.88,235,0
DBP.US,5,20250909,211500,82.96,82.96,82.96,82.96,200,0
DBP.US,5,20250909,213500,82.91,82.91,82.91,82.91,100,0
DBP.US,5,20250909,214000,82.88,82.88,82.88,82.88,200,0
DBP.US,5,20250910,162000,83.39,83.39,83.39,83.39,247,0
DBP.US,5,20250910,163000,83.4,83.52,83.4,83.4,1097,0
DBP.US,5,20250910,163500,83.53,83.53,83.3575,83.3575,875,0
DBP.US,5,20250910,164000,83.25,83.25,83.24,83.24,200,0
DBP.US,5,20250910,164500,83.32,83.327,83.315,83.327,500,0
DBP.US,5,20250910,172500,83.05,83.05,83.05,83.05,100,0
DBP.US,5,20250910,181500,83.0324,83.0324,83.0324,83.0324,100,0
DBP.US,5,20250910,183500,83.1468,83.1468,83.1468,83.1468,562,0
DBP.US,5,20250910,184500,83.13,83.13,83.13,83.13,200,0
DBP.US,5,20250910,192500,83.2,83.2,83.2,83.2,100,0
DBP.US,5,20250910,204500,83.2223,83.2223,83.2223,83.2223,304,0
DBP.US,5,20250910,205000,83.195,83.195,83.195,83.195,100,0
DBP.US,5,20250910,205500,83.31,83.31,83.31,83.31,100,0
DBP.US,5,20250910,212000,83.06,83.06,83.06,83.06,1023,0
DBP.US,5,20250910,212500,83.1125,83.1125,83.06,83.06,440,0
DBP.US,5,20250911,164000,83,83,83,83,1200,0
DBP.US,5,20250911,180500,83.305,83.305,83.305,83.305,100,0
DBP.US,5,20250911,183000,83.2374,83.2374,83.2374,83.2374,168,0
DBP.US,5,20250911,184000,83.2474,83.2474,83.2474,83.2474,136,0
DBP.US,5,20250911,190000,83.245,83.245,83.16,83.16,541,0
DBP.US,5,20250911,192500,83.185,83.185,83.185,83.185,500,0
DBP.US,5,20250911,203500,83.125,83.2099,83.125,83.2099,200,0
DBP.US,5,20250911,210000,83.13,83.13,83.04,83.04,1150,0
DBP.US,5,20250911,211000,83.25,83.25,83.25,83.25,300,0
DBP.US,5,20250911,211500,83.01,83.15,82.97,83.15,11957,0
DBP.US,5,20250911,212500,83.115,83.115,83.115,83.115,100,0
DBP.US,5,20250911,215500,83.16,83.16,83.16,83.16,159,0
DBP.US,5,20250912,161500,83.7189,83.7189,83.7189,83.7189,344,0
DBP.US,5,20250912,164500,83.67,83.67,83.67,83.67,100,0
DBP.US,5,20250912,165000,83.65,83.65,83.6499,83.6499,214,0
DBP.US,5,20250912,171000,83.53,83.53,83.53,83.53,100,0
DBP.US,5,20250912,195500,83.69,83.69,83.61,83.69,624,0
DBP.US,5,20250912,200500,83.7699,83.7699,83.7699,83.7699,358,0
DBP.US,5,20250912,201000,83.7048,83.7048,83.666,83.666,714,0
DBP.US,5,20250912,210000,83.61,83.61,83.61,83.61,191,0
DBP.US,5,20250912,211500,83.65,83.65,83.65,83.65,100,0
DBP.US,5,20250912,213000,83.7155,83.7155,83.7155,83.7155,123,0
DBP.US,5,20250912,213500,83.65,83.65,83.65,83.65,100,0
DBP.US,5,20250915,161000,83.95,83.95,83.95,83.95,100,0
DBP.US,5,20250915,163500,83.87,83.87,83.87,83.87,191,0
DBP.US,5,20250915,164000,83.8662,83.8662,83.8662,83.8662,117,0
DBP.US,5,20250915,165500,83.99,83.99,83.99,83.99,100,0
DBP.US,5,20250915,173000,84.145,84.15,84.145,84.15,356,0
DBP.US,5,20250915,175500,84.3735,84.3735,84.3735,84.3735,196,0
DBP.US,5,20250915,181000,84.4217,84.4217,84.4217,84.4217,148,0
DBP.US,5,20250915,183500,84.39,84.39,84.35,84.35,377,0
DBP.US,5,20250915,185000,84.405,84.41,84.405,84.41,500,0
DBP.US,5,20250915,185500,84.42,84.42,84.42,84.42,100,0
DBP.US,5,20250915,192000,84.41,84.41,84.41,84.41,100,0
DBP.US,5,20250915,193500,84.4011,84.4011,84.4011,84.4011,473,0
DBP.US,5,20250915,194000,84.49,84.49,84.49,84.49,300,0
DBP.US,5,20250915,195500,84.395,84.395,84.395,84.395,500,0
DBP.US,5,20250915,210000,84.39,84.39,84.371,84.371,236,0
DBP.US,5,20250915,213500,84.3635,84.3635,84.3635,84.3635,100,0
DBP.US,5,20250916,154500,84.65,84.65,84.65,84.65,1665,0
DBP.US,5,20250916,162000,84.79,84.86,84.79,84.86,200,0
DBP.US,5,20250916,165000,84.52,84.52,84.52,84.52,100,0
DBP.US,5,20250916,170000,84.45,84.45,84.45,84.45,100,0
DBP.US,5,20250916,170500,84.38,84.38,84.38,84.38,100,0
DBP.US,5,20250916,173000,84.32,84.32,84.32,84.32,100,0
DBP.US,5,20250916,190500,84.53,84.53,84.53,84.53,100,0
DBP.US,5,20250916,195000,84.45,84.45,84.45,84.45,200,0
DBP.US,5,20250916,203000,84.3824,84.3824,84.3824,84.3824,210,0
DBP.US,5,20250916,210500,84.495,84.495,84.495,84.495,100,0
DBP.US,5,20250916,213000,84.4003,84.45,84.4003,84.45,1776,0
DBP.US,5,20250916,213500,84.46,84.46,84.46,84.46,100,0
DBP.US,5,20250916,215000,84.4006,84.4006,84.4006,84.4006,150,0
DBP.US,5,20250917,153000,84.1,84.1,84.1,84.1,263,0
DBP.US,5,20250917,162500,84.011,84.12,84.011,84.12,200,0
DBP.US,5,20250917,183000,84.0501,84.0501,84.0501,84.0501,143,0
DBP.US,5,20250917,190500,84.0884,84.0884,84.0884,84.0884,100,0
DBP.US,5,20250917,191500,84.05,84.05,84.05,84.05,300,0
DBP.US,5,20250917,192500,84,84,84,84,118,0
DBP.US,5,20250917,200000,84.24,84.25,83.85,83.85,891,0
DBP.US,5,20250917,205000,83.39,83.39,83.02,83.02,375,0
DBP.US,5,20250917,210500,83.71,83.71,83.71,83.71,120,0
DBP.US,5,20250917,211000,83.41,83.41,83.41,83.41,100,0
DBP.US,5,20250917,212000,83.3301,83.3301,83.3301,83.3301,126,0
DBP.US,5,20250917,214500,83.68,83.68,83.68,83.68,120,0
DBP.US,5,20250918,161500,83.09,83.09,83.09,83.09,200,0
DBP.US,5,20250918,165000,83.175,83.175,83.175,83.175,299,0
DBP.US,5,20250918,165500,83.175,83.175,83.175,83.175,201,0
DBP.US,5,20250918,172000,83.125,83.125,83.125,83.125,100,0
DBP.US,5,20250918,173000,83.03,83.03,83.03,83.03,200,0
DBP.US,5,20250918,173500,83.115,83.115,83.03,83.03,1000,0
DBP.US,5,20250918,174000,83.12,83.1412,83.05,83.1165,1017,0
DBP.US,5,20250918,174500,83.1,83.1,83.04,83.08,639,0
DBP.US,5,20250918,175000,83.135,83.135,83.03,83.03,225,0
DBP.US,5,20250918,180000,83.12,83.12,83.12,83.12,100,0
DBP.US,5,20250918,181000,83.08,83.08,83.08,83.08,100,0
DBP.US,5,20250918,181500,83.19,83.225,83.19,83.225,1700,0
DBP.US,5,20250918,182500,83.16,83.16,83.16,83.16,100,0
DBP.US,5,20250918,183000,83.23,83.23,83.23,83.23,100,0
DBP.US,5,20250918,183500,83.16,83.16,83.16,83.16,100,0
DBP.US,5,20250918,184500,83.16,83.16,83.16,83.16,100,0
DBP.US,5,20250918,190000,83.255,83.255,83.235,83.235,200,0
DBP.US,5,20250918,191000,83.255,83.255,83.255,83.255,100,0
DBP.US,5,20250918,192000,83.21,83.21,83.21,83.21,100,0
DBP.US,5,20250918,193500,83.255,83.255,83.255,83.255,100,0
DBP.US,5,20250918,194500,83.16,83.16,83.16,83.16,100,0
DBP.US,5,20250918,200000,83.21,83.225,83.21,83.225,228,0
DBP.US,5,20250918,200500,83.19,83.19,83.19,83.19,100,0
DBP.US,5,20250918,201000,83.16,83.16,83.16,83.16,100,0
DBP.US,5,20250918,202000,83.18,83.18,83.18,83.18,100,0
DBP.US,5,20250918,203500,83.19,83.19,83.19,83.19,100,0
DBP.US,5,20250918,204500,83.15,83.15,83.15,83.15,100,0
DBP.US,5,20250918,205500,83.2,83.2,83.2,83.2,100,0
DBP.US,5,20250918,210500,83.175,83.175,83.175,83.175,100,0
DBP.US,5,20250918,211500,83.175,83.175,83.09,83.09,200,0
DBP.US,5,20250918,212500,83.2,83.2,83.2,83.2,100,0
DBP.US,5,20250918,213000,83.2,83.2,83.2,83.2,100,0
DBP.US,5,20250918,213500,83.245,83.245,83.245,83.245,100,0
DBP.US,5,20250919,160500,83.78,83.78,83.78,83.78,100,0
DBP.US,5,20250919,165000,84,84,84,84,198,0
DBP.US,5,20250919,165500,84.1395,84.1395,84.1395,84.1395,1500,0
DBP.US,5,20250919,170500,84.1899,84.1899,84.1899,84.1899,340,0
DBP.US,5,20250919,171000,84.2,84.205,84.2,84.205,400,0
DBP.US,5,20250919,173000,84.09,84.09,84.09,84.09,600,0
DBP.US,5,20250919,185500,84.114,84.114,84.114,84.114,219,0
DBP.US,5,20250919,194500,84.1709,84.1709,84.1709,84.1709,161,0
DBP.US,5,20250919,195500,84.3242,84.3242,84.3242,84.3242,100,0
DBP.US,5,20250919,201500,84.405,84.405,84.405,84.405,120,0
DBP.US,5,20250922,160500,85.42,85.42,85.42,85.42,100,0
DBP.US,5,20250922,161000,85.4415,85.4415,85.4415,85.4415,183,0
DBP.US,5,20250922,163500,85.435,85.44,85.435,85.44,200,0
DBP.US,5,20250922,165500,85.525,85.525,85.525,85.525,100,0
DBP.US,5,20250922,175000,85.681,85.72,85.681,85.72,683,0
DBP.US,5,20250922,180500,85.85,85.85,85.78,85.78,495,0
DBP.US,5,20250922,185000,85.83,85.83,85.83,85.83,142,0
DBP.US,5,20250922,191000,85.95,85.95,85.95,85.95,100,0
DBP.US,5,20250922,192000,85.85,85.85,85.85,85.85,116,0
DBP.US,5,20250922,194500,86.07,86.07,86.07,86.07,100,0
DBP.US,5,20250922,200000,86.0309,86.0309,86.0309,86.0309,142,0
DBP.US,5,20250922,205500,86.03,86.03,86.03,86.03,100,0
DBP.US,5,20250922,213500,86.12,86.12,86.12,86.12,250,0
DBP.US,5,20250922,215000,86.15,86.15,86.15,86.15,100,0
DBP.US,5,20250923,161500,86.7,86.7,86.54,86.54,200,0
DBP.US,5,20250923,162000,86.49,86.49,86.49,86.49,127,0
DBP.US,5,20250923,163500,86.5731,86.5731,86.5731,86.5731,288,0
DBP.US,5,20250923,164500,86.6795,86.6795,86.6795,86.6795,920,0
DBP.US,5,20250923,174000,86.69,86.69,86.69,86.69,100,0
DBP.US,5,20250923,180500,86.67,86.67,86.67,86.67,296,0
DBP.US,5,20250923,181000,86.56,86.56,86.56,86.56,200,0
DBP.US,5,20250923,183500,86.54,86.54,86.54,86.54,100,0
DBP.US,5,20250923,184500,86.515,86.515,86.515,86.515,157,0
DBP.US,5,20250923,191500,86.799,86.799,86.799,86.799,100,0
DBP.US,5,20250923,192500,86.7454,86.7454,86.7454,86.7454,141,0
DBP.US,5,20250923,194000,86.76,86.76,86.76,86.76,2742,0
DBP.US,5,20250923,200500,86.6239,86.6239,86.6239,86.6239,583,0
DBP.US,5,20250923,203500,86.72,86.72,86.72,86.72,200,0
DBP.US,5,20250923,205500,86.265,86.265,86.21,86.21,200,0
DBP.US,5,20250923,211500,86.1,86.1,86.1,86.1,100,0
DBP.US,5,20250923,212000,86.1699,86.1699,86.1699,86.1699,128,0
DBP.US,5,20250924,161000,86.038,86.038,86.038,86.038,147,0
DBP.US,5,20250924,162000,86.16,86.16,86.16,86.16,200,0
DBP.US,5,20250924,162500,86.1,86.1,86.1,86.1,1110,0
DBP.US,5,20250924,163500,86.28,86.28,86.28,86.28,340,0
DBP.US,5,20250924,170500,86.06,86.06,86.06,86.06,200,0
DBP.US,5,20250924,173000,86.09,86.09,86.09,86.09,200,0
DBP.US,5,20250924,174500,85.905,85.905,85.905,85.905,871,0
DBP.US,5,20250924,180000,85.7619,85.7619,85.7619,85.7619,130,0
DBP.US,5,20250924,181500,85.7618,85.8,85.76,85.8,916,0
DBP.US,5,20250924,182000,85.8063,85.8063,85.8063,85.8063,100,0
DBP.US,5,20250924,183500,85.805,85.805,85.805,85.805,115,0
DBP.US,5,20250924,185000,85.67,85.67,85.4922,85.4922,558,0
DBP.US,5,20250924,191000,85.7,85.7,85.7,85.7,200,0
DBP.US,5,20250924,193000,85.648,85.648,85.648,85.648,100,0
DBP.US,5,20250924,200500,85.61,85.61,85.61,85.61,100,0
DBP.US,5,20250924,203000,85.46,85.46,85.46,85.46,100,0
DBP.US,5,20250924,205000,85.46,85.46,85.46,85.46,200,0
DBP.US,5,20250925,153000,85.87,85.87,85.86,85.86,300,0
DBP.US,5,20250925,153500,85.82,85.82,85.82,85.82,120,0
DBP.US,5,20250925,155500,85.655,85.655,85.655,85.655,456,0
DBP.US,5,20250925,160500,85.685,85.685,85.685,85.685,582,0
DBP.US,5,20250925,163500,85.9405,85.9405,85.78,85.909,603,0
DBP.US,5,20250925,164000,85.78,85.8349,85.78,85.78,400,0
DBP.US,5,20250925,172500,86.11,86.11,86.11,86.11,231,0
DBP.US,5,20250925,180000,86.175,86.18,86.175,86.18,200,0
DBP.US,5,20250925,182000,86.18,86.18,86.18,86.18,100,0
DBP.US,5,20250925,194000,86.07,86.27,86.07,86.27,600,0
DBP.US,5,20250925,194500,86.1398,86.1398,86.1398,86.1398,100,0
DBP.US,5,20250925,200500,86.1524,86.1524,86.1524,86.1524,110,0
DBP.US,5,20250925,201000,86.3079,86.3079,86.17,86.17,1100,0
DBP.US,5,20250925,203500,86.25,86.25,86.24,86.2401,400,0
DBP.US,5,20250925,211000,86.555,86.555,86.555,86.555,463,0
DBP.US,5,20250925,212000,86.54,86.54,86.54,86.54,248,0
DBP.US,5,20250926,154500,86.86,86.86,86.86,86.86,100,0
DBP.US,5,20250926,160500,87,87,87,87,100,0
DBP.US,5,20250926,164500,87.04,87.04,87.04,87.04,200,0
DBP.US,5,20250926,165000,87.05,87.0501,87.0415,87.0415,981,0
DBP.US,5,20250926,172000,87.175,87.175,87.175,87.175,113,0
DBP.US,5,20250926,174500,87.4,87.41,87.4,87.41,960,0
DBP.US,5,20250926,182000,87.22,87.29,87.22,87.29,1400,0
DBP.US,5,20250926,191000,87.4794,87.4794,87.4794,87.4794,145,0
DBP.US,5,20250926,200000,87.52,87.52,87.52,87.52,200,0
DBP.US,5,20250926,210000,87.4,87.4,87.4,87.4,300,0
DBP.US,5,20250926,211500,87.3593,87.3593,87.3593,87.3593,1000,0
DBP.US,5,20250926,214500,87.2435,87.2435,87.17,87.17,772,0
DBP.US,5,20250929,153000,88.52,88.52,88.52,88.52,100,0
DBP.US,5,20250929,155000,88.39,88.39,88.39,88.39,100,0
DBP.US,5,20250929,155500,88.4,88.4,88.4,88.4,100,0
DBP.US,5,20250929,162000,88.27,88.27,88.27,88.27,200,0
DBP.US,5,20250929,162500,88.385,88.385,88.3455,88.3455,318,0
DBP.US,5,20250929,165000,88.59,88.59,88.59,88.59,100,0
DBP.US,5,20250929,170500,88.535,88.535,88.535,88.535,100,0
DBP.US,5,20250929,171000,88.44,88.44,88.44,88.44,100,0
DBP.US,5,20250929,181000,88.575,88.575,88.575,88.575,300,0
DBP.US,5,20250929,185500,88.58,88.58,88.58,88.58,563,0
DBP.US,5,20250929,190500,88.6839,88.6839,88.6839,88.6839,160,0
DBP.US,5,20250929,191500,88.46,88.4601,88.411,88.4601,900,0
DBP.US,5,20250929,192500,88.42,88.42,88.42,88.42,300,0
DBP.US,5,20250929,193000,88.4,88.4,88.4,88.4,100,0
DBP.US,5,20250929,200000,88.4378,88.4378,88.4378,88.4378,200,0
DBP.US,5,20250929,200500,88.475,88.475,88.475,88.475,100,0
DBP.US,5,20250929,202500,88.33,88.33,88.33,88.33,120,0
DBP.US,5,20250929,203500,88.46,88.46,88.46,88.46,104,0
DBP.US,5,20250929,212000,88.5499,88.5499,88.5499,88.5499,226,0
DBP.US,5,20250929,213000,88.4801,88.4801,88.4801,88.4801,205,0
DBP.US,5,20250929,214000,88.53,88.57,88.46,88.53,1784,0
DBP.US,5,20250929,215000,88.595,88.595,88.595,88.595,100,0
DBP.US,5,20250930,170500,88.74,88.74,88.53,88.53,548,0
DBP.US,5,20250930,171000,88.515,88.515,88.515,88.515,100,0
DBP.US,5,20250930,172500,88.3309,88.3309,88.3309,88.3309,238,0
DBP.US,5,20250930,173000,88.3475,88.3475,88.3475,88.3475,111,0
DBP.US,5,20250930,174000,88.3953,88.3953,88.3953,88.3953,264,0
DBP.US,5,20250930,181000,88.64,88.64,88.64,88.64,100,0
DBP.US,5,20250930,181500,88.524,88.524,88.524,88.524,133,0
DBP.US,5,20250930,182000,88.5897,88.5897,88.5897,88.5897,148,0
DBP.US,5,20250930,193000,88.7499,88.75,88.719,88.719,937,0
DBP.US,5,20250930,194500,88.625,88.625,88.62,88.62,690,0
DBP.US,5,20250930,200000,88.53,88.53,88.53,88.53,100,0
DBP.US,5,20250930,203500,88.59,88.59,88.59,88.59,371,0
DBP.US,5,20250930,205000,88.73,88.78,88.73,88.78,13700,0
DBP.US,5,20250930,211500,88.7558,88.7558,88.7558,88.7558,340,0
DBP.US,5,20250930,215000,88.98,88.98,88.96,88.975,1000,0
DBP.US,5,20250930,215500,88.908,88.908,88.908,88.908,500,0
DBP.US,5,20251001,155000,89.63,89.66,89.63,89.65,2335,0
DBP.US,5,20251001,155500,89.5389,89.65,89.5389,89.65,975,0
DBP.US,5,20251001,162000,89.65,89.65,89.5294,89.5294,446,0
DBP.US,5,20251001,164500,89.59,89.59,89.59,89.59,300,0
DBP.US,5,20251001,170000,89.58,89.58,89.58,89.58,100,0
DBP.US,5,20251001,171000,89.55,89.55,89.55,89.55,100,0
DBP.US,5,20251001,172500,89.28,89.28,89.28,89.28,100,0
DBP.US,5,20251001,173500,89.21,89.21,89.18,89.18,200,0
DBP.US,5,20251001,174000,89.235,89.27,89.18,89.18,2332,0
DBP.US,5,20251001,174500,89.325,89.33,89.325,89.33,212,0
DBP.US,5,20251001,180000,89.25,89.25,89.25,89.25,300,0
DBP.US,5,20251001,182500,89.499,89.499,89.3987,89.425,680,0
DBP.US,5,20251001,185000,89.5,89.54,89.5,89.54,600,0
DBP.US,5,20251001,190500,89.4702,89.4702,89.4702,89.4702,119,0
DBP.US,5,20251001,192000,89.5194,89.5194,89.5194,89.5194,201,0
DBP.US,5,20251001,193500,89.44,89.44,89.44,89.44,100,0
DBP.US,5,20251001,194500,89.37,89.37,89.37,89.37,100,0
DBP.US,5,20251001,205000,89.315,89.315,89.315,89.315,100,0
DBP.US,5,20251001,205500,89.325,89.325,89.325,89.325,213,0
DBP.US,5,20251001,212000,89.35,89.35,89.35,89.35,100,0
DBP.US,5,20251001,213500,89.36,89.38,89.36,89.38,2644,0
DBP.US,5,20251001,214000,89.31,89.335,89.31,89.335,1000,0
DBP.US,5,20251001,214500,89.335,89.335,89.23,89.23,3300,0
DBP.US,5,20251002,154000,89.5849,89.5849,89.575,89.575,449,0
DBP.US,5,20251002,161000,89.3,89.3,89.3,89.3,100,0
DBP.US,5,20251002,162000,89.1899,89.1899,89.105,89.105,294,0
DBP.US,5,20251002,164000,88.349,88.349,88.349,88.349,113,0
DBP.US,5,20251002,173000,88.1899,88.1899,88.1899,88.1899,170,0
DBP.US,5,20251002,184500,88.232,88.232,88.232,88.232,159,0
DBP.US,5,20251002,185500,88.1901,88.191,88.1901,88.191,2693,0
DBP.US,5,20251002,191000,88.544,88.544,88.544,88.544,100,0
DBP.US,5,20251002,194000,88.385,88.385,88.385,88.385,918,0
DBP.US,5,20251002,201500,88.64,88.64,88.64,88.64,282,0
DBP.US,5,20251002,203500,88.53,88.53,88.53,88.53,564,0
DBP.US,5,20251002,212500,88.835,88.835,88.835,88.835,312,0
DBP.US,5,20251002,213000,88.9,88.9,88.9,88.9,175,0
DBP.US,5,20251002,214500,88.83,88.83,88.83,88.83,279,0
DBP.US,5,20251002,215000,88.9799,88.9799,88.9799,88.9799,125,0
DBP.US,5,20251002,215500,88.78,88.78,88.78,88.78,487,0
DBP.US,5,20251003,154500,89.9346,89.9346,89.9346,89.9346,100,0
DBP.US,5,20251003,160000,89.48,89.48,89.48,89.48,100,0
DBP.US,5,20251003,161000,89.35,89.35,89.35,89.35,100,0
DBP.US,5,20251003,170500,89.66,89.66,89.66,89.66,330,0
DBP.US,5,20251003,171000,89.575,89.575,89.575,89.575,200,0
DBP.US,5,20251003,174500,90,90,90,90,220,0
DBP.US,5,20251003,182500,89.69,89.95,89.69,89.95,200,0
DBP.US,5,20251003,183500,89.795,89.795,89.795,89.795,445,0
DBP.US,5,20251003,190000,89.7981,89.7981,89.7981,89.7981,119,0
DBP.US,5,20251003,193000,89.765,89.765,89.765,89.765,205,0
DBP.US,5,20251003,200000,89.57,89.69,89.56,89.56,2512,0
DBP.US,5,20251003,200500,89.685,89.685,89.53,89.535,2550,0
DBP.US,5,20251006,162500,91.1724,91.1724,91.1724,91.1724,109,0
DBP.US,5,20251006,171000,91.21,91.21,91.21,91.21,100,0
DBP.US,5,20251006,172000,91.11,91.11,91.11,91.11,100,0
DBP.US,5,20251006,181000,91.43,91.43,91.43,91.43,100,0
DBP.US,5,20251006,181500,91.135,91.135,91.135,91.135,200,0
DBP.US,5,20251006,185500,91.195,91.205,91.195,91.205,360,0
DBP.US,5,20251006,190500,91.32,91.32,91.32,91.32,200,0
DBP.US,5,20251006,195000,91.2425,91.2425,91.2425,91.2425,547,0
DBP.US,5,20251006,200000,91.32,91.32,91.32,91.32,500,0
DBP.US,5,20251006,200500,91.48,91.4893,91.48,91.4893,398,0
DBP.US,5,20251006,203500,91.46,91.46,91.46,91.46,100,0
DBP.US,5,20251006,215500,91.36,91.36,91.36,91.36,200,0
DBP.US,5,20251007,153500,91.545,91.545,91.545,91.545,100,0
DBP.US,5,20251007,154000,91.6,91.6,91.6,91.6,200,0
DBP.US,5,20251007,154500,91.47,91.62,91.47,91.62,300,0
DBP.US,5,20251007,161500,91.5,91.5,91.5,91.5,267,0
DBP.US,5,20251007,162000,91.5436,91.5436,91.5436,91.5436,127,0
DBP.US,5,20251007,162500,91.583,91.583,91.583,91.583,160,0
DBP.US,5,20251007,164000,91.64,91.65,91.64,91.65,365,0
DBP.US,5,20251007,171000,91.8099,91.8099,91.8099,91.8099,100,0
DBP.US,5,20251007,174500,90.99,90.99,90.99,90.99,200,0
DBP.US,5,20251007,175000,90.991,91.16,90.98,91.16,2800,0
DBP.US,5,20251007,183000,91.16,91.16,91.15,91.16,484,0
DBP.US,5,20251007,191000,91.4496,91.4496,91.4496,91.4496,389,0
DBP.US,5,20251007,193500,91.5,91.5,91.5,91.5,100,0
DBP.US,5,20251007,195500,91.47,91.47,91.47,91.47,100,0
DBP.US,5,20251008,161500,93.0526,93.0526,93.0526,93.0526,100,0
DBP.US,5,20251008,165000,92.8718,92.8718,92.8718,92.8718,148,0
DBP.US,5,20251008,165500,93.04,93.05,93.04,93.05,522,0
DBP.US,5,20251008,170500,93.196,93.196,93.196,93.196,200,0
DBP.US,5,20251008,171000,93.26,93.26,93.07,93.07,400,0
DBP.US,5,20251008,181000,93.3899,93.4995,93.3899,93.4995,407,0
DBP.US,5,20251008,181500,93.375,93.375,93.375,93.375,100,0
DBP.US,5,20251008,182000,93.375,93.375,93.375,93.375,100,0
DBP.US,5,20251008,183500,93.5199,93.5199,93.5199,93.5199,107,0
DBP.US,5,20251008,185000,93.39,93.39,93.39,93.39,150,0
DBP.US,5,20251008,190000,93.505,93.505,93.5,93.5,200,0
DBP.US,5,20251008,191500,93.43,93.43,93.43,93.43,100,0
DBP.US,5,20251008,193000,93.19,93.19,93.16,93.16,600,0
DBP.US,5,20251008,194000,93.3499,93.3499,93.3499,93.3499,322,0
DBP.US,5,20251008,195500,93.2978,93.2978,93.2978,93.2978,123,0
DBP.US,5,20251008,203000,93.29,93.29,93.29,93.29,200,0
DBP.US,5,20251008,204500,93.29,93.29,93.29,93.29,200,0
DBP.US,5,20251008,205500,93.0525,93.0525,93.0525,93.0525,240,0
DBP.US,5,20251008,210000,93.41,93.41,93.41,93.41,267,0
DBP.US,5,20251008,210500,93.16,93.16,93.16,93.16,100,0
DBP.US,5,20251008,211000,92.9748,92.9748,92.9748,92.9748,200,0
DBP.US,5,20251009,153500,93.09,93.09,93.09,93.09,100,0
DBP.US,5,20251009,154500,92.62,92.62,92.5925,92.5925,215,0
DBP.US,5,20251009,155500,92.38,92.38,92.38,92.38,100,0
DBP.US,5,20251009,160000,92.3,92.31,92.3,92.31,200,0
DBP.US,5,20251009,161500,92.5,92.52,92.5,92.52,200,0
DBP.US,5,20251009,163500,92.14,92.14,92.14,92.14,100,0
DBP.US,5,20251009,165500,92.57,92.57,92.57,92.57,215,0
DBP.US,5,20251009,170500,92.41,92.41,92.41,92.41,100,0
DBP.US,5,20251009,172500,92.45,92.45,92.45,92.45,125,0
DBP.US,5,20251009,173000,92.04,92.04,92.04,92.04,100,0
DBP.US,5,20251009,174000,91.9,91.9,91.9,91.9,104,0
DBP.US,5,20251009,174500,91.93,91.93,91.93,91.93,100,0
DBP.US,5,20251009,180000,92.12,92.12,92.12,92.12,100,0
DBP.US,5,20251009,181500,92.1,92.1,92.1,92.1,100,0
DBP.US,5,20251009,182500,92.199,92.199,92.105,92.105,240,0
DBP.US,5,20251009,183000,92.097,92.097,92.097,92.097,220,0
DBP.US,5,20251009,184500,91.15,91.15,91.15,91.15,100,0
DBP.US,5,20251009,185000,91.1601,91.1601,91.0325,91.0325,300,0
DBP.US,5,20251009,185500,90.8,90.8,90.8,90.8,198,0
DBP.US,5,20251009,190000,90.94,90.94,90.94,90.94,100,0
DBP.US,5,20251009,190500,91.0299,91.0299,91.0299,91.0299,817,0
DBP.US,5,20251009,193500,90.9,90.9,90.9,90.9,100,0
DBP.US,5,20251009,194000,90.814,90.814,90.7,90.7,225,0
DBP.US,5,20251009,195000,90.73,90.74,90.6537,90.74,1760,0
DBP.US,5,20251009,200500,90.8,90.8,90.8,90.8,100,0
DBP.US,5,20251009,201000,90.851,90.851,90.851,90.851,223,0
DBP.US,5,20251009,201500,91.05,91.059,90.9951,90.9951,600,0
DBP.US,5,20251009,202000,91.06,91.06,91.06,91.06,250,0
DBP.US,5,20251009,202500,90.91,90.91,90.91,90.91,100,0
DBP.US,5,20251009,203500,90.75,90.75,90.75,90.75,100,0
DBP.US,5,20251009,205000,90.9499,90.9499,90.9499,90.9499,155,0
DBP.US,5,20251009,205500,90.7,90.7716,90.7,90.7716,200,0
DBP.US,5,20251009,211000,90.99,90.99,90.99,90.99,100,0
DBP.US,5,20251009,211500,91.1205,91.1205,91.1205,91.1205,310,0
DBP.US,5,20251009,213000,91.23,91.23,91.23,91.23,100,0
DBP.US,5,20251009,213500,91.32,91.32,91.32,91.32,638,0
DBP.US,5,20251009,214000,91.32,91.32,91.19,91.19,200,0
DBP.US,5,20251009,215000,91.13,91.13,91.13,91.13,100,0
DBP.US,5,20251009,215500,91.17,91.17,91.17,91.17,100,0
DBP.US,5,20251010,183500,91.72,91.72,91.72,91.72,171,0
DBP.US,5,20251010,185500,91.15,91.15,91.15,91.15,220,0
DBP.US,5,20251010,190000,91.0094,91.0094,91.0094,91.0094,150,0
DBP.US,5,20251010,192500,91.4189,91.4189,91.4189,91.4189,100,0
DBP.US,5,20251010,200000,91.5299,91.5299,91.5299,91.5299,100,0
DBP.US,5,20251013,154000,94.4015,94.4015,94.4015,94.4015,150,0
DBP.US,5,20251013,161500,94.45,94.45,94.406,94.45,700,0
DBP.US,5,20251013,162000,94.4,94.54,94.4,94.54,1212,0
DBP.US,5,20251013,163500,94.8013,94.8013,94.6975,94.6975,291,0
DBP.US,5,20251013,164500,94.61,94.61,94.6014,94.6014,328,0
DBP.US,5,20251013,171500,94.78,94.82,94.665,94.82,7447,0
DBP.US,5,20251013,172500,94.6,94.7183,94.57,94.57,646,0
DBP.US,5,20251013,175000,94.65,94.65,94.65,94.65,797,0
DBP.US,5,20251013,181500,95.15,95.15,94.88,94.89,471,0
DBP.US,5,20251013,183000,94.9882,94.9882,94.975,94.975,700,0
DBP.US,5,20251013,183500,94.88,94.88,94.88,94.88,100,0
DBP.US,5,20251013,191000,94.81,94.81,94.81,94.81,100,0
DBP.US,5,20251013,191500,94.619,94.619,94.619,94.619,110,0
DBP.US,5,20251013,192000,94.9309,94.9309,94.9309,94.9309,105,0
DBP.US,5,20251013,200500,94.77,94.77,94.77,94.77,192,0
DBP.US,5,20251013,203000,94.965,94.965,94.965,94.965,280,0
DBP.US,5,20251013,204000,95.0199,95.0199,95.0199,95.0199,124,0
DBP.US,5,20251013,210000,94.92,94.92,94.92,94.92,172,0
DBP.US,5,20251013,210500,94.61,94.61,94.5564,94.575,544,0
DBP.US,5,20251013,211500,94.725,94.725,94.725,94.725,110,0
DBP.US,5,20251013,213000,94.8603,95,94.8603,94.865,655,0
DBP.US,5,20251013,214500,95.01,95.01,95.01,95.01,300,0
DBP.US,5,20251014,155500,94.89,94.89,94.89,94.89,147,0
DBP.US,5,20251014,164000,95.1599,95.1599,95.1295,95.1295,400,0
DBP.US,5,20251014,164500,95.0227,95.3299,95.0227,95.3299,562,0
DBP.US,5,20251014,165000,95.09,95.09,95.09,95.09,200,0
DBP.US,5,20251014,171500,95.54,95.54,95.54,95.54,531,0
DBP.US,5,20251014,173000,95.45,95.45,95.45,95.45,100,0
DBP.US,5,20251014,174500,95.3919,95.3919,95.3919,95.3919,100,0
DBP.US,5,20251014,175000,95.39,95.39,95.39,95.39,200,0
DBP.US,5,20251014,182000,95.355,95.355,95.22,95.22,200,0
DBP.US,5,20251014,184000,95.475,95.475,95.475,95.475,500,0
DBP.US,5,20251014,185000,95.74,95.74,95.74,95.74,100,0
DBP.US,5,20251014,191500,95.48,95.48,95.48,95.48,100,0
DBP.US,5,20251014,193500,95.6478,95.6478,95.6478,95.6478,424,0
DBP.US,5,20251014,195000,95.48,95.5403,95.48,95.5403,207,0
DBP.US,5,20251014,200000,95.57,95.57,95.57,95.57,100,0
DBP.US,5,20251014,200500,95.6988,95.6988,95.6988,95.6988,231,0
DBP.US,5,20251014,202000,95.56,95.56,95.56,95.56,200,0
DBP.US,5,20251014,203500,95.43,95.43,95.43,95.43,100,0
DBP.US,5,20251014,204000,95.6,95.73,95.6,95.73,272,0
DBP.US,5,20251014,205500,95.6,95.6,95.6,95.6,110,0
DBP.US,5,20251014,211500,95.55,95.55,95.55,95.55,100,0
DBP.US,5,20251014,212000,95.55,95.55,95.55,95.55,100,0
DBP.US,5,20251014,213000,95.54,95.54,95.54,95.54,100,0
DBP.US,5,20251014,213500,95.27,95.27,95.27,95.27,100,0
DBP.US,5,20251014,215500,95.31,95.31,95.31,95.31,213,0
DBP.US,5,20251015,154000,96.7181,96.7181,96.7181,96.7181,150,0
DBP.US,5,20251015,155000,96.76,96.76,96.62,96.62,600,0
DBP.US,5,20251015,161500,97,97,96.99,96.99,217,0
DBP.US,5,20251015,165500,96.77,96.77,96.77,96.77,136,0
DBP.US,5,20251015,172000,97.16,97.16,97.16,97.16,150,0
DBP.US,5,20251015,173000,96.93,96.93,96.93,96.93,100,0
DBP.US,5,20251015,180000,96.83,96.83,96.83,96.83,400,0
DBP.US,5,20251015,183500,96.98,96.98,96.78,96.78,500,0
DBP.US,5,20251015,191000,96.78,96.78,96.78,96.78,100,0
DBP.US,5,20251015,195500,97.0146,97.0146,97.0146,97.0146,100,0
DBP.US,5,20251015,200000,97.2,97.2,97.0666,97.0666,4170,0
DBP.US,5,20251015,201500,97.19,97.19,97.19,97.19,200,0
DBP.US,5,20251015,214000,97.3938,97.3938,97.3938,97.3938,100,0
DBP.US,5,20251015,215500,97.35,97.35,97.35,97.35,300,0
DBP.US,5,20251016,154500,98.37,98.37,98.37,98.37,2000,0
DBP.US,5,20251016,161500,98.5792,98.5792,98.5792,98.5792,100,0
DBP.US,5,20251016,162000,98.58,98.58,98.58,98.58,350,0
DBP.US,5,20251016,162500,98.48,98.48,98.48,98.48,300,0
DBP.US,5,20251016,170000,98.6408,98.6408,98.6408,98.6408,400,0
DBP.US,5,20251016,171000,98.75,98.97,98.75,98.97,971,0
DBP.US,5,20251016,173000,98.84,98.84,98.84,98.84,100,0
DBP.US,5,20251016,174000,98.87,98.87,98.79,98.79,300,0
DBP.US,5,20251016,175000,98.75,98.99,98.75,98.99,362,0
DBP.US,5,20251016,175500,98.84,98.84,98.84,98.84,100,0
DBP.US,5,20251016,180000,98.969,98.969,98.73,98.76,1210,0
DBP.US,5,20251016,180500,98.86,98.95,98.84,98.88,3929,0
DBP.US,5,20251016,181000,98.95,98.97,98.86,98.92,1300,0
DBP.US,5,20251016,181500,99.05,99.05,99.05,99.05,100,0
DBP.US,5,20251016,183500,98.8,98.8,98.8,98.8,200,0
DBP.US,5,20251016,184000,98.36,98.5,98.36,98.49,915,0
DBP.US,5,20251016,184500,98.84,98.84,98.83,98.835,500,0
DBP.US,5,20251016,190500,99.085,99.085,99.085,99.085,320,0
DBP.US,5,20251016,191000,99.11,99.11,99.11,99.11,105,0
DBP.US,5,20251016,192000,99.2785,99.2785,99.2785,99.2785,149,0
DBP.US,5,20251016,194000,99.27,99.27,99.27,99.27,200,0
DBP.US,5,20251016,195500,99.285,99.285,99.285,99.285,150,0
DBP.US,5,20251016,200000,99.26,99.42,99.26,99.42,218,0
DBP.US,5,20251016,201000,99.16,99.16,99.16,99.16,200,0
DBP.US,5,20251016,203000,98.94,98.94,98.94,98.94,100,0
DBP.US,5,20251016,211500,99.02,99.02,99.02,99.02,100,0
DBP.US,5,20251016,212500,99.0739,99.0739,99.0739,99.0739,690,0
DBP.US,5,20251016,214500,99.31,99.31,99.31,99.31,1331,0
DBP.US,5,20251016,215500,99.54,99.54,99.54,99.54,613,0
DBP.US,5,20251017,153500,98.06,98.13,97.17,98.0254,8223,0
DBP.US,5,20251017,155000,98.59,98.59,98.455,98.455,400,0
DBP.US,5,20251017,155500,98.315,98.315,98.315,98.315,200,0
DBP.US,5,20251017,160500,97.155,97.5299,97,97.5299,352,0
DBP.US,5,20251017,161000,97.2201,97.415,97.2,97.2,330,0
DBP.US,5,20251017,161500,96.9615,96.9615,96.9178,96.9178,992,0
DBP.US,5,20251017,170000,97.7275,97.7275,97.7275,97.7275,100,0
DBP.US,5,20251017,173000,97.59,97.59,97.59,97.59,100,0
DBP.US,5,20251017,174000,97.65,97.65,97.64,97.64,1010,0
DBP.US,5,20251017,190000,96.2569,96.2569,96.08,96.08,235,0
DBP.US,5,20251017,192000,96.3599,96.3599,96.3599,96.3599,115,0
DBP.US,5,20251017,194000,96.77,96.77,96.77,96.77,300,0
DBP.US,5,20251017,194500,96.8747,96.8747,96.8747,96.8747,100,0
DBP.US,5,20251017,211000,97.0132,97.0132,97.0132,97.0132,1554,0
DBP.US,5,20251017,212500,96.68,96.68,96.53,96.53,2559,0
DBP.US,5,20251017,214000,96.94,97.06,96.94,97.06,409,0
DBP.US,5,20251020,160500,98.34,98.34,98.34,98.34,100,0
DBP.US,5,20251020,161000,98.765,98.765,98.765,98.765,206,0
DBP.US,5,20251020,161500,99.14,99.14,99.14,99.14,100,0
DBP.US,5,20251020,163000,99.08,99.0801,99.08,99.0801,400,0
DBP.US,5,20251020,163500,99.06,99.06,99.06,99.06,149,0
DBP.US,5,20251020,164000,98.9713,98.9713,98.9713,98.9713,100,0
DBP.US,5,20251020,170500,99.24,99.24,99.24,99.24,100,0
DBP.US,5,20251020,172000,99.53,99.55,99.52,99.535,1300,0
DBP.US,5,20251020,172500,99.565,99.565,99.51,99.51,200,0
DBP.US,5,20251020,173000,99.41,99.52,99.4,99.42,2851,0
DBP.US,5,20251020,173500,99.525,99.525,99.525,99.525,100,0
DBP.US,5,20251020,175000,99.555,99.555,99.555,99.555,116,0
DBP.US,5,20251020,185500,99.55,99.55,99.55,99.55,109,0
DBP.US,5,20251020,192500,99.505,99.505,99.4888,99.4888,226,0
DBP.US,5,20251020,193000,99.47,99.47,99.47,99.47,174,0
DBP.US,5,20251020,194500,99.67,99.67,99.67,99.67,100,0
DBP.US,5,20251020,200000,99.44,99.44,99.44,99.44,200,0
DBP.US,5,20251020,201000,99.705,99.705,99.705,99.705,100,0
DBP.US,5,20251020,201500,99.506,99.5551,99.506,99.555,725,0
DBP.US,5,20251020,202500,99.635,99.635,99.635,99.635,250,0
DBP.US,5,20251020,203500,99.8726,99.8726,99.7501,99.7501,232,0
DBP.US,5,20251020,204000,99.8087,99.8815,99.8087,99.8815,560,0
DBP.US,5,20251020,205000,99.7896,99.7896,99.7896,99.7896,290,0
DBP.US,5,20251020,210000,99.9378,99.9378,99.9378,99.9378,160,0
DBP.US,5,20251020,212000,99.93025,99.93025,99.93025,99.93025,247,0
DBP.US,5,20251020,213000,100,100,100,100,850,0
DBP.US,5,20251020,213500,100.0299,100.0299,100.0299,100.0299,233,0
DBP.US,5,20251020,215500,100.25,100.25,100.25,100.25,100,0
DBP.US,5,20251021,153000,95.76,95.76,95.76,95.76,300,0
DBP.US,5,20251021,153500,95.6826,96.33,95.6826,96.33,355,0
DBP.US,5,20251021,154500,95.0542,95.14,95.0533,95.07,988,0
DBP.US,5,20251021,155500,94.9129,94.92,94.9129,94.92,249,0
DBP.US,5,20251021,160500,95.55,95.55,95.55,95.55,100,0
DBP.US,5,20251021,162000,94.69,94.69,94.56,94.56,400,0
DBP.US,5,20251021,162500,94.6599,94.6599,94.6599,94.6599,105,0
DBP.US,5,20251021,163500,93.8232,93.8232,93.8232,93.8232,217,0
DBP.US,5,20251021,164000,93.875,94.06,93.875,94.06,450,0
DBP.US,5,20251021,164500,93.045,93.15,93.04,93.04,4962,0
DBP.US,5,20251021,165000,93.8505,93.855,93.8505,93.855,446,0
DBP.US,5,20251021,171500,94.37,94.4,94.37,94.4,200,0
DBP.US,5,20251021,172500,94.41,94.41,94.405,94.405,300,0
DBP.US,5,20251021,173500,94.19,94.19,94.19,94.19,125,0
DBP.US,5,20251021,180500,94.21,94.21,94.21,94.21,100,0
DBP.US,5,20251021,181000,94.225,94.335,94.225,94.335,400,0
DBP.US,5,20251021,184500,93.689,93.74,93.689,93.74,635,0
DBP.US,5,20251021,185000,94.07,94.07,94.07,94.07,125,0
DBP.US,5,20251021,185500,93.795,93.795,93.795,93.795,100,0
DBP.US,5,20251021,191500,93.895,93.895,93.895,93.895,200,0
DBP.US,5,20251021,192500,93.3301,93.47,93.3301,93.47,529,0
DBP.US,5,20251021,193000,93.9,93.9,93.9,93.9,189,0
DBP.US,5,20251021,195500,93.925,93.925,93.925,93.925,125,0
DBP.US,5,20251021,202000,93.935,94.0089,93.9349,94.0089,900,0
DBP.US,5,20251021,204500,94.0076,94.0076,94.0076,94.0076,425,0
DBP.US,5,20251021,205500,93.99,93.99,93.99,93.99,100,0
DBP.US,5,20251021,213500,93.65,93.65,93.65,93.65,2473,0
DBP.US,5,20251021,214000,93.675,93.675,93.675,93.675,212,0
DBP.US,5,20251021,214500,93.9371,93.9371,93.9371,93.9371,200,0
DBP.US,5,20251021,215500,93.77,93.77,93.72,93.72,11805,0
DBP.US,5,20251022,153000,92.64,92.8381,92.64,92.8381,1415,0
DBP.US,5,20251022,161000,93.045,93.045,93.045,93.045,100,0
DBP.US,5,20251022,161500,93.073,93.14,93.073,93.14,405,0
DBP.US,5,20251022,163000,92.575,92.59,92.44,92.59,1390,0
DBP.US,5,20251022,163500,92.7572,92.7572,92.7572,92.7572,351,0
DBP.US,5,20251022,164000,92.4678,92.4678,92.4678,92.4678,100,0
DBP.US,5,20251022,164500,92.34,92.34,92.34,92.34,100,0
DBP.US,5,20251022,165000,92.2736,92.2736,92.2736,92.2736,108,0
DBP.US,5,20251022,170000,92.17,92.23,92.17,92.23,300,0
DBP.US,5,20251022,171500,92.5,92.5,92.5,92.5,100,0
DBP.US,5,20251022,172500,92.52,92.52,92.52,92.52,100,0
DBP.US,5,20251022,173000,92.33,92.445,92.2,92.2,2317,0
DBP.US,5,20251022,184500,93.0499,93.0499,93.0499,93.0499,110,0
DBP.US,5,20251022,191000,92.84,92.84,92.84,92.84,200,0
DBP.US,5,20251022,200000,93.174,93.174,93.174,93.174,175,0
DBP.US,5,20251022,200500,93.17,93.17,93.17,93.17,100,0
DBP.US,5,20251022,201000,93.23,93.23,93.23,93.23,100,0
DBP.US,5,20251022,201500,93.2834,93.2834,93.2834,93.2834,108,0
DBP.US,5,20251022,202000,93.2251,93.295,93.2251,93.295,214,0
DBP.US,5,20251022,203000,93.25,93.28,93.25,93.28,200,0
DBP.US,5,20251022,210000,93.49,93.49,93.49,93.49,100,0
DBP.US,5,20251022,211500,93.5409,93.5409,93.5409,93.5409,112,0
DBP.US,5,20251022,213500,93.91,94.03,93.91,94.03,7723,0
DBP.US,5,20251022,214000,94.005,94.005,94.005,94.005,100,0
DBP.US,5,20251022,214500,94.12,94.12,94.05,94.05,200,0
DBP.US,5,20251022,215500,94,94,94,94,100,0
DBP.US,5,20251023,153000,94.9161,94.9161,94.9161,94.9161,122,0
DBP.US,5,20251023,153500,94.795,94.795,94.795,94.795,1100,0
DBP.US,5,20251023,154000,94.92,94.92,94.92,94.92,700,0
DBP.US,5,20251023,161000,95.105,95.105,95.105,95.105,3100,0
DBP.US,5,20251023,165000,95.075,95.075,95.075,95.075,100,0
DBP.US,5,20251023,171500,94.965,95.13,94.965,95.13,400,0
DBP.US,5,20251023,172000,94.935,94.935,94.7959,94.7959,310,0
DBP.US,5,20251023,175000,94.92,94.92,94.92,94.92,100,0
DBP.US,5,20251023,175500,94.91,94.91,94.91,94.91,100,0
DBP.US,5,20251023,181500,95.07,95.07,95.07,95.07,100,0
DBP.US,5,20251023,182000,94.77,94.77,94.77,94.77,100,0
DBP.US,5,20251023,184000,94.86,94.86,94.86,94.86,100,0
DBP.US,5,20251023,190000,94.89,94.905,94.89,94.905,200,0
DBP.US,5,20251023,190500,94.765,94.765,94.765,94.765,100,0
DBP.US,5,20251023,195000,94.84,94.84,94.755,94.755,200,0
DBP.US,5,20251023,200500,94.92,94.92,94.775,94.775,200,0
DBP.US,5,20251023,211000,94.73,94.73,94.73,94.73,138,0
DBP.US,5,20251023,215000,94.37,94.37,94.3464,94.3464,221,0
DBP.US,5,20251023,215500,94.12,94.4799,94.12,94.4799,655,0
DBP.US,5,20251024,161500,94.45,94.45,94.45,94.45,120,0
DBP.US,5,20251024,163000,94.455,94.5299,94.455,94.5299,410,0
DBP.US,5,20251024,173000,94.515,94.515,94.515,94.515,100,0
DBP.US,5,20251024,174500,94.4776,94.49,94.4776,94.49,305,0
DBP.US,5,20251024,175500,94.44,94.445,94.43,94.445,2136,0
DBP.US,5,20251024,180000,94.545,94.55,94.545,94.55,900,0
DBP.US,5,20251024,180500,94.53,94.8299,94.53,94.8299,720,0
DBP.US,5,20251024,181000,94.585,94.585,94.585,94.585,600,0
DBP.US,5,20251024,182000,94.61,94.61,94.61,94.61,200,0
DBP.US,5,20251024,184000,94.41,94.415,94.41,94.415,200,0
DBP.US,5,20251024,185000,94.605,94.605,94.605,94.605,236,0
DBP.US,5,20251024,195500,94.2499,94.2499,94.2499,94.2499,100,0
DBP.US,5,20251024,201000,93.85,93.955,93.77,93.895,7500,0
DBP.US,5,20251024,201500,93.77,93.895,93.74,93.79,6100,0
DBP.US,5,20251024,203500,94.23,94.25,94.23,94.25,237,0
DBP.US,5,20251024,204000,93.95,93.95,93.95,93.95,100,0
DBP.US,5,20251024,210000,94.1081,94.1081,94.1081,94.1081,142,0
DBP.US,5,20251024,210500,94.3399,94.3399,94.3399,94.3399,200,0
DBP.US,5,20251024,211000,94.2124,94.2124,94.195,94.195,555,0
DBP.US,5,20251024,215500,93.98,93.98,93.98,93.98,596,0
DBP.US,5,20251027,143000,92.0685,92.0685,92.0685,92.0685,158,0
DBP.US,5,20251027,145000,91.78,91.865,91.78,91.865,400,0
DBP.US,5,20251027,145500,91.96,91.96,91.96,91.96,100,0
DBP.US,5,20251027,151500,91.1299,91.1299,91.1299,91.1299,210,0
DBP.US,5,20251027,152500,90.9024,91.199,90.9024,91.1538,2164,0
DBP.US,5,20251027,153000,91.29,91.29,91.29,91.29,120,0
DBP.US,5,20251027,153500,90.8816,90.8816,90.8816,90.8816,150,0
DBP.US,5,20251027,160000,90.76,90.76,90.76,90.76,100,0
DBP.US,5,20251027,161000,90.81,90.81,90.72,90.72,270,0
DBP.US,5,20251027,170500,91.05,91.17,91.05,91.17,300,0
DBP.US,5,20251027,171500,91.265,91.265,91.265,91.265,113,0
DBP.US,5,20251027,173000,91.08,91.08,91.08,91.08,100,0
DBP.US,5,20251027,174000,91.245,91.35,91.15,91.35,343,0
DBP.US,5,20251027,175500,91.34,91.34,91.34,91.34,161,0
DBP.US,5,20251027,182500,91.62,91.62,91.62,91.62,182,0
DBP.US,5,20251027,183000,91.46,91.46,91.41,91.41,200,0
DBP.US,5,20251027,194000,91.515,91.515,91.515,91.515,168,0
DBP.US,5,20251027,201500,91.54,91.54,91.385,91.385,264,0
DBP.US,5,20251028,144500,90.19,90.19,90.19,90.19,2306,0
DBP.US,5,20251028,151000,90.385,90.479,90.385,90.479,700,0
DBP.US,5,20251028,151500,90.4052,90.4052,90.4052,90.4052,100,0
DBP.US,5,20251028,154000,90.3597,90.3597,90.3597,90.3597,316,0
DBP.US,5,20251028,154500,90.66,90.66,90.66,90.66,100,0
DBP.US,5,20251028,155000,90.75,90.75,90.6318,90.6408,615,0
DBP.US,5,20251028,161000,90.74,90.74,90.74,90.74,100,0
DBP.US,5,20251028,163000,91,91,91,91,100,0
DBP.US,5,20251028,165000,91,91,91,91,124,0
DBP.US,5,20251028,174000,90.755,90.755,90.755,90.755,105,0
DBP.US,5,20251028,175000,90.6892,90.6892,90.6892,90.6892,759,0
DBP.US,5,20251028,180500,90.86,90.97,90.86,90.97,220,0
DBP.US,5,20251028,182000,91.15,91.15,91.15,91.15,201,0
DBP.US,5,20251028,184000,91.13,91.13,91.03,91.03,278,0
DBP.US,5,20251028,190000,91.03,91.03,90.885,90.885,211,0
DBP.US,5,20251028,192000,90.785,90.785,90.785,90.785,100,0
DBP.US,5,20251028,194000,90.64,90.645,90.64,90.645,208,0
DBP.US,5,20251028,201500,90.9,90.9,90.9,90.9,100,0
DBP.US,5,20251028,204500,90.7576,90.7576,90.7576,90.7576,196,0
DBP.US,5,20251028,205000,90.922,90.922,90.922,90.922,100,0
DBP.US,5,20251028,205500,90.865,90.865,90.865,90.865,500,0
DBP.US,5,20251029,151500,92.3174,92.3174,92.3174,92.3174,100,0
DBP.US,5,20251029,152000,92.45,92.45,92.45,92.45,129,0
DBP.US,5,20251029,152500,92.2744,92.2744,92.2744,92.2744,100,0
DBP.US,5,20251029,153500,92.31,92.31,92.31,92.31,100,0
DBP.US,5,20251029,154500,92.1519,92.166,92.1519,92.166,435,0
DBP.US,5,20251029,155000,92.3099,92.3099,92.3099,92.3099,117,0
DBP.US,5,20251029,155500,92.07,92.0701,92.07,92.0701,200,0
DBP.US,5,20251029,160500,92.12,92.12,92.12,92.12,200,0
DBP.US,5,20251029,161500,91.94,91.94,91.93,91.93,200,0
DBP.US,5,20251029,162500,92.02,92.02,92.02,92.02,200,0
DBP.US,5,20251029,163000,92.025,92.025,91.93,91.93,4591,0
DBP.US,5,20251029,164500,92.0462,92.0462,92.0462,92.0462,325,0
DBP.US,5,20251029,171500,91.92,92,91.92,92,265,0
DBP.US,5,20251029,174500,91.9687,91.9687,91.9687,91.9687,137,0
DBP.US,5,20251029,181500,91.805,91.805,91.805,91.805,100,0
DBP.US,5,20251029,182000,91.745,91.745,91.74,91.74,550,0
DBP.US,5,20251029,182500,91.6323,91.6323,91.483,91.483,1385,0
DBP.US,5,20251029,183500,91.7297,91.73,91.7297,91.73,1020,0
DBP.US,5,20251029,184000,91.61,91.61,91.59,91.59,1392,0
DBP.US,5,20251029,184500,91.6973,91.6973,91.6973,91.6973,536,0
DBP.US,5,20251029,185500,91.7685,91.7685,91.7685,91.7685,112,0
DBP.US,5,20251029,190000,91.88,91.88,91.88,91.88,100,0
DBP.US,5,20251029,191000,91.51,91.51,91.44,91.44,6064,0
DBP.US,5,20251029,203000,90.72,90.72,90.72,90.72,100,0
DBP.US,5,20251029,204000,90.4975,90.4975,90.4016,90.4016,271,0
DBP.US,5,20251029,204500,90.43,90.52,90.43,90.52,1835,0
DBP.US,5,20251030,145000,91.7,91.7,91.67,91.67,337,0
DBP.US,5,20251030,151000,92.22,92.22,92.22,92.22,100,0
DBP.US,5,20251030,151500,92.18,92.33,92.17,92.33,700,0
DBP.US,5,20251030,152000,92.26,92.26,92.19,92.19,304,0
DBP.US,5,20251030,154000,91.885,91.885,91.885,91.885,105,0
DBP.US,5,20251030,154500,92.0078,92.0078,92.0078,92.0078,146,0
DBP.US,5,20251030,160500,91.93,91.93,91.93,91.93,100,0
DBP.US,5,20251030,163500,92.07,92.14,91.99,92.14,3975,0
DBP.US,5,20251030,164000,92.01,92.12,91.99,92.04,1000,0
DBP.US,5,20251030,180500,92.12,92.12,92.1198,92.1198,270,0
DBP.US,5,20251030,184500,92.43,92.43,92.43,92.43,100,0
DBP.US,5,20251030,192000,92.1001,92.1001,92.1001,92.1001,271,0
DBP.US,5,20251030,194000,92.32,92.3201,92.225,92.28,2400,0
DBP.US,5,20251030,194500,92.255,92.33,92.255,92.33,200,0
DBP.US,5,20251030,195000,92.3208,92.3208,92.3208,92.3208,330,0
DBP.US,5,20251030,200000,92.45,92.45,92.45,92.45,100,0
DBP.US,5,20251030,200500,92.6095,92.62,92.6095,92.62,3173,0
DBP.US,5,20251030,201500,92.5928,92.5928,92.5928,92.5928,539,0
DBP.US,5,20251030,205500,92.4601,92.4601,92.4601,92.4601,239,0
DBP.US,5,20251031,143500,92.36,92.36,92.36,92.36,300,0
DBP.US,5,20251031,162500,92.36,92.36,92.27,92.275,5000,0
DBP.US,5,20251031,163000,92.455,92.455,92.455,92.455,100,0
DBP.US,5,20251031,175000,91.625,91.625,91.5101,91.5101,4347,0
DBP.US,5,20251031,181000,91.6199,91.6199,91.6199,91.6199,425,0
DBP.US,5,20251031,194500,92.059,92.0594,92.059,92.0594,900,0
DBP.US,5,20251031,201500,91.94,91.94,91.94,91.94,542,0
DBP.US,5,20251103,153000,91.94,91.94,91.94,91.94,549,0
DBP.US,5,20251103,161000,92.55,92.67,92.55,92.62,1423,0
DBP.US,5,20251103,161500,92.59,92.59,92.59,92.59,100,0
DBP.US,5,20251103,162000,92.55,92.57,92.54,92.57,9702,0
DBP.US,5,20251103,163000,92.0996,92.0996,92.0996,92.0996,270,0
DBP.US,5,20251103,164000,92.31,92.31,92.31,92.31,12025,0
DBP.US,5,20251103,172000,91.99,91.99,91.76,91.78,3410,0
DBP.US,5,20251103,172500,91.7,91.885,91.69,91.75,2948,0
DBP.US,5,20251103,173000,91.7,91.7,91.69,91.7,300,0
DBP.US,5,20251103,174500,92.035,92.19,92.035,92.19,1049,0
DBP.US,5,20251103,185000,92.2,92.2,92.2,92.2,195,0
DBP.US,5,20251103,192000,92.0415,92.0415,92.0415,92.0415,544,0
DBP.US,5,20251103,201000,91.935,91.935,91.935,91.935,203,0
DBP.US,5,20251103,202500,91.96,91.96,91.96,91.96,163,0
DBP.US,5,20251103,204000,91.865,91.865,91.865,91.865,500,0
DBP.US,5,20251103,205500,91.85,92.011,91.85,92.011,2599,0
DBP.US,5,20251103,211000,92.075,92.075,92.075,92.075,100,0
DBP.US,5,20251103,215000,92.139,92.139,92.139,92.139,497,0
DBP.US,5,20251103,215500,92.139,92.139,92.139,92.139,171,0
DBP.US,5,20251104,154000,90.181,90.181,90.181,90.181,125,0
DBP.US,5,20251104,155500,90.35,90.67,90.215,90.4575,2300,0
DBP.US,5,20251104,160000,90.55,90.6643,90.325,90.5111,856,0
DBP.US,5,20251104,161500,90.61,90.61,90.61,90.61,313,0
DBP.US,5,20251104,163500,90.64,90.64,90.64,90.64,100,0
DBP.US,5,20251104,164500,90.71,90.71,90.71,90.71,200,0
DBP.US,5,20251104,171500,90.96,90.96,90.96,90.96,100,0
DBP.US,5,20251104,174000,91.125,91.125,91.125,91.125,550,0
DBP.US,5,20251104,174500,91.09,91.09,91.09,91.09,100,0
DBP.US,5,20251104,184500,90.75,90.75,90.75,90.75,100,0
DBP.US,5,20251104,192000,90.82,90.82,90.6,90.6,4669,0
DBP.US,5,20251104,192500,90.47,90.47,90.47,90.47,100,0
DBP.US,5,20251104,193500,90.42,90.46,90.3731,90.3731,704,0
DBP.US,5,20251104,194500,90.42,90.42,90.42,90.42,100,0
DBP.US,5,20251104,203500,90.39,90.39,90.39,90.39,100,0
DBP.US,5,20251104,210500,90.365,90.365,90.365,90.365,100,0
DBP.US,5,20251104,212500,90.4695,90.4695,90.4695,90.4695,822,0
DBP.US,5,20251104,215500,90.35,90.35,90.35,90.35,697,0
DBP.US,5,20251105,161500,91.2,91.2,91.2,91.2,110,0
DBP.US,5,20251105,162000,91.1801,91.1801,91.1801,91.1801,205,0
DBP.US,5,20251105,163000,91.51,91.51,91.51,91.51,238,0
DBP.US,5,20251105,163500,91.43,91.58,91.43,91.58,1500,0
DBP.US,5,20251105,174500,91.68,91.75,91.59,91.59,965,0
DBP.US,5,20251105,183000,91.64,91.64,91.64,91.64,100,0
DBP.US,5,20251105,191500,91.57,91.57,91.57,91.57,100,0
DBP.US,5,20251105,192500,91.75,91.75,91.75,91.75,226,0
DBP.US,5,20251105,195000,91.55,91.55,91.55,91.55,400,0
DBP.US,5,20251105,213000,91.68,91.68,91.68,91.68,163,0
DBP.US,5,20251106,160000,91.5878,91.5878,91.5,91.51,512,0
DBP.US,5,20251106,161500,91.62,91.62,91.62,91.62,133,0
DBP.US,5,20251106,163500,91.4751,91.4751,91.4751,91.4751,267,0
DBP.US,5,20251106,164500,91.25,91.25,91.25,91.25,273,0
DBP.US,5,20251106,170500,91.2801,91.2801,91.2801,91.2801,250,0
DBP.US,5,20251106,171500,91.34,91.34,91.34,91.34,100,0
DBP.US,5,20251106,172000,91.27,91.27,91.27,91.27,214,0
DBP.US,5,20251106,203500,91.63,91.63,91.63,91.63,100,0
DBP.US,5,20251106,211500,91.4524,91.4524,91.4524,91.4524,698,0
DBP.US,5,20251106,212000,91.4505,91.4505,91.4505,91.4505,422,0
DBP.US,5,20251107,153500,91.7957,91.7957,91.7957,91.7957,100,0
DBP.US,5,20251107,155000,91.7412,91.84,91.7412,91.84,283,0
DBP.US,5,20251107,161500,91.8,91.8,91.8,91.8,200,0
DBP.US,5,20251107,170500,91.8,91.8,91.8,91.8,700,0
DBP.US,5,20251107,173500,92.33,92.37,92.33,92.37,13800,0
DBP.US,5,20251107,174500,92.45,92.46,92.39,92.39,700,0
DBP.US,5,20251107,175500,92.28,92.28,92.28,92.28,100,0
DBP.US,5,20251107,180000,92.115,92.115,92.105,92.105,300,0
DBP.US,5,20251107,180500,92.095,92.095,91.9,91.95,10100,0
DBP.US,5,20251107,181500,91.88,91.88,91.88,91.88,154,0
DBP.US,5,20251107,184500,91.96,91.975,91.96,91.975,200,0
DBP.US,5,20251107,185000,91.84,91.84,91.84,91.84,100,0
DBP.US,5,20251107,190500,92.13,92.13,92.13,92.13,165,0
DBP.US,5,20251107,201000,92.1216,92.1216,92.115,92.115,433,0
DBP.US,5,20251107,201500,92.1289,92.1289,92.1289,92.1289,108,0
DBP.US,5,20251107,204500,92.1,92.1,92.1,92.1,100,0
DBP.US,5,20251107,211500,91.99,91.99,91.99,91.99,100,0
DBP.US,5,20251107,215500,92.02,92.02,91.94,91.94,6008,0
DBP.US,5,20251110,162500,94.3095,94.3095,94.3095,94.3095,100,0
DBP.US,5,20251110,183500,94.2601,94.2601,94.2601,94.2601,100,0
DBP.US,5,20251110,190000,94.727,94.727,94.727,94.727,100,0
DBP.US,5,20251110,191000,94.605,94.605,94.605,94.605,210,0
DBP.US,5,20251110,193000,94.8297,94.8297,94.8297,94.8297,100,0
DBP.US,5,20251110,201000,94.927,94.927,94.927,94.927,147,0
DBP.US,5,20251110,202000,94.7974,94.7974,94.7974,94.7974,135,0
DBP.US,5,20251110,204000,94.75,95.0099,94.75,95.0099,420,0
DBP.US,5,20251110,215500,94.76,94.78,94.76,94.78,505,0
DBP.US,5,20251111,153000,95.2845,95.2845,95.2845,95.2845,100,0
DBP.US,5,20251111,161000,94.975,94.975,94.975,94.975,2161,0
DBP.US,5,20251111,164000,94.5573,94.5573,94.5573,94.5573,150,0
DBP.US,5,20251111,172000,94.8724,94.8724,94.8724,94.8724,1314,0
DBP.US,5,20251111,181000,95.0099,95.0099,95.0099,95.0099,115,0
DBP.US,5,20251111,184000,94.89,94.89,94.89,94.89,100,0
DBP.US,5,20251111,191000,94.8308,94.8308,94.8308,94.8308,129,0
DBP.US,5,20251111,193000,94.78,94.78,94.78,94.78,100,0
DBP.US,5,20251111,195500,94.915,94.915,94.915,94.915,117,0
DBP.US,5,20251111,201000,94.926,94.926,94.926,94.926,126,0
DBP.US,5,20251111,205500,95.125,95.125,95.125,95.125,100,0
DBP.US,5,20251111,212500,95.1793,95.1793,95.1793,95.1793,138,0
DBP.US,5,20251112,160500,95.91,95.97,95.91,95.97,200,0
DBP.US,5,20251112,161000,96,96,96,96,350,0
DBP.US,5,20251112,163000,96.3124,96.3124,96.3124,96.3124,169,0
DBP.US,5,20251112,164000,96.764,96.764,96.764,96.764,191,0
DBP.US,5,20251112,184500,97.275,97.275,97.275,97.275,100,0
DBP.US,5,20251112,185500,97.275,97.275,97.275,97.275,102,0
DBP.US,5,20251112,190000,97.2,97.2,97.2,97.2,100,0
DBP.US,5,20251112,192000,97.265,97.265,97.265,97.265,127,0
DBP.US,5,20251112,194500,97.46,97.549,97.46,97.549,300,0
DBP.US,5,20251112,195000,97.5085,97.5085,97.5085,97.5085,250,0
DBP.US,5,20251112,195500,97.505,97.505,97.505,97.505,100,0
DBP.US,5,20251112,201000,97.39,97.39,97.39,97.39,100,0
DBP.US,5,20251113,154500,96.905,96.905,96.905,96.905,109,0
DBP.US,5,20251113,163000,96.787,96.787,96.787,96.787,117,0
DBP.US,5,20251113,164500,96.9702,96.9702,96.9702,96.9702,220,0
DBP.US,5,20251113,174000,96.93,96.93,96.89,96.92,5973,0
DBP.US,5,20251113,175000,97.05,97.17,97.05,97.17,300,0
DBP.US,5,20251113,181000,96.94,96.94,96.94,96.94,100,0
DBP.US,5,20251113,181500,96.85,96.85,96.85,96.85,100,0
DBP.US,5,20251113,182000,97.08,97.08,97.08,97.08,200,0
DBP.US,5,20251113,183000,97.18,97.18,97.18,97.18,200,0
DBP.US,5,20251113,185000,97.19,97.19,97.19,97.19,191,0
DBP.US,5,20251113,191000,97.04,97.04,97.04,97.04,100,0
DBP.US,5,20251113,191500,97.05,97.05,97.05,97.05,100,0
DBP.US,5,20251113,192500,96.94,96.94,96.94,96.94,100,0
DBP.US,5,20251113,193000,96.16,96.16,96.16,96.16,100,0
DBP.US,5,20251113,194500,96.02,96.02,96.02,96.02,100,0
DBP.US,5,20251113,200500,95.92,95.92,95.92,95.92,100,0
DBP.US,5,20251113,201500,95.98,95.98,95.98,95.98,100,0
DBP.US,5,20251113,202000,95.9966,95.9966,95.9966,95.9966,193,0
DBP.US,5,20251113,203000,96.1,96.1,96.1,96.1,100,0
DBP.US,5,20251113,203500,96.17,96.17,96.17,96.17,100,0
DBP.US,5,20251113,205500,96.05,96.05,96.05,96.05,100,0
DBP.US,5,20251113,211000,96.08,96.08,96.08,96.08,100,0
DBP.US,5,20251113,212000,95.99,95.99,95.99,95.99,100,0
DBP.US,5,20251113,212500,96.23,96.23,96.23,96.23,200,0
DBP.US,5,20251113,214000,96.1,96.1,96.1,96.1,100,0
DBP.US,5,20251113,215000,96,96,96,96,100,0
DBP.US,5,20251113,215500,96,96,96,96,100,0
DBP.US,5,20251114,153500,93.565,93.565,93.565,93.565,100,0
DBP.US,5,20251114,160000,94.13,94.13,94.13,94.13,250,0
DBP.US,5,20251114,160500,94.042,94.042,94.042,94.042,278,0
DBP.US,5,20251114,161500,94.1515,94.1515,94.1515,94.1515,128,0
DBP.US,5,20251114,162500,94.1,94.1,94.1,94.1,100,0
DBP.US,5,20251114,165000,94.48,94.48,94.45,94.48,1944,0
DBP.US,5,20251114,170000,94.39,94.5,94.385,94.5,6203,0
DBP.US,5,20251114,172500,94.61,94.6542,94.61,94.6542,237,0
DBP.US,5,20251114,173500,94.75,94.75,94.75,94.75,200,0
DBP.US,5,20251114,174000,94.75,94.75,94.75,94.75,1743,0
DBP.US,5,20251114,182000,94.5325,94.5325,94.5325,94.5325,211,0
DBP.US,5,20251114,184500,94.575,94.575,94.575,94.575,137,0
DBP.US,5,20251114,185000,94.59,94.6885,94.59,94.68,1800,0
DBP.US,5,20251114,192000,94.28,94.28,94.2225,94.2225,1237,0
DBP.US,5,20251114,192500,94.39,94.39,94.39,94.39,130,0
DBP.US,5,20251114,195000,94.4269,94.4269,94.4269,94.4269,100,0
DBP.US,5,20251114,200500,94.37,94.37,94.37,94.37,100,0
DBP.US,5,20251114,210000,94.18,94.18,94.18,94.18,100,0
DBP.US,5,20251117,153000,93.85,93.85,93.85,93.85,106,0
DBP.US,5,20251117,153500,93.93,93.93,93.93,93.93,2054,0
DBP.US,5,20251117,160000,93.85,93.85,93.85,93.85,134,0
DBP.US,5,20251117,162500,93.92,93.92,93.92,93.92,171,0
DBP.US,5,20251117,165000,93.95,93.95,93.8616,93.8616,223,0
DBP.US,5,20251117,165500,93.8416,93.88,93.8416,93.88,480,0
DBP.US,5,20251117,170500,93.5115,93.5115,93.5115,93.5115,200,0
DBP.US,5,20251117,172000,93.72,93.72,93.72,93.72,526,0
DBP.US,5,20251117,173000,93.925,93.925,93.8,93.905,1054,0
DBP.US,5,20251117,182500,94.09,94.09,94.09,94.09,250,0
DBP.US,5,20251117,183500,94.1329,94.19,94.0976,94.0976,660,0
DBP.US,5,20251117,191500,93.95,93.95,93.95,93.95,100,0
DBP.US,5,20251117,195000,93.99,93.99,93.99,93.99,210,0
DBP.US,5,20251117,195500,93.885,93.885,93.885,93.885,100,0
DBP.US,5,20251117,201000,93.7215,93.7215,93.7215,93.7215,210,0
DBP.US,5,20251117,204000,92.83,92.83,92.83,92.83,126,0
DBP.US,5,20251117,210500,92.6215,92.6215,92.6215,92.6215,132,0
DBP.US,5,20251117,213000,92.85,92.85,92.85,92.85,100,0
DBP.US,5,20251118,154000,93.8201,93.8201,93.8201,93.8201,100,0
DBP.US,5,20251118,154500,93.73,93.77,93.43,93.6745,12287,0
DBP.US,5,20251118,161000,93.22,93.22,93.22,93.22,152,0
DBP.US,5,20251118,161500,93.4334,93.4334,93.4334,93.4334,275,0
DBP.US,5,20251118,164500,93.66,93.66,93.66,93.66,149,0
DBP.US,5,20251118,170000,93.4,93.4,93.4,93.4,187,0
DBP.US,5,20251118,172500,93.671,93.671,93.671,93.671,100,0
DBP.US,5,20251118,173000,93.86,93.86,93.86,93.86,200,0
DBP.US,5,20251118,173500,93.715,93.715,93.6486,93.6486,243,0
DBP.US,5,20251118,185000,93.8656,93.8656,93.8656,93.8656,272,0
DBP.US,5,20251118,203500,94.2047,94.2047,94.2047,94.2047,434,0
DBP.US,5,20251118,205000,94.15,94.15,94.15,94.15,250,0
DBP.US,5,20251118,215000,93.867,93.867,93.867,93.867,144,0
DBP.US,5,20251119,160500,95.315,95.315,95.315,95.315,100,0
DBP.US,5,20251119,161000,95.14,95.14,95.14,95.14,200,0
DBP.US,5,20251119,161500,95.48,95.48,95.48,95.48,735,0
DBP.US,5,20251119,162000,95.354,95.5299,95.354,95.5299,514,0
DBP.US,5,20251119,162500,95.21,95.2999,95.1937,95.2,1816,0
DBP.US,5,20251119,163000,95.1771,95.205,95.1771,95.195,838,0
DBP.US,5,20251119,163500,95.08,95.08,95.08,95.08,100,0
DBP.US,5,20251119,170000,94.54,94.54,94.45,94.45,200,0
DBP.US,5,20251119,174500,93.9,93.9,93.9,93.9,6200,0
DBP.US,5,20251119,185500,94.05,94.05,94.05,94.05,153,0
DBP.US,5,20251119,190000,94.039,94.039,94.039,94.039,100,0
DBP.US,5,20251119,192000,94.1,94.1,94.1,94.1,3458,0
DBP.US,5,20251119,192500,94.21,94.21,94.21,94.21,200,0
DBP.US,5,20251119,193000,94.1,94.1,94.1,94.1,100,0
DBP.US,5,20251119,193500,94.305,94.305,94.2106,94.2106,200,0
DBP.US,5,20251119,201000,94.08,94.08,94.08,94.08,100,0
DBP.US,5,20251119,201500,94.045,94.045,94.045,94.045,132,0
DBP.US,5,20251119,202500,93.92,93.92,93.92,93.92,100,0
DBP.US,5,20251119,203000,93.9488,93.9488,93.9488,93.9488,100,0
DBP.US,5,20251119,203500,94,94,94,94,100,0
DBP.US,5,20251119,212000,94.175,94.175,94.175,94.175,100,0
DBP.US,5,20251119,215500,94.1322,94.1322,94.08,94.08,481,0
DBP.US,5,20251120,161000,94.395,94.395,94.395,94.395,403,0
DBP.US,5,20251120,161500,94.405,94.405,94.405,94.405,853,0
DBP.US,5,20251120,162000,94.5099,94.5099,94.34,94.34,419,0
DBP.US,5,20251120,181500,93.39,93.39,93.39,93.39,100,0
DBP.US,5,20251120,183000,93.32,93.32,93.32,93.32,100,0
DBP.US,5,20251120,184500,93.3697,93.3697,93.3697,93.3697,100,0
DBP.US,5,20251120,191500,93.53,93.53,93.53,93.53,100,0
DBP.US,5,20251120,201500,93.565,93.565,93.565,93.565,105,0
DBP.US,5,20251120,203000,93.9,93.9,93.895,93.895,211,0
DBP.US,5,20251120,205000,93.919,93.919,93.919,93.919,239,0
DBP.US,5,20251121,162000,93.3685,93.3685,93.3685,93.3685,235,0
DBP.US,5,20251121,162500,93.5099,93.5099,93.5099,93.5099,100,0
DBP.US,5,20251121,163000,93.31,93.31,93.31,93.31,100,0
DBP.US,5,20251121,163500,93.17,93.17,93.17,93.17,100,0
DBP.US,5,20251121,171000,93.36,93.37,93.3497,93.36,535,0
DBP.US,5,20251121,180000,94.02,94.02,94.02,94.02,100,0
DBP.US,5,20251121,183000,93.73,93.73,93.73,93.73,100,0
DBP.US,5,20251121,191000,93.87,93.87,93.87,93.87,113,0
DBP.US,5,20251121,192500,93.65,93.65,93.65,93.65,100,0
DBP.US,5,20251121,210000,93.95,93.95,93.95,93.95,100,0
DBP.US,5,20251121,212500,93.515,93.515,93.515,93.515,228,0
DBP.US,5,20251121,213000,93.32,93.32,93.28,93.28,699,0
DBP.US,5,20251121,213500,93.255,93.255,93.255,93.255,423,0
DBP.US,5,20251124,153500,93.69,93.69,93.69,93.69,110,0
DBP.US,5,20251124,162000,93.87,93.87,93.87,93.87,100,0
DBP.US,5,20251124,164000,93.83,93.83,93.83,93.83,100,0
DBP.US,5,20251124,175000,94.03,94.03,94.03,94.03,500,0
DBP.US,5,20251124,185500,94.2699,94.2699,94.2699,94.2699,103,0
DBP.US,5,20251124,193500,94.19,94.19,94.19,94.19,131,0
DBP.US,5,20251124,204500,94.7307,94.7307,94.7307,94.7307,159,0
DBP.US,5,20251124,214500,95.24,95.24,95.24,95.24,258,0
DBP.US,5,20251124,215000,95.0987,95.0987,95.0987,95.0987,315,0
DBP.US,5,20251125,154000,94.765,94.8247,94.765,94.8247,624,0
DBP.US,5,20251125,160000,94.64,94.79,94.64,94.79,800,0
DBP.US,5,20251125,161500,94.76,94.76,94.76,94.76,194,0
DBP.US,5,20251125,162000,94.82,94.82,94.82,94.82,100,0
DBP.US,5,20251125,164500,95.03,95.03,95.03,95.03,100,0
DBP.US,5,20251125,165500,94.51,94.51,94.51,94.51,1314,0
DBP.US,5,20251125,172000,94.9849,94.9849,94.9849,94.9849,215,0
DBP.US,5,20251125,173000,95.08,95.2,95.08,95.2,2001,0
DBP.US,5,20251125,180000,95.33,95.33,95.19,95.19,300,0
DBP.US,5,20251125,181000,95.33,95.33,95.33,95.33,1500,0
DBP.US,5,20251125,183500,95.515,95.515,95.515,95.515,400,0
DBP.US,5,20251125,184500,95.505,95.505,95.41,95.41,200,0
DBP.US,5,20251125,185000,95.4,95.4,95.4,95.4,500,0
DBP.US,5,20251125,190000,95.37,95.37,95.37,95.37,100,0
DBP.US,5,20251125,191500,95.2402,95.2402,95.2402,95.2402,200,0
DBP.US,5,20251125,193500,95.11,95.11,95.11,95.11,318,0
DBP.US,5,20251125,202000,94.98,94.98,94.98,94.98,100,0
DBP.US,5,20251125,204500,95.02,95.02,95.02,95.02,100,0
DBP.US,5,20251126,163500,95.9568,95.9568,95.9568,95.9568,236,0
DBP.US,5,20251126,171500,95.97,96.0778,95.97,96.0778,2000,0
DBP.US,5,20251126,182500,96.1916,96.23,96.1916,96.23,204,0
DBP.US,5,20251126,190000,96.29,96.29,96.29,96.29,147,0
DBP.US,5,20251126,191000,96.3412,96.3412,96.3412,96.3412,300,0
DBP.US,5,20251126,193000,96.325,96.325,96.22,96.22,200,0
DBP.US,5,20251126,193500,96.08,96.08,96.08,96.08,100,0
DBP.US,5,20251126,204000,96.32,96.32,96.32,96.32,156,0
DBP.US,5,20251128,161000,97.73,97.73,97.73,97.73,767,0
DBP.US,5,20251128,162000,97.5,97.5,97.5,97.5,100,0
DBP.US,5,20251128,163000,97.62,97.62,97.61,97.61,1300,0
DBP.US,5,20251128,165500,98.0489,98.0489,98.0489,98.0489,200,0
DBP.US,5,20251128,170000,98.21,98.21,98.21,98.21,203,0
DBP.US,5,20251128,171000,98.0436,98.0436,98.0436,98.0436,100,0
DBP.US,5,20251128,171500,98.0854,98.0854,98.0854,98.0854,100,0
DBP.US,5,20251128,174000,98.1,98.1,98.1,98.1,100,0
DBP.US,5,20251128,183500,98.43,98.43,98.43,98.43,300,0
DBP.US,5,20251128,184000,98.41,98.41,98.3835,98.3835,529,0
DBP.US,5,20251201,153000,99.07,99.47,99.07,99.47,700,0
DBP.US,5,20251201,153500,98.9305,98.9305,98.9305,98.9305,400,0
DBP.US,5,20251201,154000,98.92,101.04,98.92,101.04,400,0
DBP.US,5,20251201,154500,98.995,98.995,98.995,98.995,1080,0
DBP.US,5,20251201,160500,99.29,99.29,99.29,99.29,12180,0
DBP.US,5,20251201,161500,99.1,99.1,99.1,99.1,10083,0
DBP.US,5,20251201,163000,98.77,98.77,98.77,98.77,6966,0
DBP.US,5,20251201,174000,99.4173,99.4173,99.4173,99.4173,100,0
DBP.US,5,20251201,175500,99.39,99.39,99.39,99.39,100,0
DBP.US,5,20251201,183000,99.5899,99.5899,99.5899,99.5899,100,0
DBP.US,5,20251201,184500,99.39,99.39,99.39,99.39,163,0
DBP.US,5,20251201,185000,99.1901,99.1901,99.1901,99.1901,220,0
DBP.US,5,20251201,192000,99.4,99.4,99.4,99.4,4788,0
DBP.US,5,20251201,213000,99.4807,99.4807,99.4807,99.4807,503,0
DBP.US,5,20251201,215000,99.4,99.4,99.4,99.4,100,0
DBP.US,5,20251202,161500,98.45,98.45,98.45,98.45,100,0
DBP.US,5,20251202,162000,98.2445,98.2445,98.2445,98.2445,101,0
DBP.US,5,20251202,162500,98.18,98.18,98.18,98.18,649,0
DBP.US,5,20251202,165500,97.85,97.85,97.85,97.85,152,0
DBP.US,5,20251202,181500,98.2,98.2,98.2,98.2,100,0
DBP.US,5,20251202,182000,98.5499,98.5499,98.5499,98.5499,731,0
DBP.US,5,20251202,191000,98.65,98.65,98.65,98.65,3843,0
DBP.US,5,20251202,193500,98.3,98.3,98.3,98.3,200,0
DBP.US,5,20251202,205000,98.45,98.5458,98.45,98.5457,800,0
DBP.US,5,20251203,154500,99.34,99.34,99.34,99.34,500,0
DBP.US,5,20251203,160500,98.995,98.995,98.995,98.995,280,0
DBP.US,5,20251203,164000,99.4899,99.4899,99.4899,99.4899,140,0
DBP.US,5,20251203,170000,99.07,99.07,99.07,99.07,100,0
DBP.US,5,20251203,171000,99.03,99.03,99.03,99.03,105,0
DBP.US,5,20251203,171500,99.11,99.11,99.11,99.11,1134,0
DBP.US,5,20251203,174000,99.224,99.224,99.224,99.224,250,0
DBP.US,5,20251203,181000,98.94,98.94,98.94,98.94,357,0
DBP.US,5,20251203,185000,98.86,98.86,98.86,98.86,153,0
DBP.US,5,20251203,190500,98.79,98.79,98.79,98.79,100,0
DBP.US,5,20251203,193500,98.8395,98.8395,98.8395,98.8395,168,0
DBP.US,5,20251203,195000,98.7,98.7,98.7,98.7,100,0
DBP.US,5,20251203,201000,98.66,98.67,98.66,98.66,800,0
DBP.US,5,20251203,201500,98.745,98.745,98.745,98.745,100,0
DBP.US,5,20251203,204500,99.05,99.05,99.05,99.05,100,0
DBP.US,5,20251203,205500,98.8866,98.8866,98.8866,98.8866,100,0
DBP.US,5,20251203,215500,98.99,98.99,98.99,98.99,100,0
DBP.US,5,20251204,154000,98.08,98.08,98.08,98.08,100,0
DBP.US,5,20251204,161500,98.325,98.325,98.325,98.325,526,0
DBP.US,5,20251204,173500,98.49,98.49,98.49,98.49,100,0
DBP.US,5,20251204,182000,98.534,98.534,98.534,98.534,305,0
DBP.US,5,20251204,183000,98.5,98.5,98.5,98.5,100,0
DBP.US,5,20251204,190500,98.45,98.45,98.45,98.45,100,0
DBP.US,5,20251204,200500,98.1,98.1,98.1,98.1,513,0
DBP.US,5,20251204,202000,98.186,98.186,98.186,98.186,220,0
DBP.US,5,20251204,202500,98.265,98.265,98.265,98.265,389,0
DBP.US,5,20251204,212000,98.4225,98.4225,98.3,98.3,922,0
DBP.US,5,20251204,214500,98.4572,98.4572,98.4572,98.4572,102,0
DBP.US,5,20251204,215500,98.445,98.6,98.445,98.59,400,0
DBP.US,5,20251205,153000,99.43,99.43,99.43,99.43,547,0
DBP.US,5,20251205,160000,99.64,99.64,99.64,99.64,100,0
DBP.US,5,20251205,160500,99.55,99.55,99.55,99.55,101,0
DBP.US,5,20251205,162000,99.645,99.645,99.645,99.645,200,0
DBP.US,5,20251205,164500,99.93,99.93,99.93,99.93,100,0
DBP.US,5,20251205,170000,99.84,99.87,99.65,99.65,1100,0
DBP.US,5,20251205,174000,98.925,98.925,98.925,98.925,100,0
DBP.US,5,20251205,183500,99.02,99.02,99.02,99.02,100,0
DBP.US,5,20251205,185500,99.2,99.2,99.2,99.2,240,0
DBP.US,5,20251205,190000,99.3,99.3,99.3,99.3,260,0
DBP.US,5,20251205,190500,99.2033,99.2033,99.2033,99.2033,504,0
DBP.US,5,20251205,192000,99.23,99.23,99.23,99.23,100,0
DBP.US,5,20251205,194500,99.0985,99.0985,99.0985,99.0985,120,0
DBP.US,5,20251205,201500,99.06,99.06,99.06,99.06,100,0
DBP.US,5,20251205,204000,98.8259,98.8259,98.8259,98.8259,200,0
DBP.US,5,20251205,210500,98.98,98.98,98.98,98.98,100,0
DBP.US,5,20251205,215500,98.91,98.91,98.91,98.91,100,0
DBP.US,5,20251208,153000,98.91,98.91,98.9,98.9,522,0
DBP.US,5,20251208,153500,98.91,98.91,98.91,98.91,100,0
DBP.US,5,20251208,154500,98.82,98.845,98.81,98.81,600,0
DBP.US,5,20251208,155500,98.905,98.905,98.905,98.905,100,0
DBP.US,5,20251208,160500,98.3,98.3,98.12,98.12,300,0
DBP.US,5,20251208,164500,98.57,98.57,98.57,98.57,100,0
DBP.US,5,20251208,170000,98.0901,98.0901,98.0901,98.0901,263,0
DBP.US,5,20251208,170500,98.3499,98.3499,98.3499,98.3499,254,0
DBP.US,5,20251208,171500,98.3182,98.3182,98.3182,98.3182,335,0
DBP.US,5,20251208,172000,98.4,98.4,98.4,98.4,735,0
DBP.US,5,20251208,180000,98.2201,98.2201,98.2201,98.2201,211,0
DBP.US,5,20251208,180500,98.395,98.395,98.395,98.395,316,0
DBP.US,5,20251208,181500,98.3985,98.3985,98.25,98.25,850,0
DBP.US,5,20251208,192500,98.42,98.42,98.42,98.42,507,0
DBP.US,5,20251208,194500,98.605,98.605,98.605,98.605,200,0
DBP.US,5,20251208,195000,98.47956,98.47956,98.47956,98.47956,169,0
DBP.US,5,20251208,201000,98.411,98.411,98.411,98.411,250,0
DBP.US,5,20251208,202000,98.24,98.24,98.24,98.24,303,0
DBP.US,5,20251208,204500,98.2101,98.2101,98.2101,98.2101,122,0
DBP.US,5,20251208,210000,98.37,98.37,98.37,98.37,215,0
DBP.US,5,20251208,215000,98.5037,98.5037,98.5037,98.5037,100,0
DBP.US,5,20251209,153000,98.76,98.76,98.76,98.76,100,0
DBP.US,5,20251209,154000,99.085,99.1,99.07,99.07,1800,0
DBP.US,5,20251209,163500,99.49,99.49,99.49,99.49,150,0
DBP.US,5,20251209,164500,99.31,99.31,99.31,99.31,280,0
DBP.US,5,20251209,165000,99.4828,99.4828,99.4828,99.4828,196,0
DBP.US,5,20251209,173500,99.735,99.75,99.735,99.75,500,0
DBP.US,5,20251209,175000,99.80818,99.80818,99.80818,99.80818,173,0
DBP.US,5,20251209,181500,99.56,99.56,99.56,99.56,182,0
DBP.US,5,20251209,191000,99.67,99.67,99.67,99.67,100,0
DBP.US,5,20251209,202500,99.795,99.795,99.795,99.795,200,0
DBP.US,5,20251209,203000,99.7995,99.7995,99.7995,99.7995,100,0
DBP.US,5,20251209,205000,99.76,99.76,99.76,99.76,100,0
DBP.US,5,20251209,214000,99.91,99.91,99.91,99.91,100,0
DBP.US,5,20251209,215500,99.8519,99.97,99.8519,99.97,450,0
DBP.US,5,20251210,154000,99.02,99.02,99.02,99.02,150,0
DBP.US,5,20251210,161000,99.25,99.25,99.25,99.25,421,0
DBP.US,5,20251210,163500,99.37399,99.37399,99.37399,99.37399,100,0
DBP.US,5,20251210,171000,99.45,99.45,99.45,99.45,163,0
DBP.US,5,20251210,174500,99.4987,99.525,99.4987,99.525,450,0
DBP.US,5,20251210,180500,99.31,99.31,99.31,99.31,100,0
DBP.US,5,20251210,184500,99.315,99.315,99.315,99.315,200,0
DBP.US,5,20251210,192500,99.41,99.41,99.41,99.41,174,0
DBP.US,5,20251210,193000,99.3017,99.3017,99.3017,99.3017,201,0
DBP.US,5,20251210,194000,99.3499,99.3499,99.34,99.34,567,0
DBP.US,5,20251210,202000,99.85,99.85,99.85,99.85,200,0
DBP.US,5,20251210,203500,99.48,99.48,99.48,99.48,350,0
DBP.US,5,20251210,205000,99.48,99.48,99.48,99.48,100,0
DBP.US,5,20251210,212000,100.425,100.425,100.425,100.425,100,0
DBP.US,5,20251210,214500,100.435,100.435,100.435,100.435,502,0
DBP.US,5,20251211,153000,100.83,100.83,100.83,100.83,400,0
DBP.US,5,20251211,153500,100.98,100.98,100.98,100.98,200,0
DBP.US,5,20251211,154000,100.97,100.98,100.95,100.97,1200,0
DBP.US,5,20251211,154500,100.93,100.93,100.87,100.89,1300,0
DBP.US,5,20251211,160500,100.85,100.85,100.84,100.845,900,0
DBP.US,5,20251211,161000,100.88,100.91,100.88,100.905,800,0
DBP.US,5,20251211,161500,100.91,100.93,100.785,100.785,1300,0
DBP.US,5,20251211,162500,100.885,100.885,100.885,100.885,100,0
DBP.US,5,20251211,163000,100.98,101,100.98,101,1100,0
DBP.US,5,20251211,163500,101,101,101,101,111,0
DBP.US,5,20251211,164500,101.275,101.275,101.2715,101.2715,477,0
DBP.US,5,20251211,165000,101.61,101.62,101.475,101.475,1400,0
DBP.US,5,20251211,165500,101.455,101.455,101.31,101.31,300,0
DBP.US,5,20251211,171500,101.52,101.53,101.5,101.52,1700,0
DBP.US,5,20251211,172500,101.59,101.61,101.59,101.59,1700,0
DBP.US,5,20251211,173000,101.455,101.455,101.455,101.455,100,0
DBP.US,5,20251211,174000,101.62,101.64,101.62,101.62,1700,0
DBP.US,5,20251211,174500,101.92,101.95,101.91,101.93,1700,0
DBP.US,5,20251211,175000,101.8767,101.925,101.8767,101.925,250,0
DBP.US,5,20251211,181500,102.03,102.07,102.01,102.06,1600,0
DBP.US,5,20251211,183000,101.98,101.98,101.965,101.965,200,0
DBP.US,5,20251211,183500,101.87,101.87,101.87,101.87,900,0
DBP.US,5,20251211,191000,102.26,102.29,102.145,102.145,1500,0
DBP.US,5,20251211,193000,102.25,102.29,102.12,102.12,1400,0
DBP.US,5,20251211,194000,102.12,102.12,102.12,102.12,400,0
DBP.US,5,20251211,194500,102.135,102.135,102.135,102.135,100,0
DBP.US,5,20251211,195000,102.13,102.13,102.03,102.03,400,0
DBP.US,5,20251211,195500,102.01,102.02,102.01,102.01,1100,0
DBP.US,5,20251211,200500,101.523,101.523,101.523,101.523,250,0
DBP.US,5,20251211,201000,101.8173,101.8173,101.8173,101.8173,100,0
DBP.US,5,20251211,203000,101.98,102,101.8026,101.8026,1550,0
DBP.US,5,20251211,204000,101.805,101.83,101.805,101.83,200,0
DBP.US,5,20251211,205000,101.96,101.97,101.96,101.97,700,0
DBP.US,5,20251211,205500,101.94,101.95,101.8017,101.8017,491,0
DBP.US,5,20251211,210500,101.69,101.69,101.6825,101.6825,300,0
DBP.US,5,20251211,211000,101.5675,101.5675,101.5675,101.5675,245,0
DBP.US,5,20251211,211500,101.74,101.74,101.71,101.71,600,0
DBP.US,5,20251211,212000,101.71,101.74,101.63101,101.63101,1056,0
DBP.US,5,20251211,212500,101.73,101.74,101.605,101.605,500,0
DBP.US,5,20251211,214000,101.84,101.85,101.84,101.84,300,0
DBP.US,5,20251211,214500,101.85,101.86,101.85,101.86,300,0
DBP.US,5,20251211,215000,101.87,101.87,101.85,101.87,300,0
DBP.US,5,20251211,215500,101.85,101.88,101.85,101.88,1170,0
DBP.US,5,20251212,153000,103.3655,103.3655,103.3655,103.3655,162,0
DBP.US,5,20251212,153500,103.47,103.47,103.22,103.22,220,0
DBP.US,5,20251212,160500,103.475,103.475,103.475,103.475,164,0
DBP.US,5,20251212,161000,103.55,103.71,103.4381,103.4381,1086,0
DBP.US,5,20251212,161500,103.37,103.37,103.37,103.37,100,0
DBP.US,5,20251212,163000,102.36,102.36,102.36,102.36,100,0
DBP.US,5,20251212,164500,102.625,102.625,102.625,102.625,290,0
DBP.US,5,20251212,165000,102.25,102.25,102.25,102.25,200,0
DBP.US,5,20251212,170000,101.3318,101.385,101.3318,101.385,800,0
DBP.US,5,20251212,171500,101.6599,101.6599,101.6599,101.6599,437,0
DBP.US,5,20251212,173000,101.4167,101.4167,101.4167,101.4167,100,0
DBP.US,5,20251212,174000,100.86,100.86,100.86,100.86,200,0
DBP.US,5,20251212,181000,101.225,101.225,101.225,101.225,300,0
DBP.US,5,20251212,181500,101.35,101.35,101.35,101.35,100,0
DBP.US,5,20251212,182500,101.57,101.57,101.57,101.57,200,0
DBP.US,5,20251212,190000,101.765,101.765,101.765,101.765,243,0
DBP.US,5,20251212,192000,101.8858,101.8858,101.8858,101.8858,150,0
DBP.US,5,20251212,192500,101.96,101.98,101.84,101.84,1253,0
DBP.US,5,20251212,195000,101.71,101.71,101.71,101.71,100,0
DBP.US,5,20251212,195500,101.74,101.7826,101.68,101.7826,834,0
DBP.US,5,20251212,200000,101.61,101.61,101.61,101.61,100,0
DBP.US,5,20251212,202000,101.865,101.865,101.865,101.865,100,0
DBP.US,5,20251212,202500,101.8,101.8,101.8,101.8,2300,0
DBP.US,5,20251212,212500,101.8,101.8,101.7,101.7,5172,0
DBP.US,5,20251212,214000,101.715,101.715,101.715,101.715,400,0
DBP.US,5,20251212,215500,101.8,101.9,101.8,101.9,2600,0
DBP.US,5,20251215,160000,102.57,102.57,102.57,102.57,100,0
DBP.US,5,20251215,162000,102.83,102.83,102.83,102.83,100,0
DBP.US,5,20251215,164000,103.14,103.14,103.14,103.14,100,0
DBP.US,5,20251215,170000,102.79,102.79,102.79,102.79,100,0
DBP.US,5,20251215,171000,102.77,102.77,102.77,102.77,246,0
DBP.US,5,20251215,172000,102.5,102.5,102.5,102.5,101,0
DBP.US,5,20251215,175500,102.43,102.43,102.43,102.43,211,0
DBP.US,5,20251215,180000,102.4735,102.4735,102.4735,102.4735,379,0
DBP.US,5,20251215,181000,102.4002,102.58,102.4002,102.57,975,0
DBP.US,5,20251215,190500,102.54,102.54,102.54,102.54,1901,0
DBP.US,5,20251215,191500,102.5,102.5,102.5,102.5,170,0
DBP.US,5,20251215,192500,102.5361,102.6684,102.46,102.46,1329,0
DBP.US,5,20251215,193000,102.6,102.65,102.6,102.63,927,0
DBP.US,5,20251215,193500,102.69,102.69,102.69,102.69,100,0
DBP.US,5,20251215,200000,102.92,102.92,102.92,102.92,148,0
DBP.US,5,20251215,202500,102.7515,102.7515,102.7515,102.7515,175,0
DBP.US,5,20251215,205500,102.9248,102.9248,102.9248,102.9248,145,0
DBP.US,5,20251215,210000,102.9521,102.9521,102.9521,102.9521,150,0
DBP.US,5,20251215,211000,102.9,102.9,102.9,102.9,200,0
DBP.US,5,20251215,211500,102.9,102.9,102.9,102.9,800,0
DBP.US,5,20251215,215500,102.86,102.86,102.86,102.86,100,0
DBP.US,5,20251216,155000,103.2732,103.2732,103.2537,103.2537,292,0
DBP.US,5,20251216,155500,103.24,103.24,103.24,103.24,359,0
DBP.US,5,20251216,161500,103.02,103.02,103.02,103.02,100,0
DBP.US,5,20251216,162000,103.14,103.15,103.14,103.14,300,0
DBP.US,5,20251216,170500,103.0221,103.0221,103.0221,103.0221,227,0
DBP.US,5,20251216,171000,103,103.08,103,103.08,200,0
DBP.US,5,20251216,173000,102.75,102.75,102.75,102.75,100,0
DBP.US,5,20251216,181500,102.71,102.71,102.71,102.71,111,0
DBP.US,5,20251216,182500,102.78,102.78,102.78,102.78,100,0
DBP.US,5,20251216,194000,102.895,102.895,102.895,102.895,111,0
DBP.US,5,20251216,194500,102.905,103.08,102.905,103.08,200,0
DBP.US,5,20251216,200000,102.87,102.87,102.87,102.87,100,0
DBP.US,5,20251216,202000,102.8282,102.8282,102.8282,102.8282,108,0
DBP.US,5,20251216,210500,103.02,103.02,103.02,103.02,339,0
DBP.US,5,20251216,211000,103.02,103.02,103.02,103.02,321,0
DBP.US,5,20251216,212000,103.09,103.09,103.09,103.09,107,0
DBP.US,5,20251216,215000,102.81,102.81,102.81,102.81,100,0
DBP.US,5,20251217,153000,104.089,104.089,104.089,104.089,300,0
DBP.US,5,20251217,155500,104.37,104.37,104.37,104.37,100,0
DBP.US,5,20251217,161000,104.33,104.33,104.33,104.33,138,0
DBP.US,5,20251217,161500,104.32,104.32,104.32,104.32,100,0
DBP.US,5,20251217,163000,104.46,104.51,104.46,104.51,349,0
DBP.US,5,20251217,172500,103.955,103.955,103.955,103.955,114,0
DBP.US,5,20251217,174500,104.35,104.35,104.35,104.35,163,0
DBP.US,5,20251217,175000,104.26,104.335,104.16,104.28,1000,0
DBP.US,5,20251217,181500,104.31,104.31,104.31,104.31,400,0
DBP.US,5,20251217,183000,104.4837,104.4837,104.4837,104.4837,138,0
DBP.US,5,20251217,185500,104.57,104.57,104.57,104.57,100,0
DBP.US,5,20251217,191500,104.56,104.56,104.56,104.56,100,0
DBP.US,5,20251217,192000,104.555,104.555,104.555,104.555,100,0
DBP.US,5,20251217,194000,104.4,104.4,104.34,104.34,1879,0
DBP.US,5,20251217,200000,104.45,104.45,104.45,104.45,100,0
DBP.US,5,20251217,202500,104.469,104.469,104.469,104.469,100,0
DBP.US,5,20251217,204000,104.39,104.39,104.39,104.39,100,0
DBP.US,5,20251217,212000,104.6773,104.6773,104.6773,104.6773,100,0
DBP.US,5,20251217,212500,104.55,104.7099,104.55,104.7099,250,0
DBP.US,5,20251217,213000,104.7,104.7,104.7,104.7,150,0
DBP.US,5,20251218,153000,104.2062,104.3111,104.2062,104.3111,210,0
DBP.US,5,20251218,154000,103.975,103.975,103.975,103.975,200,0
DBP.US,5,20251218,154500,103.4,103.4,103.4,103.4,100,0
DBP.US,5,20251218,155500,103.8662,103.8662,103.8662,103.8662,134,0
DBP.US,5,20251218,161500,104,104,104,104,100,0
DBP.US,5,20251218,163500,104.3046,104.3046,104.3046,104.3046,157,0
DBP.US,5,20251218,164000,104.1101,104.1101,104.1101,104.1101,127,0
DBP.US,5,20251218,170500,104.36,104.36,104.21,104.21,334,0
DBP.US,5,20251218,171000,104.6,104.78,104.6,104.78,440,0
DBP.US,5,20251218,173500,104.8801,104.8801,104.8801,104.8801,301,0
DBP.US,5,20251218,180500,104.845,104.845,104.75,104.75,200,0
DBP.US,5,20251218,182000,104.1499,104.1499,104.1499,104.1499,100,0
DBP.US,5,20251218,182500,103.894,103.894,103.894,103.894,200,0
DBP.US,5,20251218,184500,104.2146,104.2146,104.195,104.195,400,0
DBP.US,5,20251218,195500,104.13,104.13,104.13,104.13,100,0
DBP.US,5,20251218,201000,104.17,104.17,104.16,104.16,200,0
DBP.US,5,20251218,201500,104.2195,104.2195,104.2195,104.2195,438,0
DBP.US,5,20251218,202000,104.23,104.23,104.23,104.23,143,0
DBP.US,5,20251218,203000,104.23,104.23,104.23,104.23,100,0
DBP.US,5,20251218,215000,104.14,104.14,103.88,103.88,200,0
DBP.US,5,20251218,215500,104.04,104.09,103.68,103.68,6610,0
DBP.US,5,20251219,155500,104.33,104.405,104.33,104.405,800,0
DBP.US,5,20251219,160000,104.67,104.67,104.67,104.67,265,0
DBP.US,5,20251219,161000,104.52,104.52,104.52,104.52,100,0
DBP.US,5,20251219,162000,104.75,104.75,104.75,104.75,300,0
DBP.US,5,20251219,164500,104.6,104.6,104.6,104.6,224,0
DBP.US,5,20251219,165000,104.755,104.755,104.755,104.755,114,0
DBP.US,5,20251219,170500,104.915,104.915,104.915,104.915,100,0
DBP.US,5,20251219,171000,104.91,104.91,104.91,104.91,100,0
DBP.US,5,20251219,171500,104.875,104.875,104.875,104.875,142,0
DBP.US,5,20251219,173000,105.04,105.18,105.04,105.18,271,0
DBP.US,5,20251219,173500,105.04,105.04,105.04,105.04,100,0
DBP.US,5,20251219,174000,104.965,104.965,104.965,104.965,200,0
DBP.US,5,20251219,175000,105.1,105.2199,105.1,105.2199,251,0
DBP.US,5,20251219,182500,105.195,105.195,105.195,105.195,200,0
DBP.US,5,20251219,183000,105.195,105.195,105.195,105.195,150,0
DBP.US,5,20251219,191000,105.285,105.285,105.285,105.285,108,0
DBP.US,5,20251219,192500,105.305,105.305,105.305,105.305,200,0
DBP.US,5,20251219,194000,105.16,105.16,105.13,105.13,371,0
DBP.US,5,20251219,200500,105.195,105.195,105.195,105.195,100,0
DBP.US,5,20251219,210000,105.15,105.15,105.05,105.05,205,0
DBP.US,5,20251219,211000,105.06,105.06,105.06,105.06,111,0
DBP.US,5,20251219,214000,105.06,105.0601,105.06,105.06,1077,0
DBP.US,5,20251219,214500,105,105,105,105,200,0
DBP.US,5,20251219,215000,105,105,105,105,100,0
DBP.US,5,20251219,215500,104.905,104.905,104.9,104.9,855,0
DBP.US,5,20251222,153500,104.5791,104.5791,104.5791,104.5791,143,0
DBP.US,5,20251222,154000,104.77,104.77,104.77,104.77,100,0
DBP.US,5,20251222,154500,104.77,104.93,104.7333,104.8,1428,0
DBP.US,5,20251222,155500,104.68,104.68,104.68,104.68,361,0
DBP.US,5,20251222,160500,104.6801,104.6801,104.68,104.68,466,0
DBP.US,5,20251222,162500,104.4,104.4,104.4,104.4,307,0
DBP.US,5,20251222,165000,104.8,104.8,104.8,104.8,150,0
DBP.US,5,20251222,172000,104.8,104.865,104.8,104.865,420,0
DBP.US,5,20251222,173000,104.75,104.75,104.75,104.75,100,0
DBP.US,5,20251222,180000,104.8633,104.885,104.8633,104.885,200,0
DBP.US,5,20251222,182500,105.0299,105.03,104.86,104.86,5000,0
DBP.US,5,20251222,195500,104.92,104.92,104.91,104.91,302,0
DBP.US,5,20251222,202000,104.75,104.75,104.75,104.75,210,0
DBP.US,5,20251222,215000,105.01,105.01,105.01,105.01,136,0
DBP.US,5,20251222,215500,105.16,105.16,105.16,105.16,100,0
