<TICKER>,<PER>,<DATE>,<TIME>,<OPEN>,<HIGH>,<LOW>,<CLOSE>,<VOL>,<OPENINT>
EEV.US,5,20250728,153500,23.7489,23.7884,23.7469,23.7884,693.903537645,0
EEV.US,5,20250728,155500,23.887,23.887,23.887,23.887,151.8388485,0
EEV.US,5,20250728,160500,23.8081,23.8081,23.8081,23.8081,50.612949500000006,0
EEV.US,5,20250728,172000,23.7686,23.7686,23.7686,23.7686,50.612949500000006,0
EEV.US,5,20250728,191000,23.8279,23.8279,23.8279,23.8279,202.45179800000003,0
EEV.US,5,20250728,205000,23.8674,23.8674,23.8674,23.8674,1200.5391621400001,0
EEV.US,5,20250728,211500,23.8872,23.8872,23.8872,23.8872,50.612949500000006,0
EEV.US,5,20250728,214000,23.9453,23.9453,23.9247,23.9247,2530.647475,0
EEV.US,5,20250728,215000,23.9103,23.9259,23.8081,23.8378,24933.457312185,0
EEV.US,5,20250728,215500,23.8279,23.8477,23.8081,23.8279,3668.932709255,0
EEV.US,5,20250729,155000,23.7489,23.7489,23.7489,23.7489,50.612949500000006,0
EEV.US,5,20250729,162000,23.7489,23.7489,23.7489,23.7489,1214.710788,0
EEV.US,5,20250729,171000,23.8279,23.8279,23.8279,23.8279,202.45179800000003,0
EEV.US,5,20250729,215000,23.8453,23.8654,23.7915,23.7983,3294.9030124500005,0
EEV.US,5,20250729,215500,23.8471,23.8477,23.8058,23.8477,916.0943859500001,0
EEV.US,5,20250730,153500,23.9366,23.9366,23.9073,23.9366,570.9140703600001,0
EEV.US,5,20250730,160000,23.9662,23.9662,23.9662,23.9662,50.612949500000006,0
EEV.US,5,20250730,162500,24.0255,24.0255,24.0255,24.0255,315.82480488000004,0
EEV.US,5,20250730,211500,24.1835,24.1835,24.1835,24.1835,50.612949500000006,0
EEV.US,5,20250730,215000,24.1658,24.2325,24.1464,24.2325,5057.245914040001,0
EEV.US,5,20250730,215500,24.2234,24.242,24.2211,24.2211,2436.001259435,0
EEV.US,5,20250731,154000,24.4009,24.4009,24.4009,24.4009,151.8388485,0
EEV.US,5,20250731,154500,24.3876,24.3876,24.3876,24.3876,324.429006295,0
EEV.US,5,20250731,155000,24.3614,24.3614,24.3614,24.3614,50.612949500000006,0
EEV.US,5,20250731,160000,24.3305,24.3305,24.3305,24.3305,50.612949500000006,0
EEV.US,5,20250731,162000,24.3031,24.305,24.3031,24.305,226.23988426500003,0
EEV.US,5,20250731,162500,24.3416,24.3416,24.3416,24.3416,50.612949500000006,0
EEV.US,5,20250731,163000,24.3218,24.3218,24.3218,24.3218,50.612949500000006,0
EEV.US,5,20250731,164500,24.2944,24.2944,24.2944,24.2944,79.96846021,0
EEV.US,5,20250731,170000,24.2823,24.2823,24.2823,24.2823,50.612949500000006,0
EEV.US,5,20250731,181500,24.2626,24.2626,24.2626,24.2626,202.45179800000003,0
EEV.US,5,20250731,190000,24.2626,24.2626,24.2626,24.2626,50.612949500000006,0
EEV.US,5,20250731,215000,24.4483,24.4997,24.3959,24.4621,1341.2431617500001,0
EEV.US,5,20250731,215500,24.4795,24.4898,24.4601,24.4817,2315.542439625,0
EEV.US,5,20250801,160500,24.9936,24.9936,24.9936,24.9936,50.612949500000006,0
EEV.US,5,20250801,165000,24.9343,24.9343,24.9343,24.9343,164.99821537000003,0
EEV.US,5,20250801,200000,25.0331,25.0331,25.0331,25.0331,50.612949500000006,0
EEV.US,5,20250801,215000,24.8316,24.8751,24.8316,24.8555,1285.0627878050002,0
EEV.US,5,20250801,215500,24.8355,24.8751,24.8178,24.8178,726.8019548200001,0
EEV.US,5,20250804,153000,24.2033,24.2033,24.2033,24.2033,315.82480488000004,0
EEV.US,5,20250804,160000,24.3218,24.3218,24.3218,24.3218,50.612949500000006,0
EEV.US,5,20250804,203500,24.3218,24.3218,24.3218,24.3218,50.612949500000006,0
EEV.US,5,20250804,213000,24.3671,24.3671,24.322,24.322,111.3484889,0
EEV.US,5,20250804,215000,24.4084,24.4084,24.3949,24.3949,227.75827275000003,0
EEV.US,5,20250805,153000,24.0452,24.0452,24.0255,24.0255,1265.3237375,0
EEV.US,5,20250805,154500,24.0255,24.0255,24.0255,24.0255,202.45179800000003,0
EEV.US,5,20250805,162000,24.0847,24.0847,24.0847,24.0847,50.612949500000006,0
EEV.US,5,20250805,164500,24.2626,24.2626,24.2626,24.2626,202.45179800000003,0
EEV.US,5,20250805,170000,24.2428,24.2428,24.2428,24.2428,50.612949500000006,0
EEV.US,5,20250805,170500,24.2428,24.2428,24.2428,24.2428,76.93168324000001,0
EEV.US,5,20250805,183000,24.144,24.1638,24.144,24.1638,279.38348124000004,0
EEV.US,5,20250805,191000,24.1243,24.1243,24.1243,24.1243,50.612949500000006,0
EEV.US,5,20250805,194500,24.1045,24.1045,24.1045,24.1045,50.612949500000006,0
EEV.US,5,20250805,215000,24.1638,24.1638,24.1638,24.1638,101.22589900000001,0
EEV.US,5,20250805,215500,24.144,24.144,24.144,24.144,3903.7767949350005,0
EEV.US,5,20250806,155500,24.144,24.144,24.144,24.144,50.612949500000006,0
EEV.US,5,20250806,202500,23.986,23.986,23.986,23.986,50.612949500000006,0
EEV.US,5,20250806,203000,23.9664,23.9664,23.9664,23.9664,75.41329475500001,0
EEV.US,5,20250806,205000,23.986,23.986,23.986,23.986,50.612949500000006,0
EEV.US,5,20250806,215000,23.9818,24.0255,23.9818,24.0255,2981.6088550450004,0
EEV.US,5,20250807,164000,23.5908,23.5908,23.5908,23.5908,50.612949500000006,0
EEV.US,5,20250807,171500,23.6422,23.6422,23.6422,23.6422,151.8388485,0
EEV.US,5,20250807,172000,23.591,23.591,23.591,23.591,101.22589900000001,0
EEV.US,5,20250807,173500,23.6139,23.6139,23.6139,23.6139,50.612949500000006,0
EEV.US,5,20250807,175000,23.6106,23.6106,23.6106,23.6106,50.612949500000006,0
EEV.US,5,20250807,193500,23.6698,23.6698,23.6698,23.6698,50.612949500000006,0
EEV.US,5,20250807,210000,23.6501,23.6501,23.6501,23.6501,50.612949500000006,0
EEV.US,5,20250807,215000,23.6283,23.6285,23.6106,23.6106,3064.10796273,0
EEV.US,5,20250808,160500,23.7489,23.7489,23.7489,23.7489,50.612949500000006,0
EEV.US,5,20250808,215000,23.7275,23.7481,23.7093,23.7481,1883.3078508950002,0
EEV.US,5,20250808,215500,23.7469,23.7477,23.7093,23.7451,653.4131780450001,0
EEV.US,5,20250811,153500,23.7686,23.7686,23.7686,23.7686,738.442933205,0
EEV.US,5,20250811,160000,23.7093,23.7093,23.7093,23.7093,50.612949500000006,0
EEV.US,5,20250811,183500,23.7291,23.7291,23.7291,23.7291,50.612949500000006,0
EEV.US,5,20250811,212000,23.7489,23.7489,23.7489,23.7489,50.612949500000006,0
EEV.US,5,20250811,215000,23.7686,23.8062,23.7686,23.8062,395.28713559500005,0
EEV.US,5,20250811,215500,23.8279,23.8279,23.8062,23.8101,344.1680566,0
EEV.US,5,20250812,155500,23.5908,23.5908,23.5908,23.5908,50.612949500000006,0
EEV.US,5,20250812,165500,23.3948,23.3948,23.3948,23.3948,76.425553745,0
EEV.US,5,20250812,170500,23.413,23.413,23.413,23.413,1771.4532325000002,0
EEV.US,5,20250812,171500,23.393,23.393,23.393,23.393,101.22589900000001,0
EEV.US,5,20250812,174000,23.2549,23.2549,23.2549,23.2549,50.612949500000006,0
EEV.US,5,20250812,181000,23.2944,23.2944,23.2944,23.2944,50.612949500000006,0
EEV.US,5,20250812,182500,23.2944,23.2944,23.2944,23.2944,2530.647475,0
EEV.US,5,20250812,194500,23.2154,23.2154,23.2154,23.2154,50.612949500000006,0
EEV.US,5,20250812,215000,23.2529,23.2549,23.2154,23.2529,2502.3042232800003,0
EEV.US,5,20250812,215500,23.2529,23.2537,23.2352,23.2529,522.831768335,0
EEV.US,5,20250813,153000,22.7084,22.7116,22.5855,22.7116,742.9980986600001,0
EEV.US,5,20250813,153500,22.6659,22.6918,22.6659,22.6918,173.09628729000002,0
EEV.US,5,20250813,154000,22.6819,22.6819,22.6819,22.6819,151.8388485,0
EEV.US,5,20250813,155000,22.6029,22.6029,22.6029,22.6029,50.612949500000006,0
EEV.US,5,20250813,161500,22.6622,22.6622,22.6622,22.6622,50.612949500000006,0
EEV.US,5,20250813,163500,22.6029,22.6422,22.6029,22.6422,103.25041698000001,0
EEV.US,5,20250813,164000,22.6128,22.6128,22.6128,22.6128,2024.51798,0
EEV.US,5,20250813,185000,22.7402,22.7402,22.7402,22.7402,68.83361132,0
EEV.US,5,20250813,215000,22.6916,22.7406,22.6819,22.6902,1284.55665831,0
EEV.US,5,20250813,215500,22.6938,22.7116,22.6938,22.7116,131.59366870000002,0
EEV.US,5,20250814,153000,23.2371,23.2371,23.2371,23.2371,94.14008607000001,0
EEV.US,5,20250814,164500,23.1364,23.1364,23.1364,23.1364,50.612949500000006,0
EEV.US,5,20250814,173500,23.3142,23.3142,23.3142,23.3142,6326.6186875,0
EEV.US,5,20250814,182000,23.3339,23.3339,23.3339,23.3339,50.612949500000006,0
EEV.US,5,20250814,211500,23.2154,23.2154,23.2154,23.2154,50.612949500000006,0
EEV.US,5,20250814,215000,23.2784,23.2936,23.2288,23.2503,2484.589690955,0
EEV.US,5,20250814,215500,23.2826,23.2826,23.247,23.2648,2492.18163338,0
EEV.US,5,20250815,154500,23.0771,23.1028,23.0771,23.1028,191.823078605,0
EEV.US,5,20250815,155500,23.1166,23.1166,23.1166,23.1166,50.612949500000006,0
EEV.US,5,20250815,193500,23.2073,23.2073,23.2073,23.2073,50.612949500000006,0
EEV.US,5,20250815,202500,23.1759,23.1759,23.1759,23.1759,50.612949500000006,0
EEV.US,5,20250815,213000,23.2352,23.2352,23.2352,23.2352,50.612949500000006,0
EEV.US,5,20250815,215000,23.1759,23.2352,23.1759,23.2251,528.39919278,0
EEV.US,5,20250815,215500,23.1952,23.1952,23.1848,23.1848,148.29594203500002,0
EEV.US,5,20250818,153500,22.9981,22.9981,22.9609,22.9609,370.48679034,0
EEV.US,5,20250818,154000,22.9597,22.9981,22.9597,22.9744,488.414962675,0
EEV.US,5,20250818,155500,23.0178,23.0573,23.0178,23.0571,5644.862257735001,0
EEV.US,5,20250818,160000,23.0554,23.0554,22.9783,22.9783,2528.116827525,0
EEV.US,5,20250818,160500,22.9783,22.9783,22.9783,22.9783,50.612949500000006,0
EEV.US,5,20250818,161000,23.0158,23.0158,23.0158,23.0158,101.22589900000001,0
EEV.US,5,20250818,164000,22.9783,22.9783,22.9783,22.9783,50.612949500000006,0
EEV.US,5,20250818,202000,23.0376,23.0376,23.0376,23.0376,1113.484889,0
EEV.US,5,20250818,203000,23.0178,23.0178,23.0178,23.0178,2024.51798,0
EEV.US,5,20250818,204500,22.9783,23.0079,22.9783,23.0079,2024.51798,0
EEV.US,5,20250818,213000,22.9388,22.9388,22.9388,22.9388,50.612949500000006,0
EEV.US,5,20250818,215000,22.921,22.9777,22.921,22.9487,2166.740368095,0
EEV.US,5,20250819,155000,23.1103,23.1103,23.1085,23.1085,545.101466115,0
EEV.US,5,20250819,165500,23.1956,23.1956,23.1761,23.1761,3138.0028690000004,0
EEV.US,5,20250819,170000,23.2154,23.2352,23.2154,23.2352,2634.4040214750003,0
EEV.US,5,20250819,172500,23.1956,23.1956,23.1956,23.1956,50.612949500000006,0
EEV.US,5,20250819,201000,23.2944,23.2944,23.2944,23.2944,50.612949500000006,0
EEV.US,5,20250819,215000,23.3632,23.3632,23.3102,23.3339,4407.375642460001,0
EEV.US,5,20250819,215500,23.3162,23.3162,23.3142,23.3142,323.92287680000004,0
EEV.US,5,20250820,155000,23.4792,23.4792,23.4792,23.4792,151.8388485,0
EEV.US,5,20250820,160500,23.5908,23.5908,23.5908,23.5908,50.612949500000006,0
EEV.US,5,20250820,215000,23.4406,23.4406,23.3952,23.4051,434.765236205,0
EEV.US,5,20250821,171000,23.493,23.493,23.493,23.493,50.612949500000006,0
EEV.US,5,20250821,174500,23.4347,23.4347,23.4347,23.4347,506.129495,0
EEV.US,5,20250821,215000,23.5313,23.5313,23.5019,23.5299,1971.8805125200001,0
EEV.US,5,20250821,215500,23.5305,23.5307,23.5019,23.5019,2292.7666123500003,0
EEV.US,5,20250822,153000,23.2154,23.2154,23.2154,23.2154,405.40972549500003,0
EEV.US,5,20250822,155000,23.1751,23.1751,23.1751,23.1751,88.57266162500001,0
EEV.US,5,20250822,163500,22.7541,22.7541,22.7541,22.7541,62.760057380000006,0
EEV.US,5,20250822,164500,22.7234,22.7234,22.7033,22.7033,1012.25899,0
EEV.US,5,20250822,165500,22.7215,22.7215,22.6624,22.6624,3542.9064650000005,0
EEV.US,5,20250822,170500,22.6819,22.7017,22.6819,22.7017,1417.1625860000001,0
EEV.US,5,20250822,171500,22.7215,22.7215,22.7215,22.7215,2935.5510710000003,0
EEV.US,5,20250822,194500,22.6227,22.6227,22.6227,22.6227,759.1942425000001,0
EEV.US,5,20250822,215000,22.5851,22.6505,22.5839,22.6505,2001.2360232300002,0
EEV.US,5,20250822,215500,22.6227,22.6227,22.5832,22.6227,636.204775215,0
EEV.US,5,20250825,154000,22.6622,22.6622,22.6622,22.6622,202.45179800000003,0
EEV.US,5,20250825,215000,22.7815,22.8301,22.7815,22.8301,910.02083201,0
EEV.US,5,20250825,215500,22.8149,22.8598,22.8011,22.8598,293.55510710000004,0
EEV.US,5,20250826,181000,22.8995,22.921,22.8995,22.921,1417.1625860000001,0
EEV.US,5,20250826,181500,22.8989,22.8989,22.8989,22.8989,119.95269031500001,0
EEV.US,5,20250826,215000,22.9358,22.9977,22.9198,22.9892,1165.6162269850001,0
EEV.US,5,20250826,215500,22.9208,22.9208,22.9198,22.9198,195.36598507000002,0
EEV.US,5,20250827,153000,23.5513,23.5513,23.5513,23.5513,255.08926548000002,0
EEV.US,5,20250827,154500,23.4683,23.4683,23.4683,23.4683,102.23815799,0
EEV.US,5,20250827,182500,23.413,23.413,23.3932,23.3932,3087.3899195000004,0
EEV.US,5,20250827,213000,23.3142,23.3142,23.3142,23.3142,193.84759658500002,0
EEV.US,5,20250827,215000,23.2324,23.2537,23.2186,23.2537,2830.2761360400004,0
EEV.US,5,20250828,155500,23.2352,23.2352,23.2352,23.2352,50.612949500000006,0
EEV.US,5,20250828,185500,23.0791,23.0791,23.0791,23.0791,151.8388485,0
EEV.US,5,20250828,194500,23.0771,23.0771,23.0771,23.0771,50.612949500000006,0
EEV.US,5,20250828,215000,23.1146,23.1166,23.087,23.1042,1230.9069318400002,0
EEV.US,5,20250828,215500,23.087,23.087,23.087,23.087,54.15585596500001,0
EEV.US,5,20250829,160000,23.4327,23.4327,23.4327,23.4327,50.612949500000006,0
EEV.US,5,20250829,215000,23.2755,23.3413,23.2755,23.2871,1246.09081669,0
EEV.US,5,20250829,215500,23.2956,23.3241,23.0969,23.0969,1449.5548736800001,0
EEV.US,5,20250902,153500,23.7884,23.7884,23.7884,23.7884,101.22589900000001,0
EEV.US,5,20250902,154500,23.7374,23.7374,23.7374,23.7374,84.52362566500001,0
EEV.US,5,20250902,160500,23.5315,23.5315,23.5315,23.5315,50.612949500000006,0
EEV.US,5,20250902,164500,23.4525,23.4525,23.4525,23.4525,50.612949500000006,0
EEV.US,5,20250902,170000,23.4723,23.492,23.4132,23.492,296.59188407000005,0
EEV.US,5,20250902,170500,23.492,23.492,23.492,23.492,446.91234408500003,0
EEV.US,5,20250902,171000,23.5513,23.5513,23.5513,23.5513,50.612949500000006,0
EEV.US,5,20250902,171500,23.492,23.492,23.492,23.492,50.612949500000006,0
EEV.US,5,20250902,172000,23.5513,23.5513,23.5513,23.5513,50.612949500000006,0
EEV.US,5,20250902,173000,23.5315,23.5513,23.492,23.5513,202.45179800000003,0
EEV.US,5,20250902,173500,23.571,23.571,23.571,23.571,67.82135233000001,0
EEV.US,5,20250902,180000,23.5315,23.5315,23.5315,23.5315,50.612949500000006,0
EEV.US,5,20250902,210000,23.4525,23.4525,23.4525,23.4525,50.612949500000006,0
EEV.US,5,20250902,215000,23.3964,23.4128,23.3964,23.4128,482.84753823000005,0
EEV.US,5,20250902,215500,23.3636,23.3932,23.3636,23.3932,391.238099635,0
EEV.US,5,20250903,155500,23.3142,23.3142,23.3142,23.3142,50.612949500000006,0
EEV.US,5,20250903,215000,23.2593,23.2593,23.2154,23.2174,702.5077390600001,0
EEV.US,5,20250903,215500,23.2352,23.2352,23.2352,23.2352,236.362474165,0
EEV.US,5,20250904,154500,23.5315,23.5315,23.5315,23.5315,50.612949500000006,0
EEV.US,5,20250904,155500,23.5315,23.5315,23.5315,23.5315,50.612949500000006,0
EEV.US,5,20250905,153000,22.8202,22.8202,22.8202,22.8202,506.129495,0
EEV.US,5,20250905,155500,22.6622,22.6622,22.6622,22.6622,50.612949500000006,0
EEV.US,5,20250905,160000,22.7134,22.7134,22.7134,22.7134,151.8388485,0
EEV.US,5,20250905,163500,23.0178,23.0178,23.0178,23.0178,50.612949500000006,0
EEV.US,5,20250905,170000,23.0376,23.0376,23.0376,23.0376,50.612949500000006,0
EEV.US,5,20250905,215000,22.8325,22.8499,22.8204,22.8499,723.7651778500001,0
EEV.US,5,20250905,215500,22.8202,22.8202,22.8202,22.8202,53.143596975,0
EEV.US,5,20250908,154000,22.6029,22.6029,22.6029,22.6029,245.97893457,0
EEV.US,5,20250908,160500,22.5634,22.5634,22.5634,22.5634,50.612949500000006,0
EEV.US,5,20250908,164500,22.6227,22.6227,22.6227,22.6227,1164.0978385,0
EEV.US,5,20250908,165000,22.6207,22.6207,22.6029,22.6029,2277.5827275,0
EEV.US,5,20250908,170000,22.6225,22.6225,22.6225,22.6225,2277.5827275,0
EEV.US,5,20250908,171000,22.5239,22.5239,22.5239,22.5239,6767.457477645001,0
EEV.US,5,20250908,194500,22.6029,22.6029,22.6029,22.6029,1543.6949597500002,0
EEV.US,5,20250908,195000,22.6029,22.6029,22.6029,22.6029,582.04891925,0
EEV.US,5,20250908,215500,22.4251,22.4251,22.4251,22.4251,4783.429857245001,0
EEV.US,5,20250909,161000,22.1793,22.1793,22.1793,22.1793,101.22589900000001,0
EEV.US,5,20250909,162000,22.109,22.109,22.109,22.109,101.22589900000001,0
EEV.US,5,20250909,165000,22.1503,22.188,22.1503,22.188,3690.69627754,0
EEV.US,5,20250909,165500,22.1663,22.186,22.109,22.109,2277.5827275,0
EEV.US,5,20250910,154500,21.8324,21.8324,21.7731,21.7731,192.32920810000002,0
EEV.US,5,20250910,155500,21.8916,21.8916,21.8916,21.8916,50.612949500000006,0
EEV.US,5,20250910,163000,21.7711,21.7731,21.7533,21.7731,2024.0118505050002,0
EEV.US,5,20250910,163500,21.7346,21.7731,21.7346,21.7731,5143.794057685001,0
EEV.US,5,20250910,173000,21.7731,21.7731,21.7731,21.7731,50.612949500000006,0
EEV.US,5,20250910,194500,21.8719,21.8719,21.8719,21.8719,60.73553940000001,0
EEV.US,5,20250910,215000,21.9112,21.9112,21.8818,21.8897,2832.3006540200004,0
EEV.US,5,20250910,215500,21.8818,21.9114,21.8818,21.8897,966.2012059550001,0
EEV.US,5,20250911,160000,21.4372,21.4372,21.4372,21.4372,50.612949500000006,0
EEV.US,5,20250911,163000,21.3779,21.3779,21.3779,21.3779,501.06820005000003,0
EEV.US,5,20250911,192500,21.2594,21.2594,21.2594,21.2594,446.91234408500003,0
EEV.US,5,20250911,215000,21.2969,21.2979,21.2396,21.2949,1151.95073062,0
EEV.US,5,20250911,215500,21.2791,21.2791,21.2791,21.2791,199.92115052500003,0
EEV.US,5,20250912,154500,21.2989,21.2989,21.2989,21.2989,50.612949500000006,0
EEV.US,5,20250912,155500,21.2989,21.2989,21.2989,21.2989,404.90359600000005,0
EEV.US,5,20250912,160000,21.3384,21.3384,21.3384,21.3384,158.92466143000001,0
EEV.US,5,20250912,161500,21.3384,21.3384,21.3384,21.3384,202.45179800000003,0
EEV.US,5,20250912,162500,21.2594,21.2594,21.2594,21.2594,202.45179800000003,0
EEV.US,5,20250912,212500,21.212,21.212,21.212,21.212,60.229409905000004,0
EEV.US,5,20250912,215000,21.2772,21.2772,21.2732,21.2732,511.69691944500005,0
EEV.US,5,20250915,154000,21.0816,21.0816,21.0816,21.0816,50.612949500000006,0
EEV.US,5,20250915,203000,21.0025,21.0025,21.0025,21.0025,50.612949500000006,0
EEV.US,5,20250915,215000,20.9644,21.042,20.9636,21.0401,2426.38479903,0
EEV.US,5,20250915,215500,20.984,21.0258,20.9828,21.0258,388.70745216,0
EEV.US,5,20250916,215000,20.6564,20.6765,20.6489,20.6765,1089.19067324,0
EEV.US,5,20250917,154000,20.5283,20.5283,20.5283,20.5283,626.0821853150001,0
EEV.US,5,20250917,154500,20.4693,20.4693,20.4691,20.4691,148.80207153,0
EEV.US,5,20250917,163000,20.5086,20.5086,20.5086,20.5086,50.612949500000006,0
EEV.US,5,20250917,211500,20.4691,20.4691,20.4691,20.4691,50.612949500000006,0
EEV.US,5,20250917,215000,20.5179,20.5278,20.4695,20.4793,1742.0977217900002,0
EEV.US,5,20250917,215500,20.508,20.508,20.4888,20.4888,3397.6472999350003,0
EEV.US,5,20250918,154500,20.8771,20.8771,20.8771,20.8771,75.91942425,0
EEV.US,5,20250918,170500,20.6747,20.6747,20.6747,20.6747,151.8388485,0
EEV.US,5,20250918,171000,20.7259,20.7259,20.7259,20.7259,50.612949500000006,0
EEV.US,5,20250918,173000,20.6538,20.6538,20.6538,20.6538,50.612949500000006,0
EEV.US,5,20250918,215000,20.6647,20.6661,20.637,20.6449,1585.19757834,0
EEV.US,5,20250919,155500,20.7852,20.7852,20.7852,20.7852,50.612949500000006,0
EEV.US,5,20250919,160000,20.7852,20.7852,20.7852,20.7852,480.82302025,0
EEV.US,5,20250919,173000,20.805,20.805,20.805,20.805,50.612949500000006,0
EEV.US,5,20250919,183500,20.7239,20.7239,20.7239,20.7239,119.44656082000002,0
EEV.US,5,20250919,200000,20.7062,20.7062,20.7062,20.7062,50.612949500000006,0
EEV.US,5,20250919,205500,20.7652,20.7652,20.7652,20.7652,60.73553940000001,0
EEV.US,5,20250919,215000,20.7137,20.7358,20.7062,20.7062,1198.51464416,0
EEV.US,5,20250919,215500,20.7063,20.7063,20.6892,20.6892,327.465783265,0
EEV.US,5,20250922,154000,20.7259,20.7259,20.7259,20.7259,506.129495,0
EEV.US,5,20250922,160000,20.6864,20.6864,20.6864,20.6864,50.612949500000006,0
EEV.US,5,20250922,174500,20.6668,20.6668,20.6668,20.6668,64.27844586500001,0
EEV.US,5,20250922,185500,20.6271,20.6271,20.6271,20.6271,174.10854628,0
EEV.US,5,20250922,215000,20.5303,20.5856,20.522,20.522,2891.517804935,0
EEV.US,5,20250922,215500,20.5481,20.5679,20.5303,20.5679,360.87032993500003,0
EEV.US,5,20250923,153500,20.5086,20.5086,20.5086,20.5086,346.19257458000004,0
EEV.US,5,20250923,155500,20.3513,20.3513,20.3513,20.3513,480.82302025,0
EEV.US,5,20250923,160000,20.39,20.39,20.39,20.39,556.7424445,0
EEV.US,5,20250923,162000,20.3881,20.39,20.3881,20.39,5742.545250270001,0
EEV.US,5,20250923,165000,20.39,20.39,20.39,20.39,50.612949500000006,0
EEV.US,5,20250923,172000,20.3703,20.3703,20.3703,20.3703,50.612949500000006,0
EEV.US,5,20250923,183000,20.4098,20.4098,20.4098,20.4098,50.612949500000006,0
EEV.US,5,20250923,193500,20.5086,20.5086,20.5086,20.5086,86.54814364500001,0
EEV.US,5,20250923,203000,20.5481,20.5481,20.5481,20.5481,50.612949500000006,0
EEV.US,5,20250923,215000,20.539,20.6271,20.4906,20.5461,15804.905740365,0
EEV.US,5,20250923,215500,20.5647,20.5679,20.5283,20.5679,791.0804006850001,0
EEV.US,5,20250924,155500,20.62,20.62,20.62,20.62,50,0
EEV.US,5,20250924,174000,20.57,20.57,20.57,20.57,50,0
EEV.US,5,20250924,180000,20.65,20.65,20.6306,20.6306,217.5,0
EEV.US,5,20250924,182000,20.6708,20.6708,20.6708,20.6708,63,0
EEV.US,5,20250924,215000,20.6892,20.6992,20.6546,20.699,602.5,0
EEV.US,5,20250924,215500,20.6994,20.6994,20.698,20.698,144,0
EEV.US,5,20250925,153500,20.978,20.978,20.978,20.978,250,0
EEV.US,5,20250925,155500,21.06,21.06,21.06,21.06,125,0
EEV.US,5,20250925,164500,20.88,20.898,20.88,20.898,333,0
EEV.US,5,20250925,171500,20.86,20.86,20.86,20.86,50,0
EEV.US,5,20250925,175000,20.84,20.84,20.84,20.84,50,0
EEV.US,5,20250925,184000,20.84,20.84,20.84,20.84,287.5,0
EEV.US,5,20250925,201000,21.001,21.001,21.001,21.001,55.5,0
EEV.US,5,20250925,210000,20.938,20.938,20.938,20.938,50,0
EEV.US,5,20250925,212000,20.96,20.96,20.96,20.96,50,0
EEV.US,5,20250925,215000,20.8876,20.91,20.84,20.8458,17653,0
EEV.US,5,20250925,215500,20.9,20.9,20.862,20.9,374,0
EEV.US,5,20250926,155500,21.18,21.18,21.18,21.18,50,0
EEV.US,5,20250926,162000,21.2358,21.2358,21.2358,21.2358,250,0
EEV.US,5,20250926,173500,21.14,21.14,21.14,21.14,50,0
EEV.US,5,20250926,195500,21.0314,21.0314,21.0314,21.0314,50,0
EEV.US,5,20250926,210000,20.9942,20.9942,20.9942,20.9942,80.5,0
EEV.US,5,20250926,215000,21,21.04,20.96,20.9908,1175.5,0
EEV.US,5,20250926,215500,21.04,21.04,21.04,21.04,50,0
EEV.US,5,20250929,203000,20.602,20.602,20.602,20.602,60,0
EEV.US,5,20250929,212000,20.68,20.68,20.68,20.68,50,0
EEV.US,5,20250929,215000,20.6006,20.6458,20.6004,20.6102,1852,0
EEV.US,5,20250929,215500,20.6018,20.6018,20.6018,20.6018,55,0
EEV.US,5,20250930,155500,20.48,20.48,20.48,20.48,50,0
EEV.US,5,20250930,215000,20.498,20.4994,20.462,20.4994,810.5,0
EEV.US,5,20250930,215500,20.454,20.454,20.454,20.454,91,0
EEV.US,5,20251001,153500,20.2,20.218,20.2,20.2,1850,0
EEV.US,5,20251001,155500,20.2174,20.2174,20.2174,20.2174,750,0
EEV.US,5,20251001,160000,20.2,20.22,20.2,20.22,194,0
EEV.US,5,20251001,161500,20.2,20.2,20.2,20.2,50,0
EEV.US,5,20251001,162000,20.221,20.221,20.221,20.221,61.5,0
EEV.US,5,20251001,191500,20.179,20.179,20.179,20.179,60,0
EEV.US,5,20251001,215000,20.102,20.13,20.1018,20.122,975.5,0
EEV.US,5,20251002,160000,19.9,19.9,19.9,19.9,50,0
EEV.US,5,20251002,173000,20.03,20.03,20.03,20.03,127.5,0
EEV.US,5,20251002,215000,19.9518,19.979,19.9518,19.979,923,0
EEV.US,5,20251002,215500,19.9796,19.9796,19.9796,19.9796,129,0
EEV.US,5,20251003,183500,19.75,19.75,19.75,19.75,129,0
EEV.US,5,20251003,194500,19.86,19.86,19.86,19.86,50,0
EEV.US,5,20251003,195000,19.98,19.98,19.98,19.98,500,0
EEV.US,5,20251003,203000,19.88,19.88,19.88,19.88,50,0
EEV.US,5,20251003,205500,19.893,19.893,19.893,19.893,2206,0
EEV.US,5,20251003,210000,19.8844,19.8844,19.8844,19.8844,3199,0
EEV.US,5,20251003,212000,19.92,19.92,19.92,19.92,400.5,0
EEV.US,5,20251003,215000,19.85,19.8794,19.85,19.878,1328.5,0
EEV.US,5,20251003,215500,19.8696,19.878,19.868,19.878,537.5,0
EEV.US,5,20251006,160000,19.7,19.7,19.7,19.7,50,0
EEV.US,5,20251006,172000,19.687,19.687,19.687,19.687,150,0
EEV.US,5,20251006,182000,19.6812,19.6812,19.6812,19.6812,300,0
EEV.US,5,20251006,200000,19.642,19.642,19.64,19.6404,490.5,0
EEV.US,5,20251006,213500,19.65,19.65,19.65,19.65,100,0
EEV.US,5,20251006,215000,19.642,19.642,19.641,19.642,1245.5,0
EEV.US,5,20251007,153500,19.62,19.62,19.62,19.62,54,0
EEV.US,5,20251007,162000,19.7,19.7,19.7,19.7,50,0
EEV.US,5,20251007,163500,19.7402,19.7402,19.7402,19.7402,67.5,0
EEV.US,5,20251007,173500,19.9196,19.9196,19.9196,19.9196,500,0
EEV.US,5,20251007,175500,19.98,19.98,19.98,19.98,100,0
EEV.US,5,20251007,180000,19.9598,19.9598,19.9598,19.9598,50,0
EEV.US,5,20251007,193500,19.97,19.97,19.97,19.97,50,0
EEV.US,5,20251007,210500,20,20,20,20,250,0
EEV.US,5,20251007,212500,19.98,20.0198,19.98,20.0198,110,0
EEV.US,5,20251007,215000,20.0136,20.0196,20,20.0184,898.5,0
EEV.US,5,20251007,215500,20.0124,20.0124,19.988,19.988,244,0
EEV.US,5,20251008,160500,19.8452,19.8452,19.8452,19.8452,2500,0
EEV.US,5,20251008,174500,19.7774,19.7774,19.7774,19.7774,100,0
EEV.US,5,20251008,181000,19.762,19.793,19.762,19.793,483,0
EEV.US,5,20251008,184000,19.7666,19.7666,19.7666,19.7666,50,0
EEV.US,5,20251008,184500,19.786,19.786,19.786,19.786,150,0
EEV.US,5,20251008,190500,19.74,19.76,19.74,19.76,200,0
EEV.US,5,20251008,201000,19.7998,19.7998,19.78,19.78,1345,0
EEV.US,5,20251008,211000,19.76,19.76,19.74,19.74,110,0
EEV.US,5,20251008,215000,19.715,19.7186,19.715,19.718,599,0
EEV.US,5,20251008,215500,19.718,19.718,19.718,19.718,50,0
EEV.US,5,20251009,153000,19.66,19.66,19.66,19.66,100,0
EEV.US,5,20251009,154000,19.78,19.78,19.78,19.78,50,0
EEV.US,5,20251009,154500,19.86,19.88,19.82,19.82,450,0
EEV.US,5,20251009,163000,19.94,19.94,19.94,19.94,2300,0
EEV.US,5,20251009,163500,19.96,19.96,19.96,19.96,50,0
EEV.US,5,20251009,182500,20.038,20.038,20.038,20.038,200,0
EEV.US,5,20251009,202000,20.159,20.159,20.159,20.159,2250,0
EEV.US,5,20251009,203000,20.18,20.186,20.177,20.186,6500,0
EEV.US,5,20251009,215000,20.118,20.12,20.08,20.1,1219,0
EEV.US,5,20251009,215500,20.12,20.12,20.06,20.12,6971,0
EEV.US,5,20251010,154000,20.06,20.06,20.06,20.06,50,0
EEV.US,5,20251010,154500,20.022,20.06,20.02,20.02,2820.5,0
EEV.US,5,20251010,155000,20.062,20.087,20.06,20.087,7899,0
EEV.US,5,20251010,160000,20.08,20.086,20.08,20.086,2675,0
EEV.US,5,20251010,160500,20.062,20.062,20.062,20.062,100,0
EEV.US,5,20251010,161000,20.1,20.1,20.1,20.1,50,0
EEV.US,5,20251010,161500,20.08,20.08,20.08,20.08,50,0
EEV.US,5,20251010,163500,20.08,20.08,20.08,20.08,50,0
EEV.US,5,20251010,170500,20.56,20.64,20.56,20.64,203.5,0
EEV.US,5,20251010,171000,20.658,20.658,20.62,20.62,260,0
EEV.US,5,20251010,171500,20.66,20.66,20.66,20.66,205,0
EEV.US,5,20251010,172000,20.94,20.94,20.94,20.94,50,0
EEV.US,5,20251010,173000,21.12,21.12,21.08,21.08,344.5,0
EEV.US,5,20251010,174500,20.887,20.887,20.887,20.887,250,0
EEV.US,5,20251010,183000,21.142,21.18,21.14,21.18,4250,0
EEV.US,5,20251010,183500,21.157,21.162,21.157,21.16,905,0
EEV.US,5,20251010,184000,21.16,21.16,21.16,21.16,50,0
EEV.US,5,20251010,185500,21.32,21.32,21.32,21.32,50,0
EEV.US,5,20251010,190000,21.46,21.46,21.46,21.46,62.5,0
EEV.US,5,20251010,191000,21.44,21.44,21.44,21.44,50,0
EEV.US,5,20251010,192000,21.4,21.4,21.4,21.4,50,0
EEV.US,5,20251010,201500,21.42,21.42,21.42,21.42,76.5,0
EEV.US,5,20251010,202500,21.42,21.42,21.42,21.42,50,0
EEV.US,5,20251010,212000,21.6,21.6,21.6,21.6,50,0
EEV.US,5,20251010,215000,21.482,21.513,21.4606,21.5,3389,0
EEV.US,5,20251010,215500,21.5196,21.56,21.5196,21.56,6445.5,0
EEV.US,5,20251013,153500,20.5,20.5,20.482,20.482,625,0
EEV.US,5,20251013,154000,20.54,20.54,20.48,20.48,2612.5,0
EEV.US,5,20251013,154500,20.5156,20.5156,20.48,20.48,1168,0
EEV.US,5,20251013,160000,20.26,20.358,20.26,20.34,4296,0
EEV.US,5,20251013,160500,20.28,20.32,20.28,20.32,270,0
EEV.US,5,20251013,161500,20.3,20.3,20.3,20.3,63.5,0
EEV.US,5,20251013,162000,20.4,20.4,20.4,20.4,75,0
EEV.US,5,20251013,163500,20.24,20.24,20.24,20.24,99.5,0
EEV.US,5,20251013,174500,20.28,20.28,20.28,20.28,50.5,0
EEV.US,5,20251013,191000,20.18,20.18,20.18,20.18,50,0
EEV.US,5,20251013,194500,20.22,20.22,20.22,20.22,109,0
EEV.US,5,20251013,201500,20.2,20.2,20.2,20.2,50,0
EEV.US,5,20251014,155500,20.882,20.882,20.882,20.882,50,0
EEV.US,5,20251014,163500,20.72,20.72,20.72,20.72,50,0
EEV.US,5,20251014,171500,20.7,20.7,20.7,20.7,190,0
EEV.US,5,20251014,174500,20.58,20.58,20.58,20.58,50,0
EEV.US,5,20251014,215000,20.68,20.718,20.66,20.7,596,0
EEV.US,5,20251014,215500,20.738,20.738,20.66,20.661,1133.5,0
EEV.US,5,20251015,154000,20.12,20.12,20.12,20.12,2500,0
EEV.US,5,20251015,155500,20.1,20.1,20.0594,20.0594,5025,0
EEV.US,5,20251015,162000,19.9,19.96,19.9,19.96,100,0
EEV.US,5,20251015,165500,19.94,19.94,19.94,19.94,50,0
EEV.US,5,20251015,172500,19.922,19.923,19.922,19.923,200,0
EEV.US,5,20251015,174000,20.02,20.02,20.02,20.02,50,0
EEV.US,5,20251016,170500,19.56,19.56,19.56,19.56,2550,0
EEV.US,5,20251016,182000,19.7,19.7,19.7,19.7,50,0
EEV.US,5,20251016,185000,19.8,19.8,19.8,19.8,87,0
EEV.US,5,20251016,190000,19.73,19.73,19.73,19.73,1300,0
EEV.US,5,20251016,215000,19.7994,19.7994,19.797,19.798,352.5,0
EEV.US,5,20251017,153000,19.98,19.98,19.98,19.98,50,0
EEV.US,5,20251017,160500,19.95,19.95,19.95,19.95,125,0
EEV.US,5,20251017,163000,19.862,19.862,19.862,19.862,100,0
EEV.US,5,20251017,180500,19.86,19.86,19.86,19.86,50,0
EEV.US,5,20251017,215000,19.838,19.838,19.76,19.8258,576.5,0
EEV.US,5,20251017,215500,19.8262,19.8262,19.78,19.78,168.5,0
EEV.US,5,20251020,153000,19.5,19.5,19.5,19.5,1250,0
EEV.US,5,20251020,153500,19.48,19.48,19.46,19.46,2355,0
EEV.US,5,20251020,154000,19.46,19.46,19.46,19.46,100,0
EEV.US,5,20251020,155000,19.46,19.46,19.46,19.46,50,0
EEV.US,5,20251020,155500,19.48,19.5,19.48,19.5,547,0
EEV.US,5,20251020,160000,19.48,19.48,19.48,19.48,261.5,0
EEV.US,5,20251020,160500,19.48,19.48,19.48,19.48,200,0
EEV.US,5,20251020,161500,19.46,19.46,19.46,19.46,400,0
EEV.US,5,20251020,162000,19.44,19.44,19.42,19.42,883.5,0
EEV.US,5,20251020,163000,19.38,19.38,19.38,19.38,100,0
EEV.US,5,20251020,164500,19.3,19.3,19.3,19.3,170.5,0
EEV.US,5,20251020,171500,19.28,19.28,19.28,19.28,50,0
EEV.US,5,20251020,172500,19.22,19.23,19.22,19.22,706,0
EEV.US,5,20251020,173500,19.22,19.22,19.22,19.22,50,0
EEV.US,5,20251020,174000,19.22,19.22,19.22,19.22,700,0
EEV.US,5,20251020,175000,19.22,19.26,19.22,19.24,307.5,0
EEV.US,5,20251020,175500,19.24,19.24,19.24,19.24,453,0
EEV.US,5,20251020,180500,19.26,19.26,19.24,19.24,687,0
EEV.US,5,20251020,181000,19.26,19.26,19.26,19.26,50,0
EEV.US,5,20251020,182000,19.26,19.26,19.26,19.26,2956,0
EEV.US,5,20251020,183000,19.25,19.28,19.25,19.28,160.5,0
EEV.US,5,20251020,184000,19.262,19.262,19.2608,19.2608,287.5,0
EEV.US,5,20251020,184500,19.26,19.28,19.26,19.26,380,0
EEV.US,5,20251020,185500,19.26,19.26,19.26,19.26,480,0
EEV.US,5,20251020,190000,19.26,19.26,19.26,19.26,1200,0
EEV.US,5,20251020,193000,19.26,19.26,19.26,19.26,550,0
EEV.US,5,20251020,194000,19.247,19.247,19.247,19.247,125,0
EEV.US,5,20251020,201500,19.22,19.22,19.22,19.22,3890,0
EEV.US,5,20251020,203500,19.24,19.24,19.24,19.24,529,0
EEV.US,5,20251020,205000,19.26,19.26,19.26,19.26,2290.5,0
EEV.US,5,20251020,211500,19.24,19.26,19.24,19.26,898,0
EEV.US,5,20251020,212000,19.26,19.26,19.26,19.26,162.5,0
EEV.US,5,20251020,212500,19.26,19.26,19.26,19.26,2210.5,0
EEV.US,5,20251020,213000,19.2688,19.2688,19.24,19.24,160.5,0
EEV.US,5,20251020,213500,19.26,19.26,19.26,19.26,500,0
EEV.US,5,20251020,215000,19.22,19.25,19.22,19.24,523,0
EEV.US,5,20251020,215500,19.25,19.25,19.25,19.25,84,0
EEV.US,5,20251021,153000,19.46,19.54,19.46,19.54,400,0
EEV.US,5,20251021,153500,19.58,19.58,19.58,19.58,350,0
EEV.US,5,20251021,154000,19.56,19.64,19.56,19.64,550,0
EEV.US,5,20251021,154500,19.64,19.66,19.64,19.66,1129.5,0
EEV.US,5,20251021,155000,19.64,19.64,19.64,19.64,300,0
EEV.US,5,20251021,155500,19.66,19.66,19.66,19.66,300,0
EEV.US,5,20251021,160500,19.64,19.64,19.64,19.64,175.5,0
EEV.US,5,20251021,161000,19.62,19.62,19.6,19.6,200,0
EEV.US,5,20251021,161500,19.58,19.58,19.58,19.58,1800,0
EEV.US,5,20251021,162000,19.54,19.54,19.54,19.54,769.5,0
EEV.US,5,20251021,163500,19.62,19.62,19.62,19.62,50,0
EEV.US,5,20251021,164000,19.62,19.62,19.62,19.62,50,0
EEV.US,5,20251021,164500,19.62,19.62,19.62,19.62,500,0
EEV.US,5,20251021,165000,19.62,19.62,19.62,19.62,1100,0
EEV.US,5,20251021,170500,19.58,19.58,19.58,19.58,100,0
EEV.US,5,20251021,175500,19.56,19.56,19.56,19.56,1100.5,0
EEV.US,5,20251021,180000,19.54,19.54,19.54,19.54,200,0
EEV.US,5,20251021,181000,19.56,19.56,19.56,19.56,227,0
EEV.US,5,20251021,185000,19.64,19.64,19.64,19.64,465,0
EEV.US,5,20251021,185500,19.64,19.64,19.64,19.64,700,0
EEV.US,5,20251021,191000,19.64,19.65,19.64,19.65,1000,0
EEV.US,5,20251021,192000,19.66,19.66,19.66,19.66,325,0
EEV.US,5,20251021,192500,19.68,19.68,19.68,19.68,111,0
EEV.US,5,20251021,193000,19.6766,19.6766,19.6716,19.6716,299.5,0
EEV.US,5,20251021,210000,19.64,19.66,19.64,19.66,14525,0
EEV.US,5,20251021,212000,19.6598,19.6598,19.6598,19.6598,500,0
EEV.US,5,20251021,214500,19.6712,19.6712,19.6712,19.6712,93,0
EEV.US,5,20251021,215000,19.6634,19.67,19.662,19.67,257,0
EEV.US,5,20251021,215500,19.6634,19.71,19.6634,19.71,131,0
EEV.US,5,20251022,161000,19.5096,19.5096,19.5096,19.5096,299.5,0
EEV.US,5,20251022,161500,19.48,19.48,19.48,19.48,500,0
EEV.US,5,20251022,185500,19.72,19.72,19.72,19.72,50,0
EEV.US,5,20251022,193000,19.8568,19.8568,19.8568,19.8568,119.5,0
EEV.US,5,20251022,201500,19.91,19.91,19.91,19.91,187.5,0
EEV.US,5,20251022,203000,19.8264,19.8598,19.8264,19.8598,110,0
EEV.US,5,20251022,204000,19.82,19.82,19.82,19.82,50,0
EEV.US,5,20251022,205500,19.82,19.82,19.82,19.82,2493.5,0
EEV.US,5,20251022,214500,19.726,19.726,19.726,19.726,93,0
EEV.US,5,20251022,215000,19.7476,19.7584,19.7,19.7584,7062,0
EEV.US,5,20251022,215500,19.7434,19.7434,19.7434,19.7434,68,0
EEV.US,5,20251023,153500,19.56,19.56,19.5,19.5,2178.5,0
EEV.US,5,20251023,154500,19.48,19.48,19.48,19.48,59.5,0
EEV.US,5,20251023,155500,19.5,19.5004,19.5,19.5004,2170,0
EEV.US,5,20251023,160000,19.5036,19.5036,19.5,19.5,400,0
EEV.US,5,20251023,161500,19.54,19.56,19.54,19.56,708.5,0
EEV.US,5,20251023,163000,19.48,19.48,19.48,19.48,1550,0
EEV.US,5,20251023,164000,19.46,19.46,19.46,19.46,403.5,0
EEV.US,5,20251023,165000,19.44,19.44,19.44,19.44,1100,0
EEV.US,5,20251023,170500,19.42,19.42,19.42,19.42,50,0
EEV.US,5,20251023,171000,19.44,19.44,19.44,19.44,50,0
EEV.US,5,20251023,171500,19.46,19.46,19.46,19.46,50,0
EEV.US,5,20251023,173000,19.44,19.44,19.44,19.44,1575.5,0
EEV.US,5,20251023,174500,19.46,19.46,19.46,19.46,251,0
EEV.US,5,20251023,181500,19.42,19.42,19.42,19.42,50,0
EEV.US,5,20251023,182500,19.44,19.44,19.44,19.44,535.5,0
EEV.US,5,20251023,190500,19.44,19.44,19.44,19.44,50,0
EEV.US,5,20251023,191000,19.46,19.46,19.46,19.46,654.5,0
EEV.US,5,20251023,192000,19.44,19.44,19.44,19.44,1400,0
EEV.US,5,20251023,193500,19.4,19.4,19.36,19.36,165,0
EEV.US,5,20251023,195000,19.33,19.333,19.33,19.333,110,0
EEV.US,5,20251023,201000,19.36,19.36,19.36,19.36,400,0
EEV.US,5,20251023,201500,19.36,19.36,19.36,19.36,800,0
EEV.US,5,20251023,203000,19.32,19.32,19.32,19.32,500,0
EEV.US,5,20251023,203500,19.34,19.34,19.34,19.34,500,0
EEV.US,5,20251023,210000,19.34,19.34,19.34,19.34,320,0
EEV.US,5,20251023,212000,19.34,19.34,19.34,19.34,150,0
EEV.US,5,20251023,212500,19.35,19.35,19.35,19.35,150,0
EEV.US,5,20251023,214500,19.38,19.38,19.37,19.3758,429.5,0
EEV.US,5,20251023,215000,19.3828,19.42,19.3828,19.42,740.5,0
EEV.US,5,20251023,215500,19.39,19.41,19.3828,19.41,808.5,0
EEV.US,5,20251024,155500,19.1,19.1,19.1,19.1,50,0
EEV.US,5,20251024,160500,19.14,19.14,19.12,19.12,350,0
EEV.US,5,20251024,161000,19.12,19.12,19.12,19.12,402.5,0
EEV.US,5,20251024,165000,19.14,19.18,19.14,19.18,550,0
EEV.US,5,20251024,170500,19.18,19.18,19.18,19.18,570,0
EEV.US,5,20251024,175500,19.16,19.16,19.16,19.16,850,0
EEV.US,5,20251024,180500,19.14,19.14,19.14,19.14,850,0
EEV.US,5,20251024,181500,19.14,19.14,19.14,19.14,750,0
EEV.US,5,20251024,182000,19.14,19.14,19.14,19.14,2700,0
EEV.US,5,20251024,183000,19.16,19.16,19.16,19.16,3857,0
EEV.US,5,20251024,191500,19.15,19.15,19.15,19.15,600,0
EEV.US,5,20251024,192000,19.14,19.14,19.14,19.14,475,0
EEV.US,5,20251024,193500,19.14,19.14,19.14,19.14,1300,0
EEV.US,5,20251024,210000,19.16,19.16,19.16,19.16,2050,0
EEV.US,5,20251024,214500,19.1406,19.1406,19.1406,19.1406,83,0
EEV.US,5,20251024,215000,19.1598,19.16,19.14,19.14,1110,0
EEV.US,5,20251024,215500,19.16,19.16,19.158,19.158,205.5,0
EEV.US,5,20251027,143000,18.76,18.8,18.739,18.74,8050,0
EEV.US,5,20251027,144000,18.8,18.8,18.78,18.8,463,0
EEV.US,5,20251027,151500,18.82,18.88,18.82,18.88,1094.5,0
EEV.US,5,20251027,152000,18.88,18.88,18.88,18.88,100,0
EEV.US,5,20251027,164500,18.82,18.82,18.82,18.82,190,0
EEV.US,5,20251027,204500,18.7664,18.7664,18.7664,18.7664,96.5,0
EEV.US,5,20251027,205000,18.762,18.78,18.76,18.76,1915,0
EEV.US,5,20251027,205500,18.778,18.78,18.76,18.76,4680.5,0
EEV.US,5,20251028,144000,18.98,18.98,18.98,18.98,50,0
EEV.US,5,20251028,144500,18.96,18.96,18.96,18.96,50,0
EEV.US,5,20251028,145500,18.96,18.96,18.94,18.96,850,0
EEV.US,5,20251028,152500,18.92,18.92,18.92,18.92,50,0
EEV.US,5,20251028,164000,18.92,18.92,18.92,18.92,50,0
EEV.US,5,20251028,184000,18.76,18.76,18.76,18.76,50,0
EEV.US,5,20251028,184500,18.76,18.76,18.76,18.76,412.5,0
EEV.US,5,20251028,185500,18.76,18.76,18.76,18.76,50,0
EEV.US,5,20251028,194500,18.76,18.76,18.76,18.76,50,0
EEV.US,5,20251028,201500,18.76,18.76,18.76,18.76,50,0
EEV.US,5,20251028,205000,18.75,18.7556,18.75,18.75,868,0
EEV.US,5,20251028,205500,18.76,18.77,18.742,18.77,6934.5,0
EEV.US,5,20251029,151500,18.44,18.46,18.44,18.46,723,0
EEV.US,5,20251029,152000,18.42,18.42,18.42,18.42,100,0
EEV.US,5,20251029,154000,18.44,18.44,18.44,18.44,50,0
EEV.US,5,20251029,160500,18.4,18.4,18.4,18.4,100,0
EEV.US,5,20251029,161000,18.42,18.42,18.42,18.42,100,0
EEV.US,5,20251029,161500,18.42,18.42,18.42,18.42,50,0
EEV.US,5,20251029,162000,18.4,18.4,18.4,18.4,100,0
EEV.US,5,20251029,165000,18.42,18.42,18.42,18.42,100,0
EEV.US,5,20251029,195500,18.58,18.58,18.58,18.58,50,0
EEV.US,5,20251029,200000,18.5354,18.5354,18.5354,18.5354,60.5,0
EEV.US,5,20251029,200500,18.64,18.64,18.64,18.64,50,0
EEV.US,5,20251029,201000,18.6,18.6,18.6,18.6,100,0
EEV.US,5,20251029,204500,18.59,18.59,18.59,18.59,186,0
EEV.US,5,20251029,205000,18.576,18.58,18.56,18.5798,1465,0
EEV.US,5,20251029,205500,18.5798,18.58,18.5798,18.58,570.5,0
EEV.US,5,20251030,144500,18.92,18.92,18.92,18.92,50,0
EEV.US,5,20251030,145000,18.88,18.88,18.88,18.88,50,0
EEV.US,5,20251030,153000,18.88,18.88,18.88,18.88,50,0
EEV.US,5,20251030,162000,18.84,18.84,18.84,18.84,50,0
EEV.US,5,20251030,162500,18.84,18.851,18.84,18.84,14951.5,0
EEV.US,5,20251030,173500,18.88,18.88,18.88,18.88,50,0
EEV.US,5,20251030,185500,18.81,18.81,18.81,18.81,50,0
EEV.US,5,20251030,190000,18.82,18.82,18.82,18.82,50,0
EEV.US,5,20251030,200000,18.8408,18.8408,18.8408,18.8408,60.5,0
EEV.US,5,20251030,204500,18.96,18.96,18.96,18.96,50,0
EEV.US,5,20251030,205000,18.94,18.9598,18.94,18.9598,3236,0
EEV.US,5,20251030,205500,18.95,18.96,18.95,18.96,1107.5,0
EEV.US,5,20251031,153000,19.12,19.12,19.12,19.12,50,0
EEV.US,5,20251031,181000,19.18,19.18,19.18,19.18,50,0
EEV.US,5,20251031,194500,19.102,19.102,19.1,19.1002,1330,0
EEV.US,5,20251031,200000,19.0954,19.0954,19.0954,19.0954,58.5,0
EEV.US,5,20251031,202000,19.08,19.08,19.08,19.08,50,0
EEV.US,5,20251031,205500,19.04,19.04,19.02,19.02,1429.5,0
EEV.US,5,20251103,162500,18.98,18.99,18.98,18.99,255,0
EEV.US,5,20251103,163000,19,19,19,19,50,0
EEV.US,5,20251103,164000,18.8954,18.8954,18.8954,18.8954,80.5,0
EEV.US,5,20251103,172500,18.86,18.86,18.86,18.86,50,0
EEV.US,5,20251103,173000,18.83,18.83,18.83,18.83,329.5,0
EEV.US,5,20251103,173500,18.84,18.84,18.84,18.84,251,0
EEV.US,5,20251103,215000,18.787,18.787,18.787,18.787,51,0
EEV.US,5,20251103,215500,18.79,18.79,18.79,18.79,69.5,0
EEV.US,5,20251104,154500,19.349,19.349,19.349,19.349,75,0
EEV.US,5,20251104,163000,19.26,19.26,19.26,19.26,50,0
EEV.US,5,20251104,184500,19.33,19.33,19.33,19.33,500,0
EEV.US,5,20251104,210000,19.4284,19.4284,19.4284,19.4284,58.5,0
EEV.US,5,20251104,212000,19.44,19.44,19.44,19.44,102,0
EEV.US,5,20251104,215000,19.4826,19.5,19.48,19.49,8558.5,0
EEV.US,5,20251104,215500,19.49,19.52,19.4802,19.52,4292.5,0
EEV.US,5,20251105,160500,19.267,19.2832,19.267,19.2832,855,0
EEV.US,5,20251105,161000,19.34,19.34,19.34,19.34,199.5,0
EEV.US,5,20251105,163000,19.2432,19.26,19.2402,19.2402,352,0
EEV.US,5,20251105,164000,19.26,19.26,19.26,19.26,50,0
EEV.US,5,20251105,175500,19.1878,19.1878,19.1878,19.1878,75,0
EEV.US,5,20251105,193000,19.13,19.13,19.13,19.13,100,0
EEV.US,5,20251105,201500,19.1316,19.1316,19.1316,19.1316,250,0
EEV.US,5,20251105,210000,19.0968,19.0968,19.0968,19.0968,77.5,0
EEV.US,5,20251105,215000,19.1332,19.14,19.1,19.14,6765.5,0
EEV.US,5,20251105,215500,19.13,19.176,19.12,19.176,7894.5,0
EEV.US,5,20251106,154500,19.2,19.21,19.2,19.21,110,0
EEV.US,5,20251106,160000,19.38,19.38,19.38,19.38,54,0
EEV.US,5,20251106,162500,19.3,19.3,19.3,19.3,200,0
EEV.US,5,20251106,164500,19.47,19.47,19.47,19.47,1256,0
EEV.US,5,20251106,172500,19.52,19.52,19.52,19.52,190,0
EEV.US,5,20251106,182500,19.54,19.54,19.54,19.54,50,0
EEV.US,5,20251106,194500,19.38,19.38,19.38,19.38,50,0
EEV.US,5,20251106,200000,19.38,19.38,19.38,19.38,50,0
EEV.US,5,20251106,201500,19.34,19.34,19.34,19.34,50,0
EEV.US,5,20251106,210000,19.32,19.3202,19.32,19.3202,100,0
EEV.US,5,20251106,214500,19.43,19.43,19.43,19.43,184,0
EEV.US,5,20251106,215000,19.4204,19.4348,19.4,19.402,1623.5,0
EEV.US,5,20251106,215500,19.45,19.45,19.44,19.45,4153.5,0
EEV.US,5,20251107,153500,19.9916,19.9916,19.9916,19.9916,250,0
EEV.US,5,20251107,154000,19.96,19.96,19.96,19.96,154.5,0
EEV.US,5,20251107,155000,19.92,19.92,19.92,19.92,332,0
EEV.US,5,20251107,160000,19.88,19.88,19.88,19.88,50,0
EEV.US,5,20251107,163500,19.86,19.893,19.86,19.893,2550,0
EEV.US,5,20251107,165000,19.96,19.96,19.96,19.96,50,0
EEV.US,5,20251107,165500,20,20,20,20,2498,0
EEV.US,5,20251107,173500,20.009,20.009,20.009,20.009,112.5,0
EEV.US,5,20251107,174500,20,20,20,20,50,0
EEV.US,5,20251107,180000,20.078,20.0798,20.078,20.0798,542.5,0
EEV.US,5,20251107,180500,20.078,20.078,20.07,20.07,542.5,0
EEV.US,5,20251107,181500,20.02,20.02,20.02,20.02,50,0
EEV.US,5,20251107,184500,19.94,19.94,19.94,19.94,50,0
EEV.US,5,20251107,205000,19.7,19.7,19.7,19.7,50,0
EEV.US,5,20251107,215000,19.698,19.698,19.642,19.642,680.5,0
EEV.US,5,20251107,215500,19.618,19.618,19.61,19.61,138.5,0
EEV.US,5,20251110,154000,19.06,19.06,19.06,19.06,95.5,0
EEV.US,5,20251110,155000,19.1,19.1,19.1,19.1,50.5,0
EEV.US,5,20251110,160500,19.04,19.04,19.04,19.04,50,0
EEV.US,5,20251110,164500,19.08,19.08,19.08,19.08,50,0
EEV.US,5,20251110,165000,19.12,19.12,19.12,19.12,50,0
EEV.US,5,20251110,170000,19.16,19.16,19.16,19.16,50,0
EEV.US,5,20251110,170500,19.16,19.16,19.16,19.16,50,0
EEV.US,5,20251110,172000,19.14,19.14,19.14,19.14,2550,0
EEV.US,5,20251110,173000,19.14,19.14,19.14,19.14,50,0
EEV.US,5,20251110,180000,19.1,19.1,19.1,19.1,2150,0
EEV.US,5,20251110,182500,19.07,19.078,19.06,19.06,2744,0
EEV.US,5,20251110,183500,19.02,19.02,19.02,19.02,50,0
EEV.US,5,20251110,210000,18.9168,18.9168,18.9168,18.9168,56,0
EEV.US,5,20251110,212500,18.9,18.9,18.9,18.9,50,0
EEV.US,5,20251110,213500,18.9,18.9,18.89,18.89,6365,0
EEV.US,5,20251110,214000,18.88,18.88,18.88,18.88,50,0
EEV.US,5,20251110,214500,18.88,18.88,18.88,18.88,100,0
EEV.US,5,20251110,215000,18.88,18.8998,18.8602,18.88,3296.5,0
EEV.US,5,20251110,215500,18.89,18.91,18.88,18.88,5214.5,0
EEV.US,5,20251111,163000,18.92,18.92,18.92,18.92,50,0
EEV.US,5,20251111,210000,18.8242,18.8242,18.8242,18.8242,81,0
EEV.US,5,20251111,212000,18.8286,18.8286,18.8286,18.8286,2654,0
EEV.US,5,20251111,215000,18.8436,18.8598,18.82,18.8202,2844.5,0
EEV.US,5,20251111,215500,18.83,18.86,18.82,18.86,1257,0
EEV.US,5,20251112,161500,18.92,18.92,18.92,18.92,116.5,0
EEV.US,5,20251112,163500,18.92,18.92,18.92,18.92,100,0
EEV.US,5,20251112,165000,18.92,18.92,18.92,18.92,50,0
EEV.US,5,20251112,172000,18.92,18.92,18.92,18.92,50,0
EEV.US,5,20251112,174500,18.94,18.94,18.94,18.94,50,0
EEV.US,5,20251112,195000,18.87,18.87,18.87,18.87,50,0
EEV.US,5,20251113,163500,18.94,18.94,18.94,18.94,50,0
EEV.US,5,20251113,172000,19.08,19.08,19.08,19.08,250,0
EEV.US,5,20251113,191500,19.2316,19.2316,19.2,19.2,5813.5,0
EEV.US,5,20251113,192000,19.22,19.2278,19.22,19.22,10309.5,0
EEV.US,5,20251113,194000,19.34,19.34,19.34,19.34,50,0
EEV.US,5,20251113,195500,19.32,19.32,19.32,19.32,50.5,0
EEV.US,5,20251113,201000,19.34,19.34,19.34,19.34,188.5,0
EEV.US,5,20251113,202500,19.3,19.3,19.3,19.3,350,0
EEV.US,5,20251113,215000,19.2796,19.2916,19.2796,19.2916,357.5,0
EEV.US,5,20251113,215500,19.29,19.29,19.29,19.29,362.5,0
EEV.US,5,20251114,153000,19.6784,19.6784,19.6784,19.6784,1000,0
EEV.US,5,20251114,155000,19.36,19.36,19.36,19.36,50,0
EEV.US,5,20251114,164000,19.22,19.22,19.22,19.22,995,0
EEV.US,5,20251114,164500,19.14,19.14,19.14,19.14,50,0
EEV.US,5,20251114,190000,19.24,19.24,19.24,19.24,150,0
EEV.US,5,20251114,190500,19.36,19.36,19.36,19.36,53.5,0
EEV.US,5,20251114,201000,19.3,19.3,19.3,19.3,50,0
EEV.US,5,20251114,215000,19.2888,19.3144,19.282,19.29,649.5,0
EEV.US,5,20251114,215500,19.2966,19.2966,19.2966,19.2966,109,0
EEV.US,5,20251117,200000,19.671,19.671,19.671,19.671,60,0
EEV.US,5,20251117,205500,19.82,19.82,19.82,19.82,50,0
EEV.US,5,20251117,215000,19.773,19.7798,19.753,19.774,758.5,0
EEV.US,5,20251117,215500,19.753,19.78,19.7204,19.78,946,0
EEV.US,5,20251118,154000,20.04,20.042,20.04,20.04,5000,0
EEV.US,5,20251118,163000,20.06,20.06,20.06,20.06,50,0
EEV.US,5,20251118,165000,20.16,20.16,20.16,20.16,50,0
EEV.US,5,20251118,172000,20.073,20.073,20.073,20.073,62.5,0
EEV.US,5,20251118,212500,19.92,19.92,19.92,19.92,50,0
EEV.US,5,20251118,215000,19.9006,19.93,19.9006,19.9246,524,0
EEV.US,5,20251118,215500,19.95,19.95,19.94,19.9402,963.5,0
EEV.US,5,20251119,164500,20,20,20,20,150,0
EEV.US,5,20251119,190500,20.102,20.1068,20.102,20.102,1150,0
EEV.US,5,20251119,215000,20.06,20.0758,20.06,20.074,290,0
EEV.US,5,20251119,215500,20.062,20.07,20.05,20.07,443.5,0
EEV.US,5,20251120,165500,19.82,19.82,19.82,19.82,300,0
EEV.US,5,20251120,182500,20.419,20.419,20.419,20.419,150,0
EEV.US,5,20251120,215000,20.635,20.635,20.6208,20.621,587,0
EEV.US,5,20251121,163000,21.1,21.1,21.1,21.1,1000,0
EEV.US,5,20251121,163500,21.22,21.24,21.21,21.21,2200,0
EEV.US,5,20251121,194500,20.68,20.68,20.68,20.68,150,0
EEV.US,5,20251121,215500,20.67,20.67,20.67,20.67,127,0
EEV.US,5,20251124,153000,20.8,20.8,20.8,20.8,248,0
EEV.US,5,20251124,164000,20.37,20.37,20.37,20.37,1000,0
EEV.US,5,20251124,191000,20.32,20.32,20.32,20.32,100,0
EEV.US,5,20251124,215000,20.25,20.27,20.24,20.24,311,0
EEV.US,5,20251124,215500,20.2318,20.2318,20.23,20.23,249,0
EEV.US,5,20251125,175000,20.38,20.38,20.38,20.38,100,0
EEV.US,5,20251125,215500,20.15,20.15,20.131,20.14,2296,0
EEV.US,5,20251126,190500,19.8,19.8,19.8,19.8,156,0
EEV.US,5,20251126,195500,19.86,19.86,19.86,19.86,821,0
EEV.US,5,20251126,215500,19.81,19.8319,19.81,19.8319,416,0
EEV.US,5,20251128,182500,19.7913,19.7913,19.7913,19.7913,100,0
EEV.US,5,20251128,185000,19.81,19.81,19.81,19.81,200,0
EEV.US,5,20251201,153000,19.93,19.93,19.93,19.93,200,0
EEV.US,5,20251201,163000,19.85,19.85,19.85,19.85,100,0
EEV.US,5,20251201,170000,19.761,19.761,19.761,19.761,116,0
EEV.US,5,20251201,183000,19.74,19.741,19.74,19.7402,1736,0
EEV.US,5,20251201,184000,19.751,19.751,19.751,19.751,221,0
EEV.US,5,20251201,205000,19.8108,19.8108,19.8108,19.8108,100,0
EEV.US,5,20251201,213000,19.83,19.83,19.83,19.83,100,0
EEV.US,5,20251201,215000,19.849,19.8493,19.8453,19.8493,1395,0
EEV.US,5,20251201,215500,19.86,19.869,19.845,19.86,4281,0
EEV.US,5,20251202,181500,19.89,19.89,19.89,19.89,100,0
EEV.US,5,20251202,210000,19.825,19.825,19.825,19.825,252,0
EEV.US,5,20251202,215000,19.7997,19.7997,19.7704,19.78,1323,0
EEV.US,5,20251202,215500,19.7952,19.82,19.79,19.82,1139,0
EEV.US,5,20251203,215000,19.815,19.82,19.7881,19.82,881,0
EEV.US,5,20251203,215500,19.798,19.798,19.798,19.798,1941,0
EEV.US,5,20251204,161000,19.86,19.86,19.86,19.86,100,0
EEV.US,5,20251204,172500,19.8,19.8,19.8,19.8,550,0
EEV.US,5,20251204,175000,19.8,19.8064,19.8,19.8064,2410,0
EEV.US,5,20251204,183500,19.81,19.81,19.81,19.81,100,0
EEV.US,5,20251204,202500,19.86,19.86,19.86,19.86,100,0
EEV.US,5,20251204,212500,19.839,19.839,19.839,19.839,2423,0
EEV.US,5,20251204,215000,19.84,19.84,19.829,19.839,1462,0
EEV.US,5,20251204,215500,19.83,19.83,19.83,19.83,466,0
EEV.US,5,20251205,153000,19.38,19.38,19.38,19.38,2600,0
EEV.US,5,20251205,155500,19.3101,19.3101,19.3101,19.3101,125,0
EEV.US,5,20251205,162500,19.26,19.26,19.26,19.26,1085,0
EEV.US,5,20251205,165500,19.34,19.34,19.34,19.34,100,0
EEV.US,5,20251205,202500,19.52,19.52,19.52,19.52,100,0
EEV.US,5,20251205,211500,19.54,19.54,19.5,19.5,700,0
EEV.US,5,20251205,215000,19.5692,19.58,19.5,19.5,14636,0
EEV.US,5,20251205,215500,19.51,19.53,19.51,19.53,211,0
EEV.US,5,20251208,153500,19.5,19.5,19.5,19.5,364,0
EEV.US,5,20251208,162000,19.6181,19.6181,19.6181,19.6181,104,0
EEV.US,5,20251208,170000,19.691,19.691,19.68,19.68,2362,0
EEV.US,5,20251208,173000,19.65,19.65,19.65,19.65,100,0
EEV.US,5,20251208,191000,19.59,19.59,19.59,19.59,100,0
EEV.US,5,20251208,215000,19.62,19.6297,19.59,19.59,15358,0
EEV.US,5,20251208,215500,19.6236,19.629,19.6236,19.629,240,0
EEV.US,5,20251209,161000,19.79,19.79,19.79,19.79,100,0
EEV.US,5,20251209,180000,19.71,19.71,19.71,19.71,100,0
EEV.US,5,20251209,215000,19.662,19.68,19.65,19.67,18548,0
EEV.US,5,20251209,215500,19.6794,19.6794,19.6794,19.6794,329,0
EEV.US,5,20251210,162000,19.58,19.58,19.58,19.58,100,0
EEV.US,5,20251210,201000,19.45,19.45,19.45,19.45,200,0
EEV.US,5,20251210,205500,19.35,19.35,19.31,19.31,5851,0
EEV.US,5,20251210,211000,19.232,19.232,19.232,19.232,250,0
EEV.US,5,20251210,215500,19.2283,19.2283,19.2283,19.2283,469,0
EEV.US,5,20251211,153500,19.6196,19.6196,19.6196,19.6196,100,0
EEV.US,5,20251211,215000,19.4263,19.435,19.41,19.411,15127,0
EEV.US,5,20251211,215500,19.4516,19.4516,19.43,19.43,268,0
EEV.US,5,20251212,162500,19.7,19.71,19.7,19.71,4150,0
EEV.US,5,20251212,163000,19.75,19.75,19.75,19.75,2500,0
EEV.US,5,20251212,165500,19.82,19.82,19.82,19.82,100,0
EEV.US,5,20251212,182000,19.85,19.85,19.85,19.85,100,0
EEV.US,5,20251212,204500,19.86,19.86,19.86,19.86,100,0
EEV.US,5,20251212,215000,19.919,19.919,19.9112,19.9112,311,0
EEV.US,5,20251215,160000,19.849,19.849,19.8429,19.8429,225,0
EEV.US,5,20251215,161500,19.85,19.85,19.85,19.85,100,0
EEV.US,5,20251215,163000,19.88,19.88,19.88,19.88,729,0
EEV.US,5,20251215,163500,19.91,19.91,19.91,19.91,100,0
EEV.US,5,20251215,170500,19.82,19.82,19.82,19.82,100,0
EEV.US,5,20251215,204500,19.92,19.94,19.9151,19.94,829,0
EEV.US,5,20251215,215000,19.98,19.98,19.98,19.98,161,0
EEV.US,5,20251215,215500,19.98,20.03,19.98,20.03,338,0
EEV.US,5,20251216,202500,20.4,20.4,20.4,20.4,200,0
EEV.US,5,20251216,215000,20.25,20.2893,20.2459,20.2502,1506,0
EEV.US,5,20251216,215500,20.2636,20.27,20.26,20.26,2878,0
EEV.US,5,20251217,165000,20.39,20.39,20.39,20.39,100,0
EEV.US,5,20251217,171500,20.45,20.45,20.45,20.45,500,0
EEV.US,5,20251217,175000,20.49,20.49,20.49,20.49,100,0
EEV.US,5,20251217,214500,20.5526,20.5526,20.5526,20.5526,150,0
EEV.US,5,20251217,215000,20.514,20.545,20.514,20.545,425,0
EEV.US,5,20251217,215500,20.5607,20.5607,20.5607,20.5607,143,0
EEV.US,5,20251218,162500,20.03,20.03,20.03,20.03,100,0
EEV.US,5,20251218,210000,20.1,20.1,20.1,20.1,100,0
EEV.US,5,20251218,215000,20.0825,20.0825,20.0705,20.0705,502,0
EEV.US,5,20251218,215500,20.074,20.074,20.074,20.074,485,0
EEV.US,5,20251219,181500,19.65,19.65,19.64,19.64,503,0
EEV.US,5,20251219,215000,19.6906,19.7187,19.6906,19.7187,1511,0
EEV.US,5,20251219,215500,19.74,19.74,19.7,19.72,986,0
EEV.US,5,20251222,171000,19.56,19.56,19.56,19.56,1100,0
EEV.US,5,20251222,181500,19.55,19.55,19.55,19.55,1100,0
EEV.US,5,20251222,215000,19.58,19.58,19.559,19.5691,2630,0
