<TICKER>,<PER>,<DATE>,<TIME>,<OPEN>,<HIGH>,<LOW>,<CLOSE>,<VOL>,<OPENINT>
ION.US,5,20250728,170500,32.68,32.68,32.68,32.68,1327,0
ION.US,5,20250728,174000,32.66,32.7157,32.66,32.7157,300,0
ION.US,5,20250728,184000,32.6302,32.6302,32.63,32.63,300,0
ION.US,5,20250728,191500,32.59,32.59,32.59,32.59,100,0
ION.US,5,20250728,192000,32.59,32.6799,32.5701,32.5701,1537,0
ION.US,5,20250729,160000,32.43,32.43,32.43,32.43,100,0
ION.US,5,20250729,161000,32.48,32.48,32.48,32.48,200,0
ION.US,5,20250729,162500,32.51,32.51,32.51,32.51,200,0
ION.US,5,20250729,170000,32.45,32.45,32.45,32.45,200,0
ION.US,5,20250729,170500,32.535,32.535,32.535,32.535,100,0
ION.US,5,20250729,171500,32.44,32.44,32.44,32.44,200,0
ION.US,5,20250729,173000,32.38,32.38,32.38,32.38,200,0
ION.US,5,20250729,174500,32.37,32.37,32.37,32.37,200,0
ION.US,5,20250729,180000,32.4,32.4,32.4,32.4,200,0
ION.US,5,20250729,182500,32.37,32.37,32.37,32.37,200,0
ION.US,5,20250729,204500,32.43,32.5099,32.42,32.5099,500,0
ION.US,5,20250729,215500,32.549,32.549,32.38,32.38,368,0
ION.US,5,20250730,160500,32.11,32.11,32.11,32.11,200,0
ION.US,5,20250730,163000,32.11,32.11,32.11,32.11,200,0
ION.US,5,20250730,165500,32.08,32.08,32.08,32.08,200,0
ION.US,5,20250730,175000,32.085,32.117,32.085,32.117,373,0
ION.US,5,20250730,204000,31.9,31.9,31.9,31.9,400,0
ION.US,5,20250730,215500,31.6568,31.67,31.6568,31.67,322,0
ION.US,5,20250731,155000,30.7,30.7,30.7,30.7,100,0
ION.US,5,20250731,155500,30.695,30.695,30.695,30.695,100,0
ION.US,5,20250731,162500,30.6605,30.6996,30.6605,30.6996,264,0
ION.US,5,20250731,170000,30.64,30.64,30.64,30.64,100,0
ION.US,5,20250731,171500,30.6263,30.6263,30.6263,30.6263,200,0
ION.US,5,20250731,211000,30.6354,30.6354,30.6354,30.6354,130,0
ION.US,5,20250801,165000,30.8299,30.8299,30.8299,30.8299,100,0
ION.US,5,20250801,205000,30.78,30.78,30.78,30.78,200,0
ION.US,5,20250804,162000,31.45,31.45,31.45,31.45,100,0
ION.US,5,20250804,165500,31.38,31.38,31.38,31.38,3962,0
ION.US,5,20250805,161000,31.7,31.7,31.5201,31.5201,226,0
ION.US,5,20250805,162500,31.64,31.64,31.64,31.64,100,0
ION.US,5,20250805,172500,31.48,31.66,31.48,31.66,600,0
ION.US,5,20250806,153500,31.84,31.84,31.84,31.84,100,0
ION.US,5,20250806,212000,31.87,31.87,31.87,31.87,250,0
ION.US,5,20250808,162000,33.04,33.04,33.04,33.04,100,0
ION.US,5,20250808,190000,33.3,33.3,33.3,33.3,100,0
ION.US,5,20250808,205500,33.4199,33.4199,33.4199,33.4199,250,0
ION.US,5,20250808,215000,33.37,33.37,33.36,33.36,818,0
ION.US,5,20250808,215500,33.3321,33.3321,33.3321,33.3321,185,0
ION.US,5,20250811,153000,34.97,34.97,34.965,34.97,900,0
ION.US,5,20250811,155000,34.97,34.97,34.97,34.97,100,0
ION.US,5,20250811,163500,34.903,34.903,34.903,34.903,287,0
ION.US,5,20250811,170500,34.91,34.91,34.91,34.91,300,0
ION.US,5,20250811,171000,34.89,34.89,34.88,34.88,400,0
ION.US,5,20250811,171500,34.95,34.95,34.95,34.95,350,0
ION.US,5,20250811,172500,34.9,34.9,34.9,34.9,100,0
ION.US,5,20250811,174000,34.86,34.88,34.86,34.88,2982,0
ION.US,5,20250811,182500,34.94,34.94,34.94,34.94,200,0
ION.US,5,20250811,194000,34.9,34.9,34.9,34.9,142,0
ION.US,5,20250811,194500,34.9279,34.9279,34.9279,34.9279,153,0
ION.US,5,20250811,201000,34.92,34.92,34.92,34.92,100,0
ION.US,5,20250811,205000,34.855,34.855,34.855,34.855,555,0
ION.US,5,20250811,210000,34.9199,34.9199,34.9199,34.9199,125,0
ION.US,5,20250811,215000,34.79,34.79,34.79,34.79,600,0
ION.US,5,20250811,215500,34.7921,34.7921,34.7921,34.7921,361,0
ION.US,5,20250812,153000,34.46,34.4774,34.44,34.47,800,0
ION.US,5,20250812,153500,34.5526,34.5526,34.45,34.512,765,0
ION.US,5,20250812,170500,34.61,34.61,34.61,34.61,100,0
ION.US,5,20250812,192500,34.858,34.858,34.858,34.858,105,0
ION.US,5,20250812,215500,34.8684,34.8684,34.73,34.8501,704,0
ION.US,5,20250813,213000,34.6624,34.6624,34.6624,34.6624,500,0
ION.US,5,20250813,213500,34.625,34.625,34.625,34.625,452,0
ION.US,5,20250814,155000,33.9,33.9,33.9,33.9,100,0
ION.US,5,20250814,163500,33.82,33.8211,33.82,33.8211,387,0
ION.US,5,20250814,181500,33.64,33.64,33.64,33.64,200,0
ION.US,5,20250814,183500,33.64,33.64,33.64,33.64,200,0
ION.US,5,20250814,185500,33.66,33.66,33.66,33.66,200,0
ION.US,5,20250814,192500,33.7001,33.7001,33.7001,33.7001,100,0
ION.US,5,20250815,154000,34.64,34.64,34.5217,34.5217,1000,0
ION.US,5,20250815,161000,34.7,34.7,34.7,34.7,100,0
ION.US,5,20250818,172500,34.5458,34.5458,34.5458,34.5458,174,0
ION.US,5,20250819,172500,34.05,34.05,34.04,34.04,300,0
ION.US,5,20250819,175000,34.03,34.03,34.02,34.02,700,0
ION.US,5,20250819,180000,34.04,34.04,34.04,34.04,200,0
ION.US,5,20250819,210500,34.1282,34.1282,33.94,34.02,2000,0
ION.US,5,20250819,215500,33.99,33.9902,33.95,33.95,534,0
ION.US,5,20250822,161500,34.5798,34.5798,34.5798,34.5798,300,0
ION.US,5,20250822,175500,34.7,34.7,34.7,34.7,127,0
ION.US,5,20250822,202500,34.68,34.68,34.68,34.68,100,0
ION.US,5,20250825,184500,34.89,34.89,34.89,34.89,100,0
ION.US,5,20250825,204000,34.814,34.814,34.814,34.814,100,0
ION.US,5,20250826,160000,34.69,34.69,34.69,34.69,350,0
ION.US,5,20250827,171500,34.65,34.65,34.65,34.65,100,0
ION.US,5,20250827,180500,34.9,34.9,34.9,34.9,100,0
ION.US,5,20250828,161000,34.82,34.82,34.82,34.82,100,0
ION.US,5,20250828,171500,34.7501,34.7701,34.7501,34.7701,550,0
ION.US,5,20250828,213000,34.87,34.87,34.87,34.87,100,0
ION.US,5,20250829,160500,35.37,35.37,35.37,35.37,400,0
ION.US,5,20250829,215500,35.5,35.5,35.5,35.5,112,0
ION.US,5,20250902,160000,35.0335,35.0335,35.0335,35.0335,284,0
ION.US,5,20250902,182000,34.95,34.95,34.95,34.95,100,0
ION.US,5,20250902,203500,34.8801,34.8801,34.8801,34.8801,200,0
ION.US,5,20250902,215500,35.22,35.22,35.22,35.22,214,0
ION.US,5,20250903,153000,35.36,35.36,35.34,35.34,600,0
ION.US,5,20250903,155000,35.5,35.52,35.5,35.52,900,0
ION.US,5,20250903,155500,35.42,35.42,35.29,35.29,1230,0
ION.US,5,20250903,160000,35.29,35.29,35.29,35.29,100,0
ION.US,5,20250903,160500,35.41,35.41,35.41,35.41,200,0
ION.US,5,20250903,161000,35.5,35.5,35.5,35.5,112,0
ION.US,5,20250903,170500,35.46,35.46,35.46,35.46,200,0
ION.US,5,20250903,172000,35.45,35.45,35.45,35.45,325,0
ION.US,5,20250903,183500,35.4074,35.4074,35.4074,35.4074,141,0
ION.US,5,20250903,190500,35.58,35.58,35.58,35.58,1000,0
ION.US,5,20250903,210500,35.26,35.26,35.26,35.26,281,0
ION.US,5,20250903,215500,35.43,35.43,35.34,35.34,200,0
ION.US,5,20250905,155000,36.665,36.665,36.665,36.665,100,0
ION.US,5,20250905,174500,36.37,36.37,36.19,36.19,1100,0
ION.US,5,20250908,210500,36.9402,36.9402,36.9402,36.9402,275,0
ION.US,5,20250908,211500,37.02,37.02,37.02,37.02,100,0
ION.US,5,20250909,194500,36.24,36.24,36.24,36.24,200,0
ION.US,5,20250909,201000,36.3172,36.3172,36.3172,36.3172,101,0
ION.US,5,20250909,215000,36.19,36.19,36.19,36.19,200,0
ION.US,5,20250909,215500,36.27,36.27,36.17,36.17,312,0
ION.US,5,20250910,153500,35.3099,35.31,35.3099,35.31,220,0
ION.US,5,20250910,204500,35.062,35.062,35.062,35.062,150,0
ION.US,5,20250910,205000,35.07,35.15,35.07,35.07,400,0
ION.US,5,20250910,205500,35.1699,35.1699,35.1699,35.1699,100,0
ION.US,5,20250910,215500,35.0014,35.0014,35.0014,35.0014,209,0
ION.US,5,20250912,153000,35.8,35.8201,35.8,35.8201,275,0
ION.US,5,20250912,184000,35.96,35.96,35.96,35.96,300,0
ION.US,5,20250915,160500,36.6,36.6001,36.6,36.6001,400,0
ION.US,5,20250915,174000,36.83,36.939,36.83,36.939,200,0
ION.US,5,20250916,165500,36.69,36.69,36.69,36.69,141,0
ION.US,5,20250916,184500,36.71,36.71,36.71,36.71,150,0
ION.US,5,20250916,193500,36.74,36.74,36.74,36.74,200,0
ION.US,5,20250917,175500,36.66,36.66,36.66,36.66,100,0
ION.US,5,20250917,201000,36.805,36.805,36.8,36.8,900,0
ION.US,5,20250917,212500,36.49,36.49,36.49,36.49,100,0
ION.US,5,20250917,213000,36.49,36.49,36.49,36.49,150,0
ION.US,5,20250917,213500,36.535,36.535,36.535,36.535,150,0
ION.US,5,20250919,161000,36.3064,36.3064,36.3064,36.3064,140,0
ION.US,5,20250919,180000,36,36,36,36,119,0
ION.US,5,20250919,212000,35.71,35.71,35.71,35.71,100,0
ION.US,5,20250919,215500,36.9999,36.9999,36.25,36.25,919,0
ION.US,5,20250922,154000,36.22,36.3,36.22,36.3,200,0
ION.US,5,20250922,170500,35.75,35.75,35.75,35.75,100,0
ION.US,5,20250922,173000,35.854,35.854,35.854,35.854,300,0
ION.US,5,20250922,193000,36.0799,36.0799,36.0799,36.0799,100,0
ION.US,5,20250922,210500,36.0613,36.0613,36.0613,36.0613,300,0
ION.US,5,20250923,214500,35.86,35.86,35.86,35.86,200,0
ION.US,5,20250923,215500,35.7775,35.7775,35.67,35.67,690,0
ION.US,5,20250924,160500,36.75,36.76,36.75,36.76,300,0
ION.US,5,20250924,162500,36.6506,36.77,36.6506,36.77,800,0
ION.US,5,20250924,163500,36.72,36.72,36.6412,36.6412,700,0
ION.US,5,20250924,181000,36.584,36.584,36.39,36.39,655,0
ION.US,5,20250924,185000,36.6599,36.6599,36.6599,36.6599,147,0
ION.US,5,20250924,201500,36.62,36.63,36.62,36.63,746,0
ION.US,5,20250924,211000,36.59,36.59,36.59,36.59,820,0
ION.US,5,20250924,212500,36.45,36.45,36.45,36.45,500,0
ION.US,5,20250924,213500,36.44,36.44,36.44,36.44,1950,0
ION.US,5,20250924,215000,36.65,36.65,36.65,36.65,100,0
ION.US,5,20250924,215500,36.64,36.64,36.64,36.64,180,0
ION.US,5,20250925,153000,36.8,36.8,36.8,36.8,100,0
ION.US,5,20250925,154000,36.8,36.8,36.7,36.7,200,0
ION.US,5,20250925,163000,37.24,37.24,37.24,37.24,200,0
ION.US,5,20250925,164000,37.23,37.23,37.23,37.23,100,0
ION.US,5,20250925,170000,37.23,37.23,37.23,37.23,100,0
ION.US,5,20250925,170500,37.23,37.23,37.23,37.23,100,0
ION.US,5,20250925,173000,37.26,37.26,37.26,37.26,341,0
ION.US,5,20250925,182000,37.34,37.34,37.3281,37.3281,200,0
ION.US,5,20250925,184500,37.305,37.305,37.305,37.305,100,0
ION.US,5,20250925,185500,37.31,37.31,37.31,37.31,100,0
ION.US,5,20250925,190500,37.3,37.3,37.3,37.3,100,0
ION.US,5,20250925,192000,37.31,37.31,37.305,37.305,234,0
ION.US,5,20250925,195000,37.305,37.305,37.305,37.305,100,0
ION.US,5,20250925,195500,37.3,37.3,37.3,37.3,1504,0
ION.US,5,20250925,210500,37.25,37.27,37.25,37.27,600,0
ION.US,5,20250925,212000,37.27,37.27,37.27,37.27,100,0
ION.US,5,20250925,215000,37.32,37.32,37.32,37.32,200,0
ION.US,5,20250925,215500,37.34,37.34,37.31,37.31,353,0
ION.US,5,20250926,154000,37.21,37.21,37.2,37.2,400,0
ION.US,5,20250926,155500,37.1,37.1,37.1,37.1,100,0
ION.US,5,20250926,162000,37.19,37.19,37.19,37.19,400,0
ION.US,5,20250926,164500,37.22,37.22,37.22,37.22,200,0
ION.US,5,20250926,200000,37.295,37.295,37.295,37.295,150,0
ION.US,5,20250926,213500,37.3365,37.3365,37.21,37.21,1155,0
ION.US,5,20250926,214000,37.28,37.28,37.28,37.28,117,0
ION.US,5,20250926,214500,37.28,37.28,37.2799,37.2799,966,0
ION.US,5,20250929,154500,38.4287,38.4287,38.4287,38.4287,116,0
ION.US,5,20250929,163000,38.5428,38.5428,38.5428,38.5428,259,0
ION.US,5,20250929,171000,38.64,38.64,38.64,38.64,100,0
ION.US,5,20250929,172000,38.43,38.52,38.43,38.52,300,0
ION.US,5,20250929,173000,38.4401,38.4401,38.4401,38.4401,100,0
ION.US,5,20250929,175000,38.38,38.38,38.38,38.38,200,0
ION.US,5,20250929,195000,38.35,38.35,38.35,38.35,400,0
ION.US,5,20250930,153000,39,39,38.92,38.92,200,0
ION.US,5,20250930,154000,38.8334,38.8334,38.8334,38.8334,300,0
ION.US,5,20250930,164500,38.8354,38.8354,38.8354,38.8354,200,0
ION.US,5,20250930,172500,38.83,38.83,38.83,38.83,100,0
ION.US,5,20250930,193000,38.7364,38.7364,38.7364,38.7364,167,0
ION.US,5,20250930,215500,38.97,38.97,38.97,38.97,119,0
ION.US,5,20251001,153500,39.299,39.299,39.299,39.299,236,0
ION.US,5,20251001,172000,38.9978,38.9978,38.9978,38.9978,173,0
ION.US,5,20251001,195000,39.0425,39.0425,39.0425,39.0425,100,0
ION.US,5,20251001,212000,39.2,39.2,39.2,39.2,200,0
ION.US,5,20251001,213500,39.24,39.24,39.24,39.24,200,0
ION.US,5,20251001,214500,39.23,39.23,39.23,39.23,200,0
ION.US,5,20251001,215500,39.03,39.03,39.03,39.03,118,0
ION.US,5,20251002,155000,39.94,39.94,39.94,39.94,100,0
ION.US,5,20251002,155500,39.93,39.95,39.93,39.95,800,0
ION.US,5,20251002,160500,39.8204,39.8204,39.8204,39.8204,100,0
ION.US,5,20251002,181000,39.6699,39.6699,39.6699,39.6699,252,0
ION.US,5,20251002,181500,39.5734,39.5734,39.5734,39.5734,378,0
ION.US,5,20251002,210500,39.66,39.7,39.66,39.7,300,0
ION.US,5,20251002,215500,39.86,39.86,39.86,39.86,111,0
ION.US,5,20251003,153500,39.99,39.99,39.99,39.99,162,0
ION.US,5,20251003,165000,40.47,40.47,40.386,40.386,400,0
ION.US,5,20251003,165500,40.4877,40.4877,40.4877,40.4877,110,0
ION.US,5,20251003,170500,40.45,40.58,40.45,40.58,2500,0
ION.US,5,20251003,171500,40.49,40.49,40.4899,40.4899,400,0
ION.US,5,20251003,172000,40.53,40.53,40.4782,40.4782,300,0
ION.US,5,20251003,172500,40.355,40.36,40.34,40.34,2496,0
ION.US,5,20251003,174500,40.3423,40.3423,40.3423,40.3423,213,0
ION.US,5,20251003,181000,40.61,40.61,40.61,40.61,100,0
ION.US,5,20251003,182000,40.58,40.58,40.58,40.58,200,0
ION.US,5,20251003,194500,40.45,40.45,40.45,40.45,100,0
ION.US,5,20251003,202000,40.271,40.271,40.271,40.271,208,0
ION.US,5,20251006,153000,40.4234,40.4234,40.4234,40.4234,230,0
ION.US,5,20251006,162000,40.675,40.675,40.5672,40.5672,600,0
ION.US,5,20251006,163000,40.84,40.84,40.84,40.84,200,0
ION.US,5,20251006,163500,40.7742,40.82,40.7742,40.82,300,0
ION.US,5,20251007,153000,40.9777,40.9777,40.9777,40.9777,428,0
ION.US,5,20251007,153500,41,41,40.91,40.96,685,0
ION.US,5,20251007,155500,40.86,40.86,40.86,40.86,600,0
ION.US,5,20251007,172500,40.8199,40.8199,40.8199,40.8199,100,0
ION.US,5,20251008,153500,41.4,41.4,41.39,41.39,328,0
ION.US,5,20251008,161000,41.42,41.42,41.42,41.42,100,0
ION.US,5,20251008,191000,41.5377,41.5377,41.5377,41.5377,100,0
ION.US,5,20251008,203500,41.61,41.61,41.61,41.61,100,0
ION.US,5,20251008,204000,41.6,41.6,41.6,41.6,200,0
ION.US,5,20251009,153500,45.5378,45.5378,42.48,42.48,810,0
ION.US,5,20251009,185500,42.1825,42.1825,42.1801,42.1825,620,0
ION.US,5,20251009,192000,41.89,41.89,40.65,41.87,800,0
ION.US,5,20251009,202500,41.79,41.87,41.79,41.87,300,0
ION.US,5,20251009,205500,41.73,41.73,41.73,41.73,200,0
ION.US,5,20251009,210000,41.74,41.74,41.74,41.74,200,0
ION.US,5,20251009,210500,41.86,41.86,41.86,41.86,100,0
ION.US,5,20251010,182500,40,40,39.655,39.655,200,0
ION.US,5,20251010,183000,39.39,39.39,39.36,39.36,515,0
ION.US,5,20251010,185000,39.3499,39.3499,39.3499,39.3499,147,0
ION.US,5,20251010,192000,39.2565,39.2565,39.2565,39.2565,157,0
ION.US,5,20251010,193500,39.4,39.4,39.4,39.4,200,0
ION.US,5,20251010,204000,39.175,39.175,39.175,39.175,100,0
ION.US,5,20251010,205000,39.34,39.34,39.34,39.34,117,0
ION.US,5,20251010,210000,38.75,38.7501,38.75,38.7501,498,0
ION.US,5,20251010,211000,38.63,38.63,38.63,38.63,370,0
ION.US,5,20251013,153500,41.2344,41.2344,41.2344,41.2344,610,0
ION.US,5,20251013,161500,41.7,41.72,41.7,41.7199,1400,0
ION.US,5,20251013,162000,41.6,41.6,41.6,41.6,200,0
ION.US,5,20251013,162500,41.6399,41.6399,41.6399,41.6399,100,0
ION.US,5,20251013,164000,41.69,41.69,41.69,41.69,300,0
ION.US,5,20251013,164500,41.8,41.8,41.8,41.8,194,0
ION.US,5,20251013,174000,41.81,41.81,41.81,41.81,250,0
ION.US,5,20251013,180000,41.9236,41.9236,41.9236,41.9236,250,0
ION.US,5,20251013,180500,41.965,41.965,41.965,41.965,100,0
ION.US,5,20251013,183500,41.9675,41.9675,41.9675,41.9675,100,0
ION.US,5,20251013,184000,41.97,42,41.97,41.98,2100,0
ION.US,5,20251013,190500,41.955,41.955,41.955,41.955,100,0
ION.US,5,20251013,191500,41.855,41.855,41.855,41.855,1000,0
ION.US,5,20251013,214000,41.75,41.75,41.75,41.75,500,0
ION.US,5,20251013,214500,41.7812,41.7812,41.7812,41.7812,250,0
ION.US,5,20251014,160000,40.59,40.59,40.3501,40.3501,250,0
ION.US,5,20251014,162500,40.625,40.625,40.625,40.625,200,0
ION.US,5,20251014,182500,41,41,41,41,100,0
ION.US,5,20251014,183000,41.01,41.0599,40.9401,40.9401,300,0
ION.US,5,20251014,191000,40.74,40.77,40.74,40.77,200,0
ION.US,5,20251014,195000,41.1125,41.1125,41.1125,41.1125,100,0
ION.US,5,20251014,203500,41.1512,41.1512,41.1512,41.1512,242,0
ION.US,5,20251014,211000,41.1325,41.1325,41.1325,41.1325,105,0
ION.US,5,20251014,213000,41.09,41.09,41.09,41.09,250,0
ION.US,5,20251014,214000,41.06,41.06,41.0599,41.0599,400,0
ION.US,5,20251014,215000,41.05,41.05,41.05,41.05,152,0
ION.US,5,20251014,215500,40.8893,41.8,40.8807,40.8807,1667,0
ION.US,5,20251015,161500,41.38,41.505,41.38,41.505,650,0
ION.US,5,20251015,162000,41.59,41.59,41.39,41.39,1100,0
ION.US,5,20251015,174500,41.3677,41.3677,41.36,41.36,462,0
ION.US,5,20251015,175000,41.3077,41.3077,41.3077,41.3077,231,0
ION.US,5,20251015,183000,41.2879,41.2879,41.2879,41.2879,242,0
ION.US,5,20251015,183500,41.27,41.3899,41.15,41.3899,785,0
ION.US,5,20251015,191500,40.9,40.9,40.9,40.9,100,0
ION.US,5,20251015,195000,41.26,41.26,41.26,41.26,200,0
ION.US,5,20251015,202500,41.32,41.32,41.32,41.32,100,0
ION.US,5,20251016,154000,40.93,40.93,40.93,40.93,100,0
ION.US,5,20251016,155000,40.92,40.92,40.92,40.92,100,0
ION.US,5,20251016,155500,40.94,40.94,40.94,40.94,100,0
ION.US,5,20251016,192500,41.04,41.04,41.04,41.04,100,0
ION.US,5,20251016,194500,40.8254,40.8254,40.8254,40.8254,1000,0
ION.US,5,20251016,201000,40.61,40.61,40.61,40.61,100,0
ION.US,5,20251016,210000,40.66,40.66,40.66,40.66,500,0
ION.US,5,20251016,215500,40.68,40.68,40.68,40.68,100,0
ION.US,5,20251017,155500,40.41,40.41,40.41,40.41,100,0
ION.US,5,20251017,161000,40.2393,40.2393,40.2393,40.2393,246,0
ION.US,5,20251017,162500,40.18,40.18,40.18,40.18,200,0
ION.US,5,20251017,172000,40.065,40.065,40.065,40.065,135,0
ION.US,5,20251017,172500,39.95,39.95,39.95,39.95,200,0
ION.US,5,20251017,175000,39.9944,39.9944,39.9944,39.9944,200,0
ION.US,5,20251017,181000,40,40.07,40,40.07,286,0
ION.US,5,20251017,184000,40.11,40.11,40.11,40.11,200,0
ION.US,5,20251017,193500,40.085,40.085,40.085,40.085,100,0
ION.US,5,20251017,214500,40.17,40.2496,40.17,40.2496,600,0
ION.US,5,20251020,164000,40.22,40.22,40.22,40.22,100,0
ION.US,5,20251020,164500,40.23,40.23,40.23,40.23,100,0
ION.US,5,20251020,180500,40.2635,40.2635,40.2635,40.2635,124,0
ION.US,5,20251021,153000,39.7,39.73,39.7,39.73,750,0
ION.US,5,20251021,155000,39.24,39.24,39.24,39.24,200,0
ION.US,5,20251021,160000,39.17,39.17,39.15,39.15,600,0
ION.US,5,20251021,163000,39.26,39.26,39.26,39.26,200,0
ION.US,5,20251021,163500,39.3,39.3,39.3,39.3,200,0
ION.US,5,20251021,164000,39.23,39.23,39.23,39.23,200,0
ION.US,5,20251021,164500,39.27,39.27,39.27,39.27,200,0
ION.US,5,20251021,165500,39.34,39.34,39.34,39.34,200,0
ION.US,5,20251021,171500,39.4192,39.4192,39.4192,39.4192,400,0
ION.US,5,20251021,173000,39.35,39.491,39.35,39.491,604,0
ION.US,5,20251021,204000,39.47,39.47,39.4,39.4,700,0
ION.US,5,20251021,211500,39.23,39.27,39.23,39.27,300,0
ION.US,5,20251022,153500,39.04,39.05,39.02,39.05,743,0
ION.US,5,20251022,163000,39.03,39.03,39.03,39.03,300,0
ION.US,5,20251022,164500,38.765,38.8766,38.765,38.8766,200,0
ION.US,5,20251023,153000,40.1576,40.1576,40.1576,40.1576,100,0
ION.US,5,20251023,154000,40.26,40.26,40.24,40.24,880,0
ION.US,5,20251023,155000,40.43,40.43,40.4299,40.4299,200,0
ION.US,5,20251023,155500,40.4499,40.45,40.4499,40.45,200,0
ION.US,5,20251023,163000,40.355,40.355,40.355,40.355,100,0
ION.US,5,20251023,163500,40.51,40.51,40.5099,40.5099,200,0
ION.US,5,20251023,170500,40.4898,40.4898,40.4898,40.4898,250,0
ION.US,5,20251023,181000,40.42,40.42,40.42,40.42,100,0
ION.US,5,20251023,181500,40.365,40.4,40.355,40.355,600,0
ION.US,5,20251023,182000,40.352,40.38,40.3408,40.38,7500,0
ION.US,5,20251023,182500,40.325,40.325,40.325,40.325,100,0
ION.US,5,20251023,183000,40.32,40.32,40.32,40.32,500,0
ION.US,5,20251023,191500,40.38,40.43,40.38,40.43,2500,0
ION.US,5,20251023,192000,40.4,40.4,40.4,40.4,106,0
ION.US,5,20251023,213000,40.4945,40.4945,40.4945,40.4945,375,0
ION.US,5,20251023,215500,40.52,40.52,40.52,40.52,121,0
ION.US,5,20251024,153000,41,41,41,41,300,0
ION.US,5,20251024,153500,41,41,41,41,1180,0
ION.US,5,20251024,154000,41.1212,41.26,41.1212,41.2599,1718,0
ION.US,5,20251024,164500,41.3483,41.3483,41.3483,41.3483,100,0
ION.US,5,20251024,171000,41.46,41.46,41.46,41.46,200,0
ION.US,5,20251024,171500,41.46,41.46,41.4599,41.4599,240,0
ION.US,5,20251024,172500,41.52,41.52,41.5199,41.52,1200,0
ION.US,5,20251024,173000,41.56,41.56,41.5599,41.5599,1200,0
ION.US,5,20251024,174000,41.5399,41.54,41.5399,41.5399,400,0
ION.US,5,20251024,181000,41.4996,41.4996,41.4996,41.4996,245,0
ION.US,5,20251024,182500,41.5036,41.5036,41.5036,41.5036,240,0
ION.US,5,20251024,183500,41.4953,41.4953,41.4953,41.4953,1000,0
ION.US,5,20251024,191000,41.565,41.565,41.565,41.565,365,0
ION.US,5,20251024,194000,41.65,41.65,41.65,41.65,100,0
ION.US,5,20251024,200000,41.65,41.65,41.5806,41.65,534,0
ION.US,5,20251024,200500,41.63,41.63,41.6299,41.6299,304,0
ION.US,5,20251024,211000,41.6099,41.61,41.6099,41.61,400,0
ION.US,5,20251027,143000,41.605,41.67,41.605,41.67,200,0
ION.US,5,20251027,144000,41.74,41.74,41.585,41.585,900,0
ION.US,5,20251027,144500,41.5001,41.58,41.5,41.5002,1216,0
ION.US,5,20251027,145000,41.41,41.4685,41.41,41.4685,1060,0
ION.US,5,20251027,145500,41.48,41.48,41.4776,41.4792,698,0
ION.US,5,20251027,150500,41.4925,41.4925,41.4925,41.4925,610,0
ION.US,5,20251027,154000,41.49,41.49,41.49,41.49,100,0
ION.US,5,20251027,155500,41.4,41.4,41.4,41.4,100,0
ION.US,5,20251027,164500,41.39,41.39,41.08,41.08,1498,0
ION.US,5,20251027,172500,41.2244,41.2244,41.2244,41.2244,717,0
ION.US,5,20251027,174500,41.3,41.3,41.3,41.3,100,0
ION.US,5,20251027,202500,41.1004,41.1004,41.1004,41.1004,100,0
ION.US,5,20251027,204500,41.12,41.12,40.96,40.96,700,0
ION.US,5,20251027,205500,41.19,41.19,40.97,40.97,360,0
ION.US,5,20251028,155500,40.5724,40.5724,40.5724,40.5724,400,0
ION.US,5,20251028,160000,40.5984,40.5984,40.5984,40.5984,216,0
ION.US,5,20251028,160500,40.6464,40.6464,40.6464,40.6464,190,0
ION.US,5,20251028,163500,40.64,40.64,40.64,40.64,200,0
ION.US,5,20251028,164000,40.615,40.615,40.5,40.5,300,0
ION.US,5,20251028,201000,40.96,40.96,40.96,40.96,100,0
ION.US,5,20251028,205500,40.88,40.88,40.88,40.88,200,0
ION.US,5,20251029,143000,41.57,41.57,41.57,41.57,106,0
ION.US,5,20251029,144000,41.77,41.77,41.77,41.77,100,0
ION.US,5,20251029,150500,41.7016,41.85,41.7016,41.85,400,0
ION.US,5,20251029,161500,42,42.03,42,42.03,476,0
ION.US,5,20251029,164500,42.04,42.05,42.04,42.0499,494,0
ION.US,5,20251029,175500,41.9812,41.9812,41.9812,41.9812,166,0
ION.US,5,20251029,180000,41.88,41.88,41.88,41.88,1500,0
ION.US,5,20251029,184000,41.879,41.88,41.879,41.8799,700,0
ION.US,5,20251030,143000,42.675,42.675,42.675,42.675,600,0
ION.US,5,20251030,143500,42.99,43.19,42.99,43.19,1117,0
ION.US,5,20251030,144000,43.13,43.18,42.36,42.6,1842,0
ION.US,5,20251030,145500,42.77,47.12,42.77,46.18,1287,0
ION.US,5,20251030,150000,42.52,42.7999,42.52,42.7999,1330,0
ION.US,5,20251031,144500,42,42,42,42,750,0
ION.US,5,20251031,155500,42.2125,42.2125,42.2125,42.2125,676,0
ION.US,5,20251031,172500,42.33,42.33,42.33,42.33,100,0
ION.US,5,20251031,193000,42.11,42.11,42.11,42.11,100,0
ION.US,5,20251103,153500,41.68,41.68,41.36,41.36,950,0
ION.US,5,20251103,155000,41.48,41.48,41.48,41.48,198,0
ION.US,5,20251103,161500,41.28,41.28,41.2,41.2,250,0
ION.US,5,20251103,162000,41.306,41.306,41.306,41.306,109,0
ION.US,5,20251103,162500,41.122,41.122,41.1,41.1,247,0
ION.US,5,20251103,201000,41.12,41.12,41.12,41.12,224,0
ION.US,5,20251103,213000,41.11,41.11,41.11,41.11,250,0
ION.US,5,20251103,215500,41.36,41.36,41.36,41.36,124,0
ION.US,5,20251104,155500,40.0667,40.0667,40.0667,40.0667,1246,0
ION.US,5,20251104,162500,40.14,40.14,40.14,40.14,100,0
ION.US,5,20251104,180500,40.05,40.05,40.05,40.05,100,0
ION.US,5,20251104,215000,39.93,39.93,39.93,39.93,100,0
ION.US,5,20251104,215500,39.9,39.9,39.9,39.9,140,0
ION.US,5,20251105,155500,40.7154,40.7154,40.7154,40.7154,163,0
ION.US,5,20251105,160000,40.64,40.64,40.64,40.64,247,0
ION.US,5,20251105,201000,40.7584,40.7584,40.7584,40.7584,1247,0
ION.US,5,20251106,154500,41.18,41.25,41.18,41.25,200,0
ION.US,5,20251106,155000,41.19,41.19,41.19,41.19,175,0
ION.US,5,20251106,172500,40.9478,40.9478,40.9478,40.9478,100,0
ION.US,5,20251106,194500,41,41,41,41,100,0
ION.US,5,20251107,153000,41.09,41.09,41.09,41.09,100,0
ION.US,5,20251107,153500,41.0909,41.0909,41.0909,41.0909,120,0
ION.US,5,20251107,154500,40.989,40.989,40.989,40.989,500,0
ION.US,5,20251107,161500,41.33,41.33,41.33,41.33,100,0
ION.US,5,20251107,164500,41.14,41.2,41.14,41.2,980,0
ION.US,5,20251107,171000,41.12,41.12,41.12,41.12,100,0
ION.US,5,20251107,184000,41.195,41.195,41.195,41.195,100,0
ION.US,5,20251107,185000,41.17,41.17,41.17,41.17,100,0
ION.US,5,20251107,194000,41.3575,41.3575,41.3575,41.3575,1207,0
ION.US,5,20251107,195000,41.27,41.27,41.27,41.27,100,0
ION.US,5,20251107,205500,41.52,41.52,41.52,41.52,300,0
ION.US,5,20251107,214500,41.595,41.595,41.595,41.595,100,0
ION.US,5,20251107,215000,41.48,41.48,41.48,41.48,300,0
ION.US,5,20251107,215500,41.51,41.51,41.51,41.51,200,0
ION.US,5,20251110,153000,42.84,42.84,42.84,42.84,100,0
ION.US,5,20251110,155000,42.94,42.94,42.94,42.94,900,0
ION.US,5,20251110,163500,42.964,42.964,42.884,42.884,307,0
ION.US,5,20251110,164000,42.89,42.89,42.89,42.89,1240,0
ION.US,5,20251110,172500,42.8,42.8,42.8,42.8,110,0
ION.US,5,20251110,201500,43.1894,43.1894,43.1894,43.1894,350,0
ION.US,5,20251110,203000,43.2553,43.2553,43.2553,43.2553,250,0
ION.US,5,20251111,154500,43.1392,43.1392,43.1392,43.1392,115,0
ION.US,5,20251111,160500,43.11,43.11,43.11,43.11,231,0
ION.US,5,20251111,162500,43.11,43.11,43.11,43.11,1159,0
ION.US,5,20251111,164000,43.12,43.12,43.12,43.12,100,0
ION.US,5,20251111,165500,43.1116,43.115,43.1105,43.115,1000,0
ION.US,5,20251112,155500,43.53,43.53,43.53,43.53,117,0
ION.US,5,20251112,165500,43.5504,43.5504,43.5504,43.5504,184,0
ION.US,5,20251113,153000,45.7025,45.7025,45.7025,45.7025,500,0
ION.US,5,20251113,153500,45.55,45.55,45.52,45.52,800,0
ION.US,5,20251113,154000,45.71,45.71,45.487,45.487,343,0
ION.US,5,20251113,160000,45.78,45.78,45.78,45.78,1398,0
ION.US,5,20251113,160500,45.6802,45.6802,45.6802,45.6802,109,0
ION.US,5,20251113,165000,45.5134,45.5134,45.5134,45.5134,110,0
ION.US,5,20251113,171000,45.62,45.62,45.6199,45.6199,200,0
ION.US,5,20251113,180000,45.67,45.67,45.67,45.67,200,0
ION.US,5,20251113,184000,45.625,45.625,45.625,45.625,100,0
ION.US,5,20251113,185500,45.6691,45.6691,45.6691,45.6691,100,0
ION.US,5,20251113,192500,45.47,45.47,45.47,45.47,100,0
ION.US,5,20251113,193500,45.435,45.435,45.435,45.435,100,0
ION.US,5,20251113,200500,45.08,45.32,45.08,45.32,576,0
ION.US,5,20251113,202000,45.08,45.08,45.08,45.08,200,0
ION.US,5,20251113,203000,45.12,45.12,45.12,45.12,200,0
ION.US,5,20251113,212000,45.07,45.07,45.07,45.07,550,0
ION.US,5,20251114,153500,44.55,44.55,44.54,44.54,208,0
ION.US,5,20251114,154000,44.825,44.825,44.825,44.825,250,0
ION.US,5,20251114,155000,45.185,45.2499,45.185,45.2499,353,0
ION.US,5,20251114,155500,45.185,45.185,45.185,45.185,335,0
ION.US,5,20251114,161000,45.23,45.27,45.23,45.27,4974,0
ION.US,5,20251114,185000,45.37,45.37,45.37,45.37,100,0
ION.US,5,20251114,190000,45.32,45.32,45.32,45.32,100,0
ION.US,5,20251114,213000,45.3305,45.3305,45.3305,45.3305,100,0
ION.US,5,20251117,153000,46.5975,46.5975,46.462,46.462,3000,0
ION.US,5,20251117,153500,46.83,46.83,46.06,46.07,2654,0
ION.US,5,20251117,154000,46.83,46.83,46.42,46.6646,491,0
ION.US,5,20251117,154500,46.7015,46.7015,46.7015,46.7015,200,0
ION.US,5,20251117,155500,46.8796,46.8796,46.8796,46.8796,100,0
ION.US,5,20251117,160000,47.0599,47.1199,47.005,47.1199,428,0
ION.US,5,20251117,160500,47.1514,47.1514,46.95,46.95,521,0
ION.US,5,20251117,163000,47.23,47.23,47.2299,47.23,600,0
ION.US,5,20251117,165000,47.25,47.25,46.99,46.99,423,0
ION.US,5,20251117,165500,47.0967,47.0967,47.0967,47.0967,177,0
ION.US,5,20251117,184500,47.1932,47.1932,47.1932,47.1932,494,0
ION.US,5,20251117,185500,47.23,47.23,47.23,47.23,100,0
ION.US,5,20251117,190000,47.18,47.18,47.179,47.179,900,0
ION.US,5,20251117,191500,47.15,47.15,47.15,47.15,500,0
ION.US,5,20251117,193000,47.11,47.11,47.11,47.11,100,0
ION.US,5,20251117,201000,46.837,46.837,46.837,46.837,300,0
ION.US,5,20251117,202000,46.89,46.89,46.795,46.795,900,0
ION.US,5,20251117,202500,46.89,46.89,46.87,46.87,200,0
ION.US,5,20251117,203000,46.7365,46.7365,46.7365,46.7365,250,0
ION.US,5,20251117,204000,46.67,46.67,46.67,46.67,1000,0
ION.US,5,20251117,204500,46.74,46.74,46.6313,46.6313,200,0
ION.US,5,20251117,210500,46.61,46.61,46.61,46.61,110,0
ION.US,5,20251117,212000,46.6546,46.68,46.6546,46.68,342,0
ION.US,5,20251117,213500,46.68,46.68,46.68,46.68,342,0
ION.US,5,20251118,153000,45.895,45.895,45.895,45.895,100,0
ION.US,5,20251118,154000,45.915,45.915,45.915,45.915,200,0
ION.US,5,20251118,160000,45.6696,45.6696,45.62,45.6201,1607,0
ION.US,5,20251118,160500,45.6642,45.6642,45.51,45.51,1152,0
ION.US,5,20251118,161500,45.5301,45.6001,45.5301,45.6001,569,0
ION.US,5,20251118,163500,45.6475,45.6475,45.6475,45.6475,233,0
ION.US,5,20251118,164000,45.58,45.58,45.58,45.58,100,0
ION.US,5,20251118,165000,45.79,45.79,45.79,45.79,200,0
ION.US,5,20251118,171500,45.6,45.6,45.6,45.6,100,0
ION.US,5,20251118,173500,45.857,45.8881,45.857,45.87,450,0
ION.US,5,20251118,174000,45.8481,45.8481,45.8481,45.8481,120,0
ION.US,5,20251118,181500,45.66,45.66,45.66,45.66,100,0
ION.US,5,20251118,183000,45.79,45.79,45.79,45.79,200,0
ION.US,5,20251118,204500,46.16,46.16,46.16,46.16,100,0
ION.US,5,20251118,215500,45.949,45.949,45.949,45.949,100,0
ION.US,5,20251119,160000,47.56,47.56,47.56,47.56,100,0
ION.US,5,20251119,160500,47.58,47.58,47.58,47.58,100,0
ION.US,5,20251119,161500,47.6,47.6,47.6,47.6,100,0
ION.US,5,20251119,162000,47.68,47.68,47.44,47.4401,520,0
ION.US,5,20251119,164500,47.47,47.47,47.4699,47.47,800,0
ION.US,5,20251119,165000,47.47,47.47,47.47,47.47,654,0
ION.US,5,20251119,165500,47.3645,47.3645,47.3645,47.3645,100,0
ION.US,5,20251119,170000,47.36,47.36,47.07,47.07,560,0
ION.US,5,20251119,171000,47.1995,47.1995,47.1995,47.1995,100,0
ION.US,5,20251119,183500,46.9086,46.9095,46.9086,46.9095,688,0
ION.US,5,20251119,184000,46.9121,46.9121,46.9121,46.9121,100,0
ION.US,5,20251119,184500,47.0489,47.0489,47.0489,47.0489,100,0
ION.US,5,20251119,194000,47.04,47.04,47.04,47.04,175,0
ION.US,5,20251119,194500,47.11,47.11,47.1,47.1,292,0
ION.US,5,20251119,195000,47.2,47.2,47.2,47.2,183,0
ION.US,5,20251119,201000,47.0744,47.0744,47.0744,47.0744,100,0
ION.US,5,20251119,212000,47.4,47.4,47.3999,47.3999,230,0
ION.US,5,20251119,214500,47.2566,47.2566,47.2566,47.2566,100,0
ION.US,5,20251120,153500,47.9522,47.9522,47.9522,47.9522,100,0
ION.US,5,20251120,161000,47.94,47.94,47.94,47.94,100,0
ION.US,5,20251120,162000,47.91,47.91,47.8262,47.91,500,0
ION.US,5,20251120,162500,47.9199,47.9199,47.9199,47.9199,573,0
ION.US,5,20251120,165500,47.914,47.914,47.914,47.914,1422,0
ION.US,5,20251120,170000,47.92,47.92,47.8262,47.8262,4040,0
ION.US,5,20251120,170500,47.7,47.71,47.7,47.71,1000,0
ION.US,5,20251120,171000,47.71,47.72,47.7,47.7,502,0
ION.US,5,20251120,173000,47.42,47.42,47.42,47.42,100,0
ION.US,5,20251120,174500,47.28,47.28,47.28,47.28,100,0
ION.US,5,20251120,181500,46.905,46.905,46.905,46.905,210,0
ION.US,5,20251120,184000,46.9,46.9,46.8982,46.8982,834,0
ION.US,5,20251120,210500,46.665,46.665,46.665,46.665,200,0
ION.US,5,20251120,214000,46.44,46.44,46.44,46.44,100,0
ION.US,5,20251120,215500,46.35,46.43,46.29,46.29,1100,0
ION.US,5,20251121,153000,44.62,44.62,44.06,44.06,1354,0
ION.US,5,20251121,153500,43.93,44.18,43.93,44.18,1062,0
ION.US,5,20251121,155000,44.16,44.241,44.16,44.241,220,0
ION.US,5,20251121,155500,44.395,44.66,44.395,44.66,213,0
ION.US,5,20251121,160000,44.475,44.475,44.475,44.475,113,0
ION.US,5,20251121,162500,44.34,44.34,44.34,44.34,100,0
ION.US,5,20251121,171000,44.51,44.51,44.51,44.51,100,0
ION.US,5,20251121,175500,44.71,44.71,44.71,44.71,250,0
ION.US,5,20251121,180500,44.73,44.73,44.73,44.73,1111,0
ION.US,5,20251121,182000,44.95,44.95,44.95,44.95,100,0
ION.US,5,20251121,184500,44.7,44.7,44.7,44.7,100,0
ION.US,5,20251121,195000,44.7783,44.7783,44.7783,44.7783,441,0
ION.US,5,20251121,200000,45.06,45.06,45.06,45.06,100,0
ION.US,5,20251121,202500,44.6101,44.6101,44.6101,44.6101,558,0
ION.US,5,20251121,210000,44.895,44.895,44.895,44.895,341,0
ION.US,5,20251121,215500,45.1,45.1,45.1,45.1,186,0
ION.US,5,20251124,154000,43.96,43.96,43.96,43.96,199,0
ION.US,5,20251124,160500,44.2,44.2,44.2,44.2,215,0
ION.US,5,20251124,161500,44.03,44.03,44.03,44.03,109,0
ION.US,5,20251124,164500,44.1699,44.1699,44.1699,44.1699,100,0
ION.US,5,20251124,165000,44.18,44.18,44.18,44.18,100,0
ION.US,5,20251124,165500,44.0162,44.0162,44.0162,44.0162,128,0
ION.US,5,20251124,170500,44.08,44.08,44.08,44.08,350,0
ION.US,5,20251124,171500,44.34,44.34,44.34,44.34,100,0
ION.US,5,20251124,173000,44.1502,44.1502,44.1502,44.1502,550,0
ION.US,5,20251124,174500,44.08,44.08,44.08,44.08,100,0
ION.US,5,20251124,175000,44.165,44.165,44.165,44.165,1000,0
ION.US,5,20251124,191000,44.21,44.21,44.21,44.21,500,0
ION.US,5,20251124,191500,44.32,44.3296,44.205,44.205,1000,0
ION.US,5,20251124,194000,44.13,44.14,44.13,44.14,200,0
ION.US,5,20251124,201000,44.3,44.3,44.3,44.3,295,0
ION.US,5,20251124,202000,44.278,44.278,44.278,44.278,250,0
ION.US,5,20251124,211000,44.25,44.25,44.25,44.25,277,0
ION.US,5,20251124,211500,44.27,44.27,44.27,44.27,150,0
ION.US,5,20251124,215000,44.23,44.23,44.23,44.23,100,0
ION.US,5,20251124,215500,44.44,44.44,44.315,44.315,400,0
ION.US,5,20251125,154500,44.8725,44.8725,44.8725,44.8725,300,0
ION.US,5,20251125,155000,44.95,45.68,44.9499,45.36,601,0
ION.US,5,20251125,164000,45.17,45.17,45.17,45.17,116,0
ION.US,5,20251125,165000,45.06,45.06,45.06,45.06,100,0
ION.US,5,20251125,165500,45.05,45.05,45.05,45.05,100,0
ION.US,5,20251125,173500,45.06,45.06,45.06,45.06,200,0
ION.US,5,20251125,181500,45.1333,45.1333,45.1333,45.1333,500,0
ION.US,5,20251125,184500,45.23,45.23,45.23,45.23,300,0
ION.US,5,20251125,192000,45.17,45.17,45.17,45.17,300,0
ION.US,5,20251125,202000,45.05,45.05,45.05,45.05,110,0
ION.US,5,20251125,204000,45.1776,45.1776,45.1776,45.1776,500,0
ION.US,5,20251125,213500,45.19,45.19,45.19,45.19,141,0
ION.US,5,20251125,215000,45.31,45.31,45.31,45.31,300,0
ION.US,5,20251125,215500,45.31,45.31,45.31,45.31,101,0
ION.US,5,20251126,154000,45.7,45.7,45.7,45.7,400,0
ION.US,5,20251126,154500,45.72,45.78,45.7097,45.7097,900,0
ION.US,5,20251126,155000,45.7347,45.7347,45.7347,45.7347,400,0
ION.US,5,20251126,160000,45.585,45.585,45.585,45.585,500,0
ION.US,5,20251126,163500,45.85,45.85,45.85,45.85,200,0
ION.US,5,20251126,170000,45.89,45.89,45.65,45.6501,400,0
ION.US,5,20251126,171000,45.93,45.93,45.93,45.93,200,0
ION.US,5,20251126,171500,45.93,45.93,45.93,45.93,200,0
ION.US,5,20251126,172000,46.01,46.05,46.01,46.05,600,0
ION.US,5,20251126,174000,46.11,46.11,46.1099,46.1099,200,0
ION.US,5,20251126,175000,46.069,46.09,46.069,46.09,700,0
ION.US,5,20251126,180000,46.09,46.09,46.09,46.09,200,0
ION.US,5,20251126,181500,46.0455,46.0455,46.0455,46.0455,100,0
ION.US,5,20251126,185000,46.01,46.07,46.01,46.0101,300,0
ION.US,5,20251126,185500,46.07,46.07,46.07,46.07,300,0
ION.US,5,20251126,195500,46.165,46.165,46.165,46.165,150,0
ION.US,5,20251126,201000,46.29,46.29,46.29,46.29,200,0
ION.US,5,20251126,202500,46.34,46.34,46.34,46.34,200,0
ION.US,5,20251126,203500,46.36,46.36,46.36,46.36,400,0
ION.US,5,20251126,204500,46.38,46.38,46.38,46.38,200,0
ION.US,5,20251126,211000,46.37,46.37,46.37,46.37,200,0
ION.US,5,20251126,212500,46.37,46.39,46.37,46.39,600,0
ION.US,5,20251126,214000,46.39,48.1,46.33,46.41,1200,0
ION.US,5,20251126,214500,46.42,46.42,46.42,46.42,200,0
ION.US,5,20251126,215000,46.45,46.45,46.45,46.45,100,0
ION.US,5,20251126,215500,46.45,46.45,46.45,46.45,200,0
ION.US,5,20251128,154500,46.92,46.94,46.92,46.94,400,0
ION.US,5,20251128,160000,47.14,47.16,47.14,47.16,800,0
ION.US,5,20251128,161500,47.2,47.2,47.1999,47.1999,200,0
ION.US,5,20251128,163000,47.24,47.26,47.24,47.26,800,0
ION.US,5,20251128,164000,47.34,47.34,47.34,47.34,400,0
ION.US,5,20251128,170000,47.2608,47.2608,47.2608,47.2608,399,0
ION.US,5,20251128,172000,47.44,47.46,47.44,47.46,600,0
ION.US,5,20251128,172500,47.44,47.44,47.44,47.44,200,0
ION.US,5,20251128,173000,47.298,47.298,47.298,47.298,475,0
ION.US,5,20251128,180500,47.54,47.54,47.54,47.54,100,0
ION.US,5,20251128,181500,47.38,47.38,47.38,47.38,189,0
ION.US,5,20251128,182500,47.52,47.84,47.41,47.52,1500,0
ION.US,5,20251128,183000,47.41,47.52,47.41,47.5199,970,0
ION.US,5,20251201,154000,47.0656,47.0656,47.0656,47.0656,100,0
ION.US,5,20251201,170500,47.22,47.22,47.2199,47.2199,317,0
ION.US,5,20251201,171500,47.22,47.22,47.22,47.22,200,0
ION.US,5,20251201,174000,47.15,47.185,47.15,47.185,794,0
ION.US,5,20251201,175000,47.165,47.165,47.165,47.165,450,0
ION.US,5,20251201,180000,47.28,47.28,47.28,47.28,100,0
ION.US,5,20251201,191000,47.3,47.3,47.3,47.3,200,0
ION.US,5,20251201,191500,47.32,47.32,47.32,47.32,200,0
ION.US,5,20251201,193500,47.34,47.34,47.34,47.34,200,0
ION.US,5,20251201,201500,47.25,47.25,47.25,47.25,300,0
ION.US,5,20251202,164500,46.385,46.385,46.385,46.385,195,0
ION.US,5,20251202,170000,46.3975,46.3975,46.3975,46.3975,100,0
ION.US,5,20251202,172500,46.195,46.195,46.195,46.195,240,0
ION.US,5,20251202,174500,46.1201,46.1201,46.1201,46.1201,240,0
ION.US,5,20251202,192500,46.383,46.383,46.383,46.383,110,0
ION.US,5,20251202,214000,46.44,46.44,46.44,46.44,100,0
ION.US,5,20251203,163000,46.26,46.2601,46.1959,46.25,1099,0
ION.US,5,20251203,172000,46.28,46.28,46.28,46.28,400,0
ION.US,5,20251203,172500,46.45,46.45,46.45,46.45,250,0
ION.US,5,20251203,182500,46.3714,46.3714,46.3714,46.3714,431,0
ION.US,5,20251203,191000,46.38,46.38,46.38,46.38,106,0
ION.US,5,20251203,210500,46.475,46.475,46.475,46.475,700,0
ION.US,5,20251203,214000,46.59,46.6,46.52,46.52,860,0
ION.US,5,20251204,153500,45.92,46.02,45.13,45.94,1963,0
ION.US,5,20251204,154000,45.98,45.98,45.97,45.9746,440,0
ION.US,5,20251204,154500,45.9025,45.9025,45.9025,45.9025,233,0
ION.US,5,20251204,160500,45.905,46.02,45.905,46.02,200,0
ION.US,5,20251204,161500,45.88,45.88,45.88,45.88,100,0
ION.US,5,20251204,162500,45.985,45.985,45.955,45.955,300,0
ION.US,5,20251204,164500,46.14,46.14,45.9934,45.9934,200,0
ION.US,5,20251204,170000,45.9601,45.9601,45.9601,45.9601,100,0
ION.US,5,20251204,180000,46.07,46.07,46.07,46.07,100,0
ION.US,5,20251204,183500,46.05,46.078,46.05,46.078,260,0
ION.US,5,20251205,155500,46.7062,46.7062,46.7062,46.7062,100,0
ION.US,5,20251205,160500,47.02,47.03,46.933,46.933,800,0
ION.US,5,20251205,162000,46.98,46.99,46.97,46.97,400,0
ION.US,5,20251205,184500,46.42,46.42,46.42,46.42,100,0
ION.US,5,20251205,195000,46.515,46.64,46.515,46.6399,900,0
ION.US,5,20251205,201000,46.59,46.62,46.59,46.62,600,0
ION.US,5,20251205,205000,46.6245,46.6245,46.6245,46.6245,107,0
ION.US,5,20251208,154000,47.71,47.71,47.71,47.71,148,0
ION.US,5,20251208,155000,47.6425,47.6425,47.6425,47.6425,200,0
ION.US,5,20251208,162000,47.26,47.2757,47.26,47.2757,210,0
ION.US,5,20251208,203000,47.63,47.63,47.6299,47.6299,800,0
ION.US,5,20251208,204500,47.555,47.555,47.555,47.555,570,0
ION.US,5,20251208,212000,47.5,47.64,47.5,47.535,1110,0
ION.US,5,20251208,212500,47.65,47.65,47.515,47.515,580,0
ION.US,5,20251209,164000,46.8492,46.8492,46.8492,46.8492,590,0
ION.US,5,20251209,180000,47.21,47.21,47.2008,47.2008,200,0
ION.US,5,20251210,154000,48.1109,48.1109,48.1109,48.1109,100,0
ION.US,5,20251210,183500,48.18,48.18,48.18,48.18,200,0
ION.US,5,20251210,200500,48.18,48.18,48.18,48.18,1250,0
ION.US,5,20251211,160500,47.865,47.865,47.865,47.865,150,0
ION.US,5,20251211,195500,48.34,48.3401,48.34,48.3401,200,0
ION.US,5,20251211,205000,48.545,48.67,48.545,48.67,200,0
ION.US,5,20251212,155500,48.555,48.555,48.555,48.555,102,0
ION.US,5,20251212,163000,47.9615,47.9615,47.9615,47.9615,133,0
ION.US,5,20251212,172000,47.66,47.66,47.5,47.5,300,0
ION.US,5,20251212,205500,47.8075,47.8075,47.8075,47.8075,100,0
ION.US,5,20251212,210000,47.89,47.89,47.89,47.89,600,0
ION.US,5,20251212,212500,47.92,47.92,47.92,47.92,200,0
ION.US,5,20251215,153500,47.65,47.65,47.65,47.65,100,0
ION.US,5,20251215,154000,47.575,47.575,47.54,47.54,245,0
ION.US,5,20251215,160500,47.34,47.3401,47.34,47.3401,200,0
ION.US,5,20251215,165500,47.21,47.21,47.21,47.21,100,0
ION.US,5,20251215,172500,47.52,47.52,47.5199,47.5199,200,0
ION.US,5,20251215,212500,47.47,47.47,47.4699,47.4699,2000,0
ION.US,5,20251215,213000,47.315,47.315,47.315,47.315,371,0
ION.US,5,20251216,155500,47.0872,47.37,47.0872,47.37,501,0
ION.US,5,20251216,161500,47.2,47.2,47.2,47.2,550,0
ION.US,5,20251216,175000,46.97,46.97,46.97,46.97,110,0
ION.US,5,20251216,180000,46.79,46.79,46.77,46.77,439,0
ION.US,5,20251216,202500,46.799,46.799,46.799,46.799,100,0
ION.US,5,20251216,212500,46.9823,46.9823,46.9823,46.9823,500,0
ION.US,5,20251216,214000,47.17,47.17,47.17,47.17,100,0
ION.US,5,20251217,153000,49.1547,49.1547,49.1547,49.1547,400,0
ION.US,5,20251217,153500,49.2,49.2,49.2,49.2,100,0
ION.US,5,20251217,154500,49.15,49.45,49.0352,49.16,2092,0
ION.US,5,20251217,155500,49.12,49.12,49.12,49.12,125,0
ION.US,5,20251217,160500,49.25,49.25,49.25,49.25,100,0
ION.US,5,20251217,161500,49.12,49.12,49.12,49.12,371,0
ION.US,5,20251217,164000,49.05,49.05,49.05,49.05,100,0
ION.US,5,20251217,171000,48.91,48.91,48.9099,48.9099,1800,0
ION.US,5,20251217,180000,48.83,48.83,48.83,48.83,200,0
ION.US,5,20251217,195500,48.72,48.72,48.72,48.72,100,0
ION.US,5,20251217,203000,48.5,48.6369,48.5,48.5002,700,0
ION.US,5,20251217,204000,48.6125,48.6125,48.6125,48.6125,100,0
ION.US,5,20251217,205500,48.61,48.61,48.61,48.61,145,0
ION.US,5,20251217,213500,48.61,48.61,48.61,48.61,129,0
ION.US,5,20251218,153500,48.58,48.58,48.56,48.56,400,0
ION.US,5,20251218,160000,48.73,48.75,48.73,48.75,800,0
ION.US,5,20251218,165000,48.92,48.92,48.92,48.92,100,0
ION.US,5,20251218,171000,48.965,48.98,48.965,48.98,200,0
ION.US,5,20251218,174500,48.8758,48.8758,48.8758,48.8758,1020,0
ION.US,5,20251218,183000,48.84,48.84,48.8399,48.8399,1000,0
ION.US,5,20251218,195500,49.05,49.05,49.05,49.05,100,0
ION.US,5,20251218,205000,48.933,49.28,48.933,49.28,421,0
ION.US,5,20251218,211000,49.07,49.09,49.07,49.09,507,0
ION.US,5,20251219,155000,49.63,49.63,49.63,49.63,200,0
ION.US,5,20251219,161500,49.68,49.68,49.68,49.68,1000,0
ION.US,5,20251219,162500,49.86,49.86,49.86,49.86,100,0
ION.US,5,20251219,170000,49.88,49.88,49.88,49.88,100,0
ION.US,5,20251219,175000,49.9799,49.9799,49.9799,49.9799,150,0
ION.US,5,20251219,180500,50.04,50.04,50.04,50.04,100,0
ION.US,5,20251219,182000,49.995,49.995,49.9944,49.9944,373,0
ION.US,5,20251219,182500,50.02,50.02,50.02,50.02,300,0
ION.US,5,20251219,183000,50.0116,50.12,50.0116,50.12,839,0
ION.US,5,20251219,183500,50.04,50.06,49.99,50.06,838,0
ION.US,5,20251219,185000,50.08,50.08,50.08,50.08,100,0
ION.US,5,20251219,190000,50.064,50.064,50.064,50.064,161,0
ION.US,5,20251219,203000,49.995,49.995,49.99,49.995,3000,0
ION.US,5,20251219,204000,50,50,50,50,100,0
ION.US,5,20251219,204500,49.9955,49.9955,49.9955,49.9955,330,0
ION.US,5,20251219,205000,49.9999,49.9999,49.9999,49.9999,100,0
ION.US,5,20251219,205500,50,50,50,50,200,0
ION.US,5,20251219,211000,49.89,49.89,49.89,49.89,100,0
ION.US,5,20251219,213000,49.89,49.89,49.89,49.89,100,0
ION.US,5,20251219,214500,49.89,49.89,49.89,49.89,100,0
ION.US,5,20251222,153000,51.42,51.42,51.42,51.42,100,0
ION.US,5,20251222,153500,51.32,51.32,51.32,51.32,100,0
ION.US,5,20251222,161500,51.52,52.4499,51.355,51.355,1182,0
ION.US,5,20251222,163000,51.32,51.32,51.32,51.32,340,0
ION.US,5,20251222,165500,51.61,51.61,51.6099,51.6099,400,0
ION.US,5,20251222,170000,51.61,51.61,51.6099,51.6099,600,0
ION.US,5,20251222,172000,51.67,51.67,51.67,51.67,300,0
ION.US,5,20251222,173500,51.63,51.63,51.63,51.63,3874,0
ION.US,5,20251222,174000,51.61,51.61,51.55,51.55,400,0
ION.US,5,20251222,180000,51.61,51.61,51.61,51.61,100,0
ION.US,5,20251222,181500,51.63,51.63,51.6299,51.63,800,0
ION.US,5,20251222,183500,51.63,51.63,51.63,51.63,100,0
ION.US,5,20251222,201000,51.58,51.58,51.58,51.58,200,0
ION.US,5,20251222,203000,51.68,51.68,51.585,51.585,268,0
ION.US,5,20251222,203500,51.5936,51.5936,51.5936,51.5936,137,0
ION.US,5,20251222,211500,51.76,52.71,51.625,52.71,500,0
ION.US,5,20251222,212000,51.6376,51.6376,51.6376,51.6376,365,0
ION.US,5,20251222,212500,51.76,51.76,51.7599,51.7599,200,0
ION.US,5,20251222,215500,51.675,51.81,51.675,51.81,501,0
