<TICKER>,<PER>,<DATE>,<TIME>,<OPEN>,<HIGH>,<LOW>,<CLOSE>,<VOL>,<OPENINT>
MEM.US,5,20250728,153500,33.08,33.08,33.08,33.08,294,0
MEM.US,5,20250728,175000,33.1,33.1,33.1,33.1,100,0
MEM.US,5,20250728,180000,33.1,33.105,33.1,33.105,200,0
MEM.US,5,20250728,181500,33.1,33.1,33.1,33.1,100,0
MEM.US,5,20250728,183000,33.08,33.11,33.05,33.11,1100,0
MEM.US,5,20250728,185500,33.1,33.1,33.09,33.09,200,0
MEM.US,5,20250728,190000,33.08,33.08,33.07,33.07,200,0
MEM.US,5,20250728,190500,33.1,33.1,33.08,33.08,298,0
MEM.US,5,20250728,191000,33.064,33.064,33.064,33.064,200,0
MEM.US,5,20250728,191500,33.08,33.09,33.07,33.09,496,0
MEM.US,5,20250728,193000,33.03,33.057,33.03,33.057,685,0
MEM.US,5,20250728,200500,32.95,32.95,32.95,32.95,100,0
MEM.US,5,20250728,210500,32.94,32.94,32.94,32.94,1000,0
MEM.US,5,20250728,212000,32.942,32.942,32.942,32.942,156,0
MEM.US,5,20250729,170000,33.075,33.075,33.075,33.075,100,0
MEM.US,5,20250729,172000,33.0406,33.0406,33.0406,33.0406,222,0
MEM.US,5,20250729,172500,33.02,33.02,33.02,33.02,108,0
MEM.US,5,20250729,193500,33.03,33.03,33.01,33.01,600,0
MEM.US,5,20250730,153500,32.94,32.97,32.94,32.97,200,0
MEM.US,5,20250730,154000,33,33,32.97,32.97,600,0
MEM.US,5,20250730,154500,32.98,32.98,32.96,32.97,500,0
MEM.US,5,20250730,155000,32.94,32.96,32.94,32.96,690,0
MEM.US,5,20250730,155500,32.97,32.97,32.96,32.96,500,0
MEM.US,5,20250730,161000,33,33,32.98,32.98,300,0
MEM.US,5,20250730,161500,33.01,33.01,33.01,33.01,100,0
MEM.US,5,20250730,162000,33,33,33,33,100,0
MEM.US,5,20250730,162500,33,33,32.966,32.966,300,0
MEM.US,5,20250730,163000,32.99,32.99,32.94,32.94,300,0
MEM.US,5,20250730,163500,32.91,32.92,32.91,32.92,300,0
MEM.US,5,20250730,164000,32.92,32.92,32.92,32.92,409,0
MEM.US,5,20250730,164500,32.93,32.93,32.93,32.93,394,0
MEM.US,5,20250730,171000,32.91,32.91,32.91,32.91,142,0
MEM.US,5,20250730,180500,32.95,32.95,32.84,32.84,400,0
MEM.US,5,20250730,181000,32.84,32.8401,32.84,32.8401,400,0
MEM.US,5,20250730,182000,32.8987,32.8987,32.8987,32.8987,400,0
MEM.US,5,20250730,183000,32.85,32.95,32.85,32.95,1000,0
MEM.US,5,20250730,185500,32.905,32.905,32.905,32.905,170,0
MEM.US,5,20250730,191000,32.871,32.871,32.87,32.8701,1046,0
MEM.US,5,20250730,191500,32.87,32.8701,32.87,32.8701,600,0
MEM.US,5,20250730,192500,32.86,32.86,32.86,32.86,100,0
MEM.US,5,20250730,200500,32.85,32.85,32.85,32.85,100,0
MEM.US,5,20250730,204500,32.86,32.86,32.86,32.86,100,0
MEM.US,5,20250730,210500,32.7992,32.7992,32.7992,32.7992,192,0
MEM.US,5,20250731,183000,32.802,32.802,32.802,32.802,200,0
MEM.US,5,20250731,194500,32.7303,32.7303,32.7303,32.7303,1195,0
MEM.US,5,20250731,195500,32.69,32.69,32.69,32.69,177,0
MEM.US,5,20250801,161500,32.33,32.33,32.33,32.33,100,0
MEM.US,5,20250801,165000,32.355,32.355,32.355,32.355,119,0
MEM.US,5,20250801,170500,32.4,32.4,32.4,32.4,100,0
MEM.US,5,20250801,172000,32.3218,32.3218,32.3218,32.3218,180,0
MEM.US,5,20250801,174000,32.35,32.35,32.35,32.35,100,0
MEM.US,5,20250801,174500,32.3999,32.3999,32.3999,32.3999,200,0
MEM.US,5,20250801,175000,32.4,32.4,32.4,32.4,100,0
MEM.US,5,20250801,183000,32.35,32.35,32.33,32.35,19379,0
MEM.US,5,20250801,183500,32.4,32.4,32.35,32.35,200,0
MEM.US,5,20250801,184500,32.32,32.32,32.32,32.32,100,0
MEM.US,5,20250801,185500,32.29,32.29,32.29,32.29,100,0
MEM.US,5,20250801,190500,32.24,32.24,32.24,32.24,100,0
MEM.US,5,20250801,191500,32.22,32.22,32.22,32.22,100,0
MEM.US,5,20250801,202000,32.2,32.2,32.2,32.2,100,0
MEM.US,5,20250801,203500,32.28,32.28,32.28,32.28,225,0
MEM.US,5,20250801,204500,32.3,32.3,32.3,32.3,100,0
MEM.US,5,20250804,153000,32.72,32.72,32.72,32.72,100,0
MEM.US,5,20250804,154000,32.69,32.69,32.69,32.69,100,0
MEM.US,5,20250804,155000,32.71,32.71,32.71,32.71,100,0
MEM.US,5,20250804,160000,32.72,32.765,32.72,32.765,200,0
MEM.US,5,20250804,165000,32.69,32.69,32.69,32.69,100,0
MEM.US,5,20250804,172000,32.655,32.655,32.655,32.655,153,0
MEM.US,5,20250804,194000,32.6788,32.6788,32.6788,32.6788,150,0
MEM.US,5,20250804,210500,32.68,32.68,32.68,32.68,100,0
MEM.US,5,20250804,213000,32.69,32.69,32.69,32.69,100,0
MEM.US,5,20250804,214000,32.69,32.69,32.69,32.69,100,0
MEM.US,5,20250805,170000,32.7639,32.78,32.7639,32.78,290,0
MEM.US,5,20250805,174000,32.76,32.76,32.76,32.76,100,0
MEM.US,5,20250805,213000,32.84,32.84,32.78,32.825,700,0
MEM.US,5,20250806,161500,32.85,32.85,32.85,32.85,100,0
MEM.US,5,20250806,171500,32.795,32.81,32.795,32.81,1400,0
MEM.US,5,20250806,181500,32.82,32.82,32.82,32.82,100,0
MEM.US,5,20250806,195000,32.9139,32.9139,32.9139,32.9139,297,0
MEM.US,5,20250806,202000,32.935,32.96,32.935,32.96,227,0
MEM.US,5,20250806,212500,32.96,32.96,32.96,32.96,425,0
MEM.US,5,20250807,153000,33.28,33.28,33.28,33.28,100,0
MEM.US,5,20250807,155000,33.3899,33.3899,33.34,33.35,900,0
MEM.US,5,20250808,153000,33.11,33.11,33.11,33.11,100,0
MEM.US,5,20250808,170500,33.06,33.06,33.06,33.06,100,0
MEM.US,5,20250808,183000,33.1,33.1,33.1,33.1,200,0
MEM.US,5,20250808,194500,33.16,33.16,33.16,33.16,222,0
MEM.US,5,20250808,202500,33.11,33.11,33.11,33.11,100,0
MEM.US,5,20250811,155000,33.02,33.02,33.02,33.02,100,0
MEM.US,5,20250811,161000,33.07,33.07,33.07,33.07,100,0
MEM.US,5,20250811,162500,33.11,33.12,33.0762,33.1199,2157,0
MEM.US,5,20250811,163500,33.05,33.1,33.05,33.1,1000,0
MEM.US,5,20250811,170000,33.05,33.05,33.05,33.05,100,0
MEM.US,5,20250811,173000,33.0799,33.0799,33.055,33.055,610,0
MEM.US,5,20250811,173500,33.08,33.08,33.07,33.07,200,0
MEM.US,5,20250811,175000,33.04,33.08,33.02,33.02,3067,0
MEM.US,5,20250811,182500,33.08,33.08,33.08,33.08,100,0
MEM.US,5,20250811,184000,33.07,33.07,33.07,33.07,300,0
MEM.US,5,20250811,184500,33.075,33.075,33.075,33.075,100,0
MEM.US,5,20250811,185000,33.07,33.07,33.07,33.07,200,0
MEM.US,5,20250811,190500,33.075,33.075,33.075,33.075,100,0
MEM.US,5,20250811,192000,33.0199,33.0199,33.0199,33.0199,513,0
MEM.US,5,20250811,215500,32.96,32.96,32.96,32.96,162,0
MEM.US,5,20250812,165500,33.27,33.27,33.27,33.27,600,0
MEM.US,5,20250812,172000,33.38,33.38,33.38,33.38,200,0
MEM.US,5,20250812,184500,33.46,33.46,33.45,33.45,224,0
MEM.US,5,20250812,194000,33.48,33.48,33.48,33.48,100,0
MEM.US,5,20250812,200000,33.5,33.5,33.5,33.5,100,0
MEM.US,5,20250813,162000,33.8943,33.9,33.88,33.9,610,0
MEM.US,5,20250813,163000,33.87,33.87,33.87,33.87,200,0
MEM.US,5,20250813,170000,33.82,33.82,33.82,33.82,100,0
MEM.US,5,20250813,171500,33.8,33.8,33.8,33.8,100,0
MEM.US,5,20250813,181000,33.81,33.81,33.81,33.81,100,0
MEM.US,5,20250814,161500,33.52,33.52,33.52,33.52,100,0
MEM.US,5,20250814,163000,33.55,33.55,33.55,33.55,100,0
MEM.US,5,20250814,164500,33.63,33.63,33.63,33.63,100,0
MEM.US,5,20250814,172500,33.45,33.45,33.45,33.45,100,0
MEM.US,5,20250814,175500,33.5481,33.5481,33.5481,33.5481,150,0
MEM.US,5,20250814,193500,33.49,33.49,33.49,33.49,100,0
MEM.US,5,20250815,155500,33.67,33.67,33.67,33.67,100,0
MEM.US,5,20250815,204500,33.5907,33.5907,33.5907,33.5907,742,0
MEM.US,5,20250818,154500,33.73,33.73,33.73,33.73,100,0
MEM.US,5,20250818,183000,33.675,33.675,33.675,33.675,200,0
MEM.US,5,20250818,205500,33.69,33.69,33.69,33.69,100,0
MEM.US,5,20250818,210000,33.69,33.69,33.69,33.69,200,0
MEM.US,5,20250819,153000,33.48,33.48,33.48,33.48,100,0
MEM.US,5,20250819,163000,33.51,33.51,33.51,33.51,186,0
MEM.US,5,20250819,164500,33.5199,33.5199,33.5199,33.5199,199,0
MEM.US,5,20250819,165000,33.39,33.39,33.39,33.39,100,0
MEM.US,5,20250819,172500,33.43,33.43,33.41,33.41,300,0
MEM.US,5,20250819,205000,33.32,33.32,33.32,33.32,100,0
MEM.US,5,20250820,154000,33.22,33.22,33.21,33.21,400,0
MEM.US,5,20250820,155000,33.23,33.23,33.23,33.23,600,0
MEM.US,5,20250820,163000,33.02,33.02,33.02,33.02,100,0
MEM.US,5,20250820,165500,33.09,33.09,33.064,33.064,400,0
MEM.US,5,20250821,161500,33.205,33.21,33.205,33.21,2500,0
MEM.US,5,20250821,174000,33.2633,33.2633,33.2633,33.2633,1400,0
MEM.US,5,20250821,192000,33.23,33.23,33.23,33.23,200,0
MEM.US,5,20250822,153000,33.33,33.33,33.33,33.33,100,0
MEM.US,5,20250822,155500,33.39,33.39,33.39,33.39,100,0
MEM.US,5,20250822,161500,33.71,33.71,33.71,33.71,100,0
MEM.US,5,20250822,164000,33.68,33.68,33.68,33.68,100,0
MEM.US,5,20250822,165500,33.72,33.72,33.72,33.72,100,0
MEM.US,5,20250822,170500,33.74,33.74,33.74,33.74,100,0
MEM.US,5,20250822,171000,33.74,33.74,33.74,33.74,100,0
MEM.US,5,20250822,173000,33.73,33.73,33.73,33.73,200,0
MEM.US,5,20250822,173500,33.73,33.73,33.73,33.73,100,0
MEM.US,5,20250822,175500,33.72,33.72,33.72,33.72,100,0
MEM.US,5,20250822,185000,33.7726,33.7726,33.71,33.71,238,0
MEM.US,5,20250822,205500,33.74,33.74,33.74,33.74,100,0
MEM.US,5,20250822,213500,33.72,33.72,33.72,33.72,100,0
MEM.US,5,20250825,153000,33.7,33.71,33.7,33.71,200,0
MEM.US,5,20250825,154000,33.72,33.72,33.72,33.72,100,0
MEM.US,5,20250825,155000,33.75,33.75,33.75,33.75,100,0
MEM.US,5,20250825,161000,33.73,33.73,33.73,33.73,100,0
MEM.US,5,20250825,162000,33.81,33.81,33.81,33.81,100,0
MEM.US,5,20250825,172500,33.72,33.72,33.72,33.72,148,0
MEM.US,5,20250825,174000,33.72,33.72,33.72,33.72,100,0
MEM.US,5,20250826,160500,33.6,33.6,33.6,33.6,100,0
MEM.US,5,20250826,184000,33.5501,33.5501,33.55,33.55,200,0
MEM.US,5,20250826,192000,33.51,33.51,33.51,33.51,100,0
MEM.US,5,20250826,203500,33.5208,33.5208,33.5208,33.5208,485,0
MEM.US,5,20250827,153000,33.26,33.26,33.26,33.26,100,0
MEM.US,5,20250827,154000,33.24,33.24,33.24,33.24,100,0
MEM.US,5,20250827,155000,33.24,33.24,33.24,33.24,100,0
MEM.US,5,20250827,160000,33.24,33.24,33.24,33.24,100,0
MEM.US,5,20250827,161000,33.23,33.23,33.23,33.23,100,0
MEM.US,5,20250827,161500,33.24,33.24,33.24,33.24,100,0
MEM.US,5,20250827,162000,33.23,33.23,33.23,33.23,100,0
MEM.US,5,20250827,164500,33.22,33.22,33.13,33.13,200,0
MEM.US,5,20250827,165500,33.23,33.23,33.23,33.23,100,0
MEM.US,5,20250827,170500,33.28,33.3,33.28,33.3,200,0
MEM.US,5,20250827,173000,33.29,33.29,33.29,33.29,100,0
MEM.US,5,20250827,174000,33.25,33.25,33.25,33.25,100,0
MEM.US,5,20250827,174500,33.205,33.205,33.2,33.2,200,0
MEM.US,5,20250827,175000,33.25,33.25,33.25,33.25,100,0
MEM.US,5,20250827,180000,33.25,33.25,33.25,33.25,100,0
MEM.US,5,20250827,181000,33.245,33.245,33.245,33.245,100,0
MEM.US,5,20250827,182000,33.25,33.25,33.25,33.25,100,0
MEM.US,5,20250827,182500,33.27,33.27,33.27,33.27,1750,0
MEM.US,5,20250827,183500,33.26,33.26,33.26,33.26,100,0
MEM.US,5,20250827,184500,33.29,33.29,33.25,33.25,200,0
MEM.US,5,20250827,185000,33.25,33.25,33.25,33.25,760,0
MEM.US,5,20250827,185500,33.24,33.24,33.24,33.24,716,0
MEM.US,5,20250827,190000,33.3,33.3,33.3,33.3,100,0
MEM.US,5,20250827,195500,33.28,33.28,33.26,33.2601,2700,0
MEM.US,5,20250827,213500,33.37,33.37,33.37,33.37,100,0
MEM.US,5,20250827,214500,33.37,33.37,33.37,33.37,100,0
MEM.US,5,20250827,215500,33.38,33.38,33.355,33.355,200,0
MEM.US,5,20250828,153000,33.47,33.47,33.47,33.47,100,0
MEM.US,5,20250828,163000,33.6,33.6,33.6,33.6,500,0
MEM.US,5,20250828,172500,33.62,33.62,33.6,33.6,200,0
MEM.US,5,20250828,183500,33.6884,33.6884,33.6884,33.6884,583,0
MEM.US,5,20250828,194000,33.68,33.68,33.68,33.68,100,0
MEM.US,5,20250829,153000,33.59,33.59,33.59,33.59,100,0
MEM.US,5,20250829,162500,33.58,33.58,33.58,33.58,200,0
MEM.US,5,20250829,181500,33.66,33.66,33.66,33.66,200,0
MEM.US,5,20250829,201000,33.6678,33.6678,33.6678,33.6678,276,0
MEM.US,5,20250829,205500,33.6568,33.6568,33.6568,33.6568,415,0
MEM.US,5,20250829,210500,33.69,33.69,33.69,33.69,100,0
MEM.US,5,20250829,212000,33.69,33.7,33.67,33.67,300,0
MEM.US,5,20250829,212500,33.69,33.69,33.64,33.64,700,0
MEM.US,5,20250902,153000,33.39,33.39,33.39,33.39,100,0
MEM.US,5,20250902,154000,33.43,33.43,33.43,33.43,100,0
MEM.US,5,20250902,155000,33.4824,33.5,33.4824,33.5,400,0
MEM.US,5,20250902,160000,33.56,33.56,33.56,33.56,100,0
MEM.US,5,20250902,161000,33.62,33.62,33.62,33.62,100,0
MEM.US,5,20250902,162000,33.66,33.66,33.66,33.66,100,0
MEM.US,5,20250902,163000,33.69,33.69,33.69,33.69,100,0
MEM.US,5,20250902,165000,33.61,33.61,33.61,33.61,100,0
MEM.US,5,20250902,170500,33.59,33.59,33.59,33.59,100,0
MEM.US,5,20250902,171500,33.57,33.57,33.57,33.57,100,0
MEM.US,5,20250902,173500,33.555,33.555,33.555,33.555,100,0
MEM.US,5,20250902,180000,33.5058,33.5058,33.5058,33.5058,193,0
MEM.US,5,20250902,191000,33.52,33.52,33.52,33.52,200,0
MEM.US,5,20250902,204500,33.568,33.568,33.568,33.568,664,0
MEM.US,5,20250902,205500,33.57,33.6165,33.57,33.6165,212,0
MEM.US,5,20250903,162500,33.71,33.71,33.71,33.71,100,0
MEM.US,5,20250903,165000,33.745,33.745,33.745,33.745,160,0
MEM.US,5,20250903,211000,33.6842,33.6842,33.6842,33.6842,433,0
MEM.US,5,20250904,173500,33.4,33.4,33.4,33.4,400,0
MEM.US,5,20250904,181000,33.46,33.46,33.46,33.46,150,0
MEM.US,5,20250904,184000,33.42,33.42,33.42,33.42,100,0
MEM.US,5,20250904,213000,33.5715,33.5715,33.5715,33.5715,159,0
MEM.US,5,20250905,153000,34.03,34.03,34.03,34.03,100,0
MEM.US,5,20250905,155000,34.115,34.115,34.115,34.115,350,0
MEM.US,5,20250905,160000,34.04,34.15,34.04,34.15,2100,0
MEM.US,5,20250905,161500,33.89,33.89,33.88,33.88,209,0
MEM.US,5,20250905,182000,33.9115,33.9115,33.9115,33.9115,373,0
MEM.US,5,20250905,204000,33.92,33.92,33.92,33.92,100,0
MEM.US,5,20250909,162500,34.795,34.795,34.795,34.795,200,0
MEM.US,5,20250909,173000,34.71,34.71,34.71,34.71,100,0
MEM.US,5,20250909,193000,34.76,34.76,34.76,34.76,200,0
MEM.US,5,20250909,202500,34.766,34.766,34.766,34.766,134,0
MEM.US,5,20250909,212500,34.76,34.76,34.76,34.76,16505,0
MEM.US,5,20250909,213500,34.7449,34.75,34.7449,34.75,1008,0
MEM.US,5,20250910,164500,35.01,35.01,35.01,35.01,748,0
MEM.US,5,20250910,171000,35.02,35.02,35.02,35.02,100,0
MEM.US,5,20250910,171500,35.02,35.02,35.02,35.02,101,0
MEM.US,5,20250910,175500,34.99,34.99,34.99,34.99,100,0
MEM.US,5,20250910,203500,35.02,35.06,35.02,35.06,500,0
MEM.US,5,20250911,202000,35.54,35.54,35.54,35.54,400,0
MEM.US,5,20250911,204500,35.54,35.54,35.54,35.54,225,0
MEM.US,5,20250911,212500,35.57,35.57,35.57,35.57,100,0
MEM.US,5,20250911,213500,35.59,35.59,35.59,35.59,100,0
MEM.US,5,20250912,155500,35.53,35.53,35.53,35.53,100,0
MEM.US,5,20250912,184500,35.47,35.47,35.45,35.45,986,0
MEM.US,5,20250912,194000,35.58,35.58,35.58,35.58,111,0
MEM.US,5,20250912,194500,35.46,35.46,35.46,35.46,100,0
MEM.US,5,20250912,211500,35.6016,35.6016,35.6016,35.6016,841,0
MEM.US,5,20250915,162000,35.8062,35.8062,35.8062,35.8062,280,0
MEM.US,5,20250915,165500,35.76,35.76,35.76,35.76,100,0
MEM.US,5,20250915,195000,35.824,35.824,35.824,35.824,240,0
MEM.US,5,20250916,172000,36.0087,36.0087,36.0087,36.0087,106,0
MEM.US,5,20250916,173000,35.99,35.99,35.925,35.925,8535,0
MEM.US,5,20250916,174500,35.97,35.97,35.97,35.97,200,0
MEM.US,5,20250916,175500,35.8801,35.8801,35.8801,35.8801,274,0
MEM.US,5,20250916,180000,36,36,36,36,200,0
MEM.US,5,20250916,180500,36.01,36.01,36.01,36.01,600,0
MEM.US,5,20250916,182000,36.01,36.0101,35.965,35.965,300,0
MEM.US,5,20250916,193000,36,36,36,36,116,0
MEM.US,5,20250916,205500,36.08,36.0801,36.06,36.0801,500,0
MEM.US,5,20250917,161000,36.4215,36.4215,36.4215,36.4215,475,0
MEM.US,5,20250917,173000,36.34,36.34,36.34,36.34,100,0
MEM.US,5,20250917,202500,36.44,36.44,36.44,36.44,635,0
MEM.US,5,20250917,215000,36.39,36.39,36.39,36.39,140,0
MEM.US,5,20250918,154500,36.15,36.15,36.15,36.15,2235,0
MEM.US,5,20250918,155000,36.085,36.17,36.085,36.15,700,0
MEM.US,5,20250918,160000,36.21,36.31,36.21,36.23,7179,0
MEM.US,5,20250918,161500,36.275,36.275,36.275,36.275,100,0
MEM.US,5,20250918,162500,36.35,36.35,36.34,36.34,200,0
MEM.US,5,20250918,164000,36.29,36.29,36.29,36.29,100,0
MEM.US,5,20250918,164500,36.29,36.29,36.29,36.29,300,0
MEM.US,5,20250918,165500,36.29,36.3,36.29,36.3,488,0
MEM.US,5,20250918,171500,36.29,36.29,36.29,36.29,300,0
MEM.US,5,20250918,174000,36.28,36.28,36.28,36.28,100,0
MEM.US,5,20250918,174500,36.29,36.29,36.29,36.29,1000,0
MEM.US,5,20250918,175500,36.29,36.29,36.29,36.29,600,0
MEM.US,5,20250918,181000,36.29,36.29,36.29,36.29,100,0
MEM.US,5,20250918,181500,36.19,36.19,36.19,36.19,16505,0
MEM.US,5,20250918,193500,36.28,36.28,36.26,36.28,3700,0
MEM.US,5,20250918,195000,36.28,36.28,36.28,36.28,600,0
MEM.US,5,20250918,200000,36.28,36.29,36.28,36.29,500,0
MEM.US,5,20250918,200500,36.28,36.28,36.28,36.28,1400,0
MEM.US,5,20250918,201500,36.28,36.28,36.28,36.28,100,0
MEM.US,5,20250918,202000,36.28,36.28,36.28,36.28,100,0
MEM.US,5,20250918,202500,36.29,36.29,36.29,36.29,200,0
MEM.US,5,20250918,203500,36.29,36.29,36.29,36.29,100,0
MEM.US,5,20250918,204000,36.27,36.27,36.27,36.27,100,0
MEM.US,5,20250918,204500,36.27,36.27,36.27,36.27,300,0
MEM.US,5,20250918,205000,36.28,36.28,36.27,36.27,900,0
MEM.US,5,20250918,205500,36.26,36.27,36.13,36.13,3705,0
MEM.US,5,20250918,213000,36.25,36.25,36.25,36.25,100,0
MEM.US,5,20250918,214500,36.25,36.25,36.25,36.25,100,0
MEM.US,5,20250918,215000,36.25,36.25,36.25,36.25,100,0
MEM.US,5,20250918,215500,36.25,36.25,36.24,36.24,200,0
MEM.US,5,20250919,161500,36.1606,36.1606,36.1606,36.1606,145,0
MEM.US,5,20250919,215000,36.1445,36.1445,36.1445,36.1445,240,0
MEM.US,5,20250922,185000,36.13,36.14,36.13,36.13,4385,0
MEM.US,5,20250922,185500,36.13,36.13,36.13,36.13,700,0
MEM.US,5,20250922,190000,36.13,36.13,36.13,36.13,100,0
MEM.US,5,20250922,203000,36.16,36.16,36.16,36.16,100,0
MEM.US,5,20250922,205000,36.17,36.17,36.16,36.16,1009,0
MEM.US,5,20250922,205500,36.2,36.2,36.2,36.2,100,0
MEM.US,5,20250923,173500,36.32,36.37,36.32,36.37,1029,0
MEM.US,5,20250924,160500,36.32,36.43,36.255,36.43,10697,0
MEM.US,5,20250924,202000,36.2999,36.2999,36.2999,36.2999,100,0
MEM.US,5,20250924,202500,36.28,36.28,36.28,36.28,100,0
MEM.US,5,20250925,154000,35.78,35.78,35.78,35.78,110,0
MEM.US,5,20250925,154500,35.85,35.85,35.79,35.85,918,0
MEM.US,5,20250926,195500,35.84,35.84,35.84,35.84,100,0
MEM.US,5,20250926,200000,35.79,35.79,35.74,35.74,1266,0
MEM.US,5,20250926,201000,35.785,35.785,35.785,35.785,150,0
MEM.US,5,20250929,160000,36.382,36.382,36.382,36.382,111,0
MEM.US,5,20250929,162500,36.27,36.27,36.27,36.27,100,0
MEM.US,5,20250929,172500,36.36,36.36,36.3599,36.3599,200,0
MEM.US,5,20250929,212000,36.288,36.3,36.28,36.3,1083,0
MEM.US,5,20250929,215500,36.22,36.22,36.22,36.22,105,0
MEM.US,5,20251001,154500,36.4855,36.4855,36.4855,36.4855,525,0
MEM.US,5,20251001,160000,36.395,36.395,36.395,36.395,330,0
MEM.US,5,20251001,162000,36.36,36.36,36.36,36.36,100,0
MEM.US,5,20251001,165000,36.38,36.38,36.38,36.38,100,0
MEM.US,5,20251001,183000,36.44,36.44,36.4399,36.4399,200,0
MEM.US,5,20251001,183500,36.415,36.4395,36.415,36.4395,200,0
MEM.US,5,20251001,185000,36.44,36.44,36.4399,36.4399,200,0
MEM.US,5,20251001,192500,36.4,36.4001,36.4,36.4001,980,0
MEM.US,5,20251001,195500,36.5,36.51,36.5,36.51,1644,0
MEM.US,5,20251002,153000,36.92,36.92,36.905,36.905,400,0
MEM.US,5,20251002,161000,36.8152,36.8152,36.8152,36.8152,250,0
MEM.US,5,20251002,172500,36.65,36.72,36.65,36.707,1100,0
MEM.US,5,20251002,180500,36.69,36.69,36.69,36.69,100,0
MEM.US,5,20251002,212500,36.7199,36.7199,36.7199,36.7199,104,0
MEM.US,5,20251003,171500,36.8275,36.8275,36.8275,36.8275,545,0
MEM.US,5,20251003,200500,36.78,36.785,36.725,36.725,680,0
MEM.US,5,20251003,203500,36.7899,36.7899,36.7899,36.7899,109,0
MEM.US,5,20251003,212500,36.86,36.87,36.86,36.87,300,0
MEM.US,5,20251003,213000,36.81,36.81,36.81,36.81,100,0
MEM.US,5,20251003,213500,36.8899,36.8899,36.8899,36.8899,105,0
MEM.US,5,20251006,160000,36.96,36.96,36.96,36.96,100,0
MEM.US,5,20251006,163000,37,37,37,37,117,0
MEM.US,5,20251006,163500,37.02,37.02,36.981,36.981,500,0
MEM.US,5,20251006,165500,37.068,37.068,37.068,37.068,460,0
MEM.US,5,20251006,175500,37.11,37.12,37.0597,37.0689,500,0
MEM.US,5,20251006,180500,37.0897,37.09,37.0897,37.09,300,0
MEM.US,5,20251006,181000,37.085,37.1,37.0698,37.085,600,0
MEM.US,5,20251006,181500,37.11,37.11,37.081,37.081,500,0
MEM.US,5,20251006,182000,37.12,37.14,37.081,37.14,1000,0
MEM.US,5,20251006,182500,37.15,37.15,37.15,37.15,100,0
MEM.US,5,20251006,204000,37.17,37.17,37.17,37.17,100,0
MEM.US,5,20251007,154000,37.0529,37.0529,37.0529,37.0529,100,0
MEM.US,5,20251007,161000,37,37,36.954,36.954,596,0
MEM.US,5,20251007,164500,36.92,36.92,36.92,36.92,123,0
MEM.US,5,20251007,170500,36.86,36.86,36.86,36.86,300,0
MEM.US,5,20251007,171000,36.88,36.88,36.88,36.88,145,0
MEM.US,5,20251007,173000,36.87,36.87,36.83,36.83,299,0
MEM.US,5,20251007,202000,36.69,36.69,36.69,36.69,100,0
MEM.US,5,20251007,203000,36.69,36.69,36.6899,36.6899,200,0
MEM.US,5,20251007,203500,36.7,36.7,36.7,36.7,100,0
MEM.US,5,20251007,204000,36.69,36.699,36.69,36.6927,300,0
MEM.US,5,20251007,205000,36.697,36.71,36.695,36.699,500,0
MEM.US,5,20251007,205500,36.719,36.719,36.719,36.719,100,0
MEM.US,5,20251007,210000,36.705,36.73,36.705,36.7117,500,0
MEM.US,5,20251008,155500,36.66,36.66,36.66,36.66,124,0
MEM.US,5,20251008,161000,36.72,36.72,36.72,36.72,100,0
MEM.US,5,20251008,161500,36.68,36.68,36.68,36.68,100,0
MEM.US,5,20251008,162000,36.7,36.7,36.7,36.7,200,0
MEM.US,5,20251008,164500,36.7399,36.7399,36.7399,36.7399,148,0
MEM.US,5,20251008,183500,36.76,36.76,36.7599,36.7599,268,0
MEM.US,5,20251008,194000,36.74,36.74,36.74,36.74,378,0
MEM.US,5,20251008,195000,36.69,36.6901,36.69,36.6901,400,0
MEM.US,5,20251008,210000,36.82,36.82,36.8125,36.8125,320,0
MEM.US,5,20251008,211000,36.829,36.8299,36.7,36.7,1150,0
MEM.US,5,20251009,153000,36.81,36.81,36.81,36.81,100,0
MEM.US,5,20251009,172500,36.53,36.53,36.53,36.53,125,0
MEM.US,5,20251009,194000,36.39,36.39,36.39,36.39,100,0
MEM.US,5,20251009,201000,36.39,36.39,36.39,36.39,100,0
MEM.US,5,20251009,211000,36.44,36.44,36.44,36.44,100,0
MEM.US,5,20251010,163000,36.48,36.48,36.48,36.48,125,0
MEM.US,5,20251010,165500,36.45,36.45,36.45,36.45,200,0
MEM.US,5,20251010,172500,35.63,35.63,35.63,35.63,190,0
MEM.US,5,20251010,173000,35.58,35.58,35.58,35.58,300,0
MEM.US,5,20251010,174500,35.5493,35.5493,35.4803,35.4803,200,0
MEM.US,5,20251010,175500,35.42,35.42,35.42,35.42,300,0
MEM.US,5,20251010,184000,35.41,35.41,35.29,35.29,300,0
MEM.US,5,20251010,190000,35.1,35.1,35.1,35.1,200,0
MEM.US,5,20251010,201500,35.11,35.11,35.11,35.11,200,0
MEM.US,5,20251010,203500,35.13,35.13,35.13,35.13,200,0
MEM.US,5,20251010,205500,34.9864,34.9864,34.9864,34.9864,750,0
MEM.US,5,20251013,155000,36,36,36,36,200,0
MEM.US,5,20251013,171500,36,36.01,36,36,1300,0
MEM.US,5,20251013,182000,36.09,36.09,36.09,36.09,400,0
MEM.US,5,20251013,210000,35.96,35.96,35.96,35.96,100,0
MEM.US,5,20251013,210500,36.006,36.006,36.006,36.006,100,0
MEM.US,5,20251013,212500,36.035,36.035,36.025,36.025,200,0
MEM.US,5,20251013,213000,35.9601,35.9601,35.9601,35.9601,100,0
MEM.US,5,20251013,214000,35.96,35.96,35.96,35.96,100,0
MEM.US,5,20251013,214500,35.96,35.96,35.96,35.96,200,0
MEM.US,5,20251013,215500,35.995,35.995,35.995,35.995,200,0
MEM.US,5,20251014,153500,35.27,35.27,35.27,35.27,111,0
MEM.US,5,20251014,154500,35.27,35.27,35.27,35.27,200,0
MEM.US,5,20251014,162500,35.54,35.57,35.54,35.57,300,0
MEM.US,5,20251014,165000,35.55,35.55,35.55,35.55,200,0
MEM.US,5,20251014,174000,35.63,35.63,35.63,35.63,100,0
MEM.US,5,20251014,193000,35.82,35.82,35.82,35.82,100,0
MEM.US,5,20251014,201500,35.7926,35.7926,35.7926,35.7926,100,0
MEM.US,5,20251014,204000,35.78,35.78,35.78,35.78,100,0
MEM.US,5,20251014,204500,35.78,35.7802,35.78,35.7802,200,0
MEM.US,5,20251014,210000,35.795,35.795,35.795,35.795,100,0
MEM.US,5,20251014,210500,35.78,35.78,35.78,35.78,123,0
MEM.US,5,20251014,211500,35.79,35.79,35.79,35.79,100,0
MEM.US,5,20251014,212000,35.78,35.7801,35.78,35.7801,200,0
MEM.US,5,20251014,212500,35.73,35.7301,35.73,35.7301,200,0
MEM.US,5,20251014,213500,35.66,35.66,35.6599,35.6599,200,0
MEM.US,5,20251015,155500,36.18,36.18,36.18,36.18,100,0
MEM.US,5,20251015,164000,36.28,36.28,36.28,36.28,200,0
MEM.US,5,20251015,172500,36.29,36.29,36.29,36.29,200,0
MEM.US,5,20251015,173000,36.31,36.31,36.215,36.27,600,0
MEM.US,5,20251015,173500,36.24,36.24,36.24,36.24,118,0
MEM.US,5,20251015,195000,36.19,36.19,36.19,36.19,1000,0
MEM.US,5,20251015,201000,36.2087,36.2087,36.2087,36.2087,105,0
MEM.US,5,20251015,212500,36.12,36.12,36.12,36.12,155,0
MEM.US,5,20251016,173000,36.47,36.49,36.47,36.48,700,0
MEM.US,5,20251016,175500,36.47,36.47,36.47,36.47,170,0
MEM.US,5,20251016,182500,36.37,36.41,36.37,36.4,1370,0
MEM.US,5,20251016,183500,36.27,36.27,36.255,36.255,232,0
MEM.US,5,20251016,184500,36.2341,36.2341,36.2341,36.2341,168,0
MEM.US,5,20251016,211500,36.2659,36.2659,36.2659,36.2659,805,0
MEM.US,5,20251017,154000,36.08,36.08,36.08,36.08,100,0
MEM.US,5,20251017,162500,36.25,36.25,36.25,36.25,200,0
MEM.US,5,20251017,163000,36.22,36.22,36.22,36.22,328,0
MEM.US,5,20251017,164000,36.2188,36.2188,36.2188,36.2188,107,0
MEM.US,5,20251017,180000,36.27,36.34,36.27,36.305,1280,0
MEM.US,5,20251017,191000,36.24,36.24,36.24,36.24,100,0
MEM.US,5,20251017,192500,36.195,36.195,36.195,36.195,210,0
MEM.US,5,20251017,200000,36.31,36.31,36.31,36.31,231,0
MEM.US,5,20251017,200500,36.32,36.32,36.32,36.32,137,0
MEM.US,5,20251017,205500,36.38,36.38,36.38,36.38,138,0
MEM.US,5,20251017,214500,36.37,36.37,36.37,36.37,100,0
MEM.US,5,20251020,154000,36.69,36.6911,36.68,36.6911,996,0
MEM.US,5,20251020,154500,36.7,36.7,36.7,36.7,300,0
MEM.US,5,20251020,155000,36.71,36.71,36.71,36.71,123,0
MEM.US,5,20251020,165500,36.91,36.91,36.91,36.91,100,0
MEM.US,5,20251020,183500,36.98,36.98,36.98,36.98,100,0
MEM.US,5,20251021,155500,36.59,36.59,36.56,36.59,330,0
MEM.US,5,20251021,160500,36.59,36.59,36.59,36.59,284,0
MEM.US,5,20251021,164000,36.64,36.64,36.64,36.64,100,0
MEM.US,5,20251021,165000,36.62,36.63,36.62,36.63,230,0
MEM.US,5,20251021,170000,36.67,36.67,36.67,36.67,2842,0
MEM.US,5,20251021,194000,36.59,36.59,36.5899,36.5899,200,0
MEM.US,5,20251021,205500,36.6089,36.6089,36.6089,36.6089,125,0
MEM.US,5,20251021,210000,36.6089,36.6089,36.6089,36.6089,125,0
MEM.US,5,20251022,161000,36.65,36.65,36.65,36.65,100,0
MEM.US,5,20251022,170500,36.5206,36.5206,36.5206,36.5206,515,0
MEM.US,5,20251022,173500,36.44,36.45,36.44,36.45,300,0
MEM.US,5,20251022,183500,37.16,37.16,37.16,37.16,200,0
MEM.US,5,20251022,193500,36.3235,36.3235,36.3235,36.3235,470,0
MEM.US,5,20251022,194000,36.32,36.32,36.32,36.32,200,0
MEM.US,5,20251022,194500,36.25,36.27,36.25,36.27,400,0
MEM.US,5,20251022,195000,36.27,36.27,36.27,36.27,200,0
MEM.US,5,20251022,201500,36.29,36.29,36.29,36.29,100,0
MEM.US,5,20251022,203000,36.31,36.31,36.31,36.31,108,0
MEM.US,5,20251023,160500,36.66,36.66,36.66,36.66,100,0
MEM.US,5,20251023,172000,36.72,36.72,36.72,36.72,200,0
MEM.US,5,20251023,173500,36.76,36.76,36.76,36.76,100,0
MEM.US,5,20251023,180500,36.78,36.78,36.78,36.78,100,0
MEM.US,5,20251023,191000,36.738,36.738,36.738,36.738,203,0
MEM.US,5,20251023,195000,36.8184,36.8184,36.8184,36.8184,200,0
MEM.US,5,20251023,213500,36.8452,36.8452,36.8452,36.8452,217,0
MEM.US,5,20251023,215000,36.82,36.84,36.82,36.84,519,0
MEM.US,5,20251024,155500,37.05,37.05,37.05,37.05,407,0
MEM.US,5,20251024,175500,37.14,37.14,37.127,37.127,400,0
MEM.US,5,20251024,183500,37.15,37.15,37.15,37.15,200,0
MEM.US,5,20251024,190500,37.1405,37.1405,37.14,37.14,277,0
MEM.US,5,20251024,192000,37.18,37.18,37.18,37.18,100,0
MEM.US,5,20251024,214500,37.18,37.19,37.18,37.19,300,0
MEM.US,5,20251027,145000,37.55,37.55,37.55,37.55,133,0
MEM.US,5,20251027,150000,37.6,37.6,37.6,37.6,100,0
MEM.US,5,20251027,152000,37.55,37.55,37.55,37.55,200,0
MEM.US,5,20251027,154500,37.64,37.64,37.64,37.64,100,0
MEM.US,5,20251027,162500,37.63,37.63,37.63,37.63,106,0
MEM.US,5,20251027,164500,37.68,37.68,37.68,37.68,448,0
MEM.US,5,20251027,185000,37.6794,37.6794,37.6794,37.6794,300,0
MEM.US,5,20251027,205500,37.7,37.7,37.7,37.7,200,0
MEM.US,5,20251028,143500,37.54,37.54,37.54,37.54,200,0
MEM.US,5,20251028,160500,37.56,37.5723,37.56,37.5723,676,0
MEM.US,5,20251028,161000,37.58,37.58,37.58,37.58,100,0
MEM.US,5,20251028,161500,37.5635,37.5635,37.5635,37.5635,296,0
MEM.US,5,20251028,162000,37.57,37.57,37.57,37.57,100,0
MEM.US,5,20251028,163000,37.57,37.57,37.57,37.57,100,0
MEM.US,5,20251028,163500,37.5635,37.5635,37.5635,37.5635,581,0
MEM.US,5,20251028,164000,37.5664,37.5664,37.5664,37.5664,250,0
MEM.US,5,20251028,173500,37.63,37.63,37.61,37.61,800,0
MEM.US,5,20251028,174000,37.63,37.63,37.63,37.63,306,0
MEM.US,5,20251028,184500,37.75,37.75,37.75,37.75,100,0
MEM.US,5,20251028,202000,37.7428,37.7428,37.7428,37.7428,114,0
MEM.US,5,20251029,144000,38.01,38.01,38,38,200,0
MEM.US,5,20251029,144500,38.01,38.02,38,38,500,0
MEM.US,5,20251029,153000,38.04,38.04,38.04,38.04,100,0
MEM.US,5,20251029,160000,37.98,37.98,37.98,37.98,640,0
MEM.US,5,20251029,163500,37.992,37.992,37.992,37.992,156,0
MEM.US,5,20251029,170500,38.03,38.03,38.03,38.03,100,0
MEM.US,5,20251029,174500,38.0699,38.07,38.0699,38.07,400,0
MEM.US,5,20251029,183000,38,38,38,38,100,0
MEM.US,5,20251029,183500,37.99,38.01,37.9899,38.01,489,0
MEM.US,5,20251029,200000,37.9,37.9,37.9,37.9,100,0
MEM.US,5,20251030,144000,37.34,37.34,37.34,37.34,100,0
MEM.US,5,20251030,153500,37.56,37.56,37.56,37.56,200,0
MEM.US,5,20251030,154500,37.58,37.58,37.58,37.58,265,0
MEM.US,5,20251030,160000,37.61,37.61,37.61,37.61,400,0
MEM.US,5,20251030,162000,37.65,37.65,37.65,37.65,100,0
MEM.US,5,20251030,163500,37.6002,37.6002,37.58,37.58,700,0
MEM.US,5,20251031,144500,37.41,37.41,37.41,37.41,200,0
MEM.US,5,20251031,145500,37.4,37.4,37.4,37.4,100,0
MEM.US,5,20251031,150000,37.42,37.42,37.42,37.42,100,0
MEM.US,5,20251031,152000,37.42,37.42,37.38,37.38,344,0
MEM.US,5,20251031,180500,37.43,37.43,37.43,37.43,100,0
MEM.US,5,20251103,162500,37.63,37.63,37.63,37.63,100,0
MEM.US,5,20251104,164500,37.2295,37.2295,37.2295,37.2295,200,0
MEM.US,5,20251104,165000,37.235,37.235,37.235,37.235,200,0
MEM.US,5,20251104,204000,37.02,37.02,37.02,37.02,200,0
MEM.US,5,20251104,205000,37.03,37.04,37.03,37.04,425,0
MEM.US,5,20251104,210500,37.03,37.03,37.03,37.03,205,0
MEM.US,5,20251104,215500,37.01,37.01,37.01,37.01,104,0
MEM.US,5,20251105,154500,36.992,36.992,36.992,36.992,563,0
MEM.US,5,20251105,155000,37.1395,37.15,37.07,37.15,700,0
MEM.US,5,20251105,155500,37.18,37.18,37.18,37.18,600,0
MEM.US,5,20251105,161000,37.145,37.15,37.12,37.15,450,0
MEM.US,5,20251105,174000,37.16,37.16,37.16,37.16,162,0
MEM.US,5,20251105,190000,37.31,37.31,37.31,37.31,121,0
MEM.US,5,20251105,193500,37.2604,37.2604,37.2604,37.2604,100,0
MEM.US,5,20251105,204000,37.33,37.33,37.33,37.33,176,0
MEM.US,5,20251105,212500,37.2812,37.2812,37.2812,37.2812,321,0
MEM.US,5,20251106,153500,37.33,37.35,37.33,37.35,500,0
MEM.US,5,20251106,154000,37.325,37.325,37.27,37.27,308,0
MEM.US,5,20251106,163000,37.09,37.09,37.09,37.09,100,0
MEM.US,5,20251106,172500,36.92,36.92,36.92,36.92,100,0
MEM.US,5,20251106,181500,36.93,36.93,36.93,36.93,100,0
MEM.US,5,20251106,214000,37.05,37.05,37.05,37.05,100,0
MEM.US,5,20251107,153500,36.3,36.3,36.3,36.3,100,0
MEM.US,5,20251107,164000,36.34,36.35,36.34,36.35,600,0
MEM.US,5,20251107,171000,36.3462,36.3462,36.34,36.34,206,0
MEM.US,5,20251110,153500,37.31,37.31,37.31,37.31,200,0
MEM.US,5,20251110,164500,37.1895,37.1895,37.1895,37.1895,118,0
MEM.US,5,20251110,215000,37.409,37.409,37.409,37.409,110,0
MEM.US,5,20251111,163500,37.27,37.27,37.27,37.27,300,0
MEM.US,5,20251111,213000,37.36,37.43,37.36,37.43,400,0
MEM.US,5,20251111,214000,37.355,37.355,37.355,37.355,130,0
MEM.US,5,20251112,172500,37.31,37.31,37.31,37.31,144,0
MEM.US,5,20251113,165000,37.24,37.24,37.24,37.24,671,0
MEM.US,5,20251113,170500,37.21,37.21,37.21,37.21,100,0
MEM.US,5,20251113,204500,36.865,36.865,36.865,36.865,290,0
MEM.US,5,20251114,170500,36.95,36.95,36.95,36.95,100,0
MEM.US,5,20251114,185000,36.992,36.992,36.992,36.992,810,0
MEM.US,5,20251114,190000,36.85,36.85,36.85,36.85,100,0
MEM.US,5,20251114,190500,36.74,36.74,36.74,36.74,100,0
MEM.US,5,20251114,202000,36.79,36.79,36.79,36.79,100,0
MEM.US,5,20251117,153000,36.68,36.68,36.68,36.68,100,0
MEM.US,5,20251117,184500,36.68,36.68,36.67,36.67,200,0
MEM.US,5,20251117,185500,36.665,36.67,36.665,36.67,3115,0
MEM.US,5,20251117,190000,36.665,36.665,36.665,36.665,3027,0
MEM.US,5,20251117,193000,36.5694,36.5694,36.5694,36.5694,400,0
MEM.US,5,20251117,203500,36.42,36.42,36.42,36.42,100,0
MEM.US,5,20251118,160000,36.02,36.02,36.01,36.01,466,0
MEM.US,5,20251118,162500,36.16,36.16,36.16,36.16,200,0
MEM.US,5,20251118,163500,36.08,36.08,36.08,36.08,100,0
MEM.US,5,20251118,194000,36.357,36.357,36.357,36.357,210,0
MEM.US,5,20251119,161000,36.2085,36.2085,36.2085,36.2085,144,0
MEM.US,5,20251119,163500,36.205,36.205,36.205,36.205,101,0
MEM.US,5,20251119,170000,36.094,36.094,36.094,36.094,251,0
MEM.US,5,20251119,180000,36.0244,36.0244,36.0244,36.0244,134,0
MEM.US,5,20251119,183000,36.02,36.02,36,36,1067,0
MEM.US,5,20251119,192000,36.1,36.1,36.0415,36.0415,600,0
MEM.US,5,20251119,205500,35.93,35.93,35.93,35.93,624,0
MEM.US,5,20251120,172000,36.0285,36.0285,36.0285,36.0285,229,0
MEM.US,5,20251120,191000,35.805,35.805,35.805,35.805,130,0
MEM.US,5,20251120,193500,35.78,35.78,35.78,35.78,100,0
MEM.US,5,20251120,200500,35.56,35.56,35.555,35.56,706,0
MEM.US,5,20251120,203000,35.6899,35.69,35.6899,35.69,336,0
MEM.US,5,20251120,214000,35.52,35.52,35.52,35.52,600,0
MEM.US,5,20251121,205500,35.5794,35.5794,35.5794,35.5794,134,0
MEM.US,5,20251121,210500,35.575,35.575,35.575,35.575,134,0
MEM.US,5,20251124,161500,35.8711,35.8711,35.8711,35.8711,1253,0
MEM.US,5,20251124,162000,35.9,35.9,35.9,35.9,111,0
MEM.US,5,20251124,164000,35.94,35.94,35.94,35.94,100,0
MEM.US,5,20251124,210000,35.905,35.905,35.905,35.905,111,0
MEM.US,5,20251125,155500,35.9,35.9,35.9,35.9,100,0
MEM.US,5,20251125,161500,35.7854,35.7854,35.7854,35.7854,250,0
MEM.US,5,20251125,185000,36.0222,36.0222,36.0222,36.0222,300,0
MEM.US,5,20251125,205000,36.0796,36.0796,36.0796,36.0796,259,0
MEM.US,5,20251126,160000,36.35,36.35,36.35,36.35,100,0
MEM.US,5,20251126,174000,36.4468,36.4468,36.4468,36.4468,477,0
MEM.US,5,20251126,190500,36.47,36.47,36.47,36.47,100,0
MEM.US,5,20251128,161000,36.48,36.48,36.48,36.48,100,0
MEM.US,5,20251128,183500,36.53,36.53,36.53,36.53,3579,0
MEM.US,5,20251201,155000,36.51,36.51,36.51,36.51,100,0
MEM.US,5,20251201,173000,36.57,36.57,36.57,36.57,100,0
MEM.US,5,20251201,182000,36.5999,36.5999,36.59,36.59,280,0
MEM.US,5,20251201,195500,36.66,36.66,36.66,36.66,608,0
MEM.US,5,20251201,203000,36.57,36.57,36.57,36.57,100,0
MEM.US,5,20251201,210500,36.5389,36.5389,36.5389,36.5389,100,0
MEM.US,5,20251201,211000,36.55,36.55,36.55,36.55,100,0
MEM.US,5,20251202,161000,36.63,36.63,36.63,36.63,100,0
MEM.US,5,20251202,164000,36.61,36.61,36.61,36.61,100,0
MEM.US,5,20251202,192000,36.58,36.6999,36.5642,36.59,2748,0
MEM.US,5,20251202,201000,36.6,36.6,36.6,36.6,100,0
MEM.US,5,20251202,212500,36.65,36.7499,36.5905,36.65,2716,0
MEM.US,5,20251203,153500,36.52,36.52,36.52,36.52,100,0
MEM.US,5,20251203,154500,36.54,36.54,36.54,36.54,100,0
MEM.US,5,20251203,163000,36.61,36.62,36.61,36.62,259,0
MEM.US,5,20251203,171000,36.59,36.59,36.59,36.59,100,0
MEM.US,5,20251203,171500,36.61,36.61,36.5862,36.5862,335,0
MEM.US,5,20251203,172000,36.5736,36.5736,36.5736,36.5736,200,0
MEM.US,5,20251203,181000,36.55,36.55,36.55,36.55,100,0
MEM.US,5,20251204,160000,36.55,36.55,36.55,36.55,100,0
MEM.US,5,20251204,165500,36.64,36.64,36.64,36.64,100,0
MEM.US,5,20251204,202500,36.4865,36.4865,36.4865,36.4865,259,0
MEM.US,5,20251205,172000,36.9354,36.9354,36.9354,36.9354,275,0
MEM.US,5,20251205,182000,36.88,36.88,36.88,36.88,136,0
MEM.US,5,20251205,193000,36.8695,36.8695,36.8695,36.8695,161,0
MEM.US,5,20251208,154500,36.86,36.86,36.86,36.86,200,0
MEM.US,5,20251208,170500,36.7158,36.7158,36.7158,36.7158,500,0
MEM.US,5,20251208,171000,36.71,36.71,36.71,36.71,100,0
MEM.US,5,20251208,175500,36.665,36.665,36.665,36.665,100,0
MEM.US,5,20251208,200000,36.77,36.77,36.7699,36.7699,350,0
MEM.US,5,20251208,201000,36.78,36.78,36.78,36.78,200,0
MEM.US,5,20251210,163500,36.78,36.78,36.78,36.78,2175,0
MEM.US,5,20251210,172500,36.7652,36.7652,36.7652,36.7652,270,0
MEM.US,5,20251210,173500,36.8,36.8,36.8,36.8,400,0
MEM.US,5,20251210,185000,36.84,36.84,36.8399,36.8399,200,0
MEM.US,5,20251211,163000,36.896,36.896,36.896,36.896,457,0
MEM.US,5,20251211,180000,36.95,36.95,36.95,36.95,100,0
MEM.US,5,20251211,182500,36.99,37.12,36.9899,36.9899,8200,0
MEM.US,5,20251211,184500,36.99,36.99,36.99,36.99,159,0
MEM.US,5,20251211,200000,36.9101,36.9101,36.9101,36.9101,500,0
MEM.US,5,20251211,205500,36.9101,36.9101,36.9101,36.9101,202,0
MEM.US,5,20251212,153500,36.98,36.98,36.98,36.98,2400,0
MEM.US,5,20251212,160500,36.81,36.81,36.81,36.81,200,0
MEM.US,5,20251212,162500,36.71,36.71,36.71,36.71,100,0
MEM.US,5,20251212,163000,36.62,36.62,36.62,36.62,200,0
MEM.US,5,20251212,163500,36.64,36.74,36.6399,36.74,900,0
MEM.US,5,20251212,215500,36.48,36.48,36.48,36.48,101,0
MEM.US,5,20251215,155000,36.64,36.64,36.64,36.64,200,0
MEM.US,5,20251215,161000,36.5111,36.5111,36.5111,36.5111,200,0
MEM.US,5,20251215,164500,36.5,36.5201,36.48,36.52,562,0
MEM.US,5,20251215,184500,36.44,36.44,36.44,36.44,2486,0
MEM.US,5,20251216,162500,36.05,36.05,36.05,36.05,100,0
MEM.US,5,20251216,181500,36.1,36.1,36.087,36.087,474,0
MEM.US,5,20251216,185000,36.065,36.065,36.065,36.065,312,0
MEM.US,5,20251216,211000,36.08,36.08,36.08,36.08,1304,0
MEM.US,5,20251217,164500,34.585,34.65,34.585,34.65,400,0
MEM.US,5,20251217,170000,34.56,34.68,34.44,34.44,400,0
MEM.US,5,20251217,170500,34.61,34.61,34.545,34.545,200,0
MEM.US,5,20251217,190000,34.4701,34.4701,34.4701,34.4701,145,0
MEM.US,5,20251217,190500,34.52,34.52,34.52,34.52,200,0
MEM.US,5,20251217,192000,34.7,35.11,34.7,35.095,1700,0
MEM.US,5,20251217,192500,34.71,34.71,34.7,34.7,200,0
MEM.US,5,20251217,193500,34.49,34.49,34.49,34.49,200,0
MEM.US,5,20251217,210000,34.375,34.375,34.375,34.375,176,0
MEM.US,5,20251217,210500,34.375,34.375,34.375,34.375,400,0
MEM.US,5,20251217,213000,34.375,34.4184,34.375,34.4184,702,0
MEM.US,5,20251218,170000,34.895,34.895,34.895,34.895,300,0
MEM.US,5,20251218,181000,34.91,34.91,34.91,34.91,100,0
MEM.US,5,20251218,183000,34.7655,34.7655,34.7655,34.7655,500,0
MEM.US,5,20251218,190500,34.86,34.8952,34.86,34.8952,505,0
MEM.US,5,20251218,191000,34.96,34.97,34.9375,34.9375,604,0
MEM.US,5,20251218,192000,34.8825,34.8825,34.8825,34.8825,500,0
MEM.US,5,20251218,194500,34.9,34.9,34.9,34.9,100,0
MEM.US,5,20251218,202000,34.9093,34.9093,34.9093,34.9093,188,0
MEM.US,5,20251218,204000,34.78,34.78,34.78,34.78,100,0
MEM.US,5,20251218,212000,34.84,34.8401,34.84,34.8401,200,0
MEM.US,5,20251218,215000,34.9,34.93,34.9,34.9,2948,0
MEM.US,5,20251219,153500,35.14,35.14,35.14,35.14,213,0
MEM.US,5,20251219,155000,35.21,35.21,35.21,35.21,108,0
MEM.US,5,20251219,160500,35.23,35.23,35.23,35.23,2870,0
MEM.US,5,20251219,161000,35.21,35.21,35.21,35.21,200,0
MEM.US,5,20251219,161500,35.22,35.22,35.22,35.22,192,0
MEM.US,5,20251219,162500,35.14,35.2,35.14,35.2,358,0
MEM.US,5,20251219,163500,35.23,35.23,35.23,35.23,192,0
MEM.US,5,20251219,164500,35.21,35.21,35.21,35.21,108,0
MEM.US,5,20251219,165000,35.21,35.21,35.21,35.21,100,0
MEM.US,5,20251219,171000,35.265,35.265,35.265,35.265,100,0
MEM.US,5,20251219,171500,35.27,35.27,35.27,35.27,100,0
MEM.US,5,20251219,172000,35.265,35.265,35.265,35.265,108,0
MEM.US,5,20251219,174000,35.29,35.29,35.29,35.29,205,0
MEM.US,5,20251219,175000,35.28,35.28,35.28,35.28,100,0
MEM.US,5,20251219,181000,35.285,35.285,35.285,35.285,100,0
MEM.US,5,20251219,181500,35.29,35.29,35.29,35.29,100,0
MEM.US,5,20251219,182000,35.305,35.305,35.305,35.305,205,0
MEM.US,5,20251219,185000,35.295,35.295,35.295,35.295,105,0
MEM.US,5,20251219,190000,35.29,35.29,35.29,35.29,100,0
MEM.US,5,20251219,190500,35.29,35.29,35.29,35.29,100,0
MEM.US,5,20251219,192500,35.305,35.305,35.305,35.305,360,0
MEM.US,5,20251219,193500,35.305,35.305,35.305,35.305,108,0
MEM.US,5,20251219,195000,35.28,35.28,35.28,35.28,208,0
MEM.US,5,20251219,200000,35.2854,35.2854,35.2854,35.2854,200,0
MEM.US,5,20251219,201000,35.28,35.28,35.28,35.28,108,0
MEM.US,5,20251219,202500,35.29,35.29,35.29,35.29,100,0
MEM.US,5,20251219,203500,35.285,35.285,35.285,35.285,105,0
MEM.US,5,20251219,210500,35.295,35.295,35.295,35.295,100,0
MEM.US,5,20251219,213000,35.26,35.26,35.26,35.26,100,0
MEM.US,5,20251222,160500,35.33,35.33,35.33,35.33,111,0
MEM.US,5,20251222,161000,35.29,35.29,35.29,35.29,185,0
MEM.US,5,20251222,162000,35.31,35.31,35.31,35.31,259,0
MEM.US,5,20251222,163000,35.31,35.31,35.31,35.31,296,0
MEM.US,5,20251222,164500,35.33,35.33,35.33,35.33,333,0
MEM.US,5,20251222,165500,35.32,35.32,35.32,35.32,333,0
MEM.US,5,20251222,170500,35.32,35.32,35.32,35.32,333,0
MEM.US,5,20251222,171000,35.35,35.35,35.34,35.34,242,0
MEM.US,5,20251222,172000,35.34,35.34,35.33,35.33,253,0
MEM.US,5,20251222,172500,35.35,35.35,35.35,35.35,212,0
MEM.US,5,20251222,173500,35.32,35.32,35.32,35.32,185,0
MEM.US,5,20251222,174000,35.36,35.36,35.35,35.35,296,0
MEM.US,5,20251222,174500,35.35,35.35,35.35,35.35,111,0
MEM.US,5,20251222,175000,35.39,35.39,35.39,35.39,111,0
MEM.US,5,20251222,204000,35.355,35.355,35.29,35.3,520,0
