<TICKER>,<PER>,<DATE>,<TIME>,<OPEN>,<HIGH>,<LOW>,<CLOSE>,<VOL>,<OPENINT>
MOTG.US,5,20250729,165500,43.3599,43.3599,43.3599,43.3599,100,0
MOTG.US,5,20250730,163000,43.235,43.235,43.235,43.235,175,0
MOTG.US,5,20250730,183000,43.251,43.2663,43.02,43.2663,8196,0
MOTG.US,5,20250731,163000,43.14,43.14,43.14,43.14,100,0
MOTG.US,5,20250731,202000,42.9,42.9,42.9,42.9,105,0
MOTG.US,5,20250731,214500,42.89,42.89,42.89,42.89,109,0
MOTG.US,5,20250801,153500,42.53,42.53,42.53,42.53,162,0
MOTG.US,5,20250804,195500,42.94,42.94,42.94,42.94,117,0
MOTG.US,5,20250804,212000,42.95,42.95,42.95,42.95,351,0
MOTG.US,5,20250805,163000,42.92,42.92,42.92,42.92,137,0
MOTG.US,5,20250805,175500,42.95,42.95,42.95,42.95,117,0
MOTG.US,5,20250805,192500,43,43.0002,43,43.0002,200,0
MOTG.US,5,20250805,214000,42.98,43.02,42.98,43.0199,1278,0
MOTG.US,5,20250805,214500,43.02,43.02,43.0199,43.0199,232,0
MOTG.US,5,20250805,215500,42.87,42.87,42.87,42.87,236,0
MOTG.US,5,20250806,193000,43,43,43,43,493,0
MOTG.US,5,20250807,215500,43.0268,43.0268,43.0268,43.0268,232,0
MOTG.US,5,20250808,170000,43.21,43.21,43.21,43.21,500,0
MOTG.US,5,20250811,215500,42.85,42.85,42.85,42.85,133,0
MOTG.US,5,20250812,165000,43.22,43.22,43.21,43.2101,364,0
MOTG.US,5,20250812,193000,43.41,43.41,43.4099,43.4099,230,0
MOTG.US,5,20250813,182000,43.72,43.72,43.72,43.72,115,0
MOTG.US,5,20250814,170500,43.55,43.55,43.55,43.55,121,0
MOTG.US,5,20250814,203500,43.5267,43.5267,43.5267,43.5267,227,0
MOTG.US,5,20250814,215500,43.68,43.68,43.68,43.68,230,0
MOTG.US,5,20250815,194000,43.69,43.69,43.6608,43.6608,686,0
MOTG.US,5,20250815,194500,43.69,43.69,43.69,43.69,458,0
MOTG.US,5,20250818,162500,43.66,43.66,43.66,43.66,100,0
MOTG.US,5,20250818,173500,43.7,43.7,43.7,43.7,120,0
MOTG.US,5,20250818,174000,43.7,43.7,43.7,43.7,100,0
MOTG.US,5,20250818,215500,43.76,43.76,43.76,43.76,230,0
MOTG.US,5,20250819,153000,43.67,43.67,43.67,43.67,156,0
MOTG.US,5,20250821,213500,43.5769,43.5769,43.5769,43.5769,183,0
MOTG.US,5,20250825,182500,44.3,44.3,44.3,44.3,100,0
MOTG.US,5,20250825,195500,44.19,44.19,44.19,44.19,250,0
MOTG.US,5,20250827,184500,43.7809,43.7809,43.7809,43.7809,451,0
MOTG.US,5,20250829,153000,43.83,43.83,43.83,43.83,100,0
MOTG.US,5,20250829,195500,43.91,43.91,43.91,43.91,114,0
MOTG.US,5,20250902,183000,43.178,43.178,43.178,43.178,400,0
MOTG.US,5,20250902,185000,43.26,43.26,43.22,43.22,908,0
MOTG.US,5,20250904,153000,43.58,43.58,43.58,43.58,100,0
MOTG.US,5,20250904,201500,43.7278,43.7278,43.7278,43.7278,100,0
MOTG.US,5,20250904,202000,43.69,43.69,43.69,43.69,100,0
MOTG.US,5,20250908,204500,44.68,44.68,44.68,44.68,564,0
MOTG.US,5,20250910,154000,44.96,45.1999,44.93,44.93,1600,0
MOTG.US,5,20250911,212500,45.31,45.31,45.31,45.31,650,0
MOTG.US,5,20250912,154000,45.1999,45.1999,45.11,45.11,410,0
MOTG.US,5,20250917,215000,45.43,45.43,45.43,45.43,1102,0
MOTG.US,5,20250918,204000,45.42,45.61,45.3908,45.3908,1701,0
MOTG.US,5,20250919,164500,45.14,45.1401,45.14,45.1401,1400,0
MOTG.US,5,20250919,181000,45.102,45.102,45.102,45.102,500,0
MOTG.US,5,20250922,212500,45.17,45.17,45.11,45.11,538,0
MOTG.US,5,20250926,212000,44.5499,44.5499,44.5499,44.5499,160,0
MOTG.US,5,20250929,215000,44.9786,44.9786,44.9786,44.9786,222,0
MOTG.US,5,20250930,160500,44.91,44.91,44.91,44.91,100,0
MOTG.US,5,20251001,201000,45.265,45.265,45.22,45.22,1400,0
MOTG.US,5,20251002,154500,45.585,45.585,45.585,45.585,100,0
MOTG.US,5,20251007,170500,45.526,45.526,45.526,45.526,100,0
MOTG.US,5,20251007,171500,45.49,45.49,45.49,45.49,139,0
MOTG.US,5,20251008,190000,45.5,45.5,45.5,45.5,246,0
MOTG.US,5,20251009,180000,45.29,45.29,45.27,45.27,1000,0
MOTG.US,5,20251009,180500,45.23,45.23,45.2,45.2,1000,0
MOTG.US,5,20251009,181000,45.16,45.16,45.16,45.16,333,0
MOTG.US,5,20251009,190500,45.0501,45.0501,45.0501,45.0501,100,0
MOTG.US,5,20251009,215000,45.1201,45.1201,45.12,45.12,200,0
MOTG.US,5,20251009,215500,45.03,45.03,45.03,45.03,100,0
MOTG.US,5,20251010,161500,45.109431,45.109431,45.109431,45.109431,141,0
MOTG.US,5,20251010,163000,45.1264,45.1264,45.1264,45.1264,797,0
MOTG.US,5,20251013,162500,44.54,44.54,44.54,44.54,100,0
MOTG.US,5,20251013,171500,44.6,44.6,44.6,44.6,100,0
MOTG.US,5,20251013,172500,44.6892,44.6892,44.6892,44.6892,115,0
MOTG.US,5,20251013,181000,44.71,44.71,44.71,44.71,100,0
MOTG.US,5,20251014,160000,44.3364,44.3364,44.3364,44.3364,271,0
MOTG.US,5,20251014,213500,44.81,44.81,44.8099,44.8099,362,0
MOTG.US,5,20251014,214000,44.65,44.65,44.65,44.65,100,0
MOTG.US,5,20251014,215000,44.58,44.58,44.58,44.58,222,0
MOTG.US,5,20251015,184500,44.78,44.78,44.78,44.78,100,0
MOTG.US,5,20251016,160000,45.08,45.08,45.08,45.08,1100,0
MOTG.US,5,20251016,174000,45.0836,45.0836,45.0836,45.0836,114,0
MOTG.US,5,20251016,180000,45.05,45.05,45.05,45.05,100,0
MOTG.US,5,20251016,182500,45.04,45.04,45.0399,45.0399,442,0
MOTG.US,5,20251016,200000,44.96,44.96,44.96,44.96,100,0
MOTG.US,5,20251017,204000,44.97,44.98,44.97,44.97,1700,0
MOTG.US,5,20251017,205000,44.99,44.99,44.99,44.99,200,0
MOTG.US,5,20251020,164000,45.41,45.41,45.41,45.41,137,0
MOTG.US,5,20251020,171500,45.4398,45.4398,45.4398,45.4398,451,0
MOTG.US,5,20251020,201500,45.5012,45.5012,45.5012,45.5012,100,0
MOTG.US,5,20251021,155000,45.255,45.3,45.255,45.3,350,0
MOTG.US,5,20251022,165500,45.51,45.51,45.51,45.51,105,0
MOTG.US,5,20251022,180500,45.5,45.5,45.5,45.5,100,0
MOTG.US,5,20251022,182000,45.5,45.5,45.5,45.5,990,0
MOTG.US,5,20251022,193500,45.31,45.31,45.31,45.31,500,0
MOTG.US,5,20251022,194000,45.32,45.32,45.32,45.32,491,0
MOTG.US,5,20251028,205000,45.62,45.62,45.62,45.62,100,0
MOTG.US,5,20251029,145000,45.52,45.52,45.52,45.52,150,0
MOTG.US,5,20251030,180000,45.29,45.29,45.29,45.29,500,0
MOTG.US,5,20251030,191500,45.3,45.3,45.3,45.3,1500,0
MOTG.US,5,20251031,150000,45.1351,45.1351,45.1351,45.1351,154,0
MOTG.US,5,20251103,211000,45.23,45.23,45.23,45.23,995,0
MOTG.US,5,20251104,185000,44.81,44.8101,44.81,44.8101,446,0
MOTG.US,5,20251105,215500,44.7301,45.255,44.73,45.255,618,0
MOTG.US,5,20251106,162000,44.5792,44.5792,44.5792,44.5792,310,0
MOTG.US,5,20251107,192000,44.3005,44.3005,44.3005,44.3005,292,0
MOTG.US,5,20251107,200000,44.328,44.328,44.328,44.328,155,0
MOTG.US,5,20251110,201000,45.026,45.026,44.98,44.98,269,0
MOTG.US,5,20251111,155500,45.35,45.35,45.35,45.35,100,0
MOTG.US,5,20251111,214000,45.4656,45.52,45.4656,45.51,2000,0
MOTG.US,5,20251112,153000,45.5268,45.5268,45.5268,45.5268,100,0
MOTG.US,5,20251112,160500,45.56,45.56,45.56,45.56,200,0
MOTG.US,5,20251114,185000,44.85,44.85,44.85,44.85,100,0
MOTG.US,5,20251117,170500,44.48,44.48,44.48,44.48,100,0
MOTG.US,5,20251118,163500,43.95,43.95,43.95,43.95,100,0
MOTG.US,5,20251118,165000,43.8604,43.8604,43.8604,43.8604,1520,0
MOTG.US,5,20251118,170000,43.8,43.8,43.8,43.8,100,0
MOTG.US,5,20251118,192000,44.11,44.11,44.11,44.11,1140,0
MOTG.US,5,20251118,194000,44.14,44.14,44.14,44.14,100,0
MOTG.US,5,20251118,211000,44.17,44.17,44.17,44.17,400,0
MOTG.US,5,20251119,155000,43.8,43.8006,43.8,43.8,2019,0
MOTG.US,5,20251119,180000,43.64,43.64,43.64,43.64,372,0
MOTG.US,5,20251119,200000,43.68,43.68,43.68,43.68,350,0
MOTG.US,5,20251119,205500,43.58,43.58,43.58,43.58,100,0
MOTG.US,5,20251120,165000,43.86,43.86,43.86,43.86,100,0
MOTG.US,5,20251120,191000,43.39,43.39,43.39,43.39,100,0
MOTG.US,5,20251120,215000,43.12,43.12,43.12,43.12,115,0
MOTG.US,5,20251121,203500,43.89,43.89,43.89,43.89,400,0
MOTG.US,5,20251124,175500,43.82,43.82,43.82,43.82,289,0
MOTG.US,5,20251124,182500,43.73,43.7418,43.73,43.7417,698,0
MOTG.US,5,20251124,184500,43.8098,43.8148,43.8098,43.8148,3500,0
MOTG.US,5,20251125,202000,44.26,44.26,44.26,44.26,169,0
MOTG.US,5,20251126,173500,44.56,44.57,44.56,44.57,600,0
MOTG.US,5,20251201,212500,44.6294,44.6294,44.6294,44.6294,395,0
MOTG.US,5,20251205,160500,45.32,45.32,45.32,45.32,100,0
MOTG.US,5,20251209,182500,45.0749,45.0749,45.0749,45.0749,110,0
MOTG.US,5,20251211,165000,45.68,45.68,45.68,45.68,312,0
MOTG.US,5,20251211,165500,45.65,45.65,45.65,45.65,100,0
MOTG.US,5,20251211,174000,45.63,45.63,45.63,45.63,100,0
MOTG.US,5,20251211,181500,45.65,45.65,45.6499,45.6499,336,0
MOTG.US,5,20251212,155000,45.73,45.7301,45.73,45.7301,384,0
MOTG.US,5,20251215,193500,45.27,45.27,45.27,45.27,317,0
MOTG.US,5,20251215,210500,45.41,45.41,45.41,45.41,100,0
MOTG.US,5,20251216,190000,45.14,45.14,45.125,45.125,551,0
MOTG.US,5,20251217,172500,45.27,45.27,45.21,45.21,1100,0
MOTG.US,5,20251217,175000,45.22,45.22,45.22,45.22,141,0
MOTG.US,5,20251217,205500,45.12,45.14,45.1087,45.1087,934,0
MOTG.US,5,20251218,183000,45.185,45.185,45.185,45.185,166,0
MOTG.US,5,20251218,185500,45.2712,45.2712,45.2712,45.2712,204,0
MOTG.US,5,20251218,191500,45.3275,45.35,45.3275,45.35,300,0
MOTG.US,5,20251218,205500,45.1952,45.21,45.16,45.1952,1715,0
MOTG.US,5,20251218,214500,45.29,45.29,45.29,45.29,200,0
MOTG.US,5,20251222,153500,38.6188,38.68,38.6188,38.68,204,0
MOTG.US,5,20251222,162000,38.71,38.71,38.71,38.71,100,0
MOTG.US,5,20251222,171500,38.78,38.78,38.78,38.78,100,0
