<TICKER>,<PER>,<DATE>,<TIME>,<OPEN>,<HIGH>,<LOW>,<CLOSE>,<VOL>,<OPENINT>
MPRO.US,5,20250728,162000,29.91,29.91,29.91,29.91,247,0
MPRO.US,5,20250728,162500,29.911,29.9249,29.911,29.9249,334,0
MPRO.US,5,20250728,163000,29.93,29.93,29.93,29.93,100,0
MPRO.US,5,20250728,163500,29.9031,29.9031,29.9031,29.9031,310,0
MPRO.US,5,20250728,165000,29.91,29.9209,29.91,29.9209,200,0
MPRO.US,5,20250728,174000,29.9018,29.9018,29.9018,29.9018,100,0
MPRO.US,5,20250728,174500,29.91,29.91,29.91,29.91,203,0
MPRO.US,5,20250728,180000,29.93,29.93,29.93,29.93,100,0
MPRO.US,5,20250728,181000,29.92,29.93,29.92,29.93,11507,0
MPRO.US,5,20250728,182500,29.93,29.93,29.93,29.93,100,0
MPRO.US,5,20250728,190000,29.93,29.93,29.93,29.93,100,0
MPRO.US,5,20250728,190500,29.915,29.915,29.915,29.915,100,0
MPRO.US,5,20250728,193000,29.91,29.91,29.89,29.89,7041,0
MPRO.US,5,20250728,195500,29.9,29.9,29.9,29.9,100,0
MPRO.US,5,20250728,201500,29.88,29.88,29.88,29.88,100,0
MPRO.US,5,20250728,203000,29.88,29.88,29.88,29.88,100,0
MPRO.US,5,20250728,204000,29.88,29.88,29.88,29.88,227,0
MPRO.US,5,20250728,205500,29.86,29.86,29.86,29.86,1753,0
MPRO.US,5,20250728,213500,29.88,29.88,29.88,29.88,248,0
MPRO.US,5,20250729,161000,29.87,29.87,29.87,29.87,100,0
MPRO.US,5,20250729,163000,29.89,29.9,29.89,29.9,254,0
MPRO.US,5,20250729,172000,29.91,29.91,29.91,29.91,543,0
MPRO.US,5,20250729,172500,29.89,29.89,29.89,29.89,2906,0
MPRO.US,5,20250729,180000,29.889,29.889,29.889,29.889,2385,0
MPRO.US,5,20250729,195500,29.89,29.89,29.89,29.89,100,0
MPRO.US,5,20250729,201500,29.89,29.89,29.87,29.89,4407,0
MPRO.US,5,20250729,213000,29.89,29.89,29.8899,29.89,4608,0
MPRO.US,5,20250730,154500,29.885,29.885,29.885,29.885,503,0
MPRO.US,5,20250730,171500,29.89,29.89,29.89,29.89,1372,0
MPRO.US,5,20250730,172500,29.879,29.879,29.879,29.879,100,0
MPRO.US,5,20250730,174000,29.879,29.879,29.879,29.879,100,0
MPRO.US,5,20250730,180500,29.885,29.885,29.885,29.885,239,0
MPRO.US,5,20250730,181000,29.899,29.899,29.899,29.899,100,0
MPRO.US,5,20250730,184500,29.8905,29.919,29.8905,29.919,396,0
MPRO.US,5,20250730,190500,29.8984,29.919,29.8984,29.919,407,0
MPRO.US,5,20250730,193000,29.88,29.88,29.88,29.88,227,0
MPRO.US,5,20250730,200000,29.9,29.9,29.9,29.9,300,0
MPRO.US,5,20250730,214000,29.769,29.779,29.74,29.779,4457,0
MPRO.US,5,20250730,214500,29.789,29.79,29.789,29.79,200,0
MPRO.US,5,20250730,215000,29.8,29.8,29.79,29.79,200,0
MPRO.US,5,20250730,215500,29.79,29.83,29.79,29.83,3579,0
MPRO.US,5,20250731,170000,29.855,29.855,29.855,29.855,222,0
MPRO.US,5,20250731,171000,29.85,29.85,29.82,29.82,16493,0
MPRO.US,5,20250731,182500,29.85,29.85,29.85,29.85,1505,0
MPRO.US,5,20250731,183000,29.86,29.86,29.8599,29.8599,200,0
MPRO.US,5,20250731,191500,29.86,29.86,29.86,29.86,100,0
MPRO.US,5,20250731,192000,29.86,29.86,29.86,29.86,3334,0
MPRO.US,5,20250731,201500,29.71,29.71,29.71,29.71,100,0
MPRO.US,5,20250731,213000,29.73,29.73,29.7299,29.7299,2000,0
MPRO.US,5,20250731,214000,29.74,29.74,29.739,29.74,2200,0
MPRO.US,5,20250731,214500,29.75,29.75,29.74,29.74,1586,0
MPRO.US,5,20250731,215500,29.7,29.7,29.7,29.7,900,0
MPRO.US,5,20250801,161000,29.62,29.62,29.62,29.62,300,0
MPRO.US,5,20250801,165000,29.6199,29.6199,29.6199,29.6199,100,0
MPRO.US,5,20250801,173000,29.65,29.65,29.65,29.65,200,0
MPRO.US,5,20250801,180000,29.69,29.69,29.69,29.69,100,0
MPRO.US,5,20250801,180500,29.68,29.71,29.68,29.71,830,0
MPRO.US,5,20250801,182000,29.71,29.71,29.71,29.71,200,0
MPRO.US,5,20250801,183500,29.72,29.72,29.72,29.72,1200,0
MPRO.US,5,20250801,185000,29.69,29.69,29.67,29.69,694,0
MPRO.US,5,20250801,190500,29.64,29.64,29.64,29.64,200,0
MPRO.US,5,20250801,210000,29.68,29.68,29.68,29.68,1200,0
MPRO.US,5,20250801,210500,29.68,29.68,29.68,29.68,18576,0
MPRO.US,5,20250801,212000,29.69,29.69,29.69,29.69,1100,0
MPRO.US,5,20250801,213000,29.7,29.7,29.7,29.7,1100,0
MPRO.US,5,20250801,213500,29.7099,29.71,29.7099,29.71,2007,0
MPRO.US,5,20250801,214000,29.71,29.72,29.71,29.72,4732,0
MPRO.US,5,20250801,214500,29.73,29.73,29.73,29.73,900,0
MPRO.US,5,20250801,215000,29.739,29.75,29.67,29.7,6640,0
MPRO.US,5,20250804,155000,29.81,29.81,29.81,29.81,100,0
MPRO.US,5,20250804,161000,29.79,29.79,29.79,29.79,300,0
MPRO.US,5,20250804,161500,29.8,29.8,29.8,29.8,100,0
MPRO.US,5,20250804,162000,29.78,29.78,29.78,29.78,100,0
MPRO.US,5,20250804,164500,29.7866,29.8,29.7866,29.8,433,0
MPRO.US,5,20250804,170500,29.83,29.84,29.83,29.84,200,0
MPRO.US,5,20250804,171500,29.83,29.83,29.83,29.83,100,0
MPRO.US,5,20250804,172500,29.83,29.83,29.83,29.83,200,0
MPRO.US,5,20250804,173000,29.83,29.83,29.83,29.83,100,0
MPRO.US,5,20250804,173500,29.84,29.84,29.84,29.84,100,0
MPRO.US,5,20250804,174000,29.83,29.83,29.83,29.83,100,0
MPRO.US,5,20250804,174500,29.84,29.84,29.84,29.84,100,0
MPRO.US,5,20250804,175500,29.86,29.868,29.86,29.868,1900,0
MPRO.US,5,20250804,181000,29.86,29.869,29.86,29.869,1400,0
MPRO.US,5,20250804,181500,29.86,29.86,29.86,29.86,100,0
MPRO.US,5,20250804,182500,29.85,29.85,29.85,29.85,100,0
MPRO.US,5,20250804,183000,29.85,29.85,29.84,29.84,200,0
MPRO.US,5,20250804,183500,29.86,29.87,29.86,29.86,943,0
MPRO.US,5,20250804,185000,29.87,29.87,29.87,29.87,500,0
MPRO.US,5,20250804,190000,29.87,29.87,29.87,29.87,100,0
MPRO.US,5,20250804,194000,29.84,29.84,29.84,29.84,519,0
MPRO.US,5,20250804,194500,29.85,29.85,29.84,29.84,2399,0
MPRO.US,5,20250804,201000,29.86,29.86,29.84,29.84,1620,0
MPRO.US,5,20250804,202000,29.86,29.86,29.86,29.86,100,0
MPRO.US,5,20250804,203000,29.87,29.87,29.87,29.87,100,0
MPRO.US,5,20250804,203500,29.87,29.87,29.87,29.87,300,0
MPRO.US,5,20250804,204000,29.87,29.87,29.87,29.87,200,0
MPRO.US,5,20250804,204500,29.87,29.87,29.87,29.87,600,0
MPRO.US,5,20250804,205000,29.87,29.87,29.87,29.87,100,0
MPRO.US,5,20250804,205500,29.87,29.87,29.87,29.87,300,0
MPRO.US,5,20250804,211500,29.87,29.87,29.87,29.87,100,0
MPRO.US,5,20250804,212000,29.89,29.9,29.89,29.9,1026,0
MPRO.US,5,20250804,212500,29.89,29.9,29.8799,29.8799,5205,0
MPRO.US,5,20250804,213500,29.88,29.8801,29.88,29.8801,4486,0
MPRO.US,5,20250804,214000,29.88,29.88,29.88,29.88,100,0
MPRO.US,5,20250804,215000,29.89,29.9,29.88,29.8999,4698,0
MPRO.US,5,20250804,215500,29.91,29.96,29.88,29.96,7131,0
MPRO.US,5,20250805,161500,29.85,29.85,29.85,29.85,100,0
MPRO.US,5,20250805,162500,29.854,29.854,29.854,29.854,2243,0
MPRO.US,5,20250805,164500,29.85,29.85,29.85,29.85,200,0
MPRO.US,5,20250805,171000,29.84,29.84,29.84,29.84,100,0
MPRO.US,5,20250805,171500,29.8301,29.8301,29.8301,29.8301,307,0
MPRO.US,5,20250805,173000,29.85,29.85,29.839,29.839,600,0
MPRO.US,5,20250805,173500,29.8391,29.8391,29.8202,29.8202,242,0
MPRO.US,5,20250805,174500,29.84,29.84,29.84,29.84,100,0
MPRO.US,5,20250805,175500,29.84,29.84,29.84,29.84,137,0
MPRO.US,5,20250805,180000,29.84,29.84,29.83,29.83,1463,0
MPRO.US,5,20250805,180500,29.83,29.83,29.83,29.83,100,0
MPRO.US,5,20250805,181500,29.85,29.85,29.85,29.85,1109,0
MPRO.US,5,20250805,185500,29.87,29.87,29.87,29.87,600,0
MPRO.US,5,20250805,190500,29.87,29.87,29.87,29.87,100,0
MPRO.US,5,20250805,194500,29.89,29.89,29.89,29.89,100,0
MPRO.US,5,20250805,201500,29.87,29.87,29.86,29.865,3889,0
MPRO.US,5,20250805,202000,29.869,29.869,29.865,29.865,200,0
MPRO.US,5,20250805,202500,29.86,29.87,29.86,29.87,2787,0
MPRO.US,5,20250805,203500,29.87,29.87,29.87,29.87,100,0
MPRO.US,5,20250805,210000,29.86,29.86,29.86,29.86,324,0
MPRO.US,5,20250805,210500,29.87,29.87,29.87,29.87,180,0
MPRO.US,5,20250805,211000,29.87,29.88,29.87,29.88,1720,0
MPRO.US,5,20250805,212000,29.89,29.9,29.89,29.89,2800,0
MPRO.US,5,20250805,212500,29.9,29.9,29.89,29.89,2769,0
MPRO.US,5,20250805,213000,29.885,29.895,29.88,29.89,5800,0
MPRO.US,5,20250805,213500,29.89,29.89,29.89,29.89,800,0
MPRO.US,5,20250805,214000,29.9,29.9,29.9,29.9,200,0
MPRO.US,5,20250805,214500,29.9,29.915,29.898,29.91,8283,0
MPRO.US,5,20250805,215000,29.915,29.925,29.86,29.88,17048,0
MPRO.US,5,20250805,215500,29.88,29.92,29.85,29.92,11164,0
MPRO.US,5,20250806,153500,29.792,29.792,29.792,29.792,500,0
MPRO.US,5,20250806,163000,29.78,29.78,29.78,29.78,166,0
MPRO.US,5,20250806,163500,29.83,29.83,29.83,29.83,570,0
MPRO.US,5,20250806,164000,29.8229,29.8229,29.8229,29.8229,219,0
MPRO.US,5,20250806,170000,29.854,29.86,29.854,29.8599,1773,0
MPRO.US,5,20250806,170500,29.86,29.86,29.86,29.86,100,0
MPRO.US,5,20250806,171500,29.86,29.8617,29.86,29.8601,865,0
MPRO.US,5,20250806,173500,29.8601,29.8601,29.86,29.86,1169,0
MPRO.US,5,20250806,181500,29.86,29.88,29.86,29.88,3100,0
MPRO.US,5,20250806,193000,29.87,29.87,29.87,29.87,187,0
MPRO.US,5,20250806,194000,29.86,29.86,29.86,29.86,1694,0
MPRO.US,5,20250806,202000,29.87,29.87,29.87,29.87,900,0
MPRO.US,5,20250806,204500,29.88,29.88,29.88,29.88,829,0
MPRO.US,5,20250806,205000,29.88,29.88,29.88,29.88,600,0
MPRO.US,5,20250806,215000,29.89,29.89,29.869,29.879,1610,0
MPRO.US,5,20250806,215500,29.87,29.87,29.84,29.84,2606,0
MPRO.US,5,20250807,160000,29.854392,29.854392,29.854392,29.854392,105,0
MPRO.US,5,20250807,161500,29.8101,29.8101,29.8101,29.8101,125,0
MPRO.US,5,20250807,170500,29.81,29.81,29.79,29.79,3232,0
MPRO.US,5,20250807,173500,29.78,29.78,29.78,29.78,100,0
MPRO.US,5,20250807,175000,29.75,29.75,29.75,29.75,290,0
MPRO.US,5,20250807,182500,29.7997,29.7997,29.79,29.79,1548,0
MPRO.US,5,20250807,183000,29.8,29.81,29.8,29.81,715,0
MPRO.US,5,20250807,184000,29.81,29.81,29.81,29.81,1516,0
MPRO.US,5,20250807,184500,29.79,29.79,29.79,29.79,200,0
MPRO.US,5,20250807,201000,29.7557,29.7557,29.7557,29.7557,180,0
MPRO.US,5,20250807,202500,29.76,29.76,29.76,29.76,400,0
MPRO.US,5,20250807,204500,29.77,29.77,29.77,29.77,1070,0
MPRO.US,5,20250807,212500,29.78,29.78,29.78,29.78,300,0
MPRO.US,5,20250807,213500,29.77,29.8,29.77,29.77,1037,0
MPRO.US,5,20250807,215500,29.78,29.78,29.78,29.78,202,0
MPRO.US,5,20250808,172500,29.83,29.83,29.8299,29.8299,200,0
MPRO.US,5,20250808,180000,29.82,29.82,29.82,29.82,200,0
MPRO.US,5,20250808,182000,29.84,29.84,29.84,29.84,100,0
MPRO.US,5,20250808,182500,29.84,29.84,29.8399,29.8399,2534,0
MPRO.US,5,20250808,184000,29.86,29.86,29.86,29.86,951,0
MPRO.US,5,20250808,191000,29.84,29.84,29.84,29.84,100,0
MPRO.US,5,20250808,191500,29.84,29.84,29.84,29.84,220,0
MPRO.US,5,20250808,192000,29.85,29.85,29.85,29.85,334,0
MPRO.US,5,20250808,202000,29.86,29.86,29.8599,29.8599,3906,0
MPRO.US,5,20250808,204000,29.8699,29.87,29.86,29.86,2148,0
MPRO.US,5,20250808,210000,29.87,29.87,29.87,29.87,6312,0
MPRO.US,5,20250808,212000,29.88,29.88,29.88,29.88,6050,0
MPRO.US,5,20250808,213000,29.85,29.85,29.85,29.85,157,0
MPRO.US,5,20250808,213500,29.84,29.84,29.84,29.84,697,0
MPRO.US,5,20250808,214000,29.82,29.82,29.82,29.82,477,0
MPRO.US,5,20250808,215500,29.84,29.84,29.84,29.84,261,0
MPRO.US,5,20250811,162000,29.86,29.86,29.86,29.86,137,0
MPRO.US,5,20250811,162500,29.87,29.88,29.87,29.87,927,0
MPRO.US,5,20250811,164000,29.865,29.865,29.865,29.865,202,0
MPRO.US,5,20250811,164500,29.85,29.86,29.85,29.86,646,0
MPRO.US,5,20250811,170000,29.86,29.86,29.86,29.86,1190,0
MPRO.US,5,20250811,170500,29.85,29.85,29.85,29.85,101,0
MPRO.US,5,20250811,172000,29.85,29.85,29.85,29.85,100,0
MPRO.US,5,20250811,175500,29.86,29.86,29.86,29.86,700,0
MPRO.US,5,20250811,180000,29.8609,29.8609,29.8609,29.8609,767,0
MPRO.US,5,20250811,185500,29.88,29.88,29.88,29.88,2600,0
MPRO.US,5,20250811,190500,29.88,29.88,29.88,29.88,1548,0
MPRO.US,5,20250811,191000,29.88,29.88,29.86,29.88,7708,0
MPRO.US,5,20250811,193500,29.86,29.86,29.86,29.86,300,0
MPRO.US,5,20250811,195000,29.87,29.87,29.87,29.87,137,0
MPRO.US,5,20250811,202500,29.85,29.855,29.85,29.8501,9608,0
MPRO.US,5,20250811,214500,29.87,29.87,29.84,29.84,952,0
MPRO.US,5,20250812,161500,29.9,29.9,29.89,29.89,205,0
MPRO.US,5,20250812,162000,29.9,29.9,29.8927,29.8927,1019,0
MPRO.US,5,20250812,162500,29.88,29.88,29.88,29.88,113,0
MPRO.US,5,20250812,174000,29.95,29.95,29.95,29.95,1815,0
MPRO.US,5,20250812,180500,29.95,29.95,29.95,29.95,300,0
MPRO.US,5,20250812,182000,29.95,29.95,29.95,29.95,1000,0
MPRO.US,5,20250812,185000,29.97,29.97,29.97,29.97,200,0
MPRO.US,5,20250812,193000,29.9403,29.9403,29.9403,29.9403,1131,0
MPRO.US,5,20250812,194500,29.97,29.97,29.97,29.97,545,0
MPRO.US,5,20250812,200500,29.95,29.9501,29.95,29.9501,4835,0
MPRO.US,5,20250812,201000,29.96,29.96,29.96,29.96,600,0
MPRO.US,5,20250812,202000,29.97,29.97,29.97,29.97,100,0
MPRO.US,5,20250812,204500,29.98,29.99,29.9799,29.9799,3400,0
MPRO.US,5,20250812,211500,29.99,29.99,29.9899,29.9899,1800,0
MPRO.US,5,20250812,212500,30,30,30,30,1371,0
MPRO.US,5,20250812,214000,30.01,30.01,30.009,30.01,4029,0
MPRO.US,5,20250812,214500,29.98,29.98,29.98,29.98,900,0
MPRO.US,5,20250812,215000,30,30,30,30,300,0
MPRO.US,5,20250813,161000,30.1114,30.115,30.1114,30.115,302,0
MPRO.US,5,20250813,161500,30.13,30.19,30.13,30.155,4000,0
MPRO.US,5,20250813,171000,30.12,30.12,30.12,30.12,100,0
MPRO.US,5,20250813,172500,30.14,30.14,30.1399,30.1399,2000,0
MPRO.US,5,20250813,173000,30.14,30.14,30.13,30.13,5056,0
MPRO.US,5,20250813,175500,30.11,30.11,30.11,30.11,1029,0
MPRO.US,5,20250813,181000,30.13,30.13,30.13,30.13,100,0
MPRO.US,5,20250813,181500,30.13,30.13,30.13,30.13,200,0
MPRO.US,5,20250813,185500,30.14,30.14,30.14,30.14,1100,0
MPRO.US,5,20250813,191500,30.14,30.14,30.13,30.13,3220,0
MPRO.US,5,20250813,193000,30.13,30.13,30.13,30.13,900,0
MPRO.US,5,20250813,194500,30.12,30.12,30.12,30.12,900,0
MPRO.US,5,20250813,200000,30.13,30.13,30.13,30.13,874,0
MPRO.US,5,20250813,210500,30.14,30.14,30.1399,30.1399,914,0
MPRO.US,5,20250813,211000,30.15,30.16,30.1499,30.16,1900,0
MPRO.US,5,20250813,212000,30.16,30.16,30.16,30.16,200,0
MPRO.US,5,20250813,213500,30.16,30.16,30.16,30.16,100,0
MPRO.US,5,20250813,214000,30.16,30.16,30.14,30.14,1901,0
MPRO.US,5,20250813,214500,30.17,30.17,30.1699,30.1699,1800,0
MPRO.US,5,20250813,215000,30.18,30.18,30.1799,30.1799,798,0
MPRO.US,5,20250813,215500,30.18,30.18,30.177,30.177,800,0
MPRO.US,5,20250814,165000,30.11,30.11,30.11,30.11,100,0
MPRO.US,5,20250814,170500,30.11,30.11,30.11,30.11,100,0
MPRO.US,5,20250814,172500,30.09,30.09,30.09,30.09,100,0
MPRO.US,5,20250814,183500,30.06,30.06,30.06,30.06,400,0
MPRO.US,5,20250814,184500,30.06,30.06,30.06,30.06,100,0
MPRO.US,5,20250814,185000,30.05,30.05,30.05,30.05,1806617,0
MPRO.US,5,20250814,185500,30.08,30.08,30.08,30.08,325,0
MPRO.US,5,20250814,190500,30.07,30.07,30.07,30.07,100,0
MPRO.US,5,20250814,192000,30.1,30.1,30.0999,30.0999,200,0
MPRO.US,5,20250814,203500,30.09,30.09,30.09,30.09,317,0
MPRO.US,5,20250814,204000,30.09,30.09,30.09,30.09,100,0
MPRO.US,5,20250814,213000,30.1,30.1001,30.1,30.1,5513,0
MPRO.US,5,20250814,213500,30.1,30.1,30.1,30.1,3089,0
MPRO.US,5,20250814,214000,30.12,30.12,30.12,30.12,2768,0
MPRO.US,5,20250814,214500,30.13,30.13,30.13,30.13,1000,0
MPRO.US,5,20250814,215000,30.14,30.15,30.14,30.15,5674,0
MPRO.US,5,20250814,215500,30.16,30.16,30.12,30.12,2256,0
MPRO.US,5,20250815,170000,30.1186,30.1186,30.1186,30.1186,188,0
MPRO.US,5,20250815,171500,30.14,30.14,30.1399,30.1399,2000,0
MPRO.US,5,20250815,174000,30.14,30.14,30.14,30.14,6829,0
MPRO.US,5,20250815,174500,30.12,30.12,30.12,30.12,1900,0
MPRO.US,5,20250815,185500,30.14,30.14,30.14,30.14,1000,0
MPRO.US,5,20250815,192500,30.14,30.14,30.14,30.14,626,0
MPRO.US,5,20250815,201000,30.15,30.15,30.15,30.15,3224,0
MPRO.US,5,20250815,205500,30.15,30.15,30.15,30.15,4000,0
MPRO.US,5,20250815,212500,30.14,30.1401,30.13,30.13,10461,0
MPRO.US,5,20250815,214000,30.12,30.14,30.12,30.1399,2738,0
MPRO.US,5,20250815,214500,30.149,30.15,30.149,30.15,2603,0
MPRO.US,5,20250815,215000,30.16,30.16,30.159,30.1599,2600,0
MPRO.US,5,20250818,161500,30.12,30.12,30.12,30.12,100,0
MPRO.US,5,20250818,162500,30.1,30.1,30.1,30.1,174,0
MPRO.US,5,20250818,164000,30.11,30.11,30.11,30.11,100,0
MPRO.US,5,20250818,165500,30.09,30.09,30.09,30.09,159,0
MPRO.US,5,20250818,171000,30.1,30.1,30.1,30.1,100,0
MPRO.US,5,20250818,173000,30.09,30.09,30.09,30.09,200,0
MPRO.US,5,20250818,173500,30.09,30.09,30.09,30.09,100,0
MPRO.US,5,20250818,174000,30.08,30.08,30.08,30.08,168,0
MPRO.US,5,20250818,175000,30.07,30.07,30.07,30.07,141,0
MPRO.US,5,20250818,175500,30.09,30.09,30.09,30.09,200,0
MPRO.US,5,20250818,180500,30.07,30.07,30.07,30.07,100,0
MPRO.US,5,20250818,181000,30.07,30.07,30.07,30.07,200,0
MPRO.US,5,20250818,181500,30.09,30.09,30.09,30.09,100,0
MPRO.US,5,20250818,182000,30.07,30.07,30.07,30.07,100,0
MPRO.US,5,20250818,183500,30.09,30.09,30.09,30.09,100,0
MPRO.US,5,20250818,184000,30.07,30.07,30.07,30.07,100,0
MPRO.US,5,20250818,184500,30.07,30.07,30.07,30.07,200,0
MPRO.US,5,20250818,185000,30.06,30.07,30.06,30.07,305,0
MPRO.US,5,20250818,185500,30.06,30.06,30.06,30.06,100,0
MPRO.US,5,20250818,190000,30.09,30.09,30.08,30.08,868,0
MPRO.US,5,20250818,190500,30.08,30.08,30.08,30.08,200,0
MPRO.US,5,20250818,191000,30.1,30.1,30.1,30.1,100,0
MPRO.US,5,20250818,192000,30.08,30.08,30.08,30.08,100,0
MPRO.US,5,20250818,193000,30.1,30.1,30.1,30.1,100,0
MPRO.US,5,20250818,193500,30.08,30.08,30.08,30.08,100,0
MPRO.US,5,20250818,194500,30.08,30.08,30.08,30.08,100,0
MPRO.US,5,20250818,195000,30.08,30.08,30.08,30.08,100,0
MPRO.US,5,20250818,195500,30.09,30.09,30.09,30.09,100,0
MPRO.US,5,20250818,200000,30.08,30.08,30.08,30.08,100,0
MPRO.US,5,20250818,200500,30.08,30.08,30.08,30.08,100,0
MPRO.US,5,20250818,201000,30.08,30.08,30.08,30.08,100,0
MPRO.US,5,20250818,201500,30.08,30.08,30.08,30.08,1300,0
MPRO.US,5,20250818,202000,30.09,30.1,30.09,30.09,523,0
MPRO.US,5,20250818,202500,30.08,30.08,30.08,30.08,100,0
MPRO.US,5,20250818,203500,30.08,30.08,30.08,30.08,100,0
MPRO.US,5,20250818,204000,30.09,30.09,30.09,30.09,100,0
MPRO.US,5,20250818,204500,30.08,30.08,30.08,30.08,100,0
MPRO.US,5,20250818,210000,30.08,30.08,30.08,30.08,100,0
MPRO.US,5,20250818,210500,30.08,30.08,30.08,30.08,100,0
MPRO.US,5,20250818,211000,30.08,30.1,30.08,30.08,2717,0
MPRO.US,5,20250818,211500,30.1,30.1,30.1,30.1,100,0
MPRO.US,5,20250818,212000,30.08,30.08,30.08,30.08,200,0
MPRO.US,5,20250818,212500,30.08,30.08,30.08,30.08,100,0
MPRO.US,5,20250818,213000,30.08,30.09,30.08,30.09,408,0
MPRO.US,5,20250818,213500,30.09,30.09,30.09,30.09,200,0
MPRO.US,5,20250818,214000,30.09,30.1,30.09,30.1,1200,0
MPRO.US,5,20250818,214500,30.11,30.12,30.09,30.09,6854,0
MPRO.US,5,20250818,215000,30.099,30.11,30.099,30.11,2200,0
MPRO.US,5,20250818,215500,30.119,30.13,30.09,30.09,7225,0
MPRO.US,5,20250819,161500,30.13,30.13,30.13,30.13,197,0
MPRO.US,5,20250819,162000,30.155,30.155,30.155,30.155,204,0
MPRO.US,5,20250819,162500,30.14,30.14,30.14,30.14,178,0
MPRO.US,5,20250819,163000,30.14,30.14,30.14,30.14,167,0
MPRO.US,5,20250819,172500,30.13,30.13,30.13,30.13,1000,0
MPRO.US,5,20250819,174000,30.12,30.12,30.12,30.12,1200,0
MPRO.US,5,20250819,180000,30.11,30.11,30.11,30.11,917,0
MPRO.US,5,20250819,181500,30.11,30.11,30.11,30.11,200,0
MPRO.US,5,20250819,184500,30.1,30.1,30.1,30.1,100,0
MPRO.US,5,20250819,190500,30.11,30.11,30.11,30.11,1183,0
MPRO.US,5,20250819,191000,30.12,30.12,30.12,30.12,729,0
MPRO.US,5,20250819,191500,30.12,30.12,30.12,30.12,100,0
MPRO.US,5,20250819,201500,30.12,30.12,30.12,30.12,100,0
MPRO.US,5,20250819,203000,30.115,30.12,30.11,30.11,10139,0
MPRO.US,5,20250819,203500,30.08,30.08,30.08,30.08,1017,0
MPRO.US,5,20250819,210000,30.1,30.1,30.1,30.1,1100,0
MPRO.US,5,20250819,212000,30.11,30.12,30.11,30.12,1228,0
MPRO.US,5,20250819,214000,30.12,30.12,30.12,30.12,600,0
MPRO.US,5,20250819,214500,30.13,30.13,30.12,30.12,1372,0
MPRO.US,5,20250819,215500,30.13,30.13,30.13,30.13,315,0
MPRO.US,5,20250820,153500,30.128392,30.128392,30.128392,30.128392,1268,0
MPRO.US,5,20250820,164500,30.0615,30.0615,30.0615,30.0615,192,0
MPRO.US,5,20250820,171500,30.12,30.12,30.12,30.12,110,0
MPRO.US,5,20250820,173000,30.11,30.11,30.11,30.11,200,0
MPRO.US,5,20250820,175500,30.1,30.1,30.1,30.1,1300,0
MPRO.US,5,20250820,181000,30.11,30.11,30.11,30.11,1200,0
MPRO.US,5,20250820,182500,30.1201,30.14,30.12,30.12,482976,0
MPRO.US,5,20250820,184000,30.11,30.13,30.11,30.13,4000,0
MPRO.US,5,20250820,185500,30.12,30.12,30.12,30.12,5123,0
MPRO.US,5,20250820,191500,30.12,30.12,30.12,30.12,100,0
MPRO.US,5,20250820,201500,30.0943,30.0943,30.0943,30.0943,530,0
MPRO.US,5,20250820,204500,30.12,30.12,30.12,30.12,100,0
MPRO.US,5,20250820,213000,30.14,30.14,30.14,30.14,100,0
MPRO.US,5,20250820,214000,30.16,30.17,30.16,30.17,1698,0
MPRO.US,5,20250820,215000,30.15,30.16,30.14,30.146131,4452,0
MPRO.US,5,20250820,215500,30.14,30.14,30.12,30.12,737,0
MPRO.US,5,20250821,153000,30.04,30.04,30.04,30.04,600,0
MPRO.US,5,20250821,154500,30.02,30.02,30.02,30.02,159,0
MPRO.US,5,20250821,155500,30.0201,30.0201,30.0201,30.0201,340,0
MPRO.US,5,20250821,160500,30.06,30.06,30.06,30.06,100,0
MPRO.US,5,20250821,162500,30.05,30.05,30.05,30.05,129,0
MPRO.US,5,20250821,170000,30.05,30.065,30.05,30.065,602,0
MPRO.US,5,20250821,170500,30.06,30.06,30.06,30.06,100,0
MPRO.US,5,20250821,173500,30.07,30.08,30.07,30.08,200,0
MPRO.US,5,20250821,174000,30.07,30.08,30.07,30.08,3749,0
MPRO.US,5,20250821,174500,30.075,30.075,30.075,30.075,100,0
MPRO.US,5,20250821,175000,30.07,30.07,30.04,30.04,8708,0
MPRO.US,5,20250821,175500,30.04,30.04,30.04,30.04,1319,0
MPRO.US,5,20250821,180000,30.03,30.03,30.03,30.03,200,0
MPRO.US,5,20250821,180500,30.03,30.03,30.03,30.03,600,0
MPRO.US,5,20250821,182000,30.04,30.04,30.04,30.04,1200,0
MPRO.US,5,20250821,184000,30.04,30.04,30.0308,30.0308,520,0
MPRO.US,5,20250821,185500,30.05,30.05,30.05,30.05,1400,0
MPRO.US,5,20250821,191000,30.04,30.04,30.04,30.04,429,0
MPRO.US,5,20250821,192500,30.02,30.02,30.02,30.02,100,0
MPRO.US,5,20250821,193000,30.03,30.03,30.03,30.03,139,0
MPRO.US,5,20250821,201500,30.07,30.08,30.07,30.08,300,0
MPRO.US,5,20250821,203500,30.0504,30.0504,30.0504,30.0504,192,0
MPRO.US,5,20250821,204500,30.0315,30.05,30.0315,30.05,524,0
MPRO.US,5,20250821,205000,30.0419,30.06,30.0419,30.045,4961,0
MPRO.US,5,20250821,210000,30.0401,30.0401,30.0401,30.0401,134,0
MPRO.US,5,20250821,210500,30.05,30.05,30.05,30.05,934,0
MPRO.US,5,20250821,211000,30.06,30.06,30.05,30.06,315,0
MPRO.US,5,20250821,212000,30.07,30.07,30.07,30.07,1100,0
MPRO.US,5,20250821,212500,30.06,30.06,30.06,30.06,138,0
MPRO.US,5,20250821,213500,30.05,30.05,30.03,30.0301,3402,0
MPRO.US,5,20250821,214500,30.021,30.021,30.0204,30.021,842,0
MPRO.US,5,20250821,215000,30.04,30.05,30.04,30.05,933,0
MPRO.US,5,20250821,215500,30.05,30.05,30.05,30.05,100,0
MPRO.US,5,20250822,154000,30.16,30.16,30.16,30.16,101,0
MPRO.US,5,20250822,154500,30.155,30.155,30.15,30.15,200,0
MPRO.US,5,20250822,160000,30.3,30.3,30.3,30.3,100,0
MPRO.US,5,20250822,161000,30.31,30.31,30.31,30.31,100,0
MPRO.US,5,20250822,162500,30.3143,30.3143,30.3143,30.3143,474,0
MPRO.US,5,20250822,171500,30.3299,30.33,30.3299,30.33,4325,0
MPRO.US,5,20250822,173000,30.33,30.331,30.33,30.33,5077,0
MPRO.US,5,20250822,175000,30.33,30.33,30.33,30.33,200,0
MPRO.US,5,20250822,185500,30.32,30.32,30.32,30.32,180,0
MPRO.US,5,20250822,191000,30.325,30.325,30.325,30.325,284,0
MPRO.US,5,20250822,204000,30.32,30.32,30.32,30.32,400,0
MPRO.US,5,20250822,205000,30.32,30.32,30.32,30.32,100,0
MPRO.US,5,20250822,215500,30.32,30.32,30.3,30.3,497,0
MPRO.US,5,20250825,163000,30.22,30.22,30.22,30.22,286,0
MPRO.US,5,20250825,170000,30.21,30.21,30.21,30.21,256,0
MPRO.US,5,20250825,173500,30.2101,30.2101,30.2101,30.2101,230,0
MPRO.US,5,20250825,175000,30.22,30.22,30.22,30.22,3897,0
MPRO.US,5,20250825,184500,30.23,30.23,30.23,30.23,200,0
MPRO.US,5,20250825,185000,30.25,30.25,30.25,30.25,2900,0
MPRO.US,5,20250825,190000,30.25,30.25,30.25,30.25,346,0
MPRO.US,5,20250825,190500,30.255,30.255,30.255,30.255,144,0
MPRO.US,5,20250825,194500,30.26,30.26,30.26,30.26,3411,0
MPRO.US,5,20250825,195500,30.26,30.26,30.26,30.26,100,0
MPRO.US,5,20250825,210500,30.21,30.21,30.21,30.21,100,0
MPRO.US,5,20250825,211500,30.21,30.21,30.21,30.21,600,0
MPRO.US,5,20250825,213500,30.21,30.21,30.21,30.21,100,0
MPRO.US,5,20250825,214000,30.219,30.22,30.219,30.22,2646,0
MPRO.US,5,20250825,215500,30.22,30.22,30.209,30.209,971,0
MPRO.US,5,20250826,154500,30.17,30.17,30.17,30.17,114,0
MPRO.US,5,20250826,162500,30.1757,30.1757,30.1757,30.1757,155,0
MPRO.US,5,20250826,164000,30.17,30.17,30.17,30.17,135,0
MPRO.US,5,20250826,171500,30.17,30.1701,30.17,30.1701,3202,0
MPRO.US,5,20250826,181000,30.19,30.19,30.19,30.19,100,0
MPRO.US,5,20250826,190000,30.21,30.22,30.2,30.2,1230,0
MPRO.US,5,20250826,200000,30.19,30.19,30.19,30.19,158,0
MPRO.US,5,20250826,201000,30.21,30.21,30.21,30.21,533,0
MPRO.US,5,20250826,211500,30.21,30.21,30.21,30.21,900,0
MPRO.US,5,20250826,212000,30.21,30.21,30.21,30.21,11981,0
MPRO.US,5,20250826,213500,30.2208,30.2208,30.2208,30.2208,741,0
MPRO.US,5,20250826,214000,30.23,30.23,30.23,30.23,842,0
MPRO.US,5,20250826,215000,30.25,30.25,30.25,30.25,263,0
MPRO.US,5,20250826,215500,30.267,30.267,30.267,30.267,177,0
MPRO.US,5,20250827,174500,30.25,30.255,30.25,30.2501,18849,0
MPRO.US,5,20250827,183500,30.25,30.25,30.25,30.25,209,0
MPRO.US,5,20250827,185500,30.26,30.26,30.26,30.26,100,0
MPRO.US,5,20250827,202000,30.29,30.29,30.29,30.29,400,0
MPRO.US,5,20250827,203000,30.29,30.3,30.29,30.3,6197,0
MPRO.US,5,20250827,211000,30.3,30.3,30.3,30.3,10511,0
MPRO.US,5,20250827,212000,30.301,30.301,30.301,30.301,142,0
MPRO.US,5,20250827,213000,30.309,30.31,30.309,30.31,4114,0
MPRO.US,5,20250827,214000,30.31,30.3101,30.31,30.3101,8620,0
MPRO.US,5,20250827,214500,30.315,30.33,30.29,30.29,20059,0
MPRO.US,5,20250827,215000,30.31,30.32,30.3099,30.3199,5073,0
MPRO.US,5,20250827,215500,30.3,30.3,30.297,30.297,1120,0
MPRO.US,5,20250828,153500,30.27,30.27,30.252,30.252,728,0
MPRO.US,5,20250828,160000,30.24,30.24,30.24,30.24,150,0
MPRO.US,5,20250828,165000,30.25,30.25,30.25,30.25,500,0
MPRO.US,5,20250828,170500,30.25,30.25,30.25,30.25,500,0
MPRO.US,5,20250828,173500,30.26,30.26,30.26,30.26,100,0
MPRO.US,5,20250828,175000,30.26,30.26,30.26,30.26,100,0
MPRO.US,5,20250828,180000,30.26,30.26,30.2599,30.2599,1582,0
MPRO.US,5,20250828,181000,30.28,30.28,30.28,30.28,1000,0
MPRO.US,5,20250828,182500,30.29,30.29,30.29,30.29,400,0
MPRO.US,5,20250828,184000,30.29,30.29,30.29,30.29,300,0
MPRO.US,5,20250828,185000,30.3,30.3,30.3,30.3,200,0
MPRO.US,5,20250828,200500,30.31,30.31,30.31,30.31,532,0
MPRO.US,5,20250828,203500,30.31,30.319,30.31,30.319,1592,0
MPRO.US,5,20250828,204500,30.315,30.32,30.28,30.3,8264,0
MPRO.US,5,20250828,213500,30.29,30.29,30.29,30.29,386,0
MPRO.US,5,20250828,215500,30.32,30.33,30.29,30.29,1081,0
MPRO.US,5,20250829,172000,30.24,30.24,30.239,30.239,300,0
MPRO.US,5,20250829,174000,30.2599,30.26,30.2599,30.26,3688,0
MPRO.US,5,20250829,183500,30.2601,30.2601,30.2601,30.2601,160,0
MPRO.US,5,20250829,201000,30.2698,30.2698,30.2698,30.2698,170,0
MPRO.US,5,20250829,210000,30.25,30.25,30.25,30.25,1714,0
MPRO.US,5,20250829,213500,30.24,30.241,30.24,30.2401,3111,0
MPRO.US,5,20250829,215000,30.2799,30.2799,30.2799,30.2799,1506,0
MPRO.US,5,20250902,155000,30.11,30.11,30.11,30.11,100,0
MPRO.US,5,20250902,171000,30.0821,30.0821,30.0821,30.0821,100,0
MPRO.US,5,20250902,171500,30.1,30.1,30.1,30.1,100,0
MPRO.US,5,20250902,172500,30.08,30.08,30.08,30.08,110,0
MPRO.US,5,20250902,173500,30.06,30.06,30.06,30.06,100,0
MPRO.US,5,20250902,185000,30.06,30.0619,30.06,30.0619,282,0
MPRO.US,5,20250902,185500,30.08,30.08,30.08,30.08,100,0
MPRO.US,5,20250902,191500,30.0735,30.0735,30.0735,30.0735,240,0
MPRO.US,5,20250902,193000,30.1,30.1001,30.09,30.1001,1915,0
MPRO.US,5,20250902,194000,30.11,30.13,30.11,30.13,2004,0
MPRO.US,5,20250902,195500,30.13,30.13,30.13,30.13,2007,0
MPRO.US,5,20250902,203000,30.11,30.11,30.11,30.11,100,0
MPRO.US,5,20250902,204500,30.1,30.1,30.1,30.1,100,0
MPRO.US,5,20250902,205000,30.11,30.11,30.11,30.11,100,0
MPRO.US,5,20250902,213500,30.13,30.15,30.13,30.15,3115,0
MPRO.US,5,20250902,214500,30.15,30.15,30.15,30.15,4426,0
MPRO.US,5,20250903,155000,30.19,30.19,30.19,30.19,100,0
MPRO.US,5,20250903,160500,30.22,30.22,30.22,30.22,200,0
MPRO.US,5,20250903,162000,30.23,30.23,30.23,30.23,100,0
MPRO.US,5,20250903,163000,30.22,30.22,30.22,30.22,200,0
MPRO.US,5,20250903,165000,30.25,30.25,30.25,30.25,100,0
MPRO.US,5,20250903,172500,30.23,30.23,30.23,30.23,100,0
MPRO.US,5,20250903,180500,30.1903,30.1903,30.1903,30.1903,108,0
MPRO.US,5,20250903,183000,30.23,30.23,30.23,30.23,2000,0
MPRO.US,5,20250903,184500,30.23,30.23,30.23,30.23,100,0
MPRO.US,5,20250903,185000,30.23,30.23,30.23,30.23,10360,0
MPRO.US,5,20250903,194000,30.2,30.2,30.2,30.2,100,0
MPRO.US,5,20250903,210000,30.21,30.21,30.2,30.21,2054,0
MPRO.US,5,20250903,213000,30.22,30.22,30.22,30.22,1200,0
MPRO.US,5,20250903,214000,30.23,30.24,30.23,30.23,1600,0
MPRO.US,5,20250903,214500,30.25,30.25,30.25,30.25,1400,0
MPRO.US,5,20250903,215000,30.26,30.27,30.25,30.25,14661,0
MPRO.US,5,20250904,161500,30.31,30.31,30.31,30.31,800,0
MPRO.US,5,20250904,163000,30.29,30.29,30.29,30.29,194,0
MPRO.US,5,20250904,165500,30.31,30.31,30.31,30.31,1407,0
MPRO.US,5,20250904,174000,30.35,30.35,30.3414,30.3414,1786,0
MPRO.US,5,20250904,174500,30.34,30.34,30.34,30.34,100,0
MPRO.US,5,20250904,180000,30.35,30.35,30.35,30.35,100,0
MPRO.US,5,20250904,182500,30.34,30.34,30.34,30.34,1300,0
MPRO.US,5,20250904,184500,30.34,30.34,30.34,30.34,1300,0
MPRO.US,5,20250904,190500,30.35,30.35,30.35,30.35,1156,0
MPRO.US,5,20250904,200500,30.35,30.35,30.35,30.35,100,0
MPRO.US,5,20250904,210500,30.36,30.3601,30.36,30.3601,4328,0
MPRO.US,5,20250904,212000,30.4,30.4,30.4,30.4,1200,0
MPRO.US,5,20250904,213000,30.41,30.41,30.41,30.41,100,0
MPRO.US,5,20250904,213500,30.41,30.41,30.41,30.41,1100,0
MPRO.US,5,20250904,214000,30.41,30.43,30.41,30.43,3600,0
MPRO.US,5,20250904,214500,30.43,30.4399,30.43,30.43,659,0
MPRO.US,5,20250904,215000,30.435,30.44,30.42,30.42,23822,0
MPRO.US,5,20250904,215500,30.43,30.43,30.43,30.43,358,0
MPRO.US,5,20250905,154000,30.59,30.59,30.59,30.59,1200,0
MPRO.US,5,20250905,154500,30.6,30.6,30.6,30.6,241,0
MPRO.US,5,20250905,155000,30.6,30.6,30.6,30.6,581,0
MPRO.US,5,20250905,173500,30.5,30.5,30.5,30.5,200,0
MPRO.US,5,20250905,181000,30.51,30.51,30.51,30.51,160,0
MPRO.US,5,20250905,182000,30.489,30.489,30.489,30.489,394,0
MPRO.US,5,20250905,182500,30.471,30.4855,30.47,30.4855,1977,0
MPRO.US,5,20250905,183000,30.49,30.49,30.49,30.49,2100,0
MPRO.US,5,20250905,194000,30.49,30.49,30.49,30.49,1482,0
MPRO.US,5,20250905,210000,30.4884,30.4884,30.4884,30.4884,606,0
MPRO.US,5,20250905,214500,30.48,30.48,30.47,30.47,388,0
MPRO.US,5,20250905,215500,30.51,30.54,30.51,30.52,4052,0
MPRO.US,5,20250908,155500,30.51,30.51,30.51,30.51,100,0
MPRO.US,5,20250908,163500,30.5,30.5,30.49,30.49,273,0
MPRO.US,5,20250908,164000,30.5,30.5,30.49,30.49,200,0
MPRO.US,5,20250908,164500,30.52,30.53,30.52,30.53,1700,0
MPRO.US,5,20250908,165000,30.53,30.53,30.53,30.53,866,0
MPRO.US,5,20250908,171000,30.55,30.55,30.55,30.55,1300,0
MPRO.US,5,20250908,171500,30.55,30.55,30.55,30.55,9900,0
MPRO.US,5,20250908,173500,30.55,30.55,30.55,30.55,313,0
MPRO.US,5,20250908,174500,30.55,30.55,30.53,30.54,7175,0
MPRO.US,5,20250908,175000,30.54,30.54,30.54,30.54,250,0
MPRO.US,5,20250908,181000,30.54,30.54,30.54,30.54,100,0
MPRO.US,5,20250908,183000,30.53,30.53,30.53,30.53,3866,0
MPRO.US,5,20250908,185000,30.52,30.52,30.52,30.52,200,0
MPRO.US,5,20250908,190500,30.53,30.53,30.53,30.53,100,0
MPRO.US,5,20250908,191500,30.52,30.52,30.52,30.52,100,0
MPRO.US,5,20250908,192000,30.511,30.511,30.5,30.5,3528,0
MPRO.US,5,20250908,192500,30.53,30.53,30.53,30.53,100,0
MPRO.US,5,20250908,193000,30.51,30.51,30.51,30.51,649,0
MPRO.US,5,20250908,195500,30.51,30.51,30.51,30.51,100,0
MPRO.US,5,20250908,203500,30.54,30.54,30.54,30.54,1200,0
MPRO.US,5,20250908,204000,30.54,30.54,30.54,30.54,560,0
MPRO.US,5,20250908,205000,30.55,30.55,30.55,30.55,100,0
MPRO.US,5,20250908,211500,30.53,30.53,30.53,30.53,100,0
MPRO.US,5,20250908,213500,30.53,30.53,30.5299,30.5299,6094,0
MPRO.US,5,20250908,214500,30.55,30.55,30.55,30.55,100,0
MPRO.US,5,20250908,215000,30.55,30.56,30.5499,30.5599,3884,0
MPRO.US,5,20250909,153500,30.5,30.5,30.45,30.45,1776,0
MPRO.US,5,20250909,170000,30.4767,30.4767,30.4767,30.4767,198,0
MPRO.US,5,20250909,171000,30.46,30.46,30.46,30.46,16917,0
MPRO.US,5,20250909,172500,30.46,30.4814,30.46,30.4814,421,0
MPRO.US,5,20250909,202000,30.55,30.56,30.5499,30.56,9574,0
MPRO.US,5,20250909,210000,30.53,30.53,30.53,30.53,100,0
MPRO.US,5,20250909,211500,30.529,30.529,30.529,30.529,100,0
MPRO.US,5,20250909,212000,30.53,30.53,30.529,30.529,400,0
MPRO.US,5,20250909,212500,30.53,30.53,30.53,30.53,400,0
MPRO.US,5,20250909,213000,30.53,30.53,30.53,30.53,1200,0
MPRO.US,5,20250910,171500,30.47,30.47,30.47,30.47,365,0
MPRO.US,5,20250910,174000,30.52,30.52,30.52,30.52,108,0
MPRO.US,5,20250910,184000,30.515,30.53,30.515,30.53,17829,0
MPRO.US,5,20250910,191500,30.5401,30.5401,30.5401,30.5401,161,0
MPRO.US,5,20250910,202000,30.53,30.53,30.53,30.53,856,0
MPRO.US,5,20250910,203500,30.54,30.54,30.54,30.54,142,0
MPRO.US,5,20250910,210000,30.57,30.57,30.57,30.57,200,0
MPRO.US,5,20250910,212500,30.57,30.57,30.55,30.55,22568,0
MPRO.US,5,20250910,213000,30.54,30.54,30.54,30.54,100,0
MPRO.US,5,20250910,214000,30.54,30.54,30.54,30.54,100,0
MPRO.US,5,20250910,214500,30.55,30.55,30.52,30.52,1330,0
MPRO.US,5,20250911,164000,30.7345,30.7345,30.7345,30.7345,170,0
MPRO.US,5,20250911,172500,30.7555,30.7555,30.7555,30.7555,135,0
MPRO.US,5,20250911,190000,30.74,30.74,30.74,30.74,100,0
MPRO.US,5,20250911,193500,30.76,30.76,30.76,30.76,1500,0
MPRO.US,5,20250911,194000,30.77,30.77,30.77,30.77,182,0
MPRO.US,5,20250911,210000,30.81,30.81,30.81,30.81,1500,0
MPRO.US,5,20250911,211000,30.82,30.82,30.82,30.82,149,0
MPRO.US,5,20250911,213500,30.83,30.83,30.83,30.83,1200,0
MPRO.US,5,20250911,215000,30.839,30.84,30.839,30.84,4490,0
MPRO.US,5,20250911,215500,30.85,30.85,30.82,30.827,17796,0
MPRO.US,5,20250912,171500,30.7,30.7,30.7,30.7,100,0
MPRO.US,5,20250912,174000,30.7,30.7,30.7,30.7,100,0
MPRO.US,5,20250912,175500,30.69,30.69,30.69,30.69,100,0
MPRO.US,5,20250912,182000,30.7,30.7,30.6999,30.6999,400,0
MPRO.US,5,20250912,182500,30.7,30.7,30.7,30.7,1300,0
MPRO.US,5,20250912,184000,30.7,30.7,30.7,30.7,400,0
MPRO.US,5,20250912,185500,30.71,30.71,30.71,30.71,100,0
MPRO.US,5,20250912,191000,30.72,30.72,30.72,30.72,1200,0
MPRO.US,5,20250912,193000,30.7096,30.7096,30.7096,30.7096,362,0
MPRO.US,5,20250912,193500,30.72,30.73,30.72,30.73,2204,0
MPRO.US,5,20250912,200000,30.73,30.74,30.73,30.74,1300,0
MPRO.US,5,20250912,201500,30.74,30.75,30.74,30.75,1608,0
MPRO.US,5,20250912,203000,30.76,30.76,30.76,30.76,986,0
MPRO.US,5,20250912,210500,30.77,30.77,30.7699,30.7699,1000,0
MPRO.US,5,20250912,211000,30.77,30.78,30.77,30.78,1133,0
MPRO.US,5,20250912,211500,30.77,30.78,30.77,30.78,3934,0
MPRO.US,5,20250912,212000,30.76,30.76,30.73,30.73,2400,0
MPRO.US,5,20250912,213000,30.76,30.76,30.74,30.74,15185,0
MPRO.US,5,20250912,214500,30.71,30.74,30.71,30.74,10486,0
MPRO.US,5,20250912,215500,30.72,30.72,30.72,30.72,523,0
MPRO.US,5,20250915,155000,30.74,30.74,30.74,30.74,100,0
MPRO.US,5,20250915,165500,30.71,30.71,30.71,30.71,208,0
MPRO.US,5,20250915,170500,30.72,30.72,30.72,30.72,100,0
MPRO.US,5,20250915,172000,30.72,30.72,30.709,30.72,10258,0
MPRO.US,5,20250915,174500,30.66,30.66,30.66,30.66,100,0
MPRO.US,5,20250915,175500,30.67,30.67,30.67,30.67,100,0
MPRO.US,5,20250915,180000,30.68,30.68,30.68,30.68,100,0
MPRO.US,5,20250915,182500,30.6588,30.6588,30.6588,30.6588,430,0
MPRO.US,5,20250915,183500,30.67,30.67,30.67,30.67,100,0
MPRO.US,5,20250915,200000,30.67,30.67,30.67,30.67,100,0
MPRO.US,5,20250915,203000,30.67,30.67,30.65,30.65,200,0
MPRO.US,5,20250915,203500,30.65,30.65,30.65,30.65,400,0
MPRO.US,5,20250915,204000,30.66,30.66,30.66,30.66,200,0
MPRO.US,5,20250915,204500,30.66,30.66,30.65,30.66,400,0
MPRO.US,5,20250915,205000,30.68,30.68,30.68,30.68,600,0
MPRO.US,5,20250915,205500,30.67,30.68,30.6699,30.68,3158,0
MPRO.US,5,20250915,210000,30.67,30.67,30.65,30.65,13514,0
MPRO.US,5,20250915,212500,30.659,30.67,30.659,30.67,4245,0
MPRO.US,5,20250915,213000,30.6662,30.6662,30.6662,30.6662,197,0
MPRO.US,5,20250915,213500,30.639,30.66,30.639,30.64,2472,0
MPRO.US,5,20250915,214000,30.65,30.66,30.65,30.66,1600,0
MPRO.US,5,20250915,215000,30.65,30.65,30.65,30.65,100,0
MPRO.US,5,20250915,215500,30.64,30.64,30.61,30.61,1358,0
MPRO.US,5,20250916,171000,30.61,30.61,30.61,30.61,177,0
MPRO.US,5,20250916,174000,30.56,30.56,30.56,30.56,100,0
MPRO.US,5,20250916,180000,30.6,30.61,30.59,30.59,1137,0
MPRO.US,5,20250916,181000,30.61,30.61,30.61,30.61,100,0
MPRO.US,5,20250916,183500,30.59,30.59,30.59,30.59,100,0
MPRO.US,5,20250916,185000,30.6,30.6,30.6,30.6,1600,0
MPRO.US,5,20250916,204500,30.6,30.6,30.6,30.6,1700,0
MPRO.US,5,20250916,205500,30.6,30.6,30.6,30.6,161,0
MPRO.US,5,20250916,210500,30.601,30.601,30.6,30.6001,3148,0
MPRO.US,5,20250916,212000,30.61,30.61,30.61,30.61,180,0
MPRO.US,5,20250916,212500,30.6,30.6,30.6,30.6,1000,0
MPRO.US,5,20250916,213500,30.605,30.61,30.605,30.61,14691,0
MPRO.US,5,20250916,214500,30.62,30.62,30.58,30.58,15934,0
MPRO.US,5,20250917,155000,30.69,30.6901,30.69,30.6901,8541,0
MPRO.US,5,20250917,170000,30.7134,30.7134,30.7134,30.7134,4841,0
MPRO.US,5,20250917,174000,30.7,30.7,30.7,30.7,100,0
MPRO.US,5,20250917,175000,30.69,30.69,30.69,30.69,100,0
MPRO.US,5,20250917,180000,30.695,30.695,30.695,30.695,129,0
MPRO.US,5,20250917,181500,30.675,30.7,30.675,30.69,10944,0
MPRO.US,5,20250917,182500,30.67,30.67,30.67,30.67,2500,0
MPRO.US,5,20250917,183500,30.669,30.669,30.669,30.669,100,0
MPRO.US,5,20250917,184000,30.67,30.67,30.67,30.67,1600,0
MPRO.US,5,20250917,185000,30.655,30.655,30.655,30.655,100,0
MPRO.US,5,20250917,185500,30.64,30.64,30.64,30.64,500,0
MPRO.US,5,20250917,190500,30.66,30.66,30.66,30.66,100,0
MPRO.US,5,20250917,191000,30.65,30.65,30.65,30.65,1500,0
MPRO.US,5,20250917,192500,30.65,30.659,30.65,30.659,322,0
MPRO.US,5,20250917,204500,30.58,30.58,30.57,30.57,1706,0
MPRO.US,5,20250917,212000,30.6188,30.6188,30.6188,30.6188,1000,0
MPRO.US,5,20250917,214500,30.56,30.56,30.56,30.56,116,0
MPRO.US,5,20250917,215500,30.56,30.56,30.56,30.56,100,0
MPRO.US,5,20250918,164500,30.54,30.54,30.54,30.54,100,0
MPRO.US,5,20250918,170000,30.51,30.51,30.51,30.51,1600,0
MPRO.US,5,20250918,170500,30.51,30.51,30.51,30.51,100,0
MPRO.US,5,20250918,171000,30.51,30.51,30.49,30.49,752,0
MPRO.US,5,20250918,173500,30.55,30.55,30.55,30.55,100,0
MPRO.US,5,20250918,175500,30.53,30.53,30.53,30.53,100,0
MPRO.US,5,20250918,181000,30.54,30.54,30.54,30.54,100,0
MPRO.US,5,20250918,182500,30.57,30.57,30.57,30.57,1600,0
MPRO.US,5,20250918,184500,30.6,30.6,30.6,30.6,1600,0
MPRO.US,5,20250918,190000,30.6,30.6,30.6,30.6,1731,0
MPRO.US,5,20250918,191500,30.59,30.59,30.59,30.59,1500,0
MPRO.US,5,20250918,192500,30.585,30.585,30.585,30.585,100,0
MPRO.US,5,20250918,193000,30.58,30.58,30.58,30.58,147,0
MPRO.US,5,20250918,194500,30.5797,30.5797,30.5797,30.5797,314,0
MPRO.US,5,20250918,195000,30.579,30.579,30.579,30.579,100,0
MPRO.US,5,20250918,195500,30.5682,30.5682,30.56,30.56,846,0
MPRO.US,5,20250918,202500,30.56,30.56,30.56,30.56,100,0
MPRO.US,5,20250918,203000,30.56,30.56,30.56,30.56,3507,0
MPRO.US,5,20250918,203500,30.55,30.55,30.55,30.55,300,0
MPRO.US,5,20250918,204000,30.56,30.56,30.56,30.56,100,0
MPRO.US,5,20250918,204500,30.545,30.56,30.545,30.56,1400,0
MPRO.US,5,20250918,205500,30.565,30.565,30.55,30.55,915,0
MPRO.US,5,20250919,160000,30.55,30.55,30.55,30.55,731,0
MPRO.US,5,20250919,163500,30.53,30.53,30.53,30.53,266,0
MPRO.US,5,20250919,183500,30.52,30.52,30.49,30.5199,6185,0
MPRO.US,5,20250919,184000,30.52,30.52,30.52,30.52,700,0
MPRO.US,5,20250919,185500,30.52,30.52,30.52,30.52,2533,0
MPRO.US,5,20250919,200000,30.51,30.53,30.51,30.5101,2575,0
MPRO.US,5,20250919,203500,30.51,30.51,30.5091,30.51,1153,0
MPRO.US,5,20250919,204000,30.51,30.51,30.51,30.51,100,0
MPRO.US,5,20250919,204500,30.51,30.51,30.51,30.51,364,0
MPRO.US,5,20250919,205000,30.51,30.51,30.51,30.51,569,0
MPRO.US,5,20250919,205500,30.54,30.54,30.54,30.54,100,0
MPRO.US,5,20250919,214000,30.5614,30.5614,30.5614,30.5614,160,0
MPRO.US,5,20250919,215500,30.54,30.54,30.54,30.54,100,0
MPRO.US,5,20250922,153500,30.41,30.41,30.41,30.41,147,0
MPRO.US,5,20250922,162000,30.465,30.465,30.465,30.465,512,0
MPRO.US,5,20250922,172500,30.48,30.48,30.48,30.48,100,0
MPRO.US,5,20250922,175000,30.46,30.46,30.46,30.46,100,0
MPRO.US,5,20250922,180500,30.46,30.46,30.46,30.46,100,0
MPRO.US,5,20250922,182000,30.46,30.46,30.46,30.46,100,0
MPRO.US,5,20250922,183500,30.47,30.47,30.47,30.47,1600,0
MPRO.US,5,20250922,185000,30.5,30.5,30.5,30.5,100,0
MPRO.US,5,20250922,190500,30.51,30.51,30.51,30.51,500,0
MPRO.US,5,20250922,192000,30.52,30.52,30.52,30.52,1158,0
MPRO.US,5,20250922,194000,30.51,30.53,30.51,30.53,27345,0
MPRO.US,5,20250922,210000,30.52,30.52,30.52,30.52,100,0
MPRO.US,5,20250922,211500,30.54,30.54,30.54,30.54,839,0
MPRO.US,5,20250922,212000,30.53,30.53,30.53,30.53,8931,0
MPRO.US,5,20250922,212500,30.52,30.52,30.52,30.52,100,0
MPRO.US,5,20250922,214000,30.52,30.53,30.52,30.52,300,0
MPRO.US,5,20250922,215500,30.52,30.52,30.49,30.49,2366,0
MPRO.US,5,20250923,173000,30.5237,30.5237,30.5237,30.5237,196,0
MPRO.US,5,20250923,181500,30.5149,30.5149,30.5149,30.5149,100,0
MPRO.US,5,20250923,182000,30.53,30.53,30.5263,30.5299,2346,0
MPRO.US,5,20250923,183000,30.55,30.55,30.55,30.55,100,0
MPRO.US,5,20250923,194500,30.57,30.57,30.57,30.57,100,0
MPRO.US,5,20250923,204500,30.575,30.575,30.56,30.5601,467,0
MPRO.US,5,20250923,205000,30.59,30.59,30.59,30.59,2600,0
MPRO.US,5,20250923,210000,30.58,30.58,30.5799,30.5799,2800,0
MPRO.US,5,20250923,210500,30.58,30.58,30.58,30.58,4747,0
MPRO.US,5,20250923,214500,30.58,30.58,30.575,30.58,7910,0
MPRO.US,5,20250923,215000,30.59,30.59,30.5899,30.5899,1446,0
MPRO.US,5,20250924,171000,30.55,30.55,30.5499,30.5499,200,0
MPRO.US,5,20250924,172000,30.55,30.55,30.55,30.55,10949,0
MPRO.US,5,20250924,175000,30.55,30.55,30.55,30.55,111,0
MPRO.US,5,20250924,194000,30.51,30.51,30.51,30.51,749,0
MPRO.US,5,20250924,204000,30.51,30.52,30.4973,30.52,48676,0
MPRO.US,5,20250924,213000,30.51,30.51,30.5099,30.5099,3200,0
MPRO.US,5,20250924,214000,30.519,30.52,30.519,30.52,3798,0
MPRO.US,5,20250924,214500,30.52,30.52,30.5199,30.5199,3000,0
MPRO.US,5,20250924,215000,30.52,30.53,30.5199,30.5199,13600,0
MPRO.US,5,20250925,173500,30.34,30.34,30.34,30.34,100,0
MPRO.US,5,20250925,175000,30.33,30.33,30.33,30.33,657,0
MPRO.US,5,20250925,184000,30.331,30.3311,30.33,30.33,1186,0
MPRO.US,5,20250925,184500,30.33,30.33,30.313,30.33,14190,0
MPRO.US,5,20250925,185000,30.33,30.33,30.33,30.33,2100,0
MPRO.US,5,20250925,190000,30.33,30.33,30.33,30.33,4902,0
MPRO.US,5,20250925,194000,30.29,30.29,30.29,30.29,1000,0
MPRO.US,5,20250925,202500,30.32,30.32,30.32,30.32,447,0
MPRO.US,5,20250925,205500,30.34,30.34,30.3399,30.3399,6412,0
MPRO.US,5,20250925,210000,30.3135,30.3135,30.3135,30.3135,257,0
MPRO.US,5,20250925,212000,30.32,30.32,30.32,30.32,268,0
MPRO.US,5,20250925,215000,30.3,30.3,30.3,30.3,915,0
MPRO.US,5,20250925,215500,30.3,30.31,30.3,30.31,354,0
MPRO.US,5,20250926,163000,30.23,30.2394,30.23,30.2394,484,0
MPRO.US,5,20250926,202500,30.26,30.26,30.2599,30.26,6500,0
MPRO.US,5,20250926,203500,30.2699,30.2699,30.2699,30.2699,825,0
MPRO.US,5,20250926,205000,30.27,30.27,30.2699,30.2699,800,0
MPRO.US,5,20250926,210000,30.27,30.27,30.27,30.27,1768,0
MPRO.US,5,20250926,211500,30.27,30.27,30.2699,30.2699,696,0
MPRO.US,5,20250926,213500,30.27,30.27,30.27,30.27,2453,0
MPRO.US,5,20250929,155500,30.27,30.27,30.27,30.27,100,0
MPRO.US,5,20250929,163500,30.29,30.29,30.29,30.29,100,0
MPRO.US,5,20250929,180000,30.315,30.315,30.302,30.302,498,0
MPRO.US,5,20250929,181000,30.3272,30.3272,30.3272,30.3272,100,0
MPRO.US,5,20250929,182500,30.34,30.34,30.34,30.34,100,0
MPRO.US,5,20250929,184000,30.3109,30.3109,30.3109,30.3109,142,0
MPRO.US,5,20250929,184500,30.3043,30.3043,30.3041,30.3041,277,0
MPRO.US,5,20250929,190500,30.33,30.33,30.32,30.33,21478,0
MPRO.US,5,20250929,194500,30.3042,30.3042,30.3042,30.3042,128,0
MPRO.US,5,20250929,205000,30.35,30.35,30.35,30.35,2409,0
MPRO.US,5,20250929,213500,30.36,30.36,30.33,30.36,9216,0
MPRO.US,5,20250929,214000,30.37,30.37,30.3699,30.37,3915,0
MPRO.US,5,20250929,215000,30.3617,30.3617,30.3617,30.3617,549,0
MPRO.US,5,20250930,164500,30.39,30.39,30.3899,30.3899,472,0
MPRO.US,5,20250930,172500,30.37,30.37,30.37,30.37,287,0
MPRO.US,5,20250930,174000,30.36,30.36,30.36,30.36,5179,0
MPRO.US,5,20250930,180500,30.36,30.36,30.36,30.36,623,0
MPRO.US,5,20250930,182000,30.36,30.36,30.36,30.36,149,0
MPRO.US,5,20250930,184500,30.45,30.45,30.45,30.45,516,0
MPRO.US,5,20250930,190500,30.44,30.44,30.44,30.44,515,0
MPRO.US,5,20250930,192500,30.43,30.43,30.43,30.43,615,0
MPRO.US,5,20250930,193000,30.42,30.42,30.42,30.42,123,0
MPRO.US,5,20250930,193500,30.42,30.42,30.42,30.42,400,0
MPRO.US,5,20250930,195000,30.41,30.4101,30.41,30.4101,580,0
MPRO.US,5,20250930,200000,30.44,30.44,30.43,30.43,800,0
MPRO.US,5,20250930,201500,30.45,30.4501,30.45,30.4501,200,0
MPRO.US,5,20250930,202000,30.47,30.47,30.47,30.47,200,0
MPRO.US,5,20250930,203000,30.46,30.46,30.46,30.46,200,0
MPRO.US,5,20250930,203500,30.46,30.46,30.46,30.46,200,0
MPRO.US,5,20250930,204000,30.47,30.47,30.47,30.47,200,0
MPRO.US,5,20250930,204500,30.465,30.47,30.465,30.47,430,0
MPRO.US,5,20250930,205000,30.47,30.47,30.47,30.47,200,0
MPRO.US,5,20250930,205500,30.47,30.47,30.47,30.47,200,0
MPRO.US,5,20250930,210000,30.4614,30.4614,30.4614,30.4614,800,0
MPRO.US,5,20250930,210500,30.48,30.48,30.48,30.48,500,0
MPRO.US,5,20250930,211500,30.4714,30.49,30.4714,30.49,9372,0
MPRO.US,5,20250930,212000,30.49,30.49,30.49,30.49,15952,0
MPRO.US,5,20250930,212500,30.49,30.49,30.49,30.49,300,0
MPRO.US,5,20250930,215000,30.4874,30.51,30.4874,30.5099,1660,0
MPRO.US,5,20251001,153500,30.575,30.575,30.57,30.57,396,0
MPRO.US,5,20251001,160500,30.5501,30.5501,30.5501,30.5501,470,0
MPRO.US,5,20251001,161500,30.55,30.55,30.55,30.55,2454,0
MPRO.US,5,20251001,165000,30.56,30.5601,30.56,30.5601,800,0
MPRO.US,5,20251001,165500,30.56,30.5603,30.56,30.5603,353,0
MPRO.US,5,20251001,203000,30.61,30.6101,30.61,30.6101,272,0
MPRO.US,5,20251001,203500,30.639,30.639,30.639,30.639,100,0
MPRO.US,5,20251001,214500,30.65,30.66,30.6499,30.65,19827,0
MPRO.US,5,20251001,215500,30.64,30.64,30.64,30.64,340,0
MPRO.US,5,20251002,154000,30.58,30.58,30.58,30.58,232,0
MPRO.US,5,20251002,162500,30.54,30.56,30.54,30.56,371,0
MPRO.US,5,20251002,163500,30.5415,30.5415,30.5415,30.5415,1114,0
MPRO.US,5,20251002,165500,30.565,30.565,30.565,30.565,147,0
MPRO.US,5,20251002,171000,30.5501,30.5501,30.5501,30.5501,1400,0
MPRO.US,5,20251002,172000,30.5509,30.5509,30.5509,30.5509,350,0
MPRO.US,5,20251002,172500,30.575,30.575,30.575,30.575,400,0
MPRO.US,5,20251002,173000,30.5598,30.5598,30.5598,30.5598,1273,0
MPRO.US,5,20251002,173500,30.5545,30.5545,30.5545,30.5545,905,0
MPRO.US,5,20251002,175000,30.58,30.58,30.58,30.58,100,0
MPRO.US,5,20251002,180000,30.5866,30.59,30.5866,30.59,363,0
MPRO.US,5,20251002,184500,30.6,30.62,30.5901,30.62,476,0
MPRO.US,5,20251002,190500,30.605,30.605,30.605,30.605,100,0
MPRO.US,5,20251002,210500,30.63,30.63,30.63,30.63,1400,0
MPRO.US,5,20251002,211500,30.63,30.6301,30.63,30.6301,212,0
MPRO.US,5,20251002,212000,30.63,30.64,30.63,30.63,19815,0
MPRO.US,5,20251002,212500,30.6186,30.63,30.6186,30.6299,2388,0
MPRO.US,5,20251002,213500,30.63,30.63,30.63,30.63,2045,0
MPRO.US,5,20251002,214000,30.63,30.63,30.62,30.62,4692,0
MPRO.US,5,20251002,215500,30.65,30.65,30.65,30.65,500,0
MPRO.US,5,20251003,154000,30.69,30.69,30.69,30.69,196,0
MPRO.US,5,20251003,165000,30.79,30.7901,30.79,30.7901,618,0
MPRO.US,5,20251003,190500,30.82,30.82,30.82,30.82,15384,0
MPRO.US,5,20251003,191500,30.8199,30.8199,30.8199,30.8199,324,0
MPRO.US,5,20251003,200500,30.7883,30.7883,30.7883,30.7883,296,0
MPRO.US,5,20251003,204500,30.79,30.8,30.7899,30.8,1700,0
MPRO.US,5,20251003,211000,30.79,30.7901,30.79,30.7901,2560,0
MPRO.US,5,20251003,211500,30.8,30.8,30.7999,30.7999,2603,0
MPRO.US,5,20251003,214000,30.79,30.7901,30.77,30.79,1803,0
MPRO.US,5,20251003,215000,30.76,30.76,30.73,30.73,529,0
MPRO.US,5,20251003,215500,30.7238,30.7238,30.71,30.7101,1223,0
MPRO.US,5,20251006,153500,30.68,30.68,30.68,30.68,332,0
MPRO.US,5,20251006,162000,30.71,30.71,30.71,30.71,1624,0
MPRO.US,5,20251006,162500,30.71,30.71,30.71,30.71,500,0
MPRO.US,5,20251006,170500,30.7014,30.7014,30.7014,30.7014,150,0
MPRO.US,5,20251006,172500,30.6832,30.71,30.6832,30.695,3449,0
MPRO.US,5,20251006,173000,30.7,30.7,30.7,30.7,100,0
MPRO.US,5,20251006,173500,30.675,30.675,30.675,30.675,1351,0
MPRO.US,5,20251006,174000,30.69,30.69,30.69,30.69,100,0
MPRO.US,5,20251006,174500,30.688,30.688,30.688,30.688,100,0
MPRO.US,5,20251006,175000,30.678,30.678,30.678,30.678,100,0
MPRO.US,5,20251006,180000,30.68,30.68,30.68,30.68,1424,0
MPRO.US,5,20251006,181000,30.69,30.69,30.69,30.69,100,0
MPRO.US,5,20251006,181500,30.68,30.68,30.68,30.68,100,0
MPRO.US,5,20251006,182000,30.69,30.69,30.6825,30.6825,914,0
MPRO.US,5,20251006,183000,30.69,30.69,30.69,30.69,100,0
MPRO.US,5,20251006,183500,30.69,30.69,30.69,30.69,100,0
MPRO.US,5,20251006,184500,30.7,30.7,30.7,30.7,100,0
MPRO.US,5,20251006,185000,30.69,30.69,30.69,30.69,100,0
MPRO.US,5,20251006,190000,30.69,30.69,30.69,30.69,100,0
MPRO.US,5,20251006,190500,30.68,30.68,30.68,30.68,100,0
MPRO.US,5,20251006,191000,30.69,30.69,30.69,30.69,100,0
MPRO.US,5,20251006,191500,30.7,30.7,30.7,30.7,100,0
MPRO.US,5,20251006,192000,30.7,30.7,30.7,30.7,100,0
MPRO.US,5,20251006,193000,30.71,30.71,30.71,30.71,100,0
MPRO.US,5,20251006,193500,30.6908,30.71,30.6908,30.71,1351,0
MPRO.US,5,20251006,194500,30.69,30.69,30.69,30.69,100,0
MPRO.US,5,20251006,195500,30.7,30.7,30.7,30.7,100,0
MPRO.US,5,20251006,200000,30.71,30.71,30.71,30.71,100,0
MPRO.US,5,20251006,201000,30.7,30.7,30.7,30.7,100,0
MPRO.US,5,20251006,202500,30.69,30.69,30.68,30.68,1400,0
MPRO.US,5,20251006,203000,30.68,30.68,30.68,30.68,100,0
MPRO.US,5,20251006,204000,30.68,30.68,30.68,30.68,100,0
MPRO.US,5,20251006,204500,30.67,30.67,30.6609,30.6609,201,0
MPRO.US,5,20251006,205000,30.67,30.67,30.67,30.67,100,0
MPRO.US,5,20251006,205500,30.67,30.67,30.67,30.67,288,0
MPRO.US,5,20251006,214000,30.6599,30.66,30.63,30.6599,2831,0
MPRO.US,5,20251007,171000,30.705835,30.705835,30.705835,30.705835,325,0
MPRO.US,5,20251007,172000,30.705,30.705,30.705,30.705,325,0
MPRO.US,5,20251007,172500,30.705,30.705,30.705,30.705,651,0
MPRO.US,5,20251007,182000,30.6933,30.6933,30.6933,30.6933,209,0
MPRO.US,5,20251007,194000,30.6917,30.6917,30.6917,30.6917,222,0
MPRO.US,5,20251007,201500,30.68,30.68,30.68,30.68,100,0
MPRO.US,5,20251007,210500,30.66,30.6601,30.66,30.6601,200,0
MPRO.US,5,20251007,212000,30.6799,30.68,30.65,30.68,15282,0
MPRO.US,5,20251007,215000,30.6741,30.6741,30.6741,30.6741,101,0
MPRO.US,5,20251008,154500,30.7,30.7,30.7,30.7,307,0
MPRO.US,5,20251008,162000,30.7028,30.7028,30.7028,30.7028,364,0
MPRO.US,5,20251008,174000,30.755,30.755,30.755,30.755,1200,0
MPRO.US,5,20251008,203000,30.711,30.711,30.711,30.711,100,0
MPRO.US,5,20251008,205500,30.7172,30.72,30.69,30.72,3664,0
MPRO.US,5,20251008,212000,30.72,30.72,30.7,30.7,9494,0
MPRO.US,5,20251008,212500,30.71,30.71,30.7099,30.71,3493,0
MPRO.US,5,20251008,214000,30.72,30.73,30.7199,30.73,5000,0
MPRO.US,5,20251008,214500,30.7345,30.7345,30.7345,30.7345,107,0
MPRO.US,5,20251008,215000,30.7362,30.7362,30.7362,30.7362,121,0
MPRO.US,5,20251008,215500,30.71,30.74,30.71,30.728,935,0
MPRO.US,5,20251009,154000,30.74,30.74,30.74,30.74,100,0
MPRO.US,5,20251009,154500,30.7443,30.7443,30.7443,30.7443,153,0
MPRO.US,5,20251009,162500,30.6903,30.6903,30.6903,30.6903,1500,0
MPRO.US,5,20251009,170500,30.693,30.693,30.693,30.693,364,0
MPRO.US,5,20251009,192500,30.65,30.65,30.635,30.64,2406,0
MPRO.US,5,20251009,193000,30.65,30.655,30.65,30.65,8653,0
MPRO.US,5,20251009,193500,30.66,30.67,30.66,30.67,3400,0
MPRO.US,5,20251009,194500,30.66,30.66,30.66,30.66,170,0
MPRO.US,5,20251009,195000,30.66,30.66,30.66,30.66,300,0
MPRO.US,5,20251009,201000,30.62,30.62,30.62,30.62,300,0
MPRO.US,5,20251009,202500,30.63,30.63,30.63,30.63,300,0
MPRO.US,5,20251009,205000,30.5839,30.5839,30.5839,30.5839,430,0
MPRO.US,5,20251009,212000,30.6258,30.6258,30.6258,30.6258,489,0
MPRO.US,5,20251009,213000,30.62,30.65,30.62,30.64,4523,0
MPRO.US,5,20251009,214500,30.65,30.67,30.65,30.67,6559,0
MPRO.US,5,20251009,215500,30.65,30.65,30.648,30.648,400,0
MPRO.US,5,20251010,154000,30.71,30.7101,30.71,30.7101,3000,0
MPRO.US,5,20251010,162000,30.7,30.7001,30.7,30.7001,200,0
MPRO.US,5,20251010,191000,30.61,30.62,30.605,30.609,3603,0
MPRO.US,5,20251010,192500,30.609,30.609,30.609,30.609,100,0
MPRO.US,5,20251010,203000,30.56,30.599,30.56,30.599,1190,0
MPRO.US,5,20251010,205000,30.55,30.569,30.55,30.569,2684,0
MPRO.US,5,20251010,212000,30.5332,30.5332,30.5332,30.5332,294,0
MPRO.US,5,20251010,214500,30.57,30.57,30.57,30.57,2692,0
MPRO.US,5,20251010,215500,30.51,30.51,30.5076,30.5076,3592,0
MPRO.US,5,20251013,162000,30.55,30.555,30.5452,30.555,2490,0
MPRO.US,5,20251013,162500,30.5065,30.5065,30.5065,30.5065,3115,0
MPRO.US,5,20251013,170000,30.57,30.57,30.5617,30.5617,300,0
MPRO.US,5,20251013,174500,30.62,30.6201,30.62,30.6201,344,0
MPRO.US,5,20251013,175000,30.63,30.63,30.63,30.63,100,0
MPRO.US,5,20251013,184500,30.621,30.621,30.61,30.6101,5128,0
MPRO.US,5,20251013,193500,30.62,30.62,30.62,30.62,100,0
MPRO.US,5,20251013,195000,30.61,30.61,30.6,30.6,7702,0
MPRO.US,5,20251013,211500,30.591,30.591,30.591,30.591,646,0
MPRO.US,5,20251013,215500,30.619,30.619,30.619,30.619,157,0
MPRO.US,5,20251014,153000,30.6,30.6,30.6,30.6,100,0
MPRO.US,5,20251014,163000,30.6471,30.6471,30.6471,30.6471,396,0
MPRO.US,5,20251014,165500,30.6345,30.6345,30.6345,30.6345,102,0
MPRO.US,5,20251014,172500,30.645,30.645,30.645,30.645,340,0
MPRO.US,5,20251014,181000,30.6926,30.6926,30.6926,30.6926,224,0
MPRO.US,5,20251014,190500,30.765,30.765,30.7615,30.7615,367,0
MPRO.US,5,20251014,195000,30.805,30.805,30.79,30.8002,728,0
MPRO.US,5,20251014,200500,30.81,30.81,30.81,30.81,231,0
MPRO.US,5,20251014,202500,30.805,30.805,30.805,30.805,100,0
MPRO.US,5,20251014,205000,30.8099,30.81,30.8099,30.81,2342,0
MPRO.US,5,20251014,210000,30.81,30.81,30.81,30.81,1132,0
MPRO.US,5,20251014,211500,30.8017,30.8017,30.8017,30.8017,240,0
MPRO.US,5,20251014,213000,30.8172,30.8172,30.8172,30.8172,100,0
MPRO.US,5,20251014,215500,30.82,30.82,30.82,30.82,269,0
MPRO.US,5,20251015,160000,30.98,30.98,30.98,30.98,100,0
MPRO.US,5,20251015,174000,30.91,30.91,30.91,30.91,3241,0
MPRO.US,5,20251015,185500,30.8783,30.8783,30.8783,30.8783,194,0
MPRO.US,5,20251015,195500,30.8371,30.8371,30.8371,30.8371,1009,0
MPRO.US,5,20251015,211500,30.9095,30.9095,30.9095,30.9095,136,0
MPRO.US,5,20251015,212000,30.93,30.93,30.93,30.93,600,0
MPRO.US,5,20251015,213500,30.9,30.9,30.9,30.9,100,0
MPRO.US,5,20251015,214000,30.9,30.915,30.885,30.885,23319,0
MPRO.US,5,20251016,165000,30.9432,30.9663,30.9432,30.9663,391,0
MPRO.US,5,20251016,172000,30.97,30.97,30.9664,30.9664,338,0
MPRO.US,5,20251016,173500,30.9362,30.9362,30.9362,30.9362,2662,0
MPRO.US,5,20251016,175500,30.9035,30.9035,30.9035,30.9035,181,0
MPRO.US,5,20251016,180000,30.91,30.91,30.91,30.91,5436,0
MPRO.US,5,20251016,180500,30.9201,30.9201,30.9201,30.9201,3490,0
MPRO.US,5,20251016,210500,30.81,30.8101,30.81,30.8101,256,0
MPRO.US,5,20251016,212500,30.83,30.83,30.83,30.83,11666,0
MPRO.US,5,20251016,213500,30.79,30.79,30.79,30.79,689,0
MPRO.US,5,20251016,214000,30.8,30.8,30.8,30.8,225,0
MPRO.US,5,20251017,162500,30.8101,30.8101,30.81,30.81,200,0
MPRO.US,5,20251017,172000,30.78,30.7801,30.78,30.7801,200,0
MPRO.US,5,20251017,172500,30.8178,30.82,30.8178,30.82,12058,0
MPRO.US,5,20251017,180000,30.8331,30.8331,30.8331,30.8331,349,0
MPRO.US,5,20251017,183000,30.8333,30.8333,30.8333,30.8333,206,0
MPRO.US,5,20251017,191500,30.7953,30.7953,30.7953,30.7953,113,0
MPRO.US,5,20251017,211500,30.9,30.9,30.87,30.8999,1825,0
MPRO.US,5,20251017,212000,30.91,30.91,30.8926,30.8926,3297,0
MPRO.US,5,20251017,213500,30.91,30.91,30.91,30.91,1039,0
MPRO.US,5,20251017,214500,30.9,30.9,30.9,30.9,2848,0
MPRO.US,5,20251020,160000,30.9635,30.9635,30.9635,30.9635,1408,0
MPRO.US,5,20251020,161500,30.9633,30.9633,30.9633,30.9633,194,0
MPRO.US,5,20251021,154500,30.94,30.94,30.94,30.94,740,0
MPRO.US,5,20251021,160000,30.94,30.94,30.94,30.94,200,0
MPRO.US,5,20251021,161000,30.96,30.96,30.96,30.96,200,0
MPRO.US,5,20251021,162500,30.97,30.98,30.97,30.98,800,0
MPRO.US,5,20251021,163000,30.9629,30.9629,30.9629,30.9629,362,0
MPRO.US,5,20251021,171000,31.01,31.01,31.01,31.01,200,0
MPRO.US,5,20251021,172000,31,31.0089,31,31.0089,992,0
MPRO.US,5,20251021,172500,31,31.005,31,31,300,0
MPRO.US,5,20251021,173000,31.005,31.005,31,31,600,0
MPRO.US,5,20251021,174000,31.01,31.01,31.01,31.01,100,0
MPRO.US,5,20251021,174500,30.99,30.99,30.99,30.99,200,0
MPRO.US,5,20251021,182000,30.96,30.97,30.96,30.9699,5338,0
MPRO.US,5,20251021,183000,30.98,30.9825,30.98,30.98,500,0
MPRO.US,5,20251021,184000,30.98,30.98,30.98,30.98,110,0
MPRO.US,5,20251021,192000,30.975,30.975,30.975,30.975,200,0
MPRO.US,5,20251021,192500,30.97,30.97,30.97,30.97,100,0
MPRO.US,5,20251021,193000,30.97,30.97,30.97,30.97,500,0
MPRO.US,5,20251021,193500,30.94,30.94,30.94,30.94,5346,0
MPRO.US,5,20251021,200000,30.97,30.97,30.97,30.97,100,0
MPRO.US,5,20251021,201000,30.96,30.96,30.96,30.96,3622,0
MPRO.US,5,20251021,202000,30.96,30.96,30.96,30.96,105,0
MPRO.US,5,20251021,204000,30.95,30.95,30.95,30.95,1100,0
MPRO.US,5,20251021,204500,30.9563,30.9563,30.9563,30.9563,400,0
MPRO.US,5,20251021,210000,30.94,30.94,30.93,30.93,210,0
MPRO.US,5,20251021,211500,30.94,30.95,30.94,30.95,2432,0
MPRO.US,5,20251021,213000,30.94,30.94,30.94,30.94,100,0
MPRO.US,5,20251021,214000,30.95,30.95,30.95,30.95,100,0
MPRO.US,5,20251021,215000,30.96,30.96,30.96,30.96,102,0
MPRO.US,5,20251021,215500,30.97,30.97,30.96,30.96,300,0
MPRO.US,5,20251022,162000,30.99,30.99,30.99,30.99,158,0
MPRO.US,5,20251022,170500,31.0114,31.0114,31.0114,31.0114,200,0
MPRO.US,5,20251022,171500,31.03,31.03,31.03,31.03,2540,0
MPRO.US,5,20251022,172000,31.0257,31.0257,31.0257,31.0257,320,0
MPRO.US,5,20251022,182000,31,31,31,31,100,0
MPRO.US,5,20251022,183000,31,31,31,31,4075,0
MPRO.US,5,20251022,190000,31.0049,31.0049,31.0049,31.0049,125,0
MPRO.US,5,20251022,200500,31.0191,31.0191,31.0191,31.0191,359,0
MPRO.US,5,20251022,212500,31,31.0001,31,31.0001,586,0
MPRO.US,5,20251022,215000,31.03,31.03,31.03,31.03,182,0
MPRO.US,5,20251023,160000,30.9635,30.9635,30.9635,30.9635,267,0
MPRO.US,5,20251023,171500,30.89,30.8901,30.89,30.8901,200,0
MPRO.US,5,20251023,172500,30.91,30.91,30.91,30.91,100,0
MPRO.US,5,20251023,174000,30.91,30.91,30.91,30.91,1568,0
MPRO.US,5,20251023,182500,30.9314,30.9314,30.9314,30.9314,435,0
MPRO.US,5,20251023,185500,30.94,30.94,30.94,30.94,100,0
MPRO.US,5,20251023,190500,30.9495,30.9495,30.9495,30.9495,288,0
MPRO.US,5,20251023,193500,30.96,30.96,30.96,30.96,100,0
MPRO.US,5,20251023,195000,30.9701,30.9701,30.9701,30.9701,350,0
MPRO.US,5,20251023,201000,31.01,31.01,31.0099,31.0099,2618,0
MPRO.US,5,20251023,205000,31.01,31.01,31.01,31.01,100,0
MPRO.US,5,20251023,205500,31.03,31.03,31.0299,31.03,900,0
MPRO.US,5,20251023,210500,31.0345,31.0345,31.0345,31.0345,300,0
MPRO.US,5,20251023,211000,31.03,31.03,31.03,31.03,100,0
MPRO.US,5,20251023,212000,31.03,31.0301,31.03,31.03,3747,0
MPRO.US,5,20251023,212500,31.03,31.03,31.01,31.01,3996,0
MPRO.US,5,20251024,155000,31.04,31.04,31.04,31.04,100,0
MPRO.US,5,20251024,155500,31.0425,31.0425,31.0425,31.0425,139,0
MPRO.US,5,20251024,180000,31.1,31.1,31.1,31.1,2398,0
MPRO.US,5,20251024,182000,31.1001,31.1001,31.1001,31.1001,562,0
MPRO.US,5,20251024,202500,31.0654,31.0654,31.0654,31.0654,239,0
MPRO.US,5,20251024,213000,31.0474,31.0474,31.0474,31.0474,105,0
MPRO.US,5,20251027,145000,30.96,30.96,30.96,30.96,100,0
MPRO.US,5,20251027,155500,30.95,30.95,30.95,30.95,263,0
MPRO.US,5,20251027,162000,30.94,30.98,30.94,30.98,600,0
MPRO.US,5,20251027,164500,30.99,30.99,30.99,30.99,100,0
MPRO.US,5,20251027,173000,31,31,31,31,100,0
MPRO.US,5,20251027,174500,31,31,31,31,100,0
MPRO.US,5,20251027,180500,31.0116,31.0116,31.0116,31.0116,241,0
MPRO.US,5,20251027,181000,31.02,31.02,31.02,31.02,100,0
MPRO.US,5,20251027,181500,31,31,31,31,100,0
MPRO.US,5,20251027,183000,31,31,31,31,100,0
MPRO.US,5,20251027,184000,31.01,31.01,31.01,31.01,200,0
MPRO.US,5,20251027,184500,31.03,31.03,31.01,31.01,200,0
MPRO.US,5,20251027,185000,31.03,31.03,31.01,31.02,6655,0
MPRO.US,5,20251027,185500,31.02,31.02,31.01,31.02,300,0
MPRO.US,5,20251027,190000,31.02,31.02,31.005,31.01,1300,0
MPRO.US,5,20251027,190500,31.02,31.02,31.01,31.01,500,0
MPRO.US,5,20251027,191000,31.02,31.02,31.01,31.01,300,0
MPRO.US,5,20251027,191500,31.02,31.02,31.0199,31.0199,5382,0
MPRO.US,5,20251027,193000,31.02,31.02,31.02,31.02,100,0
MPRO.US,5,20251027,194000,31.02,31.02,31.02,31.02,202,0
MPRO.US,5,20251027,195000,31.0051,31.0051,31.0051,31.0051,400,0
MPRO.US,5,20251027,195500,31.02,31.02,31.02,31.02,321,0
MPRO.US,5,20251027,200500,31.02,31.02,31.02,31.02,117,0
MPRO.US,5,20251027,202500,31.05,31.05,31.05,31.05,100,0
MPRO.US,5,20251027,204000,31.05,31.07,31.05,31.07,2232,0
MPRO.US,5,20251027,205000,31.06,31.06,31.06,31.06,100,0
MPRO.US,5,20251027,205500,31.06,31.07,31.06,31.07,200,0
MPRO.US,5,20251028,152500,30.92,30.92,30.92,30.92,200,0
MPRO.US,5,20251028,160500,30.93,30.93,30.93,30.93,228,0
MPRO.US,5,20251028,173000,30.92,30.94,30.9199,30.94,2984,0
MPRO.US,5,20251028,190500,30.89,30.89,30.89,30.89,677,0
MPRO.US,5,20251028,194000,30.91,30.91,30.91,30.91,154,0
MPRO.US,5,20251028,195500,30.88,30.88,30.88,30.88,245,0
MPRO.US,5,20251028,200500,30.9,30.9,30.8999,30.8999,400,0
MPRO.US,5,20251028,201000,30.87,30.87,30.87,30.87,1546,0
MPRO.US,5,20251028,201500,30.87,30.87,30.87,30.87,4617,0
MPRO.US,5,20251028,205500,30.87,30.87,30.87,30.87,1600,0
MPRO.US,5,20251029,145500,30.75,30.75,30.75,30.75,101,0
MPRO.US,5,20251029,160500,30.72,30.72,30.72,30.72,200,0
MPRO.US,5,20251029,162000,30.72,30.72,30.7199,30.7199,930,0
MPRO.US,5,20251029,170500,30.7,30.72,30.7,30.72,300,0
MPRO.US,5,20251029,184000,30.675,30.69,30.675,30.69,5464,0
MPRO.US,5,20251029,192000,30.65,30.65,30.65,30.65,1140,0
MPRO.US,5,20251029,194000,30.52,30.52,30.52,30.52,100,0
MPRO.US,5,20251029,195000,30.53,30.53,30.525,30.525,400,0
MPRO.US,5,20251029,201000,30.54,30.54,30.54,30.54,100,0
MPRO.US,5,20251029,201500,30.55,30.55,30.55,30.55,141,0
MPRO.US,5,20251029,202000,30.53,30.55,30.53,30.55,852,0
MPRO.US,5,20251029,204500,30.49,30.51,30.49,30.51,19200,0
MPRO.US,5,20251030,150000,30.479993,30.479993,30.479993,30.479993,300,0
MPRO.US,5,20251030,151000,30.51,30.51,30.51,30.51,100,0
MPRO.US,5,20251030,154500,30.54,30.54,30.54,30.54,427,0
MPRO.US,5,20251030,160500,30.57,30.57,30.57,30.57,7039,0
MPRO.US,5,20251030,183500,30.5374,30.5374,30.5374,30.5374,143,0
MPRO.US,5,20251030,201500,30.49,30.5,30.48,30.48,12258,0
MPRO.US,5,20251030,205500,30.467,30.467,30.467,30.467,176,0
MPRO.US,5,20251031,152500,30.4026,30.4026,30.4026,30.4026,107,0
MPRO.US,5,20251031,154000,30.4187,30.4187,30.4187,30.4187,1710,0
MPRO.US,5,20251031,171000,30.38,30.38,30.38,30.38,356,0
MPRO.US,5,20251031,171500,30.3802,30.3802,30.38,30.38,3093,0
MPRO.US,5,20251031,172000,30.37,30.37,30.3699,30.3699,4060,0
MPRO.US,5,20251031,200000,30.4,30.4,30.4,30.4,3054,0
MPRO.US,5,20251031,203000,30.4,30.4,30.4,30.4,215,0
MPRO.US,5,20251031,204500,30.43,30.43,30.43,30.43,261,0
MPRO.US,5,20251103,161500,30.22,30.22,30.22,30.22,200,0
MPRO.US,5,20251103,163500,30.17,30.17,30.17,30.17,100,0
MPRO.US,5,20251103,165000,30.225,30.225,30.22,30.22,310,0
MPRO.US,5,20251103,170500,30.23,30.23,30.23,30.23,100,0
MPRO.US,5,20251103,185000,30.235,30.235,30.235,30.235,311,0
MPRO.US,5,20251103,185500,30.24,30.255,30.23,30.255,1278,0
MPRO.US,5,20251103,190500,30.25,30.25,30.25,30.25,206,0
MPRO.US,5,20251103,200000,30.26,30.26,30.26,30.26,100,0
MPRO.US,5,20251103,201500,30.28,30.28,30.28,30.28,100,0
MPRO.US,5,20251103,202500,30.3,30.3,30.2999,30.2999,200,0
MPRO.US,5,20251103,205500,30.32,30.32,30.3199,30.32,1400,0
MPRO.US,5,20251103,210000,30.32,30.32,30.32,30.32,2454,0
MPRO.US,5,20251103,210500,30.325,30.33,30.325,30.33,6400,0
MPRO.US,5,20251103,211000,30.32,30.32,30.32,30.32,129,0
MPRO.US,5,20251103,213500,30.31,30.31,30.31,30.31,3930,0
MPRO.US,5,20251104,165000,30.34,30.34,30.34,30.34,100,0
MPRO.US,5,20251104,173500,30.36,30.36,30.3599,30.3599,1652,0
MPRO.US,5,20251104,182000,30.36,30.36,30.36,30.36,2520,0
MPRO.US,5,20251104,182500,30.34,30.34,30.34,30.34,300,0
MPRO.US,5,20251104,191500,30.3,30.3,30.3,30.3,500,0
MPRO.US,5,20251104,192500,30.31,30.31,30.31,30.31,303,0
MPRO.US,5,20251104,195000,30.3,30.32,30.3,30.32,1859,0
MPRO.US,5,20251104,201000,30.34,30.34,30.34,30.34,500,0
MPRO.US,5,20251104,211000,30.35,30.35,30.3499,30.3499,200,0
MPRO.US,5,20251104,213500,30.36,30.36,30.3599,30.3599,2800,0
MPRO.US,5,20251104,214500,30.35,30.35,30.33,30.33,10160,0
MPRO.US,5,20251104,215500,30.35,30.385,30.35,30.385,1300,0
MPRO.US,5,20251105,171000,30.27,30.2701,30.27,30.27,400,0
MPRO.US,5,20251105,174500,30.327,30.327,30.327,30.327,275,0
MPRO.US,5,20251105,175000,30.3615,30.3615,30.3615,30.3615,198,0
MPRO.US,5,20251105,181000,30.34,30.34,30.34,30.34,260,0
MPRO.US,5,20251105,195500,30.36,30.37,30.36,30.3699,2907,0
MPRO.US,5,20251105,205000,30.34,30.34,30.34,30.34,251,0
MPRO.US,5,20251105,212500,30.37,30.37,30.37,30.37,600,0
MPRO.US,5,20251106,162000,30.395,30.395,30.395,30.395,104,0
MPRO.US,5,20251106,163500,30.4,30.4,30.4,30.4,300,0
MPRO.US,5,20251106,165500,30.4,30.4,30.4,30.4,161,0
MPRO.US,5,20251106,172000,30.36,30.36,30.36,30.36,227,0
MPRO.US,5,20251106,174000,30.385,30.385,30.385,30.385,148,0
MPRO.US,5,20251106,180000,30.36,30.369,30.36,30.369,1800,0
MPRO.US,5,20251106,200000,30.39,30.39,30.39,30.39,213,0
MPRO.US,5,20251106,204500,30.36,30.36,30.36,30.36,1089,0
MPRO.US,5,20251106,210500,30.36,30.36,30.36,30.36,160,0
MPRO.US,5,20251106,211000,30.36,30.369,30.36,30.369,259,0
MPRO.US,5,20251106,211500,30.38,30.39,30.38,30.39,2357,0
MPRO.US,5,20251106,212500,30.36,30.36,30.36,30.36,300,0
MPRO.US,5,20251106,213500,30.37,30.3701,30.37,30.3701,5000,0
MPRO.US,5,20251106,214000,30.36,30.36,30.3599,30.3599,742,0
MPRO.US,5,20251106,214500,30.33,30.33,30.33,30.33,206,0
MPRO.US,5,20251106,215000,30.355,30.355,30.355,30.355,132,0
MPRO.US,5,20251107,172500,30.41,30.41,30.41,30.41,300,0
MPRO.US,5,20251107,173500,30.39,30.39,30.39,30.39,120,0
MPRO.US,5,20251107,183000,30.4,30.4,30.37,30.37,8107,0
MPRO.US,5,20251107,201000,30.4,30.4001,30.4,30.4001,1505,0
MPRO.US,5,20251107,202000,30.4196,30.4196,30.4196,30.4196,394,0
MPRO.US,5,20251107,202500,30.41,30.4301,30.41,30.42,2897,0
MPRO.US,5,20251107,203000,30.44,30.44,30.44,30.44,100,0
MPRO.US,5,20251107,214500,30.48,30.48,30.48,30.48,1238,0
MPRO.US,5,20251107,215000,30.48,30.48,30.48,30.48,600,0
MPRO.US,5,20251110,153000,30.57,30.57,30.57,30.57,200,0
MPRO.US,5,20251110,165000,30.46,30.46,30.46,30.46,128,0
MPRO.US,5,20251110,173000,30.4444,30.4444,30.4444,30.4444,248,0
MPRO.US,5,20251110,175500,30.44,30.44,30.44,30.44,100,0
MPRO.US,5,20251110,181500,30.45,30.46,30.45,30.46,2014,0
MPRO.US,5,20251110,183500,30.47,30.47,30.47,30.47,100,0
MPRO.US,5,20251110,190000,30.49,30.51,30.49,30.51,293,0
MPRO.US,5,20251110,200000,30.5104,30.5104,30.5104,30.5104,158,0
MPRO.US,5,20251110,201000,30.52,30.53,30.5,30.52,19009,0
MPRO.US,5,20251110,201500,30.51,30.51,30.51,30.51,231,0
MPRO.US,5,20251110,202000,30.52,30.52,30.52,30.52,100,0
MPRO.US,5,20251110,204000,30.54,30.54,30.54,30.54,100,0
MPRO.US,5,20251110,205500,30.56,30.56,30.56,30.56,100,0
MPRO.US,5,20251110,212000,30.57,30.57,30.57,30.57,1739,0
MPRO.US,5,20251110,214500,30.58,30.58,30.5799,30.5799,5950,0
MPRO.US,5,20251111,162500,30.66,30.66,30.66,30.66,100,0
MPRO.US,5,20251111,165500,30.68,30.68,30.68,30.68,150,0
MPRO.US,5,20251111,171000,30.7,30.73,30.7,30.73,856,0
MPRO.US,5,20251111,173500,30.71,30.71,30.71,30.71,1424,0
MPRO.US,5,20251111,183000,30.77,30.77,30.7699,30.7699,4800,0
MPRO.US,5,20251111,190500,30.785,30.785,30.785,30.785,162,0
MPRO.US,5,20251111,202000,30.78,30.79,30.78,30.79,300,0
MPRO.US,5,20251111,204500,30.78,30.78,30.78,30.78,200,0
MPRO.US,5,20251111,210000,30.79,30.79,30.7899,30.7899,5358,0
MPRO.US,5,20251111,213500,30.7757,30.7757,30.7757,30.7757,322,0
MPRO.US,5,20251112,160500,30.843,30.843,30.843,30.843,217,0
MPRO.US,5,20251112,170500,30.85,30.85,30.85,30.85,112,0
MPRO.US,5,20251112,173500,30.86,30.86,30.86,30.86,247,0
MPRO.US,5,20251112,180000,30.87,30.87,30.86,30.86,3801,0
MPRO.US,5,20251112,180500,30.88,30.88,30.88,30.88,236,0
MPRO.US,5,20251112,190500,30.8883,30.8883,30.8883,30.8883,278,0
MPRO.US,5,20251112,203500,30.9,30.9,30.9,30.9,300,0
MPRO.US,5,20251112,204000,30.88,30.88,30.88,30.88,2842,0
MPRO.US,5,20251112,205000,30.88,30.88,30.88,30.88,505,0
MPRO.US,5,20251112,214000,30.88,30.88,30.87,30.88,6852,0
MPRO.US,5,20251113,154500,30.79,30.79,30.79,30.79,163,0
MPRO.US,5,20251113,161500,30.79,30.793,30.79,30.793,1985,0
MPRO.US,5,20251113,170500,30.8,30.8,30.79,30.79,301,0
MPRO.US,5,20251113,171500,30.815,30.815,30.815,30.815,233,0
MPRO.US,5,20251113,172500,30.79,30.79,30.79,30.79,129,0
MPRO.US,5,20251113,174500,30.799,30.7999,30.799,30.7999,3341,0
MPRO.US,5,20251113,175000,30.81,30.81,30.81,30.81,704,0
MPRO.US,5,20251113,190000,30.8072,30.8072,30.8072,30.8072,197,0
MPRO.US,5,20251113,191000,30.81,30.8101,30.81,30.8101,2316,0
MPRO.US,5,20251113,195000,30.79,30.79,30.79,30.79,152,0
MPRO.US,5,20251113,202500,30.76,30.76,30.76,30.76,152,0
MPRO.US,5,20251113,210000,30.735,30.735,30.735,30.735,173,0
MPRO.US,5,20251113,212000,30.73,30.73,30.73,30.73,4232,0
MPRO.US,5,20251113,212500,30.74,30.74,30.74,30.74,142,0
MPRO.US,5,20251113,215500,30.67,30.67,30.67,30.67,194,0
MPRO.US,5,20251114,155500,30.6,30.6,30.6,30.6,100,0
MPRO.US,5,20251114,162000,30.64,30.64,30.64,30.64,139,0
MPRO.US,5,20251114,163500,30.6,30.6,30.6,30.6,300,0
MPRO.US,5,20251114,164000,30.6001,30.6035,30.6,30.6035,1502,0
MPRO.US,5,20251114,175000,30.675,30.675,30.675,30.675,172,0
MPRO.US,5,20251114,175500,30.66,30.69,30.66,30.69,241,0
MPRO.US,5,20251114,182500,30.67,30.67,30.67,30.67,4307,0
MPRO.US,5,20251114,192000,30.65,30.65,30.65,30.65,113,0
MPRO.US,5,20251114,192500,30.63,30.63,30.63,30.63,273,0
MPRO.US,5,20251114,194500,30.63,30.63,30.63,30.63,224,0
MPRO.US,5,20251114,200000,30.65,30.65,30.65,30.65,273,0
MPRO.US,5,20251114,202000,30.65,30.65,30.65,30.65,200,0
MPRO.US,5,20251114,202500,30.67,30.6701,30.67,30.6701,1050,0
MPRO.US,5,20251114,203000,30.65,30.653,30.65,30.653,300,0
MPRO.US,5,20251114,204500,30.665,30.665,30.665,30.665,2073,0
MPRO.US,5,20251114,210500,30.66,30.685,30.66,30.68,2600,0
MPRO.US,5,20251114,211500,30.6817,30.6817,30.6817,30.6817,190,0
MPRO.US,5,20251114,212500,30.66,30.66,30.65,30.65,4339,0
MPRO.US,5,20251114,214500,30.66,30.66,30.65,30.65,509,0
MPRO.US,5,20251117,171000,30.64,30.64,30.64,30.64,140,0
MPRO.US,5,20251117,171500,30.61,30.615,30.61,30.615,240,0
MPRO.US,5,20251117,181000,30.7087,30.73,30.7087,30.73,270,0
MPRO.US,5,20251117,185000,30.7,30.71,30.7,30.71,2659,0
MPRO.US,5,20251117,185500,30.689,30.689,30.689,30.689,100,0
MPRO.US,5,20251117,191000,30.68,30.68,30.68,30.68,200,0
MPRO.US,5,20251117,192000,30.68,30.68,30.68,30.68,100,0
MPRO.US,5,20251117,192500,30.679,30.679,30.679,30.679,367,0
MPRO.US,5,20251117,193500,30.67,30.67,30.67,30.67,100,0
MPRO.US,5,20251117,195000,30.67,30.67,30.67,30.67,100,0
MPRO.US,5,20251117,201500,30.63,30.63,30.62,30.62,2755,0
MPRO.US,5,20251117,202500,30.625,30.625,30.625,30.625,100,0
MPRO.US,5,20251117,204500,30.58,30.58,30.58,30.58,117,0
MPRO.US,5,20251117,212500,30.55,30.55,30.52,30.52,5728,0
MPRO.US,5,20251117,215500,30.57,30.57,30.57,30.57,900,0
MPRO.US,5,20251118,165000,30.578,30.5999,30.578,30.5999,369,0
MPRO.US,5,20251118,165500,30.57,30.57,30.57,30.57,147,0
MPRO.US,5,20251118,170000,30.549,30.549,30.549,30.549,500,0
MPRO.US,5,20251118,173000,30.57,30.57,30.57,30.57,197,0
MPRO.US,5,20251118,174000,30.5701,30.5701,30.5701,30.5701,1735,0
MPRO.US,5,20251118,175000,30.58,30.58,30.58,30.58,100,0
MPRO.US,5,20251118,180500,30.59,30.59,30.59,30.59,11657,0
MPRO.US,5,20251118,181000,30.59,30.59,30.59,30.59,2421,0
MPRO.US,5,20251118,183000,30.54,30.54,30.54,30.54,100,0
MPRO.US,5,20251118,185000,30.63,30.63,30.63,30.63,100,0
MPRO.US,5,20251118,185500,30.65,30.65,30.65,30.65,390,0
MPRO.US,5,20251118,193500,30.65,30.65,30.65,30.65,100,0
MPRO.US,5,20251118,201500,30.66,30.66,30.66,30.66,100,0
MPRO.US,5,20251118,202500,30.64,30.64,30.64,30.64,100,0
MPRO.US,5,20251118,214000,30.62,30.62,30.6199,30.6199,3342,0
MPRO.US,5,20251118,214500,30.62,30.62,30.62,30.62,100,0
MPRO.US,5,20251118,215000,30.64,30.64,30.61,30.61,2077,0
MPRO.US,5,20251118,215500,30.6,30.6,30.6,30.6,690,0
MPRO.US,5,20251119,155000,30.59,30.59,30.59,30.59,100,0
MPRO.US,5,20251119,162000,30.59,30.59,30.59,30.59,176,0
MPRO.US,5,20251119,165500,30.5365,30.5365,30.5365,30.5365,257,0
MPRO.US,5,20251119,181000,30.5347,30.5347,30.5347,30.5347,134,0
MPRO.US,5,20251119,184500,30.53,30.54,30.53,30.54,4800,0
MPRO.US,5,20251119,190000,30.56,30.56,30.56,30.56,377,0
MPRO.US,5,20251119,201500,30.54,30.54,30.54,30.54,6279,0
MPRO.US,5,20251119,202000,30.54,30.54,30.54,30.54,4700,0
MPRO.US,5,20251119,205500,30.47,30.47,30.47,30.47,100,0
MPRO.US,5,20251119,212000,30.55,30.55,30.55,30.55,2804,0
MPRO.US,5,20251119,212500,30.54,30.54,30.54,30.54,1100,0
MPRO.US,5,20251119,215000,30.5045,30.5045,30.5045,30.5045,310,0
MPRO.US,5,20251119,215500,30.54,30.54,30.54,30.54,1195,0
MPRO.US,5,20251120,155500,30.6307,30.6307,30.6307,30.6307,386,0
MPRO.US,5,20251120,180000,30.57,30.57,30.57,30.57,1100,0
MPRO.US,5,20251120,190000,30.5001,30.52,30.5,30.52,373,0
MPRO.US,5,20251120,190500,30.5235,30.5235,30.5235,30.5235,141,0
MPRO.US,5,20251120,191000,30.53,30.53,30.53,30.53,412,0
MPRO.US,5,20251120,191500,30.58,30.58,30.58,30.58,162,0
MPRO.US,5,20251120,193000,30.523,30.54,30.523,30.54,312,0
MPRO.US,5,20251120,195000,30.48,30.48,30.48,30.48,2593,0
MPRO.US,5,20251120,211500,30.53,30.54,30.53,30.54,1700,0
MPRO.US,5,20251120,213000,30.54,30.54,30.54,30.54,1296,0
MPRO.US,5,20251120,213500,30.53,30.53,30.53,30.53,962,0
MPRO.US,5,20251120,215500,30.47,30.47,30.46,30.46,750,0
MPRO.US,5,20251121,164000,30.67,30.67,30.67,30.67,100,0
MPRO.US,5,20251121,174000,30.69,30.7034,30.69,30.7034,200,0
MPRO.US,5,20251121,180000,30.76,30.76,30.76,30.76,427,0
MPRO.US,5,20251121,183500,30.7601,30.7601,30.76,30.7601,716,0
MPRO.US,5,20251121,195000,30.79,30.79,30.79,30.79,1300,0
MPRO.US,5,20251121,200500,30.8,30.8,30.8,30.8,100,0
MPRO.US,5,20251121,201500,30.79,30.79,30.79,30.79,493,0
MPRO.US,5,20251121,210000,30.79,30.81,30.77,30.77,4870,0
MPRO.US,5,20251121,215500,30.74,30.74,30.74,30.74,133,0
MPRO.US,5,20251124,165500,30.75,30.75,30.75,30.75,107,0
MPRO.US,5,20251124,173000,30.7542,30.7542,30.7542,30.7542,133,0
MPRO.US,5,20251124,173500,30.75,30.75,30.75,30.75,100,0
MPRO.US,5,20251124,181000,30.75,30.75,30.74,30.74,6511,0
MPRO.US,5,20251124,181500,30.75,30.77,30.75,30.77,4675,0
MPRO.US,5,20251124,200000,30.795,30.795,30.795,30.795,100,0
MPRO.US,5,20251124,201500,30.76,30.76,30.76,30.76,210,0
MPRO.US,5,20251124,205500,30.74,30.74,30.74,30.74,1101,0
MPRO.US,5,20251124,212500,30.77,30.77,30.77,30.77,14900,0
MPRO.US,5,20251124,214500,30.76,30.76,30.76,30.76,14300,0
MPRO.US,5,20251124,215500,30.79,30.85,30.79,30.85,1600,0
MPRO.US,5,20251125,154000,30.9,30.9,30.9,30.9,300,0
MPRO.US,5,20251125,154500,30.8801,30.8801,30.8801,30.8801,144,0
MPRO.US,5,20251125,155000,30.8952,30.8952,30.8952,30.8952,887,0
MPRO.US,5,20251125,163500,30.95,30.95,30.95,30.95,116,0
MPRO.US,5,20251125,174000,31,31,31,31,100,0
MPRO.US,5,20251125,181500,31.03,31.03,31.0249,31.0249,487,0
MPRO.US,5,20251125,182500,31.04,31.04,31.04,31.04,100,0
MPRO.US,5,20251125,184000,31.03,31.0399,31.03,31.03,10361,0
MPRO.US,5,20251125,190000,31.015,31.015,31.015,31.015,883,0
MPRO.US,5,20251125,192000,30.9974,30.9974,30.9974,30.9974,161,0
MPRO.US,5,20251125,193000,31,31,31,31,517,0
MPRO.US,5,20251125,194000,31,31,31,31,1200,0
MPRO.US,5,20251125,200500,30.99,30.995,30.99,30.9925,3600,0
MPRO.US,5,20251125,211000,31.02,31.02,31.02,31.02,100,0
MPRO.US,5,20251125,212500,30.9988,30.9988,30.9988,30.9988,152,0
MPRO.US,5,20251125,213500,31.01,31.01,31.01,31.01,1529,0
MPRO.US,5,20251125,215000,31.02,31.02,31.02,31.02,11802,0
MPRO.US,5,20251125,215500,31.01,31.01,31.01,31.01,243,0
MPRO.US,5,20251126,162500,31.11,31.11,31.11,31.11,100,0
MPRO.US,5,20251126,163500,31.1001,31.1001,31.1001,31.1001,180,0
MPRO.US,5,20251126,164500,31.12,31.12,31.12,31.12,100,0
MPRO.US,5,20251126,165500,31.14,31.14,31.14,31.14,100,0
MPRO.US,5,20251126,171000,31.14,31.16,31.14,31.16,500,0
MPRO.US,5,20251126,173000,31.14,31.1527,31.1301,31.15,5128,0
MPRO.US,5,20251126,174500,31.18,31.18,31.18,31.18,500,0
MPRO.US,5,20251126,180000,31.16,31.18,31.1599,31.18,1331,0
MPRO.US,5,20251126,180500,31.19,31.19,31.19,31.19,1153,0
MPRO.US,5,20251126,182000,31.19,31.19,31.19,31.19,200,0
MPRO.US,5,20251126,184500,31.19,31.19,31.1899,31.1899,6300,0
MPRO.US,5,20251126,185000,31.19,31.19,31.19,31.19,100,0
MPRO.US,5,20251126,190000,31.2,31.2,31.2,31.2,100,0
MPRO.US,5,20251126,190500,31.19,31.19,31.19,31.19,2399,0
MPRO.US,5,20251126,194500,31.17,31.17,31.17,31.17,1000,0
MPRO.US,5,20251126,200000,31.15,31.18,31.15,31.18,803,0
MPRO.US,5,20251126,201500,31.19,31.19,31.19,31.19,1000,0
MPRO.US,5,20251126,202000,31.18,31.2,31.18,31.19,20607,0
MPRO.US,5,20251126,204500,31.19,31.19,31.19,31.19,100,0
MPRO.US,5,20251126,210000,31.19,31.19,31.19,31.19,100,0
MPRO.US,5,20251126,212500,31.2,31.2,31.1999,31.1999,2170,0
MPRO.US,5,20251126,213000,31.2,31.2,31.2,31.2,200,0
MPRO.US,5,20251126,214000,31.18,31.18,31.17,31.17,2500,0
MPRO.US,5,20251126,214500,31.19,31.19,31.19,31.19,200,0
MPRO.US,5,20251126,215000,31.16,31.16,31.16,31.16,100,0
MPRO.US,5,20251126,215500,31.17,31.24,31.15,31.15,2223,0
MPRO.US,5,20251128,161000,31.19,31.19,31.19,31.19,100,0
MPRO.US,5,20251128,163000,31.22,31.22,31.22,31.22,133,0
MPRO.US,5,20251128,170000,31.21,31.21,31.21,31.21,100,0
MPRO.US,5,20251128,173500,31.2,31.2,31.18,31.191,2300,0
MPRO.US,5,20251128,181000,31.22,31.22,31.22,31.22,104,0
MPRO.US,5,20251128,182000,31.1999,31.2,31.19,31.1999,4804,0
MPRO.US,5,20251128,184000,31.2099,31.21,31.2099,31.21,3682,0
MPRO.US,5,20251128,185000,31.215,31.215,31.21,31.21,5500,0
MPRO.US,5,20251128,185500,31.22,31.22,31.22,31.22,808,0
MPRO.US,5,20251201,161500,31.0365,31.0365,31.0365,31.0365,130,0
MPRO.US,5,20251201,165000,31.0199,31.0199,31.0199,31.0199,242,0
MPRO.US,5,20251201,170000,31.04,31.04,31.0399,31.0399,1082,0
MPRO.US,5,20251201,170500,31.0244,31.0244,31.0244,31.0244,285,0
MPRO.US,5,20251201,172000,31.04,31.04,31.0399,31.0399,400,0
MPRO.US,5,20251201,174000,31.06,31.06,31.06,31.06,100,0
MPRO.US,5,20251201,175000,31.05,31.05,31.05,31.05,100,0
MPRO.US,5,20251201,181000,31.04,31.04,31.04,31.04,1451,0
MPRO.US,5,20251201,182500,31.02,31.02,31.0199,31.0199,400,0
MPRO.US,5,20251201,183000,31.0035,31.0035,31.0035,31.0035,524,0
MPRO.US,5,20251201,184500,31.0184,31.02,31.0184,31.02,2196,0
MPRO.US,5,20251201,185500,31.01,31.01,31.01,31.01,100,0
MPRO.US,5,20251201,191000,31.04,31.04,31.04,31.04,200,0
MPRO.US,5,20251201,192500,31.05,31.05,31.045,31.05,600,0
MPRO.US,5,20251201,193500,31.05,31.05,31.05,31.05,100,0
MPRO.US,5,20251201,194000,31.06,31.06,31.06,31.06,100,0
MPRO.US,5,20251201,195500,31.06,31.06,31.06,31.06,100,0
MPRO.US,5,20251201,201000,31.04,31.04,31.04,31.04,100,0
MPRO.US,5,20251201,203500,31.01,31.01,30.99,30.99,3304,0
MPRO.US,5,20251201,210000,31,31,31,31,100,0
MPRO.US,5,20251201,210500,30.99,30.9901,30.99,30.9901,3000,0
MPRO.US,5,20251201,211000,30.99,31,30.99,31,5280,0
MPRO.US,5,20251202,162000,30.8705,30.8705,30.8705,30.8705,376,0
MPRO.US,5,20251202,163000,30.82,30.82,30.82,30.82,185,0
MPRO.US,5,20251202,165500,30.8305,30.8305,30.8305,30.8305,130,0
MPRO.US,5,20251202,171500,30.81,30.8121,30.81,30.8121,331,0
MPRO.US,5,20251202,172500,30.81,30.81,30.81,30.81,160,0
MPRO.US,5,20251202,173000,30.82,30.82,30.82,30.82,141,0
MPRO.US,5,20251202,174000,30.83,30.83,30.83,30.83,3025,0
MPRO.US,5,20251202,182500,30.83,30.83,30.83,30.83,500,0
MPRO.US,5,20251202,190000,30.8,30.8,30.8,30.8,100,0
MPRO.US,5,20251202,195000,30.8,30.8,30.8,30.8,500,0
MPRO.US,5,20251202,200500,30.82,30.82,30.82,30.82,200,0
MPRO.US,5,20251202,204500,30.83,30.83,30.83,30.83,100,0
MPRO.US,5,20251202,211000,30.86,30.86,30.86,30.86,200,0
MPRO.US,5,20251202,212000,30.85,30.87,30.85,30.87,600,0
MPRO.US,5,20251202,212500,30.87,30.87,30.87,30.87,2609,0
MPRO.US,5,20251202,213000,30.87,30.89,30.87,30.89,700,0
MPRO.US,5,20251202,214500,30.9,30.9,30.9,30.9,502,0
MPRO.US,5,20251202,215500,30.86,30.86,30.83,30.83,1158,0
MPRO.US,5,20251203,170000,30.88,30.88,30.88,30.88,100,0
MPRO.US,5,20251203,170500,30.89,30.8976,30.89,30.8976,202,0
MPRO.US,5,20251203,172500,30.89025,30.89025,30.89025,30.89025,400,0
MPRO.US,5,20251203,173500,30.91,30.91,30.91,30.91,300,0
MPRO.US,5,20251203,181000,30.88,30.88,30.88,30.88,100,0
MPRO.US,5,20251203,191000,30.89,30.89,30.881,30.881,5456,0
MPRO.US,5,20251203,205500,30.93,30.93,30.93,30.93,100,0
MPRO.US,5,20251203,211000,30.92,30.92,30.92,30.92,100,0
MPRO.US,5,20251203,212500,30.91,30.91,30.91,30.91,100,0
MPRO.US,5,20251203,214500,30.93,30.93,30.93,30.93,5755,0
MPRO.US,5,20251204,154500,30.88,30.88,30.88,30.88,100,0
MPRO.US,5,20251204,165000,30.839,30.839,30.839,30.839,728,0
MPRO.US,5,20251204,173000,30.83,30.83,30.83,30.83,100,0
MPRO.US,5,20251204,175500,30.815,30.815,30.815,30.815,193,0
MPRO.US,5,20251204,180500,30.785,30.785,30.785,30.785,1300,0
MPRO.US,5,20251204,183000,30.82,30.82,30.82,30.82,202,0
MPRO.US,5,20251204,190500,30.82,30.82,30.82,30.82,2538,0
MPRO.US,5,20251204,192500,30.82,30.82,30.82,30.82,112,0
MPRO.US,5,20251204,193000,30.82,30.82,30.82,30.82,241,0
MPRO.US,5,20251204,200000,30.82,30.82,30.8105,30.8105,10575,0
MPRO.US,5,20251204,200500,30.81,30.81,30.81,30.81,100,0
MPRO.US,5,20251204,202000,30.77,30.78,30.77,30.78,4400,0
MPRO.US,5,20251204,212000,30.77,30.77,30.77,30.77,439,0
MPRO.US,5,20251204,213500,30.78,30.78,30.78,30.78,1353,0
MPRO.US,5,20251204,214000,30.8,30.8,30.79,30.8,14138,0
MPRO.US,5,20251204,215500,30.8,30.88,30.8,30.817,4200,0
MPRO.US,5,20251205,162500,30.83,30.83,30.83,30.83,190,0
MPRO.US,5,20251205,171500,30.8,30.8,30.8,30.8,168,0
MPRO.US,5,20251205,181500,30.79,30.79,30.7899,30.7899,5408,0
MPRO.US,5,20251205,183000,30.79,30.79,30.79,30.79,4777,0
MPRO.US,5,20251205,184000,30.78,30.78,30.78,30.78,100,0
MPRO.US,5,20251205,195000,30.76,30.76,30.76,30.76,170,0
MPRO.US,5,20251205,212000,30.77,30.77,30.77,30.77,2278,0
MPRO.US,5,20251205,212500,30.78,30.78,30.78,30.78,300,0
MPRO.US,5,20251205,214000,30.78,30.78,30.78,30.78,3708,0
MPRO.US,5,20251205,215000,30.77,30.77,30.74,30.74,700,0
MPRO.US,5,20251205,215500,30.74,30.74,30.74,30.74,300,0
MPRO.US,5,20251208,153000,30.67,30.67,30.67,30.67,200,0
MPRO.US,5,20251208,153500,30.63,30.63,30.6,30.6,212,0
MPRO.US,5,20251208,160000,30.59,30.59,30.59,30.59,3500,0
MPRO.US,5,20251208,161000,30.56,30.56,30.56,30.56,700,0
MPRO.US,5,20251208,162000,30.57,30.57,30.57,30.57,700,0
MPRO.US,5,20251208,170000,30.56,30.56,30.56,30.56,310,0
MPRO.US,5,20251208,173500,30.6,30.6,30.6,30.6,166,0
MPRO.US,5,20251208,181000,30.585,30.585,30.585,30.585,5200,0
MPRO.US,5,20251208,181500,30.5866,30.5866,30.5866,30.5866,180,0
MPRO.US,5,20251208,182500,30.58,30.58,30.58,30.58,300,0
MPRO.US,5,20251208,183000,30.585,30.585,30.585,30.585,110,0
MPRO.US,5,20251208,183500,30.58,30.58,30.58,30.58,200,0
MPRO.US,5,20251208,185500,30.58,30.58,30.58,30.58,2099,0
MPRO.US,5,20251208,190500,30.57,30.57,30.57,30.57,1120,0
MPRO.US,5,20251208,191000,30.57,30.57,30.57,30.57,219,0
MPRO.US,5,20251208,191500,30.56,30.56,30.56,30.56,200,0
MPRO.US,5,20251208,192500,30.56,30.56,30.56,30.56,2136,0
MPRO.US,5,20251208,193000,30.56,30.56,30.54,30.54,6558,0
MPRO.US,5,20251208,193500,30.55,30.55,30.55,30.55,3780,0
MPRO.US,5,20251208,195000,30.55,30.55,30.55,30.55,700,0
MPRO.US,5,20251208,195500,30.55,30.55,30.54,30.54,700,0
MPRO.US,5,20251208,201500,30.53,30.53,30.53,30.53,2319,0
MPRO.US,5,20251208,202500,30.5345,30.5345,30.5345,30.5345,103,0
MPRO.US,5,20251208,204000,30.55,30.55,30.55,30.55,100,0
MPRO.US,5,20251208,204500,30.54,30.54,30.54,30.54,249,0
MPRO.US,5,20251208,212500,30.52,30.53,30.52,30.53,989,0
MPRO.US,5,20251208,213000,30.51,30.51,30.51,30.51,3158,0
MPRO.US,5,20251208,215500,30.51,30.52,30.51,30.51,1841,0
MPRO.US,5,20251209,154000,30.58,30.58,30.58,30.58,274,0
MPRO.US,5,20251209,154500,30.58,30.58,30.58,30.58,320,0
MPRO.US,5,20251209,155000,30.58,30.58,30.58,30.58,200,0
MPRO.US,5,20251209,160000,30.56,30.56,30.56,30.56,400,0
MPRO.US,5,20251209,160500,30.55,30.55,30.55,30.55,100,0
MPRO.US,5,20251209,161000,30.54,30.54,30.54,30.54,800,0
MPRO.US,5,20251209,161500,30.54,30.54,30.54,30.54,100,0
MPRO.US,5,20251209,162500,30.54,30.54,30.54,30.54,100,0
MPRO.US,5,20251209,163000,30.53,30.53,30.52,30.5268,741,0
MPRO.US,5,20251209,165000,30.49,30.5,30.49,30.5,900,0
MPRO.US,5,20251209,170500,30.49,30.49,30.49,30.49,236,0
MPRO.US,5,20251209,171500,30.52,30.52,30.52,30.52,100,0
MPRO.US,5,20251209,172000,30.525,30.54,30.525,30.54,1204,0
MPRO.US,5,20251209,182500,30.53,30.53,30.53,30.53,238,0
MPRO.US,5,20251209,183000,30.53,30.53,30.53,30.53,6087,0
MPRO.US,5,20251209,184500,30.49,30.49,30.48,30.49,12977,0
MPRO.US,5,20251209,185500,30.5,30.5,30.5,30.5,100,0
MPRO.US,5,20251209,190000,30.51,30.51,30.51,30.51,1000,0
MPRO.US,5,20251209,193000,30.51,30.51,30.51,30.51,100,0
MPRO.US,5,20251209,193500,30.51,30.52,30.5099,30.52,6200,0
MPRO.US,5,20251209,194500,30.52,30.52,30.51,30.51,9442,0
MPRO.US,5,20251209,200500,30.5066,30.5116,30.5066,30.5116,1600,0
MPRO.US,5,20251209,202000,30.5,30.51,30.5,30.51,868,0
MPRO.US,5,20251209,205000,30.51,30.51,30.51,30.51,100,0
MPRO.US,5,20251209,211000,30.5,30.5,30.5,30.5,300,0
MPRO.US,5,20251209,213500,30.45,30.45,30.45,30.45,1944,0
MPRO.US,5,20251209,215500,30.45,30.51,30.45,30.45,3447,0
MPRO.US,5,20251210,164000,30.49,30.49,30.49,30.49,600,0
MPRO.US,5,20251210,164500,30.5,30.5,30.5,30.5,100,0
MPRO.US,5,20251210,173500,30.4967,30.4967,30.4967,30.4967,224,0
MPRO.US,5,20251210,194000,30.51,30.51,30.51,30.51,500,0
MPRO.US,5,20251210,202500,30.5386,30.54,30.5386,30.54,4383,0
MPRO.US,5,20251210,211000,30.6397,30.6397,30.6397,30.6397,5745,0
MPRO.US,5,20251210,211500,30.61,30.61,30.61,30.61,100,0
MPRO.US,5,20251210,213500,30.63,30.64,30.62,30.64,2021,0
MPRO.US,5,20251210,215500,30.68,30.68,30.62,30.62,1400,0
MPRO.US,5,20251211,154000,30.76,30.76,30.76,30.76,177,0
MPRO.US,5,20251211,154500,30.76,30.76,30.76,30.76,377,0
MPRO.US,5,20251211,155500,30.74,30.75,30.74,30.75,477,0
MPRO.US,5,20251211,160000,30.79,30.79,30.77,30.77,445,0
MPRO.US,5,20251211,173000,30.82,30.82,30.82,30.82,520,0
MPRO.US,5,20251211,174500,30.83,30.83,30.83,30.83,100,0
MPRO.US,5,20251211,180500,30.82,30.82,30.82,30.82,500,0
MPRO.US,5,20251211,184000,30.81,30.81,30.81,30.81,7962,0
MPRO.US,5,20251211,190500,30.81,30.81,30.81,30.81,200,0
MPRO.US,5,20251211,213500,30.79,30.79,30.7899,30.7899,4073,0
MPRO.US,5,20251211,214000,30.79,30.79,30.79,30.79,320,0
MPRO.US,5,20251211,214500,30.78,30.78,30.78,30.78,6259,0
MPRO.US,5,20251211,215500,30.78,30.78,30.78,30.78,100,0
MPRO.US,5,20251212,154500,30.875,30.875,30.875,30.875,200,0
MPRO.US,5,20251212,160500,30.85,30.85,30.85,30.85,200,0
MPRO.US,5,20251212,165000,30.79,30.8,30.78,30.78,336,0
MPRO.US,5,20251212,165500,30.79,30.79,30.79,30.79,100,0
MPRO.US,5,20251212,180000,30.75,30.75,30.7405,30.7405,20799,0
MPRO.US,5,20251212,181500,30.75,30.75,30.75,30.75,300,0
MPRO.US,5,20251212,182000,30.75,30.75,30.75,30.75,600,0
MPRO.US,5,20251212,185500,30.77,30.77,30.77,30.77,109,0
MPRO.US,5,20251212,191000,30.77,30.77,30.77,30.77,100,0
MPRO.US,5,20251212,200500,30.75,30.75,30.75,30.75,2682,0
MPRO.US,5,20251212,203000,30.76,30.76,30.75,30.75,200,0
MPRO.US,5,20251212,203500,30.77,30.77,30.77,30.77,378,0
MPRO.US,5,20251212,213000,30.77,30.77,30.77,30.77,139,0
MPRO.US,5,20251212,213500,30.74,30.76,30.74,30.76,7458,0
MPRO.US,5,20251212,214500,30.77,30.77,30.77,30.77,100,0
MPRO.US,5,20251212,215500,30.77,30.77,30.77,30.77,128,0
MPRO.US,5,20251215,164500,30.857,30.857,30.857,30.857,169,0
MPRO.US,5,20251215,165000,30.87,30.87,30.87,30.87,100,0
MPRO.US,5,20251215,165500,30.85,30.8501,30.845,30.845,348,0
MPRO.US,5,20251215,172000,30.8504,30.8504,30.831,30.831,360,0
MPRO.US,5,20251215,173500,30.8015,30.8015,30.8015,30.8015,130,0
MPRO.US,5,20251215,174000,30.8094,30.8094,30.8,30.8,690,0
MPRO.US,5,20251215,174500,30.791,30.791,30.791,30.791,100,0
MPRO.US,5,20251215,175500,30.801,30.801,30.801,30.801,100,0
MPRO.US,5,20251215,181500,30.8016,30.8016,30.79,30.79,350,0
MPRO.US,5,20251215,185500,30.8,30.81,30.8,30.801,11843,0
MPRO.US,5,20251215,194500,30.81,30.81,30.81,30.81,300,0
MPRO.US,5,20251215,195000,30.805,30.805,30.805,30.805,162,0
MPRO.US,5,20251215,201500,30.81,30.815,30.805,30.815,6619,0
MPRO.US,5,20251215,214500,30.9,30.9,30.9,30.9,600,0
MPRO.US,5,20251215,215000,30.9,30.92,30.9,30.9,5034,0
MPRO.US,5,20251215,215500,30.92,30.92,30.92,30.92,100,0
MPRO.US,5,20251216,173500,30.8,30.8,30.8,30.8,100,0
MPRO.US,5,20251216,174500,30.79,30.79,30.79,30.79,189,0
MPRO.US,5,20251216,175000,30.8,30.8,30.781,30.781,200,0
MPRO.US,5,20251216,181000,30.8,30.8,30.8,30.8,100,0
MPRO.US,5,20251216,182500,30.791,30.791,30.791,30.791,100,0
MPRO.US,5,20251216,184500,30.79,30.79,30.79,30.79,25354,0
MPRO.US,5,20251216,201500,30.73,30.73,30.73,30.73,100,0
MPRO.US,5,20251216,204000,30.78,30.78,30.77,30.77,600,0
MPRO.US,5,20251216,211000,30.78,30.78,30.78,30.78,379,0
MPRO.US,5,20251216,211500,30.8,30.8,30.8,30.8,255,0
MPRO.US,5,20251216,212000,30.79,30.81,30.79,30.8099,2900,0
MPRO.US,5,20251216,212500,30.801,30.801,30.801,30.801,100,0
MPRO.US,5,20251216,213000,30.81,30.81,30.81,30.81,386,0
MPRO.US,5,20251216,213500,30.82,30.82,30.82,30.82,100,0
MPRO.US,5,20251216,214000,30.8216,30.8216,30.8216,30.8216,635,0
MPRO.US,5,20251216,214500,30.8,30.8,30.8,30.8,100,0
MPRO.US,5,20251216,215000,30.8127,30.8184,30.806,30.81,6127,0
MPRO.US,5,20251216,215500,30.81,30.8218,30.79,30.79,865,0
MPRO.US,5,20251217,165000,30.84,30.84,30.84,30.84,100,0
MPRO.US,5,20251217,173500,30.81,30.81,30.81,30.81,100,0
MPRO.US,5,20251217,184000,30.78,30.79,30.78,30.79,359,0
MPRO.US,5,20251217,195500,30.76,30.76,30.76,30.76,1216,0
MPRO.US,5,20251217,204000,30.8,30.8,30.8,30.8,100,0
MPRO.US,5,20251217,211000,30.83,30.83,30.83,30.83,500,0
MPRO.US,5,20251217,212000,30.82,30.82,30.81,30.81,986,0
MPRO.US,5,20251217,212500,30.81,30.82,30.81,30.82,953,0
MPRO.US,5,20251217,213000,30.83,30.83,30.8,30.8,11315,0
MPRO.US,5,20251217,214000,30.82,30.82,30.8199,30.8199,1372,0
MPRO.US,5,20251218,162000,30.71,30.71,30.71,30.71,100,0
MPRO.US,5,20251218,181500,30.62,30.63,30.62,30.63,725,0
MPRO.US,5,20251218,182000,30.64,30.64,30.639,30.639,1894,0
MPRO.US,5,20251218,182500,30.63,30.63,30.63,30.63,100,0
MPRO.US,5,20251218,183500,30.64,30.64,30.64,30.64,100,0
MPRO.US,5,20251218,184500,30.68,30.68,30.67,30.67,202,0
MPRO.US,5,20251218,190500,30.66,30.66,30.66,30.66,100,0
MPRO.US,5,20251218,195000,30.65,30.65,30.65,30.65,100,0
MPRO.US,5,20251218,201500,30.64,30.64,30.64,30.64,100,0
MPRO.US,5,20251218,205000,30.64,30.64,30.64,30.64,100,0
MPRO.US,5,20251218,205500,30.62,30.62,30.62,30.62,100,0
MPRO.US,5,20251218,210000,30.63,30.635,30.63,30.6301,7584,0
MPRO.US,5,20251218,211500,30.66,30.66,30.66,30.66,100,0
MPRO.US,5,20251218,212000,30.6524,30.6524,30.6524,30.6524,177,0
MPRO.US,5,20251218,214500,30.68,30.69,30.679,30.69,1738,0
MPRO.US,5,20251218,215000,30.68,30.68,30.68,30.68,4163,0
MPRO.US,5,20251218,215500,30.649,30.649,30.649,30.649,212,0
MPRO.US,5,20251219,161500,30.613,30.613,30.613,30.613,263,0
MPRO.US,5,20251219,175000,30.67,30.67,30.67,30.67,100,0
MPRO.US,5,20251219,184000,30.66,30.66,30.66,30.66,100,0
MPRO.US,5,20251219,200000,30.645,30.645,30.645,30.645,1500,0
MPRO.US,5,20251219,204000,30.63,30.63,30.63,30.63,148,0
MPRO.US,5,20251219,210500,30.625,30.625,30.625,30.625,392,0
MPRO.US,5,20251219,211500,30.64,30.64,30.63,30.64,4961,0
MPRO.US,5,20251219,214000,30.64,30.64,30.64,30.64,120,0
MPRO.US,5,20251219,215000,30.62,30.62,30.62,30.62,100,0
MPRO.US,5,20251219,215500,30.59,30.59,30.59,30.59,311,0
MPRO.US,5,20251222,160000,30.59,30.59,30.59,30.59,100,0
MPRO.US,5,20251222,175000,30.66,30.66,30.66,30.66,100,0
MPRO.US,5,20251222,190500,30.64,30.64,30.64,30.64,172,0
MPRO.US,5,20251222,191000,30.66,30.66,30.66,30.66,900,0
MPRO.US,5,20251222,192000,30.66,30.66,30.66,30.66,100,0
MPRO.US,5,20251222,195000,30.63,30.64,30.63,30.64,228,0
MPRO.US,5,20251222,200000,30.62,30.62,30.62,30.62,228,0
MPRO.US,5,20251222,201500,30.63,30.63,30.63,30.63,100,0
MPRO.US,5,20251222,202000,30.62,30.62,30.62,30.62,493,0
MPRO.US,5,20251222,202500,30.6499,30.6499,30.6499,30.6499,129,0
MPRO.US,5,20251222,203000,30.6499,30.65,30.6499,30.65,258,0
MPRO.US,5,20251222,203500,30.65,30.65,30.65,30.65,100,0
MPRO.US,5,20251222,210500,30.65,30.65,30.65,30.65,100,0
MPRO.US,5,20251222,212500,30.67,30.67,30.64,30.6401,2458,0
MPRO.US,5,20251222,213000,30.67,30.67,30.67,30.67,2900,0
MPRO.US,5,20251222,213500,30.67,30.68,30.66,30.68,3451,0
MPRO.US,5,20251222,214000,30.66,30.68,30.66,30.68,1100,0
MPRO.US,5,20251222,214500,30.68,30.68,30.66,30.67,40218,0
MPRO.US,5,20251222,215000,30.67,30.67,30.66,30.67,5900,0
MPRO.US,5,20251222,215500,30.67,30.74,30.67,30.68,5149,0
