<TICKER>,<PER>,<DATE>,<TIME>,<OPEN>,<HIGH>,<LOW>,<CLOSE>,<VOL>,<OPENINT>
NJUL.US,5,20250728,155000,69.09,69.09,69.09,69.09,200,0
NJUL.US,5,20250728,155500,69.15,69.15,69.15,69.15,200,0
NJUL.US,5,20250728,162500,69.16,69.16,69.16,69.16,100,0
NJUL.US,5,20250728,164000,69.0947,69.0947,69.0947,69.0947,150,0
NJUL.US,5,20250728,170000,69.13,69.13,69.13,69.13,100,0
NJUL.US,5,20250728,171500,69.06,69.0999,69.06,69.0999,654,0
NJUL.US,5,20250728,173500,69.12,69.12,69.12,69.12,100,0
NJUL.US,5,20250728,175500,69.1599,69.1599,69.1599,69.1599,440,0
NJUL.US,5,20250728,181000,69.13,69.13,69.13,69.13,100,0
NJUL.US,5,20250728,183000,69.0201,69.1184,69.0201,69.1184,444,0
NJUL.US,5,20250728,185500,69.13,69.13,69.13,69.13,100,0
NJUL.US,5,20250728,191500,69.1199,69.1199,69.1199,69.1199,280,0
NJUL.US,5,20250728,192500,69.11,69.11,69.11,69.11,100,0
NJUL.US,5,20250728,194500,69.13,69.13,69.13,69.13,100,0
NJUL.US,5,20250728,200000,69.1,69.1,69.1,69.1,100,0
NJUL.US,5,20250728,201000,69.12,69.12,69.12,69.12,1500,0
NJUL.US,5,20250728,205500,69.1199,69.1199,69.1199,69.1199,3700,0
NJUL.US,5,20250728,211000,69.02,69.02,69.02,69.02,332,0
NJUL.US,5,20250728,211500,69.02,69.0785,69.02,69.0785,385,0
NJUL.US,5,20250728,212000,69.11,69.11,69.11,69.11,100,0
NJUL.US,5,20250728,214000,69.0515,69.0515,69.0515,69.0515,245,0
NJUL.US,5,20250728,214500,69.09,69.09,69.09,69.09,400,0
NJUL.US,5,20250728,215000,69.0201,69.13,69.0201,69.13,329,0
NJUL.US,5,20250728,215500,69.1337,69.1337,69.1337,69.1337,115,0
NJUL.US,5,20250729,155500,69.27,69.27,69.27,69.27,100,0
NJUL.US,5,20250729,163500,69.24,69.24,69.24,69.24,100,0
NJUL.US,5,20250729,165500,69.18,69.18,69.18,69.18,700,0
NJUL.US,5,20250729,170500,69.14,69.14,69.14,69.14,100,0
NJUL.US,5,20250729,173000,69.085,69.085,69.085,69.085,290,0
NJUL.US,5,20250729,174000,69.01,69.01,69.01,69.01,200,0
NJUL.US,5,20250729,174500,69.1,69.1,69.1,69.1,400,0
NJUL.US,5,20250729,180500,69.1,69.1,69.1,69.1,200,0
NJUL.US,5,20250729,181000,69.11,69.12,69.11,69.12,200,0
NJUL.US,5,20250729,181500,69.12,69.12,69.11,69.11,618,0
NJUL.US,5,20250729,184000,69.07,69.08,69.035,69.035,1403,0
NJUL.US,5,20250729,184500,69.0501,69.0501,69.0501,69.0501,254,0
NJUL.US,5,20250729,192500,69.14,69.14,69.14,69.14,100,0
NJUL.US,5,20250729,193000,69.0642,69.0642,69.0642,69.0642,289,0
NJUL.US,5,20250729,195500,69.085,69.085,69.085,69.085,217,0
NJUL.US,5,20250729,200000,69.11,69.11,69.11,69.11,488,0
NJUL.US,5,20250729,201000,69.11,69.11,69.11,69.11,100,0
NJUL.US,5,20250729,201500,69.11,69.11,69.11,69.11,100,0
NJUL.US,5,20250729,202000,69.07,69.07,69.07,69.07,246,0
NJUL.US,5,20250729,204500,69.07,69.07,69.07,69.07,123,0
NJUL.US,5,20250729,211500,69.1193,69.1193,69.1193,69.1193,1400,0
NJUL.US,5,20250729,213500,69.055,69.06,69.05,69.05,1372,0
NJUL.US,5,20250729,214000,69.02,69.02,69.02,69.02,100,0
NJUL.US,5,20250729,214500,69.06,69.065,69.06,69.0625,500,0
NJUL.US,5,20250729,215000,69.07,69.07,69.07,69.07,100,0
NJUL.US,5,20250729,215500,69.05,69.065,69.03,69.03,400,0
NJUL.US,5,20250730,160000,69.1,69.1,69.1,69.1,505,0
NJUL.US,5,20250730,161000,69.1225,69.1225,69.075,69.075,1405,0
NJUL.US,5,20250730,161500,69.15,69.15,69.15,69.15,770,0
NJUL.US,5,20250730,162500,69.18,69.18,69.16,69.16,885,0
NJUL.US,5,20250730,164500,69.0706,69.0706,69.0706,69.0706,750,0
NJUL.US,5,20250730,165500,69.1764,69.1902,69.08,69.08,2025,0
NJUL.US,5,20250730,171500,69.08,69.08,69.08,69.08,200,0
NJUL.US,5,20250730,175000,69.15,69.15,69.15,69.15,150,0
NJUL.US,5,20250730,180000,69.07,69.07,69.05,69.05,1453,0
NJUL.US,5,20250730,190500,69.15915,69.15915,69.15915,69.15915,137,0
NJUL.US,5,20250730,191000,69.07,69.07,69.07,69.07,222,0
NJUL.US,5,20250730,194000,69.2156,69.2156,69.2156,69.2156,1328,0
NJUL.US,5,20250730,202500,69.1572,69.1572,69.1572,69.1572,400,0
NJUL.US,5,20250730,204500,69.15,69.15,69.15,69.15,251,0
NJUL.US,5,20250730,211000,69.02,69.02,69.01,69.01,311,0
NJUL.US,5,20250730,215500,69.08,69.12,69.08,69.12,285,0
NJUL.US,5,20250731,154000,69.34,69.35,69.285,69.35,1000,0
NJUL.US,5,20250731,154500,69.2482,69.2482,69.2482,69.2482,500,0
NJUL.US,5,20250731,162500,69.275,69.275,69.275,69.275,500,0
NJUL.US,5,20250731,163500,69.306,69.306,69.306,69.306,128,0
NJUL.US,5,20250731,164000,69.2038,69.2038,69.2038,69.2038,222,0
NJUL.US,5,20250731,173500,69.2,69.2,69.2,69.2,142,0
NJUL.US,5,20250731,182500,69.28,69.28,69.28,69.28,430,0
NJUL.US,5,20250731,183500,69.23,69.23,69.23,69.23,1085,0
NJUL.US,5,20250731,185000,69.2487,69.2487,69.2487,69.2487,114,0
NJUL.US,5,20250731,193500,69.0545,69.0545,69.0545,69.0545,1190,0
NJUL.US,5,20250731,203000,69.06,69.06,69.06,69.06,400,0
NJUL.US,5,20250731,203500,69.08,69.08,69.08,69.08,400,0
NJUL.US,5,20250731,204000,69.09,69.09,69.09,69.09,1077,0
NJUL.US,5,20250731,204500,69.11,69.11,69.1,69.1,1315,0
NJUL.US,5,20250731,205000,69.09,69.09,69.08,69.08,1100,0
NJUL.US,5,20250731,205500,69.08,69.08,69.02,69.02,1330,0
NJUL.US,5,20250731,211000,69.019,69.019,68.91,68.91,250,0
NJUL.US,5,20250731,211500,68.95,68.95,68.9001,68.9001,1180,0
NJUL.US,5,20250731,212000,68.89,68.89,68.89,68.89,112088,0
NJUL.US,5,20250731,213500,68.94,68.94,68.9185,68.9185,580,0
NJUL.US,5,20250731,214000,68.99,69.01,68.99,69.01,300,0
NJUL.US,5,20250731,214500,69.01,69.01,68.95,68.95,400,0
NJUL.US,5,20250731,215000,68.98,68.99,68.87,68.91,6464,0
NJUL.US,5,20250731,215500,68.95,68.96,68.91,68.95,600,0
NJUL.US,5,20250801,160500,68.2605,68.3197,68.2605,68.3197,950,0
NJUL.US,5,20250801,161500,68.38,68.38,68.349,68.349,2620,0
NJUL.US,5,20250801,162000,68.4,68.41,68.39,68.41,383,0
NJUL.US,5,20250801,163000,68.44,68.47,68.44,68.47,232,0
NJUL.US,5,20250801,170000,68.37,68.37,68.37,68.37,125,0
NJUL.US,5,20250801,171500,68.36,68.36,68.36,68.36,8900,0
NJUL.US,5,20250801,172000,68.336,68.336,68.336,68.336,1107,0
NJUL.US,5,20250801,174500,68.48,68.52,68.48,68.52,214,0
NJUL.US,5,20250801,175500,68.465,68.465,68.465,68.465,151,0
NJUL.US,5,20250801,182000,68.48,68.53,68.48,68.53,5235,0
NJUL.US,5,20250801,183500,68.5706,68.5706,68.5706,68.5706,331,0
NJUL.US,5,20250801,184000,68.4114,68.4114,68.4114,68.4114,105,0
NJUL.US,5,20250801,184500,68.44,68.44,68.4,68.4,461,0
NJUL.US,5,20250801,191000,68.2201,68.2201,68.2201,68.2201,163,0
NJUL.US,5,20250801,193000,68.3388,68.3388,68.33,68.33,1119,0
NJUL.US,5,20250801,193500,68.29,68.29,68.29,68.29,200,0
NJUL.US,5,20250801,194500,68.28,68.28,68.28,68.28,176,0
NJUL.US,5,20250801,200000,68.22,68.22,68.22,68.22,731,0
NJUL.US,5,20250801,200500,68.22,68.22,68.22,68.22,179,0
NJUL.US,5,20250801,202500,68.3428,68.3428,68.31,68.31,1897,0
NJUL.US,5,20250801,204000,68.42,68.43,68.42,68.42,700,0
NJUL.US,5,20250801,211500,68.3,68.3,68.3,68.3,500,0
NJUL.US,5,20250801,213000,68.2501,68.2501,68.2501,68.2501,151,0
NJUL.US,5,20250801,214000,68.2515,68.2515,68.2515,68.2515,300,0
NJUL.US,5,20250801,215000,68.9399,68.9399,68.9399,68.9399,278,0
NJUL.US,5,20250801,215500,68.3999,68.3999,68.37,68.37,225,0
NJUL.US,5,20250804,155500,68.91,68.91,68.8975,68.8975,209,0
NJUL.US,5,20250804,161500,68.8401,68.8401,68.8401,68.8401,200,0
NJUL.US,5,20250804,163000,68.9399,68.9399,68.9399,68.9399,362,0
NJUL.US,5,20250804,165000,68.8877,68.8877,68.8877,68.8877,340,0
NJUL.US,5,20250804,172000,68.8833,68.8833,68.8833,68.8833,140,0
NJUL.US,5,20250804,173000,68.88,68.88,68.88,68.88,100,0
NJUL.US,5,20250804,191000,68.98,68.98,68.9444,68.9444,1108,0
NJUL.US,5,20250804,193000,68.89,68.945,68.89,68.945,989,0
NJUL.US,5,20250804,194000,68.94,68.94,68.94,68.94,200,0
NJUL.US,5,20250804,194500,68.96,68.96,68.94,68.94,500,0
NJUL.US,5,20250804,195000,68.9799,68.9799,68.9799,68.9799,653,0
NJUL.US,5,20250804,195500,68.97,68.97,68.97,68.97,100,0
NJUL.US,5,20250804,204000,68.9202,68.9202,68.9202,68.9202,445,0
NJUL.US,5,20250804,210500,68.97,68.97,68.97,68.97,100,0
NJUL.US,5,20250804,212000,68.9899,68.9899,68.9899,68.9899,3689,0
NJUL.US,5,20250804,212500,68.9432,68.9432,68.9432,68.9432,609,0
NJUL.US,5,20250804,214000,68.94,68.9899,68.94,68.9899,6961,0
NJUL.US,5,20250804,214500,68.9899,68.9899,68.9468,68.9468,5063,0
NJUL.US,5,20250804,215500,69.02,69.02,69.02,69.02,400,0
NJUL.US,5,20250805,154000,69.08,69.09,68.97,68.97,972,0
NJUL.US,5,20250805,163500,68.9,68.9,68.85,68.85,1450,0
NJUL.US,5,20250805,173000,68.8,68.8,68.8,68.8,100,0
NJUL.US,5,20250805,174500,68.78,68.78,68.78,68.78,100,0
NJUL.US,5,20250805,175000,68.7877,68.7877,68.7877,68.7877,244,0
NJUL.US,5,20250805,175500,68.8,68.8,68.69,68.69,586,0
NJUL.US,5,20250805,180000,68.82,68.82,68.7,68.7,898,0
NJUL.US,5,20250805,181500,68.86,68.86,68.86,68.86,100,0
NJUL.US,5,20250805,184500,68.8,68.8,68.8,68.8,561,0
NJUL.US,5,20250805,185000,68.81,68.87,68.81,68.86,400,0
NJUL.US,5,20250805,191000,68.86,68.86,68.86,68.86,100,0
NJUL.US,5,20250805,200000,68.94,68.95,68.84,68.84,1384,0
NJUL.US,5,20250805,200500,68.82,68.82,68.82,68.82,696,0
NJUL.US,5,20250805,201000,68.83,68.83,68.83,68.83,400,0
NJUL.US,5,20250805,201500,68.88,68.88,68.88,68.88,100,0
NJUL.US,5,20250805,202500,68.8,68.8,68.8,68.8,870,0
NJUL.US,5,20250805,204000,68.82,68.83,68.76,68.76,800,0
NJUL.US,5,20250805,204500,68.84,68.84,68.81,68.81,200,0
NJUL.US,5,20250805,210000,68.82,68.82,68.82,68.82,100,0
NJUL.US,5,20250805,214000,68.82,68.82,68.82,68.82,113,0
NJUL.US,5,20250805,215500,68.7899,68.7899,68.78,68.78,570,0
NJUL.US,5,20250806,154000,68.815,68.815,68.815,68.815,500,0
NJUL.US,5,20250806,155000,68.94,68.94,68.94,68.94,100,0
NJUL.US,5,20250806,161500,68.939,68.939,68.9,68.9,390,0
NJUL.US,5,20250806,163000,68.85,68.85,68.85,68.85,958,0
NJUL.US,5,20250806,164000,68.97,68.97,68.97,68.97,100,0
NJUL.US,5,20250806,171500,69.05,69.05,69.05,69.05,100,0
NJUL.US,5,20250806,175500,69.0301,69.0301,69.0301,69.0301,160,0
NJUL.US,5,20250806,180500,69.0643,69.16,69.0643,69.16,522,0
NJUL.US,5,20250806,182000,69.12,69.12,69.12,69.12,100,0
NJUL.US,5,20250806,182500,69.1351,69.1351,69.1351,69.1351,248,0
NJUL.US,5,20250806,183500,69.15,69.15,69.15,69.15,100,0
NJUL.US,5,20250806,184500,69.0925,69.1399,69.075,69.075,1023,0
NJUL.US,5,20250806,190500,69.14,69.14,69.14,69.14,100,0
NJUL.US,5,20250806,192500,69.105,69.105,69.0509,69.0509,520,0
NJUL.US,5,20250806,193000,69.04,69.04,69.04,69.04,500,0
NJUL.US,5,20250806,193500,69.16,69.16,69.16,69.16,105,0
NJUL.US,5,20250806,194000,69.16,69.16,69.16,69.16,100,0
NJUL.US,5,20250806,201500,69.2099,69.2099,69.2099,69.2099,1200,0
NJUL.US,5,20250806,202000,69.22,69.22,69.22,69.22,100,0
NJUL.US,5,20250806,204000,69.1201,69.1201,69.1201,69.1201,197,0
NJUL.US,5,20250806,204500,69.1585,69.1585,69.1585,69.1585,1011,0
NJUL.US,5,20250806,205500,69.13,69.13,69.13,69.13,11435,0
NJUL.US,5,20250806,210000,69.22,69.22,69.22,69.22,100,0
NJUL.US,5,20250806,211500,69.2299,69.2299,69.2299,69.2299,4109,0
NJUL.US,5,20250806,215000,69.22,69.22,69.19,69.19,576,0
NJUL.US,5,20250807,154500,69.4238,69.4238,69.4238,69.4238,175,0
NJUL.US,5,20250807,161000,69.46,69.46,69.46,69.46,200,0
NJUL.US,5,20250807,162000,69.4325,69.4325,69.4325,69.4325,200,0
NJUL.US,5,20250807,163500,69.4,69.42,69.4,69.42,875,0
NJUL.US,5,20250807,173000,69.34,69.34,69.3,69.3,388,0
NJUL.US,5,20250807,180000,69.2001,69.2001,69.2001,69.2001,289,0
NJUL.US,5,20250807,180500,69.27,69.27,69.27,69.27,100,0
NJUL.US,5,20250807,193000,69.14,69.14,69.14,69.14,100,0
NJUL.US,5,20250807,210000,69.12,69.16,69.12,69.1454,1778,0
NJUL.US,5,20250807,212000,69.16,69.16,69.12,69.12,300,0
NJUL.US,5,20250807,212500,69.14,69.16,69.1056,69.15,1730,0
NJUL.US,5,20250807,213000,69.18,69.18,69.1,69.11,1445,0
NJUL.US,5,20250807,214000,69.2,69.2,69.2,69.2,100,0
NJUL.US,5,20250807,215000,69.24,69.24,69.16,69.22,1112,0
NJUL.US,5,20250807,215500,69.32,69.32,69.3,69.3,361,0
NJUL.US,5,20250808,153000,69.4253,69.4253,69.4253,69.4253,420,0
NJUL.US,5,20250808,155500,69.48,69.48,69.48,69.48,146,0
NJUL.US,5,20250808,163500,69.61,69.61,69.61,69.61,100,0
NJUL.US,5,20250808,164500,69.59,69.59,69.59,69.59,100,0
NJUL.US,5,20250808,165500,69.57,69.57,69.57,69.57,100,0
NJUL.US,5,20250808,170000,69.5699,69.5699,69.5699,69.5699,1437,0
NJUL.US,5,20250808,170500,69.535,69.535,69.535,69.535,588,0
NJUL.US,5,20250808,172000,69.57,69.57,69.57,69.57,150,0
NJUL.US,5,20250808,172500,69.56,69.56,69.56,69.56,100,0
NJUL.US,5,20250808,173500,69.51,69.51,69.51,69.51,100,0
NJUL.US,5,20250808,175000,69.55,69.55,69.55,69.55,100,0
NJUL.US,5,20250808,181000,69.59,69.59,69.59,69.59,150,0
NJUL.US,5,20250808,181500,69.555,69.555,69.555,69.555,263,0
NJUL.US,5,20250808,183000,69.6,69.6,69.6,69.6,150,0
NJUL.US,5,20250808,184500,69.59,69.59,69.59,69.59,100,0
NJUL.US,5,20250808,185000,69.6,69.6,69.6,69.6,150,0
NJUL.US,5,20250808,185500,69.59,69.59,69.59,69.59,360,0
NJUL.US,5,20250808,193500,69.4701,69.4701,69.4701,69.4701,292,0
NJUL.US,5,20250808,204000,69.585,69.585,69.585,69.585,177,0
NJUL.US,5,20250808,215500,69.54,69.54,69.54,69.54,100,0
NJUL.US,5,20250811,155500,69.63,69.63,69.63,69.63,100,0
NJUL.US,5,20250811,161500,69.58,69.58,69.58,69.58,113,0
NJUL.US,5,20250811,171000,69.66,69.66,69.6599,69.6599,2200,0
NJUL.US,5,20250811,172000,69.69,69.69,69.69,69.69,100,0
NJUL.US,5,20250811,172500,69.66,69.66,69.66,69.66,466,0
NJUL.US,5,20250811,173000,69.625,69.625,69.625,69.625,300,0
NJUL.US,5,20250811,174500,69.69,69.69,69.69,69.69,100,0
NJUL.US,5,20250811,181500,69.73,69.73,69.73,69.73,300,0
NJUL.US,5,20250811,183500,69.73,69.73,69.73,69.73,100,0
NJUL.US,5,20250811,192000,69.67,69.67,69.5601,69.5601,200,0
NJUL.US,5,20250811,204500,69.56,69.56,69.56,69.56,100,0
NJUL.US,5,20250811,214000,69.56,69.56,69.56,69.56,203,0
NJUL.US,5,20250811,214500,69.55,69.55,69.4721,69.54,2205,0
NJUL.US,5,20250811,215000,69.54,69.54,69.48,69.48,300,0
NJUL.US,5,20250811,215500,69.44,69.475,69.4,69.455,6857,0
NJUL.US,5,20250812,155000,69.61,69.61,69.61,69.61,100,0
NJUL.US,5,20250812,161500,69.63,69.63,69.63,69.63,300,0
NJUL.US,5,20250812,170000,69.7823,69.7823,69.7823,69.7823,361,0
NJUL.US,5,20250812,171000,69.77,69.77,69.77,69.77,100,0
NJUL.US,5,20250812,190000,69.82,69.82,69.82,69.82,1525,0
NJUL.US,5,20250812,191000,69.88,69.88,69.88,69.88,100,0
NJUL.US,5,20250812,192500,69.89,69.89,69.89,69.89,358,0
NJUL.US,5,20250812,195500,69.8368,69.8368,69.8368,69.8368,208,0
NJUL.US,5,20250812,202500,69.87,69.87,69.87,69.87,100,0
NJUL.US,5,20250812,211000,69.87,69.87,69.87,69.87,100,0
NJUL.US,5,20250812,214500,69.83,69.83,69.83,69.83,200,0
NJUL.US,5,20250812,215000,69.88,69.88,69.88,69.88,100,0
NJUL.US,5,20250812,215500,69.9,69.9,69.9,69.9,150,0
NJUL.US,5,20250813,155000,70.11,70.12,70.05,70.05,2855,0
NJUL.US,5,20250813,161000,70.04,70.04,70.04,70.04,100,0
NJUL.US,5,20250813,161500,69.99,69.99,69.99,69.99,112,0
NJUL.US,5,20250813,162500,70,70,69.94,69.94,200,0
NJUL.US,5,20250813,163500,69.96,69.96,69.96,69.96,100,0
NJUL.US,5,20250813,170000,69.8701,69.8701,69.8701,69.8701,105,0
NJUL.US,5,20250813,173000,69.95,69.95,69.95,69.95,100,0
NJUL.US,5,20250813,180000,69.8943,69.8943,69.8943,69.8943,115,0
NJUL.US,5,20250813,180500,69.8901,69.8901,69.8901,69.8901,265,0
NJUL.US,5,20250813,184000,69.87,69.87,69.87,69.87,950,0
NJUL.US,5,20250813,185000,69.89,69.89,69.89,69.89,100,0
NJUL.US,5,20250813,194000,69.85,69.92,69.85,69.92,600,0
NJUL.US,5,20250813,194500,69.8201,69.8201,69.8201,69.8201,170,0
NJUL.US,5,20250813,203000,69.905,69.905,69.905,69.905,300,0
NJUL.US,5,20250813,213500,69.91,69.91,69.91,69.91,874,0
NJUL.US,5,20250813,214500,69.93,69.93,69.93,69.93,100,0
NJUL.US,5,20250813,215000,69.915,69.915,69.915,69.915,119,0
NJUL.US,5,20250814,155500,69.95,69.95,69.95,69.95,100,0
NJUL.US,5,20250814,171000,69.95,69.95,69.95,69.95,100,0
NJUL.US,5,20250814,180500,69.87,69.87,69.87,69.87,100,0
NJUL.US,5,20250814,182000,69.8056,69.8056,69.8056,69.8056,241,0
NJUL.US,5,20250814,192500,69.9599,69.9599,69.9599,69.9599,330,0
NJUL.US,5,20250814,193500,69.9799,69.9799,69.9799,69.9799,429,0
NJUL.US,5,20250814,201000,69.9,69.9,69.9,69.9,100,0
NJUL.US,5,20250814,215000,70.03,70.03,70.03,70.03,579,0
NJUL.US,5,20250815,173500,69.75,69.75,69.75,69.75,289,0
NJUL.US,5,20250815,191000,69.8299,69.8299,69.8299,69.8299,502,0
NJUL.US,5,20250815,192000,69.78,69.8099,69.77,69.775,1810,0
NJUL.US,5,20250815,193500,69.83,69.83,69.83,69.83,100,0
NJUL.US,5,20250815,215000,69.7301,69.7301,69.7301,69.7301,107,0
NJUL.US,5,20250818,155000,69.7786,69.7786,69.7786,69.7786,329,0
NJUL.US,5,20250818,165500,69.75,69.75,69.75,69.75,100,0
NJUL.US,5,20250818,170500,69.75,69.75,69.75,69.75,100,0
NJUL.US,5,20250818,175500,69.68,69.68,69.65,69.65,5319,0
NJUL.US,5,20250818,180500,69.715,69.715,69.715,69.715,500,0
NJUL.US,5,20250818,181500,69.7799,69.7799,69.6803,69.6803,930,0
NJUL.US,5,20250818,184500,69.76,69.76,69.76,69.76,100,0
NJUL.US,5,20250818,185500,69.7551,69.7551,69.7551,69.7551,575,0
NJUL.US,5,20250818,190500,69.7571,69.7571,69.7571,69.7571,193,0
NJUL.US,5,20250818,191500,69.77,69.77,69.77,69.77,100,0
NJUL.US,5,20250818,193000,69.8,69.8,69.8,69.8,100,0
NJUL.US,5,20250818,194000,69.72,69.72,69.72,69.72,100,0
NJUL.US,5,20250818,195500,69.78,69.78,69.78,69.78,100,0
NJUL.US,5,20250818,202500,69.6912,69.6912,69.6912,69.6912,2219,0
NJUL.US,5,20250818,210500,69.84,69.84,69.84,69.84,100,0
NJUL.US,5,20250818,212000,69.74,69.74,69.71,69.71,734,0
NJUL.US,5,20250818,215500,69.89,69.89,69.89,69.89,300,0
NJUL.US,5,20250819,155000,69.69,69.69,69.69,69.69,100,0
NJUL.US,5,20250819,161500,69.71,69.71,69.71,69.71,3449,0
NJUL.US,5,20250819,162000,69.7499,69.7499,69.7499,69.7499,200,0
NJUL.US,5,20250819,162500,69.66,69.66,69.66,69.66,204,0
NJUL.US,5,20250819,190500,69.4174,69.4174,69.4174,69.4174,516,0
NJUL.US,5,20250819,205500,69.297,69.297,69.297,69.297,256,0
NJUL.US,5,20250819,214500,69.355,69.355,69.355,69.355,482,0
NJUL.US,5,20250819,215000,69.3,69.3,69.3,69.3,906,0
NJUL.US,5,20250820,154500,69.1804,69.1804,69.1804,69.1804,215,0
NJUL.US,5,20250820,155500,68.975,68.975,68.975,68.975,289,0
NJUL.US,5,20250820,160000,68.95,68.95,68.95,68.95,324,0
NJUL.US,5,20250820,160500,68.91,68.91,68.91,68.91,100,0
NJUL.US,5,20250820,161500,68.79,68.79,68.79,68.79,200,0
NJUL.US,5,20250820,162500,68.94,68.94,68.94,68.94,100,0
NJUL.US,5,20250820,163500,68.891,68.891,68.891,68.891,302,0
NJUL.US,5,20250820,170500,68.92,68.92,68.92,68.92,100,0
NJUL.US,5,20250820,171000,68.8674,68.89,68.8674,68.89,558,0
NJUL.US,5,20250820,171500,68.9978,68.9978,68.9978,68.9978,188,0
NJUL.US,5,20250820,172000,68.955,68.955,68.955,68.955,102,0
NJUL.US,5,20250820,174000,69.07,69.07,69.07,69.07,1450,0
NJUL.US,5,20250820,175000,69.04,69.04,69.01,69.01,200,0
NJUL.US,5,20250820,180000,69.0199,69.0199,69.0199,69.0199,418,0
NJUL.US,5,20250820,182000,69.12,69.15,69.12,69.15,200,0
NJUL.US,5,20250820,183500,69.095,69.095,69.095,69.095,331,0
NJUL.US,5,20250820,184000,69.13,69.13,69.13,69.13,100,0
NJUL.US,5,20250820,195500,69.1,69.1,69.1,69.1,100,0
NJUL.US,5,20250820,202000,69.0245,69.0245,69.0245,69.0245,465,0
NJUL.US,5,20250820,204500,69.13,69.13,69.13,69.13,142,0
NJUL.US,5,20250821,155500,69.04,69.04,69.04,69.04,100,0
NJUL.US,5,20250821,161000,69.14,69.14,69.14,69.14,100,0
NJUL.US,5,20250821,173000,69.13,69.13,69.0846,69.0846,400,0
NJUL.US,5,20250821,174000,69.16,69.16,69.16,69.16,135,0
NJUL.US,5,20250821,183500,69,69,69,69,758,0
NJUL.US,5,20250821,185500,68.96,68.96,68.96,68.96,100,0
NJUL.US,5,20250821,190500,69,69,69,69,201,0
NJUL.US,5,20250821,201000,68.9449,68.9449,68.9449,68.9449,494,0
NJUL.US,5,20250821,212500,69.0101,69.0101,69.0101,69.0101,650,0
NJUL.US,5,20250821,213500,69.02,69.02,69.02,69.02,300,0
NJUL.US,5,20250821,214000,69.01,69.01,69.01,69.01,200,0
NJUL.US,5,20250821,214500,69.01,69.01,69.01,69.01,100,0
NJUL.US,5,20250821,215500,69,69,69,69,972,0
NJUL.US,5,20250822,154000,69.17,69.17,69.17,69.17,134,0
NJUL.US,5,20250822,154500,69.1101,69.1101,69.1101,69.1101,1087,0
NJUL.US,5,20250822,160500,69.66,69.66,69.66,69.66,100,0
NJUL.US,5,20250822,171000,69.71,69.71,69.71,69.71,100,0
NJUL.US,5,20250822,194000,69.5802,69.5802,69.5802,69.5802,250,0
NJUL.US,5,20250822,202000,69.66,69.66,69.66,69.66,143,0
NJUL.US,5,20250822,204500,69.62,69.62,69.62,69.62,413,0
NJUL.US,5,20250822,215500,69.53,69.53,69.53,69.53,100,0
NJUL.US,5,20250825,155500,69.54,69.54,69.54,69.54,100,0
NJUL.US,5,20250825,160000,69.51,69.51,69.51,69.51,58811,0
NJUL.US,5,20250825,164000,69.55,69.55,69.55,69.55,100,0
NJUL.US,5,20250825,172000,69.66,69.66,69.635,69.635,200,0
NJUL.US,5,20250825,180000,69.5901,69.5901,69.5901,69.5901,808,0
NJUL.US,5,20250825,180500,69.6,69.6,69.6,69.6,642,0
NJUL.US,5,20250825,190000,69.6,69.6,69.6,69.6,100,0
NJUL.US,5,20250825,192500,69.6887,69.6887,69.6887,69.6887,149,0
NJUL.US,5,20250825,193500,69.62,69.62,69.62,69.62,150,0
NJUL.US,5,20250825,194000,69.6799,69.6799,69.6799,69.6799,100,0
NJUL.US,5,20250825,201500,69.64,69.64,69.64,69.64,117,0
NJUL.US,5,20250825,202500,69.5501,69.5501,69.5501,69.5501,347,0
NJUL.US,5,20250825,212000,69.6784,69.6784,69.6784,69.6784,389,0
NJUL.US,5,20250826,155000,69.51,69.51,69.465,69.465,341,0
NJUL.US,5,20250826,171000,69.5001,69.5001,69.5001,69.5001,373,0
NJUL.US,5,20250826,175500,69.59,69.59,69.59,69.59,100,0
NJUL.US,5,20250826,191000,69.52,69.52,69.52,69.52,400,0
NJUL.US,5,20250826,193000,69.62,69.62,69.62,69.62,100,0
NJUL.US,5,20250826,193500,69.51,69.51,69.51,69.51,200,0
NJUL.US,5,20250826,200500,69.59,69.59,69.59,69.59,100,0
NJUL.US,5,20250826,204500,69.66,69.66,69.66,69.66,24984,0
NJUL.US,5,20250826,213500,69.57,69.57,69.57,69.57,400,0
NJUL.US,5,20250826,215500,69.1001,69.1001,69.1001,69.1001,419,0
NJUL.US,5,20250827,153500,69.6442,69.6442,69.6442,69.6442,199,0
NJUL.US,5,20250827,154500,69.6,69.6098,69.6,69.6098,1041,0
NJUL.US,5,20250827,155500,69.65,69.65,69.65,69.65,100,0
NJUL.US,5,20250827,161500,69.645,69.645,69.645,69.645,144,0
NJUL.US,5,20250827,175500,69.78,69.78,69.78,69.78,100,0
NJUL.US,5,20250827,181000,69.6293,69.6293,69.6293,69.6293,178,0
NJUL.US,5,20250827,185500,69.65,69.65,69.65,69.65,3645,0
NJUL.US,5,20250827,215500,69.65,69.65,69.65,69.65,125,0
NJUL.US,5,20250828,160000,69.73,69.75,69.73,69.75,300,0
NJUL.US,5,20250828,160500,69.785,69.785,69.785,69.785,100,0
NJUL.US,5,20250828,174500,69.85,69.85,69.8499,69.8499,200,0
NJUL.US,5,20250828,180000,69.86,69.86,69.86,69.86,100,0
NJUL.US,5,20250828,181500,69.7892,69.7892,69.7892,69.7892,100,0
NJUL.US,5,20250828,191500,69.92,69.92,69.8219,69.8219,392,0
NJUL.US,5,20250828,192000,69.9159,69.9159,69.9159,69.9159,100,0
NJUL.US,5,20250828,192500,69.85,69.85,69.84,69.84,300,0
NJUL.US,5,20250828,194000,69.88,69.88,69.86,69.86,200,0
NJUL.US,5,20250828,204000,69.95,69.95,69.95,69.95,159,0
NJUL.US,5,20250828,204500,69.95,69.95,69.95,69.95,100,0
NJUL.US,5,20250828,215000,69.9,69.9,69.9,69.9,105,0
NJUL.US,5,20250829,161000,69.57,69.57,69.57,69.57,100,0
NJUL.US,5,20250829,161500,69.5899,69.5899,69.5786,69.5786,685,0
NJUL.US,5,20250829,162500,69.61,69.61,69.61,69.61,400,0
NJUL.US,5,20250829,171500,69.59,69.59,69.59,69.59,100,0
NJUL.US,5,20250829,183000,69.5799,69.5799,69.5799,69.5799,585,0
NJUL.US,5,20250829,190000,69.46,69.46,69.46,69.46,100,0
NJUL.US,5,20250829,191500,69.3801,69.3801,69.3801,69.3801,170,0
NJUL.US,5,20250829,194500,69.56,69.56,69.56,69.56,100,0
NJUL.US,5,20250829,205000,69.4842,69.4842,69.4842,69.4842,200,0
NJUL.US,5,20250829,215500,69.45,69.45,69.45,69.45,528,0
NJUL.US,5,20250902,153000,69,69,69,69,549,0
NJUL.US,5,20250902,160000,69.156,69.156,69.156,69.156,948,0
NJUL.US,5,20250902,163500,69.20331,69.20331,69.20331,69.20331,206,0
NJUL.US,5,20250902,172500,69.06,69.06,69.06,69.06,4479,0
NJUL.US,5,20250902,173500,69.0265,69.0265,69.0265,69.0265,101,0
NJUL.US,5,20250902,174000,68.98,68.98,68.935,68.935,2101,0
NJUL.US,5,20250902,175500,68.96,68.96,68.96,68.96,100,0
NJUL.US,5,20250902,183500,69.01,69.01,68.93,68.93,7954,0
NJUL.US,5,20250902,184000,69.02,69.02,68.965,68.965,410,0
NJUL.US,5,20250902,190000,69.08,69.08,69.08,69.08,100,0
NJUL.US,5,20250902,193500,69.2,69.21,69.2,69.21,710,0
NJUL.US,5,20250902,200000,69.23,69.23,69.23,69.23,100,0
NJUL.US,5,20250902,200500,69.14,69.14,69.14,69.14,180,0
NJUL.US,5,20250902,202500,69.0501,69.0501,69.0501,69.0501,600,0
NJUL.US,5,20250902,215000,69.34,69.34,69.34,69.34,100,0
NJUL.US,5,20250903,160000,69.56,69.56,69.56,69.56,100,0
NJUL.US,5,20250903,160500,69.4658,69.4658,69.4501,69.4501,900,0
NJUL.US,5,20250903,184500,69.57,69.57,69.57,69.57,100,0
NJUL.US,5,20250903,194000,69.4654,69.4654,69.4525,69.4525,689,0
NJUL.US,5,20250903,205000,69.46,69.46,69.46,69.46,100,0
NJUL.US,5,20250903,205500,69.4107,69.4107,69.4107,69.4107,185,0
NJUL.US,5,20250903,212000,69.3301,69.3301,69.3301,69.3301,432,0
NJUL.US,5,20250903,213000,69.4555,69.53,69.4555,69.53,651,0
NJUL.US,5,20250904,155500,69.6464,69.6464,69.6464,69.6464,350,0
NJUL.US,5,20250904,161000,69.585,69.585,69.585,69.585,168,0
NJUL.US,5,20250904,162000,69.549,69.549,69.549,69.549,629,0
NJUL.US,5,20250904,171000,69.655,69.655,69.655,69.655,323,0
NJUL.US,5,20250904,172000,69.74,69.74,69.74,69.74,1724,0
NJUL.US,5,20250904,192500,69.745,69.745,69.745,69.745,338,0
NJUL.US,5,20250904,195500,69.765,69.765,69.765,69.765,418,0
NJUL.US,5,20250904,203000,69.7101,69.7101,69.7101,69.7101,114,0
NJUL.US,5,20250904,215000,69.75,69.75,69.75,69.75,1405,0
NJUL.US,5,20250905,155500,70.2,70.2,70.2,70.2,100,0
NJUL.US,5,20250905,163000,69.97,69.97,69.97,69.97,800,0
NJUL.US,5,20250905,164500,69.726,69.726,69.726,69.726,500,0
NJUL.US,5,20250905,174000,69.92,69.92,69.92,69.92,114,0
NJUL.US,5,20250905,181500,69.9075,69.9075,69.9075,69.9075,655,0
NJUL.US,5,20250905,192500,69.9,69.9,69.9,69.9,300,0
NJUL.US,5,20250905,193500,69.859,69.859,69.859,69.859,300,0
NJUL.US,5,20250905,201500,69.8201,69.8201,69.8201,69.8201,300,0
NJUL.US,5,20250905,203000,69.97,69.97,69.97,69.97,100,0
NJUL.US,5,20250905,203500,69.96,69.96,69.96,69.96,100,0
NJUL.US,5,20250905,204500,69.96,69.96,69.96,69.96,100,0
NJUL.US,5,20250905,205000,69.95,69.96,69.95,69.96,200,0
NJUL.US,5,20250905,205500,69.96,69.97,69.96,69.97,200,0
NJUL.US,5,20250905,215500,69.47,69.47,69.47,69.47,666,0
NJUL.US,5,20250908,164000,70.25,70.25,70.25,70.25,100,0
NJUL.US,5,20250908,164500,70.2122,70.2122,70.2122,70.2122,100,0
NJUL.US,5,20250908,175500,70.25,70.25,70.25,70.25,100,0
NJUL.US,5,20250908,180000,70.1874,70.1874,70.1874,70.1874,1000,0
NJUL.US,5,20250908,182000,70.16,70.16,70.16,70.16,414,0
NJUL.US,5,20250908,184000,70.21,70.21,70.21,70.21,500,0
NJUL.US,5,20250908,205000,70.05,70.05,70.05,70.05,6465,0
NJUL.US,5,20250908,213000,70,70.15,70,70.14,413,0
NJUL.US,5,20250909,155500,70.2,70.2,70.2,70.2,100,0
NJUL.US,5,20250909,202000,70.2092,70.2092,70.2092,70.2092,182,0
NJUL.US,5,20250909,211500,70.1,70.1,70.1,70.1,345,0
NJUL.US,5,20250910,160500,70.38,70.39,70.37,70.37,1634,0
NJUL.US,5,20250910,161000,70.38,70.4,70.37,70.39,5808,0
NJUL.US,5,20250910,172000,70.33,70.33,70.33,70.33,100,0
NJUL.US,5,20250910,172500,70.21,70.21,70.21,70.21,485,0
NJUL.US,5,20250910,202500,70.1,70.1,70.09,70.1,800,0
NJUL.US,5,20250910,204000,70.2799,70.2799,70.2799,70.2799,355,0
NJUL.US,5,20250911,171500,70.39,70.39,70.39,70.39,100,0
NJUL.US,5,20250911,173000,70.4787,70.4787,70.4787,70.4787,217,0
NJUL.US,5,20250911,181500,70.3301,70.3301,70.3301,70.3301,310,0
NJUL.US,5,20250911,184500,70.3654,70.3654,70.3654,70.3654,150,0
NJUL.US,5,20250911,185000,70.375,70.375,70.375,70.375,100,0
NJUL.US,5,20250911,195500,70.3549,70.3549,70.3549,70.3549,421,0
NJUL.US,5,20250911,201500,70.375,70.375,70.375,70.375,200,0
NJUL.US,5,20250911,205000,70.4326,70.4326,70.35,70.35,16773,0
NJUL.US,5,20250912,162000,70.3759,70.3759,70.3759,70.3759,101,0
NJUL.US,5,20250912,195500,70.48,70.48,70.46,70.4601,550,0
NJUL.US,5,20250912,203500,70.5799,70.5799,70.5799,70.5799,115,0
NJUL.US,5,20250912,205500,70.48,70.5,70.48,70.5,200,0
NJUL.US,5,20250912,210500,70.54,70.54,70.54,70.54,325,0
NJUL.US,5,20250912,212500,70.58,70.58,70.58,70.58,155,0
NJUL.US,5,20250915,155500,70.61,70.61,70.61,70.61,100,0
NJUL.US,5,20250915,172500,70.6395,70.6395,70.6395,70.6395,101,0
NJUL.US,5,20250915,174500,70.64,70.64,70.64,70.64,1183,0
NJUL.US,5,20250915,175000,70.62,70.62,70.62,70.62,100,0
NJUL.US,5,20250915,190500,70.64,70.64,70.59,70.6,15024,0
NJUL.US,5,20250915,191000,70.5801,70.5801,70.5801,70.5801,7090,0
NJUL.US,5,20250915,191500,70.58,70.59,70.57,70.58,14198,0
NJUL.US,5,20250915,192000,70.5601,70.585,70.5601,70.57,11742,0
NJUL.US,5,20250915,192500,70.61,70.66,70.56,70.625,14258,0
NJUL.US,5,20250915,193000,70.5601,70.6362,70.5601,70.6279,7288,0
NJUL.US,5,20250915,193500,70.5611,70.624,70.5601,70.624,4063,0
NJUL.US,5,20250915,200000,70.61,70.61,70.61,70.61,100,0
NJUL.US,5,20250915,201000,70.61,70.69,70.5901,70.5901,1849,0
NJUL.US,5,20250915,201500,70.5901,70.6515,70.582,70.648,1624,0
NJUL.US,5,20250915,205500,70.61,70.61,70.61,70.61,350,0
NJUL.US,5,20250915,210000,70.6,70.6,70.6,70.6,600,0
NJUL.US,5,20250915,211000,70.63,70.63,70.63,70.63,400,0
NJUL.US,5,20250915,212000,70.59,70.59,70.59,70.59,100,0
NJUL.US,5,20250915,213000,70.59,70.59,70.59,70.59,117,0
NJUL.US,5,20250915,215000,70.58,70.58,70.58,70.58,100,0
NJUL.US,5,20250916,153000,70.7999,70.7999,70.7999,70.7999,315,0
NJUL.US,5,20250916,154000,70.64,70.64,70.64,70.64,100,0
NJUL.US,5,20250916,161500,70.62,70.62,70.62,70.62,200,0
NJUL.US,5,20250916,170000,70.59,70.59,70.59,70.59,100,0
NJUL.US,5,20250916,172500,70.615,70.615,70.615,70.615,422,0
NJUL.US,5,20250916,181500,70.57,70.57,70.57,70.57,100,0
NJUL.US,5,20250916,182500,70.62,70.62,70.62,70.62,100,0
NJUL.US,5,20250916,191000,70.63,70.63,70.63,70.63,100,0
NJUL.US,5,20250916,191500,70.61,70.61,70.61,70.61,100,0
NJUL.US,5,20250916,194000,70.63,70.63,70.5801,70.625,848,0
NJUL.US,5,20250916,201000,70.63,70.63,70.63,70.63,100,0
NJUL.US,5,20250916,203500,70.61,70.61,70.594,70.594,208,0
NJUL.US,5,20250916,205500,70.63,70.63,70.63,70.63,100,0
NJUL.US,5,20250916,214000,70.6,70.6128,70.59,70.6128,1084,0
NJUL.US,5,20250916,214500,70.6,70.625,70.6,70.625,1065,0
NJUL.US,5,20250916,215500,70.605,70.605,70.605,70.605,100,0
NJUL.US,5,20250917,153500,70.59,70.59,70.57,70.57,500,0
NJUL.US,5,20250917,165000,70.52,70.52,70.52,70.52,100,0
NJUL.US,5,20250917,171000,70.47,70.47,70.47,70.47,100,0
NJUL.US,5,20250917,175000,70.47,70.47,70.45,70.4509,1916,0
NJUL.US,5,20250917,191500,70.44,70.44,70.44,70.44,355,0
NJUL.US,5,20250917,193000,70.48,70.48,70.48,70.48,100,0
NJUL.US,5,20250917,193500,70.5,70.52,70.5,70.52,942,0
NJUL.US,5,20250917,194000,70.51,70.51,70.51,70.51,100,0
NJUL.US,5,20250917,200000,70.73,70.73,70.67,70.72,1000,0
NJUL.US,5,20250917,200500,70.72,70.975,70.58,70.58,34130,0
NJUL.US,5,20250917,201000,70.54,70.54,70.5,70.5,226,0
NJUL.US,5,20250917,201500,70.46,70.46,70.46,70.46,138,0
NJUL.US,5,20250917,202000,70.48,70.48,70.48,70.48,1059,0
NJUL.US,5,20250917,203500,70.42,70.42,70.42,70.42,100,0
NJUL.US,5,20250917,210500,70.63,70.63,70.63,70.63,100,0
NJUL.US,5,20250917,211500,70.59,70.59,70.59,70.59,100,0
NJUL.US,5,20250917,213500,70.63,70.63,70.63,70.63,100,0
NJUL.US,5,20250918,163000,70.91,70.91,70.91,70.91,200,0
NJUL.US,5,20250918,172500,70.905,70.905,70.905,70.905,112,0
NJUL.US,5,20250918,185000,70.875,70.875,70.875,70.875,402,0
NJUL.US,5,20250918,205500,70.84,70.84,70.84,70.84,100,0
NJUL.US,5,20250918,215500,70.835,70.84,70.835,70.84,600,0
NJUL.US,5,20250919,153500,70.85,70.85,70.81,70.81,2650,0
NJUL.US,5,20250919,155000,70.91,70.91,70.91,70.91,100,0
NJUL.US,5,20250919,164000,70.87,70.87,70.87,70.87,100,0
NJUL.US,5,20250919,175000,70.84,70.84,70.84,70.84,100,0
NJUL.US,5,20250919,180000,70.9,70.9,70.9,70.9,400,0
NJUL.US,5,20250919,182000,70.89,70.89,70.89,70.89,100,0
NJUL.US,5,20250919,200500,70.89,70.89,70.89,70.89,100,0
NJUL.US,5,20250919,205500,70.93,70.93,70.93,70.93,267,0
NJUL.US,5,20250919,211500,70.93,70.93,70.93,70.93,100,0
NJUL.US,5,20250919,215000,70.98,70.98,70.98,70.98,100,0
NJUL.US,5,20250922,162000,70.98,71.006,70.98,70.98,417,0
NJUL.US,5,20250922,171500,71.01,71.01,71.01,71.01,100,0
NJUL.US,5,20250922,173000,71.0458,71.0458,71.0458,71.0458,211,0
NJUL.US,5,20250922,181500,71.03,71.03,71.03,71.03,117,0
NJUL.US,5,20250922,184500,71.1064,71.1064,71.1064,71.1064,563,0
NJUL.US,5,20250922,191500,71.075,71.075,71.04,71.04,210,0
NJUL.US,5,20250922,192500,71.075,71.075,71.075,71.075,100,0
NJUL.US,5,20250922,200500,71.08,71.08,71.08,71.08,1005,0
NJUL.US,5,20250922,201000,71.08,71.08,71.08,71.08,100,0
NJUL.US,5,20250922,201500,71.09,71.09,71.09,71.09,100,0
NJUL.US,5,20250922,202500,71.09,71.09,71.09,71.09,100,0
NJUL.US,5,20250922,211000,71.095,71.095,71.095,71.095,100,0
NJUL.US,5,20250922,211500,71.095,71.11,71.095,71.11,500,0
NJUL.US,5,20250922,213000,71.1,71.1,71.1,71.1,100,0
NJUL.US,5,20250922,215000,71.06,71.18,71.06,71.18,764,0
NJUL.US,5,20250922,215500,71.18,71.18,71.18,71.18,900,0
NJUL.US,5,20250923,154000,71.02,71.02,71.02,71.02,100,0
NJUL.US,5,20250923,164000,71,71,71,71,100,0
NJUL.US,5,20250923,181000,70.98,70.98,70.98,70.98,100,0
NJUL.US,5,20250923,181500,70.95,70.95,70.95,70.95,113,0
NJUL.US,5,20250923,183500,70.98,70.98,70.98,70.98,200,0
NJUL.US,5,20250923,185000,71.034,71.034,71.034,71.034,450,0
NJUL.US,5,20250923,190000,70.95,70.95,70.95,70.95,580,0
NJUL.US,5,20250923,202000,70.81,70.81,70.81,70.81,100,0
NJUL.US,5,20250923,214500,70.85,70.85,70.85,70.85,200,0
NJUL.US,5,20250924,154000,70.87,70.87,70.87,70.87,100,0
NJUL.US,5,20250924,155000,70.8418,70.855,70.8418,70.855,243,0
NJUL.US,5,20250924,160000,70.86,70.86,70.85,70.85,400,0
NJUL.US,5,20250924,163500,70.856,70.856,70.856,70.856,600,0
NJUL.US,5,20250924,171000,70.82,70.82,70.82,70.82,100,0
NJUL.US,5,20250924,172500,70.83,70.83,70.83,70.83,100,0
NJUL.US,5,20250924,180000,70.7,70.7,70.7,70.7,300,0
NJUL.US,5,20250924,181500,70.66,70.66,70.66,70.66,300,0
NJUL.US,5,20250924,182500,70.71,70.71,70.71,70.71,100,0
NJUL.US,5,20250924,183000,70.72,70.72,70.72,70.72,500,0
NJUL.US,5,20250924,183500,70.8,70.81,70.8,70.81,621,0
NJUL.US,5,20250924,184500,70.7,70.7,70.69,70.69,300,0
NJUL.US,5,20250924,192500,70.73,70.73,70.73,70.73,100,0
NJUL.US,5,20250924,193500,70.76,70.76,70.76,70.76,128,0
NJUL.US,5,20250924,195000,70.71,70.71,70.71,70.71,100,0
NJUL.US,5,20250924,205000,70.765,70.765,70.765,70.765,360,0
NJUL.US,5,20250924,213000,70.7604,70.7604,70.7604,70.7604,189,0
NJUL.US,5,20250924,214000,70.72,70.72,70.72,70.72,100,0
NJUL.US,5,20250925,153500,70.48,70.48,70.48,70.48,100,0
NJUL.US,5,20250925,154500,70.47,70.47,70.47,70.47,200,0
NJUL.US,5,20250925,160000,70.54,70.54,70.54,70.54,400,0
NJUL.US,5,20250925,162500,70.67,70.67,70.67,70.67,100,0
NJUL.US,5,20250925,170500,70.7299,70.7299,70.7299,70.7299,347,0
NJUL.US,5,20250925,174500,70.74,70.74,70.74,70.74,508,0
NJUL.US,5,20250925,175000,70.7721,70.7721,70.7721,70.7721,425,0
NJUL.US,5,20250925,180000,70.73,70.73,70.73,70.73,100,0
NJUL.US,5,20250925,181500,70.77,70.77,70.77,70.77,140,0
NJUL.US,5,20250925,185000,70.67,70.725,70.67,70.725,208,0
NJUL.US,5,20250925,190500,70.69,70.69,70.69,70.69,100,0
NJUL.US,5,20250925,191000,70.7,70.7,70.7,70.7,600,0
NJUL.US,5,20250925,193000,70.65,70.65,70.65,70.65,707,0
NJUL.US,5,20250925,200000,70.53,70.53,70.53,70.53,100,0
NJUL.US,5,20250925,201500,70.58,70.58,70.58,70.58,100,0
NJUL.US,5,20250925,204000,70.67,70.67,70.67,70.67,100,0
NJUL.US,5,20250925,205500,70.68,70.68,70.68,70.68,600,0
NJUL.US,5,20250925,211500,70.66,70.66,70.66,70.66,100,0
NJUL.US,5,20250925,213000,70.7,70.7,70.7,70.7,150,0
NJUL.US,5,20250925,215500,70.66,70.6601,70.66,70.6601,2216,0
NJUL.US,5,20250926,160500,70.8187,70.8187,70.8187,70.8187,200,0
NJUL.US,5,20250926,164500,70.67,70.67,70.67,70.67,100,0
NJUL.US,5,20250926,173500,70.7999,70.7999,70.7999,70.7999,117,0
NJUL.US,5,20250926,174000,70.7,70.7,70.7,70.7,100,0
NJUL.US,5,20250926,180500,70.66,70.66,70.66,70.66,100,0
NJUL.US,5,20250926,182500,70.8999,70.8999,70.8999,70.8999,141,0
NJUL.US,5,20250926,193500,70.9419,70.9419,70.84,70.84,219,0
NJUL.US,5,20250926,202500,70.91,70.91,70.91,70.91,100,0
NJUL.US,5,20250926,203000,70.91,70.91,70.91,70.91,100,0
NJUL.US,5,20250926,204500,70.91,70.91,70.91,70.91,100,0
NJUL.US,5,20250926,210000,70.91,70.9104,70.91,70.9104,525,0
NJUL.US,5,20250926,210500,70.91,70.91,70.91,70.91,100,0
NJUL.US,5,20250926,211500,70.91,70.91,70.91,70.91,100,0
NJUL.US,5,20250926,213000,70.91,70.91,70.91,70.91,100,0
NJUL.US,5,20250926,213500,70.91,70.91,70.91,70.91,100,0
NJUL.US,5,20250929,155500,71.13,71.13,71.13,71.13,100,0
NJUL.US,5,20250929,182500,71.0464,71.0464,71.0464,71.0464,215,0
NJUL.US,5,20250929,185000,70.9807,71.027,70.9807,71.027,1274,0
NJUL.US,5,20250929,190000,70.96,70.96,70.96,70.96,100,0
NJUL.US,5,20250929,192000,71.025,71.025,71.025,71.025,508,0
NJUL.US,5,20250929,193000,71.025,71.025,71.025,71.025,100,0
NJUL.US,5,20250929,204500,71.05,71.05,71.05,71.05,270,0
NJUL.US,5,20250929,211500,70.99,70.99,70.99,70.99,100,0
NJUL.US,5,20250929,214500,70.99,70.9901,70.99,70.9901,420,0
NJUL.US,5,20250929,215500,71.05,71.05,71.05,71.05,114,0
NJUL.US,5,20250930,155000,70.89,70.89,70.89,70.89,100,0
NJUL.US,5,20250930,160000,70.97,71,70.97,71,300,0
NJUL.US,5,20250930,164500,70.96,71,70.96,71,1291,0
NJUL.US,5,20250930,172500,70.94,70.94,70.94,70.94,100,0
NJUL.US,5,20250930,174500,70.9136,70.9136,70.9136,70.9136,262,0
NJUL.US,5,20250930,180000,70.96,70.96,70.96,70.96,520,0
NJUL.US,5,20250930,200000,70.92,70.92,70.92,70.92,100,0
NJUL.US,5,20250930,201000,70.95,70.975,70.95,70.975,273,0
NJUL.US,5,20250930,202000,70.98,70.98,70.98,70.98,107,0
NJUL.US,5,20250930,202500,70.97,70.97,70.97,70.97,295,0
NJUL.US,5,20251001,153000,70.88,70.88,70.86,70.86,257,0
NJUL.US,5,20251001,172000,71.1018,71.1018,71.1018,71.1018,100,0
NJUL.US,5,20251001,173500,71.19,71.19,71.1899,71.1899,1142,0
NJUL.US,5,20251001,181500,71.138,71.138,71.138,71.138,133,0
NJUL.US,5,20251001,190000,71.155,71.155,71.155,71.155,100,0
NJUL.US,5,20251001,200500,71.19,71.19,71.19,71.19,100,0
NJUL.US,5,20251001,203000,71.19,71.2522,71.19,71.2522,1146,0
NJUL.US,5,20251001,210000,71.245,71.245,71.245,71.245,694,0
NJUL.US,5,20251001,210500,71.22,71.22,71.22,71.22,1161,0
NJUL.US,5,20251001,211000,71.21,71.2101,71.2,71.2101,688,0
NJUL.US,5,20251001,213000,71.2582,71.2582,71.2582,71.2582,107,0
NJUL.US,5,20251001,215000,71.21,71.21,71.21,71.21,500,0
NJUL.US,5,20251001,215500,71.245,71.245,71.21,71.2101,1664,0
NJUL.US,5,20251002,173500,71.17,71.17,71.17,71.17,100,0
NJUL.US,5,20251002,180500,71.1991,71.1991,71.1991,71.1991,350,0
NJUL.US,5,20251002,185500,71.23,71.23,71.23,71.23,268,0
NJUL.US,5,20251002,193000,71.27,71.27,71.27,71.27,104,0
NJUL.US,5,20251002,204000,71.2889,71.2889,71.2889,71.2889,481,0
NJUL.US,5,20251002,210500,71.28,71.3,71.28,71.3,937,0
NJUL.US,5,20251002,212000,71.26,71.26,71.26,71.26,120,0
NJUL.US,5,20251003,154500,71.42,71.42,71.42,71.42,100,0
NJUL.US,5,20251003,161500,71.2411,71.2411,71.2411,71.2411,217,0
NJUL.US,5,20251003,174000,71.3,71.3,71.3,71.3,1272,0
NJUL.US,5,20251003,184000,71.35,71.41,71.29,71.41,485,0
NJUL.US,5,20251003,201000,71.1614,71.1614,71.1614,71.1614,195,0
NJUL.US,5,20251003,201500,71.185,71.185,71.185,71.185,295,0
NJUL.US,5,20251003,202000,71.215,71.215,71.215,71.215,195,0
NJUL.US,5,20251003,203000,71.245,71.245,71.245,71.245,100,0
NJUL.US,5,20251003,204500,71.1701,71.1927,71.1701,71.1927,200,0
NJUL.US,5,20251006,153500,71.4005,71.4005,71.4005,71.4005,100,0
NJUL.US,5,20251006,154000,71.44,71.44,71.44,71.44,100,0
NJUL.US,5,20251006,164500,71.3,71.3001,71.3,71.3001,400,0
NJUL.US,5,20251006,174500,71.35,71.35,71.35,71.35,370,0
NJUL.US,5,20251006,180500,71.4399,71.4399,71.4399,71.4399,200,0
NJUL.US,5,20251006,181500,71.33,71.33,71.33,71.33,500,0
NJUL.US,5,20251006,183000,71.34,71.34,71.34,71.34,157,0
NJUL.US,5,20251006,184000,71.38,71.38,71.38,71.38,185,0
NJUL.US,5,20251006,184500,71.32,71.32,71.32,71.32,107,0
NJUL.US,5,20251006,185500,71.3656,71.3656,71.3656,71.3656,466,0
NJUL.US,5,20251006,193000,71.35,71.35,71.35,71.35,200,0
NJUL.US,5,20251006,193500,71.35,71.35,71.35,71.35,100,0
NJUL.US,5,20251006,194500,71.385,71.385,71.385,71.385,339,0
NJUL.US,5,20251006,201500,71.378,71.378,71.378,71.378,240,0
NJUL.US,5,20251006,202500,71.36,71.36,71.36,71.36,267,0
NJUL.US,5,20251006,210500,71.395,71.395,71.395,71.395,467,0
NJUL.US,5,20251007,172000,71.24353,71.24353,71.24353,71.24353,122,0
NJUL.US,5,20251007,174500,71.25,71.25,71.25,71.25,143,0
NJUL.US,5,20251007,175000,71.2245,71.2245,71.2245,71.2245,381,0
NJUL.US,5,20251007,191500,71.1815,71.1815,71.1815,71.1815,280,0
NJUL.US,5,20251007,215000,71.175,71.175,71.175,71.175,385,0
NJUL.US,5,20251007,215500,71.16,71.16,71.16,71.16,200,0
NJUL.US,5,20251008,155500,71.332,71.332,71.332,71.332,230,0
NJUL.US,5,20251008,160000,71.28,71.28,71.28,71.28,300,0
NJUL.US,5,20251008,173000,71.37,71.37,71.37,71.37,140,0
NJUL.US,5,20251008,175500,71.38,71.38,71.38,71.38,115,0
NJUL.US,5,20251008,181000,71.42,71.42,71.42,71.42,269,0
NJUL.US,5,20251008,182000,71.476,71.476,71.476,71.476,451,0
NJUL.US,5,20251008,183500,71.36,71.36,71.322,71.36,612,0
NJUL.US,5,20251008,210500,71.3601,71.3601,71.3601,71.3601,183,0
NJUL.US,5,20251008,213500,71.41,71.42,71.3918,71.42,900,0
NJUL.US,5,20251008,215500,71.445,71.445,71.43,71.43,310,0
NJUL.US,5,20251009,155000,71.4775,71.4775,71.4775,71.4775,168,0
NJUL.US,5,20251009,160000,71.379,71.379,71.379,71.379,150,0
NJUL.US,5,20251009,172000,71.388,71.388,71.388,71.388,248,0
NJUL.US,5,20251009,191000,71.25,71.27,71.25,71.27,300,0
NJUL.US,5,20251009,211000,71.32,71.35,71.32,71.35,299,0
NJUL.US,5,20251009,212000,71.34,71.34,71.34,71.34,200,0
NJUL.US,5,20251010,160500,71.46946,71.46946,71.46946,71.46946,433,0
NJUL.US,5,20251010,183500,70.77,70.77,70.77,70.77,2082,0
NJUL.US,5,20251010,190000,70.62,70.62,70.6,70.6,1533,0
NJUL.US,5,20251010,192500,70.73,70.73,70.6495,70.6495,1141,0
NJUL.US,5,20251010,193000,70.67,70.67,70.67,70.67,132,0
NJUL.US,5,20251010,194500,70.8599,70.8599,70.8599,70.8599,200,0
NJUL.US,5,20251010,210000,70.6508,70.6508,70.6508,70.6508,146,0
NJUL.US,5,20251010,211000,70.535,70.56,70.51,70.56,1529,0
NJUL.US,5,20251010,213000,70.555,70.555,70.555,70.555,684,0
NJUL.US,5,20251013,153000,70.8,70.8,70.8,70.8,900,0
NJUL.US,5,20251013,161500,71.04,71.04,71.04,71.04,200,0
NJUL.US,5,20251013,162500,70.9214,70.9214,70.9214,70.9214,125,0
NJUL.US,5,20251013,171500,70.9469,70.9469,70.9469,70.9469,200,0
NJUL.US,5,20251013,172000,70.98,70.98,70.98,70.98,100,0
NJUL.US,5,20251013,182000,70.98,70.98,70.98,70.98,600,0
NJUL.US,5,20251013,193000,70.98,70.98,70.98,70.98,478,0
NJUL.US,5,20251013,193500,71.035,71.035,70.9601,70.9601,324,0
NJUL.US,5,20251013,201000,71.0475,71.0475,71.0475,71.0475,113,0
NJUL.US,5,20251013,202000,71.0999,71.0999,71.0999,71.0999,430,0
NJUL.US,5,20251013,203500,71.04,71.0401,71.0209,71.0209,902,0
NJUL.US,5,20251013,213000,71.07,71.0999,71.07,71.0958,652,0
NJUL.US,5,20251013,213500,71.008,71.008,71.008,71.008,135,0
NJUL.US,5,20251013,214000,71.03,71.054,71.03,71.054,800,0
NJUL.US,5,20251014,155000,70.4601,70.4601,70.4601,70.4601,488,0
NJUL.US,5,20251014,165000,70.75,70.75,70.75,70.75,1070,0
NJUL.US,5,20251014,170500,70.82,70.82,70.82,70.82,343,0
NJUL.US,5,20251014,172500,70.805,70.805,70.805,70.805,1541,0
NJUL.US,5,20251014,173500,70.91,70.92,70.91,70.92,747,0
NJUL.US,5,20251014,175500,70.94,70.94,70.94,70.94,758,0
NJUL.US,5,20251014,181500,70.912,70.912,70.912,70.912,105,0
NJUL.US,5,20251014,182500,70.97,70.97,70.97,70.97,2514,0
NJUL.US,5,20251014,184000,70.9713,70.9713,70.9713,70.9713,360,0
NJUL.US,5,20251014,184500,71.0971,71.0971,71.0971,71.0971,176,0
NJUL.US,5,20251014,195000,71.085,71.085,71.085,71.085,320,0
NJUL.US,5,20251014,201500,71.055,71.055,71.055,71.055,330,0
NJUL.US,5,20251014,212000,71.04,71.065,71.04,71.065,1916,0
NJUL.US,5,20251014,213000,71.01,71.01,71.01,71.01,5007,0
NJUL.US,5,20251015,162500,71.3599,71.3599,71.3052,71.3052,566,0
NJUL.US,5,20251015,175000,71.04,71.04,71.04,71.04,537,0
NJUL.US,5,20251015,180000,71.075,71.075,71.075,71.075,331,0
NJUL.US,5,20251015,191500,70.73,70.7302,70.73,70.7302,752,0
NJUL.US,5,20251015,192500,70.83,70.83,70.83,70.83,219,0
NJUL.US,5,20251015,202500,70.98,70.98,70.98,70.98,907,0
NJUL.US,5,20251015,204000,71.01,71.01,71.01,71.01,1553,0
NJUL.US,5,20251015,214000,70.96,70.96,70.96,70.96,2671,0
NJUL.US,5,20251015,214500,71.0391,71.0391,70.96,70.9601,3796,0
NJUL.US,5,20251015,215500,70.94,70.94,70.94,70.94,508,0
NJUL.US,5,20251016,172500,71.12,71.12,71.12,71.12,979,0
NJUL.US,5,20251016,174000,71.08,71.08,71.08,71.08,1156,0
NJUL.US,5,20251016,174500,71.09,71.09,71.09,71.09,217,0
NJUL.US,5,20251016,180500,71.05,71.05,71.05,71.05,1090,0
NJUL.US,5,20251016,181500,71.02,71.02,71.02,71.02,365,0
NJUL.US,5,20251016,185000,70.82,70.82,70.82,70.82,3158,0
NJUL.US,5,20251016,191500,71,71,71,71,733,0
NJUL.US,5,20251016,204000,70.75,70.75,70.75,70.75,170,0
NJUL.US,5,20251016,211500,70.7,70.7,70.7,70.7,200,0
NJUL.US,5,20251016,212000,70.7479,70.7479,70.7479,70.7479,100,0
NJUL.US,5,20251016,212500,70.7262,70.7262,70.7262,70.7262,232,0
NJUL.US,5,20251016,215000,70.79,70.79,70.79,70.79,100,0
NJUL.US,5,20251017,161000,70.908,70.98,70.908,70.98,200,0
NJUL.US,5,20251017,171000,70.87,70.87,70.87,70.87,459,0
NJUL.US,5,20251017,174000,70.82,70.82,70.82,70.82,100,0
NJUL.US,5,20251017,201000,71.075,71.075,71.075,71.075,127,0
NJUL.US,5,20251017,204500,71.07,71.07,71.07,71.07,88794,0
NJUL.US,5,20251017,210000,71.14,71.14,71.14,71.14,2613,0
NJUL.US,5,20251017,211000,71.16,71.16,71.16,71.16,100,0
NJUL.US,5,20251017,214500,71.153,71.153,71.153,71.153,415,0
NJUL.US,5,20251020,172500,71.555,71.57,71.555,71.57,200,0
NJUL.US,5,20251020,173000,71.56,71.6149,71.56,71.6149,250,0
NJUL.US,5,20251020,174000,71.61,71.61,71.61,71.61,367,0
NJUL.US,5,20251020,175000,71.57,71.57,71.57,71.57,400,0
NJUL.US,5,20251021,165000,71.49,71.49,71.49,71.49,125,0
NJUL.US,5,20251021,174500,71.58,71.58,71.58,71.58,200,0
NJUL.US,5,20251021,181500,71.61,71.61,71.61,71.61,1500,0
NJUL.US,5,20251021,184000,71.59,71.59,71.59,71.59,400,0
NJUL.US,5,20251021,191000,71.55,71.55,71.55,71.55,150,0
NJUL.US,5,20251021,213500,71.55,71.55,71.55,71.55,100,0
NJUL.US,5,20251022,164500,71.412,71.412,71.412,71.412,139,0
NJUL.US,5,20251022,165500,71.43,71.43,71.43,71.43,100,0
NJUL.US,5,20251022,175000,71.36,71.36,71.36,71.36,400,0
NJUL.US,5,20251022,180000,71.405,71.405,71.405,71.405,148,0
NJUL.US,5,20251022,183000,71.21,71.21,71.21,71.21,104,0
NJUL.US,5,20251022,184000,71.23,71.23,71.23,71.23,114,0
NJUL.US,5,20251022,184500,71.31,71.31,71.31,71.31,100,0
NJUL.US,5,20251022,202000,71.16,71.16,71.16,71.16,100,0
NJUL.US,5,20251022,211500,71.2916,71.2916,71.2916,71.2916,255,0
NJUL.US,5,20251022,214000,71.305,71.305,71.305,71.305,280,0
NJUL.US,5,20251023,160000,71.45,71.45,71.45,71.45,2421,0
NJUL.US,5,20251023,163000,71.44,71.44,71.44,71.44,229,0
NJUL.US,5,20251023,172500,71.4755,71.4755,71.4755,71.4755,182,0
NJUL.US,5,20251023,205000,71.5406,71.5406,71.5406,71.5406,200,0
NJUL.US,5,20251023,212500,71.6,71.69,71.6,71.69,949,0
NJUL.US,5,20251024,161500,71.85,71.85,71.85,71.85,300,0
NJUL.US,5,20251024,173500,71.8832,71.8832,71.8832,71.8832,208,0
NJUL.US,5,20251024,185000,71.88,71.9,71.88,71.9,200,0
NJUL.US,5,20251027,145500,72.15,72.15,72.15,72.15,100,0
NJUL.US,5,20251027,160000,72.16,72.1601,72.16,72.1601,400,0
NJUL.US,5,20251027,162000,72.22,72.22,72.22,72.22,462,0
NJUL.US,5,20251027,162500,72.16,72.16,72.16,72.16,100,0
NJUL.US,5,20251027,165000,72.2296,72.2296,72.2296,72.2296,300,0
NJUL.US,5,20251027,192500,72.2,72.2,72.17,72.17,3614,0
NJUL.US,5,20251027,202500,72.1305,72.1305,72.1305,72.1305,150,0
NJUL.US,5,20251027,203500,72.13,72.13,72.13,72.13,300,0
NJUL.US,5,20251027,204500,72.15,72.15,72.15,72.15,100,0
NJUL.US,5,20251027,205000,72.15,72.15,72.15,72.15,530,0
NJUL.US,5,20251027,205500,72.18,72.18,72.18,72.18,203,0
NJUL.US,5,20251028,150000,72.2,72.2,72.2,72.2,100,0
NJUL.US,5,20251028,151500,72.2388,72.2388,72.1814,72.1814,402,0
NJUL.US,5,20251028,154500,72.17,72.17,72.17,72.17,100,0
NJUL.US,5,20251028,155500,72.2365,72.2365,72.2365,72.2365,1108,0
NJUL.US,5,20251028,164500,72.191,72.191,72.191,72.191,665,0
NJUL.US,5,20251028,165500,72.2,72.201,72.2,72.201,1263,0
NJUL.US,5,20251028,170000,72.211,72.211,72.211,72.211,1980,0
NJUL.US,5,20251028,172000,72.22,72.22,72.22,72.22,100,0
NJUL.US,5,20251028,172500,72.221,72.221,72.22,72.221,2020,0
NJUL.US,5,20251028,173000,72.29,72.29,72.29,72.29,880,0
NJUL.US,5,20251028,174000,72.251,72.251,72.251,72.251,910,0
NJUL.US,5,20251028,174500,72.251,72.261,72.251,72.261,775,0
NJUL.US,5,20251028,175000,72.295,72.295,72.295,72.295,220,0
NJUL.US,5,20251028,175500,72.26,72.26,72.26,72.26,100,0
NJUL.US,5,20251028,180000,72.295,72.295,72.295,72.295,595,0
NJUL.US,5,20251028,180500,72.261,72.261,72.261,72.261,800,0
NJUL.US,5,20251028,181000,72.261,72.261,72.261,72.261,1380,0
NJUL.US,5,20251028,181500,72.275,72.275,72.275,72.275,720,0
NJUL.US,5,20251028,182000,72.261,72.261,72.261,72.261,975,0
NJUL.US,5,20251028,182500,72.261,72.261,72.261,72.261,865,0
NJUL.US,5,20251028,183000,72.261,72.275,72.26,72.26,2986,0
NJUL.US,5,20251028,183500,72.27,72.27,72.27,72.27,535,0
NJUL.US,5,20251028,184000,72.27,72.27,72.27,72.27,100,0
NJUL.US,5,20251028,185000,72.28,72.28,72.24,72.24,750,0
NJUL.US,5,20251028,190000,72.26,72.26,72.23,72.23,1390,0
NJUL.US,5,20251028,190500,72.26,72.27,72.26,72.27,1267,0
NJUL.US,5,20251028,191000,72.27,72.27,72.26,72.26,1000,0
NJUL.US,5,20251028,191500,72.27,72.27,72.27,72.27,270,0
NJUL.US,5,20251028,192000,72.27,72.27,72.27,72.27,500,0
NJUL.US,5,20251028,192500,72.27,72.28,72.23,72.28,2246,0
NJUL.US,5,20251028,193000,72.28,72.29,72.28,72.28,1566,0
NJUL.US,5,20251028,193500,72.28,72.28,72.28,72.28,275,0
NJUL.US,5,20251028,194000,72.27,72.27,72.23,72.23,1032,0
NJUL.US,5,20251028,194500,72.25,72.315,72.23,72.24,5169,0
NJUL.US,5,20251028,195000,72.24,72.315,72.24,72.315,1030,0
NJUL.US,5,20251028,195500,72.25,72.25,72.24,72.24,2978,0
NJUL.US,5,20251028,200000,72.24,72.25,72.24,72.24,400,0
NJUL.US,5,20251028,200500,72.3405,72.3405,72.24,72.24,1718,0
NJUL.US,5,20251028,201000,72.25,72.25,72.25,72.25,200,0
NJUL.US,5,20251028,201500,72.25,72.25,72.25,72.25,300,0
NJUL.US,5,20251028,202000,72.25,72.25,72.25,72.25,1015,0
NJUL.US,5,20251028,202500,72.25,72.27,72.25,72.27,927,0
NJUL.US,5,20251028,203500,72.27,72.27,72.25,72.26,800,0
NJUL.US,5,20251028,204000,72.26,72.26,72.23,72.23,400,0
NJUL.US,5,20251028,204500,72.24,72.24,72.23,72.23,2357,0
NJUL.US,5,20251029,144000,72.317,72.317,72.31,72.3101,300,0
NJUL.US,5,20251029,154000,72.31,72.31,72.31,72.31,1383,0
NJUL.US,5,20251029,160500,72.3518,72.3518,72.3311,72.3311,613,0
NJUL.US,5,20251029,161500,72.3,72.3,72.27,72.27,26927,0
NJUL.US,5,20251029,163000,72.28,72.3311,72.28,72.28,946,0
NJUL.US,5,20251029,165500,72.27,72.27,72.27,72.27,500,0
NJUL.US,5,20251029,172500,72.3276,72.3276,72.28,72.28,612,0
NJUL.US,5,20251029,173000,72.28,72.28,72.28,72.28,100,0
NJUL.US,5,20251029,173500,72.28,72.2801,72.28,72.2801,284,0
NJUL.US,5,20251029,174000,72.335,72.335,72.335,72.335,155,0
NJUL.US,5,20251029,175500,72.28,72.28,72.28,72.28,162,0
NJUL.US,5,20251029,190000,72.28,72.28,72.28,72.28,200,0
NJUL.US,5,20251029,191500,72.2864,72.2864,72.2864,72.2864,200,0
NJUL.US,5,20251029,195000,72.23,72.27,72.23,72.27,4210,0
NJUL.US,5,20251029,195500,72.28,72.29,72.28,72.29,3390,0
NJUL.US,5,20251029,200000,72.28,72.28,72.28,72.28,134,0
NJUL.US,5,20251029,202000,72.1601,72.18,72.1601,72.18,2706,0
NJUL.US,5,20251029,204000,72.22,72.22,72.18,72.18,18137,0
NJUL.US,5,20251029,205500,72.21,72.21,72.21,72.21,348,0
NJUL.US,5,20251030,143000,72.13,72.145,72.125,72.135,1900,0
NJUL.US,5,20251030,143500,72.12,72.12,72.045,72.045,900,0
NJUL.US,5,20251030,144000,72.07,72.07,72.07,72.07,100,0
NJUL.US,5,20251030,144500,72.075,72.125,72.075,72.125,300,0
NJUL.US,5,20251030,145500,72.215,72.215,72.215,72.215,100,0
NJUL.US,5,20251030,150000,72.215,72.215,72.215,72.215,100,0
NJUL.US,5,20251030,155000,72.065,72.065,72.065,72.065,100,0
NJUL.US,5,20251030,155500,72.065,72.065,72.065,72.065,100,0
NJUL.US,5,20251030,160000,72.095,72.1,72.09,72.1,1649,0
NJUL.US,5,20251030,162000,72.13,72.13,72.13,72.13,227,0
NJUL.US,5,20251030,164000,72.05,72.05,72.05,72.05,277,0
NJUL.US,5,20251030,171000,72.2,72.2,72.2,72.2,100,0
NJUL.US,5,20251030,181000,72.11,72.11,72.11,72.11,9423,0
NJUL.US,5,20251030,184000,72.152,72.152,72.152,72.152,389,0
NJUL.US,5,20251030,185000,72.16,72.16,72.16,72.16,100,0
NJUL.US,5,20251030,193000,72.105,72.105,72.105,72.105,200,0
NJUL.US,5,20251030,205000,71.95,71.97,71.95,71.97,266,0
NJUL.US,5,20251030,205500,71.95,71.95,71.95,71.95,309,0
NJUL.US,5,20251031,144000,72.15,72.15,72.15,72.15,100,0
NJUL.US,5,20251031,175000,72.105,72.105,72.105,72.105,441,0
NJUL.US,5,20251031,183500,72.0255,72.0255,72.0255,72.0255,200,0
NJUL.US,5,20251031,201500,72.09,72.23,72.09,72.23,294,0
NJUL.US,5,20251031,202500,72.2039,72.2039,72.2039,72.2039,308,0
NJUL.US,5,20251103,153000,72.24,72.26,72.23,72.23,7516,0
NJUL.US,5,20251103,160000,72.16,72.16,72.16,72.16,100,0
NJUL.US,5,20251103,171000,72.11,72.15,72.11,72.11,900,0
NJUL.US,5,20251103,175500,72.13,72.14,72.13,72.1301,2260,0
NJUL.US,5,20251103,180000,72.1478,72.1478,72.1478,72.1478,364,0
NJUL.US,5,20251103,181500,72.17,72.17,72.17,72.17,200,0
NJUL.US,5,20251103,182000,72.17,72.17,72.17,72.17,300,0
NJUL.US,5,20251103,183000,72.16,72.16,72.16,72.16,4180,0
NJUL.US,5,20251103,183500,72.17,72.175,72.17,72.17,400,0
NJUL.US,5,20251103,184000,72.17,72.175,72.17,72.175,600,0
NJUL.US,5,20251103,184500,72.175,72.175,72.175,72.175,2000,0
NJUL.US,5,20251103,185000,72.175,72.175,72.175,72.175,500,0
NJUL.US,5,20251103,190000,72.24,72.24,72.24,72.24,495,0
NJUL.US,5,20251103,214000,72.13,72.1301,72.13,72.1301,480,0
NJUL.US,5,20251104,153000,71.765,71.765,71.765,71.765,448,0
NJUL.US,5,20251104,172000,71.8321,71.8321,71.8321,71.8321,442,0
NJUL.US,5,20251104,182500,71.815,71.815,71.815,71.815,100,0
NJUL.US,5,20251104,185500,71.75,71.75,71.72,71.73,12688,0
NJUL.US,5,20251104,192000,71.71,71.71,71.71,71.71,300,0
NJUL.US,5,20251104,193000,71.7328,71.7328,71.7328,71.7328,228,0
NJUL.US,5,20251104,195000,71.765,71.775,71.74,71.7401,882,0
NJUL.US,5,20251104,212000,71.6772,71.6772,71.6772,71.6772,474,0
NJUL.US,5,20251104,213000,71.7272,71.7272,71.7272,71.7272,140,0
NJUL.US,5,20251104,214000,71.758,71.758,71.758,71.758,625,0
NJUL.US,5,20251104,215000,71.7275,71.7275,71.7275,71.7275,121,0
NJUL.US,5,20251105,154000,71.53,71.53,71.53,71.53,100,0
NJUL.US,5,20251105,154500,71.685,71.73,71.685,71.73,1000,0
NJUL.US,5,20251105,155500,71.805,71.82,71.51,71.51,300,0
NJUL.US,5,20251105,160000,71.8,71.8,71.8,71.8,100,0
NJUL.US,5,20251105,170500,71.87,71.87,71.84,71.84,935,0
NJUL.US,5,20251105,172000,71.9,71.9,71.9,71.9,100,0
NJUL.US,5,20251105,173500,71.9204,71.9204,71.9204,71.9204,120,0
NJUL.US,5,20251105,174000,71.9245,71.9245,71.9245,71.9245,277,0
NJUL.US,5,20251105,174500,71.915,71.915,71.915,71.915,100,0
NJUL.US,5,20251105,182000,71.99,71.99,71.99,71.99,500,0
NJUL.US,5,20251105,183000,71.94,71.94,71.94,71.94,100,0
NJUL.US,5,20251105,183500,72.02,72.02,71.96,71.96,2100,0
NJUL.US,5,20251105,185000,72.03,72.03,72.03,72.03,100,0
NJUL.US,5,20251105,201500,71.97,71.97,71.97,71.97,6553,0
NJUL.US,5,20251105,202000,71.97,71.99,71.97,71.99,9327,0
NJUL.US,5,20251105,202500,71.99,71.99,71.99,71.99,700,0
NJUL.US,5,20251105,203500,71.995,71.995,71.995,71.995,2000,0
NJUL.US,5,20251105,204000,71.995,71.995,71.995,71.995,600,0
NJUL.US,5,20251105,204500,71.98,71.98,71.98,71.98,3551,0
NJUL.US,5,20251105,205000,71.995,71.995,71.995,71.995,400,0
NJUL.US,5,20251105,205500,71.995,71.995,71.975,71.975,400,0
NJUL.US,5,20251105,211000,71.95,71.95,71.95,71.95,500,0
NJUL.US,5,20251105,213000,71.91,71.9101,71.89,71.9101,625,0
NJUL.US,5,20251106,154000,71.84,71.84,71.84,71.84,350,0
NJUL.US,5,20251106,160000,71.641,71.641,71.641,71.641,104,0
NJUL.US,5,20251106,184000,71.3401,71.4293,71.3401,71.4293,6388,0
NJUL.US,5,20251106,185500,71.46,71.46,71.44,71.46,13937,0
NJUL.US,5,20251106,190500,71.39,71.39,71.39,71.39,100,0
NJUL.US,5,20251106,200500,71.49,71.5,71.49,71.5,200,0
NJUL.US,5,20251107,163500,71.0542,71.06,71.0542,71.06,200,0
NJUL.US,5,20251107,172500,70.91,70.91,70.91,70.91,100,0
NJUL.US,5,20251107,182000,70.895,70.9,70.895,70.9,200,0
NJUL.US,5,20251107,183000,70.9201,70.9201,70.9201,70.9201,146,0
NJUL.US,5,20251107,192000,70.95,70.95,70.95,70.95,100,0
NJUL.US,5,20251107,200500,71.035,71.035,71.035,71.035,100,0
NJUL.US,5,20251107,202000,71.04,71.04,71.04,71.04,126,0
NJUL.US,5,20251107,204000,71.2,71.265,71.2,71.265,200,0
NJUL.US,5,20251107,214000,71.23,71.23,71.21,71.21,1229,0
NJUL.US,5,20251107,215000,71.2,71.2,71.2,71.2,200,0
NJUL.US,5,20251107,215500,71.255,71.26,71.255,71.26,200,0
NJUL.US,5,20251110,155500,71.84,71.84,71.84,71.84,130,0
NJUL.US,5,20251110,163000,71.92,71.92,71.92,71.92,200,0
NJUL.US,5,20251110,163500,71.92,71.92,71.92,71.92,310,0
NJUL.US,5,20251110,165500,71.74,71.74,71.74,71.74,5760,0
NJUL.US,5,20251110,170500,71.69,71.69,71.69,71.69,17593,0
NJUL.US,5,20251110,171000,71.73,71.73,71.73,71.73,7958,0
NJUL.US,5,20251110,172500,71.7,71.7,71.7,71.7,6239,0
NJUL.US,5,20251110,190000,71.8951,71.8951,71.8951,71.8951,148,0
NJUL.US,5,20251110,201000,71.845,71.86,71.84,71.86,4611,0
NJUL.US,5,20251110,205000,71.875,71.875,71.875,71.875,100,0
NJUL.US,5,20251110,211000,71.8784,71.8784,71.8784,71.8784,174,0
NJUL.US,5,20251110,214000,71.8855,71.8855,71.8855,71.8855,293,0
NJUL.US,5,20251110,214500,71.89,71.89,71.89,71.89,100,0
NJUL.US,5,20251111,165000,71.69,71.694,71.6801,71.69,1025,0
NJUL.US,5,20251111,192500,71.8,71.81,71.8,71.81,800,0
NJUL.US,5,20251111,193000,71.81,71.81,71.81,71.81,100,0
NJUL.US,5,20251111,194500,71.84,71.84,71.83,71.84,725,0
NJUL.US,5,20251111,195000,71.82,71.82,71.82,71.82,100,0
NJUL.US,5,20251111,211000,71.89,71.89,71.89,71.89,114,0
NJUL.US,5,20251111,212000,71.8,71.8001,71.8,71.8001,600,0
NJUL.US,5,20251111,215500,71.6,71.6,71.6,71.6,100,0
NJUL.US,5,20251112,162500,71.79,71.79,71.78,71.78,587,0
NJUL.US,5,20251112,164000,71.76,71.76,71.76,71.76,470,0
NJUL.US,5,20251112,165500,71.71,71.71,71.7,71.7,300,0
NJUL.US,5,20251112,181500,71.7,71.7,71.69,71.69,445,0
NJUL.US,5,20251112,182500,71.71,71.71,71.71,71.71,299,0
NJUL.US,5,20251112,183500,71.74,71.74,71.74,71.74,200,0
NJUL.US,5,20251112,184000,71.77,71.77,71.76,71.76,900,0
NJUL.US,5,20251112,192000,71.77,71.77,71.77,71.77,100,0
NJUL.US,5,20251112,195500,71.78,71.78,71.76,71.76,300,0
NJUL.US,5,20251112,205000,71.745,71.745,71.745,71.745,377,0
NJUL.US,5,20251112,205500,71.76,71.76,71.76,71.76,200,0
NJUL.US,5,20251112,210500,71.73,71.73,71.73,71.73,300,0
NJUL.US,5,20251112,213000,71.81,71.81,71.79,71.79,1385,0
NJUL.US,5,20251113,171000,71.3652,71.3652,71.3652,71.3652,529,0
NJUL.US,5,20251113,174500,71.38,71.38,71.38,71.38,143,0
NJUL.US,5,20251113,185000,71.32,71.32,71.32,71.32,100,0
NJUL.US,5,20251113,185500,71.31,71.31,71.31,71.31,159,0
NJUL.US,5,20251113,191000,71.348,71.348,71.348,71.348,159,0
NJUL.US,5,20251113,192000,71.28,71.28,71.28,71.28,100,0
NJUL.US,5,20251113,202500,71.24,71.24,71.24,71.24,200,0
NJUL.US,5,20251113,205500,71.18,71.18,71.18,71.18,684,0
NJUL.US,5,20251113,214500,71.275,71.275,71.23,71.23,361,0
NJUL.US,5,20251113,215500,71.21,71.21,71.18,71.18,634,0
NJUL.US,5,20251114,165500,71.3591,71.3591,71.3591,71.3591,420,0
NJUL.US,5,20251114,181500,71.5026,71.5026,71.5026,71.5026,264,0
NJUL.US,5,20251114,211500,71.47,71.47,71.36,71.47,700,0
NJUL.US,5,20251114,215500,71.3011,71.3011,71.3011,71.3011,144,0
NJUL.US,5,20251117,172500,71.22,71.22,71.22,71.22,100,0
NJUL.US,5,20251117,190500,71.1764,71.1764,71.1764,71.1764,517,0
NJUL.US,5,20251117,191000,71.17,71.17,71.1502,71.1601,2223,0
NJUL.US,5,20251117,191500,71.17,71.17,71.17,71.17,992,0
NJUL.US,5,20251117,204000,71.01,71.01,70.9616,70.9616,590,0
NJUL.US,5,20251117,204500,70.9605,70.9605,70.9605,70.9605,115,0
NJUL.US,5,20251117,213500,70.94,70.94,70.94,70.94,273,0
NJUL.US,5,20251117,215500,71.05,71.05,71.05,71.05,100,0
NJUL.US,5,20251118,154000,70.88,70.8801,70.8773,70.8773,300,0
NJUL.US,5,20251118,161500,70.6,70.6,70.6,70.6,100,0
NJUL.US,5,20251118,162000,70.65,70.65,70.65,70.65,100,0
NJUL.US,5,20251118,162500,70.8099,70.8099,70.8099,70.8099,138,0
NJUL.US,5,20251118,163500,70.56,70.56,70.56,70.56,126,0
NJUL.US,5,20251118,171500,70.6372,70.6372,70.6,70.6001,1692,0
NJUL.US,5,20251118,172000,70.6407,70.6407,70.6407,70.6407,185,0
NJUL.US,5,20251118,172500,70.7972,70.7972,70.7972,70.7972,200,0
NJUL.US,5,20251118,181000,70.76,70.76,70.75,70.75,1664,0
NJUL.US,5,20251118,183500,70.73,70.73,70.73,70.73,200,0
NJUL.US,5,20251118,185500,70.8936,70.94,70.8936,70.94,1504,0
NJUL.US,5,20251118,190000,71.02,71.02,71.02,71.02,239,0
NJUL.US,5,20251118,195000,70.94,70.94,70.94,70.94,100,0
NJUL.US,5,20251118,200000,70.91,70.91,70.91,70.91,100,0
NJUL.US,5,20251118,201500,70.91,70.91,70.91,70.91,969,0
NJUL.US,5,20251118,203000,70.87,70.87,70.85,70.8501,758,0
NJUL.US,5,20251118,210500,70.87,70.87,70.87,70.87,100,0
NJUL.US,5,20251118,211500,70.89,70.89,70.87,70.87,2215,0
NJUL.US,5,20251118,212000,70.89,70.89,70.89,70.89,100,0
NJUL.US,5,20251118,213500,70.83,70.8449,70.83,70.8449,250,0
NJUL.US,5,20251118,215000,70.8,70.8,70.8,70.8,100,0
NJUL.US,5,20251118,215500,70.76,70.76,70.76,70.76,100,0
NJUL.US,5,20251119,173000,70.89,70.89,70.89,70.89,300,0
NJUL.US,5,20251119,174500,70.85,70.85,70.85,70.85,128,0
NJUL.US,5,20251119,180000,70.9,70.9,70.9,70.9,300,0
NJUL.US,5,20251119,180500,70.8,70.83,70.78,70.83,900,0
NJUL.US,5,20251119,182500,70.77,70.77,70.77,70.77,100,0
NJUL.US,5,20251119,191500,70.82,70.8201,70.82,70.8201,580,0
NJUL.US,5,20251119,192000,70.83,70.86,70.83,70.83,300,0
NJUL.US,5,20251119,192500,70.85,70.85,70.85,70.85,100,0
NJUL.US,5,20251119,193500,70.8285,70.8285,70.8285,70.8285,300,0
NJUL.US,5,20251119,200000,70.86,70.86,70.86,70.86,230,0
NJUL.US,5,20251119,211500,71.01,71.02,71.01,71.02,600,0
NJUL.US,5,20251119,212000,71.02,71.03,71.02,71.03,600,0
NJUL.US,5,20251120,162000,71.585,71.585,71.585,71.585,939,0
NJUL.US,5,20251120,163000,71.64,71.64,71.64,71.64,100,0
NJUL.US,5,20251120,170500,71.42,71.42,71.42,71.42,2890,0
NJUL.US,5,20251120,173000,71.18,71.18,71.18,71.18,100,0
NJUL.US,5,20251120,174500,70.99,71,70.99,71,200,0
NJUL.US,5,20251120,175000,71.07,71.07,71.02,71.02,1020,0
NJUL.US,5,20251120,175500,70.84,70.84,70.84,70.84,186,0
NJUL.US,5,20251120,181000,70.65,70.65,70.65,70.65,122,0
NJUL.US,5,20251120,182000,70.63,70.63,70.63,70.63,100,0
NJUL.US,5,20251120,184500,70.57,70.57,70.57,70.57,500,0
NJUL.US,5,20251120,205500,70.4891,70.51,70.4891,70.51,584,0
NJUL.US,5,20251121,165000,70.18,70.1801,70.18,70.1801,1000,0
NJUL.US,5,20251121,175500,70.57,70.57,70.57,70.57,158,0
NJUL.US,5,20251121,181000,70.58,70.58,70.58,70.58,200,0
NJUL.US,5,20251121,184000,70.61,70.61,70.61,70.61,353,0
NJUL.US,5,20251121,193000,70.52,70.52,70.52,70.52,100,0
NJUL.US,5,20251121,200500,70.79,70.7901,70.79,70.7901,800,0
NJUL.US,5,20251121,214000,70.59,70.6449,70.59,70.6449,654,0
NJUL.US,5,20251121,214500,70.65,70.65,70.65,70.65,164,0
NJUL.US,5,20251124,155500,70.99,70.99,70.97,70.97,820,0
NJUL.US,5,20251124,160000,71.08,71.08,71.08,71.08,100,0
NJUL.US,5,20251124,163000,71.12,71.12,71.08,71.1,9633,0
NJUL.US,5,20251124,163500,71.12,71.12,71.1,71.12,9501,0
NJUL.US,5,20251124,164500,71.2339,71.2339,71.2339,71.2339,153,0
NJUL.US,5,20251124,172000,71.26,71.26,71.26,71.26,100,0
NJUL.US,5,20251124,175000,71.2844,71.3,71.2844,71.3,448,0
NJUL.US,5,20251124,181500,71.26,71.26,71.26,71.26,100,0
NJUL.US,5,20251124,200000,71.33,71.33,71.33,71.33,100,0
NJUL.US,5,20251124,213500,71.33,71.33,71.33,71.33,100,0
NJUL.US,5,20251125,160000,71.18,71.18,71.18,71.18,100,0
NJUL.US,5,20251125,182500,71.48,71.48,71.48,71.48,600,0
NJUL.US,5,20251125,184000,71.52,71.52,71.49,71.51,905,0
NJUL.US,5,20251125,184500,71.5,71.5,71.5,71.5,100,0
NJUL.US,5,20251125,191500,71.46,71.46,71.46,71.46,100,0
NJUL.US,5,20251125,204500,71.44,71.44,71.44,71.44,153,0
NJUL.US,5,20251125,210000,71.52,71.52,71.52,71.52,100,0
NJUL.US,5,20251125,212000,71.53,71.53,71.53,71.53,1000,0
NJUL.US,5,20251125,212500,71.5332,71.5332,71.5332,71.5332,224,0
NJUL.US,5,20251125,213000,71.55,71.55,71.55,71.55,144,0
NJUL.US,5,20251126,155500,71.76,71.76,71.76,71.76,100,0
NJUL.US,5,20251126,164000,71.95,71.95,71.95,71.95,120,0
NJUL.US,5,20251126,172000,71.9,71.9,71.9,71.9,100,0
NJUL.US,5,20251126,174500,71.94,71.94,71.94,71.94,100,0
NJUL.US,5,20251126,182000,72.02,72.02,72.02,72.02,293,0
NJUL.US,5,20251126,190500,71.87,71.87,71.87,71.87,100,0
NJUL.US,5,20251126,191000,71.89,71.89,71.89,71.89,100,0
NJUL.US,5,20251126,191500,71.9,71.9,71.9,71.9,100,0
NJUL.US,5,20251126,192500,71.92,71.92,71.92,71.92,100,0
NJUL.US,5,20251126,194500,71.87,71.87,71.85,71.87,1225,0
NJUL.US,5,20251126,200000,71.885,71.9,71.885,71.9,200,0
NJUL.US,5,20251126,200500,71.88,71.88,71.88,71.88,100,0
NJUL.US,5,20251126,201000,71.87,71.87,71.85,71.85,556,0
NJUL.US,5,20251126,201500,71.9,71.9,71.9,71.9,105,0
NJUL.US,5,20251126,203000,71.92,71.92,71.92,71.92,100,0
NJUL.US,5,20251126,205000,71.89,71.89,71.89,71.89,100,0
NJUL.US,5,20251126,210000,71.88,71.88,71.88,71.88,100,0
NJUL.US,5,20251126,210500,71.9046,71.9046,71.9046,71.9046,241,0
NJUL.US,5,20251126,214500,71.93,71.93,71.9299,71.9299,400,0
NJUL.US,5,20251126,215500,71.87,71.87,71.8544,71.8544,342,0
NJUL.US,5,20251128,165500,72.07,72.07,72.061,72.061,224,0
NJUL.US,5,20251128,185000,72.0966,72.0966,72.0966,72.0966,650,0
NJUL.US,5,20251201,160000,72.04,72.04,72.04,72.04,100,0
NJUL.US,5,20251201,164500,72.01,72.01,71.99,71.99,1200,0
NJUL.US,5,20251201,165000,72.06,72.07,72.06,72.07,221,0
NJUL.US,5,20251201,170500,72.08,72.08,72.08,72.08,190,0
NJUL.US,5,20251201,181500,72.17,72.17,72.17,72.17,254,0
NJUL.US,5,20251201,193000,72.2128,72.2128,72.14,72.14,487,0
NJUL.US,5,20251201,203000,72.07,72.07,72.07,72.07,409,0
NJUL.US,5,20251201,210000,72.1215,72.1215,72.1215,72.1215,169,0
NJUL.US,5,20251201,214500,72.23,72.23,72.23,72.23,140,0
NJUL.US,5,20251202,165000,72.3,72.3,72.3,72.3,1758,0
NJUL.US,5,20251202,170500,72.2575,72.29,72.2575,72.29,516,0
NJUL.US,5,20251202,174000,72.15,72.15,72.15,72.15,275,0
NJUL.US,5,20251202,192000,72.2226,72.2226,72.2226,72.2226,217,0
NJUL.US,5,20251202,195000,72.21,72.21,72.21,72.21,100,0
NJUL.US,5,20251202,203000,72.25,72.2504,72.25,72.2504,900,0
NJUL.US,5,20251203,173000,72.31,72.31,72.31,72.31,1000,0
NJUL.US,5,20251203,194500,72.34,72.34,72.34,72.34,100,0
NJUL.US,5,20251203,201500,72.34,72.34,72.33,72.33,200,0
NJUL.US,5,20251203,215000,72.31,72.31,72.31,72.31,200,0
NJUL.US,5,20251204,163500,72.3,72.3,72.3,72.3,928,0
NJUL.US,5,20251204,193500,72.31,72.31,72.31,72.31,1000,0
NJUL.US,5,20251204,194000,72.29,72.29,72.29,72.29,900,0
NJUL.US,5,20251204,202000,72.23,72.23,72.23,72.23,200,0
NJUL.US,5,20251204,204500,72.28,72.32,72.28,72.32,235,0
NJUL.US,5,20251204,210000,72.29,72.29,72.29,72.29,100,0
NJUL.US,5,20251204,213000,72.29,72.29,72.29,72.29,400,0
NJUL.US,5,20251204,215500,72.3125,72.3125,72.3125,72.3125,126,0
NJUL.US,5,20251205,153500,72.5,72.5,72.5,72.5,221,0
NJUL.US,5,20251205,170000,72.515,72.515,72.515,72.515,241,0
NJUL.US,5,20251205,215500,72.6,72.6,72.6,72.6,100,0
NJUL.US,5,20251208,155500,72.49,72.49,72.49,72.49,100,0
NJUL.US,5,20251208,183500,72.413,72.413,72.413,72.413,150,0
NJUL.US,5,20251208,185000,72.40826,72.40826,72.40826,72.40826,204,0
NJUL.US,5,20251208,191500,72.43,72.43,72.43,72.43,100,0
NJUL.US,5,20251208,193500,72.4131,72.4131,72.4131,72.4131,195,0
NJUL.US,5,20251208,195500,72.41,72.41,72.41,72.41,200,0
NJUL.US,5,20251208,215500,72.37,72.44,72.37,72.44,399,0
NJUL.US,5,20251209,153500,72.35,72.35,72.345,72.35,1945,0
NJUL.US,5,20251209,154000,72.3763,72.3763,72.3763,72.3763,117,0
NJUL.US,5,20251209,164000,72.45,72.45,72.45,72.45,138,0
NJUL.US,5,20251209,171500,72.4575,72.4575,72.4575,72.4575,125,0
NJUL.US,5,20251209,173000,72.431,72.431,72.431,72.431,242,0
NJUL.US,5,20251209,173500,72.47,72.47,72.47,72.47,100,0
NJUL.US,5,20251209,175500,72.475,72.475,72.475,72.475,100,0
NJUL.US,5,20251209,201500,72.45,72.45,72.45,72.45,134,0
NJUL.US,5,20251209,205500,72.455,72.4601,72.455,72.46,500,0
NJUL.US,5,20251210,161500,72.42,72.42,72.42,72.42,100,0
NJUL.US,5,20251210,174000,72.495,72.495,72.495,72.495,1378,0
NJUL.US,5,20251210,183500,72.48,72.48,72.48,72.48,712,0
NJUL.US,5,20251210,194000,72.4,72.41,72.4,72.41,445,0
NJUL.US,5,20251210,204000,72.45,72.47,72.45,72.47,200,0
NJUL.US,5,20251210,212500,72.655,72.655,72.655,72.655,199,0
NJUL.US,5,20251211,173000,72.51,72.51,72.51,72.51,138,0
NJUL.US,5,20251211,201500,72.5535,72.585,72.5535,72.585,248,0
NJUL.US,5,20251211,215000,72.6,72.6,72.6,72.6,841,0
NJUL.US,5,20251212,172500,72.08,72.08,72.08,72.08,100,0
NJUL.US,5,20251212,214000,72.0901,72.0901,72.0901,72.0901,160,0
NJUL.US,5,20251212,214500,72.1,72.1,72.1,72.1,715,0
NJUL.US,5,20251212,215000,72.13,72.13,72.13,72.13,100,0
NJUL.US,5,20251212,215500,72.196,72.196,72.196,72.196,179,0
NJUL.US,5,20251215,162000,72.21,72.21,72.21,72.21,289,0
NJUL.US,5,20251215,172500,72.25,72.25,72.23,72.23,265,0
NJUL.US,5,20251215,180000,72.15,72.15,72.15,72.15,154,0
NJUL.US,5,20251215,185500,72.17,72.17,72.17,72.17,600,0
NJUL.US,5,20251215,190500,72.22,72.22,72.22,72.22,814,0
NJUL.US,5,20251215,191500,72.22,72.22,72.22,72.22,2310,0
NJUL.US,5,20251215,192500,72.15,72.15,72.15,72.15,1437,0
NJUL.US,5,20251215,214000,72.1,72.1,72.08,72.08,790,0
NJUL.US,5,20251215,215500,72.09,72.09,72.09,72.09,145,0
NJUL.US,5,20251216,163000,72.0758,72.0758,72.0758,72.0758,451,0
NJUL.US,5,20251216,184500,72.0796,72.0796,72.0796,72.0796,156,0
NJUL.US,5,20251216,193500,72.0501,72.0501,72.0501,72.0501,100,0
NJUL.US,5,20251216,213500,72.24,72.24,72.24,72.24,100,0
NJUL.US,5,20251216,215500,72.23,72.23,72.23,72.23,577,0
NJUL.US,5,20251217,153500,72.3281,72.3281,72.3281,72.3281,147,0
NJUL.US,5,20251217,170500,71.88,71.8801,71.88,71.8801,468,0
NJUL.US,5,20251217,172500,71.9386,71.9386,71.9386,71.9386,1195,0
NJUL.US,5,20251217,173000,71.9,71.9,71.9,71.9,979,0
NJUL.US,5,20251217,212500,71.7604,71.7604,71.7604,71.7604,750,0
NJUL.US,5,20251217,215500,71.625,71.625,71.625,71.625,100,0
NJUL.US,5,20251218,162500,72.17,72.17,72.17,72.17,907,0
NJUL.US,5,20251218,184500,72.16,72.16,72.16,72.16,100,0
NJUL.US,5,20251218,185500,72.21,72.22,72.17,72.22,6484,0
NJUL.US,5,20251218,193000,72.25,72.25,72.25,72.25,100,0
NJUL.US,5,20251218,201000,72.18,72.18,72.17,72.17,7080,0
NJUL.US,5,20251218,201500,72.11,72.12,72.11,72.12,2663,0
NJUL.US,5,20251218,205500,72.06,72.06,72.06,72.06,100,0
NJUL.US,5,20251218,211500,72.14,72.14,72.14,72.14,100,0
NJUL.US,5,20251218,212500,72.15,72.15,72.15,72.15,100,0
NJUL.US,5,20251218,214500,72.155,72.155,72.155,72.155,100,0
NJUL.US,5,20251218,215000,72.15,72.15,72.15,72.15,200,0
NJUL.US,5,20251218,215500,72.12,72.17,72.12,72.17,200,0
NJUL.US,5,20251219,181000,72.47,72.48,72.46,72.46,1475,0
NJUL.US,5,20251219,181500,72.51,72.515,72.51,72.515,498,0
NJUL.US,5,20251219,191000,72.52,72.52,72.52,72.52,1057,0
NJUL.US,5,20251219,215500,72.5,72.5,72.5,72.5,200,0
NJUL.US,5,20251222,161000,72.685,72.69,72.685,72.69,335,0
NJUL.US,5,20251222,161500,72.745,72.745,72.745,72.745,112,0
NJUL.US,5,20251222,195000,72.7316,72.7316,72.7316,72.7316,1474,0
NJUL.US,5,20251222,203500,72.72,72.72,72.72,72.72,100,0
NJUL.US,5,20251222,204500,72.72,72.72,72.72,72.72,138,0
NJUL.US,5,20251222,205500,72.71,72.71,72.71,72.71,100,0
NJUL.US,5,20251222,214000,72.75,72.75,72.72,72.72,204,0
NJUL.US,5,20251222,214500,72.7,72.7,72.7,72.7,100,0
NJUL.US,5,20251222,215000,72.71,72.71,72.71,72.71,100,0
NJUL.US,5,20251222,215500,72.72,72.72,72.72,72.72,177,0
