<TICKER>,<PER>,<DATE>,<TIME>,<OPEN>,<HIGH>,<LOW>,<CLOSE>,<VOL>,<OPENINT>
OVLH.US,5,20250728,170000,37.6113,37.6113,37.6113,37.6113,531,0
OVLH.US,5,20250728,172000,37.5785,37.5785,37.5785,37.5785,239,0
OVLH.US,5,20250728,173500,37.5826,37.5826,37.5826,37.5826,107,0
OVLH.US,5,20250728,180500,37.64,37.67,37.64,37.67,1065,0
OVLH.US,5,20250728,192500,37.6,37.6,37.6,37.6,2300,0
OVLH.US,5,20250728,203500,37.535,37.57,37.535,37.57,252,0
OVLH.US,5,20250728,213000,37.545,37.58,37.545,37.58,414,0
OVLH.US,5,20250728,213500,37.5394,37.5394,37.5394,37.5394,162,0
OVLH.US,5,20250729,153000,37.635,37.635,37.635,37.635,197,0
OVLH.US,5,20250729,183000,37.5041,37.5041,37.5041,37.5041,199,0
OVLH.US,5,20250729,184000,37.53,37.53,37.53,37.53,1165,0
OVLH.US,5,20250729,210000,37.5,37.56,37.5,37.56,206,0
OVLH.US,5,20250729,212000,37.5,37.5,37.5,37.5,100,0
OVLH.US,5,20250730,154000,37.5396,37.5396,37.5396,37.5396,206,0
OVLH.US,5,20250730,163000,37.6137,37.6138,37.6137,37.6138,255,0
OVLH.US,5,20250730,171000,37.5426,37.57,37.5,37.5,1102,0
OVLH.US,5,20250730,172000,37.5426,37.5426,37.5426,37.5426,203,0
OVLH.US,5,20250730,182500,37.5631,37.5631,37.5631,37.5631,269,0
OVLH.US,5,20250730,205500,37.49,37.49,37.425,37.425,960,0
OVLH.US,5,20250730,212500,37.3872,37.3872,37.3872,37.3872,280,0
OVLH.US,5,20250731,162500,37.6572,37.6572,37.6572,37.6572,166,0
OVLH.US,5,20250731,164500,37.6699,37.6699,37.6699,37.6699,120,0
OVLH.US,5,20250731,175000,37.62,37.65,37.6044,37.615,6705,0
OVLH.US,5,20250731,193000,37.52,37.52,37.52,37.52,297,0
OVLH.US,5,20250731,195000,37.485,37.485,37.485,37.485,100,0
OVLH.US,5,20250731,201500,37.4193,37.45,37.4193,37.4193,13342,0
OVLH.US,5,20250731,202000,37.38,37.4101,37.38,37.4101,600,0
OVLH.US,5,20250731,202500,37.4388,37.4388,37.4388,37.4388,2688,0
OVLH.US,5,20250731,213500,37.39,37.3926,37.39,37.3926,517,0
OVLH.US,5,20250801,153000,37.204,37.204,37.204,37.204,236,0
OVLH.US,5,20250801,163500,37.1325,37.1325,37.1325,37.1325,266,0
OVLH.US,5,20250801,165500,37.03,37.0519,36.9801,37.01,2635,0
OVLH.US,5,20250801,170000,37.06,37.06,37.01,37.01,552,0
OVLH.US,5,20250801,173500,37.08,37.08,37.08,37.08,100,0
OVLH.US,5,20250801,183000,37.15,37.15,37.13,37.13,434,0
OVLH.US,5,20250801,192500,36.98,36.98,36.98,36.98,145,0
OVLH.US,5,20250801,194500,37.03,37.0391,37.03,37.0391,506,0
OVLH.US,5,20250801,200000,37.02,37.03,37.02,37.02,2878,0
OVLH.US,5,20250804,153500,37.25,37.25,37.2499,37.2499,400,0
OVLH.US,5,20250804,160000,37.32,37.32,37.32,37.32,100,0
OVLH.US,5,20250804,174500,37.29,37.31,37.29,37.31,974,0
OVLH.US,5,20250804,184000,37.35,37.35,37.35,37.35,100,0
OVLH.US,5,20250804,195500,37.34,37.34,37.34,37.34,2000,0
OVLH.US,5,20250804,204000,37.35,37.35,37.35,37.35,350,0
OVLH.US,5,20250804,205500,37.34,37.34,37.34,37.34,100,0
OVLH.US,5,20250804,215500,37.4,37.4,37.4,37.4,1436,0
OVLH.US,5,20250805,154500,37.46,37.46,37.41,37.41,1040,0
OVLH.US,5,20250805,161500,37.36,37.36,37.36,37.36,484,0
OVLH.US,5,20250805,162000,37.35,37.35,37.3499,37.3499,400,0
OVLH.US,5,20250805,165500,37.28,37.28,37.2799,37.2799,382,0
OVLH.US,5,20250805,170000,37.29,37.29,37.29,37.29,166,0
OVLH.US,5,20250805,170500,37.265,37.265,37.265,37.265,100,0
OVLH.US,5,20250805,181000,37.3,37.3,37.3,37.3,200,0
OVLH.US,5,20250805,181500,37.2635,37.2635,37.2635,37.2635,218,0
OVLH.US,5,20250805,204000,37.2541,37.2541,37.2541,37.2541,124,0
OVLH.US,5,20250805,210500,37.3,37.3,37.283,37.283,2736,0
OVLH.US,5,20250805,211000,37.28,37.28,37.28,37.28,100,0
OVLH.US,5,20250806,153000,37.34,37.3491,37.33,37.3491,694,0
OVLH.US,5,20250806,190000,37.4396,37.4396,37.4396,37.4396,1348,0
OVLH.US,5,20250806,192000,37.43,37.43,37.43,37.43,100,0
OVLH.US,5,20250806,193500,37.45,37.45,37.45,37.45,372,0
OVLH.US,5,20250806,195500,37.43,37.43,37.43,37.43,100,0
OVLH.US,5,20250806,200500,37.4284,37.4284,37.4284,37.4284,753,0
OVLH.US,5,20250807,153000,38.03,38.03,37.63,37.63,280,0
OVLH.US,5,20250807,161000,37.52,37.52,37.52,37.52,100,0
OVLH.US,5,20250807,165500,37.4384,37.4384,37.4384,37.4384,490,0
OVLH.US,5,20250807,170500,37.4063,37.4063,37.4063,37.4063,153,0
OVLH.US,5,20250807,173500,37.39,37.39,37.39,37.39,265,0
OVLH.US,5,20250807,183500,37.361,37.361,37.361,37.361,1308,0
OVLH.US,5,20250807,192500,37.34,37.34,37.34,37.34,100,0
OVLH.US,5,20250807,195000,37.3224,37.3224,37.3224,37.3224,130,0
OVLH.US,5,20250807,202500,37.285,37.285,37.285,37.285,187,0
OVLH.US,5,20250807,210000,37.3124,37.3124,37.3124,37.3124,1283,0
OVLH.US,5,20250807,211000,37.34,37.34,37.28,37.319,788,0
OVLH.US,5,20250808,153000,37.47,37.47,37.47,37.47,103,0
OVLH.US,5,20250808,160000,37.56,37.56,37.56,37.56,100,0
OVLH.US,5,20250808,162500,37.5424,37.5424,37.5424,37.5424,138,0
OVLH.US,5,20250808,203000,37.63,37.63,37.63,37.63,100,0
OVLH.US,5,20250808,203500,37.63,37.63,37.63,37.63,100,0
OVLH.US,5,20250808,204000,37.63,37.63,37.63,37.63,100,0
OVLH.US,5,20250808,204500,37.62,37.62,37.62,37.62,200,0
OVLH.US,5,20250808,205000,37.62,37.63,37.62,37.63,200,0
OVLH.US,5,20250808,205500,37.62,37.62,37.62,37.62,200,0
OVLH.US,5,20250808,214000,37.6,37.6,37.6,37.6,100,0
OVLH.US,5,20250808,215500,37.61,37.61,37.61,37.61,200,0
OVLH.US,5,20250811,153000,37.64,37.64,37.64,37.64,100,0
OVLH.US,5,20250811,183000,37.64,37.64,37.64,37.64,1567,0
OVLH.US,5,20250811,190000,37.605,37.605,37.605,37.605,256,0
OVLH.US,5,20250811,191500,37.61,37.61,37.61,37.61,132,0
OVLH.US,5,20250811,192000,37.61,37.61,37.61,37.61,100,0
OVLH.US,5,20250811,212500,37.57,37.57,37.5481,37.5481,1100,0
OVLH.US,5,20250811,214000,37.51,37.51,37.51,37.51,189,0
OVLH.US,5,20250812,153000,37.72,37.72,37.72,37.72,100,0
OVLH.US,5,20250812,163000,37.7,37.7,37.7,37.7,1383,0
OVLH.US,5,20250812,172500,37.78,37.78,37.7285,37.7285,1000,0
OVLH.US,5,20250812,174000,37.78,37.78,37.78,37.78,100,0
OVLH.US,5,20250812,190500,37.8199,37.8199,37.8199,37.8199,161,0
OVLH.US,5,20250812,191000,37.82,37.82,37.82,37.82,200,0
OVLH.US,5,20250812,193500,37.78,37.78,37.78,37.78,889,0
OVLH.US,5,20250812,194500,37.79,37.79,37.79,37.79,700,0
OVLH.US,5,20250812,201000,37.81,37.8325,37.81,37.8325,566,0
OVLH.US,5,20250812,201500,37.8471,37.8471,37.8471,37.8471,253,0
OVLH.US,5,20250812,202000,37.8302,37.8302,37.8302,37.8302,253,0
OVLH.US,5,20250812,211000,37.8004,37.8004,37.8,37.8004,941,0
OVLH.US,5,20250812,211500,37.85,37.85,37.81,37.8299,380,0
OVLH.US,5,20250812,212000,37.8299,37.8299,37.81,37.81,802,0
OVLH.US,5,20250812,212500,37.824,37.824,37.824,37.824,118,0
OVLH.US,5,20250813,153000,37.95,37.95,37.95,37.95,100,0
OVLH.US,5,20250813,155000,38.0096,38.0096,38.0096,38.0096,1000,0
OVLH.US,5,20250813,163000,37.9,37.9,37.9,37.9,131,0
OVLH.US,5,20250813,172500,37.92,37.92,37.92,37.92,100,0
OVLH.US,5,20250813,194000,37.85,37.8502,37.85,37.85,1407,0
OVLH.US,5,20250813,200000,37.84,37.8401,37.83,37.8401,2400,0
OVLH.US,5,20250813,201000,37.9088,37.9088,37.9088,37.9088,408,0
OVLH.US,5,20250813,203000,37.93,37.93,37.93,37.93,100,0
OVLH.US,5,20250814,161500,37.95,37.95,37.9499,37.9499,1161,0
OVLH.US,5,20250814,174500,37.91,37.91,37.91,37.91,539,0
OVLH.US,5,20250814,191500,37.9454,37.96,37.9454,37.9599,1000,0
OVLH.US,5,20250814,201500,37.94,37.94,37.94,37.94,200,0
OVLH.US,5,20250814,204500,37.93,37.93,37.93,37.93,1094,0
OVLH.US,5,20250814,205000,37.97,37.97,37.97,37.97,245,0
OVLH.US,5,20250814,205500,37.96,37.96,37.96,37.96,237,0
OVLH.US,5,20250814,211000,37.94,37.94,37.94,37.94,409,0
OVLH.US,5,20250814,211500,37.97,37.97,37.9699,37.97,862,0
OVLH.US,5,20250814,212500,37.97,37.97,37.97,37.97,198,0
OVLH.US,5,20250814,213500,37.9488,37.9488,37.9488,37.9488,236,0
OVLH.US,5,20250814,214000,37.98,37.98,37.98,37.98,186,0
OVLH.US,5,20250814,215000,37.98,37.98,37.98,37.98,210,0
OVLH.US,5,20250815,161500,37.9,37.9001,37.9,37.9001,835,0
OVLH.US,5,20250815,165000,37.8888,37.8888,37.8888,37.8888,130,0
OVLH.US,5,20250815,174000,37.8,37.8001,37.8,37.8001,1242,0
OVLH.US,5,20250815,174500,37.8502,37.8502,37.85,37.85,200,0
OVLH.US,5,20250815,181500,37.874,37.874,37.874,37.874,120,0
OVLH.US,5,20250815,205500,37.89,37.89,37.89,37.89,209,0
OVLH.US,5,20250815,215500,37.79,37.79,37.79,37.79,200,0
OVLH.US,5,20250818,190000,37.85,37.85,37.85,37.85,109,0
OVLH.US,5,20250818,190500,37.8322,37.8322,37.8322,37.8322,152,0
OVLH.US,5,20250818,191500,37.83,37.83,37.83,37.83,166,0
OVLH.US,5,20250818,192000,37.87,37.87,37.87,37.87,100,0
OVLH.US,5,20250818,193500,37.83,37.83,37.83,37.83,4635,0
OVLH.US,5,20250818,194000,37.8142,37.8142,37.8142,37.8142,101,0
OVLH.US,5,20250818,200500,37.81,37.81,37.76,37.76,942,0
OVLH.US,5,20250818,202000,37.825,37.825,37.825,37.825,113,0
OVLH.US,5,20250819,180000,37.72,37.72,37.72,37.72,400,0
OVLH.US,5,20250819,200500,37.6402,37.6402,37.6402,37.6402,101,0
OVLH.US,5,20250819,201000,37.62,37.69,37.62,37.69,338,0
OVLH.US,5,20250819,202500,37.68,37.68,37.68,37.68,262,0
OVLH.US,5,20250819,210000,37.6302,37.6302,37.6302,37.6302,250,0
OVLH.US,5,20250819,210500,37.63,37.645,37.63,37.645,901,0
OVLH.US,5,20250819,213000,37.65,37.65,37.65,37.65,391,0
OVLH.US,5,20250820,154500,37.5601,37.5601,37.56,37.56,600,0
OVLH.US,5,20250820,170500,37.47,37.47,37.47,37.47,185,0
OVLH.US,5,20250820,171000,37.4301,37.4301,37.4301,37.4301,905,0
OVLH.US,5,20250820,172000,37.5,37.5,37.5,37.5,297,0
OVLH.US,5,20250820,180000,37.4978,37.4978,37.4978,37.4978,100,0
OVLH.US,5,20250820,195500,37.5999,37.62,37.5999,37.5999,6213,0
OVLH.US,5,20250820,210500,37.61,37.61,37.575,37.575,708,0
OVLH.US,5,20250820,212000,37.6499,37.65,37.5857,37.5857,1174,0
OVLH.US,5,20250820,214000,37.66,37.67,37.66,37.67,304,0
OVLH.US,5,20250820,214500,37.67,37.67,37.67,37.67,124,0
OVLH.US,5,20250820,215500,37.645,37.645,37.645,37.645,100,0
OVLH.US,5,20250821,155500,37.49,37.49,37.49,37.49,600,0
OVLH.US,5,20250821,160000,37.52,37.52,37.52,37.52,120,0
OVLH.US,5,20250821,174500,37.5933,37.5996,37.5933,37.5996,600,0
OVLH.US,5,20250821,180000,37.52,37.52,37.52,37.52,150,0
OVLH.US,5,20250821,192000,37.4633,37.4633,37.4633,37.4633,221,0
OVLH.US,5,20250821,192500,37.454,37.454,37.454,37.454,168,0
OVLH.US,5,20250821,194500,37.5501,37.5501,37.5402,37.5402,3235,0
OVLH.US,5,20250821,200500,37.515,37.55,37.515,37.55,850,0
OVLH.US,5,20250821,201000,37.55,37.55,37.55,37.55,3160,0
OVLH.US,5,20250821,203500,37.56,37.56,37.56,37.56,100,0
OVLH.US,5,20250821,205000,37.56,37.56,37.56,37.56,100,0
OVLH.US,5,20250821,213500,37.54,37.54,37.54,37.54,100,0
OVLH.US,5,20250821,215500,37.275,37.275,37.275,37.275,200,0
OVLH.US,5,20250822,153000,37.65,37.65,37.65,37.65,100,0
OVLH.US,5,20250822,160000,37.65,37.65,37.65,37.65,114,0
OVLH.US,5,20250822,165000,37.94,37.94,37.94,37.94,115,0
OVLH.US,5,20250822,172000,37.9742,37.9742,37.9742,37.9742,213,0
OVLH.US,5,20250822,172500,37.97,37.98,37.97,37.98,10015,0
OVLH.US,5,20250822,182000,37.92,37.92,37.92,37.92,135,0
OVLH.US,5,20250822,182500,37.9199,37.9199,37.9199,37.9199,335,0
OVLH.US,5,20250822,184000,37.93,37.93,37.93,37.93,100,0
OVLH.US,5,20250822,202500,37.8931,37.8931,37.8931,37.8931,130,0
OVLH.US,5,20250822,211000,37.94,37.94,37.94,37.94,100,0
OVLH.US,5,20250822,215000,37.95,37.95,37.95,37.95,100,0
OVLH.US,5,20250825,153000,37.87,37.87,37.87,37.87,211,0
OVLH.US,5,20250825,154500,37.8799,37.88,37.8585,37.8585,464,0
OVLH.US,5,20250825,155500,37.88,37.88,37.8654,37.8654,1200,0
OVLH.US,5,20250825,160000,37.91,37.91,37.91,37.91,100,0
OVLH.US,5,20250825,162000,37.82,37.82,37.82,37.82,734,0
OVLH.US,5,20250825,163000,37.88,37.88,37.8401,37.8401,202,0
OVLH.US,5,20250825,163500,37.89,37.89,37.8899,37.8899,268,0
OVLH.US,5,20250825,165500,37.88,37.88,37.88,37.88,136,0
OVLH.US,5,20250825,171000,37.88,37.88,37.88,37.88,128,0
OVLH.US,5,20250825,182500,37.88,37.8801,37.88,37.8801,1343,0
OVLH.US,5,20250825,185000,37.875,37.875,37.875,37.875,1299,0
OVLH.US,5,20250825,194000,37.89,37.89,37.89,37.89,100,0
OVLH.US,5,20250825,195500,37.9,37.9,37.8999,37.8999,745,0
OVLH.US,5,20250825,200500,37.89,37.89,37.89,37.89,100,0
OVLH.US,5,20250825,204000,37.84,37.84,37.84,37.84,100,0
OVLH.US,5,20250825,215500,37.83,37.83,37.83,37.83,100,0
OVLH.US,5,20250826,155000,37.81,37.81,37.81,37.81,100,0
OVLH.US,5,20250826,165000,37.8046,37.8046,37.79,37.79,286,0
OVLH.US,5,20250826,174000,37.8085,37.8085,37.8085,37.8085,117,0
OVLH.US,5,20250826,180000,37.83,37.83,37.83,37.83,1351,0
OVLH.US,5,20250826,180500,37.83,37.83,37.83,37.83,100,0
OVLH.US,5,20250826,182000,37.8384,37.8384,37.8384,37.8384,999,0
OVLH.US,5,20250826,182500,37.81,37.81,37.81,37.81,261,0
OVLH.US,5,20250826,183500,37.824,37.824,37.824,37.824,702,0
OVLH.US,5,20250826,194500,37.8037,37.8037,37.8037,37.8037,160,0
OVLH.US,5,20250826,201500,37.8234,37.8234,37.8234,37.8234,175,0
OVLH.US,5,20250826,204000,37.8415,37.8415,37.8415,37.8415,242,0
OVLH.US,5,20250826,204500,37.844,37.844,37.844,37.844,102,0
OVLH.US,5,20250826,205000,37.8488,37.8488,37.8488,37.8488,2643,0
OVLH.US,5,20250826,205500,37.8764,37.8764,37.8764,37.8764,251,0
OVLH.US,5,20250827,153500,37.94,37.94,37.94,37.94,100,0
OVLH.US,5,20250827,174500,37.9852,37.9852,37.9852,37.9852,1069,0
OVLH.US,5,20250827,183000,37.9415,37.9415,37.9415,37.9415,366,0
OVLH.US,5,20250827,190500,37.9253,37.9253,37.9253,37.9253,104,0
OVLH.US,5,20250827,192000,37.986,37.986,37.986,37.986,246,0
OVLH.US,5,20250827,195500,37.9701,37.9701,37.9701,37.9701,179,0
OVLH.US,5,20250827,212000,38,38,38,38,100,0
OVLH.US,5,20250828,153000,38.05,38.05,38.05,38.05,100,0
OVLH.US,5,20250828,165000,37.92,37.92,37.92,37.92,110,0
OVLH.US,5,20250828,170000,37.984,37.984,37.984,37.984,356,0
OVLH.US,5,20250828,171000,37.97,37.97,37.97,37.97,284,0
OVLH.US,5,20250828,171500,38.03,38.03,38.03,38.03,229,0
OVLH.US,5,20250828,174500,37.9985,37.9985,37.9985,37.9985,199,0
OVLH.US,5,20250828,215000,38.11,38.11,38.11,38.11,100,0
OVLH.US,5,20250829,153500,38.02,38.02,38.02,38.02,100,0
OVLH.US,5,20250829,165500,37.848,37.848,37.848,37.848,256,0
OVLH.US,5,20250829,171000,37.83,37.83,37.83,37.83,3230,0
OVLH.US,5,20250829,191000,37.8404,37.8404,37.8404,37.8404,135,0
OVLH.US,5,20250829,191500,37.87,37.87,37.87,37.87,100,0
OVLH.US,5,20250829,203500,37.8827,37.8827,37.8827,37.8827,157,0
OVLH.US,5,20250902,153000,37.58,37.58,37.58,37.58,197,0
OVLH.US,5,20250902,154000,37.61,37.61,37.61,37.61,100,0
OVLH.US,5,20250902,155000,37.5401,37.5401,37.5401,37.5401,305,0
OVLH.US,5,20250902,164000,37.66,37.66,37.66,37.66,155,0
OVLH.US,5,20250902,164500,37.568,37.63,37.568,37.568,2807,0
OVLH.US,5,20250902,170500,37.58,37.58,37.58,37.58,100,0
OVLH.US,5,20250902,171000,37.5554,37.5554,37.5554,37.5554,374,0
OVLH.US,5,20250902,171500,37.56,37.56,37.525,37.525,382,0
OVLH.US,5,20250902,172500,37.51,37.5314,37.51,37.5314,2050,0
OVLH.US,5,20250902,173000,37.56,37.56,37.56,37.56,100,0
OVLH.US,5,20250902,173500,37.5027,37.5027,37.5027,37.5027,118,0
OVLH.US,5,20250902,180500,37.51,37.51,37.5099,37.5099,200,0
OVLH.US,5,20250902,181000,37.51,37.52,37.471,37.471,780,0
OVLH.US,5,20250902,183000,37.52,37.52,37.52,37.52,100,0
OVLH.US,5,20250902,185500,37.57,37.57,37.57,37.57,1000,0
OVLH.US,5,20250902,191000,37.56,37.56,37.56,37.56,780,0
OVLH.US,5,20250902,192000,37.562,37.562,37.55,37.55,2127,0
OVLH.US,5,20250902,194000,37.639,37.6399,37.605,37.6178,1519,0
OVLH.US,5,20250902,201500,37.6199,37.6199,37.61,37.61,326,0
OVLH.US,5,20250902,202000,37.62,37.62,37.62,37.62,117,0
OVLH.US,5,20250902,213000,37.69,37.69,37.69,37.69,100,0
OVLH.US,5,20250902,215000,37.7,37.7,37.7,37.7,100,0
OVLH.US,5,20250903,154000,37.84,37.84,37.84,37.84,100,0
OVLH.US,5,20250903,155500,37.8,37.8,37.7999,37.7999,600,0
OVLH.US,5,20250903,162500,37.7815,37.7815,37.7815,37.7815,136,0
OVLH.US,5,20250903,181500,37.8,37.82,37.8,37.82,256,0
OVLH.US,5,20250903,195500,37.6976,37.6976,37.6976,37.6976,187,0
OVLH.US,5,20250903,200000,37.73,37.73,37.73,37.73,1100,0
OVLH.US,5,20250903,200500,37.68,37.74,37.68,37.74,200,0
OVLH.US,5,20250903,201000,37.74,37.74,37.74,37.74,100,0
OVLH.US,5,20250903,202000,37.74,37.74,37.74,37.74,484,0
OVLH.US,5,20250903,202500,37.76,37.76,37.76,37.76,219,0
OVLH.US,5,20250903,204000,37.75,37.75,37.75,37.75,100,0
OVLH.US,5,20250903,210000,37.73,37.73,37.66,37.66,1000,0
OVLH.US,5,20250903,212500,37.76,37.76,37.76,37.76,100,0
OVLH.US,5,20250903,215000,37.84,37.84,37.82,37.84,700,0
OVLH.US,5,20250904,153000,37.91,37.91,37.91,37.91,100,0
OVLH.US,5,20250904,164500,37.896,37.896,37.896,37.896,334,0
OVLH.US,5,20250904,172000,37.96,37.96,37.935,37.935,284,0
OVLH.US,5,20250904,182000,37.95,37.95,37.95,37.95,701,0
OVLH.US,5,20250904,182500,37.9284,37.9284,37.9284,37.9284,381,0
OVLH.US,5,20250904,184500,37.92,37.92,37.92,37.92,144,0
OVLH.US,5,20250904,193500,37.94,37.9401,37.94,37.9401,865,0
OVLH.US,5,20250904,194000,37.965,37.965,37.965,37.965,175,0
OVLH.US,5,20250904,194500,37.91,37.91,37.91,37.91,124,0
OVLH.US,5,20250904,200000,37.9775,37.9775,37.9775,37.9775,321,0
OVLH.US,5,20250904,201000,37.97,37.9711,37.97,37.971,786,0
OVLH.US,5,20250904,202500,37.9605,37.9605,37.96,37.9605,399,0
OVLH.US,5,20250904,210000,38.007,38.03,38.007,38.03,513,0
OVLH.US,5,20250904,211000,38.04,38.04,38.04,38.04,100,0
OVLH.US,5,20250904,212500,38.05,38.05,38.05,38.05,173,0
OVLH.US,5,20250904,215500,38.05,38.09,38.05,38.09,2270,0
OVLH.US,5,20250905,153000,38.24,38.24,38.24,38.24,100,0
OVLH.US,5,20250905,155500,38.17,38.17,38.17,38.17,354,0
OVLH.US,5,20250905,161000,38.12,38.12,38.12,38.12,353,0
OVLH.US,5,20250905,171500,37.94,37.94,37.94,37.94,100,0
OVLH.US,5,20250905,181000,37.98,37.98,37.98,37.98,100,0
OVLH.US,5,20250905,192500,37.93,37.97,37.925,37.96,2414,0
OVLH.US,5,20250905,194000,37.905,37.905,37.885,37.885,500,0
OVLH.US,5,20250905,202500,37.8901,37.8901,37.8901,37.8901,161,0
OVLH.US,5,20250905,203500,37.96,37.96,37.96,37.96,100,0
OVLH.US,5,20250905,204500,37.9556,37.9556,37.9556,37.9556,186,0
OVLH.US,5,20250908,194500,38.0356,38.0356,38.0356,38.0356,266,0
OVLH.US,5,20250908,195000,38.02,38.02,38.02,38.02,200,0
OVLH.US,5,20250908,202000,38.05,38.05,38.05,38.05,200,0
OVLH.US,5,20250908,203500,38.025,38.04,38.025,38.04,235,0
OVLH.US,5,20250908,204500,38.01,38.0101,38.01,38.0101,200,0
OVLH.US,5,20250908,205500,38.035,38.05,38.0225,38.0225,782,0
OVLH.US,5,20250908,212500,38.01,38.01,38.01,38.01,1000,0
OVLH.US,5,20250908,213500,38,38,38,38,100,0
OVLH.US,5,20250908,215500,38.06,38.07,38.06,38.07,1300,0
OVLH.US,5,20250909,153000,38.055,38.055,38.055,38.055,338,0
OVLH.US,5,20250909,163000,38.03,38.03,38.03,38.03,151,0
OVLH.US,5,20250909,191000,38.09,38.09,38.09,38.09,2625,0
OVLH.US,5,20250909,210500,38.1299,38.1299,38.1299,38.1299,210,0
OVLH.US,5,20250910,160500,38.32,38.3292,38.32,38.32,519,0
OVLH.US,5,20250910,162000,38.3399,38.3399,38.313,38.313,347,0
OVLH.US,5,20250910,163500,38.299,38.299,38.299,38.299,372,0
OVLH.US,5,20250910,164500,38.309,38.309,38.285,38.285,582,0
OVLH.US,5,20250910,174000,38.28,38.28,38.244,38.244,325,0
OVLH.US,5,20250910,195000,38.24,38.24,38.24,38.24,200,0
OVLH.US,5,20250911,170000,38.416,38.416,38.416,38.416,106,0
OVLH.US,5,20250911,170500,38.45,38.45,38.45,38.45,200,0
OVLH.US,5,20250911,182000,38.47,38.47,38.47,38.47,566,0
OVLH.US,5,20250912,153500,38.49,38.49,38.49,38.49,118,0
OVLH.US,5,20250912,165000,38.4625,38.4625,38.4625,38.4625,291,0
OVLH.US,5,20250912,195500,38.5,38.5,38.5,38.5,477,0
OVLH.US,5,20250912,205000,38.57,38.57,38.57,38.57,113,0
OVLH.US,5,20250912,212500,38.45,38.45,38.45,38.45,1651,0
OVLH.US,5,20250915,172500,38.59,38.59,38.59,38.59,837,0
OVLH.US,5,20250915,190500,38.586,38.586,38.586,38.586,147,0
OVLH.US,5,20250915,191500,38.5501,38.5501,38.5501,38.5501,145,0
OVLH.US,5,20250915,193000,38.54,38.54,38.54,38.54,800,0
OVLH.US,5,20250915,195500,38.62559,38.62559,38.62559,38.62559,555,0
OVLH.US,5,20250915,202500,38.596,38.596,38.596,38.596,200,0
OVLH.US,5,20250915,204000,38.56,38.56,38.56,38.56,100,0
OVLH.US,5,20250915,211000,38.63,38.63,38.5512,38.5512,890,0
OVLH.US,5,20250915,211500,38.54,38.54,38.54,38.54,110,0
OVLH.US,5,20250915,215500,38.63,38.63,38.63,38.63,455,0
OVLH.US,5,20250916,163500,38.56,38.56,38.56,38.56,226,0
OVLH.US,5,20250916,165000,38.5848,38.5848,38.5848,38.5848,176,0
OVLH.US,5,20250916,172000,38.61,38.61,38.585,38.6099,718,0
OVLH.US,5,20250916,173500,38.56,38.56,38.56,38.56,163,0
OVLH.US,5,20250916,200000,38.62,38.62,38.62,38.62,178,0
OVLH.US,5,20250916,211000,38.63,38.63,38.63,38.63,530,0
OVLH.US,5,20250916,214500,38.62,38.62,38.62,38.62,1160,0
OVLH.US,5,20250917,163500,38.55,38.55,38.55,38.55,1010,0
OVLH.US,5,20250917,165500,38.57,38.57,38.57,38.57,571,0
OVLH.US,5,20250917,172500,38.583,38.583,38.565,38.565,898,0
OVLH.US,5,20250917,205000,38.355,38.355,38.355,38.355,576,0
OVLH.US,5,20250918,164000,38.752,38.752,38.752,38.752,173,0
OVLH.US,5,20250918,164500,38.73,38.73,38.73,38.73,405,0
OVLH.US,5,20250918,200000,38.72,38.72,38.7199,38.7199,800,0
OVLH.US,5,20250918,210500,38.73,38.73,38.73,38.73,381,0
OVLH.US,5,20250918,214500,38.7,38.7,38.683012,38.6831,1642,0
OVLH.US,5,20250918,215500,38.72,38.72,38.7,38.7,672,0
OVLH.US,5,20250919,211000,38.84,38.84,38.84,38.84,100,0
OVLH.US,5,20250919,215000,39.26,39.26,39.26,39.26,100,0
OVLH.US,5,20250922,184500,38.98,38.98,38.98,38.98,100,0
OVLH.US,5,20250922,191500,38.99,38.99,38.99,38.99,709,0
OVLH.US,5,20250922,200500,38.98,38.98,38.98,38.98,709,0
OVLH.US,5,20250922,201500,38.9825,38.9825,38.9825,38.9825,108,0
OVLH.US,5,20250922,203000,38.9828,39.02,38.96,38.96,2967,0
OVLH.US,5,20250922,213500,39.0412,39.0412,39.0412,39.0412,131,0
OVLH.US,5,20250923,153500,39.04,39.04,39.0399,39.0399,250,0
OVLH.US,5,20250923,161500,39.0212,39.0212,39.0212,39.0212,231,0
OVLH.US,5,20250923,203000,38.87,38.87,38.87,38.87,100,0
OVLH.US,5,20250923,203500,38.875,38.875,38.875,38.875,200,0
OVLH.US,5,20250923,204500,38.87,38.87,38.87,38.87,150,0
OVLH.US,5,20250923,205000,38.85,38.88,38.85,38.88,200,0
OVLH.US,5,20250923,205500,38.84,38.84,38.84,38.84,100,0
OVLH.US,5,20250923,212500,38.825,38.825,38.825,38.825,239,0
OVLH.US,5,20250923,215500,38.87,38.87,38.87,38.87,197,0
OVLH.US,5,20250924,154500,38.8648,38.8648,38.8648,38.8648,580,0
OVLH.US,5,20250924,163500,38.88,38.88,38.88,38.88,223,0
OVLH.US,5,20250924,173000,38.8052,38.8052,38.8052,38.8052,125,0
OVLH.US,5,20250924,174000,38.8,38.8,38.8,38.8,1224,0
OVLH.US,5,20250924,175000,38.78,38.78,38.78,38.78,100,0
OVLH.US,5,20250924,215500,38.89,38.89,38.89,38.89,393,0
OVLH.US,5,20250925,153000,38.66,38.66,38.66,38.66,200,0
OVLH.US,5,20250925,164000,38.645,38.65,38.645,38.65,599,0
OVLH.US,5,20250925,164500,38.64,38.64,38.64,38.64,213,0
OVLH.US,5,20250925,165000,38.64,38.65,38.62,38.65,622,0
OVLH.US,5,20250925,165500,38.6277,38.6277,38.6277,38.6277,224,0
OVLH.US,5,20250925,171000,38.62,38.62,38.62,38.62,711,0
OVLH.US,5,20250925,171500,38.616,38.616,38.608,38.608,807,0
OVLH.US,5,20250925,172000,38.5988,38.6499,38.5909,38.6499,1035,0
OVLH.US,5,20250925,172500,38.63,38.63,38.58,38.58,669,0
OVLH.US,5,20250925,173000,38.564,38.564,38.564,38.564,366,0
OVLH.US,5,20250925,175500,38.64,38.64,38.64,38.64,100,0
OVLH.US,5,20250925,200000,38.48,38.48,38.48,38.48,100,0
OVLH.US,5,20250925,205500,38.6,38.6,38.58,38.58,322,0
OVLH.US,5,20250925,210500,38.6,38.6,38.6,38.6,129,0
OVLH.US,5,20250925,212000,38.58,38.58,38.5475,38.5475,1252,0
OVLH.US,5,20250925,215000,38.58,38.58,38.58,38.58,100,0
OVLH.US,5,20250926,163000,38.62,38.62,38.62,38.62,100,0
OVLH.US,5,20250926,165500,38.62,38.62,38.62,38.62,100,0
OVLH.US,5,20250926,170500,38.605,38.605,38.605,38.605,388,0
OVLH.US,5,20250926,190500,38.6904,38.74,38.68,38.715,10695,0
OVLH.US,5,20250926,192000,38.7394,38.7394,38.7394,38.7394,153,0
OVLH.US,5,20250926,192500,38.7235,38.7235,38.7235,38.7235,317,0
OVLH.US,5,20250926,193500,38.75,38.75,38.725,38.725,200,0
OVLH.US,5,20250926,195500,38.72,38.72,38.72,38.72,100,0
OVLH.US,5,20250926,204000,38.76,38.76,38.76,38.76,100,0
OVLH.US,5,20250926,215500,38.725,38.725,38.7,38.706,400,0
OVLH.US,5,20250929,153500,38.9,38.9,38.81,38.8101,300,0
OVLH.US,5,20250929,170000,38.864,38.864,38.864,38.864,125,0
OVLH.US,5,20250929,173500,38.85,38.85,38.85,38.85,2992,0
OVLH.US,5,20250929,182500,38.83,38.83,38.83,38.83,100,0
OVLH.US,5,20250929,195500,38.79,38.79,38.79,38.79,306,0
OVLH.US,5,20250929,201000,38.806765,38.806765,38.806765,38.806765,264,0
OVLH.US,5,20250929,205000,38.82,38.82,38.82,38.82,515,0
OVLH.US,5,20250929,211000,38.8,38.8,38.8,38.8,100,0
OVLH.US,5,20250930,153000,38.82,38.82,38.82,38.82,100,0
OVLH.US,5,20250930,160000,38.8,38.8,38.8,38.8,100,0
OVLH.US,5,20250930,164000,38.741,38.741,38.741,38.741,156,0
OVLH.US,5,20250930,170500,38.84,38.84,38.84,38.84,127,0
OVLH.US,5,20250930,172000,38.82,38.82,38.82,38.82,1113,0
OVLH.US,5,20250930,174500,38.78,38.78,38.78,38.78,100,0
OVLH.US,5,20250930,180000,38.8,38.82,38.8,38.82,277,0
OVLH.US,5,20250930,180500,38.784,38.784,38.784,38.784,221,0
OVLH.US,5,20250930,182000,38.85,38.85,38.85,38.85,100,0
OVLH.US,5,20250930,182500,38.8248,38.8248,38.8248,38.8248,648,0
OVLH.US,5,20250930,195000,38.7948,38.7948,38.7948,38.7948,145,0
OVLH.US,5,20250930,202000,38.85,38.85,38.85,38.85,100,0
OVLH.US,5,20250930,203000,38.86,38.89,38.859,38.8749,3663,0
OVLH.US,5,20250930,204000,38.86,38.86,38.86,38.86,100,0
OVLH.US,5,20250930,212000,38.8914,38.8914,38.8914,38.8914,100,0
OVLH.US,5,20250930,215500,39.01,39.01,39.004,39.004,727,0
OVLH.US,5,20251001,153000,38.77,38.7701,38.77,38.7701,500,0
OVLH.US,5,20251001,153500,38.89,38.89,38.89,38.89,100,0
OVLH.US,5,20251001,163000,38.93,38.93,38.93,38.93,100,0
OVLH.US,5,20251001,165000,38.9488,38.9488,38.9488,38.9488,1215,0
OVLH.US,5,20251001,171000,38.9474,38.9474,38.9474,38.9474,2408,0
OVLH.US,5,20251001,174000,39,39,39,39,100,0
OVLH.US,5,20251001,193000,39.015,39.05,39.012,39.05,762,0
OVLH.US,5,20251001,193500,39.0266,39.088,39.0266,39.088,4144,0
OVLH.US,5,20251001,194000,39.09,39.09,39.09,39.09,514,0
OVLH.US,5,20251001,195500,39.045,39.045,39.045,39.045,260,0
OVLH.US,5,20251001,200500,39.07,39.07,39.07,39.07,200,0
OVLH.US,5,20251001,202500,39.1299,39.13,39.1299,39.13,1110,0
OVLH.US,5,20251001,203000,39.09,39.09,39.09,39.09,100,0
OVLH.US,5,20251001,204000,39.06,39.0601,39.06,39.0601,240,0
OVLH.US,5,20251001,205000,39.0943,39.0943,39.0943,39.0943,338,0
OVLH.US,5,20251001,210000,39.11,39.16,39.11,39.16,1100,0
OVLH.US,5,20251001,210500,39.14,39.14,39.14,39.14,593,0
OVLH.US,5,20251001,211000,39.105,39.105,39.105,39.105,248,0
OVLH.US,5,20251001,212500,39.0735,39.0735,39.0735,39.0735,199,0
OVLH.US,5,20251001,213000,39.1,39.1,39.1,39.1,100,0
OVLH.US,5,20251001,214500,39.1,39.1,39.1,39.1,910,0
OVLH.US,5,20251002,161000,39.1,39.1,39.08,39.08,453,0
OVLH.US,5,20251002,162000,39.07,39.08,39.07,39.08,553,0
OVLH.US,5,20251002,194500,39.11,39.14,39.11,39.14,1493,0
OVLH.US,5,20251002,200500,39.11,39.11,39.11,39.11,100,0
OVLH.US,5,20251002,202500,39.17,39.17,39.17,39.17,600,0
OVLH.US,5,20251002,204500,39.13,39.13,39.12,39.12,780,0
OVLH.US,5,20251002,205000,39.12,39.12,39.12,39.12,100,0
OVLH.US,5,20251002,210000,39.13,39.13,39.11,39.11,1846,0
OVLH.US,5,20251002,211000,39.17,39.18,39.1489,39.1489,2104,0
OVLH.US,5,20251002,212500,39.13,39.13,39.13,39.13,300,0
OVLH.US,5,20251002,214000,39.11,39.16,39.11,39.16,1200,0
OVLH.US,5,20251002,215500,39.15,39.16,39.12,39.16,1216,0
OVLH.US,5,20251003,153000,39.1484,39.18,39.1484,39.18,278,0
OVLH.US,5,20251003,180000,39.26,39.26,39.26,39.26,619,0
OVLH.US,5,20251003,182500,39.2452,39.2452,39.2452,39.2452,105,0
OVLH.US,5,20251003,183000,39.28,39.28,39.28,39.28,154,0
OVLH.US,5,20251003,183500,39.25,39.25,39.25,39.25,570,0
OVLH.US,5,20251003,192000,39.19,39.19,39.19,39.19,329,0
OVLH.US,5,20251003,202000,39.1312,39.1312,39.1312,39.1312,165,0
OVLH.US,5,20251003,203500,39.16,39.16,39.16,39.16,100,0
OVLH.US,5,20251003,204000,39.15,39.15,39.15,39.15,100,0
OVLH.US,5,20251003,204500,39.15,39.15,39.15,39.15,100,0
OVLH.US,5,20251003,205000,39.18,39.18,39.14,39.14,200,0
OVLH.US,5,20251003,205500,39.19,39.19,39.19,39.19,100,0
OVLH.US,5,20251003,215500,39.1,39.1,39.1,39.1,200,0
OVLH.US,5,20251006,175500,39.204,39.23,39.204,39.23,319,0
OVLH.US,5,20251006,181500,39.22,39.22,39.22,39.22,100,0
OVLH.US,5,20251006,183500,39.23,39.23,39.23,39.23,176,0
OVLH.US,5,20251006,202500,39.3,39.3084,39.3,39.3084,861,0
OVLH.US,5,20251006,204500,39.25,39.25,39.25,39.25,1277,0
OVLH.US,5,20251006,210000,39.25,39.25,39.25,39.25,390,0
OVLH.US,5,20251006,211500,39.226,39.226,39.226,39.226,613,0
OVLH.US,5,20251006,212000,39.23,39.23,39.23,39.23,100,0
OVLH.US,5,20251006,212500,39.24,39.24,39.23,39.23,1029,0
OVLH.US,5,20251006,215500,39.28,39.32,39.27,39.27,22410,0
OVLH.US,5,20251007,153000,39.27,39.27,39.27,39.27,100,0
OVLH.US,5,20251007,161500,39.24,39.24,39.24,39.24,1000,0
OVLH.US,5,20251007,163000,39.21,39.21,39.21,39.21,1000,0
OVLH.US,5,20251007,164500,39.2,39.2,39.2,39.2,1000,0
OVLH.US,5,20251007,170000,39.19,39.19,39.19,39.19,1000,0
OVLH.US,5,20251007,170500,39.1399,39.1399,39.1399,39.1399,5114,0
OVLH.US,5,20251007,171000,39.12,39.121,39.12,39.121,670,0
OVLH.US,5,20251007,171500,39.13,39.13,39.13,39.13,300,0
OVLH.US,5,20251007,173000,39.16,39.16,39.16,39.16,100,0
OVLH.US,5,20251007,183000,39.106,39.106,39.106,39.106,413,0
OVLH.US,5,20251007,183500,39.0939,39.0939,39.0939,39.0939,1770,0
OVLH.US,5,20251007,190500,39.14,39.14,39.1399,39.1399,594,0
OVLH.US,5,20251007,192500,39.09,39.101,39.09,39.101,1439,0
OVLH.US,5,20251007,193500,39.0911,39.0911,39.0911,39.0911,226,0
OVLH.US,5,20251007,200500,39.03,39.12,39.03,39.12,200,0
OVLH.US,5,20251007,210500,39.07,39.0701,39.07,39.0701,444,0
OVLH.US,5,20251007,212000,39.07,39.07,39.07,39.07,762,0
OVLH.US,5,20251008,161000,39.24,39.24,39.2,39.2,1100,0
OVLH.US,5,20251008,162500,39.24,39.24,39.24,39.24,185,0
OVLH.US,5,20251008,163500,39.2,39.2,39.2,39.2,100,0
OVLH.US,5,20251008,171000,39.26,39.26,39.225,39.225,1746,0
OVLH.US,5,20251008,171500,39.2175,39.2175,39.2175,39.2175,123,0
OVLH.US,5,20251008,172500,39.28,39.28,39.28,39.28,221,0
OVLH.US,5,20251008,180000,39.24,39.2675,39.24,39.2675,4853,0
OVLH.US,5,20251008,181000,39.24,39.24,39.23,39.23,14544,0
OVLH.US,5,20251008,185000,39.22,39.22,39.22,39.22,100,0
OVLH.US,5,20251008,193500,39.265,39.265,39.265,39.265,398,0
OVLH.US,5,20251008,195000,39.2648,39.2648,39.2648,39.2648,287,0
OVLH.US,5,20251008,201500,39.29,39.29,39.29,39.29,898,0
OVLH.US,5,20251008,202500,39.25,39.25,39.25,39.25,100,0
OVLH.US,5,20251008,205000,39.2459,39.2459,39.2459,39.2459,434,0
OVLH.US,5,20251008,205500,39.26,39.26,39.21,39.21,1520,0
OVLH.US,5,20251008,212000,39.2501,39.2501,39.2501,39.2501,121,0
OVLH.US,5,20251008,214000,39.265,39.265,39.265,39.265,150,0
OVLH.US,5,20251009,162500,39.205,39.205,39.205,39.205,290,0
OVLH.US,5,20251009,163000,39.19,39.19,39.19,39.19,274,0
OVLH.US,5,20251009,164000,39.18,39.18,39.18,39.18,193,0
OVLH.US,5,20251009,174000,39.145,39.145,39.145,39.145,204,0
OVLH.US,5,20251009,203000,39.14,39.14,39.1399,39.14,1510,0
OVLH.US,5,20251009,203500,39.15,39.15,39.15,39.15,100,0
OVLH.US,5,20251009,204500,39.14,39.14,39.06,39.06,5743,0
OVLH.US,5,20251009,210000,39.15,39.15,39.15,39.15,100,0
OVLH.US,5,20251009,214000,39.1908,39.1908,39.1908,39.1908,205,0
OVLH.US,5,20251009,214500,39.14,39.14,39.12,39.12,3653,0
OVLH.US,5,20251010,154500,39.305,39.305,39.305,39.305,113,0
OVLH.US,5,20251010,162500,39.2885,39.2885,39.2885,39.2885,150,0
OVLH.US,5,20251010,163500,39.249,39.249,39.249,39.249,526,0
OVLH.US,5,20251010,211000,38.58,38.58,38.58,38.58,1800,0
OVLH.US,5,20251010,212500,38.578,38.578,38.578,38.578,300,0
OVLH.US,5,20251013,154500,38.73,38.73,38.73,38.73,100,0
OVLH.US,5,20251013,170000,38.72,38.722,38.704,38.722,458,0
OVLH.US,5,20251013,171500,38.785,38.785,38.785,38.785,425,0
OVLH.US,5,20251013,184000,38.87,38.87,38.845,38.845,1838,0
OVLH.US,5,20251013,185500,38.91,38.95,38.8997,38.8997,11646,0
OVLH.US,5,20251013,191500,38.8898,38.8898,38.8898,38.8898,228,0
OVLH.US,5,20251013,192000,38.86,38.86,38.86,38.86,100,0
OVLH.US,5,20251013,200500,38.91,38.92,38.91,38.92,1820,0
OVLH.US,5,20251013,202500,38.92,38.92,38.92,38.92,564,0
OVLH.US,5,20251013,204000,38.88,38.89,38.8799,38.8799,1362,0
OVLH.US,5,20251013,214000,38.882,38.882,38.882,38.882,284,0
OVLH.US,5,20251013,215500,38.89,38.89,38.89,38.89,1187,0
OVLH.US,5,20251014,153500,38.56,38.56,38.56,38.56,143,0
OVLH.US,5,20251014,171000,38.8,38.8,38.8,38.8,119,0
OVLH.US,5,20251014,171500,38.7613,38.7613,38.7613,38.7613,1044,0
OVLH.US,5,20251014,183500,38.929,38.929,38.929,38.929,168,0
OVLH.US,5,20251014,185000,38.995,38.995,38.995,38.995,1293,0
OVLH.US,5,20251014,190000,38.919,38.919,38.919,38.919,263,0
OVLH.US,5,20251014,191500,38.9709,38.9709,38.9709,38.9709,758,0
OVLH.US,5,20251014,192000,38.98,38.98,38.98,38.98,164,0
OVLH.US,5,20251014,193500,38.939,38.97,38.939,38.97,569,0
OVLH.US,5,20251014,195000,38.9656,38.9656,38.9656,38.9656,122,0
OVLH.US,5,20251014,200500,38.975,38.975,38.9525,38.9525,467,0
OVLH.US,5,20251014,201000,38.965,38.965,38.94,38.94,4913,0
OVLH.US,5,20251014,201500,38.98,38.98,38.945,38.9783,346,0
OVLH.US,5,20251014,202000,38.97,38.97,38.97,38.97,158,0
OVLH.US,5,20251014,203000,38.99,38.99,38.95,38.95,200,0
OVLH.US,5,20251014,210000,38.98,38.98,38.98,38.98,100,0
OVLH.US,5,20251014,211000,38.945,38.945,38.945,38.945,258,0
OVLH.US,5,20251014,212500,38.9428,38.9428,38.911,38.911,450,0
OVLH.US,5,20251014,213000,38.89,38.9228,38.89,38.9228,854,0
OVLH.US,5,20251014,213500,38.915,38.915,38.915,38.915,139,0
OVLH.US,5,20251015,163500,39.169,39.169,39.169,39.169,250,0
OVLH.US,5,20251015,180000,39.01,39.01,39.01,39.01,1294,0
OVLH.US,5,20251015,190000,38.885,38.885,38.885,38.885,1719,0
OVLH.US,5,20251015,191500,38.77,38.77,38.77,38.77,773,0
OVLH.US,5,20251015,202500,38.9595,38.9595,38.9595,38.9595,470,0
OVLH.US,5,20251015,203500,39.01,39.01,39.0099,39.0099,200,0
OVLH.US,5,20251015,204500,39.0091,39.0091,39.0091,39.0091,600,0
OVLH.US,5,20251015,212500,38.94,38.9982,38.94,38.9982,6382,0
OVLH.US,5,20251015,213000,38.98,39.02,38.98,39.0199,1900,0
OVLH.US,5,20251015,213500,38.975,39,38.975,39,396,0
OVLH.US,5,20251015,214000,38.93,38.9392,38.91,38.9392,442,0
OVLH.US,5,20251015,215000,38.92,38.92,38.92,38.92,7760,0
OVLH.US,5,20251016,153000,38.71,38.85,38.71,38.85,3721,0
OVLH.US,5,20251016,154500,39.09,39.0995,39.05,39.0995,1270,0
OVLH.US,5,20251016,160500,39.025,39.025,39.025,39.025,1283,0
OVLH.US,5,20251016,161000,39.01,39.01,39.01,39.01,135,0
OVLH.US,5,20251016,163000,39.02,39.0201,39.02,39.0201,1488,0
OVLH.US,5,20251016,164500,39.1,39.1,39.1,39.1,100,0
OVLH.US,5,20251016,165000,39.065,39.065,39.065,39.065,139,0
OVLH.US,5,20251016,170500,39.04,39.041,39.04,39.04,3267,0
OVLH.US,5,20251016,171500,39.06,39.06,39.06,39.06,100,0
OVLH.US,5,20251016,182000,38.905,38.905,38.905,38.905,137,0
OVLH.US,5,20251016,185000,38.86,38.88,38.86,38.88,1477,0
OVLH.US,5,20251016,191500,38.97,38.97,38.97,38.97,379,0
OVLH.US,5,20251016,192000,38.9,38.9,38.89,38.89,300,0
OVLH.US,5,20251016,193500,38.91,38.91,38.91,38.91,100,0
OVLH.US,5,20251016,204000,38.78,38.78,38.78,38.78,100,0
OVLH.US,5,20251016,212000,38.74,38.8,38.74,38.74,2503,0
OVLH.US,5,20251016,212500,38.76,38.76,38.76,38.76,179,0
OVLH.US,5,20251016,213500,38.76,38.7601,38.76,38.7601,826,0
OVLH.US,5,20251016,214500,38.79,38.79,38.79,38.79,263,0
OVLH.US,5,20251016,215000,38.8,38.8201,38.8,38.8201,1552,0
OVLH.US,5,20251016,215500,38.82,38.82,38.816,38.816,382,0
OVLH.US,5,20251017,160500,38.82,38.82,38.82,38.82,100,0
OVLH.US,5,20251017,161500,38.91,38.91,38.91,38.91,150,0
OVLH.US,5,20251017,162000,38.9,38.9,38.9,38.9,150,0
OVLH.US,5,20251017,163500,38.811,38.811,38.811,38.811,107,0
OVLH.US,5,20251017,164000,38.79,38.79,38.79,38.79,100,0
OVLH.US,5,20251017,165000,38.79,38.79,38.79,38.79,250,0
OVLH.US,5,20251017,170500,38.86,38.86,38.8599,38.8599,600,0
OVLH.US,5,20251017,173000,38.74,38.74,38.74,38.74,100,0
OVLH.US,5,20251017,174500,38.83,38.84,38.82,38.82,15096,0
OVLH.US,5,20251017,175000,38.8203,38.8203,38.8203,38.8203,468,0
OVLH.US,5,20251017,175500,38.8896,38.8896,38.8896,38.8896,1000,0
OVLH.US,5,20251017,181000,38.9195,38.93,38.9148,38.9148,3976,0
OVLH.US,5,20251017,181500,38.92,38.92,38.92,38.92,22186,0
OVLH.US,5,20251017,184500,38.87,38.87,38.87,38.87,100,0
OVLH.US,5,20251017,190000,38.8799,38.88,38.8799,38.88,600,0
OVLH.US,5,20251017,215500,38.93,38.93,38.93,38.93,376,0
OVLH.US,5,20251020,164500,39.2,39.2,39.175,39.175,490,0
OVLH.US,5,20251020,171500,39.1416,39.1416,39.1416,39.1416,2332,0
OVLH.US,5,20251020,175000,39.15,39.15,39.15,39.15,100,0
OVLH.US,5,20251020,195500,39.17,39.195,39.17,39.185,1068,0
OVLH.US,5,20251020,210500,39.23,39.23,39.23,39.23,500,0
OVLH.US,5,20251020,211500,39.2299,39.23,39.1917,39.229,8488,0
OVLH.US,5,20251020,212000,39.2,39.2,39.2,39.2,500,0
OVLH.US,5,20251020,213000,39.21,39.21,39.21,39.21,100,0
OVLH.US,5,20251020,213500,39.22,39.22,39.22,39.22,500,0
OVLH.US,5,20251020,215500,39.22,39.24,39.22,39.225,900,0
OVLH.US,5,20251021,153000,39.25,39.25,39.25,39.25,878,0
OVLH.US,5,20251021,154500,39.2,39.2,39.2,39.2,100,0
OVLH.US,5,20251021,155500,39.2,39.2,39.2,39.2,354,0
OVLH.US,5,20251021,171000,39.2,39.23,39.2,39.23,426,0
OVLH.US,5,20251021,181500,39.2,39.2087,39.2,39.2087,200,0
OVLH.US,5,20251021,182000,39.1963,39.1963,39.1963,39.1963,203,0
OVLH.US,5,20251021,183000,39.2132,39.2132,39.2,39.2132,3113,0
OVLH.US,5,20251021,183500,39.24,39.26,39.2,39.2599,2482,0
OVLH.US,5,20251021,184500,39.25,39.25,39.23,39.23,254,0
OVLH.US,5,20251021,185000,39.26,39.26,39.21,39.21,200,0
OVLH.US,5,20251021,190500,39.2,39.2,39.2,39.2,100,0
OVLH.US,5,20251021,191500,39.18,39.18,39.18,39.18,100,0
OVLH.US,5,20251021,192000,39.21,39.21,39.21,39.21,100,0
OVLH.US,5,20251021,193000,39.16,39.18,39.15,39.18,15549,0
OVLH.US,5,20251021,195000,39.22,39.22,39.22,39.22,100,0
OVLH.US,5,20251021,195500,39.2293,39.2293,39.2293,39.2293,124,0
OVLH.US,5,20251021,200500,39.18,39.26,39.18,39.2,24042,0
OVLH.US,5,20251021,201000,39.18,39.18,39.18,39.18,100,0
OVLH.US,5,20251021,201500,39.18,39.2499,39.18,39.2499,257,0
OVLH.US,5,20251021,202500,39.2194,39.2194,39.2194,39.2194,222,0
OVLH.US,5,20251021,203500,39.19,39.19,39.19,39.19,100,0
OVLH.US,5,20251021,210500,39.188,39.188,39.188,39.188,188,0
OVLH.US,5,20251021,212000,39.2049,39.2049,39.2049,39.2049,611,0
OVLH.US,5,20251021,212500,39.1936,39.1936,39.1936,39.1936,298,0
OVLH.US,5,20251021,213500,39.24,39.24,39.2,39.2,1572,0
OVLH.US,5,20251021,214500,39.198,39.198,39.198,39.198,100,0
OVLH.US,5,20251021,215500,39.17,39.175,39.17,39.175,400,0
OVLH.US,5,20251022,162000,39.18,39.18,39.1608,39.1608,400,0
OVLH.US,5,20251022,170500,39.14,39.14,39.14,39.14,251612,0
OVLH.US,5,20251022,173500,39.035,39.035,39.035,39.035,126,0
OVLH.US,5,20251022,181000,39.07,39.07,39.0699,39.0699,1280,0
OVLH.US,5,20251022,183000,38.99,38.99,38.99,38.99,104,0
OVLH.US,5,20251022,200500,38.95,38.97,38.926,38.926,2323,0
OVLH.US,5,20251022,201000,38.96,38.96,38.9599,38.9599,1282,0
OVLH.US,5,20251022,213000,39.026,39.026,39.026,39.026,2592,0
OVLH.US,5,20251022,213500,39.04,39.04,39.04,39.04,100,0
OVLH.US,5,20251022,215500,39.04,39.04,39.04,39.04,120,0
OVLH.US,5,20251023,153000,39.028,39.028,39.028,39.028,2125,0
OVLH.US,5,20251023,153500,39.065,39.065,39.065,39.065,448,0
OVLH.US,5,20251023,164500,39.1386,39.1386,39.1386,39.1386,100,0
OVLH.US,5,20251023,165500,39.102,39.102,39.102,39.102,638,0
OVLH.US,5,20251023,170000,39.14,39.15,39.105,39.105,1789,0
OVLH.US,5,20251023,173000,39.16,39.16,39.1599,39.1599,300,0
OVLH.US,5,20251023,203000,39.23,39.23,39.23,39.23,100,0
OVLH.US,5,20251023,203500,39.24,39.24,39.24,39.24,200,0
OVLH.US,5,20251024,160500,39.47,39.47,39.47,39.47,311,0
OVLH.US,5,20251024,180000,39.4994,39.4994,39.4994,39.4994,140,0
OVLH.US,5,20251024,180500,39.4664,39.4664,39.4664,39.4664,113,0
OVLH.US,5,20251024,190000,39.475,39.475,39.475,39.475,163,0
OVLH.US,5,20251024,191500,39.48,39.48,39.48,39.48,100,0
OVLH.US,5,20251024,195000,39.5,39.51,39.5,39.51,2266,0
OVLH.US,5,20251027,145000,39.685,39.685,39.685,39.685,147,0
OVLH.US,5,20251027,155500,39.66,39.66,39.66,39.66,255,0
OVLH.US,5,20251027,182000,39.7436,39.7436,39.7436,39.7436,140,0
OVLH.US,5,20251027,183000,39.759,39.759,39.73,39.73,720,0
OVLH.US,5,20251027,183500,39.79,39.79,39.7899,39.7899,200,0
OVLH.US,5,20251027,184000,39.76,39.76,39.76,39.76,100,0
OVLH.US,5,20251027,193500,39.8,39.8,39.8,39.8,252,0
OVLH.US,5,20251027,195500,39.8,39.81,39.7999,39.7999,5374,0
OVLH.US,5,20251027,200000,39.75,39.81,39.75,39.81,1800,0
OVLH.US,5,20251027,200500,39.75,39.75,39.75,39.75,123,0
OVLH.US,5,20251027,201000,39.81,39.81,39.7848,39.7848,1541,0
OVLH.US,5,20251027,202000,39.775,39.809,39.775,39.809,1638,0
OVLH.US,5,20251027,202500,39.81,39.81,39.7881,39.81,486,0
OVLH.US,5,20251027,205500,39.865,39.865,39.865,39.865,134,0
OVLH.US,5,20251028,161000,39.873,39.873,39.873,39.873,1779,0
OVLH.US,5,20251028,161500,39.83,39.83,39.83,39.83,396,0
OVLH.US,5,20251028,162000,39.8755,39.8755,39.8755,39.8755,118,0
OVLH.US,5,20251028,162500,39.89,39.89,39.8644,39.8644,1500,0
OVLH.US,5,20251028,163500,39.8324,39.8324,39.8324,39.8324,114,0
OVLH.US,5,20251028,181500,39.95,39.95,39.95,39.95,300,0
OVLH.US,5,20251028,184000,39.9348,39.9348,39.9348,39.9348,244,0
OVLH.US,5,20251028,184500,39.96,39.96,39.93,39.93,400,0
OVLH.US,5,20251028,193000,40.01,40.01,40.01,40.01,100,0
OVLH.US,5,20251028,193500,40.01,40.01,40.01,40.01,200,0
OVLH.US,5,20251028,194000,40,40.01,39.9781,40.01,846,0
OVLH.US,5,20251028,194500,40.01,40.01,40.01,40.01,200,0
OVLH.US,5,20251028,195000,40.01,40.02,40.01,40.02,300,0
OVLH.US,5,20251028,195500,40.02,40.02,40.02,40.02,300,0
OVLH.US,5,20251028,201500,40.0199,40.02,40.0199,40.02,718,0
OVLH.US,5,20251028,202500,40.029,40.029,40.029,40.029,442,0
OVLH.US,5,20251028,205500,39.98,39.98,39.98,39.98,101,0
OVLH.US,5,20251029,162000,40.04,40.04,40.04,40.04,200,0
OVLH.US,5,20251029,171000,39.981,39.995,39.981,39.995,447,0
OVLH.US,5,20251029,194000,39.8333,39.8333,39.8333,39.8333,489,0
OVLH.US,5,20251030,143000,40.05,40.05,40.05,40.05,300,0
OVLH.US,5,20251030,144000,39.75,39.76,39.75,39.76,350,0
OVLH.US,5,20251030,154000,39.86,39.86,39.795,39.795,6499,0
OVLH.US,5,20251030,163000,39.7901,39.7901,39.7901,39.7901,100,0
OVLH.US,5,20251030,204000,39.74,39.74,39.74,39.74,100,0
OVLH.US,5,20251031,143500,39.78,39.7801,39.78,39.7801,897,0
OVLH.US,5,20251031,152500,39.7792,39.7792,39.7792,39.7792,263,0
OVLH.US,5,20251031,162500,39.79,39.7901,39.79,39.7901,776,0
OVLH.US,5,20251031,171000,39.77,39.77,39.77,39.77,100,0
OVLH.US,5,20251031,173500,39.775,39.775,39.7501,39.7682,1055,0
OVLH.US,5,20251031,175500,39.75,39.75,39.75,39.75,178,0
OVLH.US,5,20251031,180500,39.7205,39.7205,39.7205,39.7205,277,0
OVLH.US,5,20251031,181000,39.72,39.72,39.72,39.72,150,0
OVLH.US,5,20251031,181500,39.72,39.72,39.72,39.72,100,0
OVLH.US,5,20251031,183000,39.7227,39.7227,39.7227,39.7227,1172,0
OVLH.US,5,20251031,184000,39.7108,39.7108,39.7108,39.7108,406,0
OVLH.US,5,20251031,184500,39.725,39.725,39.725,39.725,569,0
OVLH.US,5,20251031,185000,39.77,39.77,39.71,39.71,1121,0
OVLH.US,5,20251031,185500,39.7364,39.7364,39.7364,39.7364,492,0
OVLH.US,5,20251031,201000,39.7948,39.7948,39.7948,39.7948,251,0
OVLH.US,5,20251103,163000,39.7394,39.7394,39.7394,39.7394,750,0
OVLH.US,5,20251103,163500,39.75,39.75,39.7499,39.7499,200,0
OVLH.US,5,20251103,172000,39.8193,39.8193,39.8193,39.8193,300,0
OVLH.US,5,20251103,181500,39.84,39.84,39.8399,39.8399,1200,0
OVLH.US,5,20251103,182000,39.86,39.86,39.8599,39.8599,2000,0
OVLH.US,5,20251103,184000,39.84,39.84,39.84,39.84,100,0
OVLH.US,5,20251103,201500,39.801,39.801,39.801,39.801,2632,0
OVLH.US,5,20251103,203500,39.7706,39.7706,39.7706,39.7706,680,0
OVLH.US,5,20251103,204500,39.795,39.795,39.795,39.795,315,0
OVLH.US,5,20251103,205000,39.83,39.865,39.83,39.86,32545,0
OVLH.US,5,20251103,210500,39.835,39.835,39.835,39.835,168,0
OVLH.US,5,20251103,211500,39.84,39.84,39.84,39.84,690,0
OVLH.US,5,20251103,215500,39.795,39.795,39.77,39.7882,3400,0
OVLH.US,5,20251104,153500,39.559,39.559,39.559,39.559,430,0
OVLH.US,5,20251104,154500,39.62,39.62,39.6199,39.6199,500,0
OVLH.US,5,20251104,162500,39.6774,39.6774,39.6774,39.6774,102,0
OVLH.US,5,20251104,165500,39.59,39.59,39.59,39.59,632,0
OVLH.US,5,20251104,172000,39.61,39.61,39.61,39.61,43685,0
OVLH.US,5,20251104,180500,39.5605,39.5605,39.5605,39.5605,221,0
OVLH.US,5,20251104,182500,39.6,39.6,39.6,39.6,353,0
OVLH.US,5,20251104,191000,39.56,39.56,39.5599,39.5599,400,0
OVLH.US,5,20251104,193000,39.515,39.515,39.515,39.515,206,0
OVLH.US,5,20251104,194500,39.5375,39.5375,39.5375,39.5375,236,0
OVLH.US,5,20251104,201500,39.5205,39.5205,39.5205,39.5205,716,0
OVLH.US,5,20251104,204500,39.5075,39.5075,39.5075,39.5075,478,0
OVLH.US,5,20251104,210500,39.56,39.6,39.55,39.56,38941,0
OVLH.US,5,20251104,211000,39.53,39.53,39.53,39.53,1835,0
OVLH.US,5,20251104,211500,39.548,39.548,39.52,39.52,542,0
OVLH.US,5,20251104,212000,39.5225,39.5225,39.5225,39.5225,568,0
OVLH.US,5,20251104,213500,39.54,39.54,39.54,39.54,100,0
OVLH.US,5,20251105,153000,39.5,39.5,39.5,39.5,237,0
OVLH.US,5,20251105,172000,39.5352,39.5352,39.5352,39.5352,750,0
OVLH.US,5,20251105,185500,39.67,39.67,39.67,39.67,185,0
OVLH.US,5,20251105,200000,39.68,39.68,39.68,39.68,2200,0
OVLH.US,5,20251105,205000,39.56,39.56,39.56,39.56,127,0
OVLH.US,5,20251106,175000,39.31,39.31,39.31,39.31,1439,0
OVLH.US,5,20251106,180000,39.3075,39.3075,39.28,39.28,710,0
OVLH.US,5,20251106,192500,39.32,39.36,39.32,39.36,7000,0
OVLH.US,5,20251106,193500,39.33,39.3699,39.33,39.3699,15000,0
OVLH.US,5,20251106,195000,39.36,39.38,39.36,39.38,4900,0
OVLH.US,5,20251106,201500,39.38,39.4,39.38,39.4,5415,0
OVLH.US,5,20251106,202500,39.365,39.365,39.365,39.365,800,0
OVLH.US,5,20251106,203000,39.42,39.43,39.42,39.43,8000,0
OVLH.US,5,20251106,204000,39.3522,39.3522,39.3522,39.3522,350,0
OVLH.US,5,20251106,205000,39.33,39.38,39.33,39.3465,700,0
OVLH.US,5,20251107,153000,38.23,39.4,38.23,39.385,1335,0
OVLH.US,5,20251107,154000,39.09,39.09,39.09,39.09,200,0
OVLH.US,5,20251107,155500,39.09,39.09,39.09,39.09,200,0
OVLH.US,5,20251107,161000,39.1075,39.1075,39.1075,39.1075,220,0
OVLH.US,5,20251107,161500,39.16,39.2,39.16,39.1999,6000,0
OVLH.US,5,20251107,165000,39.06,39.06,39.06,39.06,100,0
OVLH.US,5,20251107,172000,39.0225,39.0225,39.0225,39.0225,117,0
OVLH.US,5,20251107,174000,39.017,39.017,39.017,39.017,239,0
OVLH.US,5,20251107,180000,39.0195,39.0195,39.0195,39.0195,225,0
OVLH.US,5,20251107,180500,38.9605,38.9605,38.9605,38.9605,714,0
OVLH.US,5,20251107,192500,39.089,39.11,39.089,39.1099,350,0
OVLH.US,5,20251107,194000,39.13,39.17,39.12,39.12,25918,0
OVLH.US,5,20251107,200500,39.15,39.15,39.12,39.12,24678,0
OVLH.US,5,20251107,203000,39.18,39.21,39.18,39.21,200,0
OVLH.US,5,20251107,203500,39.22,39.23,39.22,39.23,500,0
OVLH.US,5,20251107,204000,39.215,39.28,39.215,39.2422,2333,0
OVLH.US,5,20251107,204500,39.28,39.28,39.2799,39.2799,512,0
OVLH.US,5,20251107,205000,39.29,39.29,39.28,39.29,300,0
OVLH.US,5,20251107,205500,39.29,39.29,39.29,39.29,200,0
OVLH.US,5,20251107,210500,39.25,39.25,39.25,39.25,634,0
OVLH.US,5,20251107,212000,39.2595,39.2595,39.2595,39.2595,266,0
OVLH.US,5,20251107,212500,39.25,39.25,39.25,39.25,100,0
OVLH.US,5,20251107,213000,39.246,39.246,39.246,39.246,126,0
OVLH.US,5,20251107,215000,39.2892,39.2892,39.2892,39.2892,598,0
OVLH.US,5,20251107,215500,39.35,39.35,39.35,39.35,286,0
OVLH.US,5,20251110,154000,39.62,39.62,39.62,39.62,100,0
OVLH.US,5,20251110,154500,39.581,39.581,39.581,39.581,107,0
OVLH.US,5,20251110,162000,39.58,39.58,39.49,39.49,579,0
OVLH.US,5,20251110,164000,39.53,39.53,39.53,39.53,100,0
OVLH.US,5,20251110,164500,39.52,39.52,39.5,39.5,651,0
OVLH.US,5,20251110,170000,39.44,39.44,39.44,39.44,231,0
OVLH.US,5,20251110,174000,39.4025,39.43,39.4025,39.43,386,0
OVLH.US,5,20251110,180500,39.51,39.51,39.51,39.51,100,0
OVLH.US,5,20251110,192000,39.5675,39.5675,39.5675,39.5675,520,0
OVLH.US,5,20251110,192500,39.59,39.59,39.59,39.59,100,0
OVLH.US,5,20251110,200500,39.5701,39.5701,39.5701,39.5701,146,0
OVLH.US,5,20251110,204500,39.64,39.64,39.64,39.64,100,0
OVLH.US,5,20251110,213000,39.61,39.7,39.61,39.61,1993,0
OVLH.US,5,20251110,214500,39.67,39.67,39.67,39.67,213,0
OVLH.US,5,20251110,215500,39.71,39.71,39.71,39.71,100,0
OVLH.US,5,20251111,153000,39.67,39.67,39.67,39.67,100,0
OVLH.US,5,20251111,160000,39.6169,39.6169,39.6169,39.6169,269,0
OVLH.US,5,20251111,160500,39.555,39.555,39.555,39.555,123,0
OVLH.US,5,20251111,163000,39.58,39.58,39.545,39.545,680,0
OVLH.US,5,20251111,164500,39.57,39.57,39.545,39.545,653,0
OVLH.US,5,20251111,170000,39.6,39.6,39.6,39.6,100,0
OVLH.US,5,20251111,180000,39.597,39.597,39.597,39.597,110,0
OVLH.US,5,20251111,180500,39.6399,39.65,39.6399,39.6499,800,0
OVLH.US,5,20251111,181000,39.613,39.613,39.613,39.613,544,0
OVLH.US,5,20251111,183500,39.68,39.68,39.6799,39.6799,888,0
OVLH.US,5,20251111,184000,39.68,39.68,39.68,39.68,100,0
OVLH.US,5,20251111,192000,39.72,39.7494,39.72,39.7494,704,0
OVLH.US,5,20251111,194500,39.72,39.75,39.69,39.75,25480,0
OVLH.US,5,20251111,200500,39.74,39.74,39.74,39.74,100,0
OVLH.US,5,20251111,201000,39.69,39.69,39.66,39.66,21288,0
OVLH.US,5,20251111,201500,39.72,39.7225,39.72,39.7225,7620,0
OVLH.US,5,20251111,202000,39.74,39.74,39.74,39.74,100,0
OVLH.US,5,20251111,204000,39.7289,39.7289,39.7289,39.7289,2357,0
OVLH.US,5,20251111,204500,39.74,39.74,39.73,39.73,274,0
OVLH.US,5,20251111,205500,39.76,39.76,39.76,39.76,100,0
OVLH.US,5,20251111,210500,39.721,39.721,39.721,39.721,108,0
OVLH.US,5,20251111,211000,39.73,39.73,39.73,39.73,120,0
OVLH.US,5,20251111,211500,39.78,39.7859,39.73,39.75,567,0
OVLH.US,5,20251111,212000,39.75,39.75,39.75,39.75,100,0
OVLH.US,5,20251111,212500,39.75,39.75,39.75,39.75,100,0
OVLH.US,5,20251111,214000,39.73,39.73,39.73,39.73,100,0
OVLH.US,5,20251112,161000,39.7894,39.7894,39.7894,39.7894,201,0
OVLH.US,5,20251112,161500,39.75,39.75,39.75,39.75,300,0
OVLH.US,5,20251112,162500,39.76,39.76,39.76,39.76,100,0
OVLH.US,5,20251112,180000,39.7,39.7,39.6999,39.6999,760,0
OVLH.US,5,20251112,182000,39.7394,39.7394,39.7394,39.7394,128,0
OVLH.US,5,20251112,185500,39.75,39.75,39.75,39.75,100,0
OVLH.US,5,20251112,190000,39.745,39.745,39.745,39.745,340,0
OVLH.US,5,20251112,193000,39.77,39.77,39.77,39.77,100,0
OVLH.US,5,20251112,210000,39.7267,39.7267,39.7267,39.7267,359,0
OVLH.US,5,20251113,153000,39.66,39.66,39.66,39.66,100,0
OVLH.US,5,20251113,160000,39.55,39.55,39.54,39.54,1600,0
OVLH.US,5,20251113,161000,39.6183,39.6183,39.6183,39.6183,500,0
OVLH.US,5,20251113,164000,39.5,39.5,39.5,39.5,630,0
OVLH.US,5,20251113,164500,39.4792,39.4792,39.4792,39.4792,1270,0
OVLH.US,5,20251113,183500,39.4375,39.47,39.4375,39.47,474,0
OVLH.US,5,20251113,195500,39.335,39.335,39.335,39.335,138,0
OVLH.US,5,20251113,201500,39.3035,39.3035,39.3035,39.3035,320,0
OVLH.US,5,20251113,203000,39.4,39.4,39.4,39.4,100,0
OVLH.US,5,20251113,204000,39.335,39.3448,39.335,39.3448,325,0
OVLH.US,5,20251113,205000,39.313,39.313,39.313,39.313,196,0
OVLH.US,5,20251113,211500,39.35,39.35,39.35,39.35,100,0
OVLH.US,5,20251114,153000,39.355,39.355,39.25,39.25,500,0
OVLH.US,5,20251114,154000,39.23,39.23,39.1296,39.1356,1253,0
OVLH.US,5,20251114,154500,39.09,39.28,39.09,39.28,1134,0
OVLH.US,5,20251114,155500,39.3,39.3,39.2,39.2,895,0
OVLH.US,5,20251114,191000,39.39,39.39,39.39,39.39,100,0
OVLH.US,5,20251114,203000,39.39,39.39,39.39,39.39,249,0
OVLH.US,5,20251114,203500,39.41,39.41,39.41,39.41,100,0
OVLH.US,5,20251114,215500,39.299,39.299,39.299,39.299,130,0
OVLH.US,5,20251117,153000,39.27,39.27,39.2198,39.2198,296,0
OVLH.US,5,20251117,162000,39.28,39.28,39.28,39.28,200,0
OVLH.US,5,20251117,162500,39.2725,39.2725,39.2725,39.2725,183,0
OVLH.US,5,20251117,163000,39.27,39.27,39.27,39.27,100,0
OVLH.US,5,20251117,163500,39.25,39.25,39.25,39.25,402,0
OVLH.US,5,20251117,165500,39.2355,39.2355,39.2355,39.2355,616,0
OVLH.US,5,20251117,170500,39.17,39.17,39.17,39.17,100,0
OVLH.US,5,20251117,171000,39.18,39.18,39.18,39.18,128,0
OVLH.US,5,20251117,172500,39.2,39.2,39.2,39.2,100,0
OVLH.US,5,20251117,182000,39.2601,39.2601,39.2601,39.2601,253,0
OVLH.US,5,20251117,193500,39.1513,39.1513,39.1513,39.1513,202,0
OVLH.US,5,20251117,212000,38.9953,38.9953,38.9953,38.9953,363,0
OVLH.US,5,20251117,213000,39.04,39.04,39.04,39.04,100,0
OVLH.US,5,20251118,153000,39.04,39.04,39.04,39.04,100,0
OVLH.US,5,20251118,153500,39.07,39.07,39.07,39.07,100,0
OVLH.US,5,20251118,161500,38.83,38.8301,38.83,38.8301,1000,0
OVLH.US,5,20251118,165000,38.91,38.91,38.91,38.91,100,0
OVLH.US,5,20251118,180500,38.9388,38.9509,38.9388,38.9509,354,0
OVLH.US,5,20251118,183000,38.877,38.877,38.87,38.87,383,0
OVLH.US,5,20251118,190500,39.0512,39.0512,39.0512,39.0512,314,0
OVLH.US,5,20251118,191000,39.08,39.08,39.05,39.05,24884,0
OVLH.US,5,20251118,192500,39.07,39.0799,39.02,39.05,30380,0
OVLH.US,5,20251118,193500,39.06,39.06,39.035,39.035,298,0
OVLH.US,5,20251118,194500,39.07,39.07,39.07,39.07,100,0
OVLH.US,5,20251118,201000,39.04,39.0497,39.04,39.0497,1055,0
OVLH.US,5,20251118,202000,39.0241,39.0241,39.0241,39.0241,700,0
OVLH.US,5,20251118,203500,39.04,39.06,39.039,39.06,415,0
OVLH.US,5,20251118,213500,38.9712,38.9712,38.9712,38.9712,280,0
OVLH.US,5,20251118,215000,38.9832,38.9832,38.9832,38.9832,2977,0
OVLH.US,5,20251118,215500,38.96,38.96,38.96,38.96,100,0
OVLH.US,5,20251119,153000,38.98,38.98,38.98,38.98,100,0
OVLH.US,5,20251119,170000,39.04,39.04,39.02,39.02,2391,0
OVLH.US,5,20251119,172500,38.99,38.99,38.99,38.99,100,0
OVLH.US,5,20251119,174500,38.965,38.965,38.965,38.965,1441,0
OVLH.US,5,20251119,175000,39,39,38.983,38.983,200,0
OVLH.US,5,20251119,180000,38.97,38.97,38.97,38.97,1798,0
OVLH.US,5,20251119,180500,38.937,38.937,38.937,38.937,450,0
OVLH.US,5,20251119,182500,38.96,38.96,38.96,38.96,100,0
OVLH.US,5,20251119,184000,38.88,38.98,38.87,38.98,1217,0
OVLH.US,5,20251119,193500,39.01,39.01,39.01,39.01,100,0
OVLH.US,5,20251119,214000,39.0213,39.0213,39.0213,39.0213,236,0
OVLH.US,5,20251120,153000,39.33,39.33,39.33,39.33,100,0
OVLH.US,5,20251120,153500,39.34,39.34,39.3196,39.3196,406,0
OVLH.US,5,20251120,160000,39.39,39.42,39.39,39.42,5074,0
OVLH.US,5,20251120,161000,39.32,39.32,39.32,39.32,140,0
OVLH.US,5,20251120,161500,39.2962,39.35,39.2962,39.35,250,0
OVLH.US,5,20251120,164500,39.38,39.38,39.377,39.377,523,0
OVLH.US,5,20251120,165000,39.31,39.31,39.3033,39.3033,578,0
OVLH.US,5,20251120,171500,39.21,39.21,39.21,39.21,100,0
OVLH.US,5,20251120,174000,39.08,39.08,39.07,39.07,200,0
OVLH.US,5,20251120,175000,39.05,39.05,39.05,39.05,500,0
OVLH.US,5,20251120,175500,39.03,39.03,38.98,38.98,2065,0
OVLH.US,5,20251120,180000,39.06,39.06,39.06,39.06,100,0
OVLH.US,5,20251120,181000,38.99,38.99,38.99,38.99,100,0
OVLH.US,5,20251120,182000,38.9741,39,38.9741,39,200,0
OVLH.US,5,20251120,182500,38.976,38.976,38.976,38.976,128,0
OVLH.US,5,20251120,191500,38.92,38.92,38.92,38.92,505,0
OVLH.US,5,20251120,192500,38.97,38.97,38.97,38.97,115,0
OVLH.US,5,20251120,195500,38.86,38.86,38.86,38.86,100,0
OVLH.US,5,20251120,201000,38.8,38.8,38.8,38.8,1302,0
OVLH.US,5,20251120,202500,38.81,38.85,38.81,38.85,18695,0
OVLH.US,5,20251120,203000,38.77,38.77,38.77,38.77,1030,0
OVLH.US,5,20251120,212000,38.97,38.97,38.97,38.97,200,0
OVLH.US,5,20251121,154000,38.81,38.81,38.81,38.81,100,0
OVLH.US,5,20251121,154500,38.735,38.735,38.735,38.735,376,0
OVLH.US,5,20251121,160000,38.8396,38.8396,38.8396,38.8396,169,0
OVLH.US,5,20251121,163500,38.76,38.76,38.7326,38.7326,7280,0
OVLH.US,5,20251121,165000,38.8,38.8,38.78,38.78,11186,0
OVLH.US,5,20251121,165500,38.75,38.75,38.75,38.75,32836,0
OVLH.US,5,20251121,171000,38.78,38.78,38.78,38.78,100,0
OVLH.US,5,20251121,172000,38.71,38.71,38.68,38.7,13500,0
OVLH.US,5,20251121,172500,38.8,38.81,38.8,38.8,17271,0
OVLH.US,5,20251121,173000,38.85,38.85,38.7964,38.7964,30543,0
OVLH.US,5,20251121,174000,38.8292,38.8292,38.8292,38.8292,180,0
OVLH.US,5,20251121,180000,38.9079,38.9079,38.9079,38.9079,162,0
OVLH.US,5,20251121,181000,38.98,38.98,38.98,38.98,100,0
OVLH.US,5,20251121,183000,38.96,38.99,38.96,38.99,513,0
OVLH.US,5,20251121,184000,38.97,38.97,38.94,38.94,1026,0
OVLH.US,5,20251121,185000,38.92,38.92,38.92,38.92,100,0
OVLH.US,5,20251121,202000,39.01,39.01,39.01,39.01,100,0
OVLH.US,5,20251121,204000,38.99,38.99,38.99,38.99,100,0
OVLH.US,5,20251121,205000,38.97,38.97,38.97,38.97,514,0
OVLH.US,5,20251121,210500,38.97,38.97,38.91,38.91,775,0
OVLH.US,5,20251121,211000,38.96,38.96,38.9587,38.9587,754,0
OVLH.US,5,20251121,212000,38.96,38.96,38.96,38.96,100,0
OVLH.US,5,20251121,213000,38.9,38.94,38.8896,38.94,4510,0
OVLH.US,5,20251121,214500,38.97,38.97,38.97,38.97,100,0
OVLH.US,5,20251124,153000,39.195,39.195,39.0299,39.09,3600,0
OVLH.US,5,20251124,154000,38.9802,38.9802,38.9802,38.9802,418,0
OVLH.US,5,20251124,154500,38.98,38.98,38.98,38.98,100,0
OVLH.US,5,20251124,160000,39.17,39.285,39.165,39.285,400,0
OVLH.US,5,20251124,160500,39.0448,39.05,39.0448,39.05,294,0
OVLH.US,5,20251124,162000,39.04,39.04,38.97,38.97,212,0
OVLH.US,5,20251124,162500,39.012,39.06,39.012,39.06,925,0
OVLH.US,5,20251124,163500,39.05,39.05,39.05,39.05,190,0
OVLH.US,5,20251124,174500,39.142,39.142,39.142,39.142,105,0
OVLH.US,5,20251124,175500,39.14,39.14,39.1399,39.1399,400,0
OVLH.US,5,20251124,180500,39.13,39.13,39.13,39.13,100,0
OVLH.US,5,20251124,183500,39.08,39.11,39.06,39.11,38718,0
OVLH.US,5,20251124,185000,39.1,39.1699,39.1,39.1699,38850,0
OVLH.US,5,20251124,190000,39.149,39.149,39.149,39.149,200,0
OVLH.US,5,20251124,192000,39.15,39.15,39.15,39.15,1000,0
OVLH.US,5,20251124,201000,39.1799,39.1799,39.1799,39.1799,100,0
OVLH.US,5,20251124,203500,39.107,39.107,39.107,39.107,220,0
OVLH.US,5,20251124,210000,39.12,39.1481,39.12,39.1481,1290,0
OVLH.US,5,20251124,210500,39.16,39.16,39.16,39.16,100,0
OVLH.US,5,20251124,215500,39.16,39.25,39.16,39.25,3936,0
OVLH.US,5,20251125,153000,39.2,39.2,39.2,39.2,100,0
OVLH.US,5,20251125,153500,39.13,39.13,39.13,39.13,125,0
OVLH.US,5,20251125,154000,39.09,39.09,39.09,39.09,125,0
OVLH.US,5,20251125,160000,39.16,39.16,39.16,39.16,100,0
OVLH.US,5,20251125,170500,39.1534,39.1534,39.1534,39.1534,204,0
OVLH.US,5,20251125,175000,39.19,39.19,39.19,39.19,550,0
OVLH.US,5,20251125,181000,39.235,39.235,39.235,39.235,121,0
OVLH.US,5,20251125,190000,39.27,39.27,39.27,39.27,1127,0
OVLH.US,5,20251125,191000,39.275,39.275,39.275,39.275,755,0
OVLH.US,5,20251125,192000,39.3069,39.3069,39.3069,39.3069,171,0
OVLH.US,5,20251125,193000,39.32,39.32,39.32,39.32,100,0
OVLH.US,5,20251125,195500,39.295,39.295,39.295,39.295,495,0
OVLH.US,5,20251125,201500,39.26,39.26,39.26,39.26,280,0
OVLH.US,5,20251125,215500,39.36,39.36,39.36,39.36,100,0
OVLH.US,5,20251126,153000,39.52,39.52,39.52,39.52,100,0
OVLH.US,5,20251126,154500,39.5,39.54,39.4985,39.54,4021,0
OVLH.US,5,20251126,163000,39.4584,39.4584,39.4584,39.4584,253,0
OVLH.US,5,20251126,175500,39.5814,39.5814,39.574,39.574,636,0
OVLH.US,5,20251126,183000,39.56,39.59,39.56,39.56,872,0
OVLH.US,5,20251126,183500,39.59,39.59,39.59,39.59,100,0
OVLH.US,5,20251126,184500,39.59,39.59,39.59,39.59,1010,0
OVLH.US,5,20251126,185500,39.59,39.59,39.59,39.59,100,0
OVLH.US,5,20251126,191000,39.545,39.545,39.545,39.545,735,0
OVLH.US,5,20251126,192000,39.56,39.56,39.56,39.56,100,0
OVLH.US,5,20251126,193000,39.53,39.53,39.53,39.53,374,0
OVLH.US,5,20251126,195500,39.58,39.58,39.56,39.56,471,0
OVLH.US,5,20251126,203000,39.575,39.575,39.575,39.575,151,0
OVLH.US,5,20251126,203500,39.54,39.54,39.54,39.54,100,0
OVLH.US,5,20251126,205000,39.53,39.53,39.53,39.53,100,0
OVLH.US,5,20251126,211000,39.585,39.585,39.585,39.585,644,0
OVLH.US,5,20251126,212000,39.6023,39.6023,39.6023,39.6023,555,0
OVLH.US,5,20251126,212500,39.63,39.63,39.57,39.63,515,0
OVLH.US,5,20251126,214000,39.595,39.5951,39.57,39.5701,2492,0
OVLH.US,5,20251128,153000,39.625,39.625,39.625,39.625,100,0
OVLH.US,5,20251128,153500,39.63,39.63,39.63,39.63,100,0
OVLH.US,5,20251128,161000,39.5445,39.5445,39.5445,39.5445,100,0
OVLH.US,5,20251128,162500,39.6099,39.6099,39.53,39.53,409,0
OVLH.US,5,20251128,181000,39.6316,39.6316,39.6316,39.6316,438,0
OVLH.US,5,20251201,153000,39.58,39.585,39.53,39.53,400,0
OVLH.US,5,20251201,181000,39.5319,39.55,39.5319,39.55,28541,0
OVLH.US,5,20251201,185000,39.54,39.59,39.52,39.55,33115,0
OVLH.US,5,20251201,200000,39.5875,39.5875,39.5875,39.5875,247,0
OVLH.US,5,20251201,200500,39.5525,39.5525,39.5525,39.5525,656,0
OVLH.US,5,20251201,202000,39.537,39.537,39.537,39.537,347,0
OVLH.US,5,20251201,211500,39.47,39.47,39.47,39.47,330,0
OVLH.US,5,20251201,215500,39.5,39.5,39.44,39.4999,1068,0
OVLH.US,5,20251202,162500,39.5756,39.5756,39.5756,39.5756,210,0
OVLH.US,5,20251202,165000,39.613,39.613,39.613,39.613,130,0
OVLH.US,5,20251202,170000,39.59,39.59,39.59,39.59,107,0
OVLH.US,5,20251202,182000,39.5509,39.5509,39.5509,39.5509,346,0
OVLH.US,5,20251202,185500,39.5,39.5,39.5,39.5,162,0
OVLH.US,5,20251202,201500,39.5152,39.5152,39.5152,39.5152,275,0
OVLH.US,5,20251202,211000,39.57,39.57,39.57,39.57,2965,0
OVLH.US,5,20251203,154500,39.54,39.54,39.54,39.54,100,0
OVLH.US,5,20251203,180000,39.6,39.6,39.6,39.6,115,0
OVLH.US,5,20251203,182500,39.64,39.64,39.6399,39.6399,1600,0
OVLH.US,5,20251203,184500,39.63,39.63,39.63,39.63,633,0
OVLH.US,5,20251203,192000,39.617,39.6185,39.617,39.6185,417,0
OVLH.US,5,20251203,193000,39.6275,39.6375,39.6275,39.6375,295,0
OVLH.US,5,20251203,204000,39.71,39.71,39.7099,39.7099,1000,0
OVLH.US,5,20251203,211000,39.68,39.6802,39.675,39.675,923,0
OVLH.US,5,20251203,215000,39.6637,39.6637,39.6637,39.6637,1438,0
OVLH.US,5,20251204,153500,39.65,39.6501,39.6,39.6501,1800,0
OVLH.US,5,20251204,163500,39.6732,39.6732,39.6732,39.6732,252,0
OVLH.US,5,20251204,175000,39.6927,39.6927,39.6927,39.6927,100,0
OVLH.US,5,20251204,183000,39.6624,39.6624,39.6502,39.6502,1230,0
OVLH.US,5,20251204,200500,39.6799,39.6799,39.6799,39.6799,314,0
OVLH.US,5,20251204,201500,39.66,39.66,39.6599,39.66,1154,0
OVLH.US,5,20251204,202000,39.61,39.61,39.61,39.61,554,0
OVLH.US,5,20251204,210500,39.624,39.624,39.624,39.624,254,0
OVLH.US,5,20251204,211000,39.6499,39.65,39.6499,39.65,2800,0
OVLH.US,5,20251204,213000,39.6,39.6,39.6,39.6,180,0
OVLH.US,5,20251204,215000,39.66,39.66,39.66,39.66,100,0
OVLH.US,5,20251205,153000,39.82,39.82,39.82,39.82,2500,0
OVLH.US,5,20251205,162000,39.82,39.82,39.82,39.82,1115,0
OVLH.US,5,20251205,162500,39.8122,39.8122,39.8122,39.8122,4722,0
OVLH.US,5,20251205,163000,39.8299,39.8299,39.8299,39.8299,899,0
OVLH.US,5,20251205,170500,39.77,39.77,39.77,39.77,200,0
OVLH.US,5,20251205,171500,39.7357,39.7357,39.7357,39.7357,194,0
OVLH.US,5,20251205,174500,39.72,39.72,39.7125,39.7125,523,0
OVLH.US,5,20251205,183000,39.705,39.705,39.698,39.698,1646,0
OVLH.US,5,20251205,190000,39.75,39.75,39.75,39.75,250,0
OVLH.US,5,20251205,214000,39.733,39.733,39.733,39.733,173,0
OVLH.US,5,20251205,214500,39.7,39.7,39.7,39.7,500,0
OVLH.US,5,20251208,153500,39.75,39.75,39.7499,39.7499,448,0
OVLH.US,5,20251208,175500,39.618,39.618,39.618,39.618,107,0
OVLH.US,5,20251208,182000,39.61,39.61,39.61,39.61,212,0
OVLH.US,5,20251208,183000,39.61,39.61,39.6099,39.6099,328,0
OVLH.US,5,20251208,184500,39.62,39.62,39.6199,39.6199,1298,0
OVLH.US,5,20251208,190500,39.65,39.65,39.65,39.65,126,0
OVLH.US,5,20251208,193500,39.61,39.62,39.61,39.6199,2900,0
OVLH.US,5,20251208,202500,39.572,39.572,39.572,39.572,231,0
OVLH.US,5,20251208,205500,39.57,39.57,39.57,39.57,125,0
OVLH.US,5,20251208,212500,39.58,39.58,39.58,39.58,303,0
OVLH.US,5,20251208,213500,39.5773,39.5773,39.5773,39.5773,176,0
OVLH.US,5,20251208,215000,39.59,39.59,39.59,39.59,100,0
OVLH.US,5,20251208,215500,39.59,39.59,39.59,39.59,100,0
OVLH.US,5,20251209,153500,39.643,39.66,39.643,39.66,458,0
OVLH.US,5,20251209,155000,39.64,39.64,39.64,39.64,100,0
OVLH.US,5,20251209,194000,39.65,39.65,39.65,39.65,800,0
OVLH.US,5,20251209,200500,39.6356,39.6356,39.6356,39.6356,152,0
OVLH.US,5,20251209,201500,39.63,39.63,39.63,39.63,200,0
OVLH.US,5,20251209,203000,39.64,39.64,39.64,39.64,100,0
OVLH.US,5,20251209,203500,39.64,39.64,39.64,39.64,100,0
OVLH.US,5,20251209,204000,39.64,39.64,39.64,39.64,100,0
OVLH.US,5,20251209,204500,39.64,39.64,39.615,39.64,1060,0
OVLH.US,5,20251209,205000,39.64,39.64,39.6396,39.6396,225,0
OVLH.US,5,20251209,205500,39.65,39.65,39.6234,39.64,1633,0
OVLH.US,5,20251209,211500,39.625,39.625,39.625,39.625,640,0
OVLH.US,5,20251209,212500,39.64,39.64,39.64,39.64,100,0
OVLH.US,5,20251209,215500,39.64,39.64,39.64,39.64,200,0
OVLH.US,5,20251210,161000,39.6211,39.6211,39.6211,39.6211,900,0
OVLH.US,5,20251210,171500,39.5973,39.5973,39.5973,39.5973,100,0
OVLH.US,5,20251210,190500,39.61,39.61,39.61,39.61,322,0
OVLH.US,5,20251210,193000,39.606,39.62,39.606,39.62,213,0
OVLH.US,5,20251210,204500,39.676,39.676,39.676,39.676,101,0
OVLH.US,5,20251210,211000,39.78,39.8,39.78,39.8,752,0
OVLH.US,5,20251210,211500,39.79,39.7901,39.79,39.7901,200,0
OVLH.US,5,20251211,155000,39.52,39.5201,39.52,39.5201,400,0
OVLH.US,5,20251211,170500,39.62,39.62,39.62,39.62,470,0
OVLH.US,5,20251211,172000,39.63,39.63,39.62,39.6201,700,0
OVLH.US,5,20251211,175500,39.686,39.686,39.686,39.686,199,0
OVLH.US,5,20251211,185500,39.745,39.745,39.745,39.745,256,0
OVLH.US,5,20251211,193500,39.7585,39.76,39.7585,39.76,427,0
OVLH.US,5,20251211,204000,39.8,39.8,39.8,39.8,500,0
OVLH.US,5,20251211,205500,39.8499,39.8499,39.8499,39.8499,800,0
OVLH.US,5,20251211,212000,39.8071,39.8071,39.8,39.8,1573,0
OVLH.US,5,20251211,215500,39.81,39.81,39.81,39.81,127,0
OVLH.US,5,20251212,161500,39.66,39.66,39.66,39.66,600,0
OVLH.US,5,20251212,165000,39.59,39.59,39.59,39.59,376,0
OVLH.US,5,20251212,192000,39.54,39.54,39.54,39.54,400,0
OVLH.US,5,20251212,194000,39.4901,39.4901,39.4901,39.4901,139,0
OVLH.US,5,20251212,202500,39.4725,39.4725,39.4725,39.4725,929,0
OVLH.US,5,20251212,210000,39.475,39.475,39.475,39.475,120,0
OVLH.US,5,20251212,214500,39.4525,39.4525,39.4525,39.4525,225,0
OVLH.US,5,20251215,153000,39.61,39.61,39.6099,39.6099,524,0
OVLH.US,5,20251215,160500,39.46,39.46,39.46,39.46,188,0
OVLH.US,5,20251215,180000,39.42,39.42,39.42,39.42,154,0
OVLH.US,5,20251215,190000,39.4222,39.4222,39.4222,39.4222,488,0
OVLH.US,5,20251215,195500,39.39,39.39,39.39,39.39,173,0
OVLH.US,5,20251215,211000,39.41,39.4101,39.41,39.4101,1695,0
OVLH.US,5,20251215,215000,39.427,39.43,39.427,39.43,480,0
OVLH.US,5,20251215,215500,39.4152,39.4152,39.4152,39.4152,632,0
OVLH.US,5,20251216,163000,39.32,39.36,39.32,39.36,1217,0
OVLH.US,5,20251216,165000,39.32,39.32,39.32,39.32,225,0
OVLH.US,5,20251216,170500,39.3193,39.3193,39.3193,39.3193,113,0
OVLH.US,5,20251216,173500,39.232,39.232,39.232,39.232,509,0
OVLH.US,5,20251216,174500,39.29,39.29,39.29,39.29,1000,0
OVLH.US,5,20251216,175000,39.29,39.29,39.29,39.29,1200,0
OVLH.US,5,20251216,180500,39.29,39.2901,39.29,39.2901,723,0
OVLH.US,5,20251216,184000,39.3,39.3,39.29,39.29,2000,0
OVLH.US,5,20251216,201000,39.2168,39.2168,39.2168,39.2168,101,0
OVLH.US,5,20251216,205500,39.32,39.33,39.31,39.31,2636,0
OVLH.US,5,20251216,214500,39.35,39.35,39.35,39.35,100,0
OVLH.US,5,20251216,215500,39.38,39.38,39.38,39.38,109,0
OVLH.US,5,20251217,153500,39.39,39.39,39.3662,39.3662,406,0
OVLH.US,5,20251217,154000,39.3176,39.3176,39.3176,39.3176,277,0
OVLH.US,5,20251217,161500,39.2848,39.2848,39.2848,39.2848,253,0
OVLH.US,5,20251217,165000,39.137,39.137,39.137,39.137,475,0
OVLH.US,5,20251217,165500,39.1215,39.1215,39.1215,39.1215,211,0
OVLH.US,5,20251217,175500,39.1052,39.1052,39.1052,39.1052,626,0
OVLH.US,5,20251217,180500,39.069,39.0952,39.069,39.0952,550,0
OVLH.US,5,20251217,181500,39.12,39.12,39.12,39.12,100,0
OVLH.US,5,20251217,202000,39.08,39.09,39.0799,39.0799,675,0
OVLH.US,5,20251217,202500,39.03,39.03,39.03,39.03,307,0
OVLH.US,5,20251217,203000,39.0611,39.0611,39.0611,39.0611,213,0
OVLH.US,5,20251217,211000,39.0894,39.0894,39.0894,39.0894,256,0
OVLH.US,5,20251217,214500,39.04,39.0506,39.04,39.0506,2262,0
OVLH.US,5,20251217,215500,39.005,39.005,39.005,39.005,101,0
OVLH.US,5,20251218,154500,39.15,39.1501,39.14,39.1401,1188,0
OVLH.US,5,20251218,155000,39.23,39.23,39.23,39.23,100,0
OVLH.US,5,20251218,161000,39.25,39.29,39.1894,39.1894,10265,0
OVLH.US,5,20251218,162000,39.22,39.25,39.22,39.25,2300,0
OVLH.US,5,20251218,163000,39.3492,39.3492,39.3492,39.3492,165,0
OVLH.US,5,20251218,165500,39.39,39.41,39.35,39.36,1393,0
OVLH.US,5,20251218,171000,39.419,39.419,39.419,39.419,1320,0
OVLH.US,5,20251218,175000,39.35,39.35,39.35,39.35,319,0
OVLH.US,5,20251218,184500,39.25,39.25,39.24,39.24,490,0
OVLH.US,5,20251218,185500,39.23,39.23,39.23,39.23,100,0
OVLH.US,5,20251218,203000,39.2128,39.2128,39.2128,39.2128,261,0
OVLH.US,5,20251219,153000,39.4299,39.4299,39.4299,39.4299,179,0
OVLH.US,5,20251219,181500,39.4611,39.4611,39.4611,39.4611,129,0
OVLH.US,5,20251219,210500,39.4438,39.4438,39.4438,39.4438,290,0
OVLH.US,5,20251219,211500,39.413,39.413,39.413,39.413,527,0
OVLH.US,5,20251219,214000,39.4,39.4001,39.4,39.4001,636,0
OVLH.US,5,20251222,154000,39.56,39.56,39.545,39.545,289,0
OVLH.US,5,20251222,155500,39.56,39.569,39.56,39.569,220,0
OVLH.US,5,20251222,161000,39.51,39.51,39.51,39.51,700,0
OVLH.US,5,20251222,165000,39.548,39.548,39.548,39.548,170,0
OVLH.US,5,20251222,173500,39.59,39.59,39.59,39.59,117,0
OVLH.US,5,20251222,190500,39.59,39.59,39.59,39.59,500,0
OVLH.US,5,20251222,201000,39.5827,39.5827,39.5827,39.5827,110,0
OVLH.US,5,20251222,202000,39.5794,39.5794,39.5794,39.5794,170,0
OVLH.US,5,20251222,203500,39.58,39.58,39.58,39.58,283,0
OVLH.US,5,20251222,210500,39.6182,39.6182,39.6182,39.6182,121,0
