<TICKER>,<PER>,<DATE>,<TIME>,<OPEN>,<HIGH>,<LOW>,<CLOSE>,<VOL>,<OPENINT>
PBAP.US,5,20250730,203500,27.93,27.93,27.93,27.93,608,0
PBAP.US,5,20250730,204000,27.94,27.94,27.94,27.94,300,0
PBAP.US,5,20250730,210000,27.89,27.89,27.89,27.89,100,0
PBAP.US,5,20250730,211500,27.88,27.88,27.88,27.88,300,0
PBAP.US,5,20250730,212000,27.88,27.88,27.88,27.88,3868,0
PBAP.US,5,20250730,215000,27.89,27.89,27.89,27.89,4800,0
PBAP.US,5,20250801,191000,27.7895,27.7895,27.76,27.76,12434,0
PBAP.US,5,20250801,191500,27.76,27.76,27.76,27.76,2283,0
PBAP.US,5,20250801,204500,27.765,27.765,27.765,27.765,400,0
PBAP.US,5,20250804,182500,27.9,27.9,27.89,27.895,1700,0
PBAP.US,5,20250804,184000,27.9,27.9,27.9,27.9,200,0
PBAP.US,5,20250804,211500,27.91,27.91,27.91,27.91,200,0
PBAP.US,5,20250805,182000,27.89,27.89,27.89,27.89,100,0
PBAP.US,5,20250806,164000,27.91,27.91,27.91,27.91,100,0
PBAP.US,5,20250806,184500,27.93,27.93,27.93,27.93,200,0
PBAP.US,5,20250806,185000,27.96,27.96,27.96,27.96,258,0
PBAP.US,5,20250806,194500,27.93,27.93,27.93,27.93,1489,0
PBAP.US,5,20250806,214000,27.94,27.94,27.94,27.94,100,0
PBAP.US,5,20250807,215500,27.93,27.93,27.93,27.93,100,0
PBAP.US,5,20250808,181500,27.99,27.99,27.99,27.99,100,0
PBAP.US,5,20250811,154000,28,28,28,28,238,0
PBAP.US,5,20250811,155500,28,28,28,28,100,0
PBAP.US,5,20250811,160000,28,28,28,28,238,0
PBAP.US,5,20250811,161000,28,28,28,28,4384,0
PBAP.US,5,20250811,163500,28,28,28,28,100,0
PBAP.US,5,20250811,180000,28,28,28,28,338,0
PBAP.US,5,20250811,180500,28,28,28,28,8233,0
PBAP.US,5,20250811,184000,28,28,28,28,100,0
PBAP.US,5,20250811,193500,28.01,28.01,28.01,28.01,300,0
PBAP.US,5,20250811,195500,28.01,28.01,28.01,28.01,300,0
PBAP.US,5,20250811,201000,28.01,28.01,28.01,28.01,300,0
PBAP.US,5,20250811,202500,28.01,28.01,28.01,28.01,200,0
PBAP.US,5,20250811,203000,28.01,28.01,28.01,28.01,100,0
PBAP.US,5,20250811,204500,28.025,28.025,28.025,28.025,100,0
PBAP.US,5,20250811,215000,28.04,28.04,28.04,28.04,300,0
PBAP.US,5,20250812,154000,28.05,28.05,28.05,28.05,2618,0
PBAP.US,5,20250812,170500,28.04,28.04,28.04,28.04,100,0
PBAP.US,5,20250813,153000,28.1,28.11,28.1,28.1,2618,0
PBAP.US,5,20250814,181000,28.08,28.08,28.08,28.08,1579,0
PBAP.US,5,20250814,182500,28.08,28.08,28.08,28.08,200,0
PBAP.US,5,20250814,201500,28.08,28.08,28.08,28.08,400,0
PBAP.US,5,20250815,210000,28.08,28.08,28.08,28.08,400,0
PBAP.US,5,20250815,211500,28.08,28.08,28.08,28.08,300,0
PBAP.US,5,20250819,182500,28.08,28.08,28.07,28.07,400,0
PBAP.US,5,20250819,184000,28.06,28.07,28.06,28.07,400,0
PBAP.US,5,20250819,213000,28.08,28.08,28.08,28.08,170,0
PBAP.US,5,20250820,171500,28.03,28.03,28.03,28.03,100,0
PBAP.US,5,20250821,173000,28.05,28.05,28.05,28.05,100,0
PBAP.US,5,20250821,180500,28.02,28.02,28.02,28.02,400,0
PBAP.US,5,20250821,182000,28.025,28.025,28.02,28.02,400,0
PBAP.US,5,20250821,183500,28.02,28.025,28.02,28.025,400,0
PBAP.US,5,20250821,185000,28.025,28.025,28.025,28.025,883,0
PBAP.US,5,20250821,191500,28.01,28.01,28.01,28.01,200,0
PBAP.US,5,20250821,193500,28.03,28.03,28.03,28.03,100,0
PBAP.US,5,20250822,184500,28.15,28.15,28.15,28.15,1382,0
PBAP.US,5,20250825,190000,28.15,28.15,28.15,28.15,1776,0
PBAP.US,5,20250826,163500,28.13,28.13,28.13,28.13,500,0
PBAP.US,5,20250902,182500,28.0952,28.11,28.07,28.07,12975,0
PBAP.US,5,20250902,185000,28.08,28.08,28.08,28.08,2316,0
PBAP.US,5,20250902,201500,28.1,28.1099,28.09,28.1,4297,0
PBAP.US,5,20250903,165000,28.16,28.16,28.16,28.16,100,0
PBAP.US,5,20250903,175500,28.14,28.14,28.14,28.14,100,0
PBAP.US,5,20250903,183500,28.14,28.14,28.14,28.14,300,0
PBAP.US,5,20250903,214500,28.15,28.15,28.15,28.15,183,0
PBAP.US,5,20250905,173500,28.21,28.21,28.21,28.21,100,0
PBAP.US,5,20250905,194000,28.2,28.2,28.2,28.2,100,0
PBAP.US,5,20250908,170500,28.255,28.255,28.2301,28.25,1467,0
PBAP.US,5,20250908,171000,28.25,28.25,28.25,28.25,100,0
PBAP.US,5,20250908,182000,28.25,28.25,28.25,28.25,100,0
PBAP.US,5,20250908,183500,28.24,28.24,28.24,28.24,100,0
PBAP.US,5,20250909,182500,28.24,28.24,28.24,28.24,100,0
PBAP.US,5,20250909,192000,28.25,28.25,28.25,28.25,100,0
PBAP.US,5,20250909,213500,28.24,28.25,28.24,28.24,9367,0
PBAP.US,5,20250909,215500,28.24,28.24,28.24,28.24,300,0
PBAP.US,5,20250910,161500,28.29,28.29,28.29,28.29,1019,0
PBAP.US,5,20250910,173500,28.2726,28.2726,28.2726,28.2726,100,0
PBAP.US,5,20250910,175000,28.27,28.28,28.27,28.27,1200,0
PBAP.US,5,20250910,213500,28.28,28.28,28.28,28.28,220,0
PBAP.US,5,20250910,215500,28.28,28.28,28.28,28.28,120,0
PBAP.US,5,20250911,181000,28.3,28.3,28.3,28.3,200,0
PBAP.US,5,20250911,210000,28.3,28.3,28.3,28.3,400,0
PBAP.US,5,20250911,212500,28.3016,28.3016,28.3016,28.3016,149,0
PBAP.US,5,20250916,175000,28.33,28.33,28.31,28.3299,600,0
PBAP.US,5,20250916,180000,28.31,28.31,28.31,28.31,100,0
PBAP.US,5,20250917,205500,28.31,28.31,28.31,28.31,100,0
PBAP.US,5,20250917,215000,28.35,28.35,28.35,28.35,168,0
PBAP.US,5,20250917,215500,28.32,28.32,28.3101,28.3101,16471,0
PBAP.US,5,20250918,181500,28.35,28.35,28.35,28.35,200,0
PBAP.US,5,20250918,215500,28.37,28.37,28.37,28.37,100,0
PBAP.US,5,20250919,212000,28.3595,28.3595,28.3595,28.3595,105,0
PBAP.US,5,20250924,191000,28.34,28.34,28.34,28.34,100,0
PBAP.US,5,20250924,193000,28.33,28.33,28.33,28.33,100,0
PBAP.US,5,20250925,171500,28.34,28.34,28.34,28.34,300,0
PBAP.US,5,20250925,173500,28.34,28.34,28.34,28.34,100,0
PBAP.US,5,20250925,201000,28.32,28.32,28.32,28.32,300,0
PBAP.US,5,20250925,201500,28.33,28.33,28.33,28.33,100,0
PBAP.US,5,20250925,203500,28.34,28.34,28.34,28.34,200,0
PBAP.US,5,20250925,215000,28.36,28.36,28.36,28.36,400,0
PBAP.US,5,20250925,215500,28.34,28.34,28.34,28.34,1000,0
PBAP.US,5,20250926,180500,28.35,28.35,28.35,28.35,14290,0
PBAP.US,5,20250929,185000,28.3996,28.3996,28.3996,28.3996,374,0
PBAP.US,5,20250930,164500,28.3997,28.3997,28.3997,28.3997,1526,0
PBAP.US,5,20250930,171500,28.39,28.39,28.39,28.39,100,0
PBAP.US,5,20251001,163000,28.41,28.42,28.41,28.41,2450,0
PBAP.US,5,20251001,173000,28.42,28.42,28.42,28.42,100,0
PBAP.US,5,20251001,211000,28.44,28.44,28.44,28.44,416,0
PBAP.US,5,20251001,214000,28.43,28.43,28.43,28.43,100,0
PBAP.US,5,20251006,192000,28.46,28.46,28.46,28.46,300,0
PBAP.US,5,20251008,204000,28.47,28.47,28.47,28.47,500,0
PBAP.US,5,20251008,210000,28.47,28.47,28.47,28.47,100,0
PBAP.US,5,20251009,164000,28.44,28.44,28.44,28.44,401,0
PBAP.US,5,20251009,192500,28.44,28.44,28.44,28.44,100,0
PBAP.US,5,20251009,193000,28.44,28.44,28.44,28.44,200,0
PBAP.US,5,20251009,193500,28.44,28.44,28.43,28.435,9864,0
PBAP.US,5,20251009,210000,28.44,28.44,28.44,28.44,6961,0
PBAP.US,5,20251009,212000,28.46,28.46,28.46,28.46,100,0
PBAP.US,5,20251009,213500,28.46,28.46,28.46,28.46,100,0
PBAP.US,5,20251009,215000,28.46,28.46,28.46,28.46,421,0
PBAP.US,5,20251010,165500,28.47,28.47,28.47,28.47,100,0
PBAP.US,5,20251010,170000,28.43,28.43,28.43,28.43,100,0
PBAP.US,5,20251010,202500,28.42,28.42,28.42,28.42,156,0
PBAP.US,5,20251013,190500,28.42,28.42,28.41,28.41,1984,0
PBAP.US,5,20251014,201500,28.43,28.43,28.43,28.43,121,0
PBAP.US,5,20251015,202500,28.4,28.4,28.395,28.3951,394,0
PBAP.US,5,20251015,205000,28.4,28.4,28.4,28.4,200,0
PBAP.US,5,20251015,212000,28.44,28.44,28.44,28.44,6320,0
PBAP.US,5,20251015,213000,28.44,28.44,28.44,28.44,6320,0
PBAP.US,5,20251016,211500,28.37,28.37,28.37,28.37,2000,0
PBAP.US,5,20251016,215000,28.35,28.35,28.35,28.35,100,0
PBAP.US,5,20251017,162000,28.38,28.38,28.38,28.38,186,0
PBAP.US,5,20251017,213000,28.42,28.42,28.42,28.42,100,0
PBAP.US,5,20251020,163500,28.49,28.49,28.49,28.49,100,0
PBAP.US,5,20251022,205500,28.46,28.46,28.46,28.46,100,0
PBAP.US,5,20251022,213000,28.5,28.5,28.5,28.5,3600,0
PBAP.US,5,20251022,215500,28.47,28.47,28.47,28.47,1100,0
PBAP.US,5,20251023,182500,28.52,28.52,28.52,28.52,204,0
PBAP.US,5,20251023,213500,28.55,28.55,28.55,28.55,500,0
PBAP.US,5,20251024,211500,28.6,28.6,28.6,28.6,100,0
PBAP.US,5,20251027,190000,28.59,28.59,28.59,28.59,100,0
PBAP.US,5,20251027,202000,28.62,28.62,28.62,28.62,1178,0
PBAP.US,5,20251028,152500,28.59,28.59,28.59,28.59,100,0
PBAP.US,5,20251029,203000,28.61,28.61,28.61,28.61,1494,0
PBAP.US,5,20251030,193000,28.6,28.6,28.57,28.6,1100,0
PBAP.US,5,20251031,154000,28.6,28.6,28.6,28.6,100,0
PBAP.US,5,20251031,180000,28.54,28.5401,28.54,28.5401,4400,0
PBAP.US,5,20251031,191000,28.55,28.55,28.55,28.55,1000,0
PBAP.US,5,20251031,201500,28.55,28.55,28.55,28.55,200,0
PBAP.US,5,20251103,160500,28.564,28.564,28.564,28.564,973,0
PBAP.US,5,20251103,161000,28.56,28.56,28.56,28.56,200,0
PBAP.US,5,20251103,161500,28.56,28.56,28.56,28.56,100,0
PBAP.US,5,20251103,162000,28.56,28.56,28.56,28.56,500,0
PBAP.US,5,20251103,170000,28.555,28.56,28.555,28.56,600,0
PBAP.US,5,20251103,210000,28.58,28.58,28.58,28.58,751,0
PBAP.US,5,20251103,213500,28.58,28.58,28.565,28.565,2862,0
PBAP.US,5,20251103,214500,28.57,28.57,28.5,28.56,12413,0
PBAP.US,5,20251103,215500,28.57,28.57,28.57,28.57,300,0
PBAP.US,5,20251104,161500,28.55,28.55,28.55,28.55,621,0
PBAP.US,5,20251104,163000,28.55,28.55,28.55,28.55,400,0
PBAP.US,5,20251105,161500,28.54,28.54,28.54,28.54,1039,0
PBAP.US,5,20251105,215500,28.56,28.56,28.56,28.56,1220,0
PBAP.US,5,20251106,184500,28.52,28.52,28.51,28.515,9104,0
PBAP.US,5,20251106,192500,28.51,28.51,28.51,28.51,100,0
PBAP.US,5,20251106,193000,28.52,28.52,28.52,28.52,1810,0
PBAP.US,5,20251106,212000,28.53,28.53,28.53,28.53,488,0
PBAP.US,5,20251106,212500,28.53,28.53,28.53,28.53,100,0
PBAP.US,5,20251107,215500,28.27,28.27,28.25,28.27,3434,0
PBAP.US,5,20251110,164500,28.59,28.59,28.59,28.59,243,0
PBAP.US,5,20251110,215500,28.6,28.6,28.6,28.6,1500,0
PBAP.US,5,20251111,195000,28.62,28.62,28.62,28.62,526,0
PBAP.US,5,20251111,201000,28.62,28.62,28.62,28.62,400,0
PBAP.US,5,20251111,201500,28.62,28.62,28.62,28.62,126,0
PBAP.US,5,20251111,202000,28.62,28.62,28.62,28.62,394,0
PBAP.US,5,20251111,204000,28.61,28.61,28.61,28.61,390,0
PBAP.US,5,20251111,210500,28.62,28.62,28.62,28.62,198,0
PBAP.US,5,20251111,214500,28.61,28.61,28.61,28.61,298,0
PBAP.US,5,20251112,165000,28.61,28.61,28.61,28.61,600,0
PBAP.US,5,20251112,201500,28.6287,28.6287,28.6287,28.6287,200,0
PBAP.US,5,20251112,205000,28.62,28.6201,28.62,28.6201,400,0
PBAP.US,5,20251112,211500,28.63,28.63,28.63,28.63,217,0
PBAP.US,5,20251113,164500,28.58,28.58,28.58,28.58,300,0
PBAP.US,5,20251113,165500,28.59,28.59,28.59,28.59,5600,0
PBAP.US,5,20251113,174000,28.57,28.57,28.57,28.57,127,0
PBAP.US,5,20251114,163000,28.53,28.53,28.53,28.53,200,0
PBAP.US,5,20251117,172000,28.53,28.53,28.53,28.53,245,0
PBAP.US,5,20251118,182500,28.44,28.44,28.44,28.44,100,0
PBAP.US,5,20251118,184000,28.46,28.46,28.46,28.46,100,0
PBAP.US,5,20251118,212000,28.51,28.51,28.51,28.51,881,0
PBAP.US,5,20251118,215500,28.44,28.44,28.44,28.44,138,0
PBAP.US,5,20251120,175500,28.47,28.47,28.47,28.47,181,0
PBAP.US,5,20251120,190500,28.43,28.43,28.43,28.43,100,0
PBAP.US,5,20251120,205500,28.43,28.43,28.43,28.43,100,0
PBAP.US,5,20251120,211000,28.42,28.42,28.42,28.42,100,0
PBAP.US,5,20251121,215000,28.49,28.49,28.49,28.49,855,0
PBAP.US,5,20251124,180000,28.56,28.56,28.56,28.56,100,0
PBAP.US,5,20251124,184500,28.58,28.58,28.58,28.58,100,0
PBAP.US,5,20251125,153500,28.61,28.61,28.61,28.61,140,0
PBAP.US,5,20251125,172000,28.6,28.6,28.6,28.6,200,0
PBAP.US,5,20251125,215500,28.64,28.64,28.64,28.64,100,0
PBAP.US,5,20251128,185500,28.7,28.7,28.7,28.7,200,0
PBAP.US,5,20251201,212500,28.73,28.73,28.73,28.73,4105,0
PBAP.US,5,20251205,161500,28.81,28.81,28.81,28.81,976,0
PBAP.US,5,20251210,213000,28.84,28.84,28.84,28.84,888,0
PBAP.US,5,20251212,172500,28.81,28.81,28.81,28.81,896,0
PBAP.US,5,20251212,193000,28.811,28.811,28.81,28.81,560,0
PBAP.US,5,20251215,212500,28.83,28.83,28.83,28.83,672,0
PBAP.US,5,20251218,212000,28.84,28.84,28.84,28.84,739,0
PBAP.US,5,20251222,212500,28.94,28.94,28.94,28.94,15444,0
