<TICKER>,<PER>,<DATE>,<TIME>,<OPEN>,<HIGH>,<LOW>,<CLOSE>,<VOL>,<OPENINT>
QMAR.US,5,20250728,153000,31.435,31.435,31.435,31.435,100,0
QMAR.US,5,20250728,161000,31.42,31.42,31.42,31.42,100,0
QMAR.US,5,20250728,170500,31.4603,31.4603,31.4603,31.4603,317,0
QMAR.US,5,20250728,172000,31.47,31.47,31.47,31.47,606,0
QMAR.US,5,20250728,173000,31.445,31.445,31.445,31.445,577,0
QMAR.US,5,20250728,182000,31.4001,31.4001,31.4001,31.4001,168,0
QMAR.US,5,20250728,184500,31.411,31.411,31.411,31.411,132,0
QMAR.US,5,20250728,190500,31.4232,31.4232,31.4232,31.4232,1842,0
QMAR.US,5,20250728,192500,31.44,31.44,31.4019,31.4019,2000,0
QMAR.US,5,20250728,193000,31.44,31.44,31.44,31.44,2500,0
QMAR.US,5,20250728,193500,31.42,31.42,31.42,31.42,100,0
QMAR.US,5,20250728,200000,31.41,31.41,31.41,31.41,100,0
QMAR.US,5,20250728,202000,31.4381,31.4381,31.4381,31.4381,126,0
QMAR.US,5,20250728,205000,31.4629,31.4629,31.4629,31.4629,301,0
QMAR.US,5,20250728,210000,31.435,31.435,31.435,31.435,174,0
QMAR.US,5,20250728,210500,31.435,31.435,31.41,31.41,377,0
QMAR.US,5,20250728,211000,31.45,31.4693,31.45,31.46,635,0
QMAR.US,5,20250728,213000,31.4264,31.44,31.4264,31.44,905,0
QMAR.US,5,20250728,213500,31.41,31.41,31.41,31.41,100,0
QMAR.US,5,20250729,160000,31.46,31.46,31.46,31.46,100,0
QMAR.US,5,20250729,173000,31.4381,31.4381,31.4381,31.4381,600,0
QMAR.US,5,20250729,183500,31.41,31.41,31.41,31.41,128,0
QMAR.US,5,20250729,191500,31.43,31.43,31.43,31.43,300,0
QMAR.US,5,20250729,193500,31.43,31.43,31.43,31.43,100,0
QMAR.US,5,20250729,211500,31.4426,31.4426,31.4426,31.4426,286,0
QMAR.US,5,20250730,160500,31.41,31.41,31.41,31.41,100,0
QMAR.US,5,20250730,180000,31.43,31.48,31.43,31.48,571,0
QMAR.US,5,20250730,183000,31.4101,31.4101,31.4101,31.4101,200,0
QMAR.US,5,20250730,191000,31.48,31.4893,31.48,31.4893,1654,0
QMAR.US,5,20250730,191500,31.45,31.45,31.45,31.45,2630,0
QMAR.US,5,20250730,193000,31.45,31.45,31.43,31.43,2800,0
QMAR.US,5,20250730,193500,31.49,31.49,31.48,31.49,500,0
QMAR.US,5,20250730,195000,31.49,31.49,31.48,31.49,500,0
QMAR.US,5,20250730,195500,31.4574,31.4574,31.4574,31.4574,378,0
QMAR.US,5,20250730,201500,31.43,31.43,31.43,31.43,100,0
QMAR.US,5,20250730,203000,31.4499,31.51,31.4499,31.505,1891,0
QMAR.US,5,20250730,205000,31.43,31.43,31.43,31.43,100,0
QMAR.US,5,20250730,205500,31.455,31.455,31.43,31.43,300,0
QMAR.US,5,20250730,210000,31.39,31.42,31.39,31.42,600,0
QMAR.US,5,20250730,212000,31.38,31.38,31.38,31.38,100,0
QMAR.US,5,20250730,214000,31.38,31.38,31.38,31.38,1865,0
QMAR.US,5,20250730,214500,31.43,31.43,31.42,31.43,800,0
QMAR.US,5,20250730,215500,31.45,31.45,31.45,31.45,500,0
QMAR.US,5,20250731,160500,31.5,31.5,31.5,31.5,100,0
QMAR.US,5,20250731,165000,31.4929,31.4929,31.4929,31.4929,110,0
QMAR.US,5,20250731,165500,31.5,31.5,31.43,31.43,600,0
QMAR.US,5,20250731,171500,31.44,31.47,31.4,31.4,500,0
QMAR.US,5,20250731,174000,31.5,31.5,31.5,31.5,200,0
QMAR.US,5,20250731,174500,31.46,31.46,31.46,31.46,100,0
QMAR.US,5,20250731,180000,31.51,31.51,31.5,31.51,1700,0
QMAR.US,5,20250731,181500,31.475,31.5,31.475,31.5,242,0
QMAR.US,5,20250731,183000,31.46,31.5,31.46,31.5,200,0
QMAR.US,5,20250731,184000,31.478,31.478,31.478,31.478,217,0
QMAR.US,5,20250731,184500,31.47,31.47,31.47,31.47,500,0
QMAR.US,5,20250731,190000,31.45,31.5,31.45,31.5,700,0
QMAR.US,5,20250731,192500,31.43,31.43,31.43,31.43,100,0
QMAR.US,5,20250731,193000,31.45,31.45,31.45,31.45,400,0
QMAR.US,5,20250731,194500,31.4,31.4,31.4,31.4,100,0
QMAR.US,5,20250731,195500,31.4,31.41,31.4,31.41,356,0
QMAR.US,5,20250731,200500,31.391,31.391,31.391,31.391,167,0
QMAR.US,5,20250731,201500,31.37,31.37,31.37,31.37,100,0
QMAR.US,5,20250731,203500,31.4591,31.4591,31.4591,31.4591,100,0
QMAR.US,5,20250731,204500,31.415,31.415,31.39,31.39,276,0
QMAR.US,5,20250731,210000,31.41,31.41,31.41,31.41,3414,0
QMAR.US,5,20250731,214500,31.37,31.37,31.37,31.37,500,0
QMAR.US,5,20250731,215000,31.41,31.41,31.35,31.35,326,0
QMAR.US,5,20250801,153000,31.198,31.198,31.198,31.198,149,0
QMAR.US,5,20250801,160000,31.08,31.08,31.08,31.08,100,0
QMAR.US,5,20250801,165000,31.16,31.16,31.16,31.16,100,0
QMAR.US,5,20250801,183500,31.18,31.18,31.18,31.18,100,0
QMAR.US,5,20250801,184000,31.171,31.205,31.171,31.205,770,0
QMAR.US,5,20250801,184500,31.17,31.17,31.17,31.17,200,0
QMAR.US,5,20250801,185000,31.13,31.13,31.13,31.13,100,0
QMAR.US,5,20250801,185500,31.11,31.11,31.11,31.11,100,0
QMAR.US,5,20250801,191000,31.1699,31.1699,31.1699,31.1699,739,0
QMAR.US,5,20250801,192000,31.0897,31.0897,31.0897,31.0897,113,0
QMAR.US,5,20250801,193500,31.09,31.09,31.08,31.08,1869,0
QMAR.US,5,20250801,200000,31.08,31.08,31.08,31.08,100,0
QMAR.US,5,20250801,200500,31.0801,31.115,31.0801,31.115,363,0
QMAR.US,5,20250801,201000,31.0832,31.0832,31.0832,31.0832,226,0
QMAR.US,5,20250801,203000,31.12,31.12,31.12,31.12,120,0
QMAR.US,5,20250801,203500,31.12,31.12,31.12,31.12,100,0
QMAR.US,5,20250801,212000,31.135,31.135,31.135,31.135,2245,0
QMAR.US,5,20250801,212500,31.1197,31.1197,31.1197,31.1197,269,0
QMAR.US,5,20250804,161000,31.34655,31.34655,31.34655,31.34655,1000,0
QMAR.US,5,20250804,161500,31.3201,31.34,31.3201,31.34,213,0
QMAR.US,5,20250804,165000,31.33,31.33,31.33,31.33,100,0
QMAR.US,5,20250804,170500,31.31,31.31,31.31,31.31,250,0
QMAR.US,5,20250804,174500,31.35,31.35,31.35,31.35,200,0
QMAR.US,5,20250804,183000,31.35,31.35,31.35,31.35,100,0
QMAR.US,5,20250804,183500,31.3564,31.3564,31.3564,31.3564,400,0
QMAR.US,5,20250804,185500,31.3855,31.3855,31.3855,31.3855,109,0
QMAR.US,5,20250804,193000,31.41,31.41,31.34,31.34,42861,0
QMAR.US,5,20250804,202000,31.375,31.375,31.36,31.36,400,0
QMAR.US,5,20250804,203500,31.4087,31.4087,31.4087,31.4087,405,0
QMAR.US,5,20250804,204500,31.3631,31.3631,31.36,31.36,372,0
QMAR.US,5,20250804,210000,31.3774,31.3774,31.3774,31.3774,219,0
QMAR.US,5,20250804,214000,31.38,31.4084,31.36,31.4084,1810,0
QMAR.US,5,20250805,162000,31.37,31.37,31.36,31.36,200,0
QMAR.US,5,20250805,162500,31.41,31.41,31.36,31.36,361,0
QMAR.US,5,20250805,164500,31.335,31.335,31.3,31.3,479,0
QMAR.US,5,20250805,165500,31.3344,31.3344,31.3344,31.3344,339,0
QMAR.US,5,20250805,170500,31.32,31.32,31.32,31.32,100,0
QMAR.US,5,20250805,172000,31.3,31.3,31.3,31.3,348,0
QMAR.US,5,20250805,173500,31.29,31.29,31.29,31.29,500,0
QMAR.US,5,20250805,180000,31.3,31.3,31.3,31.3,100,0
QMAR.US,5,20250805,181000,31.36,31.36,31.36,31.36,100,0
QMAR.US,5,20250805,184000,31.32,31.32,31.32,31.32,200,0
QMAR.US,5,20250805,185500,31.32,31.32,31.32,31.32,100,0
QMAR.US,5,20250805,192000,31.32,31.32,31.32,31.32,100,0
QMAR.US,5,20250805,204000,31.32,31.32,31.32,31.32,200,0
QMAR.US,5,20250805,204500,31.32,31.32,31.32,31.32,100,0
QMAR.US,5,20250805,211500,31.32,31.32,31.32,31.32,100,0
QMAR.US,5,20250806,160500,31.37,31.37,31.37,31.37,100,0
QMAR.US,5,20250806,161500,31.35,31.35,31.35,31.35,100,0
QMAR.US,5,20250806,163000,31.3419,31.3419,31.3419,31.3419,150,0
QMAR.US,5,20250806,171500,31.398,31.398,31.398,31.398,254,0
QMAR.US,5,20250806,174500,31.4593,31.4593,31.4521,31.4521,851,0
QMAR.US,5,20250806,183000,31.466,31.466,31.466,31.466,100,0
QMAR.US,5,20250806,192000,31.4,31.4,31.4,31.4,131,0
QMAR.US,5,20250806,201000,31.42,31.42,31.42,31.42,100,0
QMAR.US,5,20250806,203000,31.4303,31.4303,31.4303,31.4303,500,0
QMAR.US,5,20250806,211000,31.475,31.475,31.475,31.475,150,0
QMAR.US,5,20250806,211500,31.475,31.475,31.475,31.475,150,0
QMAR.US,5,20250806,213000,31.4786,31.4786,31.4786,31.4786,1800,0
QMAR.US,5,20250807,160000,31.56,31.56,31.56,31.56,100,0
QMAR.US,5,20250807,161000,31.5824,31.5824,31.5824,31.5824,190,0
QMAR.US,5,20250807,164500,31.51,31.51,31.51,31.51,100,0
QMAR.US,5,20250807,180000,31.47,31.47,31.46,31.46,2081,0
QMAR.US,5,20250807,193500,31.468,31.468,31.468,31.468,500,0
QMAR.US,5,20250807,201500,31.4499,31.4499,31.4001,31.4499,918,0
QMAR.US,5,20250807,210500,31.43,31.5,31.41,31.41,731,0
QMAR.US,5,20250807,212000,31.42,31.42,31.42,31.42,1300,0
QMAR.US,5,20250807,212500,31.42,31.42,31.42,31.42,100,0
QMAR.US,5,20250807,214500,31.47,31.47,31.47,31.47,124,0
QMAR.US,5,20250807,215000,31.44,31.53,31.44,31.48,3797,0
QMAR.US,5,20250807,215500,31.53,31.53,31.53,31.53,1000,0
QMAR.US,5,20250808,161500,31.6206,31.6206,31.6206,31.6206,100,0
QMAR.US,5,20250808,170500,31.6247,31.6247,31.6247,31.6247,380,0
QMAR.US,5,20250808,173000,31.595,31.595,31.5884,31.5884,201,0
QMAR.US,5,20250808,173500,31.551,31.551,31.551,31.551,2238,0
QMAR.US,5,20250808,175500,31.5932,31.5932,31.5932,31.5932,1021,0
QMAR.US,5,20250808,181500,31.63,31.63,31.63,31.63,100,0
QMAR.US,5,20250808,183500,31.5607,31.5607,31.5607,31.5607,490,0
QMAR.US,5,20250808,193500,31.63,31.63,31.63,31.63,2700,0
QMAR.US,5,20250808,195000,31.57,31.63,31.57,31.63,200,0
QMAR.US,5,20250808,200500,31.65,31.65,31.65,31.65,100,0
QMAR.US,5,20250808,202000,31.58,31.58,31.58,31.58,100,0
QMAR.US,5,20250808,203000,31.605,31.605,31.605,31.605,2254,0
QMAR.US,5,20250808,210000,31.58,31.58,31.58,31.58,100,0
QMAR.US,5,20250808,214000,31.6014,31.6014,31.6014,31.6014,1264,0
QMAR.US,5,20250808,215000,31.64,31.64,31.64,31.64,100,0
QMAR.US,5,20250811,160500,31.5809,31.5809,31.5809,31.5809,125,0
QMAR.US,5,20250811,165500,31.61,31.61,31.61,31.61,3272,0
QMAR.US,5,20250811,170500,31.6,31.6,31.6,31.6,100,0
QMAR.US,5,20250811,190500,31.67,31.67,31.67,31.67,123,0
QMAR.US,5,20250811,195000,31.6073,31.6073,31.6073,31.6073,100,0
QMAR.US,5,20250811,205500,31.605,31.605,31.57,31.57,300,0
QMAR.US,5,20250811,210000,31.5902,31.5902,31.5902,31.5902,128,0
QMAR.US,5,20250811,212500,31.5707,31.58,31.5707,31.58,1455,0
QMAR.US,5,20250811,214500,31.59,31.59,31.57,31.57,200,0
QMAR.US,5,20250811,215000,31.605,31.62,31.55,31.62,2286,0
QMAR.US,5,20250812,163000,31.69,31.6993,31.69,31.6993,850,0
QMAR.US,5,20250812,164000,31.69,31.69,31.62,31.62,400,0
QMAR.US,5,20250812,170000,31.646,31.646,31.646,31.646,117,0
QMAR.US,5,20250812,170500,31.7,31.709,31.65,31.65,500,0
QMAR.US,5,20250812,171500,31.7299,31.7299,31.7299,31.7299,300,0
QMAR.US,5,20250812,174000,31.73,31.73,31.73,31.73,200,0
QMAR.US,5,20250812,175000,31.7111,31.7111,31.7111,31.7111,300,0
QMAR.US,5,20250812,182500,31.6509,31.731,31.6509,31.731,2215,0
QMAR.US,5,20250812,184500,31.74,31.74,31.74,31.74,400,0
QMAR.US,5,20250812,185000,31.7032,31.7032,31.7032,31.7032,297,0
QMAR.US,5,20250812,191500,31.705,31.705,31.705,31.705,140,0
QMAR.US,5,20250812,193000,31.75,31.75,31.75,31.75,2755,0
QMAR.US,5,20250812,195500,31.68,31.68,31.68,31.68,100,0
QMAR.US,5,20250812,201000,31.7499,31.7499,31.7499,31.7499,1027,0
QMAR.US,5,20250812,203000,31.69,31.69,31.69,31.69,100,0
QMAR.US,5,20250812,214000,31.69,31.69,31.69,31.69,100,0
QMAR.US,5,20250813,160000,31.74,31.74,31.74,31.74,100,0
QMAR.US,5,20250813,162500,31.74,31.74,31.74,31.74,121,0
QMAR.US,5,20250813,163500,31.74,31.74,31.74,31.74,100,0
QMAR.US,5,20250813,165500,31.74,31.74,31.74,31.74,5203,0
QMAR.US,5,20250813,170500,31.72,31.72,31.72,31.72,100,0
QMAR.US,5,20250813,183500,31.7455,31.7455,31.7455,31.7455,175,0
QMAR.US,5,20250813,194500,31.71,31.71,31.71,31.71,100,0
QMAR.US,5,20250813,201000,31.77,31.77,31.77,31.77,100,0
QMAR.US,5,20250813,203500,31.72,31.72,31.72,31.72,100,0
QMAR.US,5,20250813,205500,31.77,31.77,31.77,31.77,400,0
QMAR.US,5,20250813,212000,31.7726,31.7726,31.7726,31.7726,472,0
QMAR.US,5,20250813,215000,31.71,31.71,31.71,31.71,100,0
QMAR.US,5,20250814,160500,31.7,31.7,31.7,31.7,100,0
QMAR.US,5,20250814,170000,31.6901,31.6901,31.6901,31.6901,800,0
QMAR.US,5,20250814,170500,31.7366,31.7366,31.7366,31.7366,211,0
QMAR.US,5,20250814,181000,31.73,31.73,31.73,31.73,614,0
QMAR.US,5,20250814,182000,31.7347,31.7347,31.7347,31.7347,453,0
QMAR.US,5,20250814,184500,31.7176,31.7176,31.7176,31.7176,2114,0
QMAR.US,5,20250814,185000,31.76,31.76,31.76,31.76,400,0
QMAR.US,5,20250814,191500,31.78,31.78,31.78,31.78,2000,0
QMAR.US,5,20250814,192000,31.7,31.7,31.7,31.7,118,0
QMAR.US,5,20250814,194000,31.72,31.72,31.7001,31.7001,209,0
QMAR.US,5,20250814,200500,31.728,31.728,31.728,31.728,792,0
QMAR.US,5,20250814,201500,31.7483,31.7483,31.7483,31.7483,220,0
QMAR.US,5,20250814,202500,31.72,31.72,31.72,31.72,100,0
QMAR.US,5,20250814,210000,31.77,31.77,31.77,31.77,500,0
QMAR.US,5,20250814,213000,31.72,31.72,31.72,31.72,100,0
QMAR.US,5,20250814,215500,31.7004,31.7004,31.7004,31.7004,521,0
QMAR.US,5,20250815,153000,31.81,31.81,31.81,31.81,100,0
QMAR.US,5,20250815,155000,31.68,31.68,31.68,31.68,100,0
QMAR.US,5,20250815,155500,31.712,31.712,31.712,31.712,403,0
QMAR.US,5,20250815,162000,31.7031,31.7031,31.7031,31.7031,2557,0
QMAR.US,5,20250815,162500,31.72,31.72,31.6801,31.6801,1859,0
QMAR.US,5,20250815,163000,31.725,31.725,31.725,31.725,145,0
QMAR.US,5,20250815,175000,31.68,31.72,31.6604,31.72,702,0
QMAR.US,5,20250815,181500,31.68,31.68,31.68,31.68,300,0
QMAR.US,5,20250815,184000,31.73,31.73,31.73,31.73,700,0
QMAR.US,5,20250815,185500,31.74,31.74,31.68,31.68,600,0
QMAR.US,5,20250815,191500,31.74,31.74,31.74,31.74,200,0
QMAR.US,5,20250815,193000,31.74,31.74,31.74,31.74,1651,0
QMAR.US,5,20250815,194500,31.68,31.68,31.68,31.68,100,0
QMAR.US,5,20250815,200000,31.74,31.74,31.74,31.74,200,0
QMAR.US,5,20250815,203000,31.68,31.68,31.68,31.68,100,0
QMAR.US,5,20250815,213500,31.68,31.6801,31.68,31.6801,254,0
QMAR.US,5,20250815,214000,31.695,31.695,31.695,31.695,200,0
QMAR.US,5,20250815,214500,31.68,31.6801,31.68,31.6801,462,0
QMAR.US,5,20250818,155500,31.67,31.67,31.67,31.67,100,0
QMAR.US,5,20250818,164000,31.695,31.695,31.695,31.695,300,0
QMAR.US,5,20250818,170000,31.695,31.695,31.66,31.66,800,0
QMAR.US,5,20250818,172000,31.665,31.686701,31.665,31.681155,1894,0
QMAR.US,5,20250818,174500,31.69,31.69,31.69,31.69,2325,0
QMAR.US,5,20250818,184000,31.69,31.69,31.69,31.69,961,0
QMAR.US,5,20250818,190000,31.7,31.7,31.675,31.675,10217,0
QMAR.US,5,20250818,190500,31.69,31.695,31.68,31.695,2234,0
QMAR.US,5,20250818,192500,31.69,31.69,31.67,31.67,200,0
QMAR.US,5,20250818,193000,31.72,31.72,31.72,31.72,300,0
QMAR.US,5,20250818,193500,31.73,31.73,31.71,31.71,322,0
QMAR.US,5,20250818,195500,31.7,31.7,31.7,31.7,300,0
QMAR.US,5,20250818,200000,31.7,31.7,31.7,31.7,100,0
QMAR.US,5,20250818,201000,31.71,31.71,31.71,31.71,130,0
QMAR.US,5,20250818,203500,31.71,31.71,31.71,31.71,100,0
QMAR.US,5,20250818,205000,31.71,31.73,31.71,31.73,309,0
QMAR.US,5,20250818,212500,31.715,31.715,31.715,31.715,100,0
QMAR.US,5,20250819,160000,31.67,31.67,31.67,31.67,901,0
QMAR.US,5,20250819,160500,31.7,31.7,31.7,31.7,1677,0
QMAR.US,5,20250819,161000,31.718,31.718,31.718,31.718,200,0
QMAR.US,5,20250819,162000,31.69,31.6909,31.69,31.6909,800,0
QMAR.US,5,20250819,162500,31.68,31.68,31.68,31.68,100,0
QMAR.US,5,20250819,163000,31.6445,31.6445,31.6445,31.6445,125,0
QMAR.US,5,20250819,190000,31.5998,31.5998,31.5998,31.5998,100,0
QMAR.US,5,20250819,203000,31.57,31.57,31.57,31.57,100,0
QMAR.US,5,20250819,205000,31.565,31.565,31.55,31.55,1578,0
QMAR.US,5,20250820,154500,31.5,31.5,31.5,31.5,100,0
QMAR.US,5,20250820,155000,31.463,31.463,31.45,31.45,500,0
QMAR.US,5,20250820,161500,31.38,31.38,31.38,31.38,856,0
QMAR.US,5,20250820,170000,31.36,31.36,31.36,31.36,300,0
QMAR.US,5,20250820,175500,31.42,31.4249,31.42,31.4249,400,0
QMAR.US,5,20250820,181000,31.44,31.44,31.44,31.44,100,0
QMAR.US,5,20250820,184000,31.4614,31.47,31.4508,31.47,1588,0
QMAR.US,5,20250820,185000,31.4943,31.4943,31.4943,31.4943,222,0
QMAR.US,5,20250820,190000,31.47,31.47,31.47,31.47,100,0
QMAR.US,5,20250820,201000,31.45,31.45,31.45,31.45,100,0
QMAR.US,5,20250821,155500,31.42,31.42,31.42,31.42,100,0
QMAR.US,5,20250821,163000,31.49,31.49,31.49,31.49,730,0
QMAR.US,5,20250821,165000,31.45,31.45,31.45,31.45,100,0
QMAR.US,5,20250821,173500,31.47,31.47,31.47,31.47,288,0
QMAR.US,5,20250821,174500,31.45,31.45,31.45,31.45,201,0
QMAR.US,5,20250821,180000,31.42,31.42,31.42,31.42,320,0
QMAR.US,5,20250821,181500,31.4464,31.4464,31.4464,31.4464,128,0
QMAR.US,5,20250821,193500,31.41,31.42,31.41,31.42,2291,0
QMAR.US,5,20250821,194000,31.42,31.42,31.42,31.42,368,0
QMAR.US,5,20250821,194500,31.42,31.42,31.42,31.42,120,0
QMAR.US,5,20250821,195000,31.42,31.42,31.415,31.415,339,0
QMAR.US,5,20250821,195500,31.42,31.42,31.42,31.42,132,0
QMAR.US,5,20250821,200000,31.43,31.43,31.43,31.43,100,0
QMAR.US,5,20250821,203500,31.43,31.4301,31.42,31.42,2171,0
QMAR.US,5,20250821,204000,31.43,31.43,31.43,31.43,166,0
QMAR.US,5,20250821,204500,31.42,31.46,31.42,31.46,1191,0
QMAR.US,5,20250821,205500,31.42,31.42,31.42,31.42,228,0
QMAR.US,5,20250821,210000,31.43,31.48,31.43,31.44,1570,0
QMAR.US,5,20250821,211500,31.49,31.49,31.44,31.44,1230,0
QMAR.US,5,20250821,213000,31.44,31.44,31.44,31.44,100,0
QMAR.US,5,20250821,215000,31.48,31.48,31.48,31.48,1300,0
QMAR.US,5,20250822,155000,31.52,31.52,31.52,31.52,100,0
QMAR.US,5,20250822,160000,31.54,31.6335,31.54,31.6335,580,0
QMAR.US,5,20250822,162000,31.65,31.65,31.65,31.65,100,0
QMAR.US,5,20250822,162500,31.6952,31.6952,31.6952,31.6952,195,0
QMAR.US,5,20250822,163500,31.685,31.685,31.685,31.685,774,0
QMAR.US,5,20250822,174500,31.7071,31.7071,31.7071,31.7071,268,0
QMAR.US,5,20250822,180000,31.67,31.685,31.67,31.685,404,0
QMAR.US,5,20250822,182000,31.66,31.66,31.66,31.66,469,0
QMAR.US,5,20250822,182500,31.6473,31.6473,31.6473,31.6473,350,0
QMAR.US,5,20250822,183500,31.661,31.661,31.661,31.661,200,0
QMAR.US,5,20250822,184500,31.66,31.66,31.66,31.66,400,0
QMAR.US,5,20250822,192000,31.63,31.63,31.63,31.63,285,0
QMAR.US,5,20250822,195000,31.67,31.67,31.67,31.67,100,0
QMAR.US,5,20250822,211500,31.67,31.67,31.67,31.67,200,0
QMAR.US,5,20250822,215000,31.69,31.69,31.69,31.69,100,0
QMAR.US,5,20250825,155000,31.63,31.63,31.63,31.63,100,0
QMAR.US,5,20250825,160000,31.66,31.66,31.66,31.66,100,0
QMAR.US,5,20250825,162500,31.6501,31.6501,31.6501,31.6501,381,0
QMAR.US,5,20250825,163000,31.66,31.67,31.66,31.6601,1774,0
QMAR.US,5,20250825,163500,31.673,31.673,31.673,31.673,1022,0
QMAR.US,5,20250825,164000,31.67,31.67,31.67,31.67,100,0
QMAR.US,5,20250825,170500,31.685,31.685,31.685,31.685,133,0
QMAR.US,5,20250825,174500,31.695,31.695,31.695,31.695,1000,0
QMAR.US,5,20250825,184000,31.724,31.724,31.724,31.724,470,0
QMAR.US,5,20250825,190500,31.6705,31.72,31.6705,31.72,1320,0
QMAR.US,5,20250825,192500,31.68,31.68,31.68,31.68,200,0
QMAR.US,5,20250825,194000,31.68,31.68,31.68,31.68,100,0
QMAR.US,5,20250825,194500,31.68,31.68,31.68,31.68,100,0
QMAR.US,5,20250825,210000,31.7,31.7,31.6999,31.6999,1300,0
QMAR.US,5,20250825,210500,31.7,31.7,31.7,31.7,100,0
QMAR.US,5,20250825,213000,31.6856,31.6856,31.66,31.66,658,0
QMAR.US,5,20250826,163000,31.66,31.66,31.66,31.66,100,0
QMAR.US,5,20250826,180500,31.6586,31.66,31.6586,31.66,2165,0
QMAR.US,5,20250826,185000,31.6463,31.6463,31.6463,31.6463,198,0
QMAR.US,5,20250826,191000,31.6202,31.6202,31.6202,31.6202,875,0
QMAR.US,5,20250826,192000,31.68,31.68,31.68,31.68,200,0
QMAR.US,5,20250826,192500,31.641,31.661471,31.641,31.661471,1031,0
QMAR.US,5,20250826,195500,31.65,31.65,31.65,31.65,4600,0
QMAR.US,5,20250826,200000,31.6671,31.6671,31.6671,31.6671,105,0
QMAR.US,5,20250826,200500,31.67,31.67,31.67,31.67,300,0
QMAR.US,5,20250826,202000,31.67,31.67,31.67,31.67,100,0
QMAR.US,5,20250826,205500,31.6691,31.6691,31.6691,31.6691,158,0
QMAR.US,5,20250826,215000,31.7,31.7,31.69,31.69,200,0
QMAR.US,5,20250826,215500,31.72,31.72,31.72,31.72,524,0
QMAR.US,5,20250827,155500,31.6899,31.6899,31.6899,31.6899,220,0
QMAR.US,5,20250827,160000,31.65,31.65,31.65,31.65,100,0
QMAR.US,5,20250827,161500,31.7,31.7,31.7,31.7,200,0
QMAR.US,5,20250827,165000,31.6964,31.6964,31.6964,31.6964,630,0
QMAR.US,5,20250827,170000,31.67,31.67,31.67,31.67,100,0
QMAR.US,5,20250827,173000,31.6974,31.6979,31.685,31.6979,2363,0
QMAR.US,5,20250827,173500,31.685,31.685,31.685,31.685,630,0
QMAR.US,5,20250827,174500,31.72,31.72,31.72,31.72,100,0
QMAR.US,5,20250827,175500,31.7399,31.7399,31.7399,31.7399,460,0
QMAR.US,5,20250827,200000,31.7,31.7,31.7,31.7,194,0
QMAR.US,5,20250827,201000,31.74,31.74,31.74,31.74,200,0
QMAR.US,5,20250827,201500,31.69,31.69,31.69,31.69,100,0
QMAR.US,5,20250827,203000,31.71,31.71,31.71,31.71,160,0
QMAR.US,5,20250827,203500,31.7,31.7,31.7,31.7,1483,0
QMAR.US,5,20250827,205500,31.7002,31.7002,31.7002,31.7002,1125,0
QMAR.US,5,20250827,210000,31.69,31.69,31.69,31.69,100,0
QMAR.US,5,20250827,211000,31.71,31.71,31.71,31.71,100,0
QMAR.US,5,20250827,213500,31.68,31.73,31.68,31.73,200,0
QMAR.US,5,20250827,215000,31.715,31.74,31.715,31.74,927,0
QMAR.US,5,20250828,153000,31.75,31.75,31.75,31.75,383,0
QMAR.US,5,20250828,155000,31.69,31.69,31.69,31.69,100,0
QMAR.US,5,20250828,160500,31.73,31.73,31.73,31.73,360,0
QMAR.US,5,20250828,180500,31.78,31.78,31.78,31.78,100,0
QMAR.US,5,20250828,182000,31.79,31.79,31.79,31.79,100,0
QMAR.US,5,20250828,185500,31.75,31.75,31.75,31.75,100,0
QMAR.US,5,20250828,191500,31.7271,31.7271,31.7271,31.7271,190,0
QMAR.US,5,20250828,192500,31.8,31.8,31.8,31.8,100,0
QMAR.US,5,20250828,193000,31.775,31.775,31.775,31.775,212,0
QMAR.US,5,20250828,195500,31.81,31.81,31.81,31.81,100,0
QMAR.US,5,20250828,200500,31.81,31.81,31.81,31.81,100,0
QMAR.US,5,20250828,205500,31.82,31.82,31.82,31.82,200,0
QMAR.US,5,20250828,210000,31.75,31.75,31.75,31.75,229,0
QMAR.US,5,20250828,211000,31.82,31.82,31.77,31.77,200,0
QMAR.US,5,20250829,161000,31.62,31.62,31.62,31.62,100,0
QMAR.US,5,20250829,181000,31.67,31.67,31.67,31.67,5302,0
QMAR.US,5,20250829,183000,31.6201,31.6219,31.6201,31.6219,2678,0
QMAR.US,5,20250829,200000,31.63,31.67,31.6,31.615,6335,0
QMAR.US,5,20250829,202500,31.6899,31.6899,31.6899,31.6899,231,0
QMAR.US,5,20250829,203000,31.6384,31.6384,31.6384,31.6384,125,0
QMAR.US,5,20250829,213500,31.6101,31.6101,31.6101,31.6101,2275,0
QMAR.US,5,20250829,214000,31.68,31.68,31.65,31.65,596,0
QMAR.US,5,20250829,214500,31.6331,31.6331,31.6331,31.6331,204,0
QMAR.US,5,20250902,153000,31.46,31.46,31.44,31.46,3136,0
QMAR.US,5,20250902,155500,31.51,31.51,31.51,31.51,100,0
QMAR.US,5,20250902,160500,31.5155,31.5155,31.5155,31.5155,107,0
QMAR.US,5,20250902,162500,31.5464,31.5464,31.5464,31.5464,136,0
QMAR.US,5,20250902,163500,31.52,31.52,31.51,31.51,4268,0
QMAR.US,5,20250902,164000,31.49,31.49,31.49,31.49,100,0
QMAR.US,5,20250902,165500,31.47,31.47,31.47,31.47,100,0
QMAR.US,5,20250902,172500,31.47,31.47,31.47,31.47,2167,0
QMAR.US,5,20250902,174500,31.41,31.42,31.41,31.41,5178,0
QMAR.US,5,20250902,181000,31.41,31.41,31.41,31.41,100,0
QMAR.US,5,20250902,191500,31.45,31.45,31.45,31.45,100,0
QMAR.US,5,20250902,200000,31.5,31.5,31.5,31.5,100,0
QMAR.US,5,20250902,200500,31.5,31.5,31.49,31.49,200,0
QMAR.US,5,20250902,202000,31.49,31.5,31.48,31.5,500,0
QMAR.US,5,20250902,202500,31.49,31.49,31.49,31.49,100,0
QMAR.US,5,20250902,203500,31.48,31.49,31.48,31.48,400,0
QMAR.US,5,20250902,205000,31.52,31.52,31.52,31.52,100,0
QMAR.US,5,20250902,210000,31.5,31.5,31.5,31.5,100,0
QMAR.US,5,20250902,213500,31.5063,31.5063,31.5063,31.5063,186,0
QMAR.US,5,20250902,214500,31.51,31.51,31.5,31.5,14325,0
QMAR.US,5,20250902,215000,31.55,31.55,31.55,31.55,100,0
QMAR.US,5,20250903,155500,31.6,31.6,31.6,31.6,100,0
QMAR.US,5,20250903,162500,31.6101,31.6101,31.6101,31.6101,650,0
QMAR.US,5,20250903,181000,31.64,31.64,31.64,31.64,300,0
QMAR.US,5,20250903,184000,31.62,31.62,31.6116,31.6116,405,0
QMAR.US,5,20250903,191000,31.63,31.63,31.63,31.63,100,0
QMAR.US,5,20250903,193500,31.63,31.63,31.62,31.62,500,0
QMAR.US,5,20250903,195500,31.62,31.62,31.6,31.6,500,0
QMAR.US,5,20250903,200000,31.5931,31.5931,31.5931,31.5931,123,0
QMAR.US,5,20250903,205000,31.59,31.59,31.59,31.59,600,0
QMAR.US,5,20250903,205500,31.59,31.59,31.59,31.59,200,0
QMAR.US,5,20250903,211000,31.6037,31.6037,31.6037,31.6037,159,0
QMAR.US,5,20250903,215000,31.62,31.64,31.62,31.64,200,0
QMAR.US,5,20250903,215500,31.65,31.65,31.64,31.65,400,0
QMAR.US,5,20250904,153000,31.67,31.685,31.64,31.685,1922,0
QMAR.US,5,20250904,154500,31.68,31.68,31.68,31.68,400,0
QMAR.US,5,20250904,155500,31.6301,31.6301,31.6301,31.6301,273,0
QMAR.US,5,20250904,160000,31.64,31.6962,31.64,31.6962,250,0
QMAR.US,5,20250904,161500,31.64,31.64,31.632,31.632,267,0
QMAR.US,5,20250904,163500,31.7,31.7,31.7,31.7,227,0
QMAR.US,5,20250904,164500,31.68,31.68,31.68,31.68,100,0
QMAR.US,5,20250904,170000,31.6601,31.6601,31.6601,31.6601,170,0
QMAR.US,5,20250904,171500,31.68,31.68,31.68,31.68,495,0
QMAR.US,5,20250904,173500,31.69,31.69,31.69,31.69,100,0
QMAR.US,5,20250904,174500,31.69,31.69,31.69,31.69,199,0
QMAR.US,5,20250904,185500,31.7,31.7,31.7,31.7,100,0
QMAR.US,5,20250904,193000,31.7385,31.7385,31.7385,31.7385,658,0
QMAR.US,5,20250904,195500,31.72,31.72,31.72,31.72,200,0
QMAR.US,5,20250904,200000,31.72,31.72,31.72,31.72,174,0
QMAR.US,5,20250904,200500,31.72,31.77,31.72,31.77,659,0
QMAR.US,5,20250904,202500,31.7,31.7,31.7,31.7,200,0
QMAR.US,5,20250904,204000,31.72,31.72,31.72,31.72,200,0
QMAR.US,5,20250904,215000,31.75,31.75,31.75,31.75,3691,0
QMAR.US,5,20250905,155500,31.85,31.85,31.85,31.85,100,0
QMAR.US,5,20250905,160500,31.85,31.85,31.85,31.85,100,0
QMAR.US,5,20250905,162000,31.81,31.81,31.81,31.81,500,0
QMAR.US,5,20250905,165500,31.73,31.73,31.73,31.73,116,0
QMAR.US,5,20250905,170000,31.71,31.71,31.71,31.71,100,0
QMAR.US,5,20250905,173500,31.758,31.758,31.758,31.758,402,0
QMAR.US,5,20250905,174000,31.7668,31.7668,31.7668,31.7668,930,0
QMAR.US,5,20250905,174500,31.74,31.74,31.74,31.74,100,0
QMAR.US,5,20250905,181000,31.78,31.78,31.78,31.78,415,0
QMAR.US,5,20250905,181500,31.775,31.775,31.775,31.775,1150,0
QMAR.US,5,20250905,182000,31.79,31.79,31.79,31.79,475,0
QMAR.US,5,20250905,183500,31.74,31.74,31.74,31.74,100,0
QMAR.US,5,20250905,192000,31.741,31.741,31.741,31.741,159,0
QMAR.US,5,20250905,203500,31.785,31.785,31.76,31.76,450,0
QMAR.US,5,20250905,214000,31.78,31.78,31.78,31.78,2047,0
QMAR.US,5,20250908,162000,31.84,31.84,31.84,31.84,100,0
QMAR.US,5,20250908,164000,31.841,31.86,31.841,31.86,404,0
QMAR.US,5,20250908,174000,31.86,31.86,31.86,31.86,100,0
QMAR.US,5,20250908,180500,31.84,31.84,31.84,31.84,200,0
QMAR.US,5,20250908,181500,31.88,31.9,31.88,31.9,500,0
QMAR.US,5,20250908,182000,31.892,31.892,31.892,31.892,779,0
QMAR.US,5,20250908,214000,31.88,31.88,31.88,31.88,109,0
QMAR.US,5,20250908,214500,31.83,31.83,31.83,31.83,100,0
QMAR.US,5,20250909,155500,31.8899,31.8899,31.8899,31.8899,783,0
QMAR.US,5,20250909,160000,31.83,31.83,31.83,31.83,100,0
QMAR.US,5,20250909,175000,31.8288,31.8288,31.8288,31.8288,1000,0
QMAR.US,5,20250909,183500,31.8478,31.8478,31.8478,31.8478,101,0
QMAR.US,5,20250909,192500,31.8444,31.8444,31.8444,31.8444,386,0
QMAR.US,5,20250909,194000,31.8731,31.8731,31.8731,31.8731,200,0
QMAR.US,5,20250909,212500,31.85,31.85,31.85,31.85,100,0
QMAR.US,5,20250910,160500,31.9,31.9,31.9,31.9,100,0
QMAR.US,5,20250910,162000,31.9,31.9,31.9,31.9,100,0
QMAR.US,5,20250910,170000,31.9114,31.9114,31.9114,31.9114,838,0
QMAR.US,5,20250910,175000,31.932,31.932,31.932,31.932,168,0
QMAR.US,5,20250910,180000,31.8808,31.8808,31.8808,31.8808,390,0
QMAR.US,5,20250910,182500,31.915,31.915,31.915,31.915,150,0
QMAR.US,5,20250910,183000,31.8807,31.8807,31.8807,31.8807,397,0
QMAR.US,5,20250910,184500,31.89,31.89,31.89,31.89,200,0
QMAR.US,5,20250910,192000,31.9,31.9,31.9,31.9,3033,0
QMAR.US,5,20250910,192500,31.88,31.88,31.86,31.88,600,0
QMAR.US,5,20250910,195000,31.86,31.88,31.86,31.86,400,0
QMAR.US,5,20250910,200500,31.86,31.88,31.86,31.86,400,0
QMAR.US,5,20250910,202000,31.87,31.87,31.87,31.87,100,0
QMAR.US,5,20250910,203000,31.88,31.88,31.88,31.88,200,0
QMAR.US,5,20250910,203500,31.86,31.86,31.86,31.86,100,0
QMAR.US,5,20250910,204500,31.86,31.86,31.84,31.84,500,0
QMAR.US,5,20250910,210000,31.86,31.86,31.86,31.86,100,0
QMAR.US,5,20250910,210500,31.86,31.86,31.86,31.86,100,0
QMAR.US,5,20250910,212000,31.86,31.86,31.86,31.86,100,0
QMAR.US,5,20250910,213000,31.8582,31.86,31.8582,31.86,370,0
QMAR.US,5,20250910,214500,31.86,31.86,31.85,31.85,200,0
QMAR.US,5,20250910,215500,31.843,31.843,31.843,31.843,356,0
QMAR.US,5,20250911,153000,31.9,31.9,31.9,31.9,191,0
QMAR.US,5,20250911,160000,31.91,31.962,31.91,31.962,380,0
QMAR.US,5,20250911,160500,31.93,31.93,31.9097,31.9097,947,0
QMAR.US,5,20250911,161500,31.9621,31.9621,31.9621,31.9621,218,0
QMAR.US,5,20250911,172500,31.9424,31.9424,31.9424,31.9424,150,0
QMAR.US,5,20250911,192000,31.9278,31.935,31.9278,31.935,726,0
QMAR.US,5,20250911,192500,31.92,31.92,31.92,31.92,164,0
QMAR.US,5,20250911,195500,31.92,31.935,31.91,31.935,1150,0
QMAR.US,5,20250911,200000,31.9378,31.9378,31.935,31.935,504,0
QMAR.US,5,20250911,200500,31.9245,31.97,31.92,31.97,1383,0
QMAR.US,5,20250911,201500,31.92,31.92,31.92,31.92,453,0
QMAR.US,5,20250911,203000,31.92,31.92,31.92,31.92,100,0
QMAR.US,5,20250911,211500,31.93,31.93,31.93,31.93,13611,0
QMAR.US,5,20250911,213500,31.92,31.92,31.92,31.92,274,0
QMAR.US,5,20250911,215000,31.935,31.935,31.91,31.935,1200,0
QMAR.US,5,20250911,215500,31.935,31.935,31.92,31.92,200,0
QMAR.US,5,20250912,160000,31.93,31.93,31.93,31.93,100,0
QMAR.US,5,20250912,161500,31.93,31.94,31.93,31.9301,420,0
QMAR.US,5,20250912,165000,31.96,31.96,31.96,31.96,100,0
QMAR.US,5,20250912,172000,32,32,31.94,31.94,422,0
QMAR.US,5,20250912,173500,31.97,31.97,31.97,31.97,100,0
QMAR.US,5,20250912,175000,31.96,31.96,31.96,31.96,100,0
QMAR.US,5,20250912,180500,31.965,31.965,31.965,31.965,194,0
QMAR.US,5,20250912,200500,31.975,31.975,31.97,31.97,764,0
QMAR.US,5,20250912,203000,31.97,31.97,31.97,31.97,100,0
QMAR.US,5,20250912,210500,31.98,31.98,31.98,31.98,100,0
QMAR.US,5,20250912,212500,31.95,31.96,31.95,31.96,854,0
QMAR.US,5,20250912,213000,31.96,31.96,31.96,31.96,100,0
QMAR.US,5,20250912,215500,31.97,31.97,31.97,31.97,300,0
QMAR.US,5,20250915,154500,32.01,32.01,31.9901,31.9901,2000,0
QMAR.US,5,20250915,155000,32.02,32.02,32.02,32.02,100,0
QMAR.US,5,20250915,155500,32,32.001,32,32.001,1000,0
QMAR.US,5,20250915,160500,32.0374,32.0374,32.0374,32.0374,185,0
QMAR.US,5,20250915,163000,32.01,32.01,32.01,32.01,100,0
QMAR.US,5,20250915,175000,32.02,32.02,32.02,32.02,200,0
QMAR.US,5,20250915,182000,32,32,32,32,400,0
QMAR.US,5,20250915,183500,32.0037,32.0037,32.0037,32.0037,109,0
QMAR.US,5,20250915,185000,32.01,32.01,32.01,32.01,100,0
QMAR.US,5,20250915,185500,32.02,32.02,32,32.015,2694,0
QMAR.US,5,20250915,190500,32.01,32.01,32.01,32.01,100,0
QMAR.US,5,20250915,191000,32.01,32.01,32.01,32.01,500,0
QMAR.US,5,20250915,202500,32.015,32.015,32.015,32.015,100,0
QMAR.US,5,20250915,205000,32.01,32.01,32.01,32.01,100,0
QMAR.US,5,20250915,210500,32.01,32.01,32.01,32.01,100,0
QMAR.US,5,20250915,214000,32.012,32.015,32,32.015,971,0
QMAR.US,5,20250915,215500,32.03,32.03,32,32,863,0
QMAR.US,5,20250916,154500,32,32,32,32,100,0
QMAR.US,5,20250916,163000,32.01,32.01,32.01,32.01,1855,0
QMAR.US,5,20250916,170500,32.005,32.005,32.005,32.005,112,0
QMAR.US,5,20250916,174000,31.9805,31.9805,31.9805,31.9805,313,0
QMAR.US,5,20250916,182500,32,32,32,32,713,0
QMAR.US,5,20250916,183500,32,32,32,32,317,0
QMAR.US,5,20250916,192000,32.02,32.02,32.02,32.02,100,0
QMAR.US,5,20250916,193000,32.01,32.01,32.01,32.01,100,0
QMAR.US,5,20250916,202500,31.991,31.991,31.991,31.991,438,0
QMAR.US,5,20250916,205000,32.02,32.02,32.01,32.01,1290,0
QMAR.US,5,20250916,210500,32.02,32.02,32,32,1831,0
QMAR.US,5,20250916,213000,32.026,32.026,32.026,32.026,624,0
QMAR.US,5,20250916,214000,32.0152,32.0152,32.0152,32.0152,294,0
QMAR.US,5,20250916,215000,32.02,32.02,32.02,32.02,100,0
QMAR.US,5,20250916,215500,32.02,32.02,32.01,32.01,200,0
QMAR.US,5,20250917,153000,32.1,32.1,32.04,32.04,744,0
QMAR.US,5,20250917,155500,31.99,31.99,31.99,31.99,100,0
QMAR.US,5,20250917,164000,31.9925,31.9925,31.9925,31.9925,1568,0
QMAR.US,5,20250917,172000,32,32,31.97,31.97,1388,0
QMAR.US,5,20250917,173500,31.98,31.98,31.97,31.97,300,0
QMAR.US,5,20250917,174500,31.98,31.98,31.98,31.98,100,0
QMAR.US,5,20250917,175000,31.97,31.97,31.97,31.97,200,0
QMAR.US,5,20250917,181000,31.97,31.97,31.97,31.97,200,0
QMAR.US,5,20250917,181500,31.97,31.97,31.97,31.97,100,0
QMAR.US,5,20250917,182000,31.9735,31.9735,31.9735,31.9735,125,0
QMAR.US,5,20250917,183000,31.97,31.97,31.96,31.96,1138,0
QMAR.US,5,20250917,184500,31.97,31.97,31.96,31.96,538,0
QMAR.US,5,20250917,185000,31.96,31.96,31.96,31.96,100,0
QMAR.US,5,20250917,191000,31.96,31.97,31.96,31.97,600,0
QMAR.US,5,20250917,192000,31.97,31.97,31.97,31.97,100,0
QMAR.US,5,20250917,193000,31.97,31.97,31.97,31.97,100,0
QMAR.US,5,20250917,194000,31.99,31.99,31.99,31.99,107,0
QMAR.US,5,20250917,201000,32,32,32,32,100,0
QMAR.US,5,20250917,204000,31.95,31.95,31.95,31.95,100,0
QMAR.US,5,20250917,205000,31.98,31.98,31.98,31.98,125,0
QMAR.US,5,20250917,210000,31.9501,31.9501,31.9501,31.9501,179,0
QMAR.US,5,20250917,210500,32.056,32.056,32.056,32.056,188,0
QMAR.US,5,20250917,212000,32.0216,32.0216,32.0216,32.0216,655,0
QMAR.US,5,20250917,213000,32.043978,32.043978,32.04,32.04,1158,0
QMAR.US,5,20250917,215000,32.01,32.02,32,32,2849,0
QMAR.US,5,20250917,215500,32.02,32.02,32.02,32.02,200,0
QMAR.US,5,20250918,154500,32.06,32.07,32.06,32.07,965,0
QMAR.US,5,20250918,155500,32.09,32.09,32.09,32.09,100,0
QMAR.US,5,20250918,160000,32.11,32.11,32.11,32.11,100,0
QMAR.US,5,20250918,162500,32.133,32.133,32.133,32.133,169,0
QMAR.US,5,20250918,163000,32.1204,32.1204,32.11,32.11,604,0
QMAR.US,5,20250918,172500,32.115,32.115,32.115,32.115,244,0
QMAR.US,5,20250918,175000,32.09,32.09,32.09,32.09,200,0
QMAR.US,5,20250918,181500,32.09,32.09,32.09,32.09,100,0
QMAR.US,5,20250918,184000,32.11,32.11,32.11,32.11,179,0
QMAR.US,5,20250918,184500,32.1,32.11,32.1,32.11,500,0
QMAR.US,5,20250918,185500,32.1,32.1,32.1,32.1,100,0
QMAR.US,5,20250918,190000,32.1,32.1,32.1,32.1,200,0
QMAR.US,5,20250918,192500,32.1,32.1,32.1,32.1,100,0
QMAR.US,5,20250918,200000,32.09,32.09,32.0805,32.0805,2850,0
QMAR.US,5,20250918,202000,32.09,32.09,32.09,32.09,100,0
QMAR.US,5,20250918,204500,32.105,32.105,32.105,32.105,159,0
QMAR.US,5,20250918,211000,32.09,32.09,32.09,32.09,100,0
QMAR.US,5,20250918,212500,32.08,32.08,32.08,32.08,201,0
QMAR.US,5,20250918,214000,32.08,32.08,32.08,32.08,133,0
QMAR.US,5,20250918,215000,32.08,32.08,32.08,32.08,100,0
QMAR.US,5,20250919,155500,32.137,32.137,32.11,32.129,3738,0
QMAR.US,5,20250919,161000,32.1238,32.1238,32.1238,32.1238,116,0
QMAR.US,5,20250919,162500,32.11,32.11,32.11,32.11,100,0
QMAR.US,5,20250919,182000,32.1461,32.1461,32.1461,32.1461,300,0
QMAR.US,5,20250919,184000,32.11,32.11,32.1001,32.1001,223,0
QMAR.US,5,20250919,184500,32.11,32.11,32.11,32.11,100,0
QMAR.US,5,20250919,190000,32.1448,32.1448,32.1448,32.1448,100,0
QMAR.US,5,20250919,193500,32.11,32.12,32.11,32.12,600,0
QMAR.US,5,20250919,194500,32.1216,32.1216,32.1216,32.1216,132,0
QMAR.US,5,20250919,200000,32.1,32.1,32.1,32.1,200,0
QMAR.US,5,20250919,200500,32.12,32.12,32.12,32.12,255,0
QMAR.US,5,20250919,202000,32.14,32.14,32.14,32.14,351,0
QMAR.US,5,20250919,204000,32.1152,32.1152,32.1152,32.1152,100,0
QMAR.US,5,20250919,213000,32.16,32.16,32.16,32.16,100,0
QMAR.US,5,20250919,214500,32.1352,32.1352,32.1352,32.1352,212,0
QMAR.US,5,20250919,215000,32.145,32.145,32.145,32.145,124,0
QMAR.US,5,20250919,215500,32.14,32.14,32.14,32.14,100,0
QMAR.US,5,20250922,155500,32.1202,32.1202,32.1202,32.1202,158,0
QMAR.US,5,20250922,160000,32.14,32.14,32.14,32.14,100,0
QMAR.US,5,20250922,171000,32.14,32.14,32.14,32.14,100,0
QMAR.US,5,20250922,174000,32.1218,32.1218,32.1218,32.1218,1054,0
QMAR.US,5,20250922,180000,32.14,32.14,32.14,32.14,100,0
QMAR.US,5,20250922,183500,32.15,32.17,32.1301,32.17,1214,0
QMAR.US,5,20250922,192000,32.15,32.15,32.15,32.15,100,0
QMAR.US,5,20250922,200500,32.15,32.15,32.15,32.15,143,0
QMAR.US,5,20250922,201000,32.1512,32.1512,32.1512,32.1512,575,0
QMAR.US,5,20250922,210500,32.16,32.16,32.16,32.16,18311,0
QMAR.US,5,20250922,211500,32.1727,32.1727,32.1727,32.1727,311,0
QMAR.US,5,20250922,212000,32.16,32.16,32.16,32.16,2610,0
QMAR.US,5,20250922,214000,32.16,32.16,32.14,32.14,1878,0
QMAR.US,5,20250923,154000,32.14,32.14,32.14,32.14,100,0
QMAR.US,5,20250923,155000,32.14,32.14,32.14,32.14,1770,0
QMAR.US,5,20250923,161000,32.13,32.13,32.13,32.13,100,0
QMAR.US,5,20250923,165500,32.1704,32.1704,32.1704,32.1704,133,0
QMAR.US,5,20250923,170500,32.13,32.13,32.13,32.13,188,0
QMAR.US,5,20250923,172500,32.1485,32.1485,32.1485,32.1485,113,0
QMAR.US,5,20250923,173000,32.13,32.13,32.13,32.13,100,0
QMAR.US,5,20250923,183000,32.11,32.13,32.1,32.12,1555,0
QMAR.US,5,20250923,184000,32.12,32.13,32.12,32.13,412,0
QMAR.US,5,20250923,184500,32.13,32.13,32.13,32.13,4335,0
QMAR.US,5,20250923,190000,32.12,32.12,32.0801,32.0801,1436,0
QMAR.US,5,20250923,195000,32.08,32.0918,32.08,32.0918,700,0
QMAR.US,5,20250923,202500,32.08,32.12,32.08,32.12,200,0
QMAR.US,5,20250923,204000,32.08,32.08,32.08,32.08,100,0
QMAR.US,5,20250923,211000,32.0811,32.0811,32.0811,32.0811,138,0
QMAR.US,5,20250923,212000,32.08,32.08,32.08,32.08,100,0
QMAR.US,5,20250923,212500,32.1111,32.1111,32.1111,32.1111,174,0
QMAR.US,5,20250923,213500,32.0613,32.0801,32.0613,32.0704,1031,0
QMAR.US,5,20250923,214000,32.0843,32.095,32.0843,32.095,3092,0
QMAR.US,5,20250923,214500,32.09,32.09,32.09,32.09,545266,0
QMAR.US,5,20250923,215000,32.11,32.11,32.09,32.09,200,0
QMAR.US,5,20250923,215500,32.09,32.09,32.09,32.09,100,0
QMAR.US,5,20250924,154000,32.09,32.09,32.09,32.09,100,0
QMAR.US,5,20250924,155000,32.08,32.08,32.08,32.08,100,0
QMAR.US,5,20250924,161000,32.075,32.08,32.075,32.08,200,0
QMAR.US,5,20250924,161500,32.07,32.07,32.07,32.07,150,0
QMAR.US,5,20250924,162500,32.12,32.12,32.12,32.12,134,0
QMAR.US,5,20250924,164000,32.07,32.07,32.07,32.07,100,0
QMAR.US,5,20250924,165000,32.085,32.085,32.085,32.085,600,0
QMAR.US,5,20250924,174000,32.07,32.07,32.07,32.07,100,0
QMAR.US,5,20250924,183500,32.04,32.04,32.04,32.04,800,0
QMAR.US,5,20250924,185000,32.05,32.05,32.05,32.05,100,0
QMAR.US,5,20250924,191000,32.0926,32.0926,32.0926,32.0926,290,0
QMAR.US,5,20250924,192000,32.07,32.07,32.0447,32.0447,4920,0
QMAR.US,5,20250924,194000,32.06,32.06,32.06,32.06,100,0
QMAR.US,5,20250924,194500,32.06,32.0749,32.05,32.0749,2162,0
QMAR.US,5,20250924,195500,32.05,32.05,32.05,32.05,400,0
QMAR.US,5,20250924,200000,32.05,32.05,32.05,32.05,100,0
QMAR.US,5,20250924,205000,32.05,32.05,32.05,32.05,100,0
QMAR.US,5,20250924,211000,32.0967,32.0967,32.0967,32.0967,470,0
QMAR.US,5,20250924,213500,32.0665,32.0665,32.0665,32.0665,913,0
QMAR.US,5,20250924,215000,32.07,32.07,32.07,32.07,175,0
QMAR.US,5,20250924,215500,32.07,32.08,32.07,32.08,4262,0
QMAR.US,5,20250925,153000,32.01,32.01,32.01,32.01,400,0
QMAR.US,5,20250925,153500,32.01,32.01,31.98,31.98,3326,0
QMAR.US,5,20250925,160000,31.99,31.99,31.99,31.99,100,0
QMAR.US,5,20250925,165500,32.05,32.05,32.05,32.05,100,0
QMAR.US,5,20250925,171500,32.055,32.055,32.055,32.055,332,0
QMAR.US,5,20250925,174500,32.06,32.07,32.06,32.07,3980,0
QMAR.US,5,20250925,175000,32.096,32.1,32.088,32.088,6106,0
QMAR.US,5,20250925,181500,32.06,32.06,32.06,32.06,100,0
QMAR.US,5,20250925,192000,32.04,32.04,32.04,32.04,100,0
QMAR.US,5,20250925,200000,32.036,32.036,32.02,32.02,2950,0
QMAR.US,5,20250925,201500,32.05,32.05,32.05,32.05,100,0
QMAR.US,5,20250925,203000,32.07,32.07,32.03,32.03,762,0
QMAR.US,5,20250925,215500,32.1,32.1,32.1,32.1,100,0
QMAR.US,5,20250926,153500,32.14,32.14,32.0701,32.0701,681,0
QMAR.US,5,20250926,154500,32.08,32.08,32.08,32.08,100,0
QMAR.US,5,20250926,160000,32.1526,32.1526,32.1526,32.1526,465,0
QMAR.US,5,20250926,162500,32.08,32.08,32.08,32.08,300,0
QMAR.US,5,20250926,165000,32.04,32.04,32.04,32.04,100,0
QMAR.US,5,20250926,183000,32.0708,32.0708,32.0708,32.0708,3025,0
QMAR.US,5,20250926,185500,32.08,32.08,32.08,32.08,155,0
QMAR.US,5,20250926,192000,32.11,32.11,32.11,32.11,100,0
QMAR.US,5,20250926,203000,32.13,32.13,32.13,32.13,550,0
QMAR.US,5,20250926,210000,32.12,32.12,32.12,32.12,100,0
QMAR.US,5,20250926,215000,32.1296,32.1296,32.1296,32.1296,1000,0
QMAR.US,5,20250929,155500,32.205,32.205,32.205,32.205,400,0
QMAR.US,5,20250929,161000,32.2165,32.2165,32.2165,32.2165,827,0
QMAR.US,5,20250929,165500,32.2338,32.2338,32.2338,32.2338,930,0
QMAR.US,5,20250929,170000,32.22,32.22,32.19,32.19,200,0
QMAR.US,5,20250929,173500,32.19,32.19,32.15,32.15,612,0
QMAR.US,5,20250929,181500,32.1666,32.1666,32.1666,32.1666,1912,0
QMAR.US,5,20250929,183000,32.1956,32.1956,32.1956,32.1956,410,0
QMAR.US,5,20250929,183500,32.175,32.175,32.175,32.175,322,0
QMAR.US,5,20250929,184000,32.169,32.169,32.169,32.169,150,0
QMAR.US,5,20250929,190000,32.16,32.16,32.16,32.16,100,0
QMAR.US,5,20250929,201500,32.2,32.2,32.1505,32.1505,749,0
QMAR.US,5,20250929,203500,32.185,32.185,32.185,32.185,130,0
QMAR.US,5,20250929,204500,32.1557,32.1557,32.1557,32.1557,150,0
QMAR.US,5,20250929,212000,32.155,32.155,32.155,32.155,167,0
QMAR.US,5,20250929,212500,32.1559,32.1559,32.1559,32.1559,1912,0
QMAR.US,5,20250929,213000,32.15,32.15,32.15,32.15,100,0
QMAR.US,5,20250929,215000,32.1576,32.1576,32.1576,32.1576,100,0
QMAR.US,5,20250929,215500,32.16,32.16,32.16,32.16,100,0
QMAR.US,5,20250930,161000,32.14,32.14,32.14,32.14,100,0
QMAR.US,5,20250930,161500,32.14,32.14,32.14,32.14,217,0
QMAR.US,5,20250930,164000,32.15,32.165771,32.15,32.165712,5578,0
QMAR.US,5,20250930,165000,32.17,32.17,32.17,32.17,100,0
QMAR.US,5,20250930,171000,32.175,32.175,32.175,32.175,105,0
QMAR.US,5,20250930,172500,32.16,32.16,32.16,32.16,159,0
QMAR.US,5,20250930,174000,32.14,32.14,32.14,32.14,100,0
QMAR.US,5,20250930,181000,32.155,32.155,32.155,32.155,810,0
QMAR.US,5,20250930,200500,32.16,32.16,32.16,32.16,200,0
QMAR.US,5,20250930,201000,32.15,32.15,32.15,32.15,100,0
QMAR.US,5,20250930,203000,32.1673,32.1673,32.1673,32.1673,180,0
QMAR.US,5,20250930,210000,32.1742,32.1742,32.1742,32.1742,281,0
QMAR.US,5,20250930,213000,32.2,32.2,32.2,32.2,100,0
QMAR.US,5,20250930,213500,32.17,32.17,32.17,32.17,100,0
QMAR.US,5,20250930,214000,32.185,32.185,32.185,32.185,251,0
QMAR.US,5,20250930,215000,32.17,32.17,32.17,32.17,280,0
QMAR.US,5,20250930,215500,32.1804,32.1804,32.1804,32.1804,200,0
QMAR.US,5,20251001,154000,32.17,32.2,32.17,32.2,340,0
QMAR.US,5,20251001,162000,32.1701,32.1701,32.1701,32.1701,1011,0
QMAR.US,5,20251001,163500,32.2076,32.2076,32.2076,32.2076,620,0
QMAR.US,5,20251001,170000,32.19,32.195,32.19,32.1901,1500,0
QMAR.US,5,20251001,171500,32.18,32.18,32.18,32.18,100,0
QMAR.US,5,20251001,180500,32.2,32.2,32.2,32.2,100,0
QMAR.US,5,20251001,181000,32.1987,32.1987,32.1987,32.1987,310,0
QMAR.US,5,20251001,190000,32.21,32.21,32.21,32.21,100,0
QMAR.US,5,20251001,190500,32.22,32.22,32.22,32.22,191,0
QMAR.US,5,20251001,191000,32.21,32.21,32.21,32.21,241,0
QMAR.US,5,20251001,192000,32.21,32.21,32.21,32.21,100,0
QMAR.US,5,20251001,192500,32.2002,32.2002,32.2002,32.2002,219,0
QMAR.US,5,20251001,200500,32.22,32.22,32.22,32.22,620,0
QMAR.US,5,20251001,205500,32.23,32.23,32.23,32.23,100,0
QMAR.US,5,20251001,212000,32.2392,32.2392,32.2392,32.2392,279,0
QMAR.US,5,20251001,214500,32.27,32.27,32.23,32.24,912,0
QMAR.US,5,20251001,215000,32.24,32.24,32.24,32.24,100,0
QMAR.US,5,20251001,215500,32.24,32.28,32.23,32.28,21857,0
QMAR.US,5,20251002,153500,32.275,32.275,32.275,32.275,351,0
QMAR.US,5,20251002,154500,32.25,32.25,32.25,32.25,100,0
QMAR.US,5,20251002,160500,32.25,32.25,32.25,32.25,122,0
QMAR.US,5,20251002,163000,32.22,32.22,32.22,32.22,100,0
QMAR.US,5,20251002,171500,32.26,32.26,32.26,32.26,137,0
QMAR.US,5,20251002,202000,32.27,32.27,32.25,32.27,500,0
QMAR.US,5,20251002,203500,32.25,32.25,32.25,32.25,100,0
QMAR.US,5,20251002,214500,32.24,32.2725,32.24,32.2725,527,0
QMAR.US,5,20251003,170000,32.2603,32.2603,32.2603,32.2603,1150,0
QMAR.US,5,20251003,171000,32.26,32.26,32.26,32.26,100,0
QMAR.US,5,20251003,180000,32.2752,32.2752,32.2752,32.2752,1019,0
QMAR.US,5,20251003,184500,32.26,32.26,32.26,32.26,100,0
QMAR.US,5,20251003,190000,32.26,32.26,32.25,32.25,200,0
QMAR.US,5,20251003,190500,32.23,32.23,32.23,32.23,100,0
QMAR.US,5,20251003,191000,32.24,32.24,32.24,32.24,200,0
QMAR.US,5,20251003,200000,32.19,32.19,32.19,32.19,100,0
QMAR.US,5,20251003,200500,32.19,32.19,32.19,32.19,200,0
QMAR.US,5,20251003,202000,32.22,32.22,32.22,32.22,200,0
QMAR.US,5,20251003,205000,32.21,32.21,32.21,32.21,100,0
QMAR.US,5,20251003,211000,32.225,32.225,32.211,32.211,490,0
QMAR.US,5,20251003,212000,32.215,32.215,32.21,32.21,400,0
QMAR.US,5,20251003,214000,32.235,32.235,32.235,32.235,100,0
QMAR.US,5,20251003,214500,32.22,32.22,32.22,32.22,200,0
QMAR.US,5,20251003,215000,32.2,32.2,32.2,32.2,100,0
QMAR.US,5,20251003,215500,32.21,32.21,32.21,32.21,167,0
QMAR.US,5,20251006,154000,32.28,32.28,32.28,32.28,350,0
QMAR.US,5,20251006,155500,32.27,32.27,32.27,32.27,100,0
QMAR.US,5,20251006,161500,32.29,32.29,32.29,32.29,125,0
QMAR.US,5,20251006,162500,32.2728,32.2728,32.2728,32.2728,400,0
QMAR.US,5,20251006,172000,32.31,32.32,32.3,32.3,31187,0
QMAR.US,5,20251006,174000,32.28,32.28,32.28,32.28,100,0
QMAR.US,5,20251006,180000,32.3,32.3,32.3,32.3,200,0
QMAR.US,5,20251006,180500,32.29,32.29,32.29,32.29,100,0
QMAR.US,5,20251006,182500,32.28,32.28,32.28,32.28,125,0
QMAR.US,5,20251006,183500,32.28,32.28,32.28,32.28,100,0
QMAR.US,5,20251006,184000,32.295,32.295,32.28,32.285,6098,0
QMAR.US,5,20251006,185500,32.28,32.28,32.28,32.28,100,0
QMAR.US,5,20251006,192500,32.28,32.28,32.28,32.28,100,0
QMAR.US,5,20251006,194000,32.29,32.29,32.29,32.29,100,0
QMAR.US,5,20251006,195000,32.2905,32.2905,32.2905,32.2905,200,0
QMAR.US,5,20251006,195500,32.295,32.295,32.295,32.295,100,0
QMAR.US,5,20251006,213000,32.28,32.2802,32.28,32.2802,608,0
QMAR.US,5,20251006,214000,32.295,32.295,32.295,32.295,100,0
QMAR.US,5,20251006,215500,32.27,32.27,32.27,32.27,100,0
QMAR.US,5,20251007,154500,32.29,32.29,32.29,32.29,100,0
QMAR.US,5,20251007,155500,32.29,32.29,32.29,32.29,100,0
QMAR.US,5,20251007,161500,32.29,32.29,32.29,32.29,200,0
QMAR.US,5,20251007,164000,32.286,32.286,32.286,32.286,154,0
QMAR.US,5,20251007,165500,32.26,32.26,32.26,32.26,100,0
QMAR.US,5,20251007,172500,32.25,32.25,32.24,32.24,400,0
QMAR.US,5,20251007,173500,32.22,32.22,32.22,32.22,200,0
QMAR.US,5,20251007,180000,32.23,32.23,32.23,32.23,108,0
QMAR.US,5,20251007,184000,32.24,32.24,32.24,32.24,100,0
QMAR.US,5,20251007,184500,32.24,32.24,32.24,32.24,110,0
QMAR.US,5,20251007,195000,32.2204,32.2204,32.2204,32.2204,236,0
QMAR.US,5,20251007,211000,32.23,32.23,32.23,32.23,100,0
QMAR.US,5,20251007,212000,32.23,32.2301,32.23,32.2301,1980,0
QMAR.US,5,20251007,213000,32.22,32.22,32.22,32.22,100,0
QMAR.US,5,20251007,214500,32.24,32.24,32.23,32.2301,347,0
QMAR.US,5,20251007,215500,32.24,32.24,32.22,32.22,300,0
QMAR.US,5,20251008,155000,32.26,32.26,32.26,32.26,100,0
QMAR.US,5,20251008,160500,32.27,32.2701,32.26,32.2701,3400,0
QMAR.US,5,20251008,161000,32.27,32.285,32.25,32.285,1373,0
QMAR.US,5,20251008,161500,32.2745,32.32,32.2745,32.32,1400,0
QMAR.US,5,20251008,162000,32.285,32.285,32.27,32.2701,1302,0
QMAR.US,5,20251008,162500,32.28,32.28,32.26,32.28,1230,0
QMAR.US,5,20251008,164000,32.27,32.275,32.27,32.275,1450,0
QMAR.US,5,20251008,164500,32.275,32.3,32.27,32.27,600,0
QMAR.US,5,20251008,172000,32.31,32.31,32.31,32.31,100,0
QMAR.US,5,20251008,174000,32.27,32.27,32.27,32.27,100,0
QMAR.US,5,20251008,174500,32.31,32.31,32.31,32.31,100,0
QMAR.US,5,20251008,180500,32.29,32.29,32.29,32.29,100,0
QMAR.US,5,20251008,181500,32.31,32.33,32.31,32.33,300,0
QMAR.US,5,20251008,183500,32.29,32.29,32.29,32.29,100,0
QMAR.US,5,20251008,190000,32.33,32.33,32.33,32.33,100,0
QMAR.US,5,20251008,192000,32.2961,32.2961,32.2961,32.2961,200,0
QMAR.US,5,20251008,192500,32.28,32.28,32.28,32.28,100,0
QMAR.US,5,20251008,193500,32.32,32.32,32.32,32.32,100,0
QMAR.US,5,20251008,194000,32.2884,32.2884,32.2884,32.2884,850,0
QMAR.US,5,20251008,195500,32.29,32.29,32.29,32.29,100,0
QMAR.US,5,20251008,200500,32.2845,32.2845,32.2845,32.2845,195,0
QMAR.US,5,20251008,203000,32.32,32.32,32.32,32.32,100,0
QMAR.US,5,20251008,203500,32.28,32.28,32.27,32.2701,998,0
QMAR.US,5,20251008,204500,32.29,32.29,32.29,32.29,100,0
QMAR.US,5,20251008,210000,32.31,32.31,32.31,32.31,200,0
QMAR.US,5,20251008,211000,32.295,32.31,32.29,32.29,1648,0
QMAR.US,5,20251008,212500,32.31,32.31,32.31,32.31,300,0
QMAR.US,5,20251008,214500,32.3,32.34,32.3,32.33,400,0
QMAR.US,5,20251008,215000,32.33,32.33,32.32,32.32,300,0
QMAR.US,5,20251008,215500,32.33,32.35,32.33,32.35,1248,0
QMAR.US,5,20251009,155500,32.28,32.28,32.28,32.28,100,0
QMAR.US,5,20251009,163000,32.28,32.28,32.28,32.28,188,0
QMAR.US,5,20251009,182000,32.252,32.252,32.252,32.252,557,0
QMAR.US,5,20251009,185000,32.26,32.26,32.26,32.26,100,0
QMAR.US,5,20251009,200000,32.2485,32.2485,32.2485,32.2485,1119,0
QMAR.US,5,20251009,200500,32.22,32.22,32.22,32.22,300,0
QMAR.US,5,20251009,204500,32.2314,32.2314,32.2314,32.2314,5030,0
QMAR.US,5,20251009,211000,32.29,32.29,32.29,32.29,1266,0
QMAR.US,5,20251009,213000,32.28,32.3076,32.28,32.3076,389,0
QMAR.US,5,20251009,215500,32.3,32.3,32.3,32.3,125,0
QMAR.US,5,20251010,160000,32.32,32.32,32.32,32.32,100,0
QMAR.US,5,20251010,170000,32.24,32.24,32.24,32.24,100,0
QMAR.US,5,20251010,173000,32.15,32.15,32.15,32.15,136,0
QMAR.US,5,20251010,185000,32.09,32.09,32.0768,32.0768,907,0
QMAR.US,5,20251010,185500,32.07,32.07,32.06,32.06,1524,0
QMAR.US,5,20251010,192000,32.05,32.05,32.05,32.05,100,0
QMAR.US,5,20251010,203500,32.05,32.0501,32.05,32.0501,2000,0
QMAR.US,5,20251010,205000,32.02,32.02,32.02,32.02,100,0
QMAR.US,5,20251010,211500,32.035,32.035,32.035,32.035,257,0
QMAR.US,5,20251010,215000,31.98,32.04,31.98,32,1300,0
QMAR.US,5,20251013,153000,32.1,32.1,32.1,32.1,200,0
QMAR.US,5,20251013,154500,32.13,32.13,32.13,32.13,100,0
QMAR.US,5,20251013,155500,32.16,32.16,32.15,32.15,400,0
QMAR.US,5,20251013,161000,32.16,32.1601,32.16,32.1601,1000,0
QMAR.US,5,20251013,163000,32.14,32.14,32.14,32.14,100,0
QMAR.US,5,20251013,163500,32.17,32.17,32.16,32.17,500,0
QMAR.US,5,20251013,164000,32.1899,32.1899,32.1899,32.1899,550,0
QMAR.US,5,20251013,165000,32.12,32.12,32.12,32.12,100,0
QMAR.US,5,20251013,171000,32.15,32.15,32.15,32.15,200,0
QMAR.US,5,20251013,171500,32.16,32.16,32.16,32.16,200,0
QMAR.US,5,20251013,173000,32.16,32.16,32.16,32.16,300,0
QMAR.US,5,20251013,173500,32.16,32.16,32.16,32.16,100,0
QMAR.US,5,20251013,182000,32.16,32.16,32.16,32.16,100,0
QMAR.US,5,20251013,184500,32.17,32.17,32.16,32.16,300,0
QMAR.US,5,20251013,191000,32.18,32.18,32.16,32.18,900,0
QMAR.US,5,20251013,192000,32.1738,32.1738,32.1738,32.1738,1306,0
QMAR.US,5,20251013,203000,32.189,32.189,32.189,32.189,126,0
QMAR.US,5,20251013,204500,32.17,32.1764,32.17,32.1764,2500,0
QMAR.US,5,20251013,210500,32.16,32.16,32.16,32.16,100,0
QMAR.US,5,20251013,213000,32.18,32.18,32.18,32.18,725,0
QMAR.US,5,20251013,214000,32.17,32.17,32.17,32.17,100,0
QMAR.US,5,20251014,162000,32.07,32.07,32.05,32.05,300,0
QMAR.US,5,20251014,163000,32.0936,32.0936,32.0936,32.0936,231,0
QMAR.US,5,20251014,163500,32.07,32.07,32.07,32.07,500,0
QMAR.US,5,20251014,170500,32.08,32.11,32.08,32.11,200,0
QMAR.US,5,20251014,171000,32.0701,32.0971,32.0701,32.0971,604,0
QMAR.US,5,20251014,174000,32.12,32.12,32.12,32.12,100,0
QMAR.US,5,20251014,180000,32.12,32.12,32.12,32.12,100,0
QMAR.US,5,20251014,182000,32.16,32.16,32.16,32.16,200,0
QMAR.US,5,20251014,185000,32.17,32.17,32.17,32.17,100,0
QMAR.US,5,20251014,190500,32.16,32.1601,32.15,32.1501,3000,0
QMAR.US,5,20251014,192500,32.15,32.15,32.15,32.15,100,0
QMAR.US,5,20251014,194000,32.1974,32.1974,32.1974,32.1974,218,0
QMAR.US,5,20251014,194500,32.1868,32.1868,32.1868,32.1868,175,0
QMAR.US,5,20251014,195000,32.2,32.2,32.2,32.2,200,0
QMAR.US,5,20251014,200000,32.16,32.16,32.16,32.16,100,0
QMAR.US,5,20251014,203500,32.16,32.16,32.16,32.16,100,0
QMAR.US,5,20251014,211000,32.16,32.16,32.16,32.16,100,0
QMAR.US,5,20251014,215000,32.0805,32.0805,32.0805,32.0805,180,0
QMAR.US,5,20251015,162500,32.21,32.21,32.21,32.21,100,0
QMAR.US,5,20251015,175500,32.18,32.18,32.18,32.18,200,0
QMAR.US,5,20251015,182000,32.16,32.16,32.16,32.16,100,0
QMAR.US,5,20251015,191000,32.1,32.1,32.1,32.1,100,0
QMAR.US,5,20251015,192000,32.1,32.1,32.1,32.1,100,0
QMAR.US,5,20251015,192500,32.1,32.1,32.1,32.1,100,0
QMAR.US,5,20251015,193500,32.12,32.12,32.12,32.12,200,0
QMAR.US,5,20251015,204000,32.155,32.155,32.155,32.155,281,0
QMAR.US,5,20251015,204500,32.14,32.14,32.14,32.14,265,0
QMAR.US,5,20251015,211000,32.13,32.13,32.13,32.13,300,0
QMAR.US,5,20251015,212000,32.1655,32.1655,32.1655,32.1655,250,0
QMAR.US,5,20251015,213500,32.13,32.13,32.13,32.13,100,0
QMAR.US,5,20251016,154500,32.21,32.21,32.21,32.21,300,0
QMAR.US,5,20251016,155500,32.18,32.18,32.18,32.18,100,0
QMAR.US,5,20251016,164000,32.22,32.22,32.22,32.22,100,0
QMAR.US,5,20251016,170000,32.19,32.19,32.19,32.19,100,0
QMAR.US,5,20251016,171000,32.205,32.205,32.205,32.205,1855,0
QMAR.US,5,20251016,182500,32.14,32.14,32.14,32.14,103,0
QMAR.US,5,20251016,183000,32.08,32.08,32.08,32.08,127,0
QMAR.US,5,20251016,184500,32.06,32.06,32.06,32.06,128,0
QMAR.US,5,20251016,185500,32.08,32.09,32.08,32.09,300,0
QMAR.US,5,20251016,190000,32.09,32.09,32.09,32.09,100,0
QMAR.US,5,20251016,191500,32.12,32.12,32.12,32.12,100,0
QMAR.US,5,20251016,213000,32.025,32.025,32.025,32.025,473,0
QMAR.US,5,20251016,214000,32.0138,32.0138,32.0138,32.0138,2155,0
QMAR.US,5,20251016,214500,32.035,32.035,32.035,32.035,100,0
QMAR.US,5,20251016,215000,32.06,32.06,32.05,32.05,200,0
QMAR.US,5,20251016,215500,32.06,32.06,32.06,32.06,200,0
QMAR.US,5,20251017,155500,32.09,32.09,32.09,32.09,100,0
QMAR.US,5,20251017,161500,32.14,32.14,32.14,32.14,200,0
QMAR.US,5,20251017,162500,32.135,32.135,32.135,32.135,2277,0
QMAR.US,5,20251017,163000,32.11,32.11,32.11,32.11,329,0
QMAR.US,5,20251017,164500,32.08,32.08,32.08,32.08,100,0
QMAR.US,5,20251017,170500,32.09,32.09,32.09,32.09,100,0
QMAR.US,5,20251017,174000,32.08,32.08,32.08,32.08,100,0
QMAR.US,5,20251017,175000,32.1,32.1,32.1,32.1,100,0
QMAR.US,5,20251017,180000,32.1,32.1,32.1,32.1,100,0
QMAR.US,5,20251017,184500,32.12,32.12,32.12,32.12,100,0
QMAR.US,5,20251017,194000,32.111,32.16,31.91,32.08,268640,0
QMAR.US,5,20251017,194500,32.07,32.09,32.07,32.09,700,0
QMAR.US,5,20251017,195000,32.1,32.11,32.1,32.11,322,0
QMAR.US,5,20251017,200500,32.135,32.135,32.135,32.135,175,0
QMAR.US,5,20251017,201000,32.1376,32.1376,32.1376,32.1376,143,0
QMAR.US,5,20251017,201500,32.14,32.1599,32.14,32.1599,228,0
QMAR.US,5,20251017,202000,32.16,32.16,32.15,32.16,1100,0
QMAR.US,5,20251017,203000,32.16,32.16,32.16,32.16,100,0
QMAR.US,5,20251017,213000,32.18,32.18,32.18,32.18,100,0
QMAR.US,5,20251017,215500,32.18,32.18,32.18,32.18,100,0
QMAR.US,5,20251020,153000,32.24,32.275,32.24,32.257,300,0
QMAR.US,5,20251020,153500,32.26,32.26,32.26,32.26,200,0
QMAR.US,5,20251020,154000,32.27,32.27,32.27,32.27,100,0
QMAR.US,5,20251020,154500,32.27,32.27,32.27,32.27,300,0
QMAR.US,5,20251020,155500,32.29,32.29,32.29,32.29,100,0
QMAR.US,5,20251020,160000,32.2862,32.2862,32.2862,32.2862,311,0
QMAR.US,5,20251020,161000,32.295,32.295,32.295,32.295,100,0
QMAR.US,5,20251020,162000,32.295,32.295,32.295,32.295,100,0
QMAR.US,5,20251020,162500,32.31,32.31,32.31,32.31,400,0
QMAR.US,5,20251020,163500,32.31,32.31,32.31,32.31,100,0
QMAR.US,5,20251020,174500,32.33,32.33,32.33,32.33,100,0
QMAR.US,5,20251020,192000,32.3564,32.3564,32.3564,32.3564,307,0
QMAR.US,5,20251020,194000,32.3567,32.3567,32.3567,32.3567,154,0
QMAR.US,5,20251020,212000,32.33,32.3449,32.33,32.3449,400,0
QMAR.US,5,20251020,212500,32.33,32.3695,32.33,32.3695,442,0
QMAR.US,5,20251020,213500,32.34,32.34,32.34,32.34,100,0
QMAR.US,5,20251020,215000,32.34,32.34,32.34,32.34,100,0
QMAR.US,5,20251020,215500,32.34,32.34,32.34,32.34,1841,0
QMAR.US,5,20251021,153500,32.33,32.33,32.32,32.32,300,0
QMAR.US,5,20251021,154500,32.31,32.33,32.31,32.31,600,0
QMAR.US,5,20251021,155500,32.31,32.31,32.3,32.3,300,0
QMAR.US,5,20251021,161000,32.32,32.33,32.32,32.33,400,0
QMAR.US,5,20251021,162500,32.32,32.32,32.32,32.32,100,0
QMAR.US,5,20251021,165000,32.35,32.35,32.35,32.35,100,0
QMAR.US,5,20251021,165500,32.34,32.35,32.34,32.35,450,0
QMAR.US,5,20251021,170000,32.34,32.34,32.34,32.34,730,0
QMAR.US,5,20251021,170500,32.34,32.34,32.34,32.34,100,0
QMAR.US,5,20251021,175500,32.35,32.35,32.35,32.35,100,0
QMAR.US,5,20251021,185500,32.34,32.34,32.34,32.34,100,0
QMAR.US,5,20251021,195500,32.37,32.37,32.37,32.37,100,0
QMAR.US,5,20251021,200000,32.36,32.36,32.35,32.35,3472,0
QMAR.US,5,20251021,201000,32.35,32.35,32.35,32.35,100,0
QMAR.US,5,20251021,211000,32.364213,32.364213,32.364213,32.364213,138,0
QMAR.US,5,20251021,213000,32.34,32.34,32.34,32.34,100,0
QMAR.US,5,20251021,214000,32.3899,32.3899,32.35,32.355,3055,0
QMAR.US,5,20251021,215000,32.355,32.37,32.355,32.36,1393,0
QMAR.US,5,20251022,155500,32.35,32.35,32.35,32.35,300,0
QMAR.US,5,20251022,163500,32.295,32.295,32.295,32.295,100,0
QMAR.US,5,20251022,164500,32.27,32.27,32.27,32.27,100,0
QMAR.US,5,20251022,165000,32.31,32.31,32.31,32.31,300,0
QMAR.US,5,20251022,170500,32.31,32.31,32.31,32.31,100,0
QMAR.US,5,20251022,171500,32.3184,32.3184,32.3184,32.3184,1859,0
QMAR.US,5,20251022,181500,32.28,32.28,32.28,32.28,100,0
QMAR.US,5,20251022,184500,32.26,32.26,32.26,32.26,300,0
QMAR.US,5,20251022,185500,32.26,32.26,32.26,32.26,100,0
QMAR.US,5,20251022,200000,32.21,32.21,32.2,32.2,6379,0
QMAR.US,5,20251022,201000,32.2,32.2,32.2,32.2,100,0
QMAR.US,5,20251022,202000,32.23,32.23,32.23,32.23,100,0
QMAR.US,5,20251022,203500,32.21,32.21,32.21,32.21,100,0
QMAR.US,5,20251022,204000,32.24,32.24,32.24,32.24,100,0
QMAR.US,5,20251022,205500,32.24,32.24,32.24,32.24,100,0
QMAR.US,5,20251022,210000,32.23,32.2301,32.23,32.2301,200,0
QMAR.US,5,20251022,210500,32.24,32.24,32.24,32.24,100,0
QMAR.US,5,20251022,212000,32.27,32.27,32.27,32.27,100,0
QMAR.US,5,20251022,213000,32.26,32.26,32.26,32.26,100,0
QMAR.US,5,20251022,215500,32.2662,32.2662,32.2662,32.2662,126,0
QMAR.US,5,20251023,153500,32.28,32.28,32.28,32.28,200,0
QMAR.US,5,20251023,154000,32.29,32.29,32.29,32.29,100,0
QMAR.US,5,20251023,154500,32.32,32.32,32.32,32.32,400,0
QMAR.US,5,20251023,155000,32.326626,32.326626,32.326626,32.326626,179,0
QMAR.US,5,20251023,160000,32.32,32.32,32.32,32.32,100,0
QMAR.US,5,20251023,162000,32.3376,32.3376,32.3376,32.3376,277,0
QMAR.US,5,20251023,163000,32.315,32.315,32.31,32.31,209,0
QMAR.US,5,20251023,163500,32.34,32.34,32.34,32.34,100,0
QMAR.US,5,20251023,171000,32.34,32.34,32.34,32.34,105,0
QMAR.US,5,20251023,172000,32.31,32.31,32.31,32.31,100,0
QMAR.US,5,20251023,175500,32.34,32.34,32.34,32.34,200,0
QMAR.US,5,20251023,180500,32.34,32.34,32.34,32.34,100,0
QMAR.US,5,20251023,184000,32.34,32.345,32.34,32.345,2024,0
QMAR.US,5,20251023,185500,32.35,32.35,32.35,32.35,100,0
QMAR.US,5,20251023,192000,32.34,32.34,32.34,32.34,100,0
QMAR.US,5,20251023,193500,32.37,32.37,32.37,32.37,100,0
QMAR.US,5,20251023,195000,32.36,32.36,32.36,32.36,100,0
QMAR.US,5,20251023,205000,32.3501,32.3501,32.35,32.35,900,0
QMAR.US,5,20251023,212500,32.36,32.37,32.36,32.37,200,0
QMAR.US,5,20251023,215500,32.36,32.36,32.35,32.35,4689,0
QMAR.US,5,20251024,153500,32.45,32.45,32.45,32.45,200,0
QMAR.US,5,20251024,154000,32.45,32.45,32.45,32.45,100,0
QMAR.US,5,20251024,161500,32.45,32.45,32.45,32.45,300,0
QMAR.US,5,20251024,163000,32.44,32.4401,32.44,32.4401,300,0
QMAR.US,5,20251024,171500,32.44,32.44,32.44,32.44,100,0
QMAR.US,5,20251024,173500,32.4408,32.4408,32.4408,32.4408,876,0
QMAR.US,5,20251024,174000,32.4401,32.4401,32.4401,32.4401,261,0
QMAR.US,5,20251024,174500,32.45,32.45,32.45,32.45,200,0
QMAR.US,5,20251024,175000,32.44,32.44,32.44,32.44,100,0
QMAR.US,5,20251024,180000,32.45,32.45,32.45,32.45,100,0
QMAR.US,5,20251024,182000,32.45,32.45,32.45,32.45,100,0
QMAR.US,5,20251024,184500,32.4308,32.44,32.4308,32.44,519,0
QMAR.US,5,20251024,185000,32.45,32.45,32.45,32.45,1280,0
QMAR.US,5,20251024,185500,32.44,32.44,32.44,32.44,100,0
QMAR.US,5,20251024,194500,32.4404,32.4404,32.4404,32.4404,876,0
QMAR.US,5,20251024,200000,32.4568,32.4568,32.4568,32.4568,241,0
QMAR.US,5,20251024,201500,32.45,32.45,32.45,32.45,100,0
QMAR.US,5,20251024,203500,32.44,32.44,32.44,32.44,300,0
QMAR.US,5,20251024,211500,32.45,32.45,32.45,32.45,100,0
QMAR.US,5,20251024,212500,32.45,32.45,32.45,32.45,350,0
QMAR.US,5,20251024,214000,32.44,32.44,32.44,32.44,100,0
QMAR.US,5,20251024,215500,32.43,32.43,32.43,32.43,428,0
QMAR.US,5,20251027,144000,32.51,32.52,32.51,32.52,300,0
QMAR.US,5,20251027,150000,32.5418,32.5418,32.5418,32.5418,2631,0
QMAR.US,5,20251027,151500,32.546,32.546,32.546,32.546,509,0
QMAR.US,5,20251027,153000,32.53,32.53,32.53,32.53,1397,0
QMAR.US,5,20251027,154500,32.53,32.53,32.53,32.53,100,0
QMAR.US,5,20251027,160000,32.521,32.521,32.521,32.521,138,0
QMAR.US,5,20251027,161000,32.52,32.52,32.52,32.52,100,0
QMAR.US,5,20251027,162500,32.535,32.535,32.535,32.535,300,0
QMAR.US,5,20251027,164000,32.53,32.53,32.53,32.53,100,0
QMAR.US,5,20251027,164500,32.53,32.53,32.53,32.53,1150,0
QMAR.US,5,20251027,165500,32.52,32.52,32.52,32.52,100,0
QMAR.US,5,20251027,180000,32.53,32.53,32.525,32.5273,879,0
QMAR.US,5,20251027,181000,32.52,32.52,32.52,32.52,100,0
QMAR.US,5,20251027,185000,32.5395,32.5395,32.5395,32.5395,109,0
QMAR.US,5,20251027,190500,32.52,32.52,32.52,32.52,100,0
QMAR.US,5,20251027,201500,32.52,32.52,32.5184,32.5184,416,0
QMAR.US,5,20251027,202000,32.52,32.52,32.52,32.52,100,0
QMAR.US,5,20251027,202500,32.51,32.51,32.51,32.51,100,0
QMAR.US,5,20251027,205500,32.53,32.53,32.53,32.53,236,0
QMAR.US,5,20251028,152000,32.54,32.54,32.54,32.54,100,0
QMAR.US,5,20251028,153500,32.54,32.54,32.54,32.54,200,0
QMAR.US,5,20251028,164000,32.531,32.5352,32.53,32.5352,3640,0
QMAR.US,5,20251028,165000,32.53,32.53,32.53,32.53,100,0
QMAR.US,5,20251028,171500,32.54,32.54,32.54,32.54,151,0
QMAR.US,5,20251028,172500,32.54,32.54,32.54,32.54,100,0
QMAR.US,5,20251028,173000,32.54,32.54,32.54,32.54,500,0
QMAR.US,5,20251028,173500,32.54,32.54,32.54,32.54,100,0
QMAR.US,5,20251028,181500,32.55,32.55,32.55,32.55,200,0
QMAR.US,5,20251028,182000,32.55,32.55,32.55,32.55,100,0
QMAR.US,5,20251028,191000,32.55,32.5544,32.55,32.5544,1594,0
QMAR.US,5,20251028,191500,32.56,32.56,32.56,32.56,300,0
QMAR.US,5,20251028,192500,32.56,32.56,32.56,32.56,100,0
QMAR.US,5,20251028,202000,32.56,32.56,32.56,32.56,200,0
QMAR.US,5,20251028,202500,32.56,32.56,32.56,32.56,100,0
QMAR.US,5,20251028,203000,32.56,32.56,32.56,32.56,100,0
QMAR.US,5,20251028,205000,32.52,32.54,32.52,32.54,530,0
QMAR.US,5,20251028,205500,32.54,32.54,32.54,32.54,2800,0
QMAR.US,5,20251029,143500,32.56,32.56,32.56,32.56,200,0
QMAR.US,5,20251029,152500,32.575,32.575,32.575,32.575,260,0
QMAR.US,5,20251029,155500,32.575,32.575,32.55,32.56,9349,0
QMAR.US,5,20251029,160000,32.56,32.56,32.56,32.56,200,0
QMAR.US,5,20251029,160500,32.5546,32.5546,32.5546,32.5546,282,0
QMAR.US,5,20251029,161500,32.55,32.55,32.55,32.55,200,0
QMAR.US,5,20251029,162000,32.555,32.555,32.555,32.555,200,0
QMAR.US,5,20251029,162500,32.55,32.55,32.55,32.55,100,0
QMAR.US,5,20251029,171000,32.54,32.54,32.54,32.54,100,0
QMAR.US,5,20251029,172000,32.5526,32.5526,32.5526,32.5526,592,0
QMAR.US,5,20251029,180500,32.5535,32.5535,32.55,32.55,430,0
QMAR.US,5,20251029,181000,32.55,32.55,32.55,32.55,100,0
QMAR.US,5,20251029,182000,32.56,32.56,32.55,32.55,2930,0
QMAR.US,5,20251029,183000,32.5696,32.5696,32.55,32.55,312,0
QMAR.US,5,20251029,183500,32.563,32.563,32.563,32.563,1045,0
QMAR.US,5,20251029,190500,32.55,32.55,32.55,32.55,100,0
QMAR.US,5,20251029,191000,32.5502,32.5502,32.5502,32.5502,1200,0
QMAR.US,5,20251029,192500,32.555872,32.555872,32.555,32.555,1000,0
QMAR.US,5,20251029,193000,32.555,32.555,32.5538,32.5538,500,0
QMAR.US,5,20251029,200500,32.53,32.53,32.53,32.53,100,0
QMAR.US,5,20251029,201500,32.53,32.53,32.53,32.53,200,0
QMAR.US,5,20251029,202000,32.53,32.53,32.53,32.53,100,0
QMAR.US,5,20251029,202500,32.53,32.53,32.53,32.53,100,0
QMAR.US,5,20251029,204500,32.5202,32.5202,32.5202,32.5202,262,0
QMAR.US,5,20251029,205000,32.54,32.54,32.535,32.535,2313,0
QMAR.US,5,20251030,144500,32.52,32.52,32.52,32.52,300,0
QMAR.US,5,20251030,150000,32.55,32.55,32.55,32.55,400,0
QMAR.US,5,20251030,150500,32.52,32.52,32.52,32.52,100,0
QMAR.US,5,20251030,151000,32.564,32.564,32.564,32.564,368,0
QMAR.US,5,20251030,165000,32.49,32.49,32.49,32.49,100,0
QMAR.US,5,20251030,174500,32.51,32.51,32.51,32.51,100,0
QMAR.US,5,20251030,185000,32.52,32.52,32.52,32.52,100,0
QMAR.US,5,20251030,191500,32.528,32.528,32.528,32.528,383,0
QMAR.US,5,20251030,192000,32.53,32.53,32.51,32.51,271,0
QMAR.US,5,20251030,192500,32.5,32.5,32.5,32.5,100,0
QMAR.US,5,20251030,201000,32.49,32.49,32.49,32.49,595,0
QMAR.US,5,20251030,202500,32.47,32.47,32.47,32.47,100,0
QMAR.US,5,20251030,205500,32.475,32.475,32.47,32.47,959,0
QMAR.US,5,20251031,144000,32.53,32.54,32.53,32.54,300,0
QMAR.US,5,20251031,152000,32.53,32.53,32.53,32.53,100,0
QMAR.US,5,20251031,154500,32.545,32.545,32.545,32.545,100,0
QMAR.US,5,20251031,161500,32.54,32.54,32.54,32.54,100,0
QMAR.US,5,20251031,164500,32.52,32.52,32.52,32.52,100,0
QMAR.US,5,20251031,170500,32.5,32.52,32.5,32.52,1262,0
QMAR.US,5,20251031,172500,32.492,32.492,32.492,32.492,500,0
QMAR.US,5,20251031,184500,32.48,32.48,32.48,32.48,100,0
QMAR.US,5,20251031,190000,32.4703,32.4703,32.4703,32.4703,160,0
QMAR.US,5,20251031,190500,32.485,32.485,32.485,32.485,149,0
QMAR.US,5,20251031,193500,32.49,32.49,32.49,32.49,300,0
QMAR.US,5,20251031,194000,32.49,32.5,32.49,32.5,500,0
QMAR.US,5,20251031,195000,32.49,32.49,32.49,32.49,100,0
QMAR.US,5,20251031,203000,32.52,32.52,32.52,32.52,200,0
QMAR.US,5,20251031,204000,32.51,32.51,32.51,32.51,100,0
QMAR.US,5,20251031,205500,32.48,32.48,32.46,32.47,894,0
QMAR.US,5,20251103,153500,32.54,32.54,32.54,32.54,200,0
QMAR.US,5,20251103,162000,32.51,32.51,32.51,32.51,100,0
QMAR.US,5,20251103,182500,32.525,32.525,32.525,32.525,126,0
QMAR.US,5,20251103,190000,32.525,32.525,32.525,32.525,100,0
QMAR.US,5,20251103,194000,32.5307,32.5307,32.53,32.53,1000,0
QMAR.US,5,20251103,194500,32.54,32.54,32.54,32.54,400,0
QMAR.US,5,20251103,195000,32.5752,32.5752,32.5752,32.5752,922,0
QMAR.US,5,20251103,200000,32.531,32.531,32.531,32.531,187,0
QMAR.US,5,20251103,201500,32.53,32.53,32.53,32.53,100,0
QMAR.US,5,20251103,210500,32.53,32.53,32.53,32.53,100,0
QMAR.US,5,20251103,212500,32.53,32.53,32.525,32.525,464,0
QMAR.US,5,20251103,214000,32.5226,32.5226,32.52,32.52,211,0
QMAR.US,5,20251103,215000,32.53,32.53,32.52,32.52,224,0
QMAR.US,5,20251104,164000,32.475,32.475,32.475,32.475,300,0
QMAR.US,5,20251104,164500,32.47,32.47,32.47,32.47,300,0
QMAR.US,5,20251104,170000,32.455,32.455,32.455,32.455,664,0
QMAR.US,5,20251104,170500,32.45,32.45,32.45,32.45,100,0
QMAR.US,5,20251104,171000,32.45,32.45,32.45,32.45,500,0
QMAR.US,5,20251104,171500,32.445,32.445,32.445,32.445,100,0
QMAR.US,5,20251104,172000,32.445,32.445,32.445,32.445,700,0
QMAR.US,5,20251104,172500,32.44,32.44,32.44,32.44,200,0
QMAR.US,5,20251104,173000,32.44,32.44,32.44,32.44,100,0
QMAR.US,5,20251104,174000,32.44,32.44,32.44,32.44,100,0
QMAR.US,5,20251104,175000,32.44,32.44,32.44,32.44,1000,0
QMAR.US,5,20251104,175500,32.44,32.44,32.44,32.44,100,0
QMAR.US,5,20251104,181000,32.4271,32.4271,32.4271,32.4271,364,0
QMAR.US,5,20251104,181500,32.435,32.435,32.435,32.435,100,0
QMAR.US,5,20251104,182500,32.425,32.425,32.425,32.425,200,0
QMAR.US,5,20251104,183500,32.42,32.42,32.42,32.42,200,0
QMAR.US,5,20251104,185000,32.425,32.425,32.425,32.425,1600,0
QMAR.US,5,20251104,185500,32.42,32.42,32.42,32.42,400,0
QMAR.US,5,20251104,195000,32.41,32.41,32.405,32.41,2019,0
QMAR.US,5,20251104,200500,32.42,32.42,32.42,32.42,100,0
QMAR.US,5,20251104,205500,32.4,32.4,32.4,32.4,100,0
QMAR.US,5,20251104,212000,32.4,32.4,32.4,32.4,100,0
QMAR.US,5,20251104,212500,32.3801,32.3801,32.3801,32.3801,132,0
QMAR.US,5,20251104,213000,32.41,32.41,32.41,32.41,500,0
QMAR.US,5,20251104,214000,32.41,32.41,32.405,32.405,200,0
QMAR.US,5,20251104,215000,32.405,32.405,32.405,32.405,109,0
QMAR.US,5,20251104,215500,32.38,32.385,32.38,32.385,300,0
QMAR.US,5,20251105,153500,32.37,32.37,32.37,32.37,200,0
QMAR.US,5,20251105,155000,32.405,32.41,32.405,32.41,600,0
QMAR.US,5,20251105,160500,32.465,32.465,32.465,32.465,725,0
QMAR.US,5,20251105,161500,32.43,32.43,32.43,32.43,100,0
QMAR.US,5,20251105,163500,32.435,32.44,32.435,32.44,4794,0
QMAR.US,5,20251105,164000,32.45,32.45,32.45,32.45,200,0
QMAR.US,5,20251105,170000,32.45,32.45,32.45,32.45,100,0
QMAR.US,5,20251105,170500,32.4307,32.4307,32.4307,32.4307,178,0
QMAR.US,5,20251105,172500,32.4909,32.4909,32.4909,32.4909,154,0
QMAR.US,5,20251105,180000,32.47,32.47,32.47,32.47,100,0
QMAR.US,5,20251105,184500,32.482,32.482,32.482,32.482,866,0
QMAR.US,5,20251105,185500,32.48,32.48,32.48,32.48,100,0
QMAR.US,5,20251105,202500,32.48,32.48,32.48,32.48,100,0
QMAR.US,5,20251105,211500,32.49,32.49,32.49,32.49,100,0
QMAR.US,5,20251106,153500,32.42,32.42,32.42,32.42,200,0
QMAR.US,5,20251106,155500,32.4,32.4,32.4,32.4,100,0
QMAR.US,5,20251106,161500,32.38,32.38,32.38,32.38,137,0
QMAR.US,5,20251106,163500,32.36,32.36,32.36,32.36,100,0
QMAR.US,5,20251106,165500,32.3925,32.3925,32.3925,32.3925,248,0
QMAR.US,5,20251106,170000,32.3484,32.3484,32.3484,32.3484,187,0
QMAR.US,5,20251106,184500,32.33,32.33,32.33,32.33,163,0
QMAR.US,5,20251106,190000,32.34,32.34,32.33,32.33,200,0
QMAR.US,5,20251106,193500,32.34,32.344531,32.34,32.344531,885,0
QMAR.US,5,20251106,195500,32.35,32.35,32.35,32.35,100,0
QMAR.US,5,20251106,203500,32.37,32.37,32.37,32.37,100,0
QMAR.US,5,20251106,212000,32.358,32.36,32.34,32.36,475,0
QMAR.US,5,20251107,153500,32.24,32.24,32.24,32.24,200,0
QMAR.US,5,20251107,154000,32.235,32.235,32.235,32.235,495,0
QMAR.US,5,20251107,170000,32.18,32.18,32.18,32.18,100,0
QMAR.US,5,20251107,180000,32.17,32.17,32.17,32.17,167,0
QMAR.US,5,20251107,184000,32.186,32.186,32.186,32.186,146,0
QMAR.US,5,20251107,192000,32.1782,32.1782,32.1782,32.1782,131,0
QMAR.US,5,20251107,193000,32.2,32.22,32.2,32.22,500,0
QMAR.US,5,20251107,202500,32.225,32.2255,32.225,32.2255,978,0
QMAR.US,5,20251107,203000,32.235,32.235,32.235,32.235,100,0
QMAR.US,5,20251107,204500,32.265,32.265,32.265,32.265,100,0
QMAR.US,5,20251107,205500,32.27,32.27,32.27,32.27,100,0
QMAR.US,5,20251107,212000,32.2591,32.26,32.2591,32.26,1800,0
QMAR.US,5,20251107,214500,32.27,32.27,32.27,32.27,100,0
QMAR.US,5,20251107,215000,32.275,32.275,32.275,32.275,100,0
QMAR.US,5,20251107,215500,32.28,32.28,32.28,32.28,100,0
QMAR.US,5,20251110,161000,32.48,32.48,32.48,32.48,100,0
QMAR.US,5,20251110,172000,32.44,32.44,32.44,32.44,100,0
QMAR.US,5,20251110,184000,32.47,32.475,32.4675,32.475,2086,0
QMAR.US,5,20251110,185000,32.46,32.46,32.46,32.46,100,0
QMAR.US,5,20251110,195500,32.4865,32.49,32.485,32.49,1541,0
QMAR.US,5,20251110,200000,32.485,32.485,32.485,32.485,111,0
QMAR.US,5,20251110,201500,32.48,32.48,32.48,32.48,100,0
QMAR.US,5,20251110,211500,32.4745,32.4745,32.4745,32.4745,265,0
QMAR.US,5,20251110,212000,32.485,32.485,32.485,32.485,362,0
QMAR.US,5,20251110,214000,32.485,32.485,32.485,32.485,100,0
QMAR.US,5,20251110,214500,32.49,32.49,32.49,32.49,200,0
QMAR.US,5,20251110,215500,32.485,32.485,32.485,32.485,200,0
QMAR.US,5,20251111,153000,32.54,32.54,32.5059,32.5059,778,0
QMAR.US,5,20251111,153500,32.46,32.46,32.46,32.46,200,0
QMAR.US,5,20251111,155500,32.46,32.46,32.46,32.46,100,0
QMAR.US,5,20251111,172000,32.46,32.461,32.441,32.461,1476,0
QMAR.US,5,20251111,173500,32.43,32.43,32.43,32.43,100,0
QMAR.US,5,20251111,180000,32.474,32.474,32.474,32.474,103,0
QMAR.US,5,20251111,181000,32.45,32.45,32.45,32.45,100,0
QMAR.US,5,20251111,192500,32.48,32.48,32.48,32.48,100,0
QMAR.US,5,20251111,200500,32.48,32.4928,32.48,32.4928,1550,0
QMAR.US,5,20251111,201500,32.49,32.49,32.49,32.49,100,0
QMAR.US,5,20251111,202000,32.48,32.48,32.48,32.48,100,0
QMAR.US,5,20251111,214000,32.4952,32.4953,32.4952,32.4953,233,0
QMAR.US,5,20251111,214500,32.47,32.47,32.4557,32.4557,629,0
QMAR.US,5,20251111,215500,32.49,32.49,32.49,32.49,100,0
QMAR.US,5,20251112,154500,32.47,32.47,32.45,32.46,1075,0
QMAR.US,5,20251112,161000,32.52,32.52,32.495,32.495,25235,0
QMAR.US,5,20251112,171000,32.47,32.47,32.47,32.47,249,0
QMAR.US,5,20251112,172500,32.45,32.45,32.45,32.45,100,0
QMAR.US,5,20251112,173000,32.51,32.52,32.485,32.5,9792,0
QMAR.US,5,20251112,173500,32.5165,32.5165,32.5165,32.5165,300,0
QMAR.US,5,20251112,181500,32.45,32.45,32.45,32.45,100,0
QMAR.US,5,20251112,183500,32.455,32.455,32.455,32.455,200,0
QMAR.US,5,20251112,184000,32.47,32.47,32.47,32.47,200,0
QMAR.US,5,20251112,185000,32.47,32.47,32.47,32.47,100,0
QMAR.US,5,20251112,194500,32.464153,32.464153,32.464153,32.464153,133,0
QMAR.US,5,20251112,201000,32.47,32.47,32.4632,32.4632,547,0
QMAR.US,5,20251112,201500,32.47,32.47,32.47,32.47,491,0
QMAR.US,5,20251112,205500,32.47,32.47,32.47,32.47,175,0
QMAR.US,5,20251112,213000,32.47,32.47,32.47,32.47,100,0
QMAR.US,5,20251112,214500,32.49,32.5125,32.49,32.5125,388,0
QMAR.US,5,20251112,215000,32.49,32.52,32.49,32.49,1600,0
QMAR.US,5,20251112,215500,32.5,32.55,32.49,32.55,22213,0
QMAR.US,5,20251113,160000,32.4402,32.4402,32.4402,32.4402,153,0
QMAR.US,5,20251113,161500,32.43,32.43,32.43,32.43,100,0
QMAR.US,5,20251113,174500,32.4,32.4,32.4,32.4,2514,0
QMAR.US,5,20251113,175500,32.34,32.34,32.34,32.34,965,0
QMAR.US,5,20251113,202500,32.3,32.3,32.3,32.3,823,0
QMAR.US,5,20251113,204000,32.2898,32.2898,32.2898,32.2898,393,0
QMAR.US,5,20251113,204500,32.2506,32.27,32.2506,32.27,966,0
QMAR.US,5,20251113,211500,32.29,32.29,32.29,32.29,100,0
QMAR.US,5,20251113,213500,32.3,32.3,32.3,32.3,100,0
QMAR.US,5,20251113,214000,32.305,32.305,32.305,32.305,200,0
QMAR.US,5,20251113,215000,32.2863,32.33,32.2863,32.33,2645,0
QMAR.US,5,20251114,154500,32.2,32.2,32.2,32.2,586,0
QMAR.US,5,20251114,160000,32.24,32.24,32.24,32.24,100,0
QMAR.US,5,20251114,161000,32.241,32.241,32.241,32.241,220,0
QMAR.US,5,20251114,163500,32.28,32.28,32.28,32.28,100,0
QMAR.US,5,20251114,165000,32.33,32.33,32.33,32.33,100,0
QMAR.US,5,20251114,172500,32.35,32.35,32.35,32.35,100,0
QMAR.US,5,20251114,174500,32.34,32.34,32.34,32.34,100,0
QMAR.US,5,20251114,190000,32.34,32.3401,32.34,32.3401,724,0
QMAR.US,5,20251114,191500,32.33,32.33,32.33,32.33,100,0
QMAR.US,5,20251114,192500,32.31,32.345,32.31,32.345,1737,0
QMAR.US,5,20251114,194500,32.3,32.3,32.3,32.3,100,0
QMAR.US,5,20251114,195500,32.33,32.3301,32.33,32.3301,220,0
QMAR.US,5,20251114,202500,32.34,32.34,32.34,32.34,100,0
QMAR.US,5,20251117,160000,32.35,32.35,32.35,32.35,100,0
QMAR.US,5,20251117,163000,32.32,32.32,32.32,32.32,150,0
QMAR.US,5,20251117,163500,32.32,32.32,32.32,32.32,578,0
QMAR.US,5,20251117,164500,32.33,32.33,32.33,32.33,100,0
QMAR.US,5,20251117,171500,32.28,32.28,32.28,32.28,100,0
QMAR.US,5,20251117,173000,32.32,32.32,32.32,32.32,1800,0
QMAR.US,5,20251117,174000,32.33,32.33,32.33,32.33,100,0
QMAR.US,5,20251117,174500,32.33,32.34,32.33,32.34,1021,0
QMAR.US,5,20251117,180000,32.35,32.35,32.35,32.35,100,0
QMAR.US,5,20251117,183500,32.33,32.364,32.32,32.325,1512,0
QMAR.US,5,20251117,185000,32.3,32.3,32.3,32.3,100,0
QMAR.US,5,20251117,192000,32.293275,32.293275,32.293275,32.293275,750,0
QMAR.US,5,20251117,202000,32.255,32.273,32.255,32.255,702,0
QMAR.US,5,20251117,203000,32.255,32.255,32.255,32.255,100,0
QMAR.US,5,20251117,204000,32.2,32.2,32.2,32.2,300,0
QMAR.US,5,20251117,205500,32.19,32.19,32.19,32.19,100,0
QMAR.US,5,20251117,215500,32.23,32.23,32.23,32.23,100,0
QMAR.US,5,20251118,162500,32.08,32.08,32.08,32.08,100,0
QMAR.US,5,20251118,164500,32.0787,32.0787,32.0787,32.0787,474,0
QMAR.US,5,20251118,165500,32.07,32.07,32.07,32.07,100,0
QMAR.US,5,20251118,171000,32.08,32.09,32.08,32.09,441,0
QMAR.US,5,20251118,172000,32.1,32.1,32.1,32.1,100,0
QMAR.US,5,20251118,172500,32.11,32.12,32.11,32.12,3050,0
QMAR.US,5,20251118,173500,32.14,32.14,32.14,32.14,100,0
QMAR.US,5,20251118,180000,32.13,32.13,32.13,32.13,100,0
QMAR.US,5,20251118,183000,32.071,32.071,32.07,32.0701,2671,0
QMAR.US,5,20251118,184000,32.14,32.15,32.14,32.15,800,0
QMAR.US,5,20251118,190000,32.2099,32.2099,32.172,32.172,498,0
QMAR.US,5,20251118,190500,32.18,32.18,32.18,32.18,100,0
QMAR.US,5,20251118,194500,32.18,32.18,32.18,32.18,100,0
QMAR.US,5,20251118,202000,32.1775,32.1775,32.1775,32.1775,389,0
QMAR.US,5,20251118,203000,32.16,32.16,32.16,32.16,100,0
QMAR.US,5,20251118,203500,32.19,32.19,32.19,32.19,100,0
QMAR.US,5,20251118,204000,32.18,32.18,32.18,32.18,100,0
QMAR.US,5,20251118,205500,32.18,32.18,32.18,32.18,1800,0
QMAR.US,5,20251118,210000,32.2,32.21,32.2,32.21,200,0
QMAR.US,5,20251118,214500,32.13,32.13,32.13,32.13,100,0
QMAR.US,5,20251118,215000,32.175,32.175,32.175,32.175,772,0
QMAR.US,5,20251119,153500,32.16,32.16,32.16,32.16,599,0
QMAR.US,5,20251119,154500,32.19,32.19,32.19,32.19,100,0
QMAR.US,5,20251119,155500,32.24,32.24,32.24,32.24,100,0
QMAR.US,5,20251119,161500,32.28,32.28,32.28,32.28,100,0
QMAR.US,5,20251119,164000,32.25,32.25,32.25,32.25,234,0
QMAR.US,5,20251119,165000,32.24,32.24,32.24,32.24,100,0
QMAR.US,5,20251119,170500,32.19,32.19,32.19,32.19,100,0
QMAR.US,5,20251119,171500,32.26,32.26,32.26,32.26,100,0
QMAR.US,5,20251119,172500,32.205,32.205,32.205,32.205,310,0
QMAR.US,5,20251119,175500,32.17,32.1955,32.17,32.1955,234,0
QMAR.US,5,20251119,180500,32.1664,32.1664,32.1664,32.1664,137,0
QMAR.US,5,20251119,181000,32.1508,32.1508,32.1508,32.1508,406,0
QMAR.US,5,20251119,183000,32.14,32.144,32.1301,32.1301,475,0
QMAR.US,5,20251119,184000,32.14,32.14,32.14,32.14,100,0
QMAR.US,5,20251119,185500,32.16,32.16,32.16,32.16,100,0
QMAR.US,5,20251119,190500,32.17,32.17,32.16,32.165,547,0
QMAR.US,5,20251119,191000,32.17,32.17,32.17,32.17,100,0
QMAR.US,5,20251119,191500,32.17,32.17,32.17,32.17,155,0
QMAR.US,5,20251119,192500,32.1686,32.1686,32.1686,32.1686,301,0
QMAR.US,5,20251119,193000,32.16,32.1723,32.16,32.169705,890,0
QMAR.US,5,20251119,193500,32.165,32.18,32.165,32.18,1641,0
QMAR.US,5,20251119,194000,32.23,32.23,32.18,32.18,888,0
QMAR.US,5,20251119,194500,32.2399,32.2399,32.195,32.195,1382,0
QMAR.US,5,20251119,195000,32.2,32.2044,32.19,32.195,7359,0
QMAR.US,5,20251119,195500,32.2,32.229,32.2,32.229,544,0
QMAR.US,5,20251119,200000,32.222705,32.2279,32.222705,32.2279,569,0
QMAR.US,5,20251119,200500,32.2128,32.2128,32.21,32.21,520,0
QMAR.US,5,20251119,201000,32.17,32.2499,32.17,32.23,1451,0
QMAR.US,5,20251119,201500,32.2484,32.2484,32.226451,32.226451,1394,0
QMAR.US,5,20251119,202500,32.18,32.18,32.18,32.18,100,0
QMAR.US,5,20251119,210000,32.22,32.22,32.22,32.22,2097,0
QMAR.US,5,20251119,212000,32.22,32.22,32.2,32.2,200,0
QMAR.US,5,20251119,214000,32.2427,32.2427,32.2427,32.2427,349,0
QMAR.US,5,20251119,215500,32.2,32.2,32.2,32.2,100,0
QMAR.US,5,20251120,154000,32.41,32.41,32.41,32.41,100,0
QMAR.US,5,20251120,161000,32.4786,32.4786,32.4786,32.4786,246,0
QMAR.US,5,20251120,164500,32.47,32.49,32.44,32.49,112323,0
QMAR.US,5,20251120,165000,32.47,32.47,32.47,32.47,104482,0
QMAR.US,5,20251120,170500,32.44,32.44,32.43,32.44,1676,0
QMAR.US,5,20251120,174500,32.23,32.23,32.23,32.23,100,0
QMAR.US,5,20251120,180000,32.19,32.19,32.19,32.19,100,0
QMAR.US,5,20251120,181000,32.1,32.1,32.1,32.1,100,0
QMAR.US,5,20251120,183500,32.05,32.05,32.05,32.05,100,0
QMAR.US,5,20251120,191000,32.12,32.18,32.12,32.145,1561,0
QMAR.US,5,20251120,191500,32.1537,32.1537,32.1537,32.1537,1000,0
QMAR.US,5,20251120,192500,32.11,32.11,32.11,32.11,100,0
QMAR.US,5,20251120,200500,31.9952,31.9952,31.9952,31.9952,168,0
QMAR.US,5,20251120,201500,31.99,31.99,31.99,31.99,100,0
QMAR.US,5,20251120,204000,32,32,32,32,100,0
QMAR.US,5,20251120,210500,32.065,32.0693,32.065,32.0693,2238,0
QMAR.US,5,20251120,211500,32.04778,32.04778,32.04778,32.04778,669,0
QMAR.US,5,20251120,212500,32.02,32.02,32.02,32.02,100,0
QMAR.US,5,20251120,214000,31.995,31.995,31.995,31.995,1000,0
QMAR.US,5,20251121,153000,32.0658,32.0658,32.0658,32.0658,274,0
QMAR.US,5,20251121,154000,32.0519,32.0987,32.0519,32.0987,455,0
QMAR.US,5,20251121,154500,32.0595,32.0595,32.0595,32.0595,220,0
QMAR.US,5,20251121,155000,32.0537,32.0695,32.0537,32.0695,479,0
QMAR.US,5,20251121,155500,32.05,32.09,32.05,32.08,1821,0
QMAR.US,5,20251121,160000,32,32,32,32,100,0
QMAR.US,5,20251121,162000,31.97,31.97,31.9699,31.9699,200,0
QMAR.US,5,20251121,163000,31.91,31.91,31.91,31.91,100,0
QMAR.US,5,20251121,164000,31.91,31.91,31.91,31.91,100,0
QMAR.US,5,20251121,170000,31.92,31.92,31.92,31.92,100,0
QMAR.US,5,20251121,170500,31.9599,31.96,31.9499,31.9499,2092,0
QMAR.US,5,20251121,171000,31.9464,31.96,31.9464,31.9531,737,0
QMAR.US,5,20251121,171500,31.948,31.98,31.948,31.98,1044,0
QMAR.US,5,20251121,172500,31.97,31.97,31.97,31.97,100,0
QMAR.US,5,20251121,174500,32.02,32.07,32.02,32.07,200,0
QMAR.US,5,20251121,175000,32.07,32.07,32.07,32.07,1200,0
QMAR.US,5,20251121,175500,32.09,32.09,32.09,32.09,100,0
QMAR.US,5,20251121,180000,32.09,32.09,32.09,32.09,100,0
QMAR.US,5,20251121,180500,32.11,32.11,32.11,32.11,479,0
QMAR.US,5,20251121,181500,32.09,32.09,32.09,32.09,100,0
QMAR.US,5,20251121,182000,32.1,32.1,32.1,32.1,100,0
QMAR.US,5,20251121,192500,32.05,32.05,32.05,32.05,100,0
QMAR.US,5,20251121,193000,32.09,32.13,32.08,32.08,300,0
QMAR.US,5,20251121,200000,32.17,32.17,32.17,32.17,100,0
QMAR.US,5,20251121,200500,32.201796,32.201796,32.201796,32.201796,500,0
QMAR.US,5,20251121,204500,32.18,32.18,32.18,32.18,100,0
QMAR.US,5,20251121,211000,32.17,32.17,32.17,32.17,400,0
QMAR.US,5,20251121,212000,32.16,32.16,32.16,32.16,100,0
QMAR.US,5,20251124,154500,32.27,32.27,32.27,32.27,1810,0
QMAR.US,5,20251124,155500,32.26,32.26,32.26,32.26,100,0
QMAR.US,5,20251124,160500,32.31,32.31,32.31,32.31,100,0
QMAR.US,5,20251124,162500,32.3,32.31,32.3,32.31,200,0
QMAR.US,5,20251124,164500,32.34,32.34,32.34,32.34,100,0
QMAR.US,5,20251124,173000,32.35,32.35,32.35,32.35,100,0
QMAR.US,5,20251124,183000,32.38,32.38,32.38,32.38,100,0
QMAR.US,5,20251124,204000,32.41,32.42,32.389,32.389,3191,0
QMAR.US,5,20251124,204500,32.4,32.41,32.4,32.41,620,0
QMAR.US,5,20251124,205000,32.37,32.37,32.37,32.37,1157,0
QMAR.US,5,20251124,214500,32.3926,32.3926,32.3926,32.3926,229,0
QMAR.US,5,20251124,215500,32.41,32.43,32.41,32.43,200,0
QMAR.US,5,20251125,153000,32.35,32.35,32.35,32.35,1231,0
QMAR.US,5,20251125,155000,32.3596,32.3596,32.3596,32.3596,1976,0
QMAR.US,5,20251125,155500,32.34,32.34,32.34,32.34,100,0
QMAR.US,5,20251125,160000,32.347,32.379,32.347,32.379,438,0
QMAR.US,5,20251125,161000,32.34,32.34,32.34,32.34,100,0
QMAR.US,5,20251125,163000,32.36,32.36,32.36,32.36,200,0
QMAR.US,5,20251125,164500,32.3789,32.3899,32.3789,32.3899,205,0
QMAR.US,5,20251125,170000,32.36,32.36,32.36,32.36,100,0
QMAR.US,5,20251125,170500,32.3601,32.3601,32.3601,32.3601,455,0
QMAR.US,5,20251125,172000,32.39,32.39,32.39,32.39,100,0
QMAR.US,5,20251125,175000,32.42,32.42,32.42,32.42,100,0
QMAR.US,5,20251125,181500,32.43,32.43,32.43,32.43,100,0
QMAR.US,5,20251125,205000,32.4657,32.4657,32.4657,32.4657,340,0
QMAR.US,5,20251125,214000,32.47,32.47,32.47,32.47,500,0
QMAR.US,5,20251125,215000,32.486873,32.49,32.486873,32.49,423,0
QMAR.US,5,20251125,215500,32.49,32.49,32.49,32.49,200,0
QMAR.US,5,20251126,155500,32.53,32.53,32.53,32.53,100,0
QMAR.US,5,20251126,172000,32.56,32.56,32.56,32.56,100,0
QMAR.US,5,20251126,174000,32.58,32.58,32.58,32.58,100,0
QMAR.US,5,20251126,175500,32.57,32.57,32.57,32.57,100,0
QMAR.US,5,20251126,182500,32.57,32.57,32.57,32.57,100,0
QMAR.US,5,20251126,190500,32.56,32.56,32.56,32.56,4453,0
QMAR.US,5,20251126,191500,32.55,32.561917,32.55,32.561815,1766,0
QMAR.US,5,20251126,192000,32.57,32.57,32.56,32.57,12063,0
QMAR.US,5,20251126,203500,32.57,32.57,32.57,32.57,100,0
QMAR.US,5,20251126,205500,32.575,32.575,32.575,32.575,300,0
QMAR.US,5,20251126,211000,32.575,32.575,32.575,32.575,109,0
QMAR.US,5,20251126,214000,32.5792,32.5792,32.5792,32.5792,413,0
QMAR.US,5,20251126,214500,32.59,32.59,32.56,32.56,200,0
QMAR.US,5,20251126,215000,32.6,32.6,32.6,32.6,300,0
QMAR.US,5,20251128,155500,32.59,32.59,32.59,32.59,100,0
QMAR.US,5,20251128,161500,32.615,32.615,32.615,32.615,105,0
QMAR.US,5,20251128,174000,32.62,32.625,32.62,32.625,947,0
QMAR.US,5,20251128,175000,32.61,32.61,32.61,32.61,100,0
QMAR.US,5,20251128,180000,32.645,32.645,32.645,32.645,140,0
QMAR.US,5,20251128,184000,32.62,32.65,32.61,32.62,3570,0
QMAR.US,5,20251128,185000,32.645,32.645,32.63,32.63,1001,0
QMAR.US,5,20251128,185500,32.635,32.635,32.635,32.635,598,0
QMAR.US,5,20251201,154000,32.5711,32.5711,32.5711,32.5711,228,0
QMAR.US,5,20251201,155500,32.61,32.61,32.61,32.61,100,0
QMAR.US,5,20251201,164000,32.6151,32.6151,32.6151,32.6151,226,0
QMAR.US,5,20251201,170500,32.6395,32.6395,32.6395,32.6395,325,0
QMAR.US,5,20251201,171500,32.62,32.62,32.62,32.62,100,0
QMAR.US,5,20251201,175000,32.64,32.64,32.64,32.64,200,0
QMAR.US,5,20251201,181000,32.649,32.649,32.64,32.64,290,0
QMAR.US,5,20251201,181500,32.64,32.64,32.64,32.64,100,0
QMAR.US,5,20251201,182500,32.65,32.65,32.645,32.645,300,0
QMAR.US,5,20251201,184000,32.65,32.65,32.65,32.65,100,0
QMAR.US,5,20251201,200500,32.68,32.68,32.68,32.68,457,0
QMAR.US,5,20251201,212000,32.6338,32.6338,32.6338,32.6338,5853,0
QMAR.US,5,20251201,212500,32.62,32.62,32.62,32.62,187,0
QMAR.US,5,20251202,173000,32.64,32.64,32.64,32.64,200,0
QMAR.US,5,20251202,174000,32.66,32.66,32.66,32.66,200,0
QMAR.US,5,20251202,175500,32.66,32.66,32.66,32.66,100,0
QMAR.US,5,20251202,183500,32.69,32.69,32.69,32.69,100,0
QMAR.US,5,20251202,190000,32.6759,32.6759,32.6759,32.6759,578,0
QMAR.US,5,20251202,194500,32.6701,32.6701,32.6701,32.6701,310,0
QMAR.US,5,20251202,203000,32.7162,32.7162,32.702,32.702,792,0
QMAR.US,5,20251202,210000,32.7,32.7,32.69,32.69,7332,0
QMAR.US,5,20251202,214500,32.6901,32.6901,32.6901,32.6901,195,0
QMAR.US,5,20251202,215000,32.7,32.7,32.7,32.7,100,0
QMAR.US,5,20251203,161000,32.68,32.68,32.68,32.68,100,0
QMAR.US,5,20251203,170000,32.6994,32.6994,32.6994,32.6994,199,0
QMAR.US,5,20251203,175500,32.7,32.7,32.7,32.7,419,0
QMAR.US,5,20251203,180000,32.7,32.7,32.7,32.7,100,0
QMAR.US,5,20251203,182500,32.71,32.71,32.71,32.71,100,0
QMAR.US,5,20251203,184000,32.71,32.71,32.71,32.71,100,0
QMAR.US,5,20251203,204500,32.72,32.72,32.72,32.72,100,0
QMAR.US,5,20251203,215500,32.724,32.724,32.724,32.724,400,0
QMAR.US,5,20251204,160000,32.7,32.7,32.7,32.7,100,0
QMAR.US,5,20251204,164500,32.71,32.71,32.71,32.71,100,0
QMAR.US,5,20251204,171000,32.7118,32.72,32.7118,32.72,2735,0
QMAR.US,5,20251204,172000,32.71,32.71,32.71,32.71,300,0
QMAR.US,5,20251204,173000,32.705,32.705,32.705,32.705,100,0
QMAR.US,5,20251204,173500,32.71,32.71,32.71,32.71,100,0
QMAR.US,5,20251204,180500,32.72,32.72,32.72,32.72,100,0
QMAR.US,5,20251204,182000,32.71,32.71,32.71,32.71,100,0
QMAR.US,5,20251204,203000,32.7,32.7,32.7,32.7,100,0
QMAR.US,5,20251204,203500,32.715059,32.715059,32.715059,32.715059,400,0
QMAR.US,5,20251204,204500,32.715,32.715,32.715,32.715,100,0
QMAR.US,5,20251204,212000,32.71,32.71,32.71,32.71,100,0
QMAR.US,5,20251204,214000,32.71,32.72,32.71,32.72,205,0
QMAR.US,5,20251204,215000,32.72,32.72,32.72,32.72,100,0
QMAR.US,5,20251204,215500,32.73,32.73,32.72,32.72,1337,0
QMAR.US,5,20251205,155000,32.77,32.77,32.77,32.77,100,0
QMAR.US,5,20251205,162500,32.8,32.84,32.7999,32.84,2389,0
QMAR.US,5,20251205,164500,32.79,32.79,32.79,32.79,100,0
QMAR.US,5,20251205,180000,32.772,32.772,32.772,32.772,1011,0
QMAR.US,5,20251205,182500,32.77,32.77,32.77,32.77,300,0
QMAR.US,5,20251205,193000,32.77,32.77,32.77,32.77,296,0
QMAR.US,5,20251205,200500,32.77,32.77,32.7609,32.762,1173,0
QMAR.US,5,20251205,201500,32.76,32.76,32.76,32.76,100,0
QMAR.US,5,20251205,205500,32.765,32.765,32.765,32.765,200,0
QMAR.US,5,20251205,210500,32.76,32.76,32.76,32.76,100,0
QMAR.US,5,20251205,212500,32.772,32.772,32.772,32.772,106,0
QMAR.US,5,20251205,213500,32.76,32.76,32.76,32.76,100,0
QMAR.US,5,20251205,215500,32.77,32.77,32.77,32.77,114,0
QMAR.US,5,20251208,155000,32.78,32.78,32.78,32.78,100,0
QMAR.US,5,20251208,165500,32.766,32.766,32.7501,32.7501,249,0
QMAR.US,5,20251208,171000,32.76,32.76,32.76,32.76,100,0
QMAR.US,5,20251208,180000,32.75,32.75,32.75,32.75,100,0
QMAR.US,5,20251208,184000,32.75,32.75,32.75,32.75,100,0
QMAR.US,5,20251208,185500,32.76,32.77,32.76,32.77,392,0
QMAR.US,5,20251208,191000,32.765,32.765,32.765,32.765,100,0
QMAR.US,5,20251208,193000,32.7569,32.7569,32.7569,32.7569,427,0
QMAR.US,5,20251208,200000,32.762,32.762,32.74,32.74,800,0
QMAR.US,5,20251208,201500,32.74,32.74,32.74,32.74,100,0
QMAR.US,5,20251208,205000,32.7574,32.7574,32.7574,32.7574,230,0
QMAR.US,5,20251208,210500,32.76,32.76,32.76,32.76,142,0
QMAR.US,5,20251208,215500,32.76,32.76,32.76,32.76,200,0
QMAR.US,5,20251209,153500,32.79,32.79,32.7899,32.7899,1144,0
QMAR.US,5,20251209,165500,32.77,32.77,32.77,32.77,100,0
QMAR.US,5,20251209,171500,32.78,32.78,32.78,32.78,100,0
QMAR.US,5,20251209,173000,32.775,32.78,32.775,32.78,1016,0
QMAR.US,5,20251209,195000,32.7855,32.79,32.7855,32.79,356,0
QMAR.US,5,20251209,200500,32.79,32.79,32.79,32.79,100,0
QMAR.US,5,20251209,202500,32.82,32.82,32.82,32.82,142,0
QMAR.US,5,20251209,204000,32.8199,32.8199,32.8199,32.8199,171,0
QMAR.US,5,20251209,205000,32.78,32.78,32.78,32.78,100,0
QMAR.US,5,20251209,212500,32.79,32.79,32.7802,32.7802,451,0
QMAR.US,5,20251209,215500,32.81,32.81,32.81,32.81,100,0
QMAR.US,5,20251210,160500,32.793,32.793,32.793,32.793,275,0
QMAR.US,5,20251210,164500,32.76,32.7601,32.76,32.76,3700,0
QMAR.US,5,20251210,171500,32.77,32.8,32.77,32.78,500,0
QMAR.US,5,20251210,181000,32.785,32.785,32.785,32.785,134,0
QMAR.US,5,20251210,183500,32.7898,32.7898,32.7898,32.7898,237,0
QMAR.US,5,20251210,190500,32.8025,32.8025,32.8025,32.8025,139,0
QMAR.US,5,20251210,195000,32.792,32.792,32.792,32.792,318,0
QMAR.US,5,20251210,202000,32.8,32.8001,32.8,32.8001,888,0
QMAR.US,5,20251210,203500,32.84,32.84,32.84,32.84,200,0
QMAR.US,5,20251210,204000,32.79,32.79,32.79,32.79,100,0
QMAR.US,5,20251210,205000,32.85,32.85,32.85,32.85,200,0
QMAR.US,5,20251210,211500,32.83,32.83,32.83,32.83,100,0
QMAR.US,5,20251210,213500,32.8586,32.8586,32.8586,32.8586,229,0
QMAR.US,5,20251210,215500,32.82,32.82,32.82,32.82,102,0
QMAR.US,5,20251211,153000,32.84,32.84,32.84,32.84,1512,0
QMAR.US,5,20251211,161500,32.81,32.81,32.81,32.81,500,0
QMAR.US,5,20251211,175500,32.8246,32.8246,32.8246,32.8246,100,0
QMAR.US,5,20251211,183000,32.835,32.835,32.83,32.8301,794,0
QMAR.US,5,20251211,190500,32.84,32.84,32.84,32.84,200,0
QMAR.US,5,20251211,193500,32.85,32.85,32.85,32.85,500,0
QMAR.US,5,20251211,201000,32.8407,32.8407,32.8407,32.8407,270,0
QMAR.US,5,20251211,214500,32.83,32.83,32.83,32.83,100,0
QMAR.US,5,20251211,215500,32.84,32.84,32.84,32.84,125,0
QMAR.US,5,20251212,164500,32.79,32.79,32.79,32.79,100,0
QMAR.US,5,20251212,165500,32.78,32.78,32.78,32.78,100,0
QMAR.US,5,20251212,170000,32.7458,32.7458,32.7458,32.7458,572,0
QMAR.US,5,20251212,170500,32.75,32.75,32.75,32.75,100,0
QMAR.US,5,20251212,171000,32.74,32.74,32.74,32.74,100,0
QMAR.US,5,20251212,174500,32.7289,32.7289,32.7289,32.7289,809,0
QMAR.US,5,20251212,181000,32.75,32.75,32.75,32.75,100,0
QMAR.US,5,20251212,181500,32.7468,32.76,32.7468,32.76,316,0
QMAR.US,5,20251212,184500,32.76,32.76,32.76,32.76,100,0
QMAR.US,5,20251212,185500,32.765,32.765,32.765,32.765,350,0
QMAR.US,5,20251212,191000,32.76,32.77,32.76,32.77,200,0
QMAR.US,5,20251212,191500,32.7751,32.7751,32.7751,32.7751,904,0
QMAR.US,5,20251212,192000,32.78,32.78,32.78,32.78,200,0
QMAR.US,5,20251212,194000,32.78,32.78,32.78,32.78,100,0
QMAR.US,5,20251212,201000,32.76,32.76,32.76,32.76,100,0
QMAR.US,5,20251212,203000,32.7496,32.7496,32.7496,32.7496,154,0
QMAR.US,5,20251215,154500,32.7775,32.795,32.7775,32.795,802,0
QMAR.US,5,20251215,155500,32.79,32.79,32.79,32.79,550,0
QMAR.US,5,20251215,160000,32.75,32.75,32.75,32.75,100,0
QMAR.US,5,20251215,163000,32.74,32.74,32.74,32.74,100,0
QMAR.US,5,20251215,164000,32.76,32.76,32.76,32.76,100,0
QMAR.US,5,20251215,165500,32.74,32.74,32.74,32.74,100,0
QMAR.US,5,20251215,171500,32.77,32.77,32.77,32.77,1360,0
QMAR.US,5,20251215,194500,32.77,32.77,32.77,32.77,200,0
QMAR.US,5,20251215,195500,32.78,32.78,32.78,32.78,200,0
QMAR.US,5,20251215,200000,32.77,32.78,32.77,32.7701,500,0
QMAR.US,5,20251215,200500,32.76,32.76,32.76,32.76,100,0
QMAR.US,5,20251215,201500,32.76,32.78,32.76,32.78,1500,0
QMAR.US,5,20251215,202500,32.77,32.77,32.76,32.77,3143,0
QMAR.US,5,20251215,203000,32.7713,32.7713,32.7713,32.7713,700,0
QMAR.US,5,20251215,203500,32.76,32.76,32.76,32.76,100,0
QMAR.US,5,20251215,205000,32.76,32.7601,32.76,32.7601,200,0
QMAR.US,5,20251215,210500,32.79,32.79,32.76,32.762,2500,0
QMAR.US,5,20251215,213500,32.7584,32.7584,32.7584,32.7584,190,0
QMAR.US,5,20251215,215000,32.745,32.77,32.745,32.77,400,0
QMAR.US,5,20251215,215500,32.74,32.77,32.73,32.76,2053,0
QMAR.US,5,20251216,162000,32.74,32.74,32.74,32.74,100,0
QMAR.US,5,20251216,164500,32.76,32.76,32.7306,32.74,488,0
QMAR.US,5,20251216,172500,32.73,32.73,32.73,32.73,100,0
QMAR.US,5,20251216,173000,32.72,32.72,32.72,32.72,500,0
QMAR.US,5,20251216,174500,32.73,32.73,32.73,32.73,100,0
QMAR.US,5,20251216,175500,32.78,32.78,32.78,32.78,300,0
QMAR.US,5,20251216,180500,32.76,32.76,32.76,32.76,100,0
QMAR.US,5,20251216,195000,32.7601,32.78,32.7601,32.78,1200,0
QMAR.US,5,20251216,200000,32.77,32.77,32.77,32.77,100,0
QMAR.US,5,20251216,205000,32.8,32.8,32.8,32.8,100,0
QMAR.US,5,20251216,211000,32.78,32.78,32.78,32.78,100,0
QMAR.US,5,20251216,212000,32.791,32.791,32.791,32.791,1150,0
QMAR.US,5,20251216,213000,32.83,32.83,32.83,32.83,300,0
QMAR.US,5,20251216,214500,32.79,32.79,32.79,32.79,100,0
QMAR.US,5,20251217,153500,32.8,32.8,32.8,32.8,1700,0
QMAR.US,5,20251217,154500,32.78,32.78,32.78,32.78,100,0
QMAR.US,5,20251217,155000,32.77,32.77,32.77,32.77,100,0
QMAR.US,5,20251217,160500,32.7973,32.7973,32.7973,32.7973,100,0
QMAR.US,5,20251217,161000,32.79,32.79,32.79,32.79,200,0
QMAR.US,5,20251217,161500,32.78,32.78,32.78,32.78,100,0
QMAR.US,5,20251217,162000,32.8,32.8,32.8,32.8,700,0
QMAR.US,5,20251217,163000,32.7926,32.7926,32.79,32.79,314,0
QMAR.US,5,20251217,165000,32.74,32.74,32.74,32.74,100,0
QMAR.US,5,20251217,170500,32.73,32.73,32.73,32.73,100,0
QMAR.US,5,20251217,171000,32.72,32.72,32.72,32.72,200,0
QMAR.US,5,20251217,172000,32.7271,32.7271,32.72,32.72,705,0
QMAR.US,5,20251217,173500,32.71,32.71,32.71,32.71,100,0
QMAR.US,5,20251217,174500,32.7,32.7,32.7,32.7,100,0
QMAR.US,5,20251217,182000,32.71,32.71,32.71,32.71,196,0
QMAR.US,5,20251217,184000,32.7126,32.7126,32.7126,32.7126,106,0
QMAR.US,5,20251217,184500,32.7,32.7,32.7,32.7,303,0
QMAR.US,5,20251217,185500,32.7,32.7,32.7,32.7,100,0
QMAR.US,5,20251217,191000,32.71,32.71,32.71,32.71,700,0
QMAR.US,5,20251217,192000,32.6902,32.6902,32.6902,32.6902,262,0
QMAR.US,5,20251217,193500,32.7,32.7,32.69,32.69,572,0
QMAR.US,5,20251217,194000,32.68,32.68,32.68,32.68,200,0
QMAR.US,5,20251217,194500,32.67,32.69,32.67,32.69,625,0
QMAR.US,5,20251217,200000,32.67,32.69,32.67,32.69,3606,0
QMAR.US,5,20251217,201500,32.67,32.67,32.67,32.67,100,0
QMAR.US,5,20251217,202000,32.7,32.7,32.7,32.7,100,0
QMAR.US,5,20251217,203000,32.67,32.67,32.67,32.67,100,0
QMAR.US,5,20251217,204000,32.7,32.7,32.7,32.7,600,0
QMAR.US,5,20251217,205500,32.68,32.68,32.68,32.68,100,0
QMAR.US,5,20251217,210500,32.67,32.67,32.67,32.67,100,0
QMAR.US,5,20251217,213000,32.67,32.67,32.67,32.67,100,0
QMAR.US,5,20251217,215000,32.66,32.66,32.66,32.66,100,0
QMAR.US,5,20251217,215500,32.67,32.67,32.67,32.67,200,0
QMAR.US,5,20251218,162000,32.77,32.77,32.77,32.77,2377,0
QMAR.US,5,20251218,162500,32.8,32.8,32.8,32.8,100,0
QMAR.US,5,20251218,163500,32.79,32.79,32.79,32.79,287,0
QMAR.US,5,20251218,164000,32.8,32.8,32.8,32.8,100,0
QMAR.US,5,20251218,170500,32.8,32.8001,32.8,32.8,1000,0
QMAR.US,5,20251218,172000,32.8,32.8,32.8,32.8,100,0
QMAR.US,5,20251218,182000,32.7401,32.7401,32.74,32.74,278,0
QMAR.US,5,20251218,183000,32.78,32.78,32.78,32.78,300,0
QMAR.US,5,20251218,185000,32.77,32.77,32.77,32.77,100,0
QMAR.US,5,20251218,192500,32.79,32.816,32.781,32.816,1464,0
QMAR.US,5,20251218,193500,32.81,32.81,32.81,32.81,100,0
QMAR.US,5,20251218,194500,32.79,32.79,32.79,32.79,100,0
QMAR.US,5,20251218,201000,32.8,32.8,32.8,32.8,300,0
QMAR.US,5,20251218,202500,32.77,32.77,32.77,32.77,100,0
QMAR.US,5,20251218,210500,32.77,32.8,32.76,32.7601,1338,0
QMAR.US,5,20251218,212000,32.77,32.77,32.77,32.77,100,0
QMAR.US,5,20251218,213000,32.7942,32.7942,32.7942,32.7942,138,0
QMAR.US,5,20251218,214000,32.78,32.78,32.78,32.78,100,0
QMAR.US,5,20251218,215500,32.77,32.8,32.77,32.8,322,0
QMAR.US,5,20251219,160000,32.87,32.8943,32.87,32.8943,405,0
QMAR.US,5,20251219,164500,32.865,32.865,32.865,32.865,1500,0
QMAR.US,5,20251219,170500,32.86,32.86,32.86,32.86,163,0
QMAR.US,5,20251219,171000,32.88,32.88,32.88,32.88,400,0
QMAR.US,5,20251219,172500,32.86,32.86,32.86,32.86,100,0
QMAR.US,5,20251219,181500,32.89,32.89,32.89,32.89,200,0
QMAR.US,5,20251219,182500,32.86,32.86,32.86,32.86,100,0
QMAR.US,5,20251219,202000,32.88,32.88,32.88,32.88,540,0
QMAR.US,5,20251219,203500,32.88,32.9,32.88,32.88,600,0
QMAR.US,5,20251219,212000,32.8703,32.9,32.8703,32.9,4860,0
QMAR.US,5,20251219,212500,32.9,32.9,32.9,32.9,100,0
QMAR.US,5,20251222,155500,32.94,32.9401,32.94,32.9401,5200,0
QMAR.US,5,20251222,160500,32.9597,32.9597,32.9597,32.9597,179,0
QMAR.US,5,20251222,164000,32.94,32.94,32.94,32.94,600,0
QMAR.US,5,20251222,165000,32.93,32.93,32.93,32.93,100,0
QMAR.US,5,20251222,171000,32.95,32.95,32.95,32.95,300,0
QMAR.US,5,20251222,173500,32.9307,32.9307,32.9307,32.9307,2300,0
QMAR.US,5,20251222,182000,32.95,32.95,32.95,32.95,100,0
QMAR.US,5,20251222,183000,32.94,32.94,32.94,32.94,100,0
QMAR.US,5,20251222,184000,32.94,32.95,32.94,32.95,400,0
QMAR.US,5,20251222,185000,32.94,32.94,32.94,32.94,100,0
QMAR.US,5,20251222,195500,32.95,32.95,32.95,32.95,400,0
QMAR.US,5,20251222,200000,32.95,32.95,32.94,32.94,40813,0
QMAR.US,5,20251222,203500,32.9564,32.9564,32.9564,32.9564,181,0
QMAR.US,5,20251222,205000,32.948774,32.948774,32.948774,32.948774,1007,0
QMAR.US,5,20251222,211500,32.94,32.94,32.94,32.94,100,0
QMAR.US,5,20251222,214000,32.9699,32.9699,32.955,32.955,1200,0
QMAR.US,5,20251222,214500,32.95,32.96,32.95,32.96,600,0
QMAR.US,5,20251222,215000,32.96,32.99,32.96,32.97,1422,0
QMAR.US,5,20251222,215500,32.97,32.98,32.94,32.98,18868,0
