<TICKER>,<PER>,<DATE>,<TIME>,<OPEN>,<HIGH>,<LOW>,<CLOSE>,<VOL>,<OPENINT>
JZ.US,5,20250728,153000,1.71,1.71,1.71,1.71,100,0
JZ.US,5,20250728,153500,1.684,1.684,1.684,1.684,100,0
JZ.US,5,20250728,154500,1.69,1.69,1.69,1.69,200,0
JZ.US,5,20250728,155000,1.69,1.69,1.69,1.69,152,0
JZ.US,5,20250728,161500,1.69,1.69,1.69,1.69,648,0
JZ.US,5,20250728,162000,1.7,1.7,1.69,1.69,1164,0
JZ.US,5,20250728,162500,1.69,1.69,1.69,1.69,914,0
JZ.US,5,20250728,163000,1.7,1.7,1.7,1.7,750,0
JZ.US,5,20250728,164500,1.7,1.7,1.6906,1.6906,223,0
JZ.US,5,20250728,165000,1.69,1.69,1.69,1.69,600,0
JZ.US,5,20250728,170000,1.68,1.7,1.67,1.67,5717,0
JZ.US,5,20250728,171000,1.6501,1.6501,1.6501,1.6501,189,0
JZ.US,5,20250728,172000,1.6999,1.6999,1.6999,1.6999,200,0
JZ.US,5,20250728,181000,1.6831,1.75,1.6831,1.75,8464,0
JZ.US,5,20250728,184500,1.74,1.74,1.74,1.74,100,0
JZ.US,5,20250728,185500,1.7344,1.7344,1.7344,1.7344,4079,0
JZ.US,5,20250728,190000,1.75,1.75,1.75,1.75,601,0
JZ.US,5,20250728,201500,1.74,1.74,1.74,1.74,500,0
JZ.US,5,20250728,210500,1.7399,1.79,1.729,1.73,2802,0
JZ.US,5,20250728,215000,1.76,1.76,1.76,1.76,100,0
JZ.US,5,20250729,155000,1.75,1.75,1.74,1.74,400,0
JZ.US,5,20250729,155500,1.73,1.73,1.73,1.73,100,0
JZ.US,5,20250729,162000,1.7298,1.7298,1.7298,1.7298,200,0
JZ.US,5,20250729,164500,1.71,1.7101,1.69,1.69,1245,0
JZ.US,5,20250729,170500,1.7004,1.7004,1.7004,1.7004,400,0
JZ.US,5,20250729,171500,1.69,1.7099,1.69,1.7099,700,0
JZ.US,5,20250729,172000,1.68,1.71,1.68,1.71,1330,0
JZ.US,5,20250729,173000,1.68,1.68,1.68,1.68,200,0
JZ.US,5,20250729,192500,1.68,1.68,1.68,1.68,100,0
JZ.US,5,20250729,193000,1.675,1.675,1.675,1.675,500,0
JZ.US,5,20250729,210500,1.6989,1.7,1.6989,1.7,660,0
JZ.US,5,20250729,211000,1.69,1.7,1.685,1.685,540,0
JZ.US,5,20250729,215500,1.67,1.67,1.65,1.65,817,0
JZ.US,5,20250730,153000,1.69,1.69,1.69,1.69,100,0
JZ.US,5,20250730,155000,1.66,1.66,1.6572,1.6572,725,0
JZ.US,5,20250730,161000,1.67,1.7,1.67,1.7,6000,0
JZ.US,5,20250730,161500,1.71,1.72,1.7,1.7,1776,0
JZ.US,5,20250730,162000,1.69,1.69,1.69,1.69,200,0
JZ.US,5,20250730,163500,1.69,1.72,1.69,1.72,2500,0
JZ.US,5,20250730,165000,1.681,1.681,1.681,1.681,200,0
JZ.US,5,20250730,165500,1.695,1.695,1.695,1.695,136,0
JZ.US,5,20250730,175000,1.68,1.68,1.68,1.68,200,0
JZ.US,5,20250730,180500,1.68,1.68,1.68,1.68,100,0
JZ.US,5,20250730,185000,1.69,1.69,1.69,1.69,100,0
JZ.US,5,20250730,190500,1.69,1.69,1.69,1.69,118,0
JZ.US,5,20250730,202500,1.7,1.7,1.7,1.7,100,0
JZ.US,5,20250730,211000,1.685,1.685,1.66,1.66,308,0
JZ.US,5,20250730,212000,1.66,1.66,1.66,1.66,251,0
JZ.US,5,20250730,213000,1.67,1.6899,1.6552,1.6882,1871,0
JZ.US,5,20250730,213500,1.69,1.69,1.68,1.68,200,0
JZ.US,5,20250730,214000,1.67,1.67,1.67,1.67,100,0
JZ.US,5,20250730,215500,1.66,1.66,1.66,1.66,200,0
JZ.US,5,20250731,160000,1.65,1.65,1.64,1.64,973,0
JZ.US,5,20250731,160500,1.635,1.635,1.635,1.635,300,0
JZ.US,5,20250731,161500,1.6054,1.6054,1.6054,1.6054,200,0
JZ.US,5,20250731,163000,1.635,1.635,1.635,1.635,105,0
JZ.US,5,20250731,164500,1.608837,1.608837,1.608837,1.608837,100,0
JZ.US,5,20250731,171500,1.6421,1.6421,1.63,1.63,400,0
JZ.US,5,20250731,174500,1.66,1.66,1.66,1.66,100,0
JZ.US,5,20250801,154500,1.6148,1.6148,1.6,1.6,1319,0
JZ.US,5,20250801,160000,1.61,1.61,1.61,1.61,600,0
JZ.US,5,20250801,161500,1.6164,1.6164,1.61,1.61,500,0
JZ.US,5,20250801,162000,1.61,1.61,1.59,1.6,23159,0
JZ.US,5,20250801,165000,1.555,1.56,1.555,1.56,1600,0
JZ.US,5,20250801,165500,1.565,1.565,1.565,1.565,120,0
JZ.US,5,20250801,184500,1.55,1.55,1.55,1.55,600,0
JZ.US,5,20250801,190000,1.535,1.535,1.535,1.535,253,0
JZ.US,5,20250801,190500,1.54,1.54,1.54,1.54,300,0
JZ.US,5,20250801,193500,1.54,1.54,1.54,1.54,100,0
JZ.US,5,20250801,205500,1.5404,1.55,1.54,1.54,3511,0
JZ.US,5,20250801,213500,1.5356,1.5356,1.53,1.53,842,0
JZ.US,5,20250801,215000,1.52,1.555,1.51,1.5321,1722,0
JZ.US,5,20250801,215500,1.51,1.5526,1.51,1.54,1824,0
JZ.US,5,20250804,153000,1.55,1.55,1.55,1.55,485,0
JZ.US,5,20250804,153500,1.5481,1.5481,1.51,1.51,4452,0
JZ.US,5,20250804,154000,1.5001,1.5001,1.5,1.5,13678,0
JZ.US,5,20250804,154500,1.4981,1.4981,1.4981,1.4981,1000,0
JZ.US,5,20250804,160000,1.49,1.49,1.49,1.49,126,0
JZ.US,5,20250804,160500,1.48,1.48,1.48,1.48,100,0
JZ.US,5,20250804,162500,1.4997,1.4997,1.4997,1.4997,1000,0
JZ.US,5,20250804,163000,1.4999,1.4999,1.4999,1.4999,100,0
JZ.US,5,20250804,163500,1.485,1.485,1.485,1.485,250,0
JZ.US,5,20250804,165500,1.5,1.5,1.5,1.5,1000,0
JZ.US,5,20250804,170000,1.4989,1.4989,1.4989,1.4989,400,0
JZ.US,5,20250804,171500,1.5,1.5,1.5,1.5,906,0
JZ.US,5,20250804,172000,1.51,1.53,1.51,1.53,2354,0
JZ.US,5,20250804,191000,1.53,1.53,1.53,1.53,100,0
JZ.US,5,20250804,202000,1.53,1.53,1.53,1.53,130,0
JZ.US,5,20250804,212500,1.5,1.5,1.5,1.5,1200,0
JZ.US,5,20250804,215500,1.5,1.5,1.5,1.5,134,0
JZ.US,5,20250805,153000,1.52,1.52,1.5,1.5,852,0
JZ.US,5,20250805,155000,1.48,1.48,1.48,1.48,100,0
JZ.US,5,20250805,155500,1.4701,1.4701,1.4701,1.4701,4000,0
JZ.US,5,20250805,160500,1.47,1.47,1.47,1.47,200,0
JZ.US,5,20250805,162500,1.4788,1.55,1.4788,1.55,14050,0
JZ.US,5,20250805,163000,1.56,1.6,1.55,1.6,3783,0
JZ.US,5,20250805,163500,1.5,1.5,1.49,1.49,2000,0
JZ.US,5,20250805,164000,1.5599,1.5599,1.52,1.5308,3000,0
JZ.US,5,20250805,165500,1.5596,1.5596,1.5596,1.5596,1000,0
JZ.US,5,20250805,182000,1.48,1.48,1.48,1.48,2000,0
JZ.US,5,20250805,184500,1.4803,1.4803,1.4803,1.4803,120,0
JZ.US,5,20250805,193000,1.4801,1.49,1.4801,1.49,600,0
JZ.US,5,20250805,203500,1.49,1.49,1.49,1.49,200,0
JZ.US,5,20250805,213500,1.487,1.487,1.487,1.487,650,0
JZ.US,5,20250805,214500,1.48,1.48,1.48,1.48,324,0
JZ.US,5,20250805,215500,1.49,1.49,1.49,1.49,100,0
JZ.US,5,20250806,153000,1.58,1.58,1.58,1.58,102,0
JZ.US,5,20250806,155500,1.5,1.5001,1.49,1.49,1800,0
JZ.US,5,20250806,160000,1.4897,1.4897,1.48,1.4801,1636,0
JZ.US,5,20250806,163000,1.47,1.47,1.47,1.47,100,0
JZ.US,5,20250806,171000,1.4672,1.4672,1.4672,1.4672,200,0
JZ.US,5,20250806,173000,1.4501,1.4501,1.4501,1.4501,116,0
JZ.US,5,20250806,175000,1.49,1.49,1.49,1.49,123,0
JZ.US,5,20250806,203500,1.5,1.5,1.5,1.5,100,0
JZ.US,5,20250806,204500,1.44,1.44,1.44,1.44,128,0
JZ.US,5,20250806,205000,1.45,1.45,1.45,1.45,369,0
JZ.US,5,20250806,205500,1.45,1.45,1.4401,1.4401,819,0
JZ.US,5,20250807,154000,1.485,1.485,1.485,1.485,101,0
JZ.US,5,20250807,160500,1.49,1.49,1.49,1.49,307,0
JZ.US,5,20250807,161500,1.5,1.51,1.5,1.51,1529,0
JZ.US,5,20250807,170000,1.46,1.5,1.46,1.5,321,0
JZ.US,5,20250807,170500,1.5,1.5,1.5,1.5,133,0
JZ.US,5,20250807,172000,1.4978,1.4978,1.4978,1.4978,500,0
JZ.US,5,20250807,173000,1.5,1.5,1.5,1.5,100,0
JZ.US,5,20250807,193500,1.5,1.5,1.46,1.46,4316,0
JZ.US,5,20250807,205500,1.485,1.5,1.485,1.5,300,0
JZ.US,5,20250807,215000,1.51,1.51,1.51,1.51,205,0
JZ.US,5,20250808,172500,1.4899,1.4899,1.45,1.45,419,0
JZ.US,5,20250808,173000,1.4807,1.4807,1.44,1.44,487,0
JZ.US,5,20250808,173500,1.4812,1.4812,1.44,1.44,378,0
JZ.US,5,20250808,183500,1.43,1.43,1.43,1.43,225,0
JZ.US,5,20250811,153000,1.43,1.43,1.43,1.43,273,0
JZ.US,5,20250811,161500,1.41,1.41,1.41,1.41,290,0
JZ.US,5,20250811,163000,1.4,1.4,1.34,1.34,1190,0
JZ.US,5,20250811,171000,1.39,1.4,1.38,1.38,374,0
JZ.US,5,20250811,172000,1.4,1.4,1.4,1.4,641,0
JZ.US,5,20250811,174000,1.4008,1.4008,1.4008,1.4008,600,0
JZ.US,5,20250811,180000,1.43,1.43,1.43,1.43,100,0
JZ.US,5,20250811,180500,1.44,1.44,1.44,1.44,300,0
JZ.US,5,20250811,212500,1.41,1.455,1.41,1.455,290,0
JZ.US,5,20250812,153000,1.4866,1.4866,1.4866,1.4866,260,0
JZ.US,5,20250812,160500,1.46,1.46,1.46,1.46,100,0
JZ.US,5,20250812,162500,1.47,1.47,1.47,1.47,131,0
JZ.US,5,20250812,173000,1.46,1.46,1.46,1.46,102,0
JZ.US,5,20250812,183500,1.4302,1.4302,1.4302,1.4302,2500,0
JZ.US,5,20250813,155500,1.43,1.46,1.41,1.41,422,0
JZ.US,5,20250813,160000,1.45,1.45,1.45,1.45,100,0
JZ.US,5,20250813,164500,1.4,1.4,1.4,1.4,300,0
JZ.US,5,20250813,165000,1.4,1.4,1.4,1.4,200,0
JZ.US,5,20250813,165500,1.4,1.4,1.4,1.4,500,0
JZ.US,5,20250813,170000,1.4,1.4,1.4,1.4,200,0
JZ.US,5,20250813,170500,1.4,1.4,1.4,1.4,233,0
JZ.US,5,20250813,171000,1.4,1.4,1.4,1.4,973,0
JZ.US,5,20250813,171500,1.4,1.4,1.4,1.4,200,0
JZ.US,5,20250813,172000,1.4,1.4,1.4,1.4,500,0
JZ.US,5,20250813,172500,1.4,1.4,1.4,1.4,475,0
JZ.US,5,20250813,173000,1.4,1.4,1.4,1.4,300,0
JZ.US,5,20250813,173500,1.4,1.4,1.34,1.34,17129,0
JZ.US,5,20250813,174500,1.3,1.3,1.3,1.3,100,0
JZ.US,5,20250813,175500,1.4352,1.4352,1.4352,1.4352,200,0
JZ.US,5,20250813,182500,1.3947,1.3947,1.3947,1.3947,300,0
JZ.US,5,20250813,190000,1.39,1.39,1.39,1.39,100,0
JZ.US,5,20250813,193000,1.3925,1.3925,1.3925,1.3925,160,0
JZ.US,5,20250813,195500,1.405,1.4966,1.405,1.4966,7937,0
JZ.US,5,20250813,200000,1.5,1.5,1.49,1.49,2400,0
JZ.US,5,20250813,200500,1.5,1.5,1.5,1.5,400,0
JZ.US,5,20250813,213500,1.48,1.5402,1.48,1.5402,5133,0
JZ.US,5,20250813,214000,1.57,1.57,1.57,1.57,500,0
JZ.US,5,20250814,153000,1.54,1.55,1.535,1.535,1361,0
JZ.US,5,20250814,155000,1.55,1.55,1.55,1.55,108,0
JZ.US,5,20250814,155500,1.58,1.59,1.58,1.59,928,0
JZ.US,5,20250814,160500,1.58,1.6,1.58,1.6,1710,0
JZ.US,5,20250814,162000,1.6,1.6,1.59,1.59,1049,0
JZ.US,5,20250814,163500,1.6,1.6,1.6,1.6,371,0
JZ.US,5,20250814,164000,1.61,1.61,1.61,1.61,694,0
JZ.US,5,20250814,164500,1.61,1.61,1.61,1.61,1000,0
JZ.US,5,20250814,165000,1.6099,1.6099,1.6062,1.6062,2250,0
JZ.US,5,20250814,170500,1.61,1.61,1.61,1.61,458,0
JZ.US,5,20250814,173500,1.5871,1.5871,1.5871,1.5871,1000,0
JZ.US,5,20250814,175000,1.58,1.58,1.58,1.58,300,0
JZ.US,5,20250814,175500,1.58,1.58,1.58,1.58,500,0
JZ.US,5,20250814,181000,1.59,1.59,1.59,1.59,558,0
JZ.US,5,20250814,182000,1.574,1.574,1.574,1.574,628,0
JZ.US,5,20250814,185000,1.5603,1.5603,1.5603,1.5603,140,0
JZ.US,5,20250814,185500,1.59,1.59,1.59,1.59,140,0
JZ.US,5,20250814,192000,1.59,1.59,1.59,1.59,412,0
JZ.US,5,20250814,193500,1.5835,1.5835,1.5835,1.5835,500,0
JZ.US,5,20250814,200000,1.59,1.61,1.59,1.61,863,0
JZ.US,5,20250814,200500,1.6157,1.6157,1.6101,1.6101,1500,0
JZ.US,5,20250814,201000,1.62,1.62,1.62,1.62,525,0
JZ.US,5,20250814,203500,1.64,1.64,1.64,1.64,461,0
JZ.US,5,20250814,204000,1.65,1.65,1.65,1.65,1211,0
JZ.US,5,20250814,204500,1.65,1.6847,1.6485,1.6847,11937,0
JZ.US,5,20250814,205000,1.68,1.80909,1.68,1.80909,7839,0
JZ.US,5,20250814,205500,1.74,1.74,1.74,1.74,1657,0
JZ.US,5,20250814,210500,1.74,1.74,1.74,1.74,300,0
JZ.US,5,20250814,212000,1.72,1.72,1.705,1.7099,3585,0
JZ.US,5,20250814,212500,1.73,1.7957,1.68,1.7957,6500,0
JZ.US,5,20250814,213000,1.77,1.77,1.77,1.77,500,0
JZ.US,5,20250814,213500,1.7985,1.7985,1.7985,1.7985,1000,0
JZ.US,5,20250814,214000,1.8,1.875,1.8,1.8,5222,0
JZ.US,5,20250814,214500,1.8005,1.8005,1.8,1.8,1211,0
JZ.US,5,20250814,215000,1.8,1.85,1.79,1.85,2800,0
JZ.US,5,20250814,215500,1.85,1.85,1.84,1.84,648,0
JZ.US,5,20250815,153000,1.81,1.81168,1.81,1.81168,200,0
JZ.US,5,20250815,160500,1.76,1.78,1.76,1.78,200,0
JZ.US,5,20250815,161000,1.7564,1.7564,1.7564,1.7564,123,0
JZ.US,5,20250815,162000,1.76,1.76,1.76,1.76,200,0
JZ.US,5,20250815,162500,1.75,1.755,1.7101,1.7101,7966,0
JZ.US,5,20250815,163500,1.71,1.71,1.67,1.67,685,0
JZ.US,5,20250815,170500,1.67,1.67,1.67,1.67,426,0
JZ.US,5,20250815,172000,1.67,1.715,1.67,1.715,1415,0
JZ.US,5,20250815,174500,1.67,1.67,1.67,1.67,300,0
JZ.US,5,20250815,175000,1.68,1.7,1.68,1.7,1277,0
JZ.US,5,20250815,180500,1.68,1.68,1.68,1.68,100,0
JZ.US,5,20250815,204000,1.6999,1.71,1.695,1.71,4755,0
JZ.US,5,20250815,210500,1.7,1.7,1.7,1.7,200,0
JZ.US,5,20250815,211000,1.7,1.7,1.7,1.7,160,0
JZ.US,5,20250815,215500,1.7,1.7,1.7,1.7,585,0
JZ.US,5,20250818,153000,1.68,1.68,1.68,1.68,601,0
JZ.US,5,20250818,155500,1.68,1.68,1.68,1.68,100,0
JZ.US,5,20250818,162500,1.65,1.65,1.65,1.65,250,0
JZ.US,5,20250818,163500,1.68,1.68,1.68,1.68,1012,0
JZ.US,5,20250818,164500,1.67,1.67,1.67,1.67,855,0
JZ.US,5,20250818,165000,1.67,1.67,1.67,1.67,100,0
JZ.US,5,20250818,165500,1.6573,1.6573,1.65,1.6507,3000,0
JZ.US,5,20250818,170000,1.6507,1.6507,1.6315,1.6315,2528,0
JZ.US,5,20250818,172500,1.61,1.61,1.57,1.57,1468,0
JZ.US,5,20250818,173000,1.574,1.574,1.574,1.574,439,0
JZ.US,5,20250818,173500,1.58,1.58,1.58,1.58,100,0
JZ.US,5,20250818,174000,1.58,1.58,1.58,1.58,1000,0
JZ.US,5,20250818,183500,1.5914,1.5914,1.5914,1.5914,100,0
JZ.US,5,20250818,184500,1.63,1.63,1.63,1.63,200,0
JZ.US,5,20250818,200000,1.6284,1.6284,1.6284,1.6284,150,0
JZ.US,5,20250818,200500,1.64,1.64,1.64,1.64,735,0
JZ.US,5,20250818,213000,1.65,1.65,1.65,1.65,1283,0
JZ.US,5,20250819,153000,1.64,1.64,1.64,1.64,956,0
JZ.US,5,20250819,153500,1.64,1.64,1.64,1.64,1321,0
JZ.US,5,20250819,155000,1.6398,1.64,1.6398,1.64,500,0
JZ.US,5,20250819,162500,1.61,1.61,1.61,1.61,195,0
JZ.US,5,20250819,164500,1.63,1.63,1.63,1.63,1000,0
JZ.US,5,20250819,165500,1.63,1.63,1.63,1.63,100,0
JZ.US,5,20250819,185500,1.62,1.62,1.62,1.62,156,0
JZ.US,5,20250819,195000,1.63,1.64,1.63,1.64,800,0
JZ.US,5,20250819,215000,1.61,1.61,1.61,1.61,122,0
JZ.US,5,20250820,154500,1.6,1.6,1.6,1.6,102,0
JZ.US,5,20250820,155500,1.5801,1.595,1.5801,1.581,1500,0
JZ.US,5,20250820,160000,1.58,1.59,1.58,1.59,2154,0
JZ.US,5,20250820,182000,1.585,1.59,1.585,1.59,1165,0
JZ.US,5,20250820,215500,1.6,1.6,1.6,1.6,282,0
JZ.US,5,20250821,155000,1.58,1.58,1.57,1.58,2603,0
JZ.US,5,20250821,155500,1.58,1.58,1.58,1.58,300,0
JZ.US,5,20250821,160000,1.5798,1.5798,1.5798,1.5798,200,0
JZ.US,5,20250821,160500,1.57,1.57,1.57,1.57,100,0
JZ.US,5,20250821,161500,1.58,1.58,1.58,1.58,166,0
JZ.US,5,20250821,162000,1.59,1.59,1.59,1.59,766,0
JZ.US,5,20250821,163000,1.6,1.6,1.6,1.6,1358,0
JZ.US,5,20250821,163500,1.6274,1.6274,1.6274,1.6274,1000,0
JZ.US,5,20250821,185500,1.62,1.62,1.62,1.62,893,0
JZ.US,5,20250821,203500,1.617,1.617,1.617,1.617,500,0
JZ.US,5,20250822,175500,1.6173,1.6173,1.6173,1.6173,500,0
JZ.US,5,20250822,182500,1.61,1.61,1.6028,1.6028,500,0
JZ.US,5,20250822,185000,1.61,1.62,1.61,1.62,300,0
JZ.US,5,20250822,190000,1.62,1.62,1.62,1.62,100,0
JZ.US,5,20250822,193000,1.6104,1.6104,1.6104,1.6104,600,0
JZ.US,5,20250822,195000,1.61,1.61,1.61,1.61,262,0
JZ.US,5,20250822,215000,1.6,1.6,1.6,1.6,110,0
JZ.US,5,20250825,153000,1.61,1.61,1.55,1.55,1619,0
JZ.US,5,20250825,155000,1.55,1.55,1.55,1.55,125,0
JZ.US,5,20250825,164500,1.605,1.605,1.6,1.6,1631,0
JZ.US,5,20250825,165500,1.59,1.59,1.59,1.59,100,0
JZ.US,5,20250825,171000,1.63,1.65,1.61,1.65,3701,0
JZ.US,5,20250825,172500,1.68,1.72,1.68,1.72,1030,0
JZ.US,5,20250825,173000,1.72,1.72,1.72,1.72,500,0
JZ.US,5,20250825,173500,1.6901,1.6901,1.69,1.69,500,0
JZ.US,5,20250825,174000,1.6901,1.6901,1.6901,1.6901,174,0
JZ.US,5,20250825,184500,1.67,1.689,1.67,1.689,1000,0
JZ.US,5,20250825,193500,1.64,1.64,1.64,1.64,4167,0
JZ.US,5,20250825,205000,1.63,1.63,1.63,1.63,200,0
JZ.US,5,20250826,153500,1.6115,1.6115,1.6115,1.6115,500,0
JZ.US,5,20250827,163000,1.6316,1.6316,1.6316,1.6316,109,0
JZ.US,5,20250827,163500,1.63,1.63,1.61,1.61,878,0
JZ.US,5,20250827,180000,1.63,1.63,1.63,1.63,936,0
JZ.US,5,20250827,185000,1.63,1.63,1.63,1.63,100,0
JZ.US,5,20250827,203500,1.61,1.61,1.61,1.61,1006,0
JZ.US,5,20250828,153500,1.5798,1.58,1.55,1.58,1171,0
JZ.US,5,20250828,154000,1.58,1.58,1.58,1.58,133,0
JZ.US,5,20250828,154500,1.59,1.59,1.59,1.59,200,0
JZ.US,5,20250828,160500,1.63,1.63,1.63,1.63,1522,0
JZ.US,5,20250828,180000,1.58,1.58,1.58,1.58,200,0
JZ.US,5,20250828,184500,1.58,1.58,1.58,1.58,560,0
JZ.US,5,20250828,185000,1.619,1.619,1.619,1.619,121,0
JZ.US,5,20250828,185500,1.619,1.65,1.619,1.6496,2628,0
JZ.US,5,20250828,191000,1.63,1.65,1.63,1.65,200,0
JZ.US,5,20250828,193000,1.66,1.66,1.66,1.66,102,0
JZ.US,5,20250828,195000,1.655,1.655,1.65,1.65,600,0
JZ.US,5,20250828,195500,1.65,1.65,1.65,1.65,100,0
JZ.US,5,20250828,213500,1.6532,1.6532,1.6532,1.6532,124,0
JZ.US,5,20250828,215000,1.61,1.61,1.58,1.6,736,0
JZ.US,5,20250828,215500,1.595,1.6265,1.58,1.6265,1307,0
JZ.US,5,20250829,154500,1.6282,1.6282,1.6282,1.6282,100,0
JZ.US,5,20250829,160500,1.6,1.6,1.6,1.6,500,0
JZ.US,5,20250829,163500,1.62,1.65,1.62,1.65,3144,0
JZ.US,5,20250829,172500,1.61,1.61,1.61,1.61,100,0
JZ.US,5,20250829,194500,1.65,1.7,1.65,1.7,2529,0
JZ.US,5,20250829,214500,1.68,1.68,1.68,1.68,298,0
JZ.US,5,20250829,215000,1.67,1.67,1.67,1.67,200,0
JZ.US,5,20250902,153000,1.68,1.68,1.54,1.54,2103,0
JZ.US,5,20250902,165500,1.66,1.66,1.66,1.66,221,0
JZ.US,5,20250902,170000,1.5604,1.5604,1.5604,1.5604,226,0
JZ.US,5,20250902,174000,1.58,1.6899,1.58,1.6899,228,0
JZ.US,5,20250902,201500,1.58,1.58,1.58,1.58,100,0
JZ.US,5,20250903,162500,1.55,1.55,1.55,1.55,100,0
JZ.US,5,20250903,173000,1.581,1.581,1.581,1.581,300,0
JZ.US,5,20250903,174500,1.58,1.58,1.58,1.58,822,0
JZ.US,5,20250903,175000,1.595,1.6099,1.595,1.595,336,0
JZ.US,5,20250903,175500,1.585,1.585,1.585,1.585,336,0
JZ.US,5,20250903,214000,1.585,1.61,1.585,1.61,316,0
JZ.US,5,20250904,155500,1.5654,1.5654,1.5654,1.5654,122,0
JZ.US,5,20250904,161000,1.58,1.58,1.58,1.58,100,0
JZ.US,5,20250904,164000,1.578,1.578,1.578,1.578,500,0
JZ.US,5,20250904,165000,1.5961,1.5961,1.5961,1.5961,201,0
JZ.US,5,20250904,174500,1.5653,1.5653,1.5653,1.5653,100,0
JZ.US,5,20250904,191500,1.56,1.56,1.56,1.56,101,0
JZ.US,5,20250904,200000,1.5601,1.5601,1.5601,1.5601,800,0
JZ.US,5,20250904,205500,1.56,1.56,1.56,1.56,100,0
JZ.US,5,20250904,210000,1.56,1.57,1.56,1.57,1644,0
JZ.US,5,20250904,215500,1.54,1.54,1.54,1.54,200,0
JZ.US,5,20250905,153000,1.57,1.57,1.55,1.55,1436,0
JZ.US,5,20250905,164500,1.53,1.53,1.53,1.53,123,0
JZ.US,5,20250905,213500,1.5333,1.5333,1.5333,1.5333,250,0
JZ.US,5,20250905,215000,1.56,1.57,1.56,1.57,1400,0
JZ.US,5,20250905,215500,1.54,1.54,1.54,1.54,600,0
JZ.US,5,20250908,174000,1.55,1.57,1.55,1.57,400,0
JZ.US,5,20250908,184500,1.535,1.68,1.535,1.68,13643,0
JZ.US,5,20250908,185000,1.68,1.9799,1.68,1.8,80463,0
JZ.US,5,20250908,185500,1.8008,1.85,1.8,1.85,11904,0
JZ.US,5,20250908,190000,1.84,1.867,1.82,1.824,14392,0
JZ.US,5,20250908,190500,1.83,1.83,1.7548,1.78,5808,0
JZ.US,5,20250908,191000,1.765,1.78,1.72,1.7393,8199,0
JZ.US,5,20250908,191500,1.77,1.82,1.769,1.82,7468,0
JZ.US,5,20250908,192000,1.82,1.82,1.8,1.8,1654,0
JZ.US,5,20250908,192500,1.77,1.86,1.77,1.82,2100,0
JZ.US,5,20250908,193000,1.8,1.95,1.8,1.8,7647,0
JZ.US,5,20250908,193500,1.93,1.97,1.8499,1.92,9316,0
JZ.US,5,20250908,194000,1.92,1.92,1.8615,1.87,7650,0
JZ.US,5,20250908,194500,1.8518,1.905,1.85,1.86,3530,0
JZ.US,5,20250908,195000,1.88,1.9399,1.8617,1.8901,3149,0
JZ.US,5,20250908,195500,1.91,1.9269,1.89,1.89,591,0
JZ.US,5,20250908,200000,1.885,1.885,1.84,1.8778,1430,0
JZ.US,5,20250908,200500,1.85,1.9291,1.84,1.885,5506,0
JZ.US,5,20250908,201000,1.8502,1.8502,1.8501,1.8501,1500,0
JZ.US,5,20250908,201500,1.85,1.85,1.85,1.85,200,0
JZ.US,5,20250908,202000,1.85,1.85,1.85,1.85,200,0
JZ.US,5,20250908,202500,1.8501,1.885,1.8501,1.885,1150,0
JZ.US,5,20250908,203000,1.85,1.85,1.77,1.785,2650,0
JZ.US,5,20250908,203500,1.7998,1.7998,1.765,1.765,251,0
JZ.US,5,20250908,204000,1.779,1.83,1.779,1.83,1500,0
JZ.US,5,20250908,204500,1.73,1.76,1.72,1.76,2649,0
JZ.US,5,20250908,205500,1.79,1.79,1.79,1.79,140,0
JZ.US,5,20250908,210000,1.81,1.81,1.81,1.81,200,0
JZ.US,5,20250908,210500,1.86,2.3,1.86,2.2799,133152,0
JZ.US,5,20250908,211000,2.31,2.65,2.2,2.51,967894,0
JZ.US,5,20250908,211500,2.475,2.54,1.96,1.96,441594,0
JZ.US,5,20250908,212000,1.98,2,1.81,1.83,196369,0
JZ.US,5,20250908,212500,1.84,2.1,1.8301,1.95,96354,0
JZ.US,5,20250908,213000,1.9501,1.96,1.7,1.7001,92368,0
JZ.US,5,20250908,213500,1.68,1.8,1.65,1.6601,35464,0
JZ.US,5,20250908,214000,1.67,1.88,1.6601,1.75,15346,0
JZ.US,5,20250908,214500,1.81,1.81,1.67,1.67,10579,0
JZ.US,5,20250908,215000,1.71,1.77,1.61,1.76,31085,0
JZ.US,5,20250908,215500,1.6801,1.6802,1.54,1.55,39859,0
JZ.US,5,20250909,153000,1.5,1.51,1.49,1.5,6740,0
JZ.US,5,20250909,153500,1.4899,1.72,1.4589,1.7,28332,0
JZ.US,5,20250909,154000,1.6799,1.6799,1.61,1.61,600,0
JZ.US,5,20250909,154500,1.645,1.7,1.645,1.7,798,0
JZ.US,5,20250909,155000,1.7,1.7,1.69,1.69,1152,0
JZ.US,5,20250909,155500,1.6814,1.6814,1.63,1.65,2100,0
JZ.US,5,20250909,160000,1.62,1.65,1.62,1.635,1754,0
JZ.US,5,20250909,160500,1.645,1.645,1.61,1.6123,16863,0
JZ.US,5,20250909,161000,1.61,1.61,1.61,1.61,527,0
JZ.US,5,20250909,161500,1.6417,1.6417,1.6417,1.6417,631,0
JZ.US,5,20250909,162000,1.61,1.61,1.55,1.55,6700,0
JZ.US,5,20250909,162500,1.545,1.545,1.5,1.5,2328,0
JZ.US,5,20250909,163000,1.5041,1.53,1.5,1.5,1159,0
JZ.US,5,20250909,163500,1.515,1.515,1.45,1.48,8634,0
JZ.US,5,20250909,164000,1.48,1.48,1.48,1.48,100,0
JZ.US,5,20250909,165000,1.5,1.51,1.488074,1.51,2388,0
JZ.US,5,20250909,171000,1.53,1.53,1.53,1.53,100,0
JZ.US,5,20250909,172000,1.5402,1.5402,1.54,1.54,473,0
JZ.US,5,20250909,180000,1.541,1.5411,1.53,1.54,1970,0
JZ.US,5,20250909,180500,1.53,1.54,1.53,1.54,500,0
JZ.US,5,20250909,182500,1.49,1.49,1.49,1.49,122,0
JZ.US,5,20250909,184000,1.48,1.48,1.48,1.48,4200,0
JZ.US,5,20250909,184500,1.53,1.53,1.53,1.53,100,0
JZ.US,5,20250909,191500,1.53,1.53,1.53,1.53,1657,0
JZ.US,5,20250909,194000,1.535,1.535,1.535,1.535,150,0
JZ.US,5,20250909,195000,1.57,1.615,1.57,1.615,2308,0
JZ.US,5,20250909,195500,1.5934,1.5934,1.54,1.54,9451,0
JZ.US,5,20250909,200000,1.537944,1.537944,1.537944,1.537944,100,0
JZ.US,5,20250909,201000,1.5691,1.5691,1.5691,1.5691,100,0
JZ.US,5,20250909,202000,1.582764,1.582764,1.582764,1.582764,100,0
JZ.US,5,20250909,210000,1.528,1.528,1.528,1.528,198,0
JZ.US,5,20250909,210500,1.55,1.57,1.55,1.57,5959,0
JZ.US,5,20250909,213500,1.6,1.6,1.6,1.6,100,0
JZ.US,5,20250909,215000,1.59,1.61,1.58,1.61,4500,0
JZ.US,5,20250909,215500,1.6098,1.63,1.59,1.59,4734,0
JZ.US,5,20250910,153000,1.56,1.56,1.56,1.56,389,0
JZ.US,5,20250910,153500,1.56,1.56,1.56,1.56,200,0
JZ.US,5,20250910,154500,1.59,1.59,1.59,1.59,998,0
JZ.US,5,20250910,155000,1.645,1.68,1.64,1.64,600,0
JZ.US,5,20250910,155500,1.66,1.66,1.641,1.641,400,0
JZ.US,5,20250910,160000,1.66,1.66,1.66,1.66,120,0
JZ.US,5,20250910,160500,1.65,1.656,1.65,1.656,500,0
JZ.US,5,20250910,161000,1.6579,1.6579,1.6579,1.6579,200,0
JZ.US,5,20250910,161500,1.64,1.64,1.64,1.64,400,0
JZ.US,5,20250910,162000,1.65,1.65,1.64,1.64,2219,0
JZ.US,5,20250910,165000,1.625,1.6475,1.625,1.6475,4700,0
JZ.US,5,20250910,165500,1.635,1.635,1.635,1.635,2500,0
JZ.US,5,20250910,170000,1.6599,1.68,1.645,1.68,8970,0
JZ.US,5,20250910,171000,1.67,1.755,1.6481,1.75,6200,0
JZ.US,5,20250910,171500,1.72,1.72,1.7,1.72,368,0
JZ.US,5,20250910,172000,1.75,1.75,1.75,1.75,200,0
JZ.US,5,20250910,172500,1.74,1.81,1.74,1.8079,7991,0
JZ.US,5,20250910,173000,1.8199,1.8499,1.8198,1.8499,3482,0
JZ.US,5,20250910,173500,1.805,1.85,1.805,1.83,3402,0
JZ.US,5,20250910,174000,1.81,1.81,1.76,1.762,5955,0
JZ.US,5,20250910,175000,1.78,1.8,1.7601,1.8,1113,0
JZ.US,5,20250910,180000,1.752,1.769,1.75,1.75,1547,0
JZ.US,5,20250910,180500,1.75,1.76,1.75,1.75,7829,0
JZ.US,5,20250910,181000,1.7,1.7,1.67,1.67,1686,0
JZ.US,5,20250910,181500,1.671,1.671,1.671,1.671,500,0
JZ.US,5,20250910,183500,1.671,1.671,1.671,1.671,300,0
JZ.US,5,20250910,184000,1.68,1.68,1.68,1.68,329,0
JZ.US,5,20250910,185000,1.72,1.72,1.72,1.72,100,0
JZ.US,5,20250910,185500,1.73,1.73,1.73,1.73,100,0
JZ.US,5,20250910,191500,1.73,1.73,1.73,1.73,8000,0
JZ.US,5,20250910,194500,1.73,1.7301,1.69,1.7301,1000,0
JZ.US,5,20250910,201000,1.71,1.71,1.71,1.71,934,0
JZ.US,5,20250910,202000,1.72,1.72,1.72,1.72,500,0
JZ.US,5,20250910,204000,1.7,1.74,1.65,1.74,11467,0
JZ.US,5,20250910,205000,1.685,1.685,1.685,1.685,330,0
JZ.US,5,20250910,210000,1.67,1.7,1.655,1.7,2300,0
JZ.US,5,20250910,210500,1.6386,1.6386,1.6386,1.6386,214,0
JZ.US,5,20250910,213000,1.67,1.67,1.66,1.66,300,0
JZ.US,5,20250910,215500,1.72,1.72,1.72,1.72,704,0
JZ.US,5,20250911,153000,1.62,1.62,1.61,1.61,822,0
JZ.US,5,20250911,154000,1.61,1.61,1.61,1.61,100,0
JZ.US,5,20250911,155000,1.6282,1.635,1.6282,1.635,500,0
JZ.US,5,20250911,161000,1.6499,1.7,1.64,1.7,26245,0
JZ.US,5,20250911,162500,1.71,1.72,1.71,1.72,1050,0
JZ.US,5,20250911,163000,1.83,1.83,1.7422,1.7422,619,0
JZ.US,5,20250911,163500,1.775,1.775,1.76,1.76,1000,0
JZ.US,5,20250911,164000,1.7593,1.83,1.74,1.74,5901,0
JZ.US,5,20250911,164500,1.72,1.7468,1.705,1.7468,1000,0
JZ.US,5,20250911,170000,1.72,1.74,1.68,1.74,3400,0
JZ.US,5,20250911,171000,1.7,1.7322,1.6801,1.7322,500,0
JZ.US,5,20250911,195000,1.69,1.69,1.62,1.69,1399,0
JZ.US,5,20250911,195500,1.6799,1.7018,1.6799,1.7018,700,0
JZ.US,5,20250911,200500,1.69,1.7012,1.63,1.7012,858,0
JZ.US,5,20250911,205000,1.7,1.7,1.7,1.7,100,0
JZ.US,5,20250911,205500,1.7,1.7,1.7,1.7,100,0
JZ.US,5,20250911,212000,1.65,1.65,1.65,1.65,100,0
JZ.US,5,20250911,212500,1.67,1.716,1.6501,1.6501,2898,0
JZ.US,5,20250911,213000,1.66,1.66,1.65,1.66,1199,0
JZ.US,5,20250911,214500,1.6729,1.6729,1.6729,1.6729,300,0
JZ.US,5,20250911,215000,1.6801,1.6801,1.6801,1.6801,622,0
JZ.US,5,20250911,215500,1.686,1.74,1.68,1.74,1700,0
JZ.US,5,20250912,160000,1.67,1.67,1.67,1.67,100,0
JZ.US,5,20250912,162500,1.6992,1.6992,1.6992,1.6992,120,0
JZ.US,5,20250912,173000,1.7,1.7,1.7,1.7,100,0
JZ.US,5,20250912,174000,1.7,1.7,1.7,1.7,100,0
JZ.US,5,20250912,180000,1.7,1.7,1.7,1.7,300,0
JZ.US,5,20250912,180500,1.7,1.7,1.7,1.7,1118,0
JZ.US,5,20250912,181000,1.73,1.73,1.72,1.72,1109,0
JZ.US,5,20250912,183000,1.7399,1.75,1.73,1.75,2527,0
JZ.US,5,20250912,183500,1.7699,1.84,1.7699,1.84,10000,0
JZ.US,5,20250912,184000,1.83,1.8399,1.769,1.82,5128,0
JZ.US,5,20250912,184500,1.8,1.8,1.77,1.77,1856,0
JZ.US,5,20250912,191500,1.79,1.79,1.78,1.78,500,0
JZ.US,5,20250912,192500,1.7799,1.82,1.7799,1.82,5100,0
JZ.US,5,20250912,193000,1.82,1.85,1.81,1.82,5700,0
JZ.US,5,20250912,194500,1.83,1.85,1.83,1.85,8030,0
JZ.US,5,20250912,195000,1.83,1.83,1.83,1.83,100,0
JZ.US,5,20250912,202500,1.8118,1.8356,1.81,1.81,1300,0
JZ.US,5,20250912,205000,1.83,1.84,1.83,1.83,600,0
JZ.US,5,20250912,210000,1.84,1.84,1.84,1.84,100,0
JZ.US,5,20250912,210500,1.84,1.84,1.8329,1.8329,600,0
JZ.US,5,20250912,211000,1.8306,1.86,1.8306,1.86,240,0
JZ.US,5,20250912,211500,1.83,1.83,1.82,1.82,864,0
JZ.US,5,20250912,212000,1.83,1.83,1.82,1.82,400,0
JZ.US,5,20250912,212500,1.82,1.82,1.82,1.82,100,0
JZ.US,5,20250912,213000,1.82,1.82,1.82,1.82,100,0
JZ.US,5,20250912,215000,1.82,1.82,1.82,1.82,321,0
JZ.US,5,20250912,215500,1.82,1.82,1.82,1.82,200,0
JZ.US,5,20250915,153500,1.7731,1.7731,1.77,1.77,756,0
JZ.US,5,20250915,160000,1.875,1.875,1.82,1.85,1077,0
JZ.US,5,20250915,161000,1.79,1.79,1.79,1.79,100,0
JZ.US,5,20250915,162000,1.79,1.79,1.79,1.79,156,0
JZ.US,5,20250915,163500,1.8,1.8,1.8,1.8,100,0
JZ.US,5,20250915,164000,1.817,1.817,1.817,1.817,500,0
JZ.US,5,20250915,171500,1.82,1.82,1.82,1.82,200,0
JZ.US,5,20250915,172000,1.82,1.85,1.8106,1.82,3694,0
JZ.US,5,20250915,180500,1.8,1.81,1.8,1.81,243,0
JZ.US,5,20250915,185000,1.81,1.81,1.81,1.81,200,0
JZ.US,5,20250915,191000,1.81,1.81,1.805,1.805,850,0
JZ.US,5,20250915,191500,1.8,1.8,1.8,1.8,527,0
JZ.US,5,20250915,194000,1.75,1.78,1.75,1.75,1704,0
JZ.US,5,20250915,201000,1.785,1.785,1.76,1.76,17347,0
JZ.US,5,20250915,204000,1.76,1.76,1.76,1.76,100,0
JZ.US,5,20250915,204500,1.76,1.76,1.76,1.76,2598,0
JZ.US,5,20250915,210500,1.73,1.73,1.73,1.73,100,0
JZ.US,5,20250915,211500,1.73,1.73,1.73,1.73,100,0
JZ.US,5,20250915,215000,1.765,1.765,1.73,1.7301,8690,0
JZ.US,5,20250916,154500,1.7101,1.7101,1.7101,1.7101,2500,0
JZ.US,5,20250916,160000,1.71,1.71,1.71,1.71,100,0
JZ.US,5,20250916,161000,1.71,1.71,1.71,1.71,150,0
JZ.US,5,20250916,161500,1.71,1.71,1.71,1.71,2100,0
JZ.US,5,20250916,164000,1.68,1.68,1.68,1.68,110,0
JZ.US,5,20250916,165000,1.6803,1.6803,1.6803,1.6803,1000,0
JZ.US,5,20250916,165500,1.69,1.69,1.69,1.69,100,0
JZ.US,5,20250916,170000,1.69,1.69,1.69,1.69,128,0
JZ.US,5,20250916,170500,1.72,1.7546,1.71,1.74,2200,0
JZ.US,5,20250916,171500,1.7,1.7,1.7,1.7,1200,0
JZ.US,5,20250916,172500,1.66,1.66,1.66,1.66,400,0
JZ.US,5,20250916,180500,1.69,1.69,1.69,1.69,100,0
JZ.US,5,20250916,185000,1.7,1.7,1.7,1.7,200,0
JZ.US,5,20250916,192000,1.71,1.71,1.71,1.71,100,0
JZ.US,5,20250916,194000,1.7725,1.7725,1.7725,1.7725,100,0
JZ.US,5,20250916,194500,1.71,1.71,1.71,1.71,200,0
JZ.US,5,20250916,195000,1.71,1.71,1.71,1.71,100,0
JZ.US,5,20250916,202000,1.71,1.71,1.71,1.71,1958,0
JZ.US,5,20250916,202500,1.7,1.7,1.69,1.69,982,0
JZ.US,5,20250916,210500,1.7,1.7,1.7,1.7,100,0
JZ.US,5,20250916,211500,1.7,1.7,1.7,1.7,400,0
JZ.US,5,20250916,212000,1.69,1.69,1.68,1.69,400,0
JZ.US,5,20250916,213000,1.7,1.7,1.7,1.7,100,0
JZ.US,5,20250916,214500,1.71,1.71,1.71,1.71,100,0
JZ.US,5,20250916,215500,1.72,1.7307,1.71,1.71,1300,0
JZ.US,5,20250917,160500,1.71,1.71,1.71,1.71,100,0
JZ.US,5,20250917,173500,1.71,1.71,1.71,1.71,100,0
JZ.US,5,20250917,175500,1.712,1.712,1.712,1.712,200,0
JZ.US,5,20250917,182000,1.71,1.71,1.71,1.71,100,0
JZ.US,5,20250917,185000,1.71,1.71,1.7,1.7,750,0
JZ.US,5,20250917,215000,1.73,1.73,1.71,1.71,304,0
JZ.US,5,20250918,154500,1.71,1.71,1.6844,1.6844,400,0
JZ.US,5,20250918,191500,1.71,1.71,1.71,1.71,100,0
JZ.US,5,20250918,210500,1.73,1.73,1.73,1.73,100,0
JZ.US,5,20250918,212500,1.76,1.76,1.75,1.75,200,0
JZ.US,5,20250919,160500,1.75,1.75,1.75,1.75,150,0
JZ.US,5,20250919,174500,1.73,1.73,1.7206,1.7206,400,0
JZ.US,5,20250919,180500,1.72,1.72,1.72,1.72,1700,0
JZ.US,5,20250919,192000,1.789,1.789,1.789,1.789,111,0
JZ.US,5,20250919,194500,1.73,1.73,1.73,1.73,100,0
JZ.US,5,20250919,212000,1.75,1.75,1.75,1.75,255,0
JZ.US,5,20250919,213000,1.8,1.8,1.79,1.79,5300,0
JZ.US,5,20250919,213500,1.79,1.79,1.79,1.79,200,0
JZ.US,5,20250919,215000,1.8,1.8,1.7998,1.8,2972,0
JZ.US,5,20250919,215500,1.8,1.835,1.7907,1.835,1793,0
JZ.US,5,20250922,155000,1.8126,1.8126,1.8126,1.8126,163,0
JZ.US,5,20250922,161000,1.8514,1.8514,1.8483,1.8483,300,0
JZ.US,5,20250922,162000,1.76,1.76,1.76,1.76,100,0
JZ.US,5,20250922,165500,1.85,1.85,1.7769,1.7769,2924,0
JZ.US,5,20250922,170000,1.8457,1.8457,1.8334,1.8334,1000,0
JZ.US,5,20250922,170500,1.78,1.78,1.77,1.78,400,0
JZ.US,5,20250922,171000,1.74,1.74,1.74,1.74,100,0
JZ.US,5,20250922,173000,1.73,1.73,1.73,1.73,200,0
JZ.US,5,20250922,180500,1.73,1.73,1.73,1.73,100,0
JZ.US,5,20250922,184500,1.74,1.74,1.74,1.74,100,0
JZ.US,5,20250922,190000,1.7712,1.7712,1.7712,1.7712,400,0
JZ.US,5,20250922,190500,1.73,1.73,1.73,1.73,147,0
JZ.US,5,20250922,212000,1.7663,1.7663,1.7663,1.7663,200,0
JZ.US,5,20250922,214500,1.78,1.8,1.77,1.8,1000,0
JZ.US,5,20250922,215000,1.77,1.77,1.77,1.77,100,0
JZ.US,5,20250923,153000,1.73,1.73,1.73,1.73,114,0
JZ.US,5,20250923,154000,1.78,1.78,1.77,1.77,600,0
JZ.US,5,20250923,155000,1.78,1.78,1.74,1.74,1635,0
JZ.US,5,20250923,155500,1.73,1.73,1.73,1.73,409,0
JZ.US,5,20250923,160000,1.74,1.74,1.73,1.73,394,0
JZ.US,5,20250923,162500,1.74,1.74,1.74,1.74,100,0
JZ.US,5,20250923,163500,1.75,1.75,1.75,1.75,100,0
JZ.US,5,20250923,164500,1.73,1.73,1.73,1.73,336,0
JZ.US,5,20250923,170000,1.73,1.73,1.73,1.73,100,0
JZ.US,5,20250923,171000,1.73,1.76,1.73,1.76,1800,0
JZ.US,5,20250923,172000,1.74,1.74,1.74,1.74,100,0
JZ.US,5,20250923,173500,1.74,1.74,1.74,1.74,100,0
JZ.US,5,20250923,175000,1.74,1.74,1.74,1.74,100,0
JZ.US,5,20250923,181500,1.73,1.7506,1.73,1.7506,423,0
JZ.US,5,20250923,184000,1.74,1.74,1.74,1.74,100,0
JZ.US,5,20250923,191000,1.74,1.74,1.74,1.74,100,0
JZ.US,5,20250923,195000,1.74,1.74,1.74,1.74,100,0
JZ.US,5,20250923,202000,1.73,1.74,1.73,1.74,269,0
JZ.US,5,20250923,212500,1.73,1.73,1.73,1.73,250,0
JZ.US,5,20250923,214000,1.73,1.73,1.73,1.73,100,0
JZ.US,5,20250923,215000,1.73,1.73,1.73,1.73,200,0
JZ.US,5,20250924,160000,1.824,1.824,1.824,1.824,400,0
JZ.US,5,20250924,162000,1.8199,1.8199,1.8199,1.8199,1000,0
JZ.US,5,20250924,162500,1.7769,1.7769,1.7769,1.7769,800,0
JZ.US,5,20250924,172500,1.7205,1.7205,1.7205,1.7205,699,0
JZ.US,5,20250924,184000,1.74,1.74,1.74,1.74,300,0
JZ.US,5,20250924,191000,1.73,1.73,1.73,1.73,500,0
JZ.US,5,20250924,202500,1.8299,1.8299,1.8299,1.8299,222,0
JZ.US,5,20250924,213500,1.78,1.78,1.78,1.78,100,0
JZ.US,5,20250924,214500,1.75,1.75,1.75,1.75,200,0
JZ.US,5,20250925,154500,1.69,1.69,1.69,1.69,300,0
JZ.US,5,20250925,211000,1.83,1.83,1.83,1.83,500,0
JZ.US,5,20250926,173500,1.73,1.73,1.73,1.73,271,0
JZ.US,5,20250926,183500,1.765,1.7991,1.765,1.7991,1711,0
JZ.US,5,20250929,153500,1.78,1.8,1.78,1.78,641,0
JZ.US,5,20250929,154000,1.77,1.77,1.77,1.77,577,0
JZ.US,5,20250929,163000,1.77,1.77,1.77,1.77,263,0
JZ.US,5,20250929,163500,1.76,1.76,1.76,1.76,657,0
JZ.US,5,20250929,164000,1.77,1.77,1.77,1.77,198,0
JZ.US,5,20250929,165000,1.745,1.745,1.745,1.745,100,0
JZ.US,5,20250929,173000,1.781,1.781,1.781,1.781,252,0
JZ.US,5,20250929,175000,1.78,1.78,1.78,1.78,500,0
JZ.US,5,20250929,180000,1.8,1.8,1.8,1.8,3995,0
JZ.US,5,20250929,180500,1.82,1.82,1.82,1.82,2896,0
JZ.US,5,20250929,182000,1.83,1.8792,1.8084,1.8084,5816,0
JZ.US,5,20250929,182500,1.8301,1.8314,1.82,1.82,7111,0
JZ.US,5,20250929,191000,1.8,1.8,1.8,1.8,1300,0
JZ.US,5,20250929,193000,1.7425,1.7425,1.7425,1.7425,127,0
JZ.US,5,20250929,194500,1.87,1.87,1.87,1.87,142,0
JZ.US,5,20250929,202000,1.81,1.81,1.8,1.8,398,0
JZ.US,5,20250929,203500,1.8,1.8,1.8,1.8,400,0
JZ.US,5,20250929,205000,1.8002,1.8002,1.79,1.79,511,0
JZ.US,5,20250930,160000,1.75,1.75,1.75,1.75,836,0
JZ.US,5,20250930,162000,1.76,1.77,1.73,1.77,7086,0
JZ.US,5,20250930,182000,1.73,1.73,1.73,1.73,525,0
JZ.US,5,20250930,195500,1.73,1.73,1.65,1.65,3268,0
JZ.US,5,20250930,201000,1.67,1.7,1.6605,1.69,1400,0
JZ.US,5,20251001,153000,1.74,1.81,1.74,1.78,1524,0
JZ.US,5,20251001,160000,1.765,1.765,1.765,1.765,335,0
JZ.US,5,20251001,160500,1.72,1.72,1.7103,1.7103,764,0
JZ.US,5,20251001,214000,1.73,1.73,1.7,1.7,2439,0
JZ.US,5,20251002,153000,1.83,1.83,1.83,1.83,117,0
JZ.US,5,20251002,155000,1.7797,1.7797,1.7797,1.7797,100,0
JZ.US,5,20251002,161000,1.7,1.71,1.69,1.7,5940,0
JZ.US,5,20251002,172000,1.675,1.7,1.675,1.7,1000,0
JZ.US,5,20251002,173500,1.6999,1.6999,1.6999,1.6999,211,0
JZ.US,5,20251002,175500,1.67,1.69,1.65,1.65,300,0
JZ.US,5,20251002,200500,1.6501,1.6501,1.6501,1.6501,606,0
JZ.US,5,20251002,215500,1.67,1.67,1.67,1.67,200,0
JZ.US,5,20251003,153500,1.62,1.8,1.62,1.77,4190,0
JZ.US,5,20251003,154000,1.8,1.8,1.71,1.8,4675,0
JZ.US,5,20251003,154500,1.8,1.8,1.69,1.7,3032,0
JZ.US,5,20251003,155000,1.6911,1.71,1.68,1.71,500,0
JZ.US,5,20251003,160000,1.71,1.71,1.7,1.7,400,0
JZ.US,5,20251003,160500,1.74,1.74,1.74,1.74,151,0
JZ.US,5,20251003,161500,1.69,1.69,1.69,1.69,231,0
JZ.US,5,20251003,175000,1.7999,1.7999,1.7999,1.7999,133,0
JZ.US,5,20251003,175500,1.69,1.69,1.69,1.69,221,0
JZ.US,5,20251003,193500,1.7427,1.7427,1.7427,1.7427,250,0
JZ.US,5,20251003,203000,1.7145,1.7145,1.7145,1.7145,100,0
JZ.US,5,20251006,160000,1.678,1.699,1.6773,1.699,1820,0
JZ.US,5,20251006,173500,1.675,1.675,1.675,1.675,500,0
JZ.US,5,20251006,182500,1.65,1.65,1.65,1.65,284,0
JZ.US,5,20251006,201000,1.66,1.66,1.66,1.66,200,0
JZ.US,5,20251006,210000,1.64,1.64,1.64,1.64,100,0
JZ.US,5,20251007,153000,1.65,1.65,1.65,1.65,345,0
JZ.US,5,20251007,153500,1.6441,1.6441,1.6441,1.6441,850,0
JZ.US,5,20251007,155000,1.73,1.73,1.685,1.685,273,0
JZ.US,5,20251007,155500,1.685,1.685,1.685,1.685,400,0
JZ.US,5,20251007,161500,1.7044,1.7044,1.7044,1.7044,300,0
JZ.US,5,20251007,162500,1.65,1.66,1.65,1.66,200,0
JZ.US,5,20251007,170000,1.6442,1.6442,1.6442,1.6442,480,0
JZ.US,5,20251007,190000,1.64,1.6406,1.64,1.6406,2328,0
JZ.US,5,20251008,153000,1.65,1.65,1.65,1.65,269,0
JZ.US,5,20251008,153500,1.62,1.62,1.62,1.62,2762,0
JZ.US,5,20251008,155000,1.65,1.69,1.65,1.69,567,0
JZ.US,5,20251008,160000,1.69,1.69,1.69,1.69,100,0
JZ.US,5,20251008,173500,1.61,1.61,1.61,1.61,142,0
JZ.US,5,20251008,192500,1.62,1.62,1.62,1.62,176,0
JZ.US,5,20251008,201500,1.6,1.6,1.6,1.6,988,0
JZ.US,5,20251008,215500,1.64,1.69,1.63,1.64,3403,0
JZ.US,5,20251009,153000,1.64,1.64,1.64,1.64,100,0
JZ.US,5,20251009,155500,1.64,1.64,1.64,1.64,101,0
JZ.US,5,20251009,162500,1.64,1.64,1.64,1.64,100,0
JZ.US,5,20251009,163500,1.61,1.61,1.61,1.61,725,0
JZ.US,5,20251009,212500,1.6,1.62,1.6,1.6,1012,0
JZ.US,5,20251009,215500,1.63,1.63,1.62,1.6217,2585,0
JZ.US,5,20251010,153000,1.64,1.64,1.64,1.64,362,0
JZ.US,5,20251010,165000,1.64,1.64,1.64,1.64,157,0
JZ.US,5,20251010,172500,1.64,1.64,1.64,1.64,165,0
JZ.US,5,20251010,173000,1.62,1.62,1.62,1.62,1664,0
JZ.US,5,20251010,181500,1.64,1.64,1.64,1.64,100,0
JZ.US,5,20251013,154000,1.62,1.63,1.6,1.63,2121,0
JZ.US,5,20251013,162000,1.62,1.62,1.62,1.62,386,0
JZ.US,5,20251013,184500,1.563,1.563,1.563,1.563,1990,0
JZ.US,5,20251013,214500,1.56,1.56,1.56,1.56,100,0
JZ.US,5,20251014,153000,1.56,1.6255,1.56,1.6255,1555,0
JZ.US,5,20251014,153500,1.6242,1.6242,1.6242,1.6242,350,0
JZ.US,5,20251014,163000,1.58,1.61,1.58,1.61,2000,0
JZ.US,5,20251014,163500,1.6,1.63,1.6,1.63,2075,0
JZ.US,5,20251014,170000,1.57,1.57,1.57,1.57,100,0
JZ.US,5,20251014,180000,1.5417,1.5417,1.5417,1.5417,1917,0
JZ.US,5,20251015,154000,1.575,1.575,1.575,1.575,275,0
JZ.US,5,20251015,155500,1.575,1.575,1.55,1.55,400,0
JZ.US,5,20251015,160000,1.5874,1.5874,1.5874,1.5874,170,0
JZ.US,5,20251015,160500,1.56,1.56,1.56,1.56,100,0
JZ.US,5,20251015,184000,1.57,1.57,1.57,1.57,100,0
JZ.US,5,20251015,190000,1.56,1.56,1.56,1.56,136,0
JZ.US,5,20251015,192500,1.57,1.6,1.56,1.56,1196,0
JZ.US,5,20251015,201500,1.55,1.55,1.55,1.55,100,0
JZ.US,5,20251015,203000,1.575,1.575,1.575,1.575,353,0
JZ.US,5,20251015,215000,1.57,1.57,1.57,1.57,939,0
JZ.US,5,20251015,215500,1.58,1.58,1.58,1.58,1184,0
JZ.US,5,20251016,153000,1.595,1.595,1.59,1.59,600,0
JZ.US,5,20251016,160000,1.54,1.54,1.54,1.54,100,0
JZ.US,5,20251016,165500,1.54,1.54,1.54,1.54,100,0
JZ.US,5,20251016,185500,1.54,1.54,1.54,1.54,200,0
JZ.US,5,20251016,193500,1.54,1.54,1.54,1.54,100,0
JZ.US,5,20251016,200000,1.5525,1.5525,1.5525,1.5525,100,0
JZ.US,5,20251016,202500,1.54,1.54,1.54,1.54,100,0
JZ.US,5,20251016,210500,1.54,1.54,1.54,1.54,100,0
JZ.US,5,20251016,211500,1.54,1.54,1.54,1.54,100,0
JZ.US,5,20251016,214500,1.55,1.55,1.55,1.55,100,0
JZ.US,5,20251016,215000,1.54,1.55,1.54,1.54,500,0
JZ.US,5,20251017,153000,1.56,1.58,1.56,1.58,714,0
JZ.US,5,20251017,155500,1.55,1.55,1.55,1.55,100,0
JZ.US,5,20251017,172000,1.5502,1.5502,1.5502,1.5502,450,0
JZ.US,5,20251017,182500,1.54,1.55,1.54,1.54,988,0
JZ.US,5,20251017,183000,1.54,1.54,1.54,1.54,100,0
JZ.US,5,20251017,215500,1.54,1.54,1.51,1.5101,2451,0
JZ.US,5,20251020,153000,1.5101,1.5101,1.5101,1.5101,162,0
JZ.US,5,20251020,172000,1.5282,1.5282,1.5282,1.5282,100,0
JZ.US,5,20251020,173000,1.53,1.53,1.53,1.53,100,0
JZ.US,5,20251020,174500,1.53,1.53,1.53,1.53,300,0
JZ.US,5,20251020,195500,1.548,1.56,1.542,1.56,2381,0
JZ.US,5,20251020,200000,1.58,1.58,1.57,1.58,600,0
JZ.US,5,20251020,203000,1.58,1.6,1.57,1.6,411,0
JZ.US,5,20251020,203500,1.62,1.628,1.62,1.62,500,0
JZ.US,5,20251020,204000,1.63,1.63,1.62,1.63,390,0
JZ.US,5,20251020,205500,1.6551,1.66,1.65,1.66,917,0
JZ.US,5,20251020,210000,1.68,1.68,1.67,1.67,1225,0
JZ.US,5,20251020,214500,1.7,1.7,1.67,1.67,1050,0
JZ.US,5,20251020,215000,1.68,1.7,1.66,1.7,2762,0
JZ.US,5,20251021,153000,1.67,1.6958,1.67,1.6958,1677,0
JZ.US,5,20251021,155000,1.67,1.67,1.67,1.67,100,0
JZ.US,5,20251021,175000,1.655,1.655,1.65,1.65,200,0
JZ.US,5,20251021,181000,1.65,1.67,1.65,1.67,349,0
JZ.US,5,20251021,195000,1.67,1.7,1.67,1.7,1845,0
JZ.US,5,20251021,213500,1.71,1.71,1.71,1.71,100,0
JZ.US,5,20251021,214000,1.73,1.73,1.73,1.73,200,0
JZ.US,5,20251021,215000,1.71,1.71,1.71,1.71,544,0
JZ.US,5,20251021,215500,1.68,1.68,1.68,1.68,100,0
JZ.US,5,20251022,165000,1.66,1.66,1.66,1.66,100,0
JZ.US,5,20251022,165500,1.67,1.67,1.67,1.67,100,0
JZ.US,5,20251022,172000,1.67,1.67,1.67,1.67,100,0
JZ.US,5,20251022,174000,1.66,1.66,1.66,1.66,100,0
JZ.US,5,20251022,175500,1.66,1.66,1.66,1.66,120,0
JZ.US,5,20251022,201500,1.65,1.68,1.65,1.68,300,0
JZ.US,5,20251022,214000,1.6,1.6,1.6,1.6,124,0
JZ.US,5,20251022,214500,1.68,1.7,1.68,1.68,500,0
JZ.US,5,20251023,162000,1.67,1.67,1.67,1.67,100,0
JZ.US,5,20251023,162500,1.6882,1.6882,1.6882,1.6882,389,0
JZ.US,5,20251023,165500,1.72,1.72,1.72,1.72,100,0
JZ.US,5,20251023,173500,1.69,1.69,1.69,1.69,100,0
JZ.US,5,20251023,181500,1.6891,1.73,1.67,1.7287,3790,0
JZ.US,5,20251023,192500,1.72,1.72,1.72,1.72,100,0
JZ.US,5,20251023,195000,1.71,1.71,1.71,1.71,100,0
JZ.US,5,20251023,202500,1.6156,1.6156,1.61,1.61,500,0
JZ.US,5,20251023,212000,1.72,1.72,1.72,1.72,100,0
JZ.US,5,20251023,213000,1.71,1.88,1.71,1.8679,2396,0
JZ.US,5,20251023,213500,1.88,1.88,1.88,1.88,364,0
JZ.US,5,20251023,214000,1.87,1.87,1.82,1.8201,884,0
JZ.US,5,20251023,214500,1.82,1.82,1.82,1.82,200,0
JZ.US,5,20251023,215500,1.83,1.83,1.83,1.83,150,0
JZ.US,5,20251024,153500,1.7401,1.785,1.7401,1.785,1334,0
JZ.US,5,20251024,160500,1.75,1.75,1.75,1.75,223,0
JZ.US,5,20251024,161000,1.83,1.83,1.83,1.83,100,0
JZ.US,5,20251024,175500,1.8,1.8,1.8,1.8,437,0
JZ.US,5,20251024,182500,1.812,1.8295,1.812,1.82,700,0
JZ.US,5,20251024,185500,1.7411,1.7411,1.7411,1.7411,201,0
JZ.US,5,20251024,190000,1.82,1.83,1.82,1.82,407,0
JZ.US,5,20251024,193500,1.81,1.83,1.81,1.83,738,0
JZ.US,5,20251024,205000,1.86,1.86,1.83,1.83,200,0
JZ.US,5,20251027,143500,1.64,1.64,1.64,1.64,1000,0
JZ.US,5,20251027,151000,1.755,1.755,1.755,1.755,158,0
JZ.US,5,20251027,174500,1.81,1.81,1.81,1.81,100,0
JZ.US,5,20251027,180000,1.81,1.81,1.81,1.81,168,0
JZ.US,5,20251027,180500,1.81,1.81,1.81,1.81,100,0
JZ.US,5,20251027,181000,1.7101,1.7101,1.7101,1.7101,152,0
JZ.US,5,20251027,182000,1.75,1.75,1.74,1.74,1058,0
JZ.US,5,20251027,202500,1.7502,1.7502,1.7502,1.7502,112,0
JZ.US,5,20251028,150500,1.73,1.73,1.73,1.73,329,0
JZ.US,5,20251028,153000,1.74,1.7498,1.74,1.7498,237,0
JZ.US,5,20251028,153500,1.675,1.675,1.65,1.65,345,0
JZ.US,5,20251028,160000,1.67,1.67,1.67,1.67,175,0
JZ.US,5,20251028,181000,1.67,1.67,1.67,1.67,100,0
JZ.US,5,20251029,145500,1.66,1.66,1.66,1.66,200,0
JZ.US,5,20251029,151000,1.645,1.645,1.645,1.645,100,0
JZ.US,5,20251029,154500,1.65,1.65,1.65,1.65,300,0
JZ.US,5,20251029,163000,1.69,1.69,1.69,1.69,100,0
JZ.US,5,20251029,171500,1.67,1.67,1.67,1.67,118,0
JZ.US,5,20251029,173500,1.61,1.61,1.61,1.61,100,0
JZ.US,5,20251029,180000,1.6528,1.6528,1.6528,1.6528,300,0
JZ.US,5,20251029,194000,1.6,1.6,1.6,1.6,100,0
JZ.US,5,20251030,143000,1.6,1.6,1.6,1.6,688,0
JZ.US,5,20251030,152000,1.63,1.63,1.63,1.63,500,0
JZ.US,5,20251030,152500,1.7969,1.7969,1.7969,1.7969,500,0
JZ.US,5,20251030,153500,1.66,1.66,1.66,1.66,101,0
JZ.US,5,20251030,172000,1.66,1.66,1.66,1.66,140,0
JZ.US,5,20251030,173000,1.72,1.72,1.72,1.72,300,0
JZ.US,5,20251030,175500,1.67,1.67,1.67,1.67,300,0
JZ.US,5,20251031,164500,1.62,1.6201,1.62,1.6201,200,0
JZ.US,5,20251031,174000,1.6196,1.6196,1.6196,1.6196,100,0
JZ.US,5,20251031,205500,1.6,1.6,1.6,1.6,302,0
JZ.US,5,20251103,153000,1.6,1.71,1.6,1.71,611,0
JZ.US,5,20251103,161500,1.6613,1.6613,1.6613,1.6613,100,0
JZ.US,5,20251103,172500,1.61,1.61,1.6,1.6,421,0
JZ.US,5,20251103,192000,1.61,1.64,1.61,1.64,389,0
JZ.US,5,20251103,194000,1.64,1.64,1.64,1.64,150,0
JZ.US,5,20251104,153000,1.6,1.6,1.6,1.6,1393,0
JZ.US,5,20251104,154000,1.6,1.6,1.6,1.6,2606,0
JZ.US,5,20251104,155500,1.49,1.49,1.49,1.49,503,0
JZ.US,5,20251104,192000,1.5,1.5,1.49,1.49,2800,0
JZ.US,5,20251105,153000,1.44,1.49,1.44,1.49,901,0
JZ.US,5,20251105,154500,1.4729,1.4729,1.4729,1.4729,200,0
JZ.US,5,20251105,185000,1.48,1.48,1.47,1.47,200,0
JZ.US,5,20251105,213000,1.47,1.47,1.47,1.47,400,0
JZ.US,5,20251106,153000,1.44,1.44,1.44,1.44,106,0
JZ.US,5,20251106,154000,1.43,1.43,1.43,1.43,101,0
JZ.US,5,20251106,155000,1.43,1.43,1.43,1.43,174,0
JZ.US,5,20251106,165000,1.42,1.42,1.42,1.42,100,0
JZ.US,5,20251106,173000,1.415,1.43,1.415,1.43,500,0
JZ.US,5,20251106,173500,1.43,1.45,1.43,1.45,1079,0
JZ.US,5,20251106,200000,1.43,1.43,1.41,1.41,1532,0
JZ.US,5,20251107,153000,1.405,1.41,1.405,1.41,700,0
JZ.US,5,20251107,154000,1.4001,1.4001,1.4001,1.4001,100,0
JZ.US,5,20251107,161500,1.4,1.42,1.4,1.42,1000,0
JZ.US,5,20251107,174500,1.44,1.44,1.4,1.425,1700,0
JZ.US,5,20251107,185500,1.4,1.42,1.4,1.42,2087,0
JZ.US,5,20251107,195000,1.4,1.4,1.4,1.4,187,0
JZ.US,5,20251107,205000,1.4,1.4,1.4,1.4,200,0
JZ.US,5,20251107,214500,1.4,1.4,1.4,1.4,889,0
JZ.US,5,20251110,162000,1.4,1.4,1.4,1.4,215,0
JZ.US,5,20251110,171500,1.4355,1.4355,1.4355,1.4355,150,0
JZ.US,5,20251110,183500,1.4045,1.4045,1.4045,1.4045,150,0
JZ.US,5,20251111,153000,1.466,1.466,1.4,1.4,918,0
JZ.US,5,20251111,153500,1.4,1.4,1.4,1.4,447,0
JZ.US,5,20251111,182500,1.44,1.44,1.44,1.44,200,0
JZ.US,5,20251111,202000,1.42,1.42,1.4,1.4,1964,0
JZ.US,5,20251112,180000,1.4,1.4,1.4,1.4,139,0
JZ.US,5,20251112,214500,1.4,1.4,1.4,1.4,110,0
JZ.US,5,20251113,155500,1.4091,1.4091,1.4091,1.4091,1000,0
JZ.US,5,20251113,161500,1.42,1.42,1.42,1.42,1434,0
JZ.US,5,20251113,173500,1.42,1.42,1.4,1.4,357,0
JZ.US,5,20251114,153000,1.38,1.4,1.38,1.38,862,0
JZ.US,5,20251114,153500,1.42,1.42,1.42,1.42,199,0
JZ.US,5,20251114,162500,1.4,1.4,1.4,1.4,1550,0
JZ.US,5,20251114,213000,1.4156,1.4156,1.4156,1.4156,100,0
JZ.US,5,20251114,215500,1.42,1.42,1.42,1.42,352,0
JZ.US,5,20251117,153000,1.4,1.4,1.4,1.4,138,0
JZ.US,5,20251118,154500,1.42,1.42,1.42,1.42,1000,0
JZ.US,5,20251118,163500,1.42,1.42,1.42,1.42,500,0
JZ.US,5,20251118,170000,1.4,1.4001,1.4,1.4001,2900,0
JZ.US,5,20251118,170500,1.4072,1.4072,1.4072,1.4072,1534,0
JZ.US,5,20251118,191000,1.4001,1.4001,1.4001,1.4001,832,0
JZ.US,5,20251119,153000,1.415,1.415,1.415,1.415,117,0
JZ.US,5,20251119,155500,1.4,1.4,1.4,1.4,100,0
JZ.US,5,20251119,160000,1.4,1.41,1.4,1.41,17191,0
JZ.US,5,20251119,162500,1.4,1.4,1.4,1.4,1160,0
JZ.US,5,20251119,163000,1.405,1.405,1.405,1.405,100,0
JZ.US,5,20251119,165000,1.4,1.4,1.4,1.4,100,0
JZ.US,5,20251119,172500,1.4,1.4,1.4,1.4,211,0
JZ.US,5,20251119,174000,1.405,1.405,1.405,1.405,100,0
JZ.US,5,20251119,180000,1.4,1.4,1.4,1.4,100,0
JZ.US,5,20251119,195000,1.4,1.4,1.4,1.4,355,0
JZ.US,5,20251119,201000,1.4,1.4,1.4,1.4,821,0
JZ.US,5,20251120,153000,1.38,1.41,1.38,1.41,543,0
JZ.US,5,20251120,154500,1.4,1.4,1.4,1.4,100,0
JZ.US,5,20251120,155000,1.4078,1.4078,1.4078,1.4078,416,0
JZ.US,5,20251120,164000,1.4,1.4,1.4,1.4,100,0
JZ.US,5,20251120,164500,1.4,1.4,1.4,1.4,339,0
JZ.US,5,20251120,172000,1.4,1.4,1.4,1.4,100,0
JZ.US,5,20251121,174500,1.42,1.42,1.42,1.42,100,0
JZ.US,5,20251121,193500,1.41,1.41,1.41,1.41,100,0
JZ.US,5,20251121,204500,1.41,1.4101,1.41,1.4101,452,0
JZ.US,5,20251121,210000,1.41,1.41,1.41,1.41,134,0
JZ.US,5,20251124,160500,1.43,1.43,1.43,1.43,100,0
JZ.US,5,20251124,182000,1.42,1.42,1.42,1.42,405,0
JZ.US,5,20251124,183500,1.409,1.409,1.409,1.409,1013,0
JZ.US,5,20251124,190500,1.4,1.405,1.4,1.4,1100,0
JZ.US,5,20251124,191000,1.4,1.4,1.4,1.4,100,0
JZ.US,5,20251124,202000,1.4,1.405,1.4,1.405,300,0
JZ.US,5,20251124,202500,1.4,1.4,1.4,1.4,957,0
JZ.US,5,20251124,205000,1.407,1.41,1.407,1.41,1248,0
JZ.US,5,20251124,210000,1.4201,1.4201,1.41,1.4101,2000,0
JZ.US,5,20251124,212000,1.41,1.41,1.41,1.41,100,0
JZ.US,5,20251125,155500,1.41,1.41,1.41,1.41,100,0
JZ.US,5,20251125,164000,1.41,1.41,1.41,1.41,928,0
JZ.US,5,20251125,171500,1.43,1.43,1.43,1.43,200,0
JZ.US,5,20251125,202500,1.43,1.43,1.43,1.43,100,0
JZ.US,5,20251126,153000,1.4,1.4,1.4,1.4,642,0
JZ.US,5,20251126,165500,1.41,1.41,1.41,1.41,100,0
JZ.US,5,20251126,195000,1.4,1.4,1.4,1.4,200,0
JZ.US,5,20251126,204000,1.4,1.4,1.4,1.4,100,0
JZ.US,5,20251128,153000,1.44,1.44,1.43,1.43,865,0
JZ.US,5,20251128,160000,1.3801,1.3801,1.3801,1.3801,200,0
JZ.US,5,20251128,161500,1.41,1.41,1.41,1.41,700,0
JZ.US,5,20251128,164000,1.41,1.46,1.41,1.46,400,0
JZ.US,5,20251128,173500,1.4,1.4,1.4,1.4,700,0
JZ.US,5,20251128,182500,1.4,1.4,1.4,1.4,3851,0
JZ.US,5,20251128,183000,1.4,1.4,1.4,1.4,8066,0
JZ.US,5,20251128,185500,1.39,1.39,1.39,1.39,200,0
JZ.US,5,20251201,153000,1.4,1.4004,1.4,1.4004,600,0
JZ.US,5,20251201,155000,1.4,1.4,1.4,1.4,106,0
JZ.US,5,20251201,182500,1.4,1.4,1.4,1.4,361,0
JZ.US,5,20251201,190000,1.4,1.4,1.4,1.4,200,0
JZ.US,5,20251201,192500,1.4,1.4,1.4,1.4,926,0
JZ.US,5,20251202,165000,1.4,1.4,1.4,1.4,200,0
JZ.US,5,20251202,172500,1.4,1.4,1.4,1.4,100,0
JZ.US,5,20251202,192000,1.4,1.405,1.4,1.4,3000,0
JZ.US,5,20251202,195000,1.425,1.425,1.425,1.425,200,0
JZ.US,5,20251202,211000,1.415,1.415,1.415,1.415,170,0
JZ.US,5,20251203,153000,1.41,1.41,1.41,1.41,136,0
JZ.US,5,20251203,154000,1.41,1.41,1.41,1.41,4181,0
JZ.US,5,20251203,180500,1.4131,1.4131,1.4131,1.4131,699,0
JZ.US,5,20251203,191000,1.41,1.41,1.41,1.41,189,0
JZ.US,5,20251203,201500,1.4,1.4,1.4,1.4,488,0
JZ.US,5,20251203,205500,1.4002,1.4002,1.4002,1.4002,421,0
JZ.US,5,20251203,210500,1.4,1.4,1.4,1.4,3937,0
JZ.US,5,20251203,211000,1.405,1.405,1.405,1.405,100,0
JZ.US,5,20251203,215000,1.4,1.4,1.4,1.4,182,0
JZ.US,5,20251204,153000,1.41,1.41,1.41,1.41,113,0
JZ.US,5,20251204,160500,1.4,1.4,1.4,1.4,100,0
JZ.US,5,20251204,193500,1.4,1.4,1.4,1.4,997,0
JZ.US,5,20251205,183500,1.4307,1.4307,1.4307,1.4307,400,0
JZ.US,5,20251205,192000,1.42,1.42,1.42,1.42,1025,0
JZ.US,5,20251205,203000,1.4398,1.4398,1.4398,1.4398,133,0
JZ.US,5,20251205,215500,1.4,1.4,1.4,1.4,200,0
JZ.US,5,20251208,205500,1.4,1.4,1.4,1.4,200,0
JZ.US,5,20251209,160000,1.4,1.4,1.4,1.4,222,0
JZ.US,5,20251209,161000,1.4,1.4001,1.4,1.4001,4190,0
JZ.US,5,20251209,172000,1.4,1.4,1.4,1.4,200,0
JZ.US,5,20251209,184500,1.4,1.4,1.4,1.4,100,0
JZ.US,5,20251209,185000,1.4,1.4,1.4,1.4,100,0
JZ.US,5,20251209,202000,1.4048,1.4048,1.4048,1.4048,996,0
JZ.US,5,20251209,202500,1.41,1.41,1.405,1.41,500,0
JZ.US,5,20251210,161000,1.4,1.4,1.4,1.4,200,0
JZ.US,5,20251210,163500,1.4,1.4,1.4,1.4,200,0
JZ.US,5,20251210,175500,1.4,1.4,1.4,1.4,100,0
JZ.US,5,20251210,181500,1.4,1.42,1.4,1.42,10487,0
JZ.US,5,20251210,191000,1.4,1.4,1.4,1.4,100,0
JZ.US,5,20251210,193000,1.4,1.4,1.4,1.4,536,0
JZ.US,5,20251210,193500,1.4,1.4,1.4,1.4,100,0
JZ.US,5,20251210,200500,1.39,1.39,1.39,1.39,200,0
JZ.US,5,20251210,214000,1.38,1.4,1.38,1.4,400,0
JZ.US,5,20251210,215000,1.38,1.38,1.38,1.38,200,0
JZ.US,5,20251210,215500,1.4,1.4,1.4,1.4,830,0
JZ.US,5,20251211,154000,1.4,1.4001,1.4,1.4001,1422,0
JZ.US,5,20251211,172000,1.4372,1.4372,1.4372,1.4372,100,0
JZ.US,5,20251211,173000,1.4,1.4,1.4,1.4,200,0
JZ.US,5,20251212,161000,1.4001,1.4001,1.4001,1.4001,300,0
JZ.US,5,20251212,190000,1.4,1.4,1.4,1.4,200,0
JZ.US,5,20251212,191500,1.4,1.4,1.4,1.4,100,0
JZ.US,5,20251212,211500,1.4,1.4,1.4,1.4,100,0
JZ.US,5,20251215,153000,1.33,1.33,1.33,1.33,150,0
JZ.US,5,20251215,211000,1.38,1.3801,1.38,1.3801,500,0
JZ.US,5,20251216,153000,1.33,1.33,1.33,1.33,834,0
JZ.US,5,20251216,161500,1.38,1.38,1.38,1.38,100,0
JZ.US,5,20251216,171500,1.38,1.38,1.38,1.38,100,0
JZ.US,5,20251216,173000,1.38,1.38,1.38,1.38,100,0
JZ.US,5,20251216,191500,1.38,1.38,1.38,1.38,100,0
JZ.US,5,20251216,194000,1.38,1.38,1.38,1.38,100,0
JZ.US,5,20251216,215000,1.38,1.38,1.38,1.38,100,0
JZ.US,5,20251217,153000,1.48,1.48,1.48,1.48,833,0
JZ.US,5,20251217,182500,1.366,1.366,1.35,1.36,635,0
JZ.US,5,20251217,185000,1.35,1.35,1.35,1.35,100,0
JZ.US,5,20251217,211500,1.36,1.36,1.36,1.36,100,0
JZ.US,5,20251217,212500,1.3636,1.3636,1.3636,1.3636,200,0
JZ.US,5,20251217,213000,1.37,1.37,1.36,1.36,548,0
JZ.US,5,20251218,153000,1.35,1.35,1.35,1.35,288,0
JZ.US,5,20251218,153500,1.35,1.35,1.35,1.35,1116,0
JZ.US,5,20251218,154500,1.35,1.35,1.3,1.3,563,0
JZ.US,5,20251219,160500,1.32,1.32,1.32,1.32,100,0
JZ.US,5,20251219,162500,1.32,1.32,1.23,1.23,2994,0
JZ.US,5,20251219,164000,1.41,1.41,1.41,1.41,600,0
JZ.US,5,20251219,184000,1.32,1.32,1.32,1.32,230,0
JZ.US,5,20251219,204000,1.315,1.315,1.315,1.315,100,0
JZ.US,5,20251219,215500,1.29,1.29,1.29,1.29,101,0
JZ.US,5,20251222,153500,1.27,1.29,1.27,1.29,5490,0
JZ.US,5,20251222,154000,1.27,1.29,1.265,1.27,34683,0
JZ.US,5,20251222,155500,1.2501,1.2501,1.2501,1.2501,998,0
JZ.US,5,20251222,161500,1.27,1.27,1.27,1.27,200,0
JZ.US,5,20251222,162000,1.27,1.27,1.27,1.27,100,0
JZ.US,5,20251222,163500,1.28,1.28,1.28,1.28,200,0
JZ.US,5,20251222,164000,1.27,1.48,1.27,1.4,24840,0
JZ.US,5,20251222,164500,1.36,1.3793,1.35,1.35,5689,0
JZ.US,5,20251222,165000,1.35,1.35,1.35,1.35,200,0
JZ.US,5,20251222,170000,1.335,1.335,1.335,1.335,300,0
JZ.US,5,20251222,170500,1.335,1.3588,1.32,1.3588,800,0
JZ.US,5,20251222,175500,1.32,1.33,1.32,1.33,500,0
JZ.US,5,20251222,192500,1.31,1.3101,1.31,1.3101,200,0
JZ.US,5,20251222,193500,1.31,1.31,1.27,1.27,476,0
JZ.US,5,20251222,203000,1.27,1.27,1.27,1.27,927,0
