<TICKER>,<PER>,<DATE>,<TIME>,<OPEN>,<HIGH>,<LOW>,<CLOSE>,<VOL>,<OPENINT>
LPBBW.US,5,20250729,162000,0.4,0.4,0.4,0.4,2300,0
LPBBW.US,5,20250729,164000,0.3999,0.4,0.3782,0.3782,26300,0
LPBBW.US,5,20250729,171500,0.4,0.4,0.4,0.4,100,0
LPBBW.US,5,20250730,175500,0.4,0.4,0.4,0.4,500,0
LPBBW.US,5,20250808,215500,0.4501,0.4502,0.45,0.4502,400,0
LPBBW.US,5,20250811,180000,0.45,0.45,0.45,0.45,236,0
LPBBW.US,5,20250812,215500,0.276,0.276,0.276,0.276,6978,0
LPBBW.US,5,20250813,214000,0.34,0.34,0.32,0.32,711,0
LPBBW.US,5,20250815,163500,0.29,0.29,0.29,0.29,220,0
LPBBW.US,5,20250815,165000,0.31,0.31,0.31,0.31,100,0
LPBBW.US,5,20250815,180500,0.3525,0.3525,0.3525,0.3525,165,0
LPBBW.US,5,20250815,193000,0.322,0.322,0.322,0.322,239,0
LPBBW.US,5,20250818,153000,0.3,0.3,0.3,0.3,265,0
LPBBW.US,5,20250818,161500,0.3102,0.3102,0.3102,0.3102,165,0
LPBBW.US,5,20250818,182000,0.3102,0.3102,0.3102,0.3102,130,0
LPBBW.US,5,20250818,192000,0.3102,0.3102,0.3102,0.3102,165,0
LPBBW.US,5,20250818,195500,0.3801,0.3801,0.3801,0.3801,165,0
LPBBW.US,5,20250818,202500,0.3102,0.3102,0.3102,0.3102,165,0
LPBBW.US,5,20250818,211000,0.3102,0.3102,0.3102,0.3102,165,0
LPBBW.US,5,20250818,213000,0.3823,0.3823,0.3823,0.3823,165,0
LPBBW.US,5,20250819,153000,0.314,0.32,0.314,0.314,530,0
LPBBW.US,5,20250819,155000,0.304,0.304,0.3,0.3,400,0
LPBBW.US,5,20250819,160000,0.3051,0.3051,0.3051,0.3051,100,0
LPBBW.US,5,20250819,165000,0.3001,0.3001,0.3001,0.3001,100,0
LPBBW.US,5,20250819,165500,0.32,0.32,0.32,0.32,560,0
LPBBW.US,5,20250819,171500,0.3051,0.3052,0.3051,0.3052,200,0
LPBBW.US,5,20250819,211000,0.3,0.3,0.3,0.3,145,0
LPBBW.US,5,20250819,214500,0.3,0.3,0.3,0.3,145,0
LPBBW.US,5,20250820,153000,0.3,0.3,0.3,0.3,495,0
LPBBW.US,5,20250820,155000,0.3,0.3,0.3,0.3,150,0
LPBBW.US,5,20250820,183000,0.31,0.31,0.31,0.31,142,0
LPBBW.US,5,20250820,195000,0.305,0.305,0.305,0.305,155,0
LPBBW.US,5,20250820,205500,0.3752,0.3752,0.3752,0.3752,155,0
LPBBW.US,5,20250820,213500,0.315,0.315,0.315,0.315,142,0
LPBBW.US,5,20250821,153000,0.31,0.31,0.31,0.31,936,0
LPBBW.US,5,20250821,184000,0.31,0.31,0.31,0.31,115,0
LPBBW.US,5,20250821,201500,0.3856,0.3856,0.3856,0.3856,115,0
LPBBW.US,5,20250822,153000,0.312,0.312,0.312,0.312,240,0
LPBBW.US,5,20250822,155000,0.3031,0.3031,0.3031,0.3031,200,0
LPBBW.US,5,20250822,163500,0.31,0.31,0.31,0.31,150,0
LPBBW.US,5,20250822,165000,0.3106,0.3106,0.3106,0.3106,200,0
LPBBW.US,5,20250822,165500,0.32,0.32,0.3031,0.3031,800,0
LPBBW.US,5,20250822,180000,0.32,0.32,0.32,0.32,4682,0
LPBBW.US,5,20250822,181000,0.3201,0.3201,0.3201,0.3201,150,0
LPBBW.US,5,20250822,185000,0.32,0.32,0.32,0.32,100,0
LPBBW.US,5,20250822,214000,0.32,0.32,0.32,0.32,260,0
LPBBW.US,5,20250822,215500,0.32,0.32,0.32,0.32,300,0
LPBBW.US,5,20250825,153000,0.32,0.32,0.32,0.32,1557,0
LPBBW.US,5,20250825,155500,0.3902,0.3902,0.3902,0.3902,125,0
LPBBW.US,5,20250825,181000,0.3205,0.359994,0.3205,0.359994,270,0
LPBBW.US,5,20250825,192500,0.302,0.3021,0.302,0.3021,200,0
LPBBW.US,5,20250825,210000,0.35,0.35,0.35,0.35,100,0
LPBBW.US,5,20250825,210500,0.33,0.369996,0.32,0.3498,658,0
LPBBW.US,5,20250825,214000,0.32,0.32,0.32,0.32,135,0
LPBBW.US,5,20250826,155500,0.3,0.3001,0.3,0.3001,200,0
LPBBW.US,5,20250826,162500,0.3099,0.3099,0.3099,0.3099,200,0
LPBBW.US,5,20250826,185000,0.3,0.3,0.3,0.3,100,0
LPBBW.US,5,20250826,193500,0.3,0.3,0.3,0.3,100,0
LPBBW.US,5,20250826,194000,0.3099,0.3099,0.3099,0.3099,1000,0
LPBBW.US,5,20250826,194500,0.3099,0.31,0.305,0.31,1520,0
LPBBW.US,5,20250826,205000,0.3155,0.3155,0.3155,0.3155,150,0
LPBBW.US,5,20250826,214000,0.31,0.31,0.31,0.31,150,0
LPBBW.US,5,20250826,215500,0.31,0.32,0.31,0.32,257,0
LPBBW.US,5,20250829,181000,0.3001,0.3002,0.3001,0.3002,432,0
LPBBW.US,5,20250829,183500,0.3002,0.3002,0.3002,0.3002,1241,0
LPBBW.US,5,20250829,185500,0.3,0.3,0.3,0.3,1241,0
LPBBW.US,5,20250905,173000,0.3486,0.3486,0.3486,0.3486,303,0
LPBBW.US,5,20250905,192000,0.3008,0.3008,0.3,0.3,6151,0
LPBBW.US,5,20250905,192500,0.2761,0.2762,0.2761,0.2762,475,0
LPBBW.US,5,20250905,202500,0.3,0.3,0.3,0.3,11900,0
LPBBW.US,5,20250905,203000,0.2771,0.2771,0.2771,0.2771,400,0
LPBBW.US,5,20250905,210500,0.2998,0.3,0.2998,0.3,4189,0
LPBBW.US,5,20250909,170500,0.3254,0.3254,0.3,0.3,200,0
LPBBW.US,5,20250909,180000,0.3,0.3,0.3,0.3,9900,0
LPBBW.US,5,20250909,180500,0.2771,0.2771,0.2771,0.2771,300,0
LPBBW.US,5,20250909,184000,0.2997,0.3,0.2885,0.3,15800,0
LPBBW.US,5,20250915,171000,0.3462,0.3462,0.3462,0.3462,100,0
LPBBW.US,5,20250916,175000,0.37999,0.37999,0.37999,0.37999,8421,0
LPBBW.US,5,20250916,204000,0.33,0.33,0.33,0.33,1000,0
LPBBW.US,5,20250917,200500,0.3,0.3,0.277,0.277,9021,0
LPBBW.US,5,20250917,210000,0.3174,0.3174,0.3174,0.3174,900,0
LPBBW.US,5,20250918,203500,0.3248,0.3249,0.3248,0.3249,200,0
LPBBW.US,5,20250919,185500,0.33,0.3308,0.33,0.33,1051,0
LPBBW.US,5,20250919,210000,0.325,0.3308,0.325,0.325,1414,0
LPBBW.US,5,20250922,153000,0.3201,0.3201,0.3201,0.3201,100,0
LPBBW.US,5,20250922,203000,0.3499,0.35,0.3499,0.35,2300,0
LPBBW.US,5,20250922,204500,0.3915,0.3915,0.3915,0.3915,100,0
LPBBW.US,5,20250922,215500,0.36,0.36,0.36,0.36,100,0
LPBBW.US,5,20250924,203500,0.39,0.39,0.39,0.39,3500,0
LPBBW.US,5,20250924,204000,0.45,0.45,0.45,0.45,100,0
LPBBW.US,5,20250924,215000,0.38,0.38,0.38,0.38,455,0
LPBBW.US,5,20250924,215500,0.38,0.38,0.38,0.38,168,0
LPBBW.US,5,20250925,215500,0.424,0.4245,0.424,0.424,500,0
LPBBW.US,5,20250926,185500,0.4001,0.42,0.4001,0.4002,1032,0
LPBBW.US,5,20250926,190000,0.38,0.3802,0.335,0.335,2350,0
LPBBW.US,5,20250926,212500,0.3497,0.3497,0.3497,0.3497,170,0
LPBBW.US,5,20250929,182000,0.35,0.35,0.349,0.35,10513,0
LPBBW.US,5,20250929,184500,0.3201,0.3201,0.3201,0.3201,100,0
LPBBW.US,5,20250929,192500,0.3201,0.3201,0.320064,0.320064,500,0
LPBBW.US,5,20250929,193000,0.35,0.35,0.35,0.35,100,0
LPBBW.US,5,20250929,205500,0.35,0.35,0.345,0.3456,2482,0
LPBBW.US,5,20250929,210000,0.344845,0.3501,0.344845,0.3501,16697,0
LPBBW.US,5,20250929,212000,0.3501,0.3501,0.3501,0.3501,100,0
LPBBW.US,5,20250929,215500,0.3501,0.3501,0.3501,0.3501,100,0
LPBBW.US,5,20250930,153000,0.364,0.3641,0.3625,0.3626,400,0
LPBBW.US,5,20250930,155500,0.37,0.37,0.37,0.37,100,0
LPBBW.US,5,20251001,203500,0.3835,0.3835,0.3835,0.3835,350,0
LPBBW.US,5,20251001,210000,0.442,0.442,0.442,0.442,100,0
LPBBW.US,5,20251001,213000,0.45,0.45,0.45,0.45,911,0
LPBBW.US,5,20251002,160000,0.4369,0.4369,0.4369,0.4369,100,0
LPBBW.US,5,20251002,164500,0.4454,0.4454,0.4454,0.4454,100,0
LPBBW.US,5,20251002,175000,0.44,0.44,0.44,0.44,100,0
LPBBW.US,5,20251002,192000,0.44,0.44,0.44,0.44,100,0
LPBBW.US,5,20251002,204500,0.44,0.44,0.44,0.44,100,0
LPBBW.US,5,20251007,170000,0.44,0.44,0.44,0.44,100,0
LPBBW.US,5,20251008,153000,0.45,0.45,0.45,0.45,100,0
LPBBW.US,5,20251008,193000,0.46,0.46,0.46,0.46,1000,0
LPBBW.US,5,20251008,213500,0.46,0.47,0.46,0.46,3871,0
LPBBW.US,5,20251009,205000,0.5194,0.5194,0.5194,0.5194,100,0
LPBBW.US,5,20251009,214000,0.5,0.5,0.5,0.5,100,0
LPBBW.US,5,20251013,161500,0.4601,0.46505,0.45,0.45,10000,0
LPBBW.US,5,20251013,162000,0.450001,0.48,0.45,0.45,18000,0
LPBBW.US,5,20251013,162500,0.45,0.45,0.45,0.45,39000,0
LPBBW.US,5,20251013,173000,0.5024,0.5188,0.45,0.45,5400,0
LPBBW.US,5,20251013,180000,0.4514,0.47495,0.45,0.45,21426,0
LPBBW.US,5,20251013,215500,0.4759,0.4759,0.4759,0.4759,200,0
LPBBW.US,5,20251014,205000,0.5481,0.5481,0.5481,0.5481,100,0
LPBBW.US,5,20251015,160500,0.5,0.51,0.5,0.51,663,0
LPBBW.US,5,20251016,204500,0.5398,0.5398,0.5398,0.5398,100,0
LPBBW.US,5,20251016,214500,0.504325,0.5398,0.504325,0.5398,300,0
LPBBW.US,5,20251016,215500,0.5011,0.5101,0.5011,0.5101,300,0
LPBBW.US,5,20251017,162000,0.52,0.52,0.52,0.52,100,0
LPBBW.US,5,20251020,180000,0.4971,0.4971,0.4971,0.4971,100,0
LPBBW.US,5,20251021,153000,0.5,0.5,0.5,0.5,2107,0
LPBBW.US,5,20251021,215500,0.46,0.46,0.46,0.46,148,0
LPBBW.US,5,20251027,171000,0.45,0.45,0.45,0.45,100,0
LPBBW.US,5,20251029,144500,0.53,0.54,0.53,0.53,933,0
LPBBW.US,5,20251031,180000,0.4503,0.4503,0.4503,0.4503,100,0
LPBBW.US,5,20251104,163000,0.485,0.485,0.4576,0.4576,1100,0
LPBBW.US,5,20251104,171000,0.45,0.45,0.45,0.45,100,0
LPBBW.US,5,20251104,200000,0.45,0.45,0.45,0.45,100,0
LPBBW.US,5,20251106,211000,0.45,0.45,0.45,0.45,100,0
LPBBW.US,5,20251107,200500,0.5,0.5,0.5,0.5,904,0
LPBBW.US,5,20251110,181500,0.5,0.5,0.5,0.5,2500,0
LPBBW.US,5,20251110,182000,0.5,0.5,0.5,0.5,1000,0
LPBBW.US,5,20251110,193500,0.5,0.5,0.47,0.47,1100,0
LPBBW.US,5,20251110,201500,0.4701,0.4701,0.47,0.4701,400,0
LPBBW.US,5,20251110,215500,0.4701,0.4701,0.4701,0.4701,200,0
LPBBW.US,5,20251112,155500,0.45,0.4502,0.45,0.4502,2000,0
LPBBW.US,5,20251112,161000,0.45,0.45,0.45,0.45,100,0
LPBBW.US,5,20251112,202500,0.45,0.4572,0.45,0.4572,400,0
LPBBW.US,5,20251121,183500,0.45,0.45,0.45,0.45,200,0
LPBBW.US,5,20251121,215500,0.46,0.46,0.46,0.46,100,0
LPBBW.US,5,20251124,185000,0.490001,0.490001,0.490001,0.490001,160,0
LPBBW.US,5,20251126,153000,0.45,0.45,0.45,0.45,700,0
LPBBW.US,5,20251126,172000,0.45,0.45,0.45,0.45,400,0
LPBBW.US,5,20251126,203000,0.45,0.45,0.4365,0.45,5800,0
LPBBW.US,5,20251128,153000,0.45,0.45,0.45,0.45,2000,0
LPBBW.US,5,20251201,153000,0.45,0.45,0.45,0.45,1500,0
LPBBW.US,5,20251201,160000,0.45,0.45,0.45,0.45,7200,0
LPBBW.US,5,20251201,163500,0.45,0.45,0.45,0.45,100,0
LPBBW.US,5,20251202,195500,0.45,0.46,0.45,0.46,800,0
LPBBW.US,5,20251202,200000,0.45,0.45,0.45,0.45,2200,0
LPBBW.US,5,20251202,203000,0.45,0.45,0.45,0.45,100,0
LPBBW.US,5,20251202,205000,0.45,0.45,0.45,0.45,100,0
LPBBW.US,5,20251203,210500,0.48,0.48,0.4002,0.4002,400,0
LPBBW.US,5,20251205,181000,0.32,0.32,0.32,0.32,100,0
LPBBW.US,5,20251212,163500,0.3301,0.3301,0.3301,0.3301,265,0
LPBBW.US,5,20251215,182500,0.3305,0.3305,0.3305,0.3305,285,0
LPBBW.US,5,20251217,203000,0.4,0.4,0.315,0.33,6000,0
LPBBW.US,5,20251217,203500,0.315,0.315,0.315,0.315,100,0
LPBBW.US,5,20251217,205000,0.314399,0.3144,0.314399,0.3144,400,0
