<TICKER>,<PER>,<DATE>,<TIME>,<OPEN>,<HIGH>,<LOW>,<CLOSE>,<VOL>,<OPENINT>
MACIW.US,5,20250729,153000,0.26,0.26,0.26,0.26,100,0
MACIW.US,5,20250729,194000,0.2623,0.2623,0.2623,0.2623,500,0
MACIW.US,5,20250730,163000,0.3,0.310403,0.3,0.310403,2756,0
MACIW.US,5,20250730,163500,0.3,0.3002,0.3,0.3002,1000,0
MACIW.US,5,20250730,164500,0.3,0.3,0.276,0.276,622,0
MACIW.US,5,20250730,165000,0.252,0.252,0.252,0.252,100,0
MACIW.US,5,20250730,170000,0.2999,0.2999,0.2999,0.2999,100,0
MACIW.US,5,20250730,171500,0.2999,0.2999,0.2999,0.2999,100,0
MACIW.US,5,20250730,173000,0.3,0.3,0.3,0.3,10062,0
MACIW.US,5,20250730,173500,0.3,0.3,0.3,0.3,100,0
MACIW.US,5,20250730,174000,0.3,0.3,0.3,0.3,100,0
MACIW.US,5,20250730,183000,0.3,0.3,0.2998,0.2998,400,0
MACIW.US,5,20250730,185000,0.2997,0.2999,0.2901,0.2901,1200,0
MACIW.US,5,20250730,201000,0.2999,0.2999,0.2999,0.2999,100,0
MACIW.US,5,20250731,155500,0.3,0.3,0.3,0.3,100,0
MACIW.US,5,20250731,160000,0.3,0.3,0.3,0.3,2300,0
MACIW.US,5,20250731,160500,0.3,0.3,0.3,0.3,21972,0
MACIW.US,5,20250731,162500,0.25,0.25,0.25,0.25,125,0
MACIW.US,5,20250731,165000,0.23,0.23,0.22,0.22,400,0
MACIW.US,5,20250731,165500,0.1849,0.22,0.1651,0.1731,3100,0
MACIW.US,5,20250731,180000,0.2,0.2,0.2,0.2,100,0
MACIW.US,5,20250731,181000,0.2,0.2,0.2,0.2,1000,0
MACIW.US,5,20250731,185500,0.18,0.1801,0.16,0.16,5845,0
MACIW.US,5,20250731,191000,0.1808,0.1808,0.1808,0.1808,100,0
MACIW.US,5,20250731,192000,0.16,0.16,0.16,0.16,1950,0
MACIW.US,5,20250731,201500,0.17,0.17,0.16,0.16,15000,0
MACIW.US,5,20250731,214500,0.1856,0.1995,0.1856,0.198,500,0
MACIW.US,5,20250801,153000,0.2,0.2,0.2,0.2,180,0
MACIW.US,5,20250801,162000,0.1667,0.17,0.1667,0.17,1200,0
MACIW.US,5,20250801,163500,0.1649,0.1649,0.1649,0.1649,300,0
MACIW.US,5,20250801,181000,0.1608,0.1608,0.1601,0.1601,712,0
MACIW.US,5,20250801,190000,0.15,0.15,0.15,0.15,2000,0
MACIW.US,5,20250801,192500,0.15,0.15,0.15,0.15,9600,0
MACIW.US,5,20250801,205500,0.15,0.15,0.15,0.15,500,0
MACIW.US,5,20250801,212500,0.1286,0.15,0.1286,0.15,700,0
MACIW.US,5,20250801,214500,0.15,0.185,0.15,0.185,1537,0
MACIW.US,5,20250804,154000,0.18,0.18,0.18,0.18,200,0
MACIW.US,5,20250804,164000,0.101301,0.101301,0.101301,0.101301,100,0
MACIW.US,5,20250804,164500,0.1243,0.1243,0.1243,0.1243,500,0
MACIW.US,5,20250804,171000,0.1475,0.1475,0.1475,0.1475,500,0
MACIW.US,5,20250804,171500,0.191,0.191,0.191,0.191,1000,0
MACIW.US,5,20250804,172000,0.1606,0.1606,0.1606,0.1606,200,0
MACIW.US,5,20250804,173000,0.1675,0.1675,0.1675,0.1675,900,0
MACIW.US,5,20250804,175500,0.1585,0.1585,0.1585,0.1585,100,0
MACIW.US,5,20250804,183000,0.1585,0.1585,0.1584,0.1584,1800,0
MACIW.US,5,20250804,183500,0.1671,0.1671,0.1671,0.1671,1100,0
MACIW.US,5,20250804,184500,0.1675,0.1675,0.1674,0.1674,2000,0
MACIW.US,5,20250804,195000,0.139749,0.139749,0.139749,0.139749,1190,0
MACIW.US,5,20250804,202500,0.159916,0.159916,0.159916,0.159916,1195,0
MACIW.US,5,20250805,163000,0.1423,0.15085,0.140101,0.140101,1433,0
MACIW.US,5,20250805,164000,0.1424,0.1424,0.14,0.14,500,0
MACIW.US,5,20250806,185000,0.161499,0.1616,0.161492,0.161499,2055,0
MACIW.US,5,20250806,213500,0.1615,0.1615,0.1615,0.1615,100,0
MACIW.US,5,20250807,163000,0.15,0.15,0.15,0.15,100,0
MACIW.US,5,20250807,195500,0.1499,0.1499,0.1499,0.1499,1000,0
MACIW.US,5,20250807,201000,0.14,0.140101,0.14,0.140101,2407,0
MACIW.US,5,20250807,204000,0.14,0.14,0.14,0.14,100,0
MACIW.US,5,20250807,215000,0.1352,0.1352,0.1352,0.1352,739,0
MACIW.US,5,20250808,164000,0.15,0.15,0.13,0.13,3616,0
MACIW.US,5,20250808,170000,0.13,0.13,0.13,0.13,100,0
MACIW.US,5,20250808,172000,0.1299,0.13,0.1299,0.13,2496,0
MACIW.US,5,20250808,173500,0.13,0.13,0.13,0.13,8804,0
MACIW.US,5,20250808,183000,0.132594,0.132594,0.132594,0.132594,146,0
MACIW.US,5,20250808,214000,0.14,0.14,0.14,0.14,200,0
MACIW.US,5,20250811,182500,0.1669,0.19,0.1668,0.19,6094,0
MACIW.US,5,20250811,183500,0.2072,0.2072,0.2072,0.2072,183,0
MACIW.US,5,20250811,184000,0.18,0.1801,0.18,0.1801,3968,0
MACIW.US,5,20250811,185000,0.18,0.18,0.18,0.18,1837,0
MACIW.US,5,20250811,195000,0.18,0.18,0.18,0.18,84978,0
MACIW.US,5,20250814,200000,0.1728,0.1728,0.1416,0.1727,1900,0
MACIW.US,5,20250820,214500,0.14241,0.14241,0.14241,0.14241,113,0
MACIW.US,5,20250822,153000,0.219,0.2525,0.219,0.2525,952,0
MACIW.US,5,20250822,153500,0.22,0.22,0.22,0.22,275,0
MACIW.US,5,20250822,154000,0.24,0.28,0.24,0.27,3200,0
MACIW.US,5,20250822,160500,0.2161,0.2161,0.2161,0.2161,131,0
MACIW.US,5,20250822,161000,0.26,0.26,0.26,0.26,100,0
MACIW.US,5,20250822,161500,0.26,0.26,0.26,0.26,546,0
MACIW.US,5,20250822,162000,0.21,0.2612,0.21,0.21,1019,0
MACIW.US,5,20250822,163000,0.21,0.2101,0.21,0.2101,422,0
MACIW.US,5,20250822,163500,0.249599,0.249599,0.249599,0.249599,2000,0
MACIW.US,5,20250822,164500,0.23,0.249599,0.2104,0.2104,1878,0
MACIW.US,5,20250822,170000,0.21,0.21,0.21,0.21,415,0
MACIW.US,5,20250822,170500,0.24999,0.24999,0.21,0.249899,1620,0
MACIW.US,5,20250822,172500,0.244554,0.244554,0.244554,0.244554,250,0
MACIW.US,5,20250822,173500,0.21,0.21,0.21,0.21,100,0
MACIW.US,5,20250822,174500,0.23,0.23,0.23,0.23,100,0
MACIW.US,5,20250822,175000,0.21,0.2101,0.21,0.2101,318,0
MACIW.US,5,20250822,175500,0.1697,0.2,0.1522,0.2,6854,0
MACIW.US,5,20250822,181000,0.1761,0.198,0.1761,0.198,372,0
MACIW.US,5,20250822,190000,0.1761,0.1761,0.1522,0.1522,232,0
MACIW.US,5,20250822,203000,0.152791,0.152791,0.152791,0.152791,131,0
MACIW.US,5,20250826,162000,0.143,0.143,0.143,0.143,250,0
MACIW.US,5,20250827,180500,0.15,0.15,0.15,0.15,277,0
MACIW.US,5,20250828,173000,0.141,0.141,0.141,0.141,4479,0
MACIW.US,5,20250828,180500,0.1427,0.1432,0.1415,0.1432,7000,0
MACIW.US,5,20250828,210500,0.141,0.1927,0.14,0.14,8100,0
MACIW.US,5,20250828,212000,0.14,0.1923,0.14,0.1923,15100,0
MACIW.US,5,20250828,212500,0.185,0.185,0.185,0.185,100,0
MACIW.US,5,20250829,183500,0.1456,0.1457,0.1403,0.1403,1486,0
MACIW.US,5,20250829,184500,0.18,0.18,0.18,0.18,180,0
MACIW.US,5,20250905,211000,0.16,0.16,0.16,0.16,200,0
MACIW.US,5,20250908,213500,0.165,0.165,0.165,0.165,275,0
MACIW.US,5,20250909,204000,0.165,0.165,0.165,0.165,446,0
MACIW.US,5,20250912,155000,0.176,0.176,0.1758,0.1758,300,0
MACIW.US,5,20250912,180000,0.17,0.17,0.17,0.17,200,0
MACIW.US,5,20250915,185500,0.1601,0.1601,0.1601,0.1601,520,0
MACIW.US,5,20250916,164500,0.19,0.1999,0.1899,0.1899,949,0
MACIW.US,5,20250916,212000,0.19,0.19,0.19,0.19,1057,0
MACIW.US,5,20250916,213000,0.1517,0.1517,0.151,0.151,1057,0
MACIW.US,5,20250918,205500,0.189,0.2,0.18,0.1999,12537,0
MACIW.US,5,20250918,210000,0.2,0.2,0.2,0.2,1783,0
MACIW.US,5,20250919,153500,0.2,0.2,0.2,0.2,100,0
MACIW.US,5,20250919,162000,0.14,0.14,0.14,0.14,329,0
MACIW.US,5,20250919,195500,0.2,0.22,0.1999,0.22,12611,0
MACIW.US,5,20250919,215000,0.1722,0.1722,0.1634,0.1721,700,0
MACIW.US,5,20250922,160500,0.244899,0.244899,0.244899,0.244899,376,0
MACIW.US,5,20250922,161500,0.161,0.17,0.161,0.17,200,0
MACIW.US,5,20250929,160500,0.21,0.21,0.21,0.21,100,0
MACIW.US,5,20250929,173000,0.2282,0.24,0.2281,0.23,22321,0
MACIW.US,5,20250930,185000,0.156369,0.156369,0.156369,0.156369,251,0
MACIW.US,5,20251001,184500,0.19505,0.19505,0.19505,0.19505,100,0
MACIW.US,5,20251002,161000,0.24,0.24,0.24,0.24,100,0
MACIW.US,5,20251002,163500,0.2244,0.2244,0.2244,0.2244,100,0
MACIW.US,5,20251006,203500,0.1941,0.2012,0.1941,0.1941,900,0
MACIW.US,5,20251006,204000,0.1941,0.1941,0.1941,0.1941,586,0
MACIW.US,5,20251006,205000,0.1999,0.1999,0.1999,0.1999,100,0
MACIW.US,5,20251007,153000,0.1918,0.1918,0.1918,0.1918,156,0
MACIW.US,5,20251007,161000,0.1824,0.1824,0.1824,0.1824,200,0
MACIW.US,5,20251007,194500,0.1876,0.1876,0.1876,0.1876,185,0
MACIW.US,5,20251008,213000,0.1814,0.1814,0.1814,0.1814,100,0
MACIW.US,5,20251009,200000,0.1599,0.17,0.150001,0.1501,4139,0
MACIW.US,5,20251009,215000,0.1501,0.1501,0.15,0.15,8926,0
MACIW.US,5,20251010,153000,0.1456,0.1456,0.1456,0.1456,185,0
MACIW.US,5,20251010,202000,0.15,0.15,0.15,0.15,20000,0
MACIW.US,5,20251015,183000,0.1885,0.1885,0.1885,0.1885,100,0
MACIW.US,5,20251016,154500,0.2084,0.2084,0.2084,0.2084,100,0
MACIW.US,5,20251016,171500,0.1631,0.1633,0.162,0.162,2262,0
MACIW.US,5,20251016,172000,0.1546,0.1546,0.1546,0.1546,1138,0
MACIW.US,5,20251016,172500,0.166,0.166,0.166,0.166,243,0
MACIW.US,5,20251016,202500,0.1999,0.1999,0.1999,0.1999,1446,0
MACIW.US,5,20251021,163000,0.189504,0.189504,0.189504,0.189504,156,0
MACIW.US,5,20251021,164000,0.179301,0.179301,0.179301,0.179301,111,0
MACIW.US,5,20251021,215500,0.1793,0.1793,0.1793,0.1793,806,0
MACIW.US,5,20251022,173000,0.191,0.191,0.174,0.174,200,0
MACIW.US,5,20251022,173500,0.191,0.191,0.191,0.191,100,0
MACIW.US,5,20251022,174000,0.1908,0.1908,0.1908,0.1908,100,0
MACIW.US,5,20251022,174500,0.19,0.19,0.1825,0.1825,300,0
MACIW.US,5,20251022,175500,0.19,0.191,0.19,0.191,200,0
MACIW.US,5,20251022,180500,0.176178,0.176178,0.176178,0.176178,114,0
MACIW.US,5,20251022,203000,0.174,0.1741,0.174,0.1741,1160,0
MACIW.US,5,20251022,204000,0.1754,0.1754,0.16,0.171243,17220,0
MACIW.US,5,20251022,211000,0.1768,0.1768,0.1768,0.1768,1000,0
MACIW.US,5,20251023,215500,0.1501,0.1501,0.1501,0.1501,1000,0
MACIW.US,5,20251024,153500,0.16,0.16,0.16,0.16,900,0
MACIW.US,5,20251024,154000,0.16,0.16,0.16,0.16,800,0
MACIW.US,5,20251024,154500,0.16,0.16,0.16,0.16,700,0
MACIW.US,5,20251024,155000,0.16,0.16,0.16,0.16,800,0
MACIW.US,5,20251024,155500,0.16,0.16,0.16,0.16,700,0
MACIW.US,5,20251024,160000,0.16,0.16,0.16,0.16,700,0
MACIW.US,5,20251024,160500,0.16,0.1754,0.16,0.16,600,0
MACIW.US,5,20251024,161000,0.16,0.16,0.16,0.16,700,0
MACIW.US,5,20251024,161500,0.16,0.16,0.16,0.16,600,0
MACIW.US,5,20251024,162000,0.16,0.16,0.16,0.16,500,0
MACIW.US,5,20251024,162500,0.16,0.16,0.16,0.16,600,0
MACIW.US,5,20251024,163000,0.16,0.16,0.16,0.16,600,0
MACIW.US,5,20251024,163500,0.16,0.16,0.16,0.16,500,0
MACIW.US,5,20251024,164000,0.16,0.16,0.16,0.16,1127,0
MACIW.US,5,20251024,164500,0.16,0.16,0.16,0.16,500,0
MACIW.US,5,20251024,165000,0.16,0.16,0.16,0.16,500,0
MACIW.US,5,20251024,165500,0.16,0.16,0.16,0.16,500,0
MACIW.US,5,20251024,170000,0.16,0.16,0.16,0.16,500,0
MACIW.US,5,20251024,170500,0.16,0.16,0.16,0.16,500,0
MACIW.US,5,20251024,171000,0.16,0.16,0.16,0.16,500,0
MACIW.US,5,20251024,171500,0.16,0.16,0.16,0.16,400,0
MACIW.US,5,20251024,172000,0.16,0.16,0.16,0.16,600,0
MACIW.US,5,20251024,172500,0.16,0.16,0.16,0.16,400,0
MACIW.US,5,20251024,173000,0.16,0.16,0.16,0.16,500,0
MACIW.US,5,20251024,173500,0.16,0.16,0.16,0.16,500,0
MACIW.US,5,20251024,174000,0.16,0.16,0.16,0.16,400,0
MACIW.US,5,20251024,174500,0.16,0.161,0.16,0.161,400,0
MACIW.US,5,20251024,175000,0.161,0.161,0.161,0.161,500,0
MACIW.US,5,20251024,175500,0.161,0.161,0.161,0.161,400,0
MACIW.US,5,20251024,180000,0.161,0.161,0.161,0.161,400,0
MACIW.US,5,20251024,180500,0.161,0.161,0.161,0.161,400,0
MACIW.US,5,20251024,181000,0.161,0.1611,0.161,0.1611,300,0
MACIW.US,5,20251024,181500,0.1611,0.1611,0.161,0.161,400,0
MACIW.US,5,20251024,182000,0.161,0.161,0.161,0.161,300,0
MACIW.US,5,20251024,182500,0.161,0.161,0.161,0.161,400,0
MACIW.US,5,20251024,183000,0.161,0.161,0.161,0.161,400,0
MACIW.US,5,20251024,183500,0.161,0.161,0.161,0.161,300,0
MACIW.US,5,20251024,184000,0.161,0.161,0.161,0.161,300,0
MACIW.US,5,20251024,184500,0.161,0.161,0.161,0.161,500,0
MACIW.US,5,20251024,185000,0.161,0.161,0.161,0.161,400,0
MACIW.US,5,20251024,185500,0.16,0.16,0.16,0.16,500,0
MACIW.US,5,20251024,190000,0.16,0.16,0.16,0.16,500,0
MACIW.US,5,20251024,190500,0.16,0.16,0.16,0.16,400,0
MACIW.US,5,20251024,191000,0.16,0.16,0.16,0.16,500,0
MACIW.US,5,20251024,191500,0.16,0.16,0.16,0.16,800,0
MACIW.US,5,20251024,192000,0.16,0.16,0.16,0.16,300,0
MACIW.US,5,20251024,192500,0.16,0.16,0.16,0.16,500,0
MACIW.US,5,20251024,193000,0.16,0.16,0.16,0.16,500,0
MACIW.US,5,20251024,193500,0.16,0.16,0.16,0.16,500,0
MACIW.US,5,20251024,194000,0.16,0.16,0.16,0.16,500,0
MACIW.US,5,20251024,194500,0.16,0.16,0.16,0.16,500,0
MACIW.US,5,20251024,195000,0.16,0.16,0.16,0.16,500,0
MACIW.US,5,20251024,195500,0.16,0.16,0.16,0.16,500,0
MACIW.US,5,20251024,200000,0.16,0.16,0.16,0.16,600,0
MACIW.US,5,20251024,200500,0.16,0.16,0.16,0.16,500,0
MACIW.US,5,20251024,201000,0.16,0.16,0.16,0.16,500,0
MACIW.US,5,20251024,201500,0.16,0.16,0.16,0.16,500,0
MACIW.US,5,20251024,202000,0.16,0.16,0.16,0.16,300,0
MACIW.US,5,20251024,202500,0.16,0.16,0.16,0.16,600,0
MACIW.US,5,20251024,203000,0.16,0.16,0.16,0.16,600,0
MACIW.US,5,20251024,203500,0.16,0.16,0.16,0.16,500,0
MACIW.US,5,20251024,204000,0.16,0.16,0.16,0.16,500,0
MACIW.US,5,20251024,204500,0.16,0.16,0.16,0.16,600,0
MACIW.US,5,20251024,205000,0.16,0.1908,0.16,0.1754,10100,0
MACIW.US,5,20251024,210000,0.16,0.16,0.16,0.16,500,0
MACIW.US,5,20251024,210500,0.16,0.16,0.16,0.16,700,0
MACIW.US,5,20251024,211000,0.16,0.16,0.16,0.16,700,0
MACIW.US,5,20251024,211500,0.16,0.16,0.16,0.16,600,0
MACIW.US,5,20251024,212000,0.16,0.16,0.16,0.16,700,0
MACIW.US,5,20251024,212500,0.16,0.16,0.16,0.16,900,0
MACIW.US,5,20251024,213000,0.16,0.16,0.16,0.16,800,0
MACIW.US,5,20251024,213500,0.16,0.16,0.16,0.16,1000,0
MACIW.US,5,20251024,214000,0.16,0.16,0.16,0.16,900,0
MACIW.US,5,20251024,214500,0.16,0.16,0.16,0.16,1300,0
MACIW.US,5,20251024,215000,0.16,0.16,0.16,0.16,2300,0
MACIW.US,5,20251024,215500,0.16,0.16,0.16,0.16,5462,0
MACIW.US,5,20251027,150000,0.16,0.16,0.16,0.16,100,0
MACIW.US,5,20251027,150500,0.16,0.16,0.16,0.16,500,0
MACIW.US,5,20251027,151000,0.16,0.16,0.16,0.16,400,0
MACIW.US,5,20251027,151500,0.16,0.16,0.16,0.16,500,0
MACIW.US,5,20251027,152000,0.16,0.16,0.16,0.16,400,0
MACIW.US,5,20251027,152500,0.16,0.16,0.16,0.16,400,0
MACIW.US,5,20251027,153000,0.16,0.16,0.16,0.16,400,0
MACIW.US,5,20251027,153500,0.16,0.16,0.16,0.16,500,0
MACIW.US,5,20251027,154000,0.16,0.16,0.16,0.16,400,0
MACIW.US,5,20251027,154500,0.16,0.16,0.16,0.16,400,0
MACIW.US,5,20251027,155000,0.16,0.16,0.16,0.16,400,0
MACIW.US,5,20251027,155500,0.16,0.16,0.16,0.16,300,0
MACIW.US,5,20251027,160000,0.16,0.16,0.16,0.16,500,0
MACIW.US,5,20251027,160500,0.16,0.16,0.16,0.16,300,0
MACIW.US,5,20251027,161000,0.16,0.16,0.16,0.16,500,0
MACIW.US,5,20251027,161500,0.16,0.16,0.16,0.16,300,0
MACIW.US,5,20251027,162000,0.16,0.16,0.16,0.16,400,0
MACIW.US,5,20251027,162500,0.16,0.16,0.16,0.16,400,0
MACIW.US,5,20251027,163000,0.16,0.16,0.16,0.16,300,0
MACIW.US,5,20251027,163500,0.16,0.16,0.16,0.16,400,0
MACIW.US,5,20251027,164000,0.16,0.16,0.16,0.16,400,0
MACIW.US,5,20251027,164500,0.16,0.16,0.16,0.16,200,0
MACIW.US,5,20251027,165000,0.16,0.16,0.16,0.16,400,0
MACIW.US,5,20251027,165500,0.16,0.16,0.16,0.16,300,0
MACIW.US,5,20251027,170000,0.16,0.16,0.16,0.16,300,0
MACIW.US,5,20251027,170500,0.16,0.16,0.16,0.16,300,0
MACIW.US,5,20251027,171000,0.16,0.16,0.16,0.16,200,0
MACIW.US,5,20251027,171500,0.16,0.16,0.16,0.16,400,0
MACIW.US,5,20251027,172000,0.16,0.16,0.16,0.16,200,0
MACIW.US,5,20251027,172500,0.16,0.16,0.16,0.16,300,0
MACIW.US,5,20251027,173000,0.16,0.16,0.16,0.16,300,0
MACIW.US,5,20251027,173500,0.16,0.16,0.16,0.16,200,0
MACIW.US,5,20251027,174000,0.16,0.16,0.16,0.16,300,0
MACIW.US,5,20251027,174500,0.16,0.16,0.16,0.16,300,0
MACIW.US,5,20251027,175000,0.16,0.16,0.16,0.16,300,0
MACIW.US,5,20251027,175500,0.16,0.16,0.16,0.16,300,0
MACIW.US,5,20251027,180000,0.16,0.16,0.16,0.16,200,0
MACIW.US,5,20251027,180500,0.16,0.16,0.16,0.16,300,0
MACIW.US,5,20251027,181000,0.16,0.16,0.16,0.16,300,0
MACIW.US,5,20251027,181500,0.16,0.16,0.16,0.16,300,0
MACIW.US,5,20251027,182000,0.16,0.16,0.16,0.16,400,0
MACIW.US,5,20251027,182500,0.16,0.16,0.16,0.16,200,0
MACIW.US,5,20251027,183000,0.16,0.16,0.16,0.16,300,0
MACIW.US,5,20251027,183500,0.16,0.16,0.16,0.16,300,0
MACIW.US,5,20251027,184000,0.16,0.16,0.16,0.16,400,0
MACIW.US,5,20251027,184500,0.16,0.16,0.16,0.16,300,0
MACIW.US,5,20251027,185000,0.16,0.16,0.16,0.16,300,0
MACIW.US,5,20251027,185500,0.16,0.16,0.16,0.16,300,0
MACIW.US,5,20251027,190000,0.16,0.16,0.16,0.16,300,0
MACIW.US,5,20251027,190500,0.16,0.16,0.16,0.16,300,0
MACIW.US,5,20251027,191000,0.16,0.16,0.16,0.16,400,0
MACIW.US,5,20251027,191500,0.16,0.16,0.16,0.16,300,0
MACIW.US,5,20251027,192000,0.16,0.16,0.16,0.16,300,0
MACIW.US,5,20251027,192500,0.16,0.16,0.16,0.16,400,0
MACIW.US,5,20251027,193000,0.16,0.16,0.16,0.16,300,0
MACIW.US,5,20251027,193500,0.16,0.16,0.16,0.16,300,0
MACIW.US,5,20251027,194000,0.16,0.16,0.16,0.16,300,0
MACIW.US,5,20251027,194500,0.16,0.16,0.16,0.16,300,0
MACIW.US,5,20251027,195000,0.16,0.16,0.16,0.16,400,0
MACIW.US,5,20251027,195500,0.16,0.16,0.16,0.16,400,0
MACIW.US,5,20251027,200000,0.16,0.16,0.16,0.16,400,0
MACIW.US,5,20251027,200500,0.16,0.16,0.16,0.16,300,0
MACIW.US,5,20251027,201000,0.16,0.19,0.16,0.19,1200,0
MACIW.US,5,20251027,201500,0.19,0.19,0.19,0.19,441,0
MACIW.US,5,20251027,202000,0.19,0.19,0.19,0.19,400,0
MACIW.US,5,20251027,202500,0.19,0.19,0.19,0.19,400,0
MACIW.US,5,20251027,203000,0.19,0.19,0.19,0.19,1131,0
MACIW.US,5,20251027,203500,0.19,0.19,0.19,0.19,600,0
MACIW.US,5,20251027,204000,0.19,0.19,0.19,0.19,600,0
MACIW.US,5,20251027,204500,0.19,0.1902,0.19,0.19,2327,0
MACIW.US,5,20251027,205000,0.19,0.19,0.19,0.19,1104,0
MACIW.US,5,20251027,205500,0.19,0.19,0.19,0.19,3800,0
MACIW.US,5,20251029,143000,0.1903,0.1904,0.1903,0.1904,230,0
MACIW.US,5,20251031,143000,0.1902,0.1902,0.1902,0.1902,156,0
MACIW.US,5,20251031,145500,0.1903,0.1903,0.1903,0.1903,100,0
MACIW.US,5,20251031,203000,0.2,0.2,0.19,0.19,3900,0
MACIW.US,5,20251031,203500,0.19,0.19,0.19,0.19,7400,0
MACIW.US,5,20251031,204000,0.19,0.19,0.19,0.19,8900,0
MACIW.US,5,20251031,204500,0.19,0.19,0.19,0.19,11300,0
MACIW.US,5,20251031,205000,0.19,0.19,0.19,0.19,21000,0
MACIW.US,5,20251031,205500,0.19,0.19,0.1886,0.1886,36884,0
MACIW.US,5,20251103,160000,0.26,0.26,0.26,0.26,3113,0
MACIW.US,5,20251103,162000,0.21,0.2788,0.16001,0.16001,1008,0
MACIW.US,5,20251110,203500,0.1711,0.1711,0.17,0.1701,8000,0
MACIW.US,5,20251111,193500,0.17,0.17,0.17,0.17,23727,0
MACIW.US,5,20251114,161000,0.2174,0.2174,0.170101,0.170101,200,0
MACIW.US,5,20251114,162500,0.1898,0.1898,0.16,0.1601,3463,0
MACIW.US,5,20251114,163000,0.1601,0.1601,0.16,0.16,4400,0
MACIW.US,5,20251118,192000,0.16,0.16,0.16,0.16,3564,0
MACIW.US,5,20251118,201500,0.16,0.16,0.1599,0.1599,200,0
MACIW.US,5,20251120,153500,0.1501,0.1501,0.1501,0.1501,241,0
MACIW.US,5,20251124,181000,0.151,0.1511,0.151,0.1511,392,0
MACIW.US,5,20251125,193000,0.1918,0.1918,0.1918,0.1918,125,0
MACIW.US,5,20251128,170500,0.172,0.172,0.172,0.172,100,0
MACIW.US,5,20251128,175500,0.172,0.172,0.172,0.172,100,0
MACIW.US,5,20251201,160000,0.173,0.173,0.173,0.173,100,0
MACIW.US,5,20251201,211000,0.186001,0.186001,0.172,0.185501,4204,0
MACIW.US,5,20251201,211500,0.172,0.181181,0.172,0.181181,416,0
MACIW.US,5,20251203,164000,0.15,0.15,0.14,0.14,1094,0
MACIW.US,5,20251203,201500,0.18,0.18,0.1721,0.1722,300,0
MACIW.US,5,20251204,153000,0.179,0.199,0.179,0.199,3198,0
MACIW.US,5,20251204,154000,0.147501,0.147501,0.147501,0.147501,258,0
MACIW.US,5,20251205,162000,0.1597,0.1597,0.1597,0.1597,2792,0
MACIW.US,5,20251212,154000,0.15,0.15,0.15,0.15,500,0
MACIW.US,5,20251212,205000,0.15,0.15,0.1401,0.1401,1832,0
