<TICKER>,<PER>,<DATE>,<TIME>,<OPEN>,<HIGH>,<LOW>,<CLOSE>,<VOL>,<OPENINT>
NPACU.US,5,20250728,203000,10.34,10.35,10.34,10.35,1103,0
NPACU.US,5,20250728,215000,10.35,10.35,10.35,10.35,390,0
NPACU.US,5,20250728,215500,10.35,10.35,10.34,10.35,3700,0
NPACU.US,5,20250729,153500,10.35,10.35,10.35,10.35,441,0
NPACU.US,5,20250729,154000,10.36,10.36,10.36,10.36,1000,0
NPACU.US,5,20250729,172500,10.33,10.33,10.31,10.31,13124,0
NPACU.US,5,20250730,215500,10.36,10.36,10.36,10.36,163,0
NPACU.US,5,20250731,164000,10.36,10.36,10.36,10.36,119,0
NPACU.US,5,20250731,165000,10.36,10.36,10.36,10.36,120,0
NPACU.US,5,20250731,171500,10.36,10.37,10.36,10.37,1289,0
NPACU.US,5,20250731,172500,10.36,10.36,10.36,10.36,100,0
NPACU.US,5,20250731,195500,10.37,10.37,10.37,10.37,253,0
NPACU.US,5,20250801,161500,10.33,10.33,10.33,10.33,337,0
NPACU.US,5,20250801,170000,10.31,10.31,10.29,10.29,8446,0
NPACU.US,5,20250801,173000,10.28,10.28,10.28,10.28,1000,0
NPACU.US,5,20250801,173500,10.28,10.28,10.2799,10.28,7500,0
NPACU.US,5,20250801,174000,10.3,10.3,10.3,10.3,1000,0
NPACU.US,5,20250801,214500,10.2993,10.2993,10.2993,10.2993,1000,0
NPACU.US,5,20250801,215500,10.29,10.31,10.29,10.31,313,0
NPACU.US,5,20250804,172000,10.32,10.32,10.32,10.32,333,0
NPACU.US,5,20250804,191000,10.3,10.3,10.3,10.3,1100,0
NPACU.US,5,20250804,214000,10.31,10.315,10.29,10.3,20400,0
NPACU.US,5,20250804,215500,10.27,10.27,10.27,10.27,100,0
NPACU.US,5,20250805,170500,10.3,10.3,10.3,10.3,300,0
NPACU.US,5,20250805,172500,10.295,10.295,10.28,10.28,1100,0
NPACU.US,5,20250805,200500,10.28,10.28,10.28,10.28,1000,0
NPACU.US,5,20250806,162500,10.31,10.31,10.31,10.31,288,0
NPACU.US,5,20250806,163000,10.31,10.31,10.31,10.31,4880,0
NPACU.US,5,20250806,203500,10.31,10.31,10.31,10.31,1019,0
NPACU.US,5,20250807,162500,10.32,10.32,10.32,10.32,200,0
NPACU.US,5,20250807,194000,10.31,10.31,10.31,10.31,100,0
NPACU.US,5,20250807,204000,10.3,10.3,10.3,10.3,3000,0
NPACU.US,5,20250807,212000,10.3,10.3,10.3,10.3,1900,0
NPACU.US,5,20250807,215500,10.3,10.3,10.3,10.3,100,0
NPACU.US,5,20250808,153000,10.2864,10.2864,10.2864,10.2864,200,0
NPACU.US,5,20250808,164000,10.3,10.3,10.3,10.3,270,0
NPACU.US,5,20250808,215000,10.28,10.28,10.2799,10.28,4720,0
NPACU.US,5,20250811,154000,10.2906,10.2906,10.28,10.2815,2300,0
NPACU.US,5,20250811,155000,10.28,10.28,10.28,10.28,100,0
NPACU.US,5,20250811,161500,10.28,10.28,10.249,10.25,15900,0
NPACU.US,5,20250811,170000,10.25,10.27,10.25,10.2599,700,0
NPACU.US,5,20250811,172000,10.25,10.25,10.25,10.25,100,0
NPACU.US,5,20250811,195500,10.25,10.25,10.23,10.23,10000,0
NPACU.US,5,20250811,201500,10.26,10.26,10.25,10.25,300,0
NPACU.US,5,20250811,215500,10.25,10.25,10.25,10.25,200,0
NPACU.US,5,20250812,160500,10.22,10.25,10.22,10.25,359,0
NPACU.US,5,20250812,182000,10.23,10.23,10.23,10.23,2800,0
NPACU.US,5,20250812,182500,10.24,10.25,10.24,10.247,2005,0
NPACU.US,5,20250812,183000,10.23,10.25,10.23,10.2476,2322,0
NPACU.US,5,20250812,183500,10.26,10.2812,10.26,10.2601,1100,0
NPACU.US,5,20250812,190500,10.24,10.24,10.24,10.24,100,0
NPACU.US,5,20250812,195000,10.25,10.2552,10.25,10.2501,900,0
NPACU.US,5,20250812,201500,10.24,10.24,10.24,10.24,100,0
NPACU.US,5,20250813,165500,10.29,10.3,10.24,10.3,330,0
NPACU.US,5,20250813,205500,10.29,10.29,10.29,10.29,100,0
NPACU.US,5,20250813,215500,10.29,10.29,10.29,10.29,200,0
NPACU.US,5,20250814,160000,10.24,10.2718,10.24,10.24,4000,0
NPACU.US,5,20250814,172000,10.2698,10.2765,10.25,10.25,1594,0
NPACU.US,5,20250814,174500,10.26,10.2707,10.26,10.2707,400,0
NPACU.US,5,20250814,175000,10.26,10.26,10.26,10.26,500,0
NPACU.US,5,20250814,175500,10.2401,10.2718,10.24,10.2482,4900,0
NPACU.US,5,20250814,184500,10.24,10.24,10.24,10.24,100,0
NPACU.US,5,20250814,192000,10.24,10.24,10.24,10.24,1845,0
NPACU.US,5,20250814,214500,10.22,10.22,10.22,10.22,100,0
NPACU.US,5,20250814,215500,10.22,10.22,10.22,10.22,200,0
NPACU.US,5,20250815,172500,10.27,10.27,10.27,10.27,100,0
NPACU.US,5,20250815,195500,10.27,10.27,10.27,10.27,100,0
NPACU.US,5,20250815,214500,10.23,10.23,10.23,10.23,150000,0
NPACU.US,5,20250818,164000,10.23,10.23,10.23,10.23,100,0
NPACU.US,5,20250818,181500,10.25,10.25,10.25,10.25,216,0
NPACU.US,5,20250818,182500,10.23,10.23,10.23,10.23,100,0
NPACU.US,5,20250818,203000,10.23,10.23,10.23,10.23,171,0
NPACU.US,5,20250819,172500,10.23,10.25,10.23,10.25,369,0
NPACU.US,5,20250819,204500,10.24,10.25,10.24,10.24,1600,0
NPACU.US,5,20250819,210000,10.24,10.24,10.24,10.24,200,0
NPACU.US,5,20250819,210500,10.24,10.24,10.24,10.24,2100,0
NPACU.US,5,20250819,212000,10.24,10.24,10.24,10.24,100,0
NPACU.US,5,20250819,214500,10.24,10.24,10.24,10.24,500,0
NPACU.US,5,20250819,215500,10.24,10.24,10.24,10.24,1100,0
NPACU.US,5,20250820,164500,10.23,10.23,10.23,10.23,4980,0
NPACU.US,5,20250820,165000,10.21,10.21,10.21,10.21,100,0
NPACU.US,5,20250820,170000,10.21,10.21,10.21,10.21,100,0
NPACU.US,5,20250820,173500,10.21,10.21,10.21,10.21,100,0
NPACU.US,5,20250820,190000,10.21,10.21,10.21,10.21,100,0
NPACU.US,5,20250820,193500,10.23,10.23,10.23,10.23,100,0
NPACU.US,5,20250820,194500,10.21,10.21,10.21,10.21,100,0
NPACU.US,5,20250821,164000,10.23,10.25,10.23,10.25,200,0
NPACU.US,5,20250822,172000,10.25,10.25,10.21,10.21,292,0
NPACU.US,5,20250825,170500,10.23,10.25,10.23,10.25,200,0
NPACU.US,5,20250825,174500,10.2408,10.2408,10.2408,10.2408,500,0
NPACU.US,5,20250825,200500,10.2408,10.2408,10.2408,10.2408,500,0
NPACU.US,5,20250826,164500,10.23,10.25,10.23,10.25,280,0
NPACU.US,5,20250827,163000,10.25,10.25,10.25,10.25,100,0
NPACU.US,5,20250828,153000,10.25,10.27,10.25,10.27,1161,0
NPACU.US,5,20250829,173000,10.22,10.22,10.22,10.22,100,0
NPACU.US,5,20250902,160500,10.27,10.27,10.27,10.27,993,0
NPACU.US,5,20250904,184500,10.22,10.22,10.2,10.2,11165,0
NPACU.US,5,20250904,195000,10.22,10.22,10.22,10.22,100,0
NPACU.US,5,20250908,163500,10.22,10.22,10.22,10.22,100,0
NPACU.US,5,20250909,163000,10.22,10.22,10.22,10.22,100,0
NPACU.US,5,20250909,193500,10.22,10.22,10.2,10.2,6300,0
NPACU.US,5,20250909,201000,10.2,10.2,10.2,10.2,100,0
NPACU.US,5,20250909,210000,10.2,10.2001,10.2,10.2,700,0
NPACU.US,5,20250909,211500,10.2,10.2,10.2,10.2,100,0
NPACU.US,5,20250909,215500,10.2,10.2,10.2,10.2,200,0
NPACU.US,5,20250910,155500,10.21,10.21,10.21,10.21,100,0
NPACU.US,5,20250910,215500,10.21,10.21,10.21,10.21,100,0
NPACU.US,5,20250911,160500,10.21,10.21,10.21,10.21,100,0
NPACU.US,5,20250912,160500,10.21,10.21,10.21,10.21,100,0
NPACU.US,5,20250912,180000,10.2101,10.2207,10.21,10.2101,600,0
NPACU.US,5,20250912,181000,10.21,10.21,10.175,10.18,12098,0
NPACU.US,5,20250912,185500,10.19,10.19,10.19,10.19,100,0
NPACU.US,5,20250912,192500,10.1901,10.1901,10.18,10.18,6092,0
NPACU.US,5,20250912,195500,10.19,10.19,10.19,10.19,100,0
NPACU.US,5,20250912,214500,10.21,10.21,10.21,10.21,391,0
NPACU.US,5,20250912,215000,10.21,10.21,10.21,10.21,415,0
NPACU.US,5,20250912,215500,10.21,10.21,10.21,10.21,169,0
NPACU.US,5,20250915,153000,10.2224,10.2254,10.22,10.22,2973,0
NPACU.US,5,20250915,153500,10.2201,10.2201,10.22,10.22,491,0
NPACU.US,5,20250915,155500,10.2254,10.2254,10.22,10.2201,400,0
NPACU.US,5,20250915,171500,10.2299,10.23,10.2299,10.23,491,0
NPACU.US,5,20250915,173500,10.22,10.22,10.22,10.22,100,0
NPACU.US,5,20250915,183500,10.2238,10.2238,10.2238,10.2238,500,0
NPACU.US,5,20250916,164000,10.22,10.22,10.22,10.22,100,0
NPACU.US,5,20250916,211500,10.23,10.23,10.225,10.23,1677,0
NPACU.US,5,20250916,214000,10.25,10.25,10.23,10.23,700,0
NPACU.US,5,20250916,215500,10.26,10.26,10.26,10.26,212,0
NPACU.US,5,20250917,153500,10.25,10.25,10.25,10.25,200,0
NPACU.US,5,20250917,155000,10.24,10.24,10.24,10.24,100,0
NPACU.US,5,20250917,170000,10.23,10.27,10.23,10.2301,2686,0
NPACU.US,5,20250917,173500,10.23,10.2514,10.23,10.23,700,0
NPACU.US,5,20250919,184000,10.22,10.22,10.22,10.22,600,0
NPACU.US,5,20250919,201500,10.22,10.22,10.22,10.22,1932,0
NPACU.US,5,20250919,202000,10.2146,10.22,10.2146,10.219,1200,0
NPACU.US,5,20250919,202500,10.22,10.22,10.22,10.22,100,0
NPACU.US,5,20250919,203000,10.2191,10.2199,10.2146,10.2176,600,0
NPACU.US,5,20250919,205000,10.219,10.22,10.2146,10.2191,2900,0
NPACU.US,5,20250919,205500,10.2199,10.22,10.2146,10.219,2100,0
NPACU.US,5,20250919,211500,10.22,10.22,10.22,10.22,2218,0
NPACU.US,5,20250919,214500,10.24,10.24,10.24,10.24,100,0
NPACU.US,5,20250919,215500,10.24,10.24,10.24,10.24,100,0
NPACU.US,5,20250922,174000,10.23,10.23,10.23,10.23,100,0
NPACU.US,5,20250922,184000,10.24,10.2457,10.24,10.2401,500,0
NPACU.US,5,20250922,214500,10.24,10.24,10.24,10.24,4324,0
NPACU.US,5,20250922,215500,10.24,10.24,10.235,10.24,645,0
NPACU.US,5,20250923,173500,10.23,10.23,10.23,10.23,100,0
NPACU.US,5,20250923,213000,10.25,10.25,10.2393,10.2393,700,0
NPACU.US,5,20250923,213500,10.2488,10.25,10.2301,10.25,4600,0
NPACU.US,5,20250923,214000,10.25,10.25,10.25,10.25,100,0
NPACU.US,5,20250923,214500,10.25,10.25,10.24,10.24,300,0
NPACU.US,5,20250923,215000,10.25,10.25,10.2499,10.25,2945,0
NPACU.US,5,20250923,215500,10.27,10.27,10.27,10.27,100,0
NPACU.US,5,20250925,172000,10.23,10.24,10.23,10.24,1300,0
NPACU.US,5,20250925,200500,10.25,10.25,10.25,10.25,200,0
NPACU.US,5,20250925,215500,10.27,10.27,10.27,10.27,112,0
NPACU.US,5,20250926,185000,10.27,10.27,10.27,10.27,1826,0
NPACU.US,5,20250926,191500,10.27,10.27,10.27,10.27,200,0
NPACU.US,5,20250926,215500,10.28,10.28,10.28,10.28,200,0
NPACU.US,5,20250929,155500,10.28,10.28,10.28,10.28,112,0
NPACU.US,5,20250929,171500,10.2452,10.26,10.2452,10.2599,900,0
NPACU.US,5,20250929,195500,10.2538,10.2538,10.2538,10.2538,7000,0
NPACU.US,5,20250929,210500,10.2459,10.25,10.2339,10.25,1300,0
NPACU.US,5,20250929,211000,10.26,10.26,10.2386,10.26,1300,0
NPACU.US,5,20250929,214500,10.2599,10.26,10.25,10.25,1100,0
NPACU.US,5,20250929,215500,10.28,10.28,10.28,10.28,101,0
NPACU.US,5,20251001,180500,10.25,10.25,10.25,10.25,900,0
NPACU.US,5,20251001,184500,10.2549,10.26,10.2386,10.26,1100,0
NPACU.US,5,20251001,193000,10.28,10.2966,10.28,10.2966,1642,0
NPACU.US,5,20251001,193500,10.2863,10.32,10.28,10.2863,3437,0
NPACU.US,5,20251001,205500,10.28,10.2907,10.28,10.2801,500,0
NPACU.US,5,20251001,210500,10.28,10.28,10.28,10.28,100,0
NPACU.US,5,20251001,211000,10.28,10.2907,10.28,10.2816,500,0
NPACU.US,5,20251001,211500,10.2816,10.2816,10.2816,10.2816,100,0
NPACU.US,5,20251001,212000,10.2877,10.2907,10.28,10.28,1633,0
NPACU.US,5,20251001,212500,10.2801,10.2907,10.28,10.2816,1600,0
NPACU.US,5,20251001,215500,10.3,10.3,10.3,10.3,205,0
NPACU.US,5,20251002,164500,10.2606,10.2691,10.26,10.2691,300,0
NPACU.US,5,20251002,171000,10.29,10.29,10.28,10.28,800,0
NPACU.US,5,20251002,171500,10.28,10.28,10.28,10.28,100,0
NPACU.US,5,20251002,180500,10.28,10.28,10.2799,10.28,400,0
NPACU.US,5,20251002,181000,10.29,10.3,10.29,10.3,300,0
NPACU.US,5,20251002,182000,10.29,10.29,10.29,10.29,100,0
NPACU.US,5,20251002,204000,10.2903,10.3061,10.29,10.2941,600,0
NPACU.US,5,20251002,205000,10.29,10.29,10.29,10.29,100,0
NPACU.US,5,20251002,215500,10.32,10.32,10.32,10.32,104,0
NPACU.US,5,20251003,185500,10.28,10.28,10.28,10.28,100,0
NPACU.US,5,20251003,191500,10.3199,10.32,10.3199,10.32,600,0
NPACU.US,5,20251003,192000,10.32,10.32,10.32,10.32,346,0
NPACU.US,5,20251003,193000,10.32,10.32,10.32,10.32,100,0
NPACU.US,5,20251003,194500,10.3395,10.3395,10.3395,10.3395,250,0
NPACU.US,5,20251003,205000,10.3218,10.3307,10.32,10.32,1000,0
NPACU.US,5,20251003,213000,10.3201,10.3307,10.32,10.32,400,0
NPACU.US,5,20251003,215500,10.34,10.34,10.34,10.34,200,0
NPACU.US,5,20251006,171000,10.3,10.34,10.3,10.34,1036,0
NPACU.US,5,20251006,172000,10.34,10.3401,10.34,10.34,1100,0
NPACU.US,5,20251006,173000,10.34,10.34,10.34,10.34,100,0
NPACU.US,5,20251006,174000,10.34,10.34,10.34,10.34,800,0
NPACU.US,5,20251006,180000,10.34,10.3424,10.34,10.34,500,0
NPACU.US,5,20251006,180500,10.34,10.34,10.34,10.34,100,0
NPACU.US,5,20251006,193000,10.34,10.34,10.34,10.34,100,0
NPACU.US,5,20251006,202000,10.3401,10.3424,10.34,10.3424,800,0
NPACU.US,5,20251006,203000,10.34,10.34,10.34,10.34,100,0
NPACU.US,5,20251006,213000,10.3401,10.3424,10.34,10.3424,400,0
NPACU.US,5,20251006,213500,10.34,10.34,10.34,10.34,100,0
NPACU.US,5,20251007,172500,10.32,10.32,10.32,10.32,100,0
NPACU.US,5,20251007,175500,10.32,10.32,10.32,10.32,500,0
NPACU.US,5,20251007,181500,10.32,10.32,10.32,10.32,100,0
NPACU.US,5,20251007,214000,10.35,10.35,10.35,10.35,2003,0
NPACU.US,5,20251007,215000,10.36,10.36,10.36,10.36,100,0
NPACU.US,5,20251008,153000,10.36,10.36,10.36,10.36,100,0
NPACU.US,5,20251008,181000,10.37,10.37,10.37,10.37,1199,0
NPACU.US,5,20251008,181500,10.37,10.3861,10.37,10.3701,2900,0
NPACU.US,5,20251008,182000,10.3771,10.3816,10.37,10.37,1300,0
NPACU.US,5,20251008,212500,10.37,10.37,10.37,10.37,100,0
NPACU.US,5,20251009,161500,10.4,10.4,10.35,10.35,1501,0
NPACU.US,5,20251009,163000,10.4161,10.4161,10.4,10.4,1000,0
NPACU.US,5,20251009,181500,10.43,10.43,10.43,10.43,1325,0
NPACU.US,5,20251009,185000,10.45,10.45,10.45,10.45,100,0
NPACU.US,5,20251010,165500,10.39,10.39,10.39,10.39,100,0
NPACU.US,5,20251013,162000,10.38,10.38,10.38,10.38,1000,0
NPACU.US,5,20251013,185500,10.4,10.4,10.4,10.4,100,0
NPACU.US,5,20251013,205000,10.45,10.45,10.45,10.45,5000,0
NPACU.US,5,20251013,210500,10.45,10.45,10.425,10.45,16895,0
NPACU.US,5,20251013,211000,10.43,10.45,10.43,10.45,10300,0
NPACU.US,5,20251013,213000,10.45,10.45,10.45,10.45,100,0
NPACU.US,5,20251017,215500,10.4,10.4,10.4,10.4,100,0
NPACU.US,5,20251020,162000,10.44,10.44,10.39,10.44,6000,0
NPACU.US,5,20251020,162500,10.41,10.41,10.41,10.41,100,0
NPACU.US,5,20251020,164500,10.41,10.41,10.41,10.41,100,0
NPACU.US,5,20251020,165000,10.41,10.41,10.41,10.41,100,0
NPACU.US,5,20251020,171000,10.42,10.42,10.42,10.42,638,0
NPACU.US,5,20251020,173500,10.42,10.42,10.42,10.42,100,0
NPACU.US,5,20251020,202500,10.4329,10.4329,10.4329,10.4329,250,0
NPACU.US,5,20251020,211000,10.42,10.42,10.42,10.42,100,0
NPACU.US,5,20251021,215500,10.43,10.43,10.43,10.43,100,0
NPACU.US,5,20251022,185000,10.4,10.4,10.4,10.4,100,0
NPACU.US,5,20251022,205500,10.39,10.39,10.39,10.39,100,0
NPACU.US,5,20251023,160500,10.4,10.4,10.4,10.4,100,0
NPACU.US,5,20251027,205500,10.41,10.41,10.41,10.41,600,0
NPACU.US,5,20251028,205500,10.44,10.44,10.44,10.44,100,0
NPACU.US,5,20251029,164500,10.43,10.43,10.43,10.43,100,0
NPACU.US,5,20251030,205000,10.43,10.43,10.43,10.43,100,0
NPACU.US,5,20251031,143000,10.55,10.55,10.55,10.55,1000,0
NPACU.US,5,20251104,162500,10.44,10.44,10.44,10.44,100,0
NPACU.US,5,20251104,203000,10.44,10.44,10.44,10.44,100,0
NPACU.US,5,20251110,201500,10.45,10.45,10.45,10.45,100,0
NPACU.US,5,20251112,200000,10.5981,10.5981,10.43,10.43,3086,0
NPACU.US,5,20251112,202500,10.46,10.5773,10.43,10.43,8773,0
NPACU.US,5,20251112,203000,10.43,10.43,10.43,10.43,100,0
NPACU.US,5,20251112,203500,10.43,10.43,10.43,10.43,100,0
NPACU.US,5,20251114,211000,10.43,10.43,10.43,10.43,100,0
NPACU.US,5,20251117,212500,10.43,10.43,10.38,10.43,3882,0
NPACU.US,5,20251118,192000,10.39,10.39,10.39,10.39,100,0
NPACU.US,5,20251119,153000,10.38,10.38,10.38,10.38,446,0
NPACU.US,5,20251119,215000,10.39,10.39,10.39,10.39,100,0
NPACU.US,5,20251120,160500,10.39,10.39,10.39,10.39,100,0
NPACU.US,5,20251121,160500,10.39,10.39,10.39,10.39,100,0
NPACU.US,5,20251124,161500,10.35,10.35,10.35,10.35,100,0
NPACU.US,5,20251125,161000,10.36,10.36,10.36,10.36,100,0
NPACU.US,5,20251126,161000,10.34,10.34,10.34,10.34,100,0
NPACU.US,5,20251126,215000,10.35,10.35,10.35,10.35,100,0
NPACU.US,5,20251128,153000,10.45,10.45,10.45,10.45,452,0
NPACU.US,5,20251128,163500,10.35,10.35,10.35,10.35,100,0
NPACU.US,5,20251201,161000,10.36,10.36,10.36,10.36,100,0
NPACU.US,5,20251202,161500,10.36,10.36,10.36,10.36,100,0
NPACU.US,5,20251203,160000,10.36,10.36,10.36,10.36,200,0
NPACU.US,5,20251203,160500,10.36,10.36,10.36,10.36,100,0
NPACU.US,5,20251203,183500,10.36,10.36,10.36,10.36,2500,0
NPACU.US,5,20251203,185000,10.34,10.34,10.34,10.34,200,0
NPACU.US,5,20251203,190500,10.34,10.34,10.34,10.34,1663,0
NPACU.US,5,20251203,194000,10.34,10.34,10.34,10.34,100,0
NPACU.US,5,20251203,215000,10.37,10.37,10.37,10.37,349,0
NPACU.US,5,20251203,215500,10.37,10.37,10.37,10.37,149,0
NPACU.US,5,20251204,162500,10.34,10.34,10.34,10.34,100,0
NPACU.US,5,20251204,185000,10.36,10.36,10.36,10.36,200,0
NPACU.US,5,20251204,195000,10.36,10.36,10.36,10.36,200,0
NPACU.US,5,20251204,201500,10.36,10.36,10.36,10.36,300,0
NPACU.US,5,20251204,205000,10.36,10.36,10.36,10.36,112,0
NPACU.US,5,20251205,160500,10.34,10.34,10.34,10.34,100,0
NPACU.US,5,20251205,203000,10.38,10.38,10.38,10.38,1274,0
NPACU.US,5,20251205,210500,10.38,10.38,10.38,10.38,100,0
NPACU.US,5,20251209,175500,10.35,10.35,10.35,10.35,100,0
NPACU.US,5,20251210,171500,10.37,10.37,10.37,10.37,100,0
NPACU.US,5,20251211,164500,10.4,10.42,10.4,10.42,1090,0
NPACU.US,5,20251211,174000,10.42,10.42,10.42,10.42,100,0
