<TICKER>,<PER>,<DATE>,<TIME>,<OPEN>,<HIGH>,<LOW>,<CLOSE>,<VOL>,<OPENINT>
RAND.US,5,20250728,155500,18.54,18.54,18,18,1495,0
RAND.US,5,20250728,160500,18.51,18.51,18.51,18.51,100,0
RAND.US,5,20250728,165500,18.357,18.357,18.357,18.357,100,0
RAND.US,5,20250728,195500,18.3666,18.3666,18.3666,18.3666,100,0
RAND.US,5,20250728,214500,19,19,19,19,124,0
RAND.US,5,20250729,154000,18.51,18.51,18.51,18.51,100,0
RAND.US,5,20250729,164000,18.54,18.69,18.35,18.69,1400,0
RAND.US,5,20250729,164500,18.0001,18.0001,18.0001,18.0001,200,0
RAND.US,5,20250729,171500,18.35,18.35,18.35,18.35,107,0
RAND.US,5,20250729,174000,18.66,18.66,18.66,18.66,200,0
RAND.US,5,20250729,194000,18.114,18.5024,18.114,18.3332,2500,0
RAND.US,5,20250729,212500,18.4999,18.4999,18.4999,18.4999,329,0
RAND.US,5,20250729,215000,18.49,18.49,18.49,18.49,100,0
RAND.US,5,20250730,154500,18.65,18.65,18.65,18.65,150,0
RAND.US,5,20250730,160500,18.35,18.35,18.35,18.35,100,0
RAND.US,5,20250730,182500,18.4047,18.4047,18.4047,18.4047,375,0
RAND.US,5,20250730,192000,18.4,18.4,18.4,18.4,100,0
RAND.US,5,20250731,180500,18.5,19.0199,18.5,19.0199,627,0
RAND.US,5,20250731,215000,18.345,18.345,18.345,18.345,100,0
RAND.US,5,20250801,153000,18.46,18.46,18.46,18.46,300,0
RAND.US,5,20250801,174000,18.237,18.237,18.237,18.237,100,0
RAND.US,5,20250801,201500,18.02,18.45,18.02,18.45,600,0
RAND.US,5,20250801,215500,18.225,18.225,18.225,18.225,100,0
RAND.US,5,20250804,153000,18,18,18,18,421,0
RAND.US,5,20250804,155500,18.3811,18.3811,18.3811,18.3811,200,0
RAND.US,5,20250804,165000,17.5,17.5,17.5,17.5,200,0
RAND.US,5,20250804,191000,17.6876,17.6876,17.6876,17.6876,100,0
RAND.US,5,20250805,153000,18.15,18.15,18.15,18.15,126,0
RAND.US,5,20250805,165000,17.6,17.6,17.6,17.6,100,0
RAND.US,5,20250805,165500,17.5,17.5,17.5,17.5,100,0
RAND.US,5,20250805,170000,17.245,17.245,17.245,17.245,326,0
RAND.US,5,20250805,175000,17.54,17.54,17.54,17.54,100,0
RAND.US,5,20250805,180000,17.16,17.16,17.16,17.16,100,0
RAND.US,5,20250805,181000,17.3795,17.3795,17.3795,17.3795,400,0
RAND.US,5,20250805,182500,17.86,17.86,17.86,17.86,100,0
RAND.US,5,20250805,184500,17.575,17.575,17.575,17.575,102,0
RAND.US,5,20250805,191500,17.3,17.31,17.3,17.31,1561,0
RAND.US,5,20250805,201500,17.825,17.825,17.825,17.825,300,0
RAND.US,5,20250805,211500,17.6,17.82,17.6,17.82,645,0
RAND.US,5,20250805,212500,17.86,17.86,17.86,17.86,372,0
RAND.US,5,20250805,213000,18.12,18.15,18.12,18.15,1254,0
RAND.US,5,20250805,213500,17.725,17.725,17.725,17.725,140,0
RAND.US,5,20250806,164000,17.575,17.575,17.575,17.575,248,0
RAND.US,5,20250806,172000,17.575,17.575,17.575,17.575,200,0
RAND.US,5,20250806,172500,17.575,17.575,17.575,17.575,184,0
RAND.US,5,20250806,200000,17.0115,17.575,17.0115,17.575,460,0
RAND.US,5,20250806,201000,17.57,17.57,17.57,17.57,300,0
RAND.US,5,20250806,213500,17.56,17.56,17.56,17.56,183,0
RAND.US,5,20250807,162500,17.0001,17.0001,17.0001,17.0001,200,0
RAND.US,5,20250807,173000,17.2175,17.2175,17.2175,17.2175,100,0
RAND.US,5,20250807,183500,17.04,17.04,17.04,17.04,100,0
RAND.US,5,20250807,184000,17,17,17,17,461,0
RAND.US,5,20250808,153000,17.1,17.1,17.1,17.1,111,0
RAND.US,5,20250808,165500,16.715,16.715,16.715,16.715,1000,0
RAND.US,5,20250808,170500,16.68,16.68,16.68,16.68,100,0
RAND.US,5,20250808,204500,16.9426,16.9426,16.9426,16.9426,100,0
RAND.US,5,20250808,212000,17.25,17.25,17.25,17.25,100,0
RAND.US,5,20250808,213000,16.72,16.72,16.72,16.72,100,0
RAND.US,5,20250808,214000,16.7448,16.7448,16.7448,16.7448,200,0
RAND.US,5,20250811,153000,17.17,17.17,17.17,17.17,460,0
RAND.US,5,20250811,184000,16.6255,16.6255,16.6255,16.6255,100,0
RAND.US,5,20250811,214000,16.5715,16.5715,16.5715,16.5715,100,0
RAND.US,5,20250812,153000,16.63,16.63,16.405,16.405,200,0
RAND.US,5,20250812,170000,16.18,16.18,16.18,16.18,1000,0
RAND.US,5,20250812,181500,16.25,16.4793,16.25,16.4793,300,0
RAND.US,5,20250812,191500,16.59,16.59,16.59,16.59,127,0
RAND.US,5,20250812,193000,16.19,16.22,16.18,16.18,900,0
RAND.US,5,20250812,194500,16.95,16.95,16.95,16.95,200,0
RAND.US,5,20250812,205000,16.95,16.95,16.95,16.95,358,0
RAND.US,5,20250812,213500,16.05,16.05,16.05,16.05,100,0
RAND.US,5,20250812,214500,16.06,16.09,16.06,16.06,300,0
RAND.US,5,20250812,215000,16.07,16.07,16.06,16.06,200,0
RAND.US,5,20250812,215500,16.06,16.1,16.06,16.06,348,0
RAND.US,5,20250813,153000,16.02,16.02,16.02,16.02,107,0
RAND.US,5,20250813,153500,16.02,16.02,16.02,16.02,854,0
RAND.US,5,20250813,161000,17.05,17.05,17.05,17.05,100,0
RAND.US,5,20250813,162000,15.35,15.35,15.35,15.35,100,0
RAND.US,5,20250813,171000,13.82,13.82,13.82,13.82,100,0
RAND.US,5,20250813,172500,14.97,16.3,14.97,16.3,209,0
RAND.US,5,20250813,173500,16.008708,16.008708,16.008708,16.008708,100,0
RAND.US,5,20250813,174500,14.41,14.41,14.41,14.41,100,0
RAND.US,5,20250813,175500,14.42,14.88,14.1401,14.88,300,0
RAND.US,5,20250813,180000,15.62,15.62,14.43,14.43,200,0
RAND.US,5,20250813,181000,14.945,14.945,14.945,14.945,100,0
RAND.US,5,20250813,181500,14.51,14.51,14.51,14.51,100,0
RAND.US,5,20250813,182000,14.5,14.5,14.5,14.5,100,0
RAND.US,5,20250813,183000,14.5389,14.5389,14.5389,14.5389,200,0
RAND.US,5,20250813,184000,14.75,14.75,14.75,14.75,200,0
RAND.US,5,20250813,190000,14.5581,14.5581,14.5581,14.5581,134,0
RAND.US,5,20250813,190500,14.565,14.565,14.565,14.565,100,0
RAND.US,5,20250813,191000,14.565,14.565,14.565,14.565,100,0
RAND.US,5,20250813,191500,14.41,14.41,14.41,14.41,100,0
RAND.US,5,20250813,192500,14.4675,14.4675,14.4675,14.4675,100,0
RAND.US,5,20250813,195500,14.9469,14.9469,14.9469,14.9469,300,0
RAND.US,5,20250813,200000,15,15,14.37,14.37,300,0
RAND.US,5,20250813,210000,14.6,14.6,14.2501,14.2501,200,0
RAND.US,5,20250813,214000,14.25,14.26,14.25,14.26,490,0
RAND.US,5,20250813,214500,14.26,14.26,14.26,14.26,100,0
RAND.US,5,20250813,215000,14.26,14.35,14.26,14.35,300,0
RAND.US,5,20250813,215500,14.4,14.64,14.35,14.35,500,0
RAND.US,5,20250814,153000,14.35,14.4,14.35,14.4,985,0
RAND.US,5,20250814,155000,15.79,15.79,15.79,15.79,345,0
RAND.US,5,20250814,155500,15.315,15.315,15.315,15.315,250,0
RAND.US,5,20250814,171000,15.12,15.12,15.12,15.12,200,0
RAND.US,5,20250814,174000,15.58,15.58,15.58,15.58,327,0
RAND.US,5,20250814,174500,15.0326,15.0326,15.0326,15.0326,100,0
RAND.US,5,20250814,182500,15.12,15.2,15.12,15.19,1366,0
RAND.US,5,20250814,183000,15.3,15.3,15.3,15.3,200,0
RAND.US,5,20250814,183500,16,16,16,16,469,0
RAND.US,5,20250814,190000,16.205,16.205,16.205,16.205,100,0
RAND.US,5,20250814,192000,15.42,15.42,15.205,15.205,900,0
RAND.US,5,20250814,194000,15.205,15.205,15.205,15.205,100,0
RAND.US,5,20250814,213500,15.205,15.205,15.205,15.205,100,0
RAND.US,5,20250815,165500,15,15.2181,15,15.2181,200,0
RAND.US,5,20250815,190500,15.64,15.64,15.4,15.4,363,0
RAND.US,5,20250815,191500,15.8015,16.055,15.8015,16.055,200,0
RAND.US,5,20250815,200500,16.1,16.1,16.1,16.1,100,0
RAND.US,5,20250815,204000,15.21,15.21,15.21,15.21,200,0
RAND.US,5,20250818,153000,15.95,15.95,15.95,15.95,572,0
RAND.US,5,20250818,155500,16.245,16.245,16.245,16.245,500,0
RAND.US,5,20250818,162000,16.45,16.45,16.45,16.45,100,0
RAND.US,5,20250818,163000,15.5,15.5,15.5,15.5,100,0
RAND.US,5,20250818,172500,15.5,16.245,15.5,16.245,200,0
RAND.US,5,20250818,175500,15.86,15.86,15.86,15.86,100,0
RAND.US,5,20250818,181500,16.0595,16.0595,16.0595,16.0595,123,0
RAND.US,5,20250818,184500,16,16,16,16,100,0
RAND.US,5,20250818,194000,15.5,15.9271,15.5,15.9271,200,0
RAND.US,5,20250819,161000,15.9007,15.9007,15.9007,15.9007,266,0
RAND.US,5,20250819,171500,16.0985,16.0985,16.055,16.055,213,0
RAND.US,5,20250819,172500,15.91,15.91,15.91,15.91,100,0
RAND.US,5,20250819,174000,16.0985,16.0985,16.055,16.055,264,0
RAND.US,5,20250820,153000,15.92,15.92,15.92,15.92,1134,0
RAND.US,5,20250820,153500,15.9,15.9,15.9,15.9,100,0
RAND.US,5,20250820,154000,16.2,16.2,16.2,16.2,200,0
RAND.US,5,20250820,173500,15.755,15.755,15.755,15.755,200,0
RAND.US,5,20250820,185500,15.755,15.755,15.755,15.755,143,0
RAND.US,5,20250820,201000,15.7754,15.7754,15.7754,15.7754,123,0
RAND.US,5,20250820,211000,15.6959,15.6959,15.6959,15.6959,603,0
RAND.US,5,20250821,213000,15.25,15.25,15.25,15.25,100,0
RAND.US,5,20250822,153000,15.17,15.17,15.17,15.17,203,0
RAND.US,5,20250822,161000,15.25,15.25,15.25,15.25,400,0
RAND.US,5,20250822,161500,15.5,15.5,15.5,15.5,200,0
RAND.US,5,20250822,170500,15.8567,15.8567,15.8567,15.8567,100,0
RAND.US,5,20250822,195500,15.58,15.58,15.58,15.58,100,0
RAND.US,5,20250825,153000,15.94,15.94,15.94,15.94,256,0
RAND.US,5,20250825,154500,16.07,16.07,16.07,16.07,135,0
RAND.US,5,20250825,164000,16.05,16.05,16.05,16.05,900,0
RAND.US,5,20250825,164500,15.61,15.61,15.6,15.6,1259,0
RAND.US,5,20250825,170000,15.6,15.6001,15.2,15.6001,1300,0
RAND.US,5,20250825,184000,15.95,16.0292,15.95,16.0292,1304,0
RAND.US,5,20250825,210500,15.75,15.77,15.75,15.77,200,0
RAND.US,5,20250825,215500,15.66,15.66,15.66,15.66,207,0
RAND.US,5,20250826,153000,15.52,15.52,15.52,15.52,406,0
RAND.US,5,20250826,163000,15.785,15.785,15.6801,15.6801,1594,0
RAND.US,5,20250826,171500,15.5001,15.5001,15.5001,15.5001,149,0
RAND.US,5,20250826,181500,16.07,16.07,16.07,16.07,100,0
RAND.US,5,20250826,185000,15.9132,15.9132,15.9132,15.9132,100,0
RAND.US,5,20250826,213500,16.0147,16.0147,16.0147,16.0147,205,0
RAND.US,5,20250827,153000,15.62,15.62,15.62,15.62,256,0
RAND.US,5,20250827,154500,16.0092,16.0092,16.0092,16.0092,623,0
RAND.US,5,20250827,155500,16.04,16.04,16.04,16.04,217,0
RAND.US,5,20250827,163000,16.04,16.04,15.69,15.69,469,0
RAND.US,5,20250827,172500,16.01,16.01,16.01,16.01,600,0
RAND.US,5,20250827,195500,15.815,15.815,15.815,15.815,1000,0
RAND.US,5,20250827,200000,15.8462,15.99,15.8462,15.99,2100,0
RAND.US,5,20250827,200500,16,16.18,16,16.18,1016,0
RAND.US,5,20250827,204000,16.18,16.19,16.18,16.19,200,0
RAND.US,5,20250827,212500,15.91,16.2,15.91,16.2,200,0
RAND.US,5,20250827,214000,15.91,15.91,15.91,15.91,207,0
RAND.US,5,20250828,153000,15.7238,16.0318,15.7238,16.0318,279,0
RAND.US,5,20250828,155000,15.91,15.91,15.91,15.91,134,0
RAND.US,5,20250828,160000,16.055,16.055,16.055,16.055,204,0
RAND.US,5,20250828,164500,15.91,15.91,15.91,15.91,100,0
RAND.US,5,20250828,182500,16.0696,16.0696,15.98,15.98,724,0
RAND.US,5,20250828,190000,16.2,16.2,16.2,16.2,200,0
RAND.US,5,20250828,213500,16.0049,16.0049,16.0049,16.0049,156,0
RAND.US,5,20250829,153000,15.55,15.55,15.55,15.55,116,0
RAND.US,5,20250829,165000,15.96,15.96,15.96,15.96,469,0
RAND.US,5,20250829,172000,16.0076,16.0076,16.0076,16.0076,300,0
RAND.US,5,20250829,181500,16.1,16.45,16.1,16.45,2409,0
RAND.US,5,20250829,184500,16.74,16.74,16.74,16.74,100,0
RAND.US,5,20250829,185000,16.23,16.23,16.23,16.23,500,0
RAND.US,5,20250829,192500,16.55,16.55,16.55,16.55,573,0
RAND.US,5,20250829,200000,16.4133,16.4133,16.4133,16.4133,100,0
RAND.US,5,20250829,201500,16,16,16,16,140,0
RAND.US,5,20250829,203500,16.4379,16.4379,16.4379,16.4379,100,0
RAND.US,5,20250829,215000,16.13,16.13,16.13,16.13,625,0
RAND.US,5,20250902,160000,16.245,16.245,16.245,16.245,112,0
RAND.US,5,20250902,165500,16.245,16.245,16.245,16.245,368,0
RAND.US,5,20250902,201000,16.01,16.01,16.01,16.01,256,0
RAND.US,5,20250902,215500,15.8,15.8,15.8,15.8,323,0
RAND.US,5,20250903,153000,15.62,15.62,15.62,15.62,210,0
RAND.US,5,20250903,160500,15.875,15.875,15.875,15.875,183,0
RAND.US,5,20250903,162000,15.87,15.87,15.87,15.87,297,0
RAND.US,5,20250903,175000,15.6911,15.6911,15.6911,15.6911,116,0
RAND.US,5,20250903,180500,15.5,15.7,15.5,15.55,1264,0
RAND.US,5,20250903,183500,15.8048,15.845,15.7035,15.845,1525,0
RAND.US,5,20250903,184000,15.7268,15.845,15.7268,15.845,600,0
RAND.US,5,20250903,184500,15.845,15.845,15.7079,15.7079,600,0
RAND.US,5,20250903,192500,15.606,15.606,15.606,15.606,166,0
RAND.US,5,20250903,210500,15.629,15.629,15.629,15.629,100,0
RAND.US,5,20250903,212500,15.33,15.33,15.33,15.33,100,0
RAND.US,5,20250903,215000,15.25,15.25,15.25,15.25,400,0
RAND.US,5,20250904,154500,16.73,16.73,16,16,200,0
RAND.US,5,20250904,155000,15.406,15.406,15.406,15.406,100,0
RAND.US,5,20250904,172000,15.25,15.25,15.17,15.17,600,0
RAND.US,5,20250904,175000,15.1989,15.1989,15.1989,15.1989,100,0
RAND.US,5,20250904,184500,15.28,15.28,15.28,15.28,100,0
RAND.US,5,20250904,190000,15.5,15.5,15.5,15.5,100,0
RAND.US,5,20250904,191000,15.4653,15.4653,15.4653,15.4653,127,0
RAND.US,5,20250904,194500,15.3285,15.3285,15.3285,15.3285,163,0
RAND.US,5,20250904,202000,15.165,15.165,15.165,15.165,100,0
RAND.US,5,20250904,202500,15.216,15.216,15.216,15.216,400,0
RAND.US,5,20250904,210500,15.255,15.255,15.255,15.255,126,0
RAND.US,5,20250904,213500,15,15.4235,15,15.4235,343,0
RAND.US,5,20250904,215500,14.75,14.75,14.54,14.55,500,0
RAND.US,5,20250905,160000,14.75,14.75,14.75,14.75,1145,0
RAND.US,5,20250905,161000,14.75,14.75,14.75,14.75,200,0
RAND.US,5,20250905,162000,15.1075,15.1075,15.1075,15.1075,112,0
RAND.US,5,20250905,163000,15.025,15.025,15.025,15.025,719,0
RAND.US,5,20250905,164000,15.28,15.28,14.8226,14.8226,200,0
RAND.US,5,20250905,171000,15.025,15.025,15.025,15.025,494,0
RAND.US,5,20250905,173000,15.025,15.025,15.025,15.025,100,0
RAND.US,5,20250905,173500,14.75,14.75,14.75,14.75,205,0
RAND.US,5,20250905,181000,14.9994,14.9994,14.965,14.965,200,0
RAND.US,5,20250905,182000,15.1517,15.1517,15.1517,15.1517,197,0
RAND.US,5,20250905,191500,14.82,14.82,14.82,14.82,100,0
RAND.US,5,20250905,200000,14.8337,14.8337,14.75,14.75,708,0
RAND.US,5,20250905,200500,14.785,15.0514,14.785,15.0514,3315,0
RAND.US,5,20250905,202000,14.9,14.9,14.9,14.9,100,0
RAND.US,5,20250905,211500,14.77,14.77,14.77,14.77,214,0
RAND.US,5,20250905,212000,14.9125,14.9125,14.9125,14.9125,100,0
RAND.US,5,20250908,153000,15,15,15,15,421,0
RAND.US,5,20250908,163500,14.825,14.825,14.825,14.825,500,0
RAND.US,5,20250908,164000,14.8,14.85,14.8,14.8037,1800,0
RAND.US,5,20250908,165000,14.83,14.83,14.83,14.83,300,0
RAND.US,5,20250908,215000,14.83,14.881,14.82,14.82,700,0
RAND.US,5,20250909,155500,15.25,15.25,15.25,15.25,250,0
RAND.US,5,20250909,160000,14.8077,14.8077,14.8077,14.8077,102,0
RAND.US,5,20250909,162000,14.7518,14.7518,14.7518,14.7518,488,0
RAND.US,5,20250909,213000,14.8224,14.8224,14.8224,14.8224,175,0
RAND.US,5,20250909,215500,14.7811,14.7811,14.7811,14.7811,200,0
RAND.US,5,20250910,154000,14.875,14.875,14.875,14.875,256,0
RAND.US,5,20250910,161000,14.7814,14.7814,14.7814,14.7814,200,0
RAND.US,5,20250910,182000,14.92,14.92,14.92,14.92,100,0
RAND.US,5,20250910,193500,14.875,14.895,14.875,14.895,600,0
RAND.US,5,20250910,194500,14.875,14.875,14.875,14.875,202,0
RAND.US,5,20250911,172000,15,15,15,15,100,0
RAND.US,5,20250911,194000,15,15,15,15,149,0
RAND.US,5,20250911,214000,14.89,14.89,14.88,14.88,1654,0
RAND.US,5,20250912,153000,14.87,14.88,14.87,14.88,299,0
RAND.US,5,20250912,160000,14.8799,14.88,14.8799,14.8799,953,0
RAND.US,5,20250912,164500,14.7837,14.7837,14.7837,14.7837,217,0
RAND.US,5,20250912,172000,14.867,14.867,14.867,14.867,100,0
RAND.US,5,20250912,174500,14.84,14.84,14.84,14.84,145,0
RAND.US,5,20250912,180000,14.83,14.83,14.83,14.83,140,0
RAND.US,5,20250912,184000,14.75,14.75,14.75,14.75,187,0
RAND.US,5,20250912,184500,14.65,14.65,14.65,14.65,100,0
RAND.US,5,20250912,190500,14.75,14.75,14.75,14.75,176,0
RAND.US,5,20250912,195500,14.7163,14.7163,14.7163,14.7163,100,0
RAND.US,5,20250912,201500,14.65,14.65,14.57,14.57,1000,0
RAND.US,5,20250912,211500,14.55,14.55,14.55,14.55,200,0
RAND.US,5,20250912,212000,14.7259,14.7259,14.7259,14.7259,338,0
RAND.US,5,20250912,212500,14.7,14.7,14.7,14.7,100,0
RAND.US,5,20250915,153000,14.56,14.56,14.56,14.56,206,0
RAND.US,5,20250915,154500,14.6,14.6,14.6,14.6,247,0
RAND.US,5,20250915,155500,14.6,14.6,14.6,14.6,102,0
RAND.US,5,20250915,160000,14.6,14.6,14.5501,14.5501,648,0
RAND.US,5,20250915,161000,14.5558,14.5558,14.5558,14.5558,200,0
RAND.US,5,20250915,162000,14.5999,14.5999,14.5908,14.5908,200,0
RAND.US,5,20250915,163000,14.6,14.6,14.5,14.5,700,0
RAND.US,5,20250915,163500,14.555,14.555,14.555,14.555,200,0
RAND.US,5,20250915,165500,14.565,14.565,14.55,14.55,200,0
RAND.US,5,20250915,172000,14.6,14.7,14.6,14.7,3596,0
RAND.US,5,20250915,190000,15.25,15.25,15.25,15.25,156,0
RAND.US,5,20250915,191000,15.25,15.25,15.25,15.25,300,0
RAND.US,5,20250915,204000,15.2499,15.2499,15.2499,15.2499,445,0
RAND.US,5,20250915,213000,15,15,15,15,200,0
RAND.US,5,20250915,213500,15,15,15,15,100,0
RAND.US,5,20250915,214000,15,15,15,15,100,0
RAND.US,5,20250915,215500,15,15,14.56,14.56,705,0
RAND.US,5,20250916,153000,14.88,14.88,14.88,14.88,119,0
RAND.US,5,20250916,172500,14.6001,14.6001,14.6001,14.6001,100,0
RAND.US,5,20250916,190000,14.6,14.6,14.6,14.6,504,0
RAND.US,5,20250916,213500,15,15,15,15,200,0
RAND.US,5,20250916,215500,14.67,14.67,14.5564,14.5564,1146,0
RAND.US,5,20250917,153500,15.5,15.5,14.5,14.51,1026,0
RAND.US,5,20250917,185000,15.2,15.2,15.2,15.2,196,0
RAND.US,5,20250917,190500,14.51,14.51,14.51,14.51,150,0
RAND.US,5,20250917,200500,15.21,15.21,15.21,15.21,200,0
RAND.US,5,20250918,153000,14.61,14.61,14.61,14.61,286,0
RAND.US,5,20250918,175500,14.6856,14.6856,14.6856,14.6856,120,0
RAND.US,5,20250918,203500,15.2205,15.25,15.15,15.2,5279,0
RAND.US,5,20250918,215500,14.75,14.75,14.75,14.75,108,0
RAND.US,5,20250919,155000,14.905,14.905,14.905,14.905,100,0
RAND.US,5,20250919,155500,14.8,14.8,14.8,14.8,527,0
RAND.US,5,20250919,161500,14.61,14.61,14.61,14.61,335,0
RAND.US,5,20250919,163000,15.26,15.26,15.26,15.26,100,0
RAND.US,5,20250919,173000,14.7,14.7,14.7,14.7,903,0
RAND.US,5,20250922,153000,14.97,14.97,14.97,14.97,152,0
RAND.US,5,20250922,173500,14.9227,14.9227,14.9227,14.9227,200,0
RAND.US,5,20250922,174500,14.905,14.905,14.905,14.905,100,0
RAND.US,5,20250922,195500,15.26,15.26,15.26,15.26,1508,0
RAND.US,5,20250922,204000,14.61,14.61,14.61,14.61,100,0
RAND.US,5,20250922,205000,15.26,15.26,14.935,14.935,200,0
RAND.US,5,20250922,215500,14.72,14.72,14.72,14.72,230,0
RAND.US,5,20250923,154000,14.9961,14.9961,14.9961,14.9961,150,0
RAND.US,5,20250923,185000,14.72,15,14.72,15,565,0
RAND.US,5,20250923,193000,14.99,14.99,14.99,14.99,100,0
RAND.US,5,20250923,201000,14.6411,14.6411,14.6411,14.6411,300,0
RAND.US,5,20250924,153000,14.65,14.65,14.65,14.65,233,0
RAND.US,5,20250924,174500,14.98,14.98,14.98,14.98,200,0
RAND.US,5,20250924,180000,14.82,14.82,14.82,14.82,100,0
RAND.US,5,20250924,181000,14.6812,14.6812,14.6812,14.6812,102,0
RAND.US,5,20250924,192000,14.7183,14.7183,14.7183,14.7183,1768,0
RAND.US,5,20250924,201500,14.8628,14.8628,14.8628,14.8628,145,0
RAND.US,5,20250925,172000,14.86,14.86,14.65,14.71,7780,0
RAND.US,5,20250926,163500,14.61,14.61,14.61,14.61,2435,0
RAND.US,5,20250926,205000,15.22,15.22,15.22,15.22,200,0
RAND.US,5,20250926,210500,15.22,15.22,15.22,15.22,100,0
RAND.US,5,20250929,153000,15.17,15.17,15.17,15.17,506,0
RAND.US,5,20250929,180500,15,15,15,15,100,0
RAND.US,5,20250929,205000,14.7149,14.7149,14.7149,14.7149,255,0
RAND.US,5,20250929,210000,14.62,14.62,14.56,14.56,200,0
RAND.US,5,20250930,192500,15.23,15.23,15.23,15.23,100,0
RAND.US,5,20250930,212500,14.56,14.56,14.5,14.5,827,0
RAND.US,5,20251001,153000,14.79,14.79,14.79,14.79,441,0
RAND.US,5,20251001,160000,14.5,14.5,14.5,14.5,119,0
RAND.US,5,20251001,164000,14.59,14.7993,14.5,14.59,799,0
RAND.US,5,20251001,171500,14.785,14.785,14.785,14.785,100,0
RAND.US,5,20251001,175000,14.77,14.85,14.77,14.85,372,0
RAND.US,5,20251001,175500,15.14,15.14,15.14,15.14,135,0
RAND.US,5,20251001,182000,14.92,14.92,14.92,14.92,100,0
RAND.US,5,20251002,180500,14.8994,14.8994,14.8994,14.8994,205,0
RAND.US,5,20251002,190000,15.2203,15.2203,15.2203,15.2203,123,0
RAND.US,5,20251002,192000,14.915,14.915,14.915,14.915,100,0
RAND.US,5,20251003,172000,15.0969,15.0969,15.0969,15.0969,210,0
RAND.US,5,20251003,194500,15.05,15.05,15.05,15.05,100,0
RAND.US,5,20251006,153000,14.85,15.32,14.85,15.32,257,0
RAND.US,5,20251006,155500,14.86,14.86,14.35,14.35,1575,0
RAND.US,5,20251006,160000,14.815,14.815,14.815,14.815,108,0
RAND.US,5,20251006,161500,14.6,14.6,14.56,14.56,200,0
RAND.US,5,20251006,162000,14.675,14.675,14.675,14.675,100,0
RAND.US,5,20251006,162500,14.38,14.4,14.35,14.35,300,0
RAND.US,5,20251006,163500,14.3153,14.9935,14.3153,14.9935,1087,0
RAND.US,5,20251006,164500,14.2688,14.2688,14.2688,14.2688,121,0
RAND.US,5,20251006,170000,14.6475,14.6475,14.6406,14.6406,788,0
RAND.US,5,20251006,170500,14.6475,14.6475,14.34,14.34,994,0
RAND.US,5,20251006,205000,14.76,14.76,14.76,14.76,150,0
RAND.US,5,20251007,153000,14.33,15.07,14.33,15.07,330,0
RAND.US,5,20251007,154000,14.66,14.66,14.66,14.66,600,0
RAND.US,5,20251007,192000,14.37,14.37,14.37,14.37,150,0
RAND.US,5,20251008,153000,14.85,14.85,14.85,14.85,782,0
RAND.US,5,20251008,162500,14.74,14.74,14.74,14.74,350,0
RAND.US,5,20251008,210500,14.49,14.49,14.49,14.49,100,0
RAND.US,5,20251008,211500,14.3,14.3,14.3,14.3,122,0
RAND.US,5,20251008,213000,14.07,14.07,14.06,14.06,225,0
RAND.US,5,20251008,213500,14.06,14.06,14.06,14.06,163,0
RAND.US,5,20251009,153000,14.1022,14.1022,14.1022,14.1022,125,0
RAND.US,5,20251009,165000,14.1,14.1,14.1,14.1,100,0
RAND.US,5,20251009,171500,14.16,14.16,14.16,14.16,100,0
RAND.US,5,20251009,172000,14.16,14.16,14.16,14.16,280,0
RAND.US,5,20251009,174500,14.1,14.1,14.1,14.1,200,0
RAND.US,5,20251009,184000,14.12,14.12,14.11,14.11,1526,0
RAND.US,5,20251009,184500,14.06,14.06,14.06,14.06,196,0
RAND.US,5,20251009,190500,14.085,14.15,14.085,14.085,1000,0
RAND.US,5,20251009,193000,14.0287,14.0287,14.0287,14.0287,464,0
RAND.US,5,20251009,195500,14.16,14.16,14.16,14.16,183,0
RAND.US,5,20251009,210000,14.0101,14.0101,14.01,14.01,930,0
RAND.US,5,20251010,153000,14.41,14.41,14.41,14.41,229,0
RAND.US,5,20251010,154000,14.196,14.218412,14.196,14.218412,1300,0
RAND.US,5,20251010,175500,14.04,14.1642,14,14,1005,0
RAND.US,5,20251010,180000,14,14,14,14,356,0
RAND.US,5,20251010,194500,14.1904,14.1904,14.1904,14.1904,119,0
RAND.US,5,20251010,203500,14.25,14.25,14.25,14.25,3000,0
RAND.US,5,20251013,154500,14.0342,14.0342,14.0342,14.0342,101,0
RAND.US,5,20251013,161000,14.4096,14.4096,14.17,14.4096,2500,0
RAND.US,5,20251013,162500,14.45,14.45,14.45,14.45,100,0
RAND.US,5,20251013,170000,14.2084,14.2084,14.2084,14.2084,197,0
RAND.US,5,20251013,182500,14.35,14.35,14.35,14.35,500,0
RAND.US,5,20251013,200000,14.49,14.49,14.17,14.17,1100,0
RAND.US,5,20251013,204000,13.8501,13.8501,13.8501,13.8501,193,0
RAND.US,5,20251013,204500,14.48,14.48,14.48,14.48,206,0
RAND.US,5,20251013,212500,14.2212,14.2212,14.2212,14.2212,139,0
RAND.US,5,20251014,161000,14.48,14.48,14.48,14.48,150,0
RAND.US,5,20251014,190000,13.9316,13.9316,13.9316,13.9316,407,0
RAND.US,5,20251014,190500,14.23,14.23,14.23,14.23,200,0
RAND.US,5,20251015,205000,14.0869,14.0869,14.0869,14.0869,171,0
RAND.US,5,20251016,153000,13.61,13.61,13.61,13.61,205,0
RAND.US,5,20251016,155500,13.9158,13.9158,13.9158,13.9158,777,0
RAND.US,5,20251016,160000,13.71,13.71,13.71,13.71,588,0
RAND.US,5,20251016,173500,13.955,13.955,13.955,13.955,600,0
RAND.US,5,20251017,165000,13.7,13.7,13.7,13.7,257,0
RAND.US,5,20251017,190000,13.89,13.9,13.88,13.9,436,0
RAND.US,5,20251017,191500,13.7,13.7,13.7,13.7,213,0
RAND.US,5,20251017,203000,13.584,13.584,13.584,13.584,290,0
RAND.US,5,20251020,153000,13.55,13.55,13.55,13.55,328,0
RAND.US,5,20251020,170500,13.9822,13.9822,13.9822,13.9822,100,0
RAND.US,5,20251020,171000,13.9999,13.9999,13.9999,13.9999,169,0
RAND.US,5,20251020,194500,14.49,14.49,14.49,14.49,100,0
RAND.US,5,20251020,202500,14.48,14.48,14.48,14.48,331,0
RAND.US,5,20251021,153000,14,14.07,13.65,14.07,431,0
RAND.US,5,20251021,170500,14.151,14.151,14.151,14.151,103,0
RAND.US,5,20251021,183500,13.6842,13.6842,13.6842,13.6842,132,0
RAND.US,5,20251021,202500,13.98,13.98,13.98,13.98,100,0
RAND.US,5,20251021,214500,13.9,13.9,13.9,13.9,100,0
RAND.US,5,20251022,161000,13.5555,13.5555,13.5555,13.5555,243,0
RAND.US,5,20251022,162000,13.65,13.65,13.65,13.65,100,0
RAND.US,5,20251022,170500,13.6872,13.6872,13.6872,13.6872,100,0
RAND.US,5,20251022,172500,13.79,13.79,13.79,13.79,181,0
RAND.US,5,20251022,210500,13.65,13.65,13.65,13.65,152,0
RAND.US,5,20251022,214500,13.8,13.8,13.8,13.8,474,0
RAND.US,5,20251023,161000,13.5311,13.5311,13.5311,13.5311,153,0
RAND.US,5,20251023,164000,13.53,13.53,13.53,13.53,100,0
RAND.US,5,20251023,200000,13.76,13.76,13.76,13.76,100,0
RAND.US,5,20251024,173000,14,14,14,14,150,0
RAND.US,5,20251024,173500,14,14,14,14,110,0
RAND.US,5,20251024,180500,14,14,14,14,100,0
RAND.US,5,20251024,193000,13.8884,13.8884,13.8884,13.8884,200,0
RAND.US,5,20251024,194000,13.8708,13.8708,13.8708,13.8708,500,0
RAND.US,5,20251024,204500,13.8718,13.8718,13.77,13.7706,1023,0
RAND.US,5,20251024,211000,13.77,13.77,13.6,13.6,290,0
RAND.US,5,20251024,211500,13.52,13.52,13.5,13.5,4845,0
RAND.US,5,20251027,143000,13.755,13.755,13.755,13.755,159,0
RAND.US,5,20251027,170000,13.72,13.72,13.5,13.5001,2165,0
RAND.US,5,20251027,170500,13.74,13.74,13.74,13.74,100,0
RAND.US,5,20251027,173000,13.5,13.5,13.5,13.5,1981,0
RAND.US,5,20251027,192000,13.5,13.5,13.5,13.5,521,0
RAND.US,5,20251027,193000,13.5,13.5,13.5,13.5,105,0
RAND.US,5,20251027,195500,13.62,13.62,13.62,13.62,300,0
RAND.US,5,20251028,143000,13.62,13.62,13.62,13.62,157,0
RAND.US,5,20251028,144500,13.855,13.855,13.855,13.855,100,0
RAND.US,5,20251028,155000,13.855,13.855,13.855,13.855,129,0
RAND.US,5,20251028,164500,13.7197,13.7197,13.7197,13.7197,118,0
RAND.US,5,20251028,165500,13.8896,13.8896,13.8896,13.8896,150,0
RAND.US,5,20251028,180500,13.873433,13.873433,13.873433,13.873433,361,0
RAND.US,5,20251028,185000,13.895,13.895,13.895,13.895,100,0
RAND.US,5,20251028,194000,14,14,13.85,13.85,400,0
RAND.US,5,20251029,143000,13.7,13.7,13.7,13.7,129,0
RAND.US,5,20251029,145000,13.7,13.7,13.7,13.7,563,0
RAND.US,5,20251029,154500,13.71,13.71,13.71,13.71,499,0
RAND.US,5,20251029,155000,13.96,13.96,13.96,13.96,100,0
RAND.US,5,20251029,191500,13.96,13.96,13.96,13.96,200,0
RAND.US,5,20251030,144500,13.75,13.75,13.55,13.75,1500,0
RAND.US,5,20251030,145500,13.75,13.75,13.75,13.75,100,0
RAND.US,5,20251030,175500,13.874,13.874,13.874,13.874,105,0
RAND.US,5,20251030,191000,13.99,13.99,13.99,13.99,100,0
RAND.US,5,20251031,143000,13.75,13.75,13.75,13.75,142,0
RAND.US,5,20251031,154500,13.75,13.75,13.75,13.75,200,0
RAND.US,5,20251031,173500,13.7,13.7,13.7,13.7,232,0
RAND.US,5,20251031,192500,13.705,13.91,13.705,13.705,2922,0
RAND.US,5,20251103,153000,13.6,13.6,13.6,13.6,324,0
RAND.US,5,20251103,203000,13.61,13.61,13.61,13.61,300,0
RAND.US,5,20251103,213500,13.687821,13.687821,13.6102,13.6111,600,0
RAND.US,5,20251104,153000,13.61,13.61,13.61,13.61,371,0
RAND.US,5,20251104,184000,13.7899,13.7899,13.7899,13.7899,128,0
RAND.US,5,20251104,215500,13.81,13.81,13.81,13.81,534,0
RAND.US,5,20251105,161000,13.8497,13.8497,13.81,13.81,991,0
RAND.US,5,20251105,161500,13.8,13.8,13.8,13.8,100,0
RAND.US,5,20251105,163000,13.8117,13.8117,13.8117,13.8117,500,0
RAND.US,5,20251105,180500,13.647,13.66,13.647,13.66,317,0
RAND.US,5,20251105,181000,13.75,13.75,13.75,13.75,220,0
RAND.US,5,20251105,182000,13.66,13.66,13.66,13.66,140,0
RAND.US,5,20251105,184000,13.66,13.66,13.66,13.66,170,0
RAND.US,5,20251105,191000,13.676,13.676,13.676,13.676,268,0
RAND.US,5,20251105,215000,13.66,13.66,13.66,13.66,100,0
RAND.US,5,20251106,153000,13.55,13.55,13.55,13.55,509,0
RAND.US,5,20251106,183000,13.71,13.92,13.71,13.92,857,0
RAND.US,5,20251106,211000,13.6976,13.6976,13.6976,13.6976,238,0
RAND.US,5,20251106,212500,13.93,13.93,13.93,13.93,100,0
RAND.US,5,20251107,153000,13.4,13.4,13.4,13.4,232,0
RAND.US,5,20251107,155500,13.75,13.75,13.75,13.75,100,0
RAND.US,5,20251107,160000,13.9999,13.9999,13.9999,13.9999,300,0
RAND.US,5,20251107,164000,13.5,13.5,13.5,13.5,152,0
RAND.US,5,20251107,171000,13.641,13.641,13.641,13.641,114,0
RAND.US,5,20251107,210500,14,14,14,14,143,0
RAND.US,5,20251110,153000,14,14,14,14,277,0
RAND.US,5,20251110,161000,13.99,14,13.875,14,608,0
RAND.US,5,20251110,165500,14,14,14,14,500,0
RAND.US,5,20251110,173500,13.875,13.875,13.875,13.875,925,0
RAND.US,5,20251110,212000,13.81,13.81,13.75,13.75,1078,0
RAND.US,5,20251111,183500,13.9999,13.9999,13.9999,13.9999,450,0
RAND.US,5,20251111,185000,13.875,13.875,13.875,13.875,665,0
RAND.US,5,20251111,202000,13.875,13.875,13.875,13.875,127,0
RAND.US,5,20251112,163500,13.87,13.87,13.87,13.87,115,0
RAND.US,5,20251112,194500,13.875,13.875,13.875,13.875,435,0
RAND.US,5,20251112,201000,13.875,14,13.875,14,210,0
RAND.US,5,20251112,214500,13.7925,13.7925,13.7925,13.7925,142,0
RAND.US,5,20251113,153000,13.98,13.98,13.98,13.98,131,0
RAND.US,5,20251113,180500,13.8743,13.8743,13.8743,13.8743,1000,0
RAND.US,5,20251114,164000,13.875,13.875,13.875,13.875,170,0
RAND.US,5,20251114,190500,13.925,13.925,13.925,13.925,609,0
RAND.US,5,20251114,191000,13.9,13.9,13.9,13.9,141,0
RAND.US,5,20251117,153000,13.99,13.99,13.99,13.99,105,0
RAND.US,5,20251117,154000,14,14,14,14,100,0
RAND.US,5,20251117,164500,13.834,13.834,13.834,13.834,100,0
RAND.US,5,20251117,182000,13.9,13.9,13.9,13.9,100,0
RAND.US,5,20251117,182500,14,14,14,14,153,0
RAND.US,5,20251117,185000,13.95,13.95,13.95,13.95,100,0
RAND.US,5,20251117,191000,13.785,13.785,13.76,13.76,400,0
RAND.US,5,20251117,193500,13.85,13.85,13.85,13.85,144,0
RAND.US,5,20251118,173500,13.925,13.925,13.925,13.925,224,0
RAND.US,5,20251118,174500,13.93,13.93,13.93,13.93,300,0
RAND.US,5,20251118,194000,13.8501,13.8501,13.8501,13.8501,187,0
RAND.US,5,20251118,202500,13.925,13.925,13.925,13.925,100,0
RAND.US,5,20251118,213000,13.98,13.98,13.98,13.98,100,0
RAND.US,5,20251118,214500,13.99,13.99,13.99,13.99,100,0
RAND.US,5,20251118,215500,14,14,13.99,13.99,200,0
RAND.US,5,20251119,153000,14.04,14.04,14.04,14.04,128,0
RAND.US,5,20251119,164500,13.875,13.875,13.875,13.875,123,0
RAND.US,5,20251119,173000,13.98,14,13.875,13.875,400,0
RAND.US,5,20251119,200500,13.875,13.875,13.875,13.875,100,0
RAND.US,5,20251120,173000,13.828,13.828,13.828,13.828,155,0
RAND.US,5,20251120,191000,13.87,13.87,13.87,13.87,234,0
RAND.US,5,20251121,153000,13.7,13.7,13.7,13.7,742,0
RAND.US,5,20251121,155000,13.85,13.85,13.85,13.85,100,0
RAND.US,5,20251121,174000,13.85,13.85,13.85,13.85,490,0
RAND.US,5,20251121,185500,13.972,13.972,13.972,13.972,100,0
RAND.US,5,20251121,210000,13.7515,13.7515,13.7515,13.7515,200,0
RAND.US,5,20251121,210500,13.7499,13.925,13.725,13.8601,2496,0
RAND.US,5,20251121,211000,13.8,13.9076,13.7,13.71,700,0
RAND.US,5,20251121,213000,13.7,13.7,13.7,13.7,100,0
RAND.US,5,20251124,153000,13.64,13.64,13.64,13.64,162,0
RAND.US,5,20251124,155500,13.51,13.51,13.51,13.51,100,0
RAND.US,5,20251124,160000,13.51,13.51,13.51,13.51,100,0
RAND.US,5,20251124,160500,13.5,13.5,13.5,13.5,153,0
RAND.US,5,20251124,172000,13.7748,13.7748,13.7748,13.7748,119,0
RAND.US,5,20251124,182500,13.5997,13.5997,13.5001,13.5001,400,0
RAND.US,5,20251125,163000,13.75,13.75,13.75,13.75,100,0
RAND.US,5,20251125,184000,13.6,13.99,13.6,13.8011,840,0
RAND.US,5,20251125,184500,13.625,13.625,13.625,13.625,100,0
RAND.US,5,20251125,193500,13.63,13.63,13.63,13.63,100,0
RAND.US,5,20251126,153000,13.9,13.9,13.9,13.9,159,0
RAND.US,5,20251126,161000,13.25,13.25,13.25,13.25,100,0
RAND.US,5,20251126,170000,14,14,14,14,1128,0
RAND.US,5,20251126,194000,13.86,13.8908,13.86,13.8908,500,0
RAND.US,5,20251126,211500,13.86,13.86,13.86,13.86,100,0
RAND.US,5,20251128,153000,13.85,13.85,13.85,13.85,120,0
RAND.US,5,20251128,174000,13.5001,13.5001,13.5001,13.5001,175,0
RAND.US,5,20251201,154500,13.85,13.85,13.85,13.85,200,0
RAND.US,5,20251201,172500,13.632,13.632,13.632,13.632,118,0
RAND.US,5,20251201,183000,13.9399,13.9399,13.9399,13.9399,230,0
RAND.US,5,20251201,185000,13.785,13.8581,13.785,13.785,1622,0
RAND.US,5,20251201,185500,13.9165,13.93,13.785,13.9258,1915,0
RAND.US,5,20251201,193500,13.94,13.94,13.94,13.94,100,0
RAND.US,5,20251201,213500,13.8812,13.8812,13.8812,13.8812,610,0
RAND.US,5,20251201,215000,13.9243,13.9243,13.9243,13.9243,270,0
RAND.US,5,20251202,184000,14.01,14.01,14.01,14.01,450,0
RAND.US,5,20251202,205000,14.0318,14.0318,14.0318,14.0318,486,0
RAND.US,5,20251203,160000,13.95,13.95,13.95,13.95,200,0
RAND.US,5,20251203,181500,14.06,14.1,14.06,14.07,516,0
RAND.US,5,20251203,202500,14.19,14.19,14.19,14.19,100,0
RAND.US,5,20251203,203500,14.1448,14.1448,14.1448,14.1448,100,0
RAND.US,5,20251203,204000,14.25,14.25,14.25,14.25,297,0
RAND.US,5,20251203,213000,14.0025,14.2,14.0025,14.2,600,0
RAND.US,5,20251204,153000,14.4,14.4,14.39,14.4,1413,0
RAND.US,5,20251204,153500,14.49,15,14.49,15,737,0
RAND.US,5,20251204,154000,14.89,14.9044,14.89,14.9044,600,0
RAND.US,5,20251204,155500,14.89,14.89,14.89,14.89,100,0
RAND.US,5,20251204,160000,14.59,14.95,14.59,14.95,550,0
RAND.US,5,20251204,160500,14.96,14.96,14.96,14.96,100,0
RAND.US,5,20251204,161000,14.95,15,14.95,15,278,0
RAND.US,5,20251204,161500,15,15.245,15,15.245,919,0
RAND.US,5,20251204,162500,14.608,15.4,14.608,15.4,220,0
RAND.US,5,20251204,172500,15.31,15.49,15.31,15.49,300,0
RAND.US,5,20251204,180500,14.87,14.87,14.87,14.87,186,0
RAND.US,5,20251204,182500,14.87,14.87,14.87,14.87,279,0
RAND.US,5,20251204,183500,14.87,14.87,14.87,14.87,150,0
RAND.US,5,20251204,195500,14.87,14.87,14.87,14.87,376,0
RAND.US,5,20251204,210000,15.1,15.1,15.1,15.1,100,0
RAND.US,5,20251204,215500,14.95,14.95,14.95,14.95,100,0
RAND.US,5,20251205,153500,15.09,15.09,15.09,15.09,100,0
RAND.US,5,20251205,154000,15.04,15.05,15.04,15.05,778,0
RAND.US,5,20251205,160000,15.0376,15.0376,15.0376,15.0376,300,0
RAND.US,5,20251205,160500,15.04,15.1,14.761,14.761,531,0
RAND.US,5,20251205,163500,15.36,15.41,15.36,15.41,3738,0
RAND.US,5,20251205,165000,14.81,14.81,14.8,14.8,600,0
RAND.US,5,20251205,191500,15.095,15.1345,15.095,15.1345,500,0
RAND.US,5,20251205,194000,15.095,15.095,15.095,15.095,125,0
RAND.US,5,20251205,215500,15.1,15.1,15.1,15.1,100,0
RAND.US,5,20251208,153000,14.92,14.92,14.92,14.92,442,0
RAND.US,5,20251208,155000,15.26,15.26,15.26,15.26,100,0
RAND.US,5,20251208,155500,14.9911,14.9911,14.9911,14.9911,134,0
RAND.US,5,20251208,161000,15.2288,15.2288,15.2288,15.2288,100,0
RAND.US,5,20251208,163500,15.015,15.015,14.83,14.83,564,0
RAND.US,5,20251208,174000,15.1069,15.1069,15.1069,15.1069,120,0
RAND.US,5,20251208,183000,15.015,15.015,15.015,15.015,107,0
RAND.US,5,20251208,192000,14.8,14.8,14.8,14.8,200,0
RAND.US,5,20251208,193500,15.015,15.015,15.015,15.015,100,0
RAND.US,5,20251208,214500,15.015,15.015,15.015,15.015,100,0
RAND.US,5,20251209,153000,14.86,14.86,14.86,14.86,1203,0
RAND.US,5,20251209,155000,15.17,15.48,15.17,15.48,995,0
RAND.US,5,20251209,160500,15.3672,15.3672,15.3672,15.3672,129,0
RAND.US,5,20251209,180000,15.37,15.37,15.37,15.37,305,0
RAND.US,5,20251209,182000,15.1204,15.1204,15.1204,15.1204,185,0
RAND.US,5,20251209,183000,14.87,14.87,14.86,14.86,997,0
RAND.US,5,20251209,185500,14.86,14.86,14.86,14.86,781,0
RAND.US,5,20251209,192500,15.17,15.17,15.17,15.17,600,0
RAND.US,5,20251209,202500,15.2279,15.2279,15.2279,15.2279,100,0
RAND.US,5,20251209,215500,15.4,15.41,15.4,15.41,280,0
RAND.US,5,20251210,153000,15.29,15.29,15.29,15.29,130,0
RAND.US,5,20251210,154000,15.08,15.08,15.08,15.08,100,0
RAND.US,5,20251210,160000,15.1709,15.2162,15.1709,15.2162,300,0
RAND.US,5,20251210,160500,15.231,15.231,15.231,15.231,200,0
RAND.US,5,20251210,162500,15.23,15.3,15.198,15.3,994,0
RAND.US,5,20251210,163000,15.2194,15.2194,15.2194,15.2194,100,0
RAND.US,5,20251210,163500,15.195,15.195,15.195,15.195,300,0
RAND.US,5,20251210,165000,15.27,15.27,15.27,15.27,107,0
RAND.US,5,20251210,170000,15.18,15.18,15.18,15.18,226,0
RAND.US,5,20251210,171000,15.36,15.39,15.36,15.39,500,0
RAND.US,5,20251210,175000,15.3281,15.3281,15.3281,15.3281,137,0
RAND.US,5,20251210,181000,15.39,15.39,15.39,15.39,712,0
RAND.US,5,20251210,181500,15.41,15.41,15.41,15.41,969,0
RAND.US,5,20251210,182000,15.45,15.45,15.45,15.45,212,0
RAND.US,5,20251210,184500,15.45,15.45,15.45,15.45,2309,0
RAND.US,5,20251210,190000,15.5,15.5,15.5,15.5,200,0
RAND.US,5,20251210,190500,15.6,15.6,15.6,15.6,200,0
RAND.US,5,20251210,191000,15.657,15.657,15.354,15.354,329,0
RAND.US,5,20251210,200000,15.84,15.84,15.74,15.84,700,0
RAND.US,5,20251210,202000,15.5766,15.75,15.5766,15.74,1804,0
RAND.US,5,20251210,203000,15.75,15.75,15.75,15.75,1455,0
RAND.US,5,20251210,215000,15.635,15.635,15.635,15.635,2100,0
RAND.US,5,20251210,215500,15.77,15.77,15.77,15.77,173,0
RAND.US,5,20251211,153000,15.79,15.79,15.79,15.79,334,0
RAND.US,5,20251211,153500,15.675,15.85,15.675,15.85,600,0
RAND.US,5,20251211,154000,15.84,15.85,15.84,15.85,300,0
RAND.US,5,20251211,155000,15.89,15.8999,15.71,15.71,410,0
RAND.US,5,20251211,164500,15.9,15.9,15.8999,15.8999,200,0
RAND.US,5,20251211,165500,15.9383,16,15.9383,16,707,0
RAND.US,5,20251211,170500,15.85,15.96,15.85,15.96,200,0
RAND.US,5,20251211,173000,15.85,15.85,15.85,15.85,150,0
RAND.US,5,20251211,205500,15.9,15.9,15.8999,15.8999,3154,0
RAND.US,5,20251211,211000,15.9,15.9,15.9,15.9,441,0
RAND.US,5,20251211,213500,16,16,16,16,241,0
RAND.US,5,20251212,153000,15.78,15.78,15.78,15.78,494,0
RAND.US,5,20251212,153500,15.79,15.79,15.79,15.79,415,0
RAND.US,5,20251212,160000,15.895,15.895,15.895,15.895,126,0
RAND.US,5,20251212,195500,16,16,15.9999,15.9999,564,0
RAND.US,5,20251212,203500,15.9,15.9,15.89,15.89,1125,0
RAND.US,5,20251212,213000,15.8,15.8,15.8,15.8,300,0
RAND.US,5,20251212,213500,15.645,15.645,15.645,15.645,170,0
RAND.US,5,20251212,214500,15.7,15.7,15.7,15.7,694,0
RAND.US,5,20251212,215500,15.96,15.96,15.96,15.96,100,0
RAND.US,5,20251215,153000,16.25,16.25,16.24,16.25,1771,0
RAND.US,5,20251215,154000,16.382,16.48,16.25,16.4464,2600,0
RAND.US,5,20251215,154500,16.49,16.68,16.3143,16.68,2589,0
RAND.US,5,20251215,155000,16.69,16.8347,16.69,16.8347,317,0
RAND.US,5,20251215,155500,16.625,16.625,16.625,16.625,100,0
RAND.US,5,20251215,160000,16.74,17,16.74,16.9999,1002,0
RAND.US,5,20251215,161000,17,17.1,16.915,16.915,300,0
RAND.US,5,20251215,161500,16.9,16.9,16.79,16.79,3799,0
RAND.US,5,20251215,162000,16.8623,16.8623,16.8623,16.8623,340,0
RAND.US,5,20251215,162500,16.9237,17.425,16.91,17.425,5713,0
RAND.US,5,20251215,163000,17.25,17.425,17.04,17.04,2146,0
RAND.US,5,20251215,164000,17.24,17.24,17,17,500,0
RAND.US,5,20251215,164500,16.8956,16.8956,16.8956,16.8956,188,0
RAND.US,5,20251215,165000,16.948,16.948,16.948,16.948,237,0
RAND.US,5,20251215,165500,16.942,16.99,16.942,16.99,2350,0
RAND.US,5,20251215,170000,17,17,16.9,16.9001,300,0
RAND.US,5,20251215,171000,16.867,16.9,16.75,16.75,800,0
RAND.US,5,20251215,171500,16.771,16.8,16.771,16.8,755,0
RAND.US,5,20251215,172000,16.7943,16.7943,16.7943,16.7943,100,0
RAND.US,5,20251215,172500,16.8282,16.8282,16.8282,16.8282,1577,0
RAND.US,5,20251215,173000,16.875,16.875,16.875,16.875,274,0
RAND.US,5,20251215,173500,16.875,16.98,16.875,16.98,1173,0
RAND.US,5,20251215,174500,16.99,16.99,16.875,16.875,1871,0
RAND.US,5,20251215,181500,16.925,16.925,16.925,16.925,500,0
RAND.US,5,20251215,182500,16.95,16.965,16.85,16.85,1499,0
RAND.US,5,20251215,183000,16.85,16.925,16.85,16.85,1454,0
RAND.US,5,20251215,183500,16.85,16.85,16.85,16.85,100,0
RAND.US,5,20251215,184000,16.93,16.93,16.93,16.93,100,0
RAND.US,5,20251215,185000,16.9696,16.9696,16.9696,16.9696,2057,0
RAND.US,5,20251215,185500,16.93,16.93,16.85,16.85,954,0
RAND.US,5,20251215,190500,16.8001,16.8001,16.8,16.8,399,0
RAND.US,5,20251215,195500,16.8,16.8,16.8,16.8,100,0
RAND.US,5,20251215,201000,16.82,16.9,16.8,16.85,874,0
RAND.US,5,20251215,201500,16.9139,16.9139,16.9139,16.9139,453,0
RAND.US,5,20251215,202500,16.9,16.99,16.9,16.99,200,0
RAND.US,5,20251215,203000,16.99,17.195,16.99,17.195,1360,0
RAND.US,5,20251215,204000,17.03,17.03,17.03,17.03,584,0
RAND.US,5,20251215,204500,16.915,17.03,16.915,17.03,200,0
RAND.US,5,20251215,210000,16.9728,16.9728,16.9728,16.9728,200,0
RAND.US,5,20251215,210500,17.01,17.01,17.01,17.01,469,0
RAND.US,5,20251215,211000,17.01,17.01,17.01,17.01,100,0
RAND.US,5,20251215,212500,17.0001,17.0001,17.0001,17.0001,1021,0
RAND.US,5,20251215,213500,17.49,17.49,17.49,17.49,100,0
RAND.US,5,20251215,214000,17.245,17.245,17.245,17.245,100,0
RAND.US,5,20251215,215500,17.19,17.24,17,17,715,0
RAND.US,5,20251216,153000,15.87,15.87,15.87,15.87,1986,0
RAND.US,5,20251216,153500,16.1063,16.1063,15.86,15.86,459,0
RAND.US,5,20251216,154000,16.3864,16.3864,16.3864,16.3864,200,0
RAND.US,5,20251216,155000,16.68,16.68,16.68,16.68,100,0
RAND.US,5,20251216,161500,16.3,16.3,16.27,16.27,562,0
RAND.US,5,20251216,165000,16.27,16.27,16.27,16.27,100,0
RAND.US,5,20251216,171000,16.2,16.2,16.2,16.2,140,0
RAND.US,5,20251216,172500,16.4477,16.4477,16.4477,16.4477,237,0
RAND.US,5,20251216,180500,16.88,16.88,16.88,16.88,100,0
RAND.US,5,20251216,183500,16.87,16.87,16.37,16.37,200,0
RAND.US,5,20251216,214000,16.75,16.75,16.75,16.75,100,0
RAND.US,5,20251216,215500,16.31,16.31,16.31,16.31,100,0
RAND.US,5,20251217,153000,16.15,16.15,15.76,15.76,632,0
RAND.US,5,20251217,153500,15.965,15.965,15.7,15.7,330,0
RAND.US,5,20251217,154000,15.4557,15.4935,15.4557,15.4935,623,0
RAND.US,5,20251217,161500,15.6,15.75,15.39,15.465,2643,0
RAND.US,5,20251217,165500,15.4651,15.4651,15.465,15.465,600,0
RAND.US,5,20251217,181000,15.465,15.465,15.465,15.465,100,0
RAND.US,5,20251217,183500,15.26,15.3243,15.26,15.3243,220,0
RAND.US,5,20251217,184500,15.315,15.315,15.315,15.315,200,0
RAND.US,5,20251217,193000,15.315,15.315,15.315,15.315,100,0
RAND.US,5,20251217,203500,15.315,15.315,15.315,15.315,100,0
RAND.US,5,20251217,205000,15.27,15.27,15.27,15.27,249,0
RAND.US,5,20251217,215500,15.18,15.18,14.9414,14.9414,2222,0
RAND.US,5,20251218,153000,14.88,14.88,14.88,14.88,649,0
RAND.US,5,20251218,160500,15,15,14.706,14.706,1082,0
RAND.US,5,20251218,173000,14.73,14.89,14.73,14.89,300,0
RAND.US,5,20251218,191500,14.85,14.85,14.85,14.85,860,0
RAND.US,5,20251218,215500,15.33,15.33,15.33,15.33,100,0
RAND.US,5,20251219,153000,14.5,14.5,14.5,14.5,922,0
RAND.US,5,20251219,161500,15.0864,15.0864,15.0864,15.0864,647,0
RAND.US,5,20251219,170500,14.51,14.53,14.36,14.36,1100,0
RAND.US,5,20251219,171000,14.4,14.4,13.75,13.83,6273,0
RAND.US,5,20251219,171500,13.99,13.99,13.94,13.99,553,0
RAND.US,5,20251219,172000,13.8227,13.8227,13.8227,13.8227,150,0
RAND.US,5,20251219,174000,13.795,13.795,13.795,13.795,100,0
RAND.US,5,20251219,174500,13.82,13.82,13.82,13.82,129,0
RAND.US,5,20251219,175500,13.83,13.83,13.83,13.83,400,0
RAND.US,5,20251219,180000,13.83,13.83,13.795,13.795,540,0
RAND.US,5,20251219,182500,13.795,13.795,13.795,13.795,500,0
RAND.US,5,20251219,183000,13.8583,13.8583,13.8583,13.8583,500,0
RAND.US,5,20251219,185500,13.6,13.6,13.6,13.6,100,0
RAND.US,5,20251219,192500,13.9899,13.9899,13.795,13.795,300,0
RAND.US,5,20251219,201000,13.795,13.795,13.795,13.795,500,0
RAND.US,5,20251219,203000,13.8,13.8,13.8,13.8,100,0
RAND.US,5,20251219,205000,13.85,13.85,13.85,13.85,100,0
RAND.US,5,20251219,215000,13.61,13.61,13.6,13.6,491,0
RAND.US,5,20251219,215500,13.6495,13.6495,13.5,13.5,466,0
RAND.US,5,20251222,153000,13.47,13.47,13.47,13.47,188,0
RAND.US,5,20251222,154500,13.2101,13.2101,13.2101,13.2101,100,0
RAND.US,5,20251222,160500,13.25,13.6,13.25,13.27,300,0
RAND.US,5,20251222,161000,13.645,13.645,13.3,13.3,300,0
RAND.US,5,20251222,161500,13.315,13.315,13.315,13.315,100,0
RAND.US,5,20251222,162000,13.335,13.335,13.335,13.335,100,0
RAND.US,5,20251222,162500,13.31,13.31,13.31,13.31,100,0
RAND.US,5,20251222,163000,13.3,13.3,13.3,13.3,100,0
RAND.US,5,20251222,163500,13.4,13.4,13.31,13.31,200,0
RAND.US,5,20251222,165500,13.31,13.31,13.31,13.31,100,0
RAND.US,5,20251222,170000,13.645,13.645,13.645,13.645,100,0
RAND.US,5,20251222,170500,13.35,13.35,13.015,13.015,2507,0
RAND.US,5,20251222,171000,12.5001,12.5001,12.5001,12.5001,149,0
RAND.US,5,20251222,171500,12.956,12.956,12.75,12.9,500,0
RAND.US,5,20251222,172500,12.9,12.9,12.9,12.9,100,0
RAND.US,5,20251222,174500,13,13,13,13,860,0
RAND.US,5,20251222,175000,13,13,13,13,1640,0
RAND.US,5,20251222,180000,13,13,13,13,200,0
RAND.US,5,20251222,180500,12.7997,12.7997,12.7997,12.7997,120,0
RAND.US,5,20251222,183500,12.8,12.8,12.8,12.8,100,0
RAND.US,5,20251222,184500,12.8,12.8,12.8,12.8,100,0
RAND.US,5,20251222,192000,12.905,12.905,12.905,12.905,100,0
RAND.US,5,20251222,192500,12.905,12.905,12.905,12.905,100,0
RAND.US,5,20251222,193000,12.905,12.905,12.905,12.905,100,0
RAND.US,5,20251222,194000,12.905,12.905,12.905,12.905,100,0
RAND.US,5,20251222,194500,12.975,12.975,12.975,12.975,100,0
RAND.US,5,20251222,195500,13.14,13.14,13.14,13.14,100,0
RAND.US,5,20251222,200000,12.98,12.98,12.98,12.98,228,0
RAND.US,5,20251222,201000,12.905,12.905,12.905,12.905,123,0
RAND.US,5,20251222,203000,12.55,13.3,12.55,13.3,400,0
RAND.US,5,20251222,203500,12.61,12.852,12.52,12.73,4251,0
RAND.US,5,20251222,204000,12.7232,12.7232,12.7232,12.7232,157,0
RAND.US,5,20251222,205500,13.12,13.12,13.12,13.12,200,0
RAND.US,5,20251222,210000,12.765,12.765,12.765,12.765,200,0
RAND.US,5,20251222,210500,12.4001,12.76,12.4001,12.76,1000,0
RAND.US,5,20251222,211500,12.4,12.4,12.4,12.4,100,0
RAND.US,5,20251222,213000,12.4,12.4,12.4,12.4,100,0
RAND.US,5,20251222,215000,11.93,11.93,11.815,11.815,600,0
RAND.US,5,20251222,215500,11.77,12.545,11.77,12,1184,0
