<TICKER>,<PER>,<DATE>,<TIME>,<OPEN>,<HIGH>,<LOW>,<CLOSE>,<VOL>,<OPENINT>
SDSTW.US,5,20250728,154500,0.08267,0.08267,0.08267,0.08267,100,0
SDSTW.US,5,20250728,155500,0.08,0.0801,0.07,0.07,2250,0
SDSTW.US,5,20250728,170000,0.0803,0.0803,0.08,0.08,1000,0
SDSTW.US,5,20250728,170500,0.08,0.08,0.08,0.08,3900,0
SDSTW.US,5,20250728,172500,0.08,0.085,0.07,0.0702,16039,0
SDSTW.US,5,20250728,173000,0.07865,0.07865,0.07,0.07,2000,0
SDSTW.US,5,20250728,200500,0.083651,0.083651,0.083651,0.083651,184,0
SDSTW.US,5,20250728,214500,0.085899,0.086,0.083,0.086,4172,0
SDSTW.US,5,20250729,153000,0.09,0.09,0.075,0.075,4100,0
SDSTW.US,5,20250729,155000,0.0873,0.0873,0.075,0.075,9953,0
SDSTW.US,5,20250729,171500,0.075,0.0751,0.075,0.075,7600,0
SDSTW.US,5,20250729,182000,0.076,0.076101,0.076,0.076,4500,0
SDSTW.US,5,20250729,182500,0.076,0.076,0.076,0.076,200,0
SDSTW.US,5,20250729,190000,0.0892,0.0892,0.075,0.075,9300,0
SDSTW.US,5,20250729,215000,0.094,0.094,0.09,0.09,1450,0
SDSTW.US,5,20250729,215500,0.08,0.08,0.0761,0.0761,1160,0
SDSTW.US,5,20250730,153500,0.0842,0.0842,0.075,0.075,5043,0
SDSTW.US,5,20250730,154000,0.075,0.0751,0.075,0.075,5900,0
SDSTW.US,5,20250730,163500,0.0755,0.0814,0.075,0.08,3982,0
SDSTW.US,5,20250730,170000,0.09399,0.09399,0.08,0.08,600,0
SDSTW.US,5,20250730,171500,0.075,0.075,0.075,0.075,700,0
SDSTW.US,5,20250730,203000,0.0751,0.0751,0.0751,0.0751,2100,0
SDSTW.US,5,20250731,153000,0.075,0.075,0.075,0.075,2000,0
SDSTW.US,5,20250731,153500,0.075,0.075,0.075,0.075,200,0
SDSTW.US,5,20250731,162500,0.075099,0.0751,0.075,0.0751,950,0
SDSTW.US,5,20250731,172000,0.0775,0.0775,0.075,0.075,6950,0
SDSTW.US,5,20250731,173000,0.0752,0.0752,0.0752,0.0752,400,0
SDSTW.US,5,20250731,180500,0.0751,0.0751,0.0751,0.0751,100,0
SDSTW.US,5,20250731,185500,0.0782,0.0797,0.0774,0.0774,550,0
SDSTW.US,5,20250731,194500,0.075,0.075,0.075,0.075,100,0
SDSTW.US,5,20250731,213000,0.0798,0.0798,0.0798,0.0798,266,0
SDSTW.US,5,20250801,153500,0.075,0.075,0.075,0.075,38300,0
SDSTW.US,5,20250801,155500,0.075,0.075,0.075,0.075,1920,0
SDSTW.US,5,20250801,164000,0.0939,0.094,0.075,0.075,9640,0
SDSTW.US,5,20250801,175000,0.094,0.094,0.094,0.094,1000,0
SDSTW.US,5,20250801,195500,0.089099,0.0891,0.089099,0.0891,1999,0
SDSTW.US,5,20250801,211500,0.086251,0.086251,0.086251,0.086251,300,0
SDSTW.US,5,20250804,154500,0.097399,0.097399,0.075,0.0761,9374,0
SDSTW.US,5,20250804,172500,0.092,0.092,0.092,0.092,100,0
SDSTW.US,5,20250804,192000,0.0935,0.0935,0.0935,0.0935,300,0
SDSTW.US,5,20250804,192500,0.0933,0.0933,0.0933,0.0933,241,0
SDSTW.US,5,20250804,193000,0.0935,0.0935,0.0934,0.0934,300,0
SDSTW.US,5,20250804,204000,0.0935,0.0935,0.0884,0.0934,682,0
SDSTW.US,5,20250804,215500,0.0751,0.0751,0.0751,0.0751,1000,0
SDSTW.US,5,20250805,155000,0.0751,0.0751,0.0751,0.0751,200,0
SDSTW.US,5,20250805,180000,0.0751,0.0751,0.075,0.075,1132,0
SDSTW.US,5,20250805,185500,0.075,0.08,0.075,0.08,32888,0
SDSTW.US,5,20250805,191500,0.0849,0.0849,0.0838,0.0838,2300,0
SDSTW.US,5,20250805,193000,0.0838,0.0838,0.0838,0.0838,100,0
SDSTW.US,5,20250805,193500,0.0849,0.0849,0.0825,0.0825,500,0
SDSTW.US,5,20250805,212500,0.075,0.0751,0.075,0.075,2168,0
SDSTW.US,5,20250806,154000,0.075,0.075,0.075,0.075,200,0
SDSTW.US,5,20250806,163000,0.0765,0.0765,0.075,0.075,605,0
SDSTW.US,5,20250806,215500,0.075,0.075,0.075,0.075,3000,0
SDSTW.US,5,20250807,153000,0.075,0.075,0.075,0.075,350,0
SDSTW.US,5,20250807,154000,0.0778,0.0778,0.075,0.075,1300,0
SDSTW.US,5,20250807,215500,0.0805,0.0805,0.0778,0.0778,600,0
SDSTW.US,5,20250808,153000,0.075,0.075,0.075,0.075,25000,0
SDSTW.US,5,20250808,181000,0.077725,0.077725,0.0777,0.0777,800,0
SDSTW.US,5,20250808,183000,0.0777,0.0777,0.0777,0.0777,1100,0
SDSTW.US,5,20250808,202000,0.076699,0.076699,0.0759,0.0759,1767,0
SDSTW.US,5,20250811,153000,0.08,0.08,0.08,0.08,500,0
SDSTW.US,5,20250811,173000,0.075,0.0751,0.075,0.075,2400,0
SDSTW.US,5,20250811,174000,0.075,0.075,0.075,0.075,100,0
SDSTW.US,5,20250811,185000,0.075,0.075,0.075,0.075,100,0
SDSTW.US,5,20250811,204000,0.075,0.075,0.075,0.075,100,0
SDSTW.US,5,20250811,213500,0.075,0.0751,0.075,0.0751,300,0
SDSTW.US,5,20250812,154500,0.075,0.075,0.075,0.075,100,0
SDSTW.US,5,20250812,183000,0.075,0.075,0.075,0.075,385,0
SDSTW.US,5,20250812,191000,0.075,0.075,0.075,0.075,100,0
SDSTW.US,5,20250813,153000,0.075,0.075,0.075,0.075,9999,0
SDSTW.US,5,20250813,155500,0.075,0.075,0.075,0.075,100,0
SDSTW.US,5,20250813,160500,0.075831,0.075831,0.075831,0.075831,150,0
SDSTW.US,5,20250813,183000,0.075,0.075,0.075,0.075,500,0
SDSTW.US,5,20250813,192500,0.075,0.075,0.075,0.075,100,0
SDSTW.US,5,20250814,173500,0.065,0.065,0.065,0.065,100,0
SDSTW.US,5,20250815,153000,0.055,0.055,0.055,0.055,100,0
SDSTW.US,5,20250815,163000,0.06,0.06,0.0495,0.0495,10745,0
SDSTW.US,5,20250815,170000,0.045,0.0452,0.045,0.0452,4000,0
SDSTW.US,5,20250815,171000,0.0454,0.0482,0.042101,0.042101,4144,0
SDSTW.US,5,20250815,201500,0.0749,0.0749,0.0749,0.0749,100,0
SDSTW.US,5,20250818,153000,0.0748,0.0748,0.0748,0.0748,13351,0
SDSTW.US,5,20250818,161500,0.0743,0.0743,0.0743,0.0743,130,0
SDSTW.US,5,20250818,172000,0.074799,0.074799,0.074799,0.074799,100,0
SDSTW.US,5,20250818,175000,0.0747,0.0747,0.065,0.0651,14878,0
SDSTW.US,5,20250818,175500,0.065,0.0651,0.065,0.0651,21100,0
SDSTW.US,5,20250818,184500,0.065,0.065,0.042,0.042,13026,0
SDSTW.US,5,20250818,191500,0.0557,0.0557,0.0557,0.0557,150,0
SDSTW.US,5,20250818,194500,0.0575,0.0575,0.0575,0.0575,165,0
SDSTW.US,5,20250818,200000,0.0585,0.0585,0.0585,0.0585,1000,0
SDSTW.US,5,20250818,215000,0.0748,0.0748,0.0748,0.0748,400,0
SDSTW.US,5,20250819,204000,0.074599,0.074599,0.074599,0.074599,122,0
SDSTW.US,5,20250820,181000,0.0673,0.0673,0.0673,0.0673,140,0
SDSTW.US,5,20250820,204500,0.0593,0.0628,0.051,0.0628,2300,0
SDSTW.US,5,20250822,153000,0.07,0.07,0.0629,0.0629,1659,0
SDSTW.US,5,20250822,154000,0.0779,0.0779,0.0779,0.0779,400,0
SDSTW.US,5,20250822,154500,0.0779,0.0779,0.0779,0.0779,100,0
SDSTW.US,5,20250822,161500,0.07,0.0701,0.07,0.07,6900,0
SDSTW.US,5,20250822,162000,0.078,0.0855,0.078,0.0855,1000,0
SDSTW.US,5,20250822,162500,0.07,0.07,0.07,0.07,1000,0
SDSTW.US,5,20250822,172000,0.0808,0.0808,0.0808,0.0808,1000,0
SDSTW.US,5,20250822,174500,0.0972,0.0972,0.0972,0.0972,1000,0
SDSTW.US,5,20250822,180500,0.0703,0.0703,0.0703,0.0703,1000,0
SDSTW.US,5,20250822,202500,0.0705,0.0705,0.0705,0.0705,100,0
SDSTW.US,5,20250825,153000,0.0975,0.0975,0.0975,0.0975,260,0
SDSTW.US,5,20250825,160500,0.0702,0.0702,0.0702,0.0702,795,0
SDSTW.US,5,20250825,161000,0.0702,0.0702,0.0702,0.0702,10000,0
SDSTW.US,5,20250825,170000,0.0975,0.0975,0.0975,0.0975,100,0
SDSTW.US,5,20250825,180000,0.087,0.087,0.087,0.087,2564,0
SDSTW.US,5,20250825,200500,0.095,0.095,0.0702,0.0781,1502,0
SDSTW.US,5,20250825,212500,0.095,0.095,0.0949,0.0949,816,0
SDSTW.US,5,20250826,154000,0.092259,0.0947,0.0921,0.0947,6680,0
SDSTW.US,5,20250826,161500,0.0945,0.0945,0.0944,0.0945,500,0
SDSTW.US,5,20250826,173500,0.0835,0.0835,0.0835,0.0835,167,0
SDSTW.US,5,20250826,202500,0.0855,0.0855,0.0855,0.0855,500,0
SDSTW.US,5,20250826,211000,0.087,0.087,0.087,0.087,100,0
SDSTW.US,5,20250827,155000,0.0945,0.0945,0.0945,0.0945,100,0
SDSTW.US,5,20250827,162500,0.094498,0.094498,0.094498,0.094498,180,0
SDSTW.US,5,20250827,163000,0.090049,0.090049,0.090049,0.090049,1500,0
SDSTW.US,5,20250827,172500,0.0856,0.0856,0.0856,0.0856,480,0
SDSTW.US,5,20250827,173000,0.0857,0.0857,0.0856,0.0856,730,0
SDSTW.US,5,20250827,174000,0.0945,0.0945,0.0945,0.0945,300,0
SDSTW.US,5,20250827,180000,0.0949,0.0949,0.0949,0.0949,100,0
SDSTW.US,5,20250827,183500,0.0949,0.0949,0.0949,0.0949,400,0
SDSTW.US,5,20250827,184000,0.0911,0.0917,0.0911,0.0917,350,0
SDSTW.US,5,20250827,192000,0.0975,0.0975,0.0975,0.0975,100,0
SDSTW.US,5,20250827,195500,0.0856,0.0856,0.0817,0.0817,2774,0
SDSTW.US,5,20250827,202500,0.094102,0.094102,0.0896,0.0896,710,0
SDSTW.US,5,20250828,153000,0.0973,0.1,0.097299,0.1,3053,0
SDSTW.US,5,20250828,153500,0.1,0.1,0.0999,0.0999,1000,0
SDSTW.US,5,20250828,161500,0.098922,0.1025,0.098922,0.1025,325,0
SDSTW.US,5,20250828,162500,0.081801,0.081801,0.081801,0.081801,200,0
SDSTW.US,5,20250828,164500,0.0995,0.0995,0.0995,0.0995,2000,0
SDSTW.US,5,20250828,165000,0.1025,0.116,0.1024,0.116,3590,0
SDSTW.US,5,20250828,172000,0.115,0.115,0.1149,0.1149,200,0
SDSTW.US,5,20250828,180000,0.1075,0.1075,0.1074,0.1074,700,0
SDSTW.US,5,20250828,184500,0.11,0.11,0.11,0.11,900,0
SDSTW.US,5,20250828,194500,0.108,0.1084,0.108,0.1084,600,0
SDSTW.US,5,20250829,155500,0.11,0.11,0.1099,0.1099,1400,0
SDSTW.US,5,20250829,161000,0.11,0.11,0.11,0.11,100,0
SDSTW.US,5,20250829,163000,0.0975,0.0975,0.065,0.0762,40571,0
SDSTW.US,5,20250829,163500,0.0761,0.0761,0.0751,0.0751,650,0
SDSTW.US,5,20250829,165000,0.0751,0.0751,0.0751,0.0751,500,0
SDSTW.US,5,20250829,170000,0.0701,0.0701,0.0701,0.0701,100,0
SDSTW.US,5,20250829,171000,0.08,0.08,0.0778,0.0778,2450,0
SDSTW.US,5,20250829,181000,0.0754,0.08,0.0754,0.08,200,0
SDSTW.US,5,20250829,181500,0.0785,0.08,0.0785,0.0789,4500,0
SDSTW.US,5,20250829,182000,0.08,0.08,0.08,0.08,100,0
SDSTW.US,5,20250829,193000,0.08,0.08,0.08,0.08,100,0
SDSTW.US,5,20250829,201000,0.0777,0.08,0.0777,0.08,4900,0
SDSTW.US,5,20250829,201500,0.0706,0.0706,0.0706,0.0706,100,0
SDSTW.US,5,20250829,204500,0.078,0.078,0.078,0.078,100,0
SDSTW.US,5,20250829,205000,0.08,0.08,0.08,0.08,3000,0
SDSTW.US,5,20250829,205500,0.0781,0.0781,0.0781,0.0781,100,0
SDSTW.US,5,20250829,210000,0.08,0.08,0.0782,0.0782,3100,0
SDSTW.US,5,20250829,213000,0.078,0.0781,0.078,0.0781,384,0
SDSTW.US,5,20250902,153000,0.064,0.065,0.064,0.065,3000,0
SDSTW.US,5,20250902,154000,0.0653,0.0653,0.0653,0.0653,100,0
SDSTW.US,5,20250902,162000,0.074,0.0741,0.074,0.0741,2094,0
SDSTW.US,5,20250902,173000,0.0741,0.0741,0.07,0.07,1575,0
SDSTW.US,5,20250902,173500,0.065,0.065,0.065,0.065,3425,0
SDSTW.US,5,20250902,174000,0.065,0.0651,0.065,0.0651,500,0
SDSTW.US,5,20250902,180500,0.065,0.065,0.065,0.065,500,0
SDSTW.US,5,20250902,202000,0.0651,0.0651,0.0651,0.0651,750,0
SDSTW.US,5,20250902,204500,0.0651,0.0651,0.065078,0.065078,400,0
SDSTW.US,5,20250903,162000,0.0714,0.0714,0.0713,0.0714,1000,0
SDSTW.US,5,20250903,165500,0.067499,0.067499,0.067499,0.067499,500,0
SDSTW.US,5,20250903,211000,0.0675,0.0675,0.0651,0.0652,6898,0
SDSTW.US,5,20250904,153000,0.055,0.065,0.055,0.057,9700,0
SDSTW.US,5,20250904,203000,0.06,0.0601,0.05,0.05,8071,0
SDSTW.US,5,20250904,204500,0.050097,0.0501,0.050097,0.0501,300,0
SDSTW.US,5,20250904,212500,0.0513,0.0513,0.0513,0.0513,900,0
SDSTW.US,5,20250905,173500,0.0512,0.0512,0.0512,0.0512,500,0
SDSTW.US,5,20250905,174000,0.0512,0.0512,0.0512,0.0512,500,0
SDSTW.US,5,20250905,183500,0.0512,0.0512,0.0512,0.0512,100,0
SDSTW.US,5,20250905,205500,0.0524,0.0524,0.0512,0.0512,8555,0
SDSTW.US,5,20250905,213500,0.0501,0.0501,0.0501,0.0501,300,0
SDSTW.US,5,20250908,153500,0.0501,0.0501,0.05,0.0501,900,0
SDSTW.US,5,20250908,161000,0.05,0.05,0.05,0.05,100,0
SDSTW.US,5,20250908,161500,0.0501,0.0501,0.0501,0.0501,477,0
SDSTW.US,5,20250908,163500,0.05,0.05,0.05,0.05,100,0
SDSTW.US,5,20250908,171000,0.0501,0.0598,0.0501,0.0598,14298,0
SDSTW.US,5,20250908,180500,0.05,0.05,0.04,0.04,14218,0
SDSTW.US,5,20250908,182000,0.051999,0.064,0.051999,0.055241,1428,0
SDSTW.US,5,20250908,182500,0.051999,0.051999,0.051999,0.051999,100,0
SDSTW.US,5,20250908,185500,0.064,0.08,0.064,0.08,34186,0
SDSTW.US,5,20250908,190500,0.06,0.105,0.06,0.105,17499,0
SDSTW.US,5,20250908,191000,0.105,0.116,0.105,0.116,3900,0
SDSTW.US,5,20250908,191500,0.115,0.115,0.115,0.115,100,0
SDSTW.US,5,20250908,195000,0.1089,0.1089,0.1089,0.1089,150,0
SDSTW.US,5,20250908,195500,0.061,0.061,0.05,0.05,5630,0
SDSTW.US,5,20250908,200000,0.065,0.065,0.0649,0.0649,600,0
SDSTW.US,5,20250908,200500,0.064999,0.064999,0.064999,0.064999,300,0
SDSTW.US,5,20250908,201000,0.0512,0.0512,0.0506,0.0506,400,0
SDSTW.US,5,20250908,202500,0.0506,0.055,0.0506,0.055,1032,0
SDSTW.US,5,20250908,203500,0.055,0.055,0.055,0.055,100,0
SDSTW.US,5,20250908,211000,0.0592,0.0592,0.0592,0.0592,5000,0
SDSTW.US,5,20250909,153000,0.07,0.07,0.07,0.07,1170,0
SDSTW.US,5,20250909,155500,0.08,0.08,0.0799,0.0799,1000,0
SDSTW.US,5,20250909,170500,0.07,0.0702,0.07,0.0702,776,0
SDSTW.US,5,20250909,182000,0.07,0.07,0.07,0.07,1000,0
SDSTW.US,5,20250909,195000,0.072,0.073,0.07,0.07,1099,0
SDSTW.US,5,20250909,195500,0.075,0.075,0.0749,0.0749,300,0
SDSTW.US,5,20250909,200500,0.07,0.07,0.07,0.07,500,0
SDSTW.US,5,20250909,202000,0.07,0.07,0.07,0.07,900,0
SDSTW.US,5,20250909,202500,0.0749,0.0749,0.0749,0.0749,500,0
SDSTW.US,5,20250909,205000,0.0749,0.079,0.0749,0.0769,2500,0
SDSTW.US,5,20250912,153000,0.11,0.11,0.1099,0.1099,1282,0
SDSTW.US,5,20250912,153500,0.11,0.11,0.1099,0.1099,9420,0
SDSTW.US,5,20250912,154000,0.11,0.11,0.1099,0.11,3314,0
SDSTW.US,5,20250912,155000,0.1099,0.1099,0.1099,0.1099,300,0
SDSTW.US,5,20250912,161000,0.1099,0.1099,0.1099,0.1099,613,0
SDSTW.US,5,20250912,161500,0.11,0.11,0.11,0.11,100,0
SDSTW.US,5,20250912,162000,0.11,0.11,0.1099,0.1099,260,0
SDSTW.US,5,20250912,162500,0.1099,0.1099,0.1099,0.1099,500,0
SDSTW.US,5,20250912,163000,0.1099,0.1099,0.1099,0.1099,1609,0
SDSTW.US,5,20250912,163500,0.1099,0.1099,0.1099,0.1099,655,0
SDSTW.US,5,20250912,164000,0.1099,0.1099,0.1099,0.1099,500,0
SDSTW.US,5,20250912,172500,0.1099,0.1099,0.1098,0.1098,1998,0
SDSTW.US,5,20250912,184000,0.1098,0.1099,0.1097,0.1097,4032,0
SDSTW.US,5,20250912,185500,0.1099,0.1099,0.1099,0.1099,2945,0
SDSTW.US,5,20250912,191000,0.1099,0.1099,0.1099,0.1099,100,0
SDSTW.US,5,20250912,192500,0.1099,0.1099,0.1099,0.1099,400,0
SDSTW.US,5,20250912,202000,0.0896,0.0896,0.0896,0.0896,415,0
SDSTW.US,5,20250912,205500,0.1099,0.1099,0.1099,0.1099,1000,0
SDSTW.US,5,20250912,210000,0.1099,0.1099,0.109,0.1099,3600,0
SDSTW.US,5,20250912,214000,0.105,0.105,0.1049,0.1049,1534,0
SDSTW.US,5,20250912,215000,0.1007,0.1007,0.1007,0.1007,1000,0
SDSTW.US,5,20250915,153000,0.115,0.115,0.095961,0.095961,10300,0
SDSTW.US,5,20250915,154500,0.115,0.115,0.115,0.115,100,0
SDSTW.US,5,20250915,155000,0.115,0.115,0.115,0.115,10000,0
SDSTW.US,5,20250915,173000,0.1,0.1,0.1,0.1,100,0
SDSTW.US,5,20250915,184000,0.0984,0.0984,0.0983,0.0983,2000,0
SDSTW.US,5,20250915,192000,0.0983,0.0983,0.0983,0.0983,100,0
SDSTW.US,5,20250915,213500,0.115,0.115,0.115,0.115,11400,0
SDSTW.US,5,20250916,163500,0.1148,0.1148,0.1148,0.1148,116,0
SDSTW.US,5,20250916,170500,0.1149,0.1149,0.1148,0.1148,578,0
SDSTW.US,5,20250916,184500,0.0912,0.0912,0.0702,0.0702,897,0
SDSTW.US,5,20250916,200000,0.0999,0.1,0.0999,0.1,600,0
SDSTW.US,5,20250916,215000,0.0706,0.0706,0.0702,0.0702,2720,0
SDSTW.US,5,20250917,175000,0.08,0.08,0.08,0.08,200,0
SDSTW.US,5,20250917,175500,0.075,0.075,0.075,0.075,100,0
SDSTW.US,5,20250917,182500,0.075,0.0751,0.075,0.075,700,0
SDSTW.US,5,20250917,183000,0.075,0.0751,0.075,0.075,600,0
SDSTW.US,5,20250917,185500,0.087449,0.087449,0.087449,0.087449,100,0
SDSTW.US,5,20250917,193500,0.075,0.0751,0.072,0.0721,1000,0
SDSTW.US,5,20250918,153000,0.07,0.07,0.07,0.07,1113,0
SDSTW.US,5,20250918,153500,0.094159,0.094159,0.094159,0.094159,200,0
SDSTW.US,5,20250918,162500,0.083049,0.083049,0.083049,0.083049,1000,0
SDSTW.US,5,20250918,192500,0.0721,0.072668,0.0721,0.072668,1159,0
SDSTW.US,5,20250918,203000,0.072,0.0722,0.07,0.0722,8000,0
SDSTW.US,5,20250919,153000,0.0948,0.0948,0.0948,0.0948,346,0
SDSTW.US,5,20250919,213500,0.07,0.07,0.07,0.07,1535,0
SDSTW.US,5,20250922,153000,0.0711,0.0711,0.0711,0.0711,330,0
SDSTW.US,5,20250922,160000,0.0711,0.0712,0.0711,0.0712,1000,0
SDSTW.US,5,20250922,162000,0.0701,0.0701,0.07,0.07,919,0
SDSTW.US,5,20250922,162500,0.07,0.07,0.07,0.07,1000,0
SDSTW.US,5,20250922,180500,0.0702,0.0702,0.07,0.07,3590,0
SDSTW.US,5,20250922,190000,0.07,0.07,0.07,0.07,1000,0
SDSTW.US,5,20250922,195500,0.07,0.07,0.07,0.07,379,0
SDSTW.US,5,20250923,153000,0.0746,0.0746,0.0746,0.0746,488,0
SDSTW.US,5,20250923,161500,0.07,0.07,0.07,0.07,1998,0
SDSTW.US,5,20250923,180500,0.07,0.070501,0.07,0.070501,2400,0
SDSTW.US,5,20250923,202500,0.07,0.07,0.07,0.07,100,0
SDSTW.US,5,20250924,153000,0.0702,0.0702,0.0702,0.0702,200,0
SDSTW.US,5,20250924,154000,0.08,0.08,0.08,0.08,500,0
SDSTW.US,5,20250924,155000,0.08,0.08,0.0702,0.0702,2602,0
SDSTW.US,5,20250924,161500,0.0702,0.08,0.0702,0.08,30093,0
SDSTW.US,5,20250924,162000,0.08,0.08,0.08,0.08,100,0
SDSTW.US,5,20250924,163500,0.08,0.08,0.08,0.08,100,0
SDSTW.US,5,20250924,164500,0.0845,0.0845,0.0845,0.0845,100,0
SDSTW.US,5,20250924,165000,0.08,0.0825,0.08,0.0825,600,0
SDSTW.US,5,20250924,170000,0.08,0.08,0.08,0.08,100,0
SDSTW.US,5,20250924,173000,0.08,0.08,0.08,0.08,2000,0
SDSTW.US,5,20250924,173500,0.08,0.08,0.08,0.08,100,0
SDSTW.US,5,20250924,180500,0.08,0.08,0.08,0.08,18267,0
SDSTW.US,5,20250924,181000,0.08,0.08,0.08,0.08,100,0
SDSTW.US,5,20250924,182000,0.08,0.08,0.08,0.08,100,0
SDSTW.US,5,20250924,183000,0.08,0.08,0.08,0.08,100,0
SDSTW.US,5,20250924,183500,0.08,0.08,0.08,0.08,100,0
SDSTW.US,5,20250924,185500,0.08,0.08,0.08,0.08,100,0
SDSTW.US,5,20250924,190500,0.0829,0.084,0.081,0.084,1500,0
SDSTW.US,5,20250924,191500,0.08,0.0822,0.08,0.08,2000,0
SDSTW.US,5,20250924,192000,0.08,0.08,0.08,0.08,1000,0
SDSTW.US,5,20250924,193000,0.0839,0.085,0.08,0.08,28780,0
SDSTW.US,5,20250924,193500,0.08979,0.08979,0.0887,0.0887,11024,0
SDSTW.US,5,20250924,194000,0.0897,0.0897,0.0897,0.0897,3000,0
SDSTW.US,5,20250924,201000,0.0897,0.0898,0.089699,0.0898,2970,0
SDSTW.US,5,20250924,203500,0.0812,0.0812,0.0812,0.0812,100,0
SDSTW.US,5,20250924,211000,0.081,0.081,0.081,0.081,100,0
SDSTW.US,5,20250925,153500,0.08,0.08,0.0712,0.0712,2300,0
SDSTW.US,5,20250925,162500,0.075,0.075,0.075,0.075,1000,0
SDSTW.US,5,20250925,174000,0.075,0.075,0.075,0.075,200,0
SDSTW.US,5,20250925,181000,0.0701,0.0712,0.07,0.07,2782,0
SDSTW.US,5,20250925,182000,0.0755,0.0755,0.0755,0.0755,1000,0
SDSTW.US,5,20250925,193500,0.0744,0.0744,0.0744,0.0744,500,0
SDSTW.US,5,20250926,163000,0.0752,0.0752,0.0752,0.0752,250,0
SDSTW.US,5,20250926,165000,0.0805,0.0805,0.0805,0.0805,1000,0
SDSTW.US,5,20250926,171000,0.076,0.076,0.076,0.076,100,0
SDSTW.US,5,20250926,182000,0.08,0.0805,0.0752,0.0752,1912,0
SDSTW.US,5,20250926,190500,0.0805,0.0807,0.0805,0.0807,985,0
SDSTW.US,5,20250926,205000,0.0879,0.0879,0.0879,0.0879,2854,0
SDSTW.US,5,20250926,205500,0.088,0.088,0.088,0.088,100,0
SDSTW.US,5,20250926,210000,0.0948,0.0948,0.0948,0.0948,363,0
SDSTW.US,5,20250926,211000,0.1039,0.1039,0.1039,0.1039,100,0
SDSTW.US,5,20250926,212500,0.11,0.11,0.11,0.11,400,0
SDSTW.US,5,20250926,214000,0.11,0.11,0.11,0.11,1000,0
SDSTW.US,5,20250926,215000,0.11,0.110001,0.0956,0.11,5972,0
SDSTW.US,5,20250926,215500,0.11,0.12,0.11,0.12,6509,0
SDSTW.US,5,20250929,153000,0.13,0.13,0.13,0.13,380,0
SDSTW.US,5,20250929,154000,0.1222,0.1222,0.12,0.12,1625,0
SDSTW.US,5,20250929,160500,0.12,0.12,0.12,0.12,10000,0
SDSTW.US,5,20250929,164500,0.125,0.125,0.125,0.125,100,0
SDSTW.US,5,20250929,165000,0.1201,0.1201,0.1201,0.1201,200,0
SDSTW.US,5,20250929,165500,0.12,0.1201,0.12,0.1201,2000,0
SDSTW.US,5,20250929,170000,0.1175,0.1175,0.1175,0.1175,100,0
SDSTW.US,5,20250929,174000,0.115,0.115,0.115,0.115,2100,0
SDSTW.US,5,20250929,175000,0.1151,0.1151,0.1151,0.1151,1000,0
SDSTW.US,5,20250929,175500,0.115,0.115,0.115,0.115,100,0
SDSTW.US,5,20250929,200000,0.115,0.1151,0.115,0.1151,400,0
SDSTW.US,5,20250929,204000,0.115,0.115,0.115,0.115,100,0
SDSTW.US,5,20250929,204500,0.11509,0.1151,0.11509,0.11509,705,0
SDSTW.US,5,20250929,205000,0.1175,0.1175,0.1175,0.1175,1600,0
SDSTW.US,5,20250929,210500,0.115,0.115,0.115,0.115,100,0
SDSTW.US,5,20250930,154500,0.1174,0.1174,0.1174,0.1174,100,0
SDSTW.US,5,20250930,155500,0.1174,0.1174,0.1174,0.1174,700,0
SDSTW.US,5,20250930,172000,0.125,0.13,0.1249,0.1299,4000,0
SDSTW.US,5,20250930,174000,0.128305,0.128305,0.11,0.11,10793,0
SDSTW.US,5,20250930,175000,0.0876,0.115,0.0876,0.115,500,0
SDSTW.US,5,20250930,175500,0.0875,0.0875,0.0875,0.0875,100,0
SDSTW.US,5,20250930,192500,0.09,0.09,0.0874,0.0874,1200,0
SDSTW.US,5,20250930,193000,0.0875,0.0875,0.086,0.0875,5353,0
SDSTW.US,5,20250930,201500,0.102501,0.102501,0.102501,0.102501,600,0
SDSTW.US,5,20250930,214500,0.115,0.1212,0.115,0.1212,1690,0
SDSTW.US,5,20250930,215000,0.12,0.1206,0.12,0.1206,4100,0
SDSTW.US,5,20250930,215500,0.12,0.12,0.075291,0.0758,96947,0
SDSTW.US,5,20251001,173500,0.0801,0.0801,0.0801,0.0801,500,0
SDSTW.US,5,20251001,174000,0.0801,0.097551,0.0801,0.097551,400,0
SDSTW.US,5,20251001,183000,0.0976,0.0976,0.0976,0.0976,2000,0
SDSTW.US,5,20251001,191500,0.0895,0.0895,0.0895,0.0895,2070,0
SDSTW.US,5,20251001,194000,0.09,0.092501,0.09,0.09,350,0
SDSTW.US,5,20251001,195500,0.082002,0.082002,0.082002,0.082002,100,0
SDSTW.US,5,20251002,153500,0.0851,0.0851,0.08,0.08,1999,0
SDSTW.US,5,20251002,154000,0.08,0.0849,0.08,0.0849,4613,0
SDSTW.US,5,20251002,154500,0.084899,0.084899,0.084899,0.084899,1000,0
SDSTW.US,5,20251002,160500,0.08,0.08,0.08,0.08,100,0
SDSTW.US,5,20251002,163000,0.08,0.08,0.08,0.08,206,0
SDSTW.US,5,20251002,170500,0.08,0.08,0.08,0.08,100,0
SDSTW.US,5,20251002,191500,0.085,0.085,0.085,0.085,2500,0
SDSTW.US,5,20251002,193500,0.085,0.085,0.085,0.085,100,0
SDSTW.US,5,20251002,204500,0.085,0.085,0.085,0.085,400,0
SDSTW.US,5,20251002,212500,0.08,0.08,0.08,0.08,100,0
SDSTW.US,5,20251003,155000,0.082501,0.082501,0.082501,0.082501,475,0
SDSTW.US,5,20251003,160500,0.0801,0.0801,0.0801,0.0801,100,0
SDSTW.US,5,20251003,161500,0.0802,0.0849,0.0802,0.0802,300,0
SDSTW.US,5,20251003,171500,0.0849,0.0849,0.0849,0.0849,3000,0
SDSTW.US,5,20251003,173000,0.0849,0.0849,0.0839,0.0839,1745,0
SDSTW.US,5,20251003,173500,0.1298,0.1298,0.1297,0.1297,200,0
SDSTW.US,5,20251003,184000,0.1199,0.12,0.1199,0.12,4804,0
SDSTW.US,5,20251003,193000,0.1199,0.12,0.1198,0.1198,1804,0
SDSTW.US,5,20251003,203500,0.103551,0.103551,0.103551,0.103551,200,0
SDSTW.US,5,20251006,153000,0.0851,0.0851,0.0851,0.0851,280,0
SDSTW.US,5,20251006,155500,0.1,0.121,0.0999,0.121,1118,0
SDSTW.US,5,20251006,160500,0.0851,0.0851,0.0781,0.0781,2510,0
SDSTW.US,5,20251006,161500,0.08,0.08,0.08,0.08,567,0
SDSTW.US,5,20251006,191000,0.0893,0.0893,0.0893,0.0893,1000,0
SDSTW.US,5,20251006,193500,0.0932,0.0932,0.0932,0.0932,1000,0
SDSTW.US,5,20251006,195000,0.1015,0.1015,0.0932,0.1015,7719,0
SDSTW.US,5,20251007,165500,0.1198,0.1198,0.1198,0.1198,250,0
SDSTW.US,5,20251007,170500,0.09,0.09,0.0812,0.0813,10100,0
SDSTW.US,5,20251007,172500,0.0834,0.0834,0.0834,0.0834,500,0
SDSTW.US,5,20251007,181500,0.0857,0.0857,0.0857,0.0857,800,0
SDSTW.US,5,20251007,194500,0.09,0.09,0.09,0.09,130,0
SDSTW.US,5,20251007,203500,0.09,0.09,0.0899,0.0899,400,0
SDSTW.US,5,20251007,210500,0.081301,0.081301,0.081301,0.081301,600,0
SDSTW.US,5,20251007,211500,0.0894,0.0894,0.0894,0.0894,2000,0
SDSTW.US,5,20251007,213000,0.09,0.09,0.09,0.09,100,0
SDSTW.US,5,20251008,154500,0.1098,0.1098,0.1098,0.1098,100,0
SDSTW.US,5,20251008,162500,0.1006,0.1006,0.1006,0.1006,100,0
SDSTW.US,5,20251008,182000,0.1095,0.11,0.1024,0.11,18400,0
SDSTW.US,5,20251008,190000,0.1101,0.1101,0.1101,0.1101,100,0
SDSTW.US,5,20251008,191000,0.11,0.11,0.11,0.11,10000,0
SDSTW.US,5,20251008,192500,0.1101,0.1101,0.1101,0.1101,100,0
SDSTW.US,5,20251008,193000,0.1101,0.1101,0.1101,0.1101,2000,0
SDSTW.US,5,20251008,195000,0.1101,0.1101,0.1101,0.1101,100,0
SDSTW.US,5,20251008,195500,0.1101,0.1101,0.11,0.1101,1000,0
SDSTW.US,5,20251008,202500,0.1148,0.1148,0.1148,0.1148,100,0
SDSTW.US,5,20251008,205000,0.1196,0.1196,0.1196,0.1196,199,0
SDSTW.US,5,20251008,210000,0.118,0.118,0.1156,0.1156,384,0
SDSTW.US,5,20251008,213000,0.118,0.118,0.118,0.118,100,0
SDSTW.US,5,20251009,153000,0.12,0.12,0.12,0.12,641,0
SDSTW.US,5,20251009,155000,0.12,0.12,0.12,0.12,100,0
SDSTW.US,5,20251009,162500,0.118,0.118,0.118,0.118,100,0
SDSTW.US,5,20251009,171500,0.115,0.115,0.115,0.115,100,0
SDSTW.US,5,20251009,174500,0.1095,0.1095,0.1095,0.1095,297,0
SDSTW.US,5,20251009,181000,0.115,0.115,0.115,0.115,100,0
SDSTW.US,5,20251009,192500,0.115,0.115,0.115,0.115,100,0
SDSTW.US,5,20251009,203000,0.115,0.115,0.115,0.115,100,0
SDSTW.US,5,20251009,214000,0.115,0.115,0.115,0.115,232,0
SDSTW.US,5,20251009,215000,0.115,0.115,0.115,0.115,600,0
SDSTW.US,5,20251010,153000,0.121,0.121,0.121,0.121,5432,0
SDSTW.US,5,20251010,172000,0.1163,0.1163,0.1052,0.1052,2772,0
SDSTW.US,5,20251010,172500,0.1052,0.1052,0.1052,0.1052,300,0
SDSTW.US,5,20251010,184500,0.11989,0.11989,0.11989,0.11989,300,0
SDSTW.US,5,20251010,191000,0.107,0.107,0.107,0.107,4848,0
SDSTW.US,5,20251013,160500,0.111,0.111,0.111,0.111,14500,0
SDSTW.US,5,20251013,170500,0.0957,0.0957,0.0957,0.0957,100,0
SDSTW.US,5,20251013,173000,0.0958,0.0958,0.0958,0.0958,1200,0
SDSTW.US,5,20251013,173500,0.0957,0.0957,0.0957,0.0957,2000,0
SDSTW.US,5,20251013,174000,0.0957,0.0957,0.0957,0.0957,500,0
SDSTW.US,5,20251013,174500,0.0955,0.0955,0.0927,0.0955,4560,0
SDSTW.US,5,20251013,182500,0.0955,0.117,0.0954,0.1169,10100,0
SDSTW.US,5,20251013,183500,0.1041,0.1041,0.1041,0.1041,200,0
SDSTW.US,5,20251013,194500,0.1117,0.1117,0.1108,0.1117,400,0
SDSTW.US,5,20251013,195000,0.120998,0.1295,0.1209,0.1295,6590,0
SDSTW.US,5,20251013,195500,0.1325,0.1325,0.1215,0.1325,3654,0
SDSTW.US,5,20251013,200000,0.1325,0.14,0.1325,0.1399,2500,0
SDSTW.US,5,20251013,200500,0.1399,0.1399,0.1399,0.1399,500,0
SDSTW.US,5,20251013,204500,0.1366,0.14,0.1354,0.14,11900,0
SDSTW.US,5,20251013,205000,0.145,0.145,0.145,0.145,1000,0
SDSTW.US,5,20251013,213000,0.14,0.1414,0.14,0.14,632,0
SDSTW.US,5,20251013,213500,0.13,0.147,0.13,0.146,20943,0
SDSTW.US,5,20251013,214000,0.1381,0.1476,0.1381,0.1471,17916,0
SDSTW.US,5,20251013,214500,0.149,0.1495,0.1482,0.1482,1528,0
SDSTW.US,5,20251013,215000,0.15,0.1525,0.14775,0.1525,3100,0
SDSTW.US,5,20251014,153000,0.2,0.2,0.1903,0.1903,17539,0
SDSTW.US,5,20251014,153500,0.1525,0.1709,0.1525,0.1709,4400,0
SDSTW.US,5,20251014,154000,0.1711,0.174999,0.1711,0.174999,700,0
SDSTW.US,5,20251014,154500,0.2,0.2,0.1532,0.2,52800,0
SDSTW.US,5,20251014,155000,0.2,0.2,0.182,0.182,7100,0
SDSTW.US,5,20251014,160000,0.1746,0.1746,0.1746,0.1746,100,0
SDSTW.US,5,20251014,161000,0.18,0.1813,0.18,0.1811,16667,0
SDSTW.US,5,20251014,161500,0.181,0.2,0.181,0.2,66702,0
SDSTW.US,5,20251014,162000,0.2,0.2,0.1938,0.1975,7880,0
SDSTW.US,5,20251014,163000,0.1902,0.19025,0.183,0.183,5800,0
SDSTW.US,5,20251014,164500,0.183,0.183,0.1829,0.183,1300,0
SDSTW.US,5,20251014,165000,0.182999,0.182999,0.182999,0.182999,500,0
SDSTW.US,5,20251014,170500,0.183,0.2,0.181,0.181,5800,0
SDSTW.US,5,20251014,171000,0.1804,0.1938,0.1794,0.19,30600,0
SDSTW.US,5,20251014,171500,0.183,0.183,0.182899,0.182899,6000,0
SDSTW.US,5,20251014,172000,0.1788,0.1788,0.1788,0.1788,1800,0
SDSTW.US,5,20251014,175500,0.183,0.1886,0.183,0.1886,700,0
SDSTW.US,5,20251014,180000,0.184,0.184,0.184,0.184,1400,0
SDSTW.US,5,20251014,180500,0.1959,0.2421,0.1959,0.22,27367,0
SDSTW.US,5,20251014,182000,0.2199,0.22,0.2152,0.2152,2304,0
SDSTW.US,5,20251014,182500,0.208,0.2219,0.208,0.2219,16300,0
SDSTW.US,5,20251014,183000,0.2219,0.2223,0.2198,0.2222,13900,0
SDSTW.US,5,20251014,183500,0.225,0.2476,0.2249,0.2476,2300,0
SDSTW.US,5,20251014,184000,0.2464,0.247,0.2464,0.247,13753,0
SDSTW.US,5,20251014,184500,0.2225,0.2225,0.2222,0.2222,5000,0
SDSTW.US,5,20251014,185500,0.2346,0.2346,0.2346,0.2346,250,0
SDSTW.US,5,20251014,190000,0.239,0.239,0.239,0.239,1000,0
SDSTW.US,5,20251014,191000,0.237,0.237,0.237,0.237,800,0
SDSTW.US,5,20251014,193500,0.235,0.23699,0.2335,0.235,2950,0
SDSTW.US,5,20251014,194500,0.22,0.22,0.2199,0.2199,4442,0
SDSTW.US,5,20251014,195500,0.22,0.22,0.22,0.22,1876,0
SDSTW.US,5,20251014,200000,0.22,0.22,0.22,0.22,2200,0
SDSTW.US,5,20251014,200500,0.22,0.22,0.219951,0.22,13200,0
SDSTW.US,5,20251014,201000,0.23,0.23,0.2283,0.2283,2300,0
SDSTW.US,5,20251014,201500,0.237,0.237,0.223,0.223,1500,0
SDSTW.US,5,20251014,202000,0.223,0.237,0.223,0.223,3000,0
SDSTW.US,5,20251014,203000,0.2158,0.2158,0.2158,0.2158,139,0
SDSTW.US,5,20251014,210500,0.223,0.2339,0.2203,0.2203,3300,0
SDSTW.US,5,20251014,211000,0.223,0.223,0.223,0.223,1000,0
SDSTW.US,5,20251014,211500,0.2195,0.2195,0.2195,0.2195,100,0
SDSTW.US,5,20251014,213000,0.219,0.219,0.2189,0.219,400,0
SDSTW.US,5,20251014,213500,0.22,0.22,0.22,0.22,944,0
SDSTW.US,5,20251014,214000,0.223,0.223,0.2229,0.223,1200,0
SDSTW.US,5,20251014,214500,0.2229,0.2229,0.2229,0.2229,300,0
SDSTW.US,5,20251014,215500,0.215,0.215,0.215,0.215,30000,0
SDSTW.US,5,20251015,153000,0.3,0.3,0.2899,0.2899,5469,0
SDSTW.US,5,20251015,153500,0.19,0.25,0.15,0.25,32995,0
SDSTW.US,5,20251015,154000,0.25,0.25,0.25,0.25,500,0
SDSTW.US,5,20251015,155000,0.22,0.22,0.22,0.22,400,0
SDSTW.US,5,20251015,155500,0.2775,0.2775,0.2775,0.2775,925,0
SDSTW.US,5,20251015,160000,0.27,0.27,0.27,0.27,1000,0
SDSTW.US,5,20251015,164000,0.26,0.26,0.2575,0.26,1800,0
SDSTW.US,5,20251015,170500,0.255,0.265,0.255,0.265,3904,0
SDSTW.US,5,20251015,171000,0.25962,0.25962,0.25962,0.25962,200,0
SDSTW.US,5,20251015,173000,0.2112,0.22,0.2,0.2,2521,0
SDSTW.US,5,20251015,174500,0.1881,0.1881,0.1475,0.1475,49890,0
SDSTW.US,5,20251015,175000,0.147501,0.147501,0.147501,0.147501,120,0
SDSTW.US,5,20251015,185000,0.1883,0.1883,0.1883,0.1883,100,0
SDSTW.US,5,20251015,185500,0.17,0.17,0.16,0.16,11900,0
SDSTW.US,5,20251015,190000,0.16,0.16,0.16,0.16,600,0
SDSTW.US,5,20251015,191000,0.1699,0.169998,0.1699,0.169998,600,0
SDSTW.US,5,20251015,191500,0.17,0.17,0.17,0.17,100,0
SDSTW.US,5,20251015,192500,0.164,0.164,0.164,0.164,1411,0
SDSTW.US,5,20251015,194000,0.1601,0.160251,0.16,0.160251,840,0
SDSTW.US,5,20251015,200000,0.1602,0.1602,0.1602,0.1602,100,0
SDSTW.US,5,20251015,200500,0.1602,0.1697,0.1601,0.1694,21667,0
SDSTW.US,5,20251015,201000,0.1694,0.1694,0.1693,0.1694,300,0
SDSTW.US,5,20251015,201500,0.1699,0.1699,0.1699,0.1699,250,0
SDSTW.US,5,20251015,202000,0.1699,0.1699,0.1699,0.1699,139,0
SDSTW.US,5,20251015,203000,0.1699,0.18,0.1699,0.18,16693,0
SDSTW.US,5,20251015,205500,0.18,0.18,0.18,0.18,100,0
SDSTW.US,5,20251015,215000,0.1799,0.2,0.1773,0.2,11455,0
SDSTW.US,5,20251015,215500,0.1832,0.2,0.1832,0.2,300,0
SDSTW.US,5,20251016,154500,0.2013,0.21375,0.160101,0.1752,1050,0
SDSTW.US,5,20251016,160000,0.2049,0.2049,0.1975,0.1975,600,0
SDSTW.US,5,20251016,162000,0.2,0.2,0.2,0.2,800,0
SDSTW.US,5,20251016,173000,0.1975,0.1975,0.1975,0.1975,200,0
SDSTW.US,5,20251016,181000,0.18,0.18,0.18,0.18,200,0
SDSTW.US,5,20251016,183000,0.16,0.16,0.16,0.16,2400,0
SDSTW.US,5,20251016,183500,0.151,0.151,0.151,0.151,2400,0
SDSTW.US,5,20251016,185500,0.1659,0.1659,0.1225,0.1225,4890,0
SDSTW.US,5,20251016,192000,0.125,0.125,0.125,0.125,300,0
SDSTW.US,5,20251016,201000,0.125001,0.125001,0.125001,0.125001,500,0
SDSTW.US,5,20251016,201500,0.125,0.125,0.125,0.125,10000,0
SDSTW.US,5,20251016,203500,0.17025,0.17025,0.169,0.169,500,0
SDSTW.US,5,20251016,204500,0.169,0.1857,0.169,0.17,7100,0
SDSTW.US,5,20251016,205500,0.17,0.17,0.17,0.17,500,0
SDSTW.US,5,20251016,214000,0.17,0.17,0.17,0.17,350,0
SDSTW.US,5,20251017,163500,0.1623,0.1623,0.15,0.1623,10182,0
SDSTW.US,5,20251017,182500,0.1486,0.1625,0.1486,0.1625,2100,0
SDSTW.US,5,20251017,184000,0.1501,0.1501,0.1501,0.1501,8000,0
SDSTW.US,5,20251017,185500,0.169,0.175,0.169,0.175,7000,0
SDSTW.US,5,20251017,192000,0.16,0.16,0.16,0.16,200,0
SDSTW.US,5,20251017,193500,0.1642,0.1642,0.1642,0.1642,400,0
SDSTW.US,5,20251017,195000,0.16,0.16,0.16,0.16,100,0
SDSTW.US,5,20251017,213500,0.16,0.16,0.16,0.16,1143,0
SDSTW.US,5,20251020,153000,0.175,0.175,0.175,0.175,150,0
SDSTW.US,5,20251020,172000,0.1525,0.1525,0.1525,0.1525,250,0
SDSTW.US,5,20251020,173000,0.15001,0.15001,0.15001,0.15001,166,0
SDSTW.US,5,20251020,174000,0.1462,0.151,0.1462,0.151,200,0
SDSTW.US,5,20251020,174500,0.167815,0.167815,0.167815,0.167815,100,0
SDSTW.US,5,20251020,205000,0.1603,0.1603,0.1603,0.1603,200,0
SDSTW.US,5,20251020,210000,0.1603,0.1603,0.1603,0.1603,100,0
SDSTW.US,5,20251020,214000,0.174,0.175,0.1685,0.1748,9266,0
SDSTW.US,5,20251020,214500,0.1603,0.1603,0.1603,0.1603,100,0
SDSTW.US,5,20251020,215000,0.1603,0.1603,0.1603,0.1603,100,0
SDSTW.US,5,20251020,215500,0.1492,0.151,0.1492,0.151,400,0
SDSTW.US,5,20251021,153000,0.175,0.22,0.175,0.22,11497,0
SDSTW.US,5,20251021,153500,0.22,0.2475,0.22,0.2475,4500,0
SDSTW.US,5,20251021,154000,0.1801,0.1801,0.1801,0.1801,5500,0
SDSTW.US,5,20251021,154500,0.181,0.195001,0.18,0.18,12000,0
SDSTW.US,5,20251021,155000,0.18,0.18,0.18,0.18,13800,0
SDSTW.US,5,20251021,163500,0.1988,0.1988,0.1988,0.1988,2500,0
SDSTW.US,5,20251021,164500,0.198751,0.198751,0.18,0.189376,9400,0
SDSTW.US,5,20251021,173000,0.18,0.18,0.18,0.18,5000,0
SDSTW.US,5,20251021,173500,0.2175,0.2175,0.2175,0.2175,100,0
SDSTW.US,5,20251021,174500,0.1995,0.205161,0.1995,0.205161,600,0
SDSTW.US,5,20251021,193000,0.19875,0.19875,0.19875,0.19875,500,0
SDSTW.US,5,20251021,195000,0.18,0.18,0.18,0.18,200,0
SDSTW.US,5,20251021,205000,0.18,0.18,0.18,0.18,200,0
SDSTW.US,5,20251021,213500,0.1801,0.1801,0.1801,0.1801,5000,0
SDSTW.US,5,20251021,214000,0.18,0.18,0.18,0.18,2235,0
SDSTW.US,5,20251021,214500,0.18,0.18,0.18,0.18,900,0
SDSTW.US,5,20251021,215000,0.18,0.18,0.18,0.18,200,0
SDSTW.US,5,20251021,215500,0.18,0.18,0.18,0.18,604,0
SDSTW.US,5,20251022,153000,0.2532,0.2575,0.19,0.19,5245,0
SDSTW.US,5,20251022,153500,0.19,0.2593,0.19,0.1901,3426,0
SDSTW.US,5,20251022,154000,0.2026,0.2026,0.2026,0.2026,120,0
SDSTW.US,5,20251022,154500,0.22,0.22,0.19,0.19,2100,0
SDSTW.US,5,20251022,155000,0.2,0.2,0.2,0.2,200,0
SDSTW.US,5,20251022,161000,0.20316,0.20316,0.1875,0.1875,3301,0
SDSTW.US,5,20251022,163000,0.19,0.200001,0.18,0.18,7895,0
SDSTW.US,5,20251022,165500,0.1812,0.1812,0.1811,0.1812,300,0
SDSTW.US,5,20251022,170000,0.18,0.18,0.18,0.18,5247,0
SDSTW.US,5,20251022,170500,0.1717,0.1899,0.1717,0.1899,841,0
SDSTW.US,5,20251022,172500,0.180799,0.180799,0.180799,0.180799,100,0
SDSTW.US,5,20251022,181500,0.1716,0.1716,0.1716,0.1716,100,0
SDSTW.US,5,20251022,184000,0.1716,0.1716,0.1716,0.1716,100,0
SDSTW.US,5,20251022,191000,0.1716,0.1716,0.1716,0.1716,100,0
SDSTW.US,5,20251022,193000,0.1717,0.1717,0.1717,0.1717,500,0
SDSTW.US,5,20251022,195500,0.1717,0.1717,0.1717,0.1717,100,0
SDSTW.US,5,20251022,201000,0.1718,0.1718,0.1718,0.1718,500,0
SDSTW.US,5,20251022,202000,0.1716,0.1716,0.1716,0.1716,100,0
SDSTW.US,5,20251022,215000,0.1717,0.1717,0.1716,0.1716,3700,0
SDSTW.US,5,20251022,215500,0.1716,0.1716,0.1716,0.1716,200,0
SDSTW.US,5,20251023,153000,0.1717,0.1717,0.1717,0.1717,1000,0
SDSTW.US,5,20251023,154000,0.2012,0.2012,0.199,0.199,2250,0
SDSTW.US,5,20251023,155000,0.18,0.18,0.18,0.18,200,0
SDSTW.US,5,20251023,155500,0.19,0.198,0.19,0.198,1700,0
SDSTW.US,5,20251023,160000,0.1902,0.1902,0.1802,0.1802,2100,0
SDSTW.US,5,20251023,163500,0.192,0.2,0.18,0.18,4100,0
SDSTW.US,5,20251023,164000,0.1802,0.1802,0.1802,0.1802,100,0
SDSTW.US,5,20251023,165000,0.1802,0.1802,0.1802,0.1802,200,0
SDSTW.US,5,20251023,173000,0.1943,0.1943,0.1943,0.1943,1000,0
SDSTW.US,5,20251023,173500,0.1895,0.1999,0.1895,0.1999,1600,0
SDSTW.US,5,20251023,174000,0.1999,0.1999,0.1925,0.19255,651,0
SDSTW.US,5,20251023,174500,0.1925,0.1925,0.1925,0.1925,350,0
SDSTW.US,5,20251023,185000,0.1802,0.1802,0.1802,0.1802,200,0
SDSTW.US,5,20251023,191000,0.1852,0.1852,0.18,0.18,4100,0
SDSTW.US,5,20251023,191500,0.1802,0.1802,0.1802,0.1802,100,0
SDSTW.US,5,20251023,195000,0.18015,0.1802,0.18015,0.1802,700,0
SDSTW.US,5,20251023,204000,0.1802,0.1802,0.18,0.18,400,0
SDSTW.US,5,20251023,205000,0.1717,0.1717,0.1717,0.1717,200,0
SDSTW.US,5,20251023,215000,0.1721,0.1721,0.1721,0.1721,200,0
SDSTW.US,5,20251023,215500,0.18,0.18,0.18,0.18,100,0
SDSTW.US,5,20251024,160000,0.1687,0.1687,0.1687,0.1687,100,0
SDSTW.US,5,20251024,162000,0.198401,0.198401,0.198401,0.198401,116,0
SDSTW.US,5,20251024,162500,0.2,0.2,0.18,0.1801,748,0
SDSTW.US,5,20251024,172000,0.1785,0.18,0.1775,0.1775,1902,0
SDSTW.US,5,20251024,173000,0.185,0.185,0.185,0.185,100,0
SDSTW.US,5,20251024,174000,0.2,0.2084,0.2,0.2084,2378,0
SDSTW.US,5,20251024,175000,0.2,0.2138,0.2,0.2138,1200,0
SDSTW.US,5,20251024,184000,0.2,0.2001,0.187,0.187,10700,0
SDSTW.US,5,20251024,185000,0.1852,0.1852,0.185,0.185,50763,0
SDSTW.US,5,20251024,191000,0.185,0.185037,0.185,0.185,9600,0
SDSTW.US,5,20251024,193000,0.185,0.185,0.185,0.185,2575,0
SDSTW.US,5,20251024,193500,0.1851,0.1851,0.1851,0.1851,100,0
SDSTW.US,5,20251024,195000,0.185,0.185,0.185,0.185,200,0
SDSTW.US,5,20251024,202500,0.185,0.1851,0.185,0.1851,10000,0
SDSTW.US,5,20251024,205000,0.185,0.185,0.185,0.185,200,0
SDSTW.US,5,20251024,205500,0.1851,0.1851,0.185,0.185,836,0
SDSTW.US,5,20251024,213500,0.1852,0.1852,0.185128,0.185128,200,0
SDSTW.US,5,20251027,143000,0.1702,0.213,0.1702,0.213,200,0
SDSTW.US,5,20251027,164000,0.1999,0.1999,0.1999,0.1999,100,0
SDSTW.US,5,20251027,173000,0.2,0.2,0.2,0.2,500,0
SDSTW.US,5,20251027,205000,0.1822,0.1822,0.1822,0.1822,200,0
SDSTW.US,5,20251027,205500,0.1822,0.1822,0.1822,0.1822,200,0
SDSTW.US,5,20251028,143000,0.1717,0.1717,0.1717,0.1717,1100,0
SDSTW.US,5,20251028,143500,0.18,0.1801,0.18,0.1801,4834,0
SDSTW.US,5,20251028,145000,0.1821,0.1821,0.1821,0.1821,200,0
SDSTW.US,5,20251028,155000,0.181,0.181,0.181,0.181,200,0
SDSTW.US,5,20251028,165000,0.1832,0.1832,0.1832,0.1832,200,0
SDSTW.US,5,20251028,175000,0.1842,0.1842,0.1842,0.1842,200,0
SDSTW.US,5,20251028,185000,0.1844,0.1844,0.1844,0.1844,200,0
SDSTW.US,5,20251028,192500,0.1844,0.1846,0.1844,0.1846,764,0
SDSTW.US,5,20251028,195000,0.1844,0.1844,0.1844,0.1844,200,0
SDSTW.US,5,20251028,201500,0.1844,0.1846,0.1844,0.1846,566,0
SDSTW.US,5,20251028,202000,0.1847,0.1847,0.1847,0.1847,1599,0
SDSTW.US,5,20251028,203000,0.1847,0.1848,0.1847,0.1848,299,0
SDSTW.US,5,20251028,205000,0.1849,0.1849,0.1849,0.1849,200,0
SDSTW.US,5,20251028,205500,0.1849,0.1849,0.1849,0.1849,101,0
SDSTW.US,5,20251029,143000,0.189,0.189,0.189,0.189,280,0
SDSTW.US,5,20251029,144500,0.197,0.197,0.197,0.197,100,0
SDSTW.US,5,20251029,150000,0.197,0.197,0.197,0.197,500,0
SDSTW.US,5,20251029,150500,0.197,0.197,0.197,0.197,200,0
SDSTW.US,5,20251029,154500,0.197,0.202,0.197,0.202,400,0
SDSTW.US,5,20251029,155000,0.202,0.202,0.202,0.202,200,0
SDSTW.US,5,20251029,160500,0.22,0.22,0.22,0.22,100,0
SDSTW.US,5,20251029,162500,0.202,0.202,0.202,0.202,310,0
SDSTW.US,5,20251029,164000,0.22,0.22,0.22,0.22,200,0
SDSTW.US,5,20251029,165000,0.202,0.202,0.202,0.202,200,0
SDSTW.US,5,20251029,174000,0.22,0.22,0.22,0.22,200,0
SDSTW.US,5,20251029,175000,0.202,0.202,0.202,0.202,200,0
SDSTW.US,5,20251029,180500,0.2057,0.22,0.2057,0.22,5200,0
SDSTW.US,5,20251029,181500,0.22,0.22,0.22,0.22,125,0
SDSTW.US,5,20251029,184500,0.22,0.22,0.22,0.22,100,0
SDSTW.US,5,20251029,185000,0.202,0.22,0.202,0.22,300,0
SDSTW.US,5,20251029,194500,0.22,0.22,0.22,0.22,100,0
SDSTW.US,5,20251029,195000,0.202,0.202,0.202,0.202,200,0
SDSTW.US,5,20251029,203000,0.22,0.22,0.22,0.22,634,0
SDSTW.US,5,20251029,205000,0.202,0.202,0.202,0.202,200,0
SDSTW.US,5,20251029,205500,0.202,0.202,0.202,0.202,200,0
SDSTW.US,5,20251030,143000,0.23,0.23,0.23,0.23,148,0
SDSTW.US,5,20251030,145000,0.23,0.230001,0.23,0.230001,1000,0
SDSTW.US,5,20251030,152000,0.2002,0.2002,0.18,0.18,11329,0
SDSTW.US,5,20251031,145000,0.17,0.17,0.17,0.17,111,0
SDSTW.US,5,20251031,153000,0.2071,0.2071,0.2071,0.2071,1000,0
SDSTW.US,5,20251031,155000,0.194814,0.194814,0.194814,0.194814,500,0
SDSTW.US,5,20251031,161000,0.1888,0.2299,0.1888,0.2299,7730,0
SDSTW.US,5,20251031,164000,0.2275,0.2275,0.2274,0.2274,1800,0
SDSTW.US,5,20251031,204500,0.21,0.21,0.21,0.21,1200,0
SDSTW.US,5,20251031,205000,0.2008,0.2008,0.19,0.19,8472,0
SDSTW.US,5,20251031,205500,0.19,0.19,0.19,0.19,236,0
SDSTW.US,5,20251103,153000,0.2585,0.2585,0.18,0.18,3156,0
SDSTW.US,5,20251103,153500,0.1753,0.1753,0.1753,0.1753,2435,0
SDSTW.US,5,20251103,184000,0.2,0.2,0.2,0.2,425,0
SDSTW.US,5,20251103,202000,0.2092,0.2092,0.19,0.2092,368,0
SDSTW.US,5,20251103,203000,0.1753,0.1753,0.1717,0.1717,5054,0
SDSTW.US,5,20251103,214000,0.1717,0.1717,0.1711,0.1711,4679,0
SDSTW.US,5,20251103,215000,0.171,0.171,0.171,0.171,1000,0
SDSTW.US,5,20251103,215500,0.1711,0.1711,0.171064,0.171064,800,0
SDSTW.US,5,20251104,153000,0.1798,0.1798,0.1798,0.1798,200,0
SDSTW.US,5,20251104,185000,0.1721,0.1721,0.1711,0.1711,1000,0
SDSTW.US,5,20251104,185500,0.1711,0.1711,0.1711,0.1711,700,0
SDSTW.US,5,20251104,191500,0.1712,0.1712,0.1712,0.1712,2000,0
SDSTW.US,5,20251105,160500,0.1895,0.1895,0.1895,0.1895,5000,0
SDSTW.US,5,20251106,155000,0.1856,0.1856,0.1849,0.1856,543,0
SDSTW.US,5,20251106,170000,0.1713,0.1713,0.1712,0.1712,200,0
SDSTW.US,5,20251106,183500,0.1713,0.1713,0.1712,0.1712,1600,0
SDSTW.US,5,20251106,193500,0.174,0.174,0.174,0.174,100,0
SDSTW.US,5,20251107,165000,0.18,0.1888,0.1799,0.184589,101682,0
SDSTW.US,5,20251107,165500,0.1801,0.1801,0.1801,0.1801,200,0
SDSTW.US,5,20251107,172000,0.18,0.1801,0.173,0.1801,8000,0
SDSTW.US,5,20251107,173000,0.1731,0.1731,0.1731,0.1731,100,0
SDSTW.US,5,20251107,175500,0.173,0.173,0.173,0.173,16000,0
SDSTW.US,5,20251107,180000,0.173,0.173,0.173,0.173,1414,0
SDSTW.US,5,20251107,181000,0.1731,0.1731,0.173,0.173,6592,0
SDSTW.US,5,20251107,183500,0.1731,0.1731,0.173,0.173,208,0
SDSTW.US,5,20251107,193500,0.173,0.173,0.173,0.173,750,0
SDSTW.US,5,20251107,201500,0.1731,0.1731,0.1731,0.1731,100,0
SDSTW.US,5,20251107,205000,0.1731,0.1731,0.1731,0.1731,300,0
SDSTW.US,5,20251107,211500,0.173,0.1919,0.173,0.1919,5462,0
SDSTW.US,5,20251107,214500,0.1919,0.1919,0.1919,0.1919,100,0
SDSTW.US,5,20251110,161000,0.1898,0.19,0.1898,0.19,3015,0
SDSTW.US,5,20251110,162000,0.19,0.19,0.19,0.19,100,0
SDSTW.US,5,20251110,163500,0.18255,0.19,0.18255,0.19,200,0
SDSTW.US,5,20251110,210000,0.175,0.175,0.175,0.175,121831,0
SDSTW.US,5,20251110,210500,0.1899,0.1899,0.1899,0.1899,100,0
SDSTW.US,5,20251110,214500,0.1899,0.1899,0.1858,0.1858,4755,0
SDSTW.US,5,20251111,153000,0.1712,0.1712,0.1712,0.1712,100,0
SDSTW.US,5,20251111,161000,0.1899,0.1899,0.1899,0.1899,100,0
SDSTW.US,5,20251111,173500,0.173,0.1731,0.173,0.1731,27846,0
SDSTW.US,5,20251111,185500,0.1899,0.1899,0.1899,0.1899,100,0
SDSTW.US,5,20251113,162500,0.1895,0.1895,0.1895,0.1895,1257,0
SDSTW.US,5,20251113,164000,0.1896,0.1896,0.1896,0.1896,100,0
SDSTW.US,5,20251113,191500,0.204501,0.204501,0.1815,0.196911,2714,0
SDSTW.US,5,20251113,202500,0.189499,0.189499,0.189499,0.189499,2000,0
SDSTW.US,5,20251114,153000,0.1733,0.1733,0.1733,0.1733,125,0
SDSTW.US,5,20251114,172500,0.17571,0.17571,0.17571,0.17571,942,0
SDSTW.US,5,20251117,153000,0.201,0.201,0.173,0.1757,11812,0
SDSTW.US,5,20251117,154000,0.1744,0.1757,0.1744,0.1744,1722,0
SDSTW.US,5,20251117,160500,0.1758,0.1759,0.1758,0.1759,1456,0
SDSTW.US,5,20251117,161500,0.1757,0.1758,0.1757,0.1757,10139,0
SDSTW.US,5,20251117,182500,0.1735,0.1735,0.173,0.173,14686,0
SDSTW.US,5,20251117,190500,0.1708,0.1708,0.1708,0.1708,100,0
SDSTW.US,5,20251117,202500,0.1707,0.1707,0.165,0.1657,19772,0
SDSTW.US,5,20251117,203000,0.1651,0.1651,0.165,0.165,20000,0
SDSTW.US,5,20251117,204000,0.165,0.165,0.165,0.165,10000,0
SDSTW.US,5,20251117,211000,0.165,0.165,0.165,0.165,100,0
SDSTW.US,5,20251117,215000,0.1651,0.1651,0.1651,0.1651,350,0
SDSTW.US,5,20251117,215500,0.165,0.165,0.165,0.165,760,0
SDSTW.US,5,20251118,155500,0.1899,0.1899,0.1854,0.1854,2000,0
SDSTW.US,5,20251118,161500,0.1651,0.1651,0.1651,0.1651,100,0
SDSTW.US,5,20251118,180000,0.1796,0.1796,0.1796,0.1796,2000,0
SDSTW.US,5,20251118,190000,0.185,0.185,0.185,0.185,100,0
SDSTW.US,5,20251118,194500,0.1877,0.1877,0.1877,0.1877,3000,0
SDSTW.US,5,20251118,201000,0.185,0.185,0.185,0.185,100,0
SDSTW.US,5,20251118,205500,0.185,0.185,0.185,0.185,300,0
SDSTW.US,5,20251118,212000,0.1851,0.1851,0.1851,0.1851,1000,0
SDSTW.US,5,20251118,213500,0.185,0.185,0.185,0.185,200,0
SDSTW.US,5,20251118,215500,0.1764,0.1764,0.1764,0.1764,300,0
SDSTW.US,5,20251119,161500,0.1661,0.1661,0.1661,0.1661,100,0
SDSTW.US,5,20251119,163000,0.1897,0.19,0.1897,0.19,2299,0
SDSTW.US,5,20251119,163500,0.19,0.19,0.19,0.19,100,0
SDSTW.US,5,20251119,165000,0.19,0.19,0.19,0.19,4591,0
SDSTW.US,5,20251119,172500,0.19,0.1902,0.19,0.1902,9620,0
SDSTW.US,5,20251119,185000,0.1769,0.1769,0.1769,0.1769,1000,0
SDSTW.US,5,20251119,194500,0.1746,0.1746,0.1746,0.1746,1100,0
SDSTW.US,5,20251119,201000,0.1661,0.1661,0.1661,0.1661,100,0
SDSTW.US,5,20251119,212000,0.1652,0.1653,0.1652,0.1653,200,0
SDSTW.US,5,20251119,215000,0.1653,0.1653,0.1652,0.1652,200,0
SDSTW.US,5,20251121,154500,0.1735,0.1735,0.1735,0.1735,100,0
SDSTW.US,5,20251121,164000,0.1766,0.1766,0.1766,0.1766,2000,0
SDSTW.US,5,20251121,173500,0.1735,0.1735,0.1735,0.1735,100,0
SDSTW.US,5,20251124,153500,0.1736,0.1736,0.1736,0.1736,100,0
SDSTW.US,5,20251125,153000,0.1737,0.1737,0.1737,0.1737,541,0
SDSTW.US,5,20251125,175000,0.1737,0.1737,0.1737,0.1737,500,0
SDSTW.US,5,20251125,183500,0.1737,0.1737,0.1737,0.1737,100,0
SDSTW.US,5,20251125,193500,0.168,0.168,0.168,0.168,900,0
SDSTW.US,5,20251128,161500,0.15,0.15,0.15,0.15,100,0
SDSTW.US,5,20251128,163000,0.1515,0.16,0.1515,0.16,200,0
SDSTW.US,5,20251128,181500,0.155849,0.1617,0.155849,0.1617,6857,0
SDSTW.US,5,20251201,154000,0.160001,0.160001,0.160001,0.160001,1000,0
SDSTW.US,5,20251201,185000,0.1501,0.1501,0.15,0.15,7527,0
SDSTW.US,5,20251201,191500,0.1425,0.1425,0.14,0.14,12400,0
SDSTW.US,5,20251201,201500,0.1324,0.1324,0.1324,0.1324,250,0
SDSTW.US,5,20251201,204500,0.1325,0.1325,0.1325,0.1325,400,0
SDSTW.US,5,20251201,212500,0.1325,0.1325,0.1325,0.1325,2225,0
SDSTW.US,5,20251201,213000,0.1324,0.1324,0.1275,0.1275,1000,0
SDSTW.US,5,20251201,214000,0.1276,0.1276,0.1276,0.1276,100,0
SDSTW.US,5,20251201,214500,0.1276,0.1276,0.1276,0.1276,100,0
SDSTW.US,5,20251201,215000,0.1286,0.1286,0.1286,0.1286,500,0
SDSTW.US,5,20251202,162500,0.133749,0.14,0.133,0.1399,2785,0
SDSTW.US,5,20251202,171500,0.1275,0.1275,0.1275,0.1275,100,0
SDSTW.US,5,20251202,173500,0.1331,0.1331,0.1331,0.1331,2000,0
SDSTW.US,5,20251202,175500,0.1275,0.1275,0.1275,0.1275,100,0
SDSTW.US,5,20251203,153000,0.1275,0.1399,0.1275,0.1399,900,0
SDSTW.US,5,20251203,153500,0.1399,0.1399,0.1399,0.1399,100,0
SDSTW.US,5,20251203,155000,0.1399,0.1399,0.1399,0.1399,200,0
SDSTW.US,5,20251203,161000,0.1399,0.1399,0.1399,0.1399,300,0
SDSTW.US,5,20251203,164000,0.1399,0.1399,0.1399,0.1399,300,0
SDSTW.US,5,20251203,214000,0.133,0.133,0.133,0.133,3000,0
SDSTW.US,5,20251204,173500,0.1339,0.1339,0.1275,0.1275,400,0
SDSTW.US,5,20251204,195500,0.1275,0.1277,0.1275,0.1277,244,0
SDSTW.US,5,20251204,211500,0.1275,0.1275,0.1275,0.1275,100,0
SDSTW.US,5,20251205,154000,0.130649,0.130649,0.130649,0.130649,2000,0
SDSTW.US,5,20251205,161000,0.1275,0.1275,0.1275,0.1275,100,0
SDSTW.US,5,20251208,153500,0.1276,0.1277,0.1276,0.1277,200,0
SDSTW.US,5,20251208,154000,0.1276,0.1276,0.1276,0.1276,100,0
SDSTW.US,5,20251208,162000,0.1277,0.1306,0.1277,0.1306,7100,0
SDSTW.US,5,20251208,172500,0.1276,0.1277,0.125,0.125,7354,0
SDSTW.US,5,20251208,195500,0.1226,0.1226,0.1209,0.1211,4936,0
SDSTW.US,5,20251208,202000,0.1209,0.1209,0.1175,0.1175,804,0
SDSTW.US,5,20251208,211500,0.1176,0.1176,0.1176,0.1176,124,0
SDSTW.US,5,20251208,215500,0.1175,0.1175,0.11,0.11,1141,0
SDSTW.US,5,20251209,195000,0.118,0.118,0.118,0.118,500,0
SDSTW.US,5,20251209,212500,0.1304,0.1304,0.1304,0.1304,700,0
SDSTW.US,5,20251210,153000,0.13,0.13,0.13,0.13,1500,0
SDSTW.US,5,20251210,153500,0.13,0.13,0.13,0.13,1719,0
SDSTW.US,5,20251210,170000,0.125,0.125,0.125,0.125,1719,0
SDSTW.US,5,20251210,203000,0.125001,0.125001,0.125001,0.125001,100,0
SDSTW.US,5,20251210,213000,0.129999,0.13,0.129251,0.129251,1800,0
SDSTW.US,5,20251211,210500,0.1298,0.1298,0.1298,0.1298,100,0
SDSTW.US,5,20251212,161000,0.1298,0.1298,0.1298,0.1298,700,0
SDSTW.US,5,20251212,165500,0.125,0.1252,0.125,0.1252,7362,0
SDSTW.US,5,20251212,202000,0.125,0.125,0.1249,0.1249,600,0
SDSTW.US,5,20251215,160000,0.125,0.125,0.125,0.125,800,0
SDSTW.US,5,20251215,165000,0.1125,0.1125,0.1125,0.1125,100,0
SDSTW.US,5,20251215,215000,0.1125,0.1125,0.1102,0.1102,2901,0
SDSTW.US,5,20251216,180500,0.1198,0.1198,0.1198,0.1198,200,0
SDSTW.US,5,20251217,153000,0.1102,0.1102,0.1102,0.1102,439,0
SDSTW.US,5,20251217,171000,0.114901,0.114901,0.11,0.113333,1760,0
SDSTW.US,5,20251218,162000,0.11,0.11,0.11,0.11,5000,0
SDSTW.US,5,20251218,162500,0.11,0.11,0.11,0.11,26199,0
SDSTW.US,5,20251219,153000,0.1148,0.1148,0.1148,0.1148,100,0
SDSTW.US,5,20251219,154000,0.11,0.11,0.11,0.11,12957,0
SDSTW.US,5,20251219,161000,0.1075,0.1075,0.0975,0.0975,14984,0
SDSTW.US,5,20251219,161500,0.097499,0.097499,0.097499,0.097499,500,0
SDSTW.US,5,20251219,175500,0.1,0.1,0.1,0.1,6320,0
SDSTW.US,5,20251219,180500,0.1,0.1,0.1,0.1,3073,0
