<TICKER>,<PER>,<DATE>,<TIME>,<OPEN>,<HIGH>,<LOW>,<CLOSE>,<VOL>,<OPENINT>
SJ.US,5,20250728,153000,0.87,0.8799,0.87,0.8799,1200,0
SJ.US,5,20250728,154500,0.852582,0.852582,0.852582,0.852582,255,0
SJ.US,5,20250728,160500,0.8798,0.8798,0.8798,0.8798,110,0
SJ.US,5,20250728,161000,0.8798,0.8798,0.8798,0.8798,650,0
SJ.US,5,20250728,162500,0.852515,0.852515,0.852515,0.852515,230,0
SJ.US,5,20250728,170500,0.869379,0.869379,0.869379,0.869379,340,0
SJ.US,5,20250728,173500,0.855,0.855,0.855,0.855,100,0
SJ.US,5,20250728,181500,0.865,0.865,0.865,0.865,600,0
SJ.US,5,20250729,163500,0.8303,0.8303,0.8303,0.8303,109,0
SJ.US,5,20250729,184500,0.841669,0.841669,0.841669,0.841669,1000,0
SJ.US,5,20250729,193000,0.834,0.834,0.834,0.834,100,0
SJ.US,5,20250729,201500,0.834,0.834,0.83,0.8339,3253,0
SJ.US,5,20250729,202000,0.8301,0.835,0.8,0.8,8846,0
SJ.US,5,20250729,214000,0.8049,0.815,0.8012,0.8012,2899,0
SJ.US,5,20250729,214500,0.8319,0.8319,0.8012,0.8013,995,0
SJ.US,5,20250730,160000,0.83,0.83,0.83,0.83,200,0
SJ.US,5,20250730,170000,0.82,0.82,0.82,0.82,109,0
SJ.US,5,20250730,171500,0.8314,0.839999,0.8253,0.839999,8750,0
SJ.US,5,20250730,183000,0.8301,0.8301,0.83,0.83,979,0
SJ.US,5,20250730,215500,0.8399,0.8399,0.8399,0.8399,406,0
SJ.US,5,20250731,153000,0.8866,0.8866,0.8349,0.835,796,0
SJ.US,5,20250731,173000,0.829001,0.829001,0.818001,0.825,8850,0
SJ.US,5,20250731,174000,0.825,0.825,0.7811,0.7811,16623,0
SJ.US,5,20250731,174500,0.807926,0.807926,0.807926,0.807926,121,0
SJ.US,5,20250731,203000,0.801,0.8011,0.801,0.8011,1999,0
SJ.US,5,20250731,210500,0.801,0.801,0.801,0.801,2460,0
SJ.US,5,20250731,215000,0.8109,0.8205,0.8109,0.8205,5100,0
SJ.US,5,20250801,153000,0.8,0.8399,0.8,0.8399,1254,0
SJ.US,5,20250801,153500,0.8011,0.8012,0.801,0.8012,1100,0
SJ.US,5,20250801,160000,0.7901,0.7901,0.7901,0.7901,2600,0
SJ.US,5,20250801,160500,0.7902,0.7941,0.7902,0.7941,4673,0
SJ.US,5,20250801,161000,0.7941,0.7941,0.7941,0.7941,751,0
SJ.US,5,20250801,161500,0.802,0.802,0.802,0.802,273,0
SJ.US,5,20250801,162000,0.8197,0.8197,0.8197,0.8197,249,0
SJ.US,5,20250801,163000,0.8,0.8,0.8,0.8,100,0
SJ.US,5,20250801,180000,0.817401,0.82,0.817401,0.82,600,0
SJ.US,5,20250801,180500,0.8197,0.82,0.8116,0.8116,3125,0
SJ.US,5,20250801,183500,0.8085,0.8085,0.8085,0.8085,600,0
SJ.US,5,20250801,184500,0.82,0.82,0.82,0.82,298,0
SJ.US,5,20250801,202500,0.8163,0.8163,0.8163,0.8163,200,0
SJ.US,5,20250801,212500,0.82,0.82,0.8027,0.8027,710,0
SJ.US,5,20250801,213500,0.806249,0.806348,0.806249,0.806348,200,0
SJ.US,5,20250801,214000,0.806348,0.80635,0.806303,0.806349,700,0
SJ.US,5,20250801,215000,0.8085,0.8085,0.8085,0.8085,610,0
SJ.US,5,20250801,215500,0.797,0.797,0.7937,0.7937,1400,0
SJ.US,5,20250804,153000,0.791,0.7984,0.791,0.7984,557,0
SJ.US,5,20250804,163000,0.798667,0.803198,0.7938,0.802,13830,0
SJ.US,5,20250804,163500,0.805,0.84,0.805,0.805,2499,0
SJ.US,5,20250804,164500,0.7937,0.7937,0.7937,0.7937,2000,0
SJ.US,5,20250804,170500,0.7941,0.7941,0.7941,0.7941,1361,0
SJ.US,5,20250804,174000,0.8001,0.8001,0.8001,0.8001,1970,0
SJ.US,5,20250804,174500,0.808098,0.808098,0.808098,0.808098,120,0
SJ.US,5,20250804,181500,0.839,0.849,0.8225,0.849,700,0
SJ.US,5,20250804,203000,0.82,0.82,0.82,0.82,3000,0
SJ.US,5,20250804,204000,0.84003,0.84003,0.84003,0.84003,250,0
SJ.US,5,20250804,212500,0.7999,0.802,0.7937,0.802,13222,0
SJ.US,5,20250804,214000,0.8,0.8,0.8,0.8,2009,0
SJ.US,5,20250804,214500,0.7952,0.7952,0.79,0.7901,3436,0
SJ.US,5,20250804,215500,0.85,0.85,0.85,0.85,200,0
SJ.US,5,20250805,153000,0.83,0.83,0.83,0.83,200,0
SJ.US,5,20250805,200500,0.8351,0.8496,0.8351,0.8496,375,0
SJ.US,5,20250805,204000,0.8,0.8002,0.8,0.8,2000,0
SJ.US,5,20250805,204500,0.8,0.8,0.8,0.8,6899,0
SJ.US,5,20250805,205000,0.8001,0.8001,0.75,0.7621,16842,0
SJ.US,5,20250805,211500,0.781901,0.781901,0.78,0.78,2092,0
SJ.US,5,20250805,215500,0.781,0.795,0.77,0.795,7400,0
SJ.US,5,20250806,154000,0.791,0.791,0.791,0.791,3500,0
SJ.US,5,20250806,154500,0.795,0.795,0.792,0.792,1914,0
SJ.US,5,20250806,155000,0.805,0.805,0.805,0.805,2500,0
SJ.US,5,20250806,155500,0.805,0.805,0.805,0.805,2000,0
SJ.US,5,20250806,160500,0.805,0.811,0.805,0.811,1140,0
SJ.US,5,20250806,161000,0.8191,0.8191,0.8191,0.8191,3400,0
SJ.US,5,20250806,172500,0.812,0.812,0.812,0.812,800,0
SJ.US,5,20250806,194000,0.8076,0.8076,0.8076,0.8076,100,0
SJ.US,5,20250806,194500,0.8075,0.8075,0.8075,0.8075,100,0
SJ.US,5,20250806,202000,0.8078,0.8078,0.8078,0.8078,4000,0
SJ.US,5,20250806,203000,0.815,0.8159,0.815,0.8159,4900,0
SJ.US,5,20250807,155500,0.8074,0.8074,0.8074,0.8074,300,0
SJ.US,5,20250808,160000,0.795,0.805,0.795,0.805,4000,0
SJ.US,5,20250808,162000,0.8035,0.805,0.8035,0.805,327,0
SJ.US,5,20250808,173000,0.798701,0.799999,0.775341,0.795599,9389,0
SJ.US,5,20250808,173500,0.7939,0.7956,0.7914,0.79485,1323,0
SJ.US,5,20250808,175500,0.8,0.8074,0.8,0.8074,652,0
SJ.US,5,20250808,180000,0.80001,0.814,0.8,0.8,6943,0
SJ.US,5,20250808,180500,0.812928,0.812928,0.781716,0.792985,9562,0
SJ.US,5,20250808,181000,0.793018,0.82,0.791319,0.791861,5273,0
SJ.US,5,20250808,181500,0.791634,0.814,0.791634,0.8,4171,0
SJ.US,5,20250808,182000,0.801931,0.804984,0.7993,0.804507,4339,0
SJ.US,5,20250808,182500,0.795382,0.8002,0.775124,0.775414,7368,0
SJ.US,5,20250808,183000,0.7977,0.7998,0.775307,0.7962,2525,0
SJ.US,5,20250808,183500,0.8022,0.812401,0.7945,0.7955,7160,0
SJ.US,5,20250808,184000,0.7967,0.81165,0.7949,0.799479,5254,0
SJ.US,5,20250808,184500,0.7933,0.801901,0.77,0.787835,5929,0
SJ.US,5,20250808,185000,0.787811,0.7949,0.77,0.787303,3985,0
SJ.US,5,20250808,185500,0.803166,0.8129,0.7955,0.7971,4409,0
SJ.US,5,20250808,190000,0.7967,0.81235,0.7949,0.796,8141,0
SJ.US,5,20250808,190500,0.80019,0.801043,0.80019,0.801043,300,0
SJ.US,5,20250808,191000,0.7982,0.802,0.7977,0.802,3000,0
SJ.US,5,20250808,191500,0.8003,0.8007,0.798,0.8007,5054,0
SJ.US,5,20250808,192000,0.8009,0.8009,0.799304,0.79931,2888,0
SJ.US,5,20250808,204500,0.828,0.828,0.828,0.828,100,0
SJ.US,5,20250811,154000,0.819,0.819,0.805001,0.806501,8235,0
SJ.US,5,20250811,154500,0.806501,0.8165,0.8051,0.8051,1600,0
SJ.US,5,20250811,165000,0.828,0.828,0.828,0.828,400,0
SJ.US,5,20250811,171000,0.8094,0.8094,0.8094,0.8094,130,0
SJ.US,5,20250811,180000,0.805,0.805,0.805,0.805,1220,0
SJ.US,5,20250811,193500,0.828,0.828,0.828,0.828,100,0
SJ.US,5,20250812,153000,0.7975,0.7975,0.7975,0.7975,174,0
SJ.US,5,20250812,171500,0.801,0.801,0.797,0.797,1251,0
SJ.US,5,20250812,214000,0.7924,0.7924,0.7924,0.7924,700,0
SJ.US,5,20250813,153000,0.79,0.79,0.79,0.79,710,0
SJ.US,5,20250813,153500,0.79,0.79,0.79,0.79,700,0
SJ.US,5,20250813,154500,0.778,0.778,0.778,0.778,100,0
SJ.US,5,20250813,160500,0.78,0.78,0.7466,0.7466,10791,0
SJ.US,5,20250813,161000,0.7495,0.7495,0.7495,0.7495,7245,0
SJ.US,5,20250813,171000,0.73,0.73975,0.73,0.7301,600,0
SJ.US,5,20250813,171500,0.749499,0.749499,0.749499,0.749499,300,0
SJ.US,5,20250813,172000,0.7494,0.7494,0.74,0.74,1193,0
SJ.US,5,20250813,172500,0.7495,0.7495,0.7448,0.7448,300,0
SJ.US,5,20250813,184000,0.745,0.7575,0.745,0.7575,9300,0
SJ.US,5,20250813,202000,0.74531,0.74531,0.74531,0.74531,413,0
SJ.US,5,20250813,214000,0.782132,0.782132,0.782132,0.782132,200,0
SJ.US,5,20250814,153000,0.7225,0.7225,0.7225,0.7225,250,0
SJ.US,5,20250814,162000,0.758,0.774774,0.758,0.774774,2632,0
SJ.US,5,20250814,170500,0.740001,0.740001,0.740001,0.740001,600,0
SJ.US,5,20250814,172000,0.761,0.7611,0.74,0.74,800,0
SJ.US,5,20250814,173000,0.761,0.7611,0.761,0.7611,800,0
SJ.US,5,20250814,174500,0.7748,0.7748,0.7748,0.7748,150,0
SJ.US,5,20250814,193500,0.773679,0.773679,0.773679,0.773679,190,0
SJ.US,5,20250814,202500,0.7401,0.7401,0.7401,0.7401,113,0
SJ.US,5,20250814,205000,0.741,0.741,0.741,0.741,305,0
SJ.US,5,20250814,213500,0.7817,0.7817,0.7817,0.7817,2128,0
SJ.US,5,20250815,153000,0.7436,0.7436,0.7436,0.7436,205,0
SJ.US,5,20250815,163500,0.769283,0.769283,0.769283,0.769283,100,0
SJ.US,5,20250815,171000,0.766198,0.766198,0.766198,0.766198,100,0
SJ.US,5,20250815,174000,0.7699,0.7699,0.7699,0.7699,372,0
SJ.US,5,20250815,181500,0.7717,0.78,0.7717,0.78,2900,0
SJ.US,5,20250815,200000,0.7549,0.7549,0.7549,0.7549,486,0
SJ.US,5,20250815,203000,0.755,0.7801,0.755,0.7801,388,0
SJ.US,5,20250815,211000,0.76,0.76,0.76,0.76,134,0
SJ.US,5,20250815,212500,0.76,0.76,0.76,0.76,100,0
SJ.US,5,20250818,153000,0.764,0.764,0.764,0.764,262,0
SJ.US,5,20250818,155000,0.746001,0.746001,0.746001,0.746001,1000,0
SJ.US,5,20250818,162000,0.7462,0.7462,0.7462,0.7462,1000,0
SJ.US,5,20250818,163500,0.7509,0.7509,0.7509,0.7509,100,0
SJ.US,5,20250818,164000,0.7599,0.76,0.7599,0.76,7091,0
SJ.US,5,20250818,185000,0.77,0.77,0.77,0.77,1497,0
SJ.US,5,20250818,185500,0.754845,0.754845,0.754845,0.754845,300,0
SJ.US,5,20250818,192500,0.746,0.746,0.746,0.746,100,0
SJ.US,5,20250818,205500,0.746,0.746,0.746,0.746,100,0
SJ.US,5,20250818,212000,0.746,0.746,0.746,0.746,185,0
SJ.US,5,20250819,153500,0.752949,0.752949,0.752949,0.752949,1000,0
SJ.US,5,20250819,161500,0.746,0.746,0.746,0.746,100,0
SJ.US,5,20250819,195500,0.75196,0.75196,0.75196,0.75196,1000,0
SJ.US,5,20250819,201000,0.75,0.75,0.75,0.75,215,0
SJ.US,5,20250820,153000,0.7461,0.7461,0.7461,0.7461,100,0
SJ.US,5,20250820,160500,0.746,0.7499,0.746,0.7499,305,0
SJ.US,5,20250820,162500,0.7461,0.7461,0.7461,0.7461,1000,0
SJ.US,5,20250822,153000,0.746,0.746,0.746,0.746,1079,0
SJ.US,5,20250822,155000,0.758,0.758,0.758,0.758,173,0
SJ.US,5,20250822,155500,0.77,0.77,0.77,0.77,880,0
SJ.US,5,20250822,162500,0.7459,0.7459,0.7459,0.7459,100,0
SJ.US,5,20250822,164000,0.7509,0.7556,0.7509,0.7556,3149,0
SJ.US,5,20250822,164500,0.7533,0.7556,0.7533,0.7556,2913,0
SJ.US,5,20250822,170000,0.7532,0.7556,0.7532,0.7556,900,0
SJ.US,5,20250822,171000,0.7556,0.7556,0.751,0.751,1100,0
SJ.US,5,20250822,172000,0.7556,0.7556,0.7556,0.7556,1180,0
SJ.US,5,20250822,184500,0.7531,0.7531,0.7531,0.7531,190,0
SJ.US,5,20250822,190500,0.755596,0.755596,0.755596,0.755596,100,0
SJ.US,5,20250822,194000,0.758,0.758,0.758,0.758,199,0
SJ.US,5,20250822,214500,0.7509,0.7509,0.7509,0.7509,336,0
SJ.US,5,20250825,153000,0.7385,0.7385,0.7385,0.7385,100,0
SJ.US,5,20250825,155500,0.7609,0.7609,0.7457,0.75,300,0
SJ.US,5,20250825,160000,0.74,0.74,0.74,0.74,372,0
SJ.US,5,20250825,164500,0.74,0.74,0.74,0.74,100,0
SJ.US,5,20250825,185500,0.74,0.74,0.74,0.74,1900,0
SJ.US,5,20250825,200000,0.75,0.761,0.74,0.74,5000,0
SJ.US,5,20250825,200500,0.756721,0.761,0.756721,0.75848,2000,0
SJ.US,5,20250825,201000,0.761,0.761,0.74,0.74,2100,0
SJ.US,5,20250825,204000,0.74,0.74,0.74,0.74,100,0
SJ.US,5,20250825,205500,0.7609,0.7609,0.7609,0.7609,800,0
SJ.US,5,20250825,210000,0.7607,0.7607,0.7607,0.7607,100,0
SJ.US,5,20250826,153000,0.7607,0.7607,0.7607,0.7607,100,0
SJ.US,5,20250826,175500,0.754,0.754,0.754,0.754,100,0
SJ.US,5,20250826,203000,0.747,0.7471,0.746,0.746,1923,0
SJ.US,5,20250826,203500,0.747,0.747,0.746,0.746,1996,0
SJ.US,5,20250826,211000,0.7543,0.7543,0.7543,0.7543,500,0
SJ.US,5,20250826,211500,0.7607,0.7607,0.758668,0.758668,500,0
SJ.US,5,20250826,212000,0.759176,0.7607,0.759176,0.7607,500,0
SJ.US,5,20250826,212500,0.7607,0.7607,0.7607,0.7607,1000,0
SJ.US,5,20250826,213000,0.7656,0.7656,0.7656,0.7656,500,0
SJ.US,5,20250826,213500,0.76736,0.77,0.76736,0.77,300,0
SJ.US,5,20250826,215000,0.748,0.7576,0.7025,0.7025,19888,0
SJ.US,5,20250826,215500,0.7025,0.760699,0.7025,0.760699,995,0
SJ.US,5,20250827,173500,0.7117,0.7117,0.678,0.678,4909,0
SJ.US,5,20250827,174000,0.65,0.6505,0.6487,0.6487,4650,0
SJ.US,5,20250827,174500,0.69,0.69,0.69,0.69,850,0
SJ.US,5,20250827,175000,0.675,0.675,0.675,0.675,500,0
SJ.US,5,20250827,175500,0.66999,0.67,0.5799,0.6699,52238,0
SJ.US,5,20250827,180000,0.67,0.728,0.654,0.674,11594,0
SJ.US,5,20250827,182500,0.711009,0.711009,0.701,0.701,1038,0
SJ.US,5,20250827,183000,0.728,0.728,0.728,0.728,115,0
SJ.US,5,20250827,184000,0.7479,0.7479,0.7479,0.7479,267,0
SJ.US,5,20250827,184500,0.728,0.728,0.7251,0.728,2570,0
SJ.US,5,20250827,185000,0.733657,0.733657,0.733657,0.733657,1000,0
SJ.US,5,20250827,200500,0.704,0.704,0.704,0.704,200,0
SJ.US,5,20250827,203500,0.701,0.701,0.701,0.701,100,0
SJ.US,5,20250827,211000,0.7,0.7,0.7,0.7,100,0
SJ.US,5,20250827,213000,0.725,0.725,0.725,0.725,100,0
SJ.US,5,20250827,213500,0.729,0.729,0.729,0.729,300,0
SJ.US,5,20250827,214000,0.729,0.729,0.729,0.729,300,0
SJ.US,5,20250828,161000,0.715,0.715,0.715,0.715,2100,0
SJ.US,5,20250828,162000,0.715,0.715,0.715,0.715,200,0
SJ.US,5,20250828,162500,0.729,0.735,0.729,0.73,6828,0
SJ.US,5,20250828,193000,0.7,0.7,0.65,0.69,5184,0
SJ.US,5,20250828,202000,0.6947,0.727,0.6947,0.727,284,0
SJ.US,5,20250828,204500,0.7234,0.7234,0.718,0.718,300,0
SJ.US,5,20250828,205000,0.728,0.728,0.728,0.728,300,0
SJ.US,5,20250828,212500,0.7028,0.7028,0.7028,0.7028,1000,0
SJ.US,5,20250828,213000,0.6865,0.6865,0.6865,0.6865,1000,0
SJ.US,5,20250829,153000,0.6688,0.6688,0.6675,0.6675,300,0
SJ.US,5,20250829,153500,0.66825,0.66825,0.66825,0.66825,1000,0
SJ.US,5,20250829,155500,0.659,0.659,0.65,0.65,4858,0
SJ.US,5,20250829,165500,0.668,0.67096,0.65,0.65,2500,0
SJ.US,5,20250829,170000,0.648,0.6557,0.63,0.63,6856,0
SJ.US,5,20250829,170500,0.6303,0.639001,0.5932,0.6145,23593,0
SJ.US,5,20250829,171000,0.6001,0.6102,0.59,0.59,7550,0
SJ.US,5,20250829,171500,0.59,0.59,0.5895,0.5895,3569,0
SJ.US,5,20250829,172500,0.61,0.61,0.5895,0.5895,2100,0
SJ.US,5,20250829,173000,0.5894,0.5895,0.5858,0.5895,1000,0
SJ.US,5,20250829,173500,0.6099,0.6099,0.6099,0.6099,180,0
SJ.US,5,20250829,174000,0.592,0.592,0.5895,0.5895,300,0
SJ.US,5,20250829,174500,0.5894,0.5895,0.5894,0.5895,1900,0
SJ.US,5,20250829,175500,0.6086,0.6086,0.6086,0.6086,222,0
SJ.US,5,20250829,180000,0.6087,0.6087,0.6086,0.6086,6324,0
SJ.US,5,20250829,180500,0.6086,0.6129,0.6086,0.6129,2505,0
SJ.US,5,20250829,190000,0.6498,0.6498,0.6498,0.6498,2000,0
SJ.US,5,20250829,190500,0.6756,0.6756,0.6231,0.6231,748,0
SJ.US,5,20250829,191000,0.6753,0.6753,0.6433,0.6433,398,0
SJ.US,5,20250829,194000,0.65,0.6506,0.6372,0.6506,8300,0
SJ.US,5,20250829,195000,0.6456,0.674,0.6456,0.674,1600,0
SJ.US,5,20250829,195500,0.6132,0.66504,0.6132,0.66504,601,0
SJ.US,5,20250829,202000,0.65,0.65,0.65,0.65,500,0
SJ.US,5,20250829,205500,0.677,0.677,0.677,0.677,129,0
SJ.US,5,20250829,210000,0.664,0.664,0.664,0.664,100,0
SJ.US,5,20250829,211000,0.664,0.664,0.664,0.664,600,0
SJ.US,5,20250829,212500,0.664,0.664,0.664,0.664,300,0
SJ.US,5,20250829,214500,0.65,0.65,0.65,0.65,300,0
SJ.US,5,20250829,215000,0.65,0.65,0.65,0.65,323,0
SJ.US,5,20250829,215500,0.613,0.6425,0.6086,0.6425,11784,0
SJ.US,5,20250902,162500,0.6501,0.6501,0.6501,0.6501,180,0
SJ.US,5,20250902,180500,0.6772,0.6772,0.6772,0.6772,149,0
SJ.US,5,20250902,183000,0.677999,0.677999,0.677999,0.677999,2163,0
SJ.US,5,20250902,183500,0.6772,0.6772,0.6772,0.6772,149,0
SJ.US,5,20250902,205500,0.6772,0.678,0.6772,0.678,551,0
SJ.US,5,20250902,211000,0.6772,0.6772,0.6772,0.6772,100,0
SJ.US,5,20250902,212500,0.684479,0.684479,0.684479,0.684479,150,0
SJ.US,5,20250903,153000,0.69,0.69,0.69,0.69,772,0
SJ.US,5,20250903,155000,0.69,0.69,0.69,0.69,915,0
SJ.US,5,20250903,160500,0.6527,0.6527,0.6527,0.6527,148,0
SJ.US,5,20250903,161500,0.6803,0.6803,0.6803,0.6803,200,0
SJ.US,5,20250903,170000,0.665501,0.665501,0.665501,0.665501,200,0
SJ.US,5,20250903,173000,0.6655,0.6655,0.6535,0.6535,4017,0
SJ.US,5,20250903,201000,0.6536,0.6536,0.6536,0.6536,130,0
SJ.US,5,20250903,210500,0.6535,0.6535,0.6535,0.6535,100,0
SJ.US,5,20250903,215000,0.65361,0.65361,0.65361,0.65361,6800,0
SJ.US,5,20250904,171000,0.656,0.656,0.656,0.656,100,0
SJ.US,5,20250904,181000,0.66,0.66,0.66,0.66,100,0
SJ.US,5,20250904,191500,0.66,0.66,0.66,0.66,383,0
SJ.US,5,20250904,193000,0.66,0.66,0.66,0.66,10000,0
SJ.US,5,20250904,193500,0.66,0.66,0.659,0.66,2941,0
SJ.US,5,20250904,210000,0.65,0.65,0.628,0.628,5461,0
SJ.US,5,20250904,214500,0.63,0.653501,0.63,0.630001,3237,0
SJ.US,5,20250904,215000,0.6525,0.667082,0.6525,0.667082,656,0
SJ.US,5,20250905,154000,0.647921,0.647921,0.647921,0.647921,300,0
SJ.US,5,20250905,161000,0.65,0.659998,0.6499,0.659998,901,0
SJ.US,5,20250905,161500,0.659,0.6675,0.6407,0.665,5626,0
SJ.US,5,20250905,162000,0.6628,0.6628,0.6437,0.653,3600,0
SJ.US,5,20250905,162500,0.653,0.6562,0.653,0.653,1800,0
SJ.US,5,20250905,163000,0.653,0.678,0.6484,0.66,7171,0
SJ.US,5,20250905,163500,0.662,0.662,0.6534,0.661,1300,0
SJ.US,5,20250905,164000,0.6602,0.663,0.65475,0.65475,1200,0
SJ.US,5,20250905,164500,0.665,0.67,0.665,0.67,2200,0
SJ.US,5,20250905,165000,0.6666,0.67,0.6666,0.67,1000,0
SJ.US,5,20250905,165500,0.6761,0.678,0.674,0.678,1000,0
SJ.US,5,20250905,171500,0.678,0.678,0.678,0.678,200,0
SJ.US,5,20250905,174000,0.677,0.678,0.677,0.6779,1098,0
SJ.US,5,20250905,183000,0.678,0.678,0.678,0.678,383,0
SJ.US,5,20250905,191000,0.678,0.681551,0.658549,0.665,5507,0
SJ.US,5,20250905,191500,0.666,0.6849,0.6651,0.6849,2400,0
SJ.US,5,20250905,204000,0.67,0.67,0.67,0.67,100,0
SJ.US,5,20250905,213000,0.67,0.6888,0.67,0.6888,6007,0
SJ.US,5,20250905,215500,0.68,0.68,0.68,0.68,300,0
SJ.US,5,20250908,153000,0.66,0.6805,0.65,0.65,488,0
SJ.US,5,20250908,154000,0.651999,0.66,0.642249,0.66,3362,0
SJ.US,5,20250908,154500,0.6562,0.693,0.6562,0.66,20139,0
SJ.US,5,20250908,155000,0.66,0.668,0.66,0.6607,2900,0
SJ.US,5,20250908,155500,0.66,0.6635,0.66,0.6635,300,0
SJ.US,5,20250908,160000,0.6602,0.6608,0.6602,0.6608,300,0
SJ.US,5,20250908,170000,0.6577,0.6577,0.6577,0.6577,100,0
SJ.US,5,20250908,172500,0.6659,0.6669,0.6659,0.6669,1267,0
SJ.US,5,20250908,193500,0.6331,0.6331,0.6331,0.6331,1000,0
SJ.US,5,20250908,194000,0.642699,0.694899,0.642699,0.694899,3000,0
SJ.US,5,20250908,203000,0.6588,0.66,0.6365,0.66,934,0
SJ.US,5,20250908,205000,0.6365,0.6365,0.6365,0.6365,100,0
SJ.US,5,20250908,205500,0.659,0.728,0.659,0.7233,8632,0
SJ.US,5,20250908,210000,0.66,0.728,0.66,0.71848,3087,0
SJ.US,5,20250908,210500,0.728,0.77,0.7008,0.77,2074,0
SJ.US,5,20250908,211000,0.73,0.73,0.73,0.73,500,0
SJ.US,5,20250908,211500,0.678,0.7255,0.678,0.7255,1300,0
SJ.US,5,20250908,212000,0.74136,0.75,0.74136,0.75,1000,0
SJ.US,5,20250908,212500,0.7,0.74,0.7,0.74,3222,0
SJ.US,5,20250908,213000,0.725,0.75,0.725,0.7496,989,0
SJ.US,5,20250908,213500,0.7,0.7,0.7,0.7,100,0
SJ.US,5,20250908,215000,0.702,0.702,0.7,0.7,4000,0
SJ.US,5,20250908,215500,0.7307,0.75,0.7307,0.74,2000,0
SJ.US,5,20250909,153000,0.733999,0.733999,0.733999,0.733999,170,0
SJ.US,5,20250909,160500,0.7306,0.74,0.7212,0.7212,17657,0
SJ.US,5,20250909,161000,0.725,0.725,0.718183,0.72,1000,0
SJ.US,5,20250909,161500,0.730549,0.730549,0.711,0.711,750,0
SJ.US,5,20250909,170000,0.711,0.711,0.711,0.711,217,0
SJ.US,5,20250909,171500,0.720001,0.720001,0.720001,0.720001,100,0
SJ.US,5,20250909,181000,0.719502,0.72,0.719502,0.72,400,0
SJ.US,5,20250909,183500,0.711001,0.7111,0.71,0.71,5633,0
SJ.US,5,20250909,185500,0.6935,0.6935,0.6935,0.6935,170,0
SJ.US,5,20250909,200500,0.71,0.71,0.71,0.71,175,0
SJ.US,5,20250909,203000,0.7079,0.709401,0.7,0.7,2993,0
SJ.US,5,20250909,203500,0.689,0.689,0.689,0.689,800,0
SJ.US,5,20250909,205000,0.689,0.689,0.689,0.689,200,0
SJ.US,5,20250909,205500,0.696799,0.696799,0.696799,0.696799,300,0
SJ.US,5,20250909,210000,0.6969,0.6969,0.6969,0.6969,100,0
SJ.US,5,20250909,212000,0.7119,0.7119,0.7119,0.7119,1500,0
SJ.US,5,20250909,212500,0.6889,0.71095,0.6869,0.6869,4372,0
SJ.US,5,20250909,214000,0.687,0.687,0.6815,0.6816,4227,0
SJ.US,5,20250909,214500,0.7032,0.7032,0.6816,0.69075,2454,0
SJ.US,5,20250909,215000,0.6999,0.6999,0.699899,0.699899,1200,0
SJ.US,5,20250909,215500,0.699,0.699,0.699,0.699,200,0
SJ.US,5,20250910,153000,0.678,0.678,0.678,0.678,110,0
SJ.US,5,20250910,155500,0.6798,0.68,0.6798,0.68,3607,0
SJ.US,5,20250910,160500,0.694901,0.694901,0.694901,0.694901,827,0
SJ.US,5,20250910,180000,0.68828,0.68828,0.68828,0.68828,107,0
SJ.US,5,20250910,211500,0.69,0.6952,0.6673,0.690142,3933,0
SJ.US,5,20250910,212000,0.6952,0.719,0.66,0.66,6541,0
SJ.US,5,20250910,212500,0.6791,0.69,0.66,0.6601,6413,0
SJ.US,5,20250910,213000,0.68122,0.691,0.6658,0.691,1500,0
SJ.US,5,20250910,213500,0.6915,0.728,0.691,0.728,6590,0
SJ.US,5,20250910,214000,0.71442,0.728,0.71442,0.7251,2200,0
SJ.US,5,20250910,215000,0.678,0.678,0.678,0.678,100,0
SJ.US,5,20250910,215500,0.7299,0.7299,0.704,0.704,400,0
SJ.US,5,20250911,153000,0.7,0.7035,0.7,0.701,1259,0
SJ.US,5,20250911,184000,0.7276,0.7279,0.7276,0.7279,500,0
SJ.US,5,20250911,191500,0.71,0.71,0.71,0.71,100,0
SJ.US,5,20250911,192000,0.700101,0.701,0.7001,0.7001,500,0
SJ.US,5,20250911,193000,0.701,0.701,0.701,0.701,114,0
SJ.US,5,20250911,195000,0.71,0.72,0.71,0.72,3100,0
SJ.US,5,20250911,195500,0.74,0.75,0.7,0.7,10300,0
SJ.US,5,20250911,200000,0.741,0.75,0.71,0.72,5199,0
SJ.US,5,20250911,200500,0.7044,0.7044,0.7044,0.7044,100,0
SJ.US,5,20250911,211500,0.7002,0.7002,0.7,0.7,3000,0
SJ.US,5,20250911,214000,0.732,0.732,0.732,0.732,100,0
SJ.US,5,20250911,214500,0.74,0.75,0.7,0.75,7794,0
SJ.US,5,20250912,153000,0.75,0.75,0.75,0.75,2314,0
SJ.US,5,20250912,155500,0.73624,0.73624,0.73624,0.73624,150,0
SJ.US,5,20250912,173000,0.7149,0.7149,0.7095,0.7095,4118,0
SJ.US,5,20250912,175000,0.704,0.704,0.7002,0.7002,555,0
SJ.US,5,20250912,184500,0.704101,0.704101,0.7041,0.7041,1000,0
SJ.US,5,20250912,191500,0.704,0.704,0.6937,0.6937,4050,0
SJ.US,5,20250912,202500,0.73999,0.73999,0.73999,0.73999,2500,0
SJ.US,5,20250912,205500,0.732592,0.74,0.732592,0.74,1000,0
SJ.US,5,20250912,210000,0.74,0.75,0.74,0.75,3000,0
SJ.US,5,20250912,211000,0.75,0.75,0.75,0.75,1600,0
SJ.US,5,20250912,211500,0.75,0.75,0.7366,0.7366,1300,0
SJ.US,5,20250912,212000,0.701,0.7061,0.675,0.675,13128,0
SJ.US,5,20250912,212500,0.72,0.72,0.72,0.72,800,0
SJ.US,5,20250912,213000,0.72,0.728,0.72,0.7224,2853,0
SJ.US,5,20250912,213500,0.7015,0.71846,0.7015,0.71846,500,0
SJ.US,5,20250912,214000,0.7015,0.728,0.7015,0.728,2700,0
SJ.US,5,20250915,153000,0.7,0.7,0.7,0.7,864,0
SJ.US,5,20250915,154000,0.728,0.728,0.728,0.728,200,0
SJ.US,5,20250915,160000,0.767,0.767,0.7587,0.7587,582,0
SJ.US,5,20250915,160500,0.7587,0.7587,0.7587,0.7587,118,0
SJ.US,5,20250915,162500,0.7002,0.7002,0.7002,0.7002,150,0
SJ.US,5,20250915,181500,0.7063,0.7063,0.7063,0.7063,118,0
SJ.US,5,20250915,195500,0.7212,0.7212,0.7212,0.7212,200,0
SJ.US,5,20250915,200500,0.727,0.7468,0.727,0.74,1400,0
SJ.US,5,20250915,201500,0.735,0.735,0.735,0.735,5300,0
SJ.US,5,20250915,202500,0.712,0.712,0.7044,0.7044,1000,0
SJ.US,5,20250915,205000,0.75,0.7686,0.7042,0.75682,6121,0
SJ.US,5,20250915,205500,0.7042,0.7042,0.7042,0.7042,2300,0
SJ.US,5,20250915,210000,0.75,0.77,0.75,0.76,3114,0
SJ.US,5,20250915,210500,0.7654,0.77,0.7041,0.77,12326,0
SJ.US,5,20250915,212000,0.7659,0.77,0.75,0.76,4000,0
SJ.US,5,20250915,212500,0.7659,0.7659,0.71,0.71,4300,0
SJ.US,5,20250915,214500,0.75,0.75,0.75,0.75,2900,0
SJ.US,5,20250915,215500,0.7499,0.7499,0.7499,0.7499,926,0
SJ.US,5,20250916,160000,0.7106,0.74,0.7106,0.74,980,0
SJ.US,5,20250916,172000,0.710401,0.710401,0.710401,0.710401,1005,0
SJ.US,5,20250916,193500,0.731,0.731,0.731,0.731,100,0
SJ.US,5,20250916,204500,0.74316,0.75,0.731,0.75,1400,0
SJ.US,5,20250916,205500,0.731,0.75,0.712,0.75,7642,0
SJ.US,5,20250916,210000,0.76304,0.77,0.712,0.712,7700,0
SJ.US,5,20250916,211000,0.712,0.712,0.71,0.712,5431,0
SJ.US,5,20250916,211500,0.7106,0.73,0.6811,0.73,7708,0
SJ.US,5,20250916,212000,0.73,0.75,0.73,0.75,1200,0
SJ.US,5,20250916,212500,0.7302,0.77,0.7302,0.76,6001,0
SJ.US,5,20250916,213000,0.77,0.77,0.758856,0.77,1500,0
SJ.US,5,20250916,213500,0.77,0.77,0.77,0.77,2548,0
SJ.US,5,20250916,215500,0.73,0.73,0.73,0.73,148,0
SJ.US,5,20250917,154500,0.74999,0.74999,0.74999,0.74999,319,0
SJ.US,5,20250917,162000,0.7302,0.7302,0.7302,0.7302,655,0
SJ.US,5,20250917,171000,0.73,0.73,0.73,0.73,1999,0
SJ.US,5,20250917,213000,0.7265,0.7265,0.7265,0.7265,500,0
SJ.US,5,20250917,213500,0.73,0.73,0.705,0.705,3000,0
SJ.US,5,20250917,214000,0.74,0.76,0.705,0.705,20074,0
SJ.US,5,20250917,214500,0.7544,0.76,0.7318,0.7318,3000,0
SJ.US,5,20250917,215000,0.7041,0.744468,0.7036,0.72695,5000,0
SJ.US,5,20250917,215500,0.741702,0.75,0.741702,0.75,2000,0
SJ.US,5,20250918,161500,0.7011,0.7255,0.7011,0.7255,1366,0
SJ.US,5,20250918,174500,0.701,0.7164,0.701,0.7163,4736,0
SJ.US,5,20250918,185000,0.71999,0.71999,0.71999,0.71999,694,0
SJ.US,5,20250918,203000,0.7075,0.7075,0.7075,0.7075,174,0
SJ.US,5,20250918,212500,0.71375,0.725,0.71375,0.725,4997,0
SJ.US,5,20250918,213000,0.7202,0.7202,0.7075,0.7075,7911,0
SJ.US,5,20250918,213500,0.7,0.725,0.6714,0.6714,16426,0
SJ.US,5,20250918,214000,0.7237,0.73,0.7237,0.73,5700,0
SJ.US,5,20250918,215500,0.7299,0.73,0.6802,0.6802,6698,0
SJ.US,5,20250919,153000,0.71,0.71,0.71,0.71,200,0
SJ.US,5,20250919,154500,0.718019,0.718019,0.718019,0.718019,100,0
SJ.US,5,20250919,155500,0.7181,0.7181,0.718,0.718,2938,0
SJ.US,5,20250919,184000,0.7148,0.7148,0.700348,0.700348,400,0
SJ.US,5,20250919,185500,0.715,0.715,0.715,0.715,143,0
SJ.US,5,20250919,191000,0.7148,0.7148,0.7148,0.7148,300,0
SJ.US,5,20250919,194000,0.7149,0.7149,0.6976,0.714,7500,0
SJ.US,5,20250919,211000,0.71,0.715,0.71,0.715,2302,0
SJ.US,5,20250919,214000,0.69,0.69,0.68,0.6802,10608,0
SJ.US,5,20250919,214500,0.6801,0.718,0.6801,0.714,7140,0
SJ.US,5,20250919,215000,0.6979,0.6979,0.6979,0.6979,323,0
SJ.US,5,20250919,215500,0.7087,0.715,0.7087,0.715,1500,0
SJ.US,5,20250922,153000,0.6835,0.6835,0.6835,0.6835,378,0
SJ.US,5,20250922,155500,0.69,0.69,0.69,0.69,237,0
SJ.US,5,20250922,162500,0.6914,0.6914,0.6914,0.6914,100,0
SJ.US,5,20250922,164500,0.7099,0.7099,0.6925,0.6925,3425,0
SJ.US,5,20250922,165000,0.704001,0.704001,0.704001,0.704001,3000,0
SJ.US,5,20250922,192000,0.702588,0.7045,0.702588,0.7045,894,0
SJ.US,5,20250922,195000,0.70455,0.709,0.70455,0.709,500,0
SJ.US,5,20250922,195500,0.7001,0.7174,0.7001,0.717,6200,0
SJ.US,5,20250922,202500,0.7001,0.7001,0.6768,0.6851,6102,0
SJ.US,5,20250922,203500,0.704431,0.7062,0.69215,0.706,1600,0
SJ.US,5,20250922,204500,0.69215,0.706,0.69215,0.706,500,0
SJ.US,5,20250922,205500,0.6781,0.6781,0.6281,0.6636,7897,0
SJ.US,5,20250922,210000,0.6636,0.7016,0.6636,0.6962,600,0
SJ.US,5,20250922,210500,0.7062,0.7062,0.639,0.639,6550,0
SJ.US,5,20250922,211000,0.7051,0.7051,0.7051,0.7051,400,0
SJ.US,5,20250922,211500,0.651984,0.651984,0.651984,0.651984,400,0
SJ.US,5,20250922,212000,0.64,0.64,0.6311,0.6311,8000,0
SJ.US,5,20250922,212500,0.6456,0.6456,0.6456,0.6456,300,0
SJ.US,5,20250922,213000,0.6456,0.66,0.6455,0.6552,900,0
SJ.US,5,20250922,213500,0.689,0.6942,0.6312,0.6312,5548,0
SJ.US,5,20250922,215000,0.6725,0.6725,0.6725,0.6725,102,0
SJ.US,5,20250922,215500,0.678237,0.6851,0.6401,0.651311,12235,0
SJ.US,5,20250923,153000,0.5851,0.627999,0.585,0.6001,3824,0
SJ.US,5,20250923,153500,0.6199,0.62,0.6,0.62,5000,0
SJ.US,5,20250923,154000,0.6001,0.6003,0.5904,0.5904,2170,0
SJ.US,5,20250923,155000,0.5905,0.5905,0.59,0.59,519,0
SJ.US,5,20250923,155500,0.59,0.6279,0.59,0.608,2070,0
SJ.US,5,20250923,160000,0.6001,0.6001,0.59,0.6,448,0
SJ.US,5,20250923,160500,0.59,0.6,0.59,0.6,1682,0
SJ.US,5,20250923,161000,0.6,0.6,0.58975,0.59,3401,0
SJ.US,5,20250923,161500,0.5897,0.6001,0.5897,0.6001,22303,0
SJ.US,5,20250923,162000,0.595,0.6001,0.5909,0.5909,8500,0
SJ.US,5,20250923,162500,0.594999,0.60525,0.594999,0.60525,13687,0
SJ.US,5,20250923,163000,0.6025,0.608,0.6025,0.608,12600,0
SJ.US,5,20250923,163500,0.6189,0.628,0.6099,0.613,31200,0
SJ.US,5,20250923,164000,0.617,0.628,0.61,0.628,900,0
SJ.US,5,20250923,164500,0.628,0.628,0.6133,0.6133,21100,0
SJ.US,5,20250923,165000,0.6101,0.611,0.6061,0.608316,10600,0
SJ.US,5,20250923,165500,0.6105,0.6105,0.6101,0.6101,553,0
SJ.US,5,20250923,170000,0.6186,0.62,0.6186,0.62,8995,0
SJ.US,5,20250923,170500,0.62799,0.62799,0.62799,0.62799,500,0
SJ.US,5,20250923,171000,0.619,0.619,0.619,0.619,112,0
SJ.US,5,20250923,172500,0.6279,0.6279,0.6279,0.6279,219,0
SJ.US,5,20250923,175500,0.628,0.628,0.628,0.628,1141,0
SJ.US,5,20250923,182000,0.6279,0.6279,0.6279,0.6279,900,0
SJ.US,5,20250923,185000,0.62,0.62,0.62,0.62,175,0
SJ.US,5,20250923,190000,0.62,0.62,0.62,0.62,100,0
SJ.US,5,20250923,190500,0.6279,0.6279,0.6279,0.6279,500,0
SJ.US,5,20250923,204500,0.6189,0.6279,0.6189,0.627,3200,0
SJ.US,5,20250923,205000,0.6279,0.6279,0.5903,0.599051,9907,0
SJ.US,5,20250923,212000,0.60905,0.6279,0.609,0.627,1378,0
SJ.US,5,20250923,212500,0.595,0.595,0.5902,0.5903,4995,0
SJ.US,5,20250923,213000,0.5902,0.5902,0.57,0.57,13629,0
SJ.US,5,20250923,215000,0.5901,0.5901,0.5901,0.5901,2000,0
SJ.US,5,20250923,215500,0.5902,0.6002,0.5902,0.6002,5200,0
SJ.US,5,20250924,153000,0.603,0.603,0.603,0.603,196,0
SJ.US,5,20250924,153500,0.6075,0.6075,0.6075,0.6075,1500,0
SJ.US,5,20250924,154000,0.61,0.61,0.61,0.61,2100,0
SJ.US,5,20250924,155500,0.6075,0.6075,0.6075,0.6075,100,0
SJ.US,5,20250924,171500,0.6101,0.6101,0.6101,0.6101,100,0
SJ.US,5,20250924,173500,0.6111,0.6112,0.6111,0.6112,6700,0
SJ.US,5,20250924,174000,0.6136,0.6252,0.6111,0.6111,3923,0
SJ.US,5,20250924,174500,0.6121,0.6181,0.6103,0.6103,3200,0
SJ.US,5,20250924,180000,0.6141,0.6141,0.6141,0.6141,200,0
SJ.US,5,20250924,180500,0.6181,0.6181,0.6181,0.6181,265,0
SJ.US,5,20250924,182000,0.627,0.6279,0.627,0.6279,961,0
SJ.US,5,20250924,184000,0.6182,0.6182,0.6182,0.6182,500,0
SJ.US,5,20250924,184500,0.6279,0.628,0.6279,0.628,700,0
SJ.US,5,20250924,192000,0.628,0.628,0.6279,0.6279,500,0
SJ.US,5,20250924,194500,0.627762,0.627762,0.623,0.623,2300,0
SJ.US,5,20250924,200500,0.6339,0.6339,0.6339,0.6339,100,0
SJ.US,5,20250924,211000,0.63,0.6376,0.63,0.637,600,0
SJ.US,5,20250924,211500,0.62,0.637,0.62,0.6368,5500,0
SJ.US,5,20250924,213500,0.6386,0.6386,0.637,0.637,800,0
SJ.US,5,20250924,214000,0.62,0.62,0.59,0.5926,11752,0
SJ.US,5,20250924,214500,0.5952,0.5952,0.5952,0.5952,200,0
SJ.US,5,20250924,215000,0.5901,0.5901,0.565,0.5849,16231,0
SJ.US,5,20250924,215500,0.565,0.565,0.5304,0.5448,44885,0
SJ.US,5,20250925,153000,0.54,0.5617,0.54,0.5617,1313,0
SJ.US,5,20250925,155500,0.5855,0.6279,0.561801,0.561801,21051,0
SJ.US,5,20250925,170500,0.5751,0.5751,0.528,0.5303,19894,0
SJ.US,5,20250925,180000,0.5786,0.5786,0.5782,0.5782,4000,0
SJ.US,5,20250925,180500,0.545,0.545,0.545,0.545,100,0
SJ.US,5,20250925,181500,0.559,0.5627,0.559,0.5627,306,0
SJ.US,5,20250925,182000,0.57,0.57,0.57,0.57,400,0
SJ.US,5,20250925,182500,0.58,0.58,0.58,0.58,100,0
SJ.US,5,20250925,190500,0.5664,0.5803,0.5664,0.5803,390,0
SJ.US,5,20250925,191000,0.585,0.585,0.5745,0.5745,2235,0
SJ.US,5,20250925,192000,0.571,0.571,0.571,0.571,100,0
SJ.US,5,20250925,193500,0.5745,0.5745,0.5745,0.5745,251,0
SJ.US,5,20250925,195500,0.578,0.578,0.578,0.578,188,0
SJ.US,5,20250925,200500,0.578445,0.578445,0.578445,0.578445,719,0
SJ.US,5,20250925,202000,0.5784,0.598,0.571,0.58,3582,0
SJ.US,5,20250925,202500,0.5709,0.5709,0.5709,0.5709,4500,0
SJ.US,5,20250925,203500,0.579,0.579,0.579,0.579,484,0
SJ.US,5,20250925,210000,0.598,0.598,0.571,0.571,5830,0
SJ.US,5,20250925,210500,0.571,0.571,0.5301,0.5301,4941,0
SJ.US,5,20250925,211000,0.584293,0.6,0.544,0.5879,4263,0
SJ.US,5,20250925,211500,0.594,0.6,0.594,0.6,4234,0
SJ.US,5,20250925,212000,0.6054,0.61,0.592,0.61,8643,0
SJ.US,5,20250925,212500,0.6097,0.61,0.6097,0.61,1598,0
SJ.US,5,20250925,213000,0.61,0.623272,0.61,0.623272,445,0
SJ.US,5,20250925,213500,0.6249,0.625,0.6248,0.625,600,0
SJ.US,5,20250925,214000,0.6201,0.6201,0.6201,0.6201,100,0
SJ.US,5,20250925,214500,0.6199,0.6199,0.61988,0.6199,5596,0
SJ.US,5,20250925,215000,0.62,0.62,0.6199,0.62,5301,0
SJ.US,5,20250925,215500,0.6198,0.6198,0.6197,0.6197,200,0
SJ.US,5,20250926,153000,0.625,0.6299,0.625,0.6299,2287,0
SJ.US,5,20250926,154000,0.6298,0.6298,0.6298,0.6298,1600,0
SJ.US,5,20250926,154500,0.6201,0.625,0.518,0.599295,28168,0
SJ.US,5,20250926,155000,0.61,0.61,0.599,0.599,2700,0
SJ.US,5,20250926,155500,0.583927,0.583927,0.583927,0.583927,400,0
SJ.US,5,20250926,165500,0.5798,0.5798,0.5625,0.5625,10488,0
SJ.US,5,20250926,170000,0.5793,0.5793,0.5793,0.5793,150,0
SJ.US,5,20250926,180000,0.5625,0.5625,0.5625,0.5625,100,0
SJ.US,5,20250926,184500,0.5859,0.5859,0.5859,0.5859,142,0
SJ.US,5,20250926,190000,0.5906,0.5998,0.5906,0.5998,284,0
SJ.US,5,20250926,190500,0.5862,0.5907,0.5862,0.5907,243,0
SJ.US,5,20250926,191000,0.5863,0.5954,0.5863,0.5863,343,0
SJ.US,5,20250926,191500,0.5909,0.5909,0.5909,0.5909,143,0
SJ.US,5,20250926,192500,0.6,0.6,0.6,0.6,186,0
SJ.US,5,20250926,200000,0.599,0.599,0.599,0.599,100,0
SJ.US,5,20250926,201000,0.5629,0.5629,0.5629,0.5629,1600,0
SJ.US,5,20250926,204000,0.5908,0.5908,0.5908,0.5908,142,0
SJ.US,5,20250926,205000,0.5909,0.6097,0.5909,0.609,1520,0
SJ.US,5,20250926,205500,0.6099,0.6099,0.6099,0.6099,128,0
SJ.US,5,20250926,210000,0.5814,0.5814,0.5813,0.5813,5000,0
SJ.US,5,20250926,210500,0.5748,0.5748,0.5448,0.5515,14837,0
SJ.US,5,20250926,211000,0.585751,0.585751,0.53,0.53,15882,0
SJ.US,5,20250926,211500,0.5671,0.6,0.565,0.575,9031,0
SJ.US,5,20250926,212000,0.575,0.6,0.575,0.6,6000,0
SJ.US,5,20250926,212500,0.5889,0.6,0.575,0.6,4500,0
SJ.US,5,20250926,213500,0.5778,0.6095,0.5778,0.6095,5800,0
SJ.US,5,20250926,214000,0.61,0.61,0.590369,0.590369,8200,0
SJ.US,5,20250926,215000,0.60352,0.62,0.5933,0.5933,3112,0
SJ.US,5,20250926,215500,0.595551,0.595551,0.58,0.58,7500,0
SJ.US,5,20250929,153000,0.5765,0.602,0.575,0.58,6975,0
SJ.US,5,20250929,153500,0.599,0.6022,0.584503,0.585745,1865,0
SJ.US,5,20250929,155000,0.5851,0.5851,0.5851,0.5851,200,0
SJ.US,5,20250929,162500,0.5897,0.5897,0.5897,0.5897,142,0
SJ.US,5,20250929,165000,0.5922,0.5922,0.5852,0.587,2784,0
SJ.US,5,20250929,165500,0.5887,0.5887,0.5887,0.5887,284,0
SJ.US,5,20250929,171000,0.6062,0.6062,0.6062,0.6062,476,0
SJ.US,5,20250929,175000,0.5851,0.5851,0.5851,0.5851,200,0
SJ.US,5,20250929,185500,0.606999,0.606999,0.606999,0.606999,100,0
SJ.US,5,20250929,195000,0.5851,0.5851,0.5851,0.5851,200,0
SJ.US,5,20250929,195500,0.5851,0.5851,0.5851,0.5851,562,0
SJ.US,5,20250929,204000,0.59605,0.6055,0.596,0.6055,5000,0
SJ.US,5,20250929,204500,0.6002,0.6036,0.6002,0.6036,2139,0
SJ.US,5,20250929,205000,0.6002,0.6002,0.6001,0.6001,350,0
SJ.US,5,20250929,205500,0.6035,0.607,0.6035,0.607,2000,0
SJ.US,5,20250929,210000,0.607,0.607,0.6069,0.6069,13057,0
SJ.US,5,20250929,210500,0.6069,0.6069,0.6069,0.6069,1335,0
SJ.US,5,20250929,211000,0.607,0.61,0.607,0.61,2632,0
SJ.US,5,20250929,211500,0.6195,0.6298,0.619,0.6298,1769,0
SJ.US,5,20250929,212000,0.6227,0.6227,0.6227,0.6227,400,0
SJ.US,5,20250929,212500,0.637,0.637,0.600101,0.600101,7100,0
SJ.US,5,20250929,213000,0.6,0.6,0.6,0.6,400,0
SJ.US,5,20250929,214500,0.5851,0.5851,0.53,0.53,27678,0
SJ.US,5,20250929,215000,0.58,0.58,0.58,0.58,164,0
SJ.US,5,20250929,215500,0.55,0.55,0.55,0.55,799,0
SJ.US,5,20250930,153000,0.573,0.573,0.5512,0.5512,496,0
SJ.US,5,20250930,154000,0.5799,0.5799,0.5799,0.5799,123,0
SJ.US,5,20250930,155500,0.5528,0.5528,0.5528,0.5528,135,0
SJ.US,5,20250930,164000,0.5746,0.5746,0.5746,0.5746,1200,0
SJ.US,5,20250930,171000,0.58,0.58,0.58,0.58,3000,0
SJ.US,5,20250930,182000,0.565,0.58,0.565,0.58,700,0
SJ.US,5,20250930,185500,0.58,0.58,0.58,0.58,100,0
SJ.US,5,20250930,190500,0.565,0.565,0.5625,0.565,400,0
SJ.US,5,20250930,191000,0.550001,0.565,0.550001,0.565,200,0
SJ.US,5,20250930,195500,0.58,0.58,0.58,0.58,900,0
SJ.US,5,20250930,211500,0.58,0.58,0.5795,0.5795,1421,0
SJ.US,5,20250930,212500,0.586,0.586,0.586,0.586,600,0
SJ.US,5,20250930,213000,0.586,0.586,0.586,0.586,100,0
SJ.US,5,20250930,213500,0.5848,0.5966,0.581,0.5931,2528,0
SJ.US,5,20250930,214000,0.6,0.611,0.59788,0.611,9096,0
SJ.US,5,20250930,214500,0.6278,0.63,0.588707,0.63,5042,0
SJ.US,5,20250930,215000,0.63,0.6439,0.63,0.6439,7490,0
SJ.US,5,20250930,215500,0.6245,0.6491,0.58,0.6491,7850,0
SJ.US,5,20251001,153000,0.65,0.65,0.6037,0.6037,2301,0
SJ.US,5,20251001,153500,0.61,0.62,0.61,0.62,696,0
SJ.US,5,20251001,154000,0.6413,0.6413,0.61,0.61,780,0
SJ.US,5,20251001,154500,0.62565,0.62565,0.62565,0.62565,1000,0
SJ.US,5,20251001,155000,0.61,0.61,0.61,0.61,362,0
SJ.US,5,20251001,155500,0.62565,0.6414,0.62565,0.6414,4500,0
SJ.US,5,20251001,160000,0.6257,0.6257,0.6099,0.6099,1100,0
SJ.US,5,20251001,161500,0.6414,0.6414,0.6414,0.6414,2089,0
SJ.US,5,20251001,162500,0.633792,0.633792,0.633792,0.633792,500,0
SJ.US,5,20251001,163500,0.6099,0.6099,0.6099,0.6099,376,0
SJ.US,5,20251001,164500,0.6238,0.6238,0.6238,0.6238,372,0
SJ.US,5,20251001,174500,0.61,0.61,0.61,0.61,123,0
SJ.US,5,20251001,180500,0.61,0.61,0.61,0.61,387,0
SJ.US,5,20251001,183000,0.609901,0.609901,0.609901,0.609901,110,0
SJ.US,5,20251001,204000,0.6236,0.643,0.6236,0.642,2190,0
SJ.US,5,20251001,205000,0.62,0.62,0.62,0.62,200,0
SJ.US,5,20251001,210000,0.6315,0.6315,0.6315,0.6315,2000,0
SJ.US,5,20251001,211000,0.643,0.643,0.643,0.643,2000,0
SJ.US,5,20251001,212000,0.643,0.643,0.643,0.643,2246,0
SJ.US,5,20251001,212500,0.643,0.643,0.643,0.643,1100,0
SJ.US,5,20251001,213000,0.643,0.643,0.643,0.643,1831,0
SJ.US,5,20251001,214000,0.6491,0.659,0.6491,0.659,1161,0
SJ.US,5,20251001,214500,0.666,0.666,0.6421,0.6612,3810,0
SJ.US,5,20251001,215000,0.663,0.6633,0.663,0.6633,1999,0
SJ.US,5,20251001,215500,0.6431,0.675,0.6431,0.675,6031,0
SJ.US,5,20251002,153000,0.4901,0.58,0.4901,0.533591,161925,0
SJ.US,5,20251002,153500,0.5216,0.54,0.5032,0.539999,14800,0
SJ.US,5,20251002,154000,0.532639,0.54,0.52,0.54,10763,0
SJ.US,5,20251002,154500,0.525,0.54,0.51,0.511,14900,0
SJ.US,5,20251002,155000,0.54,0.54,0.511,0.52,12539,0
SJ.US,5,20251002,155500,0.5242,0.5367,0.5205,0.5205,7930,0
SJ.US,5,20251002,160000,0.5205,0.539999,0.5205,0.5271,2950,0
SJ.US,5,20251002,160500,0.520501,0.5206,0.5032,0.5034,19363,0
SJ.US,5,20251002,161000,0.5035,0.532323,0.50325,0.5033,10722,0
SJ.US,5,20251002,161500,0.5033,0.521751,0.5033,0.508,9750,0
SJ.US,5,20251002,162000,0.5125,0.5125,0.51,0.51065,3346,0
SJ.US,5,20251002,162500,0.536033,0.539999,0.529999,0.529999,2100,0
SJ.US,5,20251002,163000,0.53999,0.53999,0.52,0.52,7615,0
SJ.US,5,20251002,163500,0.516,0.5169,0.516,0.5169,1016,0
SJ.US,5,20251002,164000,0.520646,0.539999,0.520646,0.5275,722,0
SJ.US,5,20251002,164500,0.535333,0.535333,0.5203,0.5203,1630,0
SJ.US,5,20251002,165000,0.5395,0.54,0.5232,0.54,7224,0
SJ.US,5,20251002,165500,0.5238,0.5238,0.5238,0.5238,499,0
SJ.US,5,20251002,170000,0.531812,0.531812,0.531812,0.531812,300,0
SJ.US,5,20251002,170500,0.5302,0.5302,0.5302,0.5302,3213,0
SJ.US,5,20251002,171000,0.5301,0.5301,0.5265,0.5265,808,0
SJ.US,5,20251002,171500,0.5265,0.5301,0.505,0.5077,16157,0
SJ.US,5,20251002,172000,0.5265,0.5265,0.510165,0.5103,3411,0
SJ.US,5,20251002,173000,0.523929,0.523929,0.523929,0.523929,200,0
SJ.US,5,20251002,173500,0.524032,0.52649,0.524032,0.52649,700,0
SJ.US,5,20251002,175000,0.5265,0.5397,0.5197,0.5397,4088,0
SJ.US,5,20251002,175500,0.54,0.54,0.525,0.54,7417,0
SJ.US,5,20251002,180000,0.54,0.54,0.528082,0.528082,563,0
SJ.US,5,20251002,180500,0.5399,0.5399,0.526,0.526,880,0
SJ.US,5,20251002,181500,0.5217,0.5399,0.5217,0.533751,3542,0
SJ.US,5,20251002,182500,0.525,0.54,0.5203,0.54,4666,0
SJ.US,5,20251002,183000,0.5302,0.5302,0.5302,0.5302,412,0
SJ.US,5,20251002,183500,0.537874,0.54,0.521,0.521,13490,0
SJ.US,5,20251002,184000,0.526999,0.526999,0.526999,0.526999,350,0
SJ.US,5,20251002,185000,0.526999,0.54,0.5218,0.54,4277,0
SJ.US,5,20251002,185500,0.536149,0.54,0.536149,0.536301,4200,0
SJ.US,5,20251002,190000,0.5362,0.54,0.5362,0.54,2685,0
SJ.US,5,20251002,190500,0.539899,0.54,0.5151,0.534887,5003,0
SJ.US,5,20251002,191000,0.535884,0.535884,0.535884,0.535884,100,0
SJ.US,5,20251002,192000,0.5361,0.5361,0.5361,0.5361,100,0
SJ.US,5,20251002,192500,0.54,0.54,0.54,0.54,431,0
SJ.US,5,20251002,193000,0.54,0.5645,0.54,0.555,2953,0
SJ.US,5,20251002,193500,0.54325,0.57,0.54325,0.57,3368,0
SJ.US,5,20251002,194000,0.5699,0.57,0.5699,0.57,572,0
SJ.US,5,20251002,194500,0.56,0.56,0.56,0.56,111,0
SJ.US,5,20251002,195000,0.569,0.569,0.5291,0.5291,6260,0
SJ.US,5,20251002,195500,0.57,0.57,0.5601,0.5601,1211,0
SJ.US,5,20251002,200000,0.5601,0.564,0.5601,0.5601,1220,0
SJ.US,5,20251002,200500,0.5602,0.568999,0.5602,0.568999,9738,0
SJ.US,5,20251002,201000,0.568714,0.569,0.568714,0.569,287,0
SJ.US,5,20251002,203000,0.5699,0.5699,0.569799,0.5699,6103,0
SJ.US,5,20251002,203500,0.5688,0.57,0.5688,0.5699,9875,0
SJ.US,5,20251002,204000,0.568,0.57,0.568,0.57,5358,0
SJ.US,5,20251002,204500,0.5799,0.58,0.5799,0.58,200,0
SJ.US,5,20251002,205000,0.575905,0.585,0.57,0.585,871,0
SJ.US,5,20251002,205500,0.59,0.6,0.59,0.599,3401,0
SJ.US,5,20251002,210000,0.598999,0.598999,0.598999,0.598999,500,0
SJ.US,5,20251002,210500,0.589,0.5993,0.589,0.5993,6725,0
SJ.US,5,20251002,211000,0.6,0.605,0.6,0.605,5262,0
SJ.US,5,20251002,211500,0.6037,0.605,0.6037,0.605,1700,0
SJ.US,5,20251002,212000,0.604,0.605,0.59,0.605,12012,0
SJ.US,5,20251002,212500,0.604,0.605,0.595,0.595,12628,0
SJ.US,5,20251002,213000,0.605,0.609999,0.605,0.609999,3550,0
SJ.US,5,20251002,213500,0.61,0.62,0.603999,0.62,6940,0
SJ.US,5,20251002,214000,0.62,0.62,0.612012,0.614335,2322,0
SJ.US,5,20251002,215500,0.613309,0.613309,0.5901,0.5901,6100,0
SJ.US,5,20251003,153000,0.59,0.590001,0.59,0.59,1402,0
SJ.US,5,20251003,153500,0.5899,0.59,0.57,0.585999,5725,0
SJ.US,5,20251003,154500,0.571952,0.571952,0.571952,0.571952,1500,0
SJ.US,5,20251003,155000,0.5701,0.5701,0.5701,0.5701,2000,0
SJ.US,5,20251003,155500,0.571872,0.571872,0.571872,0.571872,199,0
SJ.US,5,20251003,160000,0.58,0.58,0.58,0.58,200,0
SJ.US,5,20251003,160500,0.580001,0.580001,0.580001,0.580001,600,0
SJ.US,5,20251003,161000,0.58,0.58,0.58,0.58,382,0
SJ.US,5,20251003,162500,0.585807,0.585807,0.585807,0.585807,250,0
SJ.US,5,20251003,164500,0.58,0.58,0.58,0.58,119,0
SJ.US,5,20251003,165000,0.5708,0.5709,0.5621,0.5621,950,0
SJ.US,5,20251003,165500,0.562,0.584562,0.562,0.584489,2918,0
SJ.US,5,20251003,170000,0.584853,0.584853,0.576,0.576,700,0
SJ.US,5,20251003,170500,0.5814,0.5814,0.5814,0.5814,120,0
SJ.US,5,20251003,180000,0.567777,0.567777,0.5621,0.5621,1650,0
SJ.US,5,20251003,181000,0.585105,0.585105,0.585105,0.585105,400,0
SJ.US,5,20251003,181500,0.59,0.59,0.588,0.588,610,0
SJ.US,5,20251003,182000,0.59,0.59,0.59,0.59,4754,0
SJ.US,5,20251003,182500,0.5876,0.5876,0.5876,0.5876,400,0
SJ.US,5,20251003,183000,0.587,0.587,0.587,0.587,589,0
SJ.US,5,20251003,185000,0.595,0.595,0.595,0.595,200,0
SJ.US,5,20251003,185500,0.58,0.58,0.58,0.58,113,0
SJ.US,5,20251003,195000,0.58,0.58,0.58,0.58,200,0
SJ.US,5,20251003,200500,0.58,0.6094,0.58,0.609,4000,0
SJ.US,5,20251003,201500,0.6094,0.62,0.6094,0.62,3499,0
SJ.US,5,20251003,202000,0.62,0.62,0.6181,0.6181,2668,0
SJ.US,5,20251003,203000,0.588415,0.599101,0.588415,0.599101,1650,0
SJ.US,5,20251003,204000,0.61202,0.62,0.61202,0.62,1400,0
SJ.US,5,20251003,204500,0.61,0.62,0.61,0.6102,5312,0
SJ.US,5,20251003,205000,0.6102,0.62,0.5909,0.62,7317,0
SJ.US,5,20251003,205500,0.59578,0.62,0.59578,0.62,2580,0
SJ.US,5,20251003,211000,0.618,0.618,0.618,0.618,100,0
SJ.US,5,20251003,211500,0.595221,0.61642,0.59,0.59,1500,0
SJ.US,5,20251003,212000,0.614008,0.614008,0.614008,0.614008,150,0
SJ.US,5,20251003,213000,0.596156,0.596156,0.596156,0.596156,349,0
SJ.US,5,20251003,215000,0.595,0.595,0.595,0.595,200,0
SJ.US,5,20251003,215500,0.595,0.595,0.595,0.595,200,0
SJ.US,5,20251006,153000,0.6,0.6,0.5845,0.5845,811,0
SJ.US,5,20251006,155000,0.5949,0.6,0.5949,0.6,396,0
SJ.US,5,20251006,155500,0.6001,0.60385,0.6,0.60385,4105,0
SJ.US,5,20251006,161000,0.6076,0.6076,0.6051,0.605801,1650,0
SJ.US,5,20251006,161500,0.604,0.604,0.604,0.604,2809,0
SJ.US,5,20251006,162500,0.6076,0.6076,0.6076,0.6076,100,0
SJ.US,5,20251006,165000,0.6045,0.60455,0.6045,0.60455,3736,0
SJ.US,5,20251006,165500,0.6046,0.60709,0.6046,0.60709,526,0
SJ.US,5,20251006,170000,0.6045,0.6045,0.5151,0.577999,60145,0
SJ.US,5,20251006,170500,0.577999,0.577999,0.577999,0.577999,1500,0
SJ.US,5,20251006,171000,0.5501,0.5501,0.5501,0.5501,150,0
SJ.US,5,20251006,171500,0.55,0.5612,0.5215,0.5215,15638,0
SJ.US,5,20251006,172500,0.56983,0.56983,0.559,0.559,2400,0
SJ.US,5,20251006,175000,0.55,0.55,0.55,0.55,500,0
SJ.US,5,20251006,180000,0.5779,0.5779,0.5779,0.5779,450,0
SJ.US,5,20251006,180500,0.564,0.564,0.564,0.564,200,0
SJ.US,5,20251006,182000,0.573145,0.573145,0.573145,0.573145,2000,0
SJ.US,5,20251006,183000,0.56405,0.578,0.5501,0.578,2430,0
SJ.US,5,20251006,183500,0.564,0.564,0.564,0.564,750,0
SJ.US,5,20251006,191500,0.55,0.55,0.55,0.55,1638,0
SJ.US,5,20251006,192000,0.5779,0.5779,0.5779,0.5779,1000,0
SJ.US,5,20251006,193000,0.5691,0.5691,0.5691,0.5691,1100,0
SJ.US,5,20251006,193500,0.5735,0.578,0.5735,0.578,4000,0
SJ.US,5,20251006,194500,0.5698,0.5698,0.564,0.564,1200,0
SJ.US,5,20251006,195000,0.5508,0.5508,0.5508,0.5508,172,0
SJ.US,5,20251006,202000,0.5644,0.5644,0.5644,0.5644,100,0
SJ.US,5,20251006,210000,0.578,0.578,0.577,0.577,4233,0
SJ.US,5,20251006,210500,0.578,0.578,0.5644,0.5644,1600,0
SJ.US,5,20251006,212500,0.578,0.578,0.578,0.578,1000,0
SJ.US,5,20251006,215000,0.578,0.578,0.578,0.578,100,0
SJ.US,5,20251006,215500,0.5646,0.5759,0.5508,0.5746,10326,0
SJ.US,5,20251007,153000,0.57,0.58,0.57,0.58,620,0
SJ.US,5,20251007,155000,0.5797,0.5797,0.5701,0.5701,365,0
SJ.US,5,20251007,160500,0.573,0.585001,0.573,0.585001,500,0
SJ.US,5,20251007,161500,0.574065,0.574065,0.574065,0.574065,1600,0
SJ.US,5,20251007,162000,0.57999,0.57999,0.57999,0.57999,300,0
SJ.US,5,20251007,162500,0.581,0.581,0.57,0.57,2000,0
SJ.US,5,20251007,163000,0.57,0.588,0.57,0.58,5100,0
SJ.US,5,20251007,164500,0.57,0.57,0.5562,0.56,5694,0
SJ.US,5,20251007,165000,0.565281,0.565281,0.565281,0.565281,120,0
SJ.US,5,20251007,174500,0.5601,0.5601,0.5601,0.5601,241,0
SJ.US,5,20251007,175000,0.56,0.56,0.56,0.56,200,0
SJ.US,5,20251007,175500,0.568,0.5745,0.568,0.5745,1737,0
SJ.US,5,20251007,181000,0.561,0.561,0.56,0.56,548,0
SJ.US,5,20251007,184000,0.5894,0.5894,0.5894,0.5894,950,0
SJ.US,5,20251007,192500,0.58999,0.58999,0.58999,0.58999,110,0
SJ.US,5,20251007,193000,0.561,0.561,0.561,0.561,100,0
SJ.US,5,20251007,195000,0.56,0.56,0.56,0.56,200,0
SJ.US,5,20251007,204500,0.575,0.575,0.575,0.575,100,0
SJ.US,5,20251007,205000,0.56,0.56,0.56,0.56,200,0
SJ.US,5,20251007,215000,0.565,0.565,0.565,0.565,200,0
SJ.US,5,20251007,215500,0.575,0.575,0.575,0.575,620,0
SJ.US,5,20251008,155000,0.57,0.57,0.57,0.57,200,0
SJ.US,5,20251008,165000,0.5845,0.5845,0.57,0.57,524,0
SJ.US,5,20251008,175000,0.57,0.57,0.57,0.57,200,0
SJ.US,5,20251008,180000,0.565,0.5685,0.565,0.5685,4000,0
SJ.US,5,20251008,182000,0.562,0.562,0.562,0.562,200,0
SJ.US,5,20251008,192000,0.58044,0.58044,0.58044,0.58044,400,0
SJ.US,5,20251008,200000,0.562,0.562,0.56,0.56,318,0
SJ.US,5,20251008,204000,0.56,0.56,0.55,0.55,12968,0
SJ.US,5,20251008,204500,0.55,0.55,0.55,0.55,2000,0
SJ.US,5,20251008,205000,0.5661,0.5661,0.5661,0.5661,450,0
SJ.US,5,20251008,210000,0.57285,0.57285,0.57285,0.57285,440,0
SJ.US,5,20251008,210500,0.56,0.56,0.56,0.56,329,0
SJ.US,5,20251008,213000,0.5675,0.5675,0.5675,0.5675,300,0
SJ.US,5,20251009,153000,0.57,0.57001,0.55,0.55,951,0
SJ.US,5,20251009,161500,0.5531,0.565,0.5501,0.565,6407,0
SJ.US,5,20251009,162000,0.5531,0.5531,0.55,0.55,1300,0
SJ.US,5,20251009,163000,0.5727,0.5727,0.5727,0.5727,100,0
SJ.US,5,20251009,171500,0.58,0.58,0.58,0.58,300,0
SJ.US,5,20251009,174000,0.5727,0.5727,0.5727,0.5727,100,0
SJ.US,5,20251009,181000,0.5606,0.575936,0.5502,0.575936,600,0
SJ.US,5,20251009,181500,0.5751,0.5751,0.5751,0.5751,150,0
SJ.US,5,20251009,200000,0.5555,0.5555,0.5501,0.5501,821,0
SJ.US,5,20251009,203000,0.55,0.55,0.55,0.55,101,0
SJ.US,5,20251009,214500,0.5567,0.5567,0.55,0.55,10301,0
SJ.US,5,20251010,153000,0.56235,0.56235,0.56235,0.56235,500,0
SJ.US,5,20251010,172000,0.536101,0.536101,0.5312,0.5312,786,0
SJ.US,5,20251010,172500,0.528,0.528,0.5267,0.5267,2222,0
SJ.US,5,20251010,173000,0.528,0.528,0.528,0.528,2070,0
SJ.US,5,20251010,174000,0.526,0.526,0.526,0.526,500,0
SJ.US,5,20251010,174500,0.554119,0.554119,0.554119,0.554119,100,0
SJ.US,5,20251010,200500,0.5202,0.5203,0.5202,0.5203,998,0
SJ.US,5,20251010,203000,0.546426,0.546426,0.546426,0.546426,100,0
SJ.US,5,20251010,211500,0.512,0.52,0.51,0.51,5919,0
SJ.US,5,20251010,212000,0.5098,0.5098,0.5098,0.5098,100,0
SJ.US,5,20251010,212500,0.544007,0.544007,0.544007,0.544007,100,0
SJ.US,5,20251010,213000,0.5098,0.5098,0.5098,0.5098,600,0
SJ.US,5,20251010,213500,0.5098,0.541024,0.495,0.541024,21404,0
SJ.US,5,20251010,214000,0.495,0.5,0.495,0.5,6700,0
SJ.US,5,20251010,214500,0.5004,0.5004,0.5004,0.5004,300,0
SJ.US,5,20251010,215500,0.5275,0.5275,0.505,0.520501,986,0
SJ.US,5,20251013,153000,0.5145,0.5145,0.5001,0.5001,1381,0
SJ.US,5,20251013,154000,0.5001,0.5001,0.5001,0.5001,300,0
SJ.US,5,20251013,154500,0.505,0.505,0.505,0.505,700,0
SJ.US,5,20251013,155000,0.5001,0.5001,0.5001,0.5001,900,0
SJ.US,5,20251013,161000,0.50499,0.505,0.50499,0.505,600,0
SJ.US,5,20251013,161500,0.5049,0.5049,0.5049,0.5049,4000,0
SJ.US,5,20251013,162000,0.5044,0.5044,0.5002,0.5002,2600,0
SJ.US,5,20251013,162500,0.5051,0.5051,0.502599,0.5026,1826,0
SJ.US,5,20251013,163000,0.5051,0.5051,0.5051,0.5051,1980,0
SJ.US,5,20251013,165500,0.5052,0.5052,0.5051,0.5051,343,0
SJ.US,5,20251013,172000,0.509554,0.509554,0.509554,0.509554,100,0
SJ.US,5,20251013,172500,0.5099,0.5102,0.5051,0.5102,1854,0
SJ.US,5,20251013,173000,0.5122,0.5122,0.5052,0.5052,4000,0
SJ.US,5,20251013,181500,0.5052,0.5052,0.5052,0.5052,100,0
SJ.US,5,20251013,182000,0.506151,0.506151,0.506151,0.506151,500,0
SJ.US,5,20251013,183500,0.511371,0.511371,0.511371,0.511371,280,0
SJ.US,5,20251013,184000,0.5081,0.5081,0.5081,0.5081,100,0
SJ.US,5,20251013,184500,0.511414,0.511414,0.511414,0.511414,300,0
SJ.US,5,20251013,185000,0.5081,0.5081,0.5081,0.5081,100,0
SJ.US,5,20251013,191000,0.5081,0.5102,0.5081,0.5081,2280,0
SJ.US,5,20251013,192500,0.5081,0.5081,0.5081,0.5081,100,0
SJ.US,5,20251013,194000,0.508914,0.5101,0.508914,0.5101,2496,0
SJ.US,5,20251013,194500,0.5122,0.5122,0.5122,0.5122,1500,0
SJ.US,5,20251013,195500,0.5101,0.5101,0.5101,0.5101,100,0
SJ.US,5,20251013,200500,0.512113,0.5122,0.512113,0.5122,957,0
SJ.US,5,20251013,201500,0.5122,0.5122,0.506149,0.512199,3007,0
SJ.US,5,20251013,202500,0.5001,0.5001,0.5001,0.5001,2007,0
SJ.US,5,20251013,203500,0.502601,0.502601,0.502601,0.502601,100,0
SJ.US,5,20251013,211500,0.510297,0.510297,0.510297,0.510297,100,0
SJ.US,5,20251013,213500,0.51,0.51,0.51,0.51,145,0
SJ.US,5,20251014,153000,0.542,0.542,0.542,0.542,101,0
SJ.US,5,20251014,154500,0.51,0.51,0.51,0.51,616,0
SJ.US,5,20251014,155000,0.50999,0.50999,0.5005,0.5006,2944,0
SJ.US,5,20251014,170500,0.532731,0.532731,0.532731,0.532731,200,0
SJ.US,5,20251014,171500,0.541,0.541,0.541,0.541,893,0
SJ.US,5,20251014,172500,0.5275,0.5275,0.5275,0.5275,1000,0
SJ.US,5,20251014,174500,0.5007,0.5007,0.5007,0.5007,893,0
SJ.US,5,20251014,180000,0.509645,0.509645,0.509645,0.509645,375,0
SJ.US,5,20251014,182500,0.5251,0.541,0.5251,0.541,10000,0
SJ.US,5,20251014,183500,0.535662,0.535662,0.535662,0.535662,100,0
SJ.US,5,20251014,185000,0.508826,0.508826,0.508826,0.508826,368,0
SJ.US,5,20251014,193000,0.51,0.515682,0.51,0.515682,300,0
SJ.US,5,20251014,195500,0.51,0.51,0.51,0.51,200,0
SJ.US,5,20251014,200000,0.51,0.51,0.51,0.51,100,0
SJ.US,5,20251014,200500,0.51,0.51,0.51,0.51,200,0
SJ.US,5,20251014,201000,0.51,0.51,0.51,0.51,200,0
SJ.US,5,20251014,215500,0.527,0.5275,0.527,0.5275,2658,0
SJ.US,5,20251015,153000,0.5275,0.5275,0.5275,0.5275,141,0
SJ.US,5,20251015,153500,0.5233,0.5266,0.5201,0.5266,596,0
SJ.US,5,20251015,155000,0.5275,0.5275,0.5275,0.5275,1088,0
SJ.US,5,20251015,162500,0.53,0.53,0.53,0.53,708,0
SJ.US,5,20251015,164000,0.5423,0.5423,0.54,0.54,205,0
SJ.US,5,20251015,164500,0.5335,0.5335,0.5335,0.5335,100,0
SJ.US,5,20251015,172000,0.5251,0.5251,0.5251,0.5251,350,0
SJ.US,5,20251015,183000,0.5443,0.5443,0.5443,0.5443,182,0
SJ.US,5,20251015,212500,0.5421,0.5421,0.5421,0.5421,100,0
SJ.US,5,20251015,215000,0.525189,0.525189,0.525189,0.525189,999,0
SJ.US,5,20251015,215500,0.5202,0.5202,0.5202,0.5202,133,0
SJ.US,5,20251016,153000,0.521,0.539933,0.521,0.539933,244,0
SJ.US,5,20251016,163000,0.54,0.54,0.54,0.54,140,0
SJ.US,5,20251016,190500,0.54,0.54,0.54,0.54,407,0
SJ.US,5,20251016,195500,0.537146,0.537146,0.537146,0.537146,200,0
SJ.US,5,20251016,205000,0.525,0.525,0.525,0.525,196,0
SJ.US,5,20251016,212000,0.5351,0.5351,0.535,0.535,1100,0
SJ.US,5,20251016,213500,0.5399,0.5399,0.5399,0.5399,100,0
SJ.US,5,20251016,215000,0.5301,0.5301,0.5301,0.5301,1904,0
SJ.US,5,20251017,153000,0.53,0.5303,0.53,0.5303,301,0
SJ.US,5,20251017,154000,0.5301,0.5301,0.5301,0.5301,100,0
SJ.US,5,20251017,161500,0.5303,0.5303,0.5303,0.5303,200,0
SJ.US,5,20251017,165000,0.53555,0.53555,0.5301,0.5301,200,0
SJ.US,5,20251017,173500,0.53555,0.5356,0.5301,0.5301,8300,0
SJ.US,5,20251017,174500,0.5302,0.5303,0.52,0.5202,3198,0
SJ.US,5,20251017,175000,0.52,0.5201,0.52,0.52,3162,0
SJ.US,5,20251017,175500,0.52,0.52,0.52,0.52,218,0
SJ.US,5,20251017,180000,0.52,0.52,0.52,0.52,550,0
SJ.US,5,20251017,192500,0.52005,0.52005,0.52005,0.52005,100,0
SJ.US,5,20251017,193000,0.52,0.5201,0.52,0.52005,8030,0
SJ.US,5,20251017,193500,0.52,0.52,0.5103,0.5103,2933,0
SJ.US,5,20251017,202500,0.5101,0.5101,0.5101,0.5101,100,0
SJ.US,5,20251017,210500,0.5102,0.5102,0.5102,0.5102,3000,0
SJ.US,5,20251017,211500,0.5102,0.5102,0.51,0.5101,3209,0
SJ.US,5,20251017,212500,0.51,0.51,0.51,0.51,100,0
SJ.US,5,20251017,213000,0.5079,0.51,0.505,0.506,3289,0
SJ.US,5,20251017,213500,0.5051,0.5051,0.5051,0.5051,2845,0
SJ.US,5,20251017,214000,0.505,0.505,0.505,0.505,100,0
SJ.US,5,20251017,214500,0.5051,0.5397,0.505,0.505,600,0
SJ.US,5,20251017,215500,0.52,0.52,0.52,0.52,196,0
SJ.US,5,20251020,153000,0.52,0.52,0.52,0.52,297,0
SJ.US,5,20251020,160500,0.5299,0.5299,0.5299,0.5299,1000,0
SJ.US,5,20251020,161500,0.528161,0.528161,0.528161,0.528161,175,0
SJ.US,5,20251020,163000,0.524951,0.5299,0.524951,0.524951,400,0
SJ.US,5,20251020,164000,0.5249,0.53,0.5249,0.53,3200,0
SJ.US,5,20251020,164500,0.54,0.54,0.54,0.54,2883,0
SJ.US,5,20251020,165000,0.5409,0.5409,0.54,0.5409,601,0
SJ.US,5,20251020,165500,0.5442,0.5442,0.5442,0.5442,200,0
SJ.US,5,20251020,170500,0.5442,0.5442,0.54,0.54,200,0
SJ.US,5,20251020,173000,0.54,0.54,0.54,0.54,5321,0
SJ.US,5,20251020,192000,0.544,0.544,0.544,0.544,500,0
SJ.US,5,20251020,202000,0.544,0.544,0.544,0.544,100,0
SJ.US,5,20251020,215500,0.544,0.544,0.544,0.544,344,0
SJ.US,5,20251021,153000,0.53,0.53,0.53,0.53,264,0
SJ.US,5,20251021,153500,0.4967,0.527966,0.493,0.527966,1100,0
SJ.US,5,20251021,161000,0.52,0.52,0.52,0.52,1217,0
SJ.US,5,20251021,163000,0.5161,0.5161,0.5161,0.5161,100,0
SJ.US,5,20251021,165000,0.52,0.52,0.52,0.52,364,0
SJ.US,5,20251021,173000,0.52,0.52,0.52,0.52,1000,0
SJ.US,5,20251021,181500,0.5161,0.5161,0.5161,0.5161,100,0
SJ.US,5,20251021,185500,0.51575,0.51575,0.51575,0.51575,1152,0
SJ.US,5,20251021,195500,0.5158,0.5158,0.5158,0.5158,3000,0
SJ.US,5,20251021,201500,0.52,0.52,0.52,0.52,2000,0
SJ.US,5,20251021,202500,0.5161,0.5161,0.5161,0.5161,500,0
SJ.US,5,20251021,215500,0.5171,0.5185,0.5171,0.5171,534,0
SJ.US,5,20251022,153000,0.51,0.51,0.51,0.51,120,0
SJ.US,5,20251022,153500,0.51,0.51,0.51,0.51,5000,0
SJ.US,5,20251022,154500,0.508084,0.508084,0.508084,0.508084,198,0
SJ.US,5,20251022,161500,0.51,0.51,0.51,0.51,2156,0
SJ.US,5,20251022,164000,0.5007,0.5057,0.5007,0.5057,460,0
SJ.US,5,20251022,164500,0.5028,0.5028,0.5028,0.5028,1000,0
SJ.US,5,20251022,171000,0.508399,0.508399,0.508399,0.508399,100,0
SJ.US,5,20251022,173000,0.50645,0.50645,0.50645,0.50645,1200,0
SJ.US,5,20251022,174000,0.5028,0.5028,0.5028,0.5028,100,0
SJ.US,5,20251022,181000,0.5029,0.5029,0.5029,0.5029,1300,0
SJ.US,5,20251022,191500,0.5029,0.5029,0.5029,0.5029,100,0
SJ.US,5,20251022,192500,0.5028,0.5028,0.5028,0.5028,167,0
SJ.US,5,20251022,194500,0.503,0.503,0.5029,0.5029,2000,0
SJ.US,5,20251022,195000,0.51,0.51,0.51,0.51,1650,0
SJ.US,5,20251022,201500,0.50575,0.50575,0.5029,0.502901,359,0
SJ.US,5,20251022,204000,0.502,0.5021,0.502,0.5021,200,0
SJ.US,5,20251022,204500,0.5003,0.502,0.5003,0.502,200,0
SJ.US,5,20251022,211000,0.4977,0.4977,0.496915,0.496915,2100,0
SJ.US,5,20251022,212500,0.4977,0.4977,0.4977,0.4977,200,0
SJ.US,5,20251022,215000,0.51,0.51,0.51,0.51,100,0
SJ.US,5,20251023,153500,0.4931,0.4931,0.4931,0.4931,100,0
SJ.US,5,20251023,163000,0.506827,0.506827,0.506827,0.506827,150,0
SJ.US,5,20251023,172000,0.51,0.51,0.502,0.51,3098,0
SJ.US,5,20251023,174000,0.52,0.52,0.52,0.52,2821,0
SJ.US,5,20251023,202500,0.51,0.51,0.51,0.51,218,0
SJ.US,5,20251023,203500,0.52,0.52,0.52,0.52,500,0
SJ.US,5,20251023,210000,0.516369,0.516369,0.516369,0.516369,100,0
SJ.US,5,20251023,211000,0.52,0.52,0.52,0.52,1000,0
SJ.US,5,20251024,153000,0.52,0.52,0.52,0.52,122,0
SJ.US,5,20251024,165000,0.5242,0.5242,0.5242,0.5242,143,0
SJ.US,5,20251024,182000,0.51275,0.5128,0.51275,0.5128,500,0
SJ.US,5,20251024,200500,0.52,0.52,0.52,0.52,4001,0
SJ.US,5,20251027,143000,0.53,0.53,0.53,0.53,180,0
SJ.US,5,20251027,150000,0.52,0.52,0.52,0.52,100,0
SJ.US,5,20251027,151500,0.52,0.52,0.52,0.52,100,0
SJ.US,5,20251027,153500,0.5362,0.5362,0.5362,0.5362,130,0
SJ.US,5,20251027,154000,0.5362,0.5362,0.5362,0.5362,100,0
SJ.US,5,20251027,155500,0.5397,0.5397,0.5397,0.5397,100,0
SJ.US,5,20251027,160000,0.5439,0.5439,0.5439,0.5439,218,0
SJ.US,5,20251027,160500,0.54,0.5415,0.5391,0.539624,1938,0
SJ.US,5,20251027,161000,0.5391,0.5391,0.5391,0.5391,1000,0
SJ.US,5,20251027,161500,0.54,0.54,0.54,0.54,100,0
SJ.US,5,20251027,163500,0.54,0.54,0.54,0.54,2000,0
SJ.US,5,20251027,164500,0.54,0.54,0.54,0.54,1000,0
SJ.US,5,20251027,170000,0.5391,0.5391,0.5391,0.5391,144,0
SJ.US,5,20251027,170500,0.5301,0.5301,0.5301,0.5301,500,0
SJ.US,5,20251027,172000,0.54,0.54,0.54,0.54,500,0
SJ.US,5,20251027,173000,0.5301,0.5301,0.5301,0.5301,100,0
SJ.US,5,20251027,174500,0.5301,0.5301,0.52,0.52,20602,0
SJ.US,5,20251027,180500,0.52,0.52,0.52,0.52,500,0
SJ.US,5,20251027,202500,0.5275,0.539,0.5275,0.539,200,0
SJ.US,5,20251027,204500,0.535186,0.535186,0.535186,0.535186,300,0
SJ.US,5,20251027,205500,0.534892,0.534892,0.534892,0.534892,300,0
SJ.US,5,20251028,144500,0.5348,0.5348,0.5348,0.5348,2500,0
SJ.US,5,20251028,153000,0.5348,0.5348,0.5348,0.5348,115,0
SJ.US,5,20251028,160500,0.54,0.54,0.54,0.54,100,0
SJ.US,5,20251028,161500,0.5295,0.5295,0.512,0.512,5000,0
SJ.US,5,20251028,172500,0.517597,0.517597,0.517597,0.517597,600,0
SJ.US,5,20251028,180500,0.5329,0.5329,0.5329,0.5329,100,0
SJ.US,5,20251028,200000,0.5399,0.5399,0.5399,0.5399,1000,0
SJ.US,5,20251028,203000,0.516251,0.516251,0.516251,0.516251,100,0
SJ.US,5,20251029,173000,0.5399,0.5399,0.5399,0.5399,100,0
SJ.US,5,20251029,185000,0.5165,0.5165,0.5165,0.5165,280,0
SJ.US,5,20251030,143000,0.5399,0.5399,0.5399,0.5399,185,0
SJ.US,5,20251030,145500,0.5399,0.5399,0.52,0.52,702,0
SJ.US,5,20251030,152000,0.5301,0.5301,0.5301,0.5301,200,0
SJ.US,5,20251030,155500,0.5349,0.5349,0.5349,0.5349,200,0
SJ.US,5,20251030,165500,0.539799,0.539799,0.539799,0.539799,940,0
SJ.US,5,20251030,171000,0.53,0.53,0.53,0.53,402,0
SJ.US,5,20251030,173000,0.533,0.533,0.533,0.533,600,0
SJ.US,5,20251030,174000,0.531,0.531,0.5301,0.5301,200,0
SJ.US,5,20251030,181500,0.5398,0.5398,0.5398,0.5398,2000,0
SJ.US,5,20251031,143000,0.5399,0.5399,0.5399,0.5399,100,0
SJ.US,5,20251031,150500,0.5108,0.5108,0.5108,0.5108,2000,0
SJ.US,5,20251031,153500,0.5109,0.5109,0.5109,0.5109,120,0
SJ.US,5,20251031,164000,0.5108,0.5108,0.5108,0.5108,5000,0
SJ.US,5,20251031,172500,0.538999,0.538999,0.538999,0.538999,1899,0
SJ.US,5,20251031,202500,0.5292,0.539,0.5292,0.539,2000,0
SJ.US,5,20251031,204500,0.5109,0.5109,0.5109,0.5109,1320,0
SJ.US,5,20251103,153000,0.51,0.51,0.51,0.51,197,0
SJ.US,5,20251103,154500,0.50495,0.50495,0.50495,0.50495,422,0
SJ.US,5,20251103,155500,0.5,0.5,0.5,0.5,4238,0
SJ.US,5,20251103,160000,0.5,0.5,0.5,0.5,3115,0
SJ.US,5,20251103,160500,0.5,0.5049,0.5,0.5049,550,0
SJ.US,5,20251103,193500,0.5097,0.5097,0.5097,0.5097,100,0
SJ.US,5,20251103,204000,0.5,0.5,0.5,0.5,1924,0
SJ.US,5,20251103,204500,0.5097,0.5097,0.5097,0.5097,600,0
SJ.US,5,20251103,215500,0.5,0.5,0.5,0.5,185,0
SJ.US,5,20251104,153000,0.51,0.51,0.51,0.51,124,0
SJ.US,5,20251104,153500,0.51,0.51,0.51,0.51,195,0
SJ.US,5,20251104,162500,0.5299,0.5299,0.5299,0.5299,1888,0
SJ.US,5,20251104,182000,0.529,0.529,0.529,0.529,100,0
SJ.US,5,20251104,183500,0.5181,0.5181,0.5181,0.5181,600,0
SJ.US,5,20251104,190000,0.512949,0.512949,0.512949,0.512949,250,0
SJ.US,5,20251104,190500,0.496001,0.496001,0.496001,0.496001,399,0
SJ.US,5,20251104,193500,0.512949,0.512949,0.512949,0.512949,111,0
SJ.US,5,20251104,215500,0.5148,0.5148,0.5148,0.5148,200,0
SJ.US,5,20251105,153000,0.51,0.5148,0.508,0.508,456,0
SJ.US,5,20251105,153500,0.51,0.51,0.51,0.51,612,0
SJ.US,5,20251105,161000,0.4902,0.4902,0.4902,0.4902,600,0
SJ.US,5,20251105,161500,0.5,0.5,0.5,0.5,106,0
SJ.US,5,20251105,170000,0.4931,0.4931,0.4931,0.4931,130,0
SJ.US,5,20251105,205500,0.51,0.5101,0.51,0.5101,4600,0
SJ.US,5,20251105,211000,0.51,0.51,0.51,0.51,503,0
SJ.US,5,20251106,160500,0.5191,0.5191,0.5191,0.5191,171,0
SJ.US,5,20251106,173000,0.495,0.495,0.491101,0.491103,3298,0
SJ.US,5,20251106,173500,0.4911,0.4911,0.4911,0.4911,218,0
SJ.US,5,20251106,174000,0.4911,0.4911,0.48,0.48,16824,0
SJ.US,5,20251106,190000,0.4849,0.4849,0.4849,0.4849,1119,0
SJ.US,5,20251106,192000,0.4849,0.4849,0.4849,0.4849,2745,0
SJ.US,5,20251106,205000,0.499999,0.499999,0.499999,0.499999,100,0
SJ.US,5,20251107,155500,0.48,0.48,0.48,0.48,242,0
SJ.US,5,20251107,161000,0.4801,0.4801,0.478,0.478,6637,0
SJ.US,5,20251107,171000,0.479,0.479,0.479,0.479,100,0
SJ.US,5,20251107,173000,0.478,0.478,0.478,0.478,100,0
SJ.US,5,20251107,174000,0.478,0.478,0.478,0.478,100,0
SJ.US,5,20251107,180000,0.4752,0.4752,0.4752,0.4752,800,0
SJ.US,5,20251107,183000,0.479999,0.48,0.479999,0.48,3211,0
SJ.US,5,20251107,202500,0.47903,0.47903,0.47903,0.47903,121,0
SJ.US,5,20251107,203500,0.4703,0.4703,0.4703,0.4703,2206,0
SJ.US,5,20251107,210500,0.4749,0.4749,0.4749,0.4749,200,0
SJ.US,5,20251107,215000,0.4703,0.4703,0.4703,0.4703,269,0
SJ.US,5,20251110,153000,0.5018,0.5025,0.5018,0.5025,500,0
SJ.US,5,20251110,164500,0.4786,0.4786,0.4786,0.4786,317,0
SJ.US,5,20251110,201000,0.4786,0.4786,0.4705,0.4705,1130,0
SJ.US,5,20251110,205500,0.4992,0.4992,0.4992,0.4992,3000,0
SJ.US,5,20251110,210500,0.4703,0.4939,0.45,0.484,9077,0
SJ.US,5,20251110,211000,0.4541,0.4541,0.45,0.4501,7417,0
SJ.US,5,20251110,211500,0.4896,0.4896,0.4896,0.4896,201,0
SJ.US,5,20251110,212500,0.4901,0.4901,0.4901,0.4901,1000,0
SJ.US,5,20251110,214000,0.49,0.49,0.49,0.49,1000,0
SJ.US,5,20251110,215500,0.4599,0.4697,0.4599,0.4694,1437,0
SJ.US,5,20251111,153000,0.4738,0.4738,0.4738,0.4738,610,0
SJ.US,5,20251111,154000,0.51,0.51,0.51,0.51,224,0
SJ.US,5,20251111,164000,0.472149,0.473328,0.472149,0.472149,1995,0
SJ.US,5,20251111,165000,0.474,0.4743,0.474,0.4743,1450,0
SJ.US,5,20251111,175500,0.4742,0.4742,0.4742,0.4742,4700,0
SJ.US,5,20251111,192500,0.4743,0.4743,0.4743,0.4743,2400,0
SJ.US,5,20251111,193000,0.4744,0.4744,0.47084,0.47084,331,0
SJ.US,5,20251111,194000,0.4743,0.4743,0.4743,0.4743,2500,0
SJ.US,5,20251111,194500,0.4743,0.4899,0.4743,0.4744,2947,0
SJ.US,5,20251111,195000,0.5,0.5,0.5,0.5,500,0
SJ.US,5,20251111,195500,0.5,0.5,0.5,0.5,248,0
SJ.US,5,20251111,200000,0.5,0.5,0.5,0.5,2500,0
SJ.US,5,20251111,201500,0.5,0.5,0.5,0.5,2500,0
SJ.US,5,20251111,202500,0.5,0.5,0.5,0.5,2000,0
SJ.US,5,20251111,212500,0.4952,0.5,0.4952,0.5,2000,0
SJ.US,5,20251111,213000,0.5,0.5,0.485,0.5,7600,0
SJ.US,5,20251111,214000,0.502,0.51,0.49,0.51,4000,0
SJ.US,5,20251111,215500,0.4701,0.4701,0.47,0.47,400,0
SJ.US,5,20251112,153000,0.47,0.5,0.47,0.5,1611,0
SJ.US,5,20251112,161000,0.4999,0.4999,0.4999,0.4999,100,0
SJ.US,5,20251112,162000,0.4999,0.4999,0.4999,0.4999,100,0
SJ.US,5,20251112,162500,0.4999,0.4999,0.4999,0.4999,100,0
SJ.US,5,20251112,194500,0.489,0.49,0.489,0.49,7770,0
SJ.US,5,20251112,200000,0.5,0.5,0.5,0.5,218,0
SJ.US,5,20251112,202000,0.5,0.509,0.5,0.509,2000,0
SJ.US,5,20251112,202500,0.5093,0.5093,0.5093,0.5093,392,0
SJ.US,5,20251112,205000,0.509,0.52,0.509,0.52,1970,0
SJ.US,5,20251112,210500,0.47,0.4748,0.47,0.4748,2713,0
SJ.US,5,20251112,211500,0.517,0.52,0.5151,0.52,5163,0
SJ.US,5,20251112,212000,0.5182,0.548,0.498801,0.5364,17227,0
SJ.US,5,20251112,212500,0.5364,0.5464,0.5248,0.5464,2100,0
SJ.US,5,20251112,213000,0.5364,0.57,0.525,0.57,25558,0
SJ.US,5,20251112,213500,0.57,0.578,0.528,0.578,12371,0
SJ.US,5,20251112,214000,0.578,0.622,0.55,0.6,19644,0
SJ.US,5,20251112,214500,0.6,0.6138,0.59,0.6,17478,0
SJ.US,5,20251112,215000,0.6001,0.6001,0.55,0.5615,11455,0
SJ.US,5,20251112,215500,0.553,0.553,0.55,0.55,2067,0
SJ.US,5,20251113,153000,0.56,0.56,0.55,0.55,467,0
SJ.US,5,20251113,153500,0.55,0.55,0.55,0.55,150,0
SJ.US,5,20251113,154000,0.55,0.55,0.55,0.55,1000,0
SJ.US,5,20251113,154500,0.55485,0.55485,0.55,0.55,3200,0
SJ.US,5,20251113,155000,0.54,0.54,0.54,0.54,200,0
SJ.US,5,20251113,160000,0.54,0.54,0.54,0.54,1000,0
SJ.US,5,20251113,161500,0.54,0.54,0.54,0.54,1000,0
SJ.US,5,20251113,162500,0.54,0.54,0.54,0.54,2044,0
SJ.US,5,20251113,163000,0.5499,0.5499,0.5499,0.5499,500,0
SJ.US,5,20251113,163500,0.555439,0.55594,0.5499,0.5499,1600,0
SJ.US,5,20251113,164000,0.5497,0.5497,0.5449,0.5449,700,0
SJ.US,5,20251113,165000,0.54,0.54,0.54,0.54,200,0
SJ.US,5,20251113,172500,0.5499,0.5499,0.5499,0.5499,100,0
SJ.US,5,20251113,173500,0.54,0.54,0.54,0.54,2136,0
SJ.US,5,20251113,174500,0.5315,0.532,0.4808,0.4808,8858,0
SJ.US,5,20251113,175500,0.478,0.5699,0.478,0.55,14428,0
SJ.US,5,20251113,182000,0.56708,0.577,0.539,0.577,1000,0
SJ.US,5,20251113,182500,0.56396,0.578,0.539,0.577,1000,0
SJ.US,5,20251113,183000,0.56396,0.577,0.5624,0.5624,1000,0
SJ.US,5,20251113,184500,0.578,0.578,0.578,0.578,800,0
SJ.US,5,20251113,185000,0.578,0.578,0.578,0.578,400,0
SJ.US,5,20251113,190500,0.5395,0.5395,0.5395,0.5395,100,0
SJ.US,5,20251113,194500,0.553,0.553,0.553,0.553,1000,0
SJ.US,5,20251113,195000,0.578,0.58,0.5501,0.5501,6470,0
SJ.US,5,20251113,201000,0.58,0.601,0.5748,0.5996,10632,0
SJ.US,5,20251113,201500,0.5903,0.601,0.5903,0.601,400,0
SJ.US,5,20251113,202000,0.59,0.6011,0.59,0.6011,6497,0
SJ.US,5,20251113,203000,0.6,0.62,0.6,0.62,6262,0
SJ.US,5,20251113,204000,0.595,0.595,0.58,0.58,1967,0
SJ.US,5,20251113,211000,0.61,0.64,0.589,0.635,18676,0
SJ.US,5,20251113,211500,0.635,0.66,0.635,0.66,4937,0
SJ.US,5,20251113,212000,0.66,0.666599,0.6383,0.656748,5478,0
SJ.US,5,20251113,212500,0.6383,0.656417,0.61,0.656417,543,0
SJ.US,5,20251113,213000,0.631,0.6564,0.61,0.61,2070,0
SJ.US,5,20251113,213500,0.675,0.7,0.640168,0.659,7400,0
SJ.US,5,20251113,214000,0.659,0.66,0.659,0.66,788,0
SJ.US,5,20251113,214500,0.6443,0.6606,0.6443,0.660599,2000,0
SJ.US,5,20251113,215000,0.65408,0.69,0.65408,0.6899,5924,0
SJ.US,5,20251113,215500,0.65,0.651,0.65,0.65,4781,0
SJ.US,5,20251114,153000,0.68,0.69,0.659,0.69,14101,0
SJ.US,5,20251114,153500,0.675,0.675,0.628,0.628,8317,0
SJ.US,5,20251114,154000,0.674999,0.674999,0.674999,0.674999,125,0
SJ.US,5,20251114,154500,0.675,0.675,0.628,0.628,4673,0
SJ.US,5,20251114,155000,0.632,0.632,0.632,0.632,2090,0
SJ.US,5,20251114,155500,0.614045,0.614045,0.6106,0.6106,592,0
SJ.US,5,20251114,160000,0.632,0.6331,0.626,0.6331,3223,0
SJ.US,5,20251114,162000,0.62,0.62,0.62,0.62,2055,0
SJ.US,5,20251114,162500,0.62,0.62,0.62,0.62,100,0
SJ.US,5,20251114,163500,0.674999,0.674999,0.674999,0.674999,111,0
SJ.US,5,20251114,170500,0.64617,0.64617,0.64617,0.64617,200,0
SJ.US,5,20251114,172500,0.644001,0.644001,0.644001,0.644001,500,0
SJ.US,5,20251114,173000,0.645051,0.645051,0.645051,0.645051,401,0
SJ.US,5,20251114,182000,0.6201,0.6201,0.6148,0.6148,1300,0
SJ.US,5,20251114,184000,0.6201,0.6274,0.6201,0.6274,16100,0
SJ.US,5,20251114,191500,0.6112,0.6112,0.6112,0.6112,100,0
SJ.US,5,20251114,192000,0.6448,0.66,0.6448,0.66,14786,0
SJ.US,5,20251114,192500,0.6699,0.6699,0.6649,0.6699,2100,0
SJ.US,5,20251114,193000,0.6648,0.675,0.66,0.6637,3776,0
SJ.US,5,20251114,194500,0.674,0.68,0.674,0.68,4000,0
SJ.US,5,20251114,195000,0.660001,0.660001,0.660001,0.660001,500,0
SJ.US,5,20251114,200000,0.676,0.68,0.66,0.66,6772,0
SJ.US,5,20251114,200500,0.6601,0.6601,0.6601,0.6601,152,0
SJ.US,5,20251114,201000,0.68,0.692,0.675,0.692,3500,0
SJ.US,5,20251114,202500,0.68,0.68,0.68,0.68,471,0
SJ.US,5,20251114,204500,0.66,0.7,0.66,0.7,50450,0
SJ.US,5,20251114,210500,0.6999,0.6999,0.6999,0.6999,150,0
SJ.US,5,20251114,212000,0.68,0.68,0.68,0.68,10946,0
SJ.US,5,20251114,212500,0.68,0.6978,0.68,0.6801,8515,0
SJ.US,5,20251114,213000,0.6801,0.7,0.6801,0.7,3176,0
SJ.US,5,20251114,214500,0.7,0.7,0.7,0.7,2000,0
SJ.US,5,20251114,215000,0.6899,0.7,0.68,0.6897,5195,0
SJ.US,5,20251114,215500,0.6823,0.6823,0.68,0.68,1643,0
SJ.US,5,20251117,153000,0.66,0.66,0.66,0.66,860,0
SJ.US,5,20251117,155000,0.6634,0.6634,0.6634,0.6634,100,0
SJ.US,5,20251117,155500,0.66,0.660231,0.66,0.660231,550,0
SJ.US,5,20251117,160000,0.66,0.66,0.66,0.66,218,0
SJ.US,5,20251117,160500,0.660099,0.660099,0.66,0.66,434,0
SJ.US,5,20251117,171000,0.6601,0.6634,0.6601,0.6634,2000,0
SJ.US,5,20251117,200000,0.6467,0.6467,0.63,0.63,1254,0
SJ.US,5,20251117,202500,0.63,0.63,0.63,0.63,3500,0
SJ.US,5,20251117,203000,0.6467,0.657388,0.6467,0.657388,1000,0
SJ.US,5,20251117,205000,0.6634,0.6635,0.6634,0.6635,7429,0
SJ.US,5,20251117,205500,0.69,0.69,0.69,0.69,990,0
SJ.US,5,20251117,210000,0.69,0.69,0.689,0.689,500,0
SJ.US,5,20251117,211000,0.689,0.6998,0.689,0.6998,1961,0
SJ.US,5,20251117,211500,0.6998,0.6998,0.6998,0.6998,500,0
SJ.US,5,20251117,212000,0.6998,0.6998,0.6998,0.6998,1000,0
SJ.US,5,20251117,212500,0.6998,0.6998,0.6998,0.6998,1000,0
SJ.US,5,20251117,213000,0.6998,0.6998,0.6998,0.6998,1000,0
SJ.US,5,20251117,213500,0.6998,0.6998,0.6998,0.6998,1000,0
SJ.US,5,20251117,214000,0.7,0.7,0.6992,0.6992,4443,0
SJ.US,5,20251117,214500,0.675,0.675,0.675,0.675,300,0
SJ.US,5,20251117,215000,0.67,0.67,0.65,0.67,5355,0
SJ.US,5,20251117,215500,0.6502,0.6502,0.6502,0.6502,100,0
SJ.US,5,20251118,153000,0.6928,0.6928,0.6928,0.6928,500,0
SJ.US,5,20251118,154000,0.6864,0.6864,0.68,0.68,262,0
SJ.US,5,20251118,155000,0.65856,0.692799,0.65856,0.692799,271,0
SJ.US,5,20251118,160000,0.6714,0.6714,0.6714,0.6714,1919,0
SJ.US,5,20251118,160500,0.683496,0.683496,0.683496,0.683496,200,0
SJ.US,5,20251118,161500,0.683,0.683,0.683,0.683,100,0
SJ.US,5,20251118,164500,0.68,0.68,0.6695,0.6695,400,0
SJ.US,5,20251118,181500,0.65,0.65,0.65,0.65,159,0
SJ.US,5,20251118,184000,0.645,0.683,0.645,0.682,2200,0
SJ.US,5,20251118,191500,0.683,0.7,0.672,0.698,13612,0
SJ.US,5,20251118,194000,0.7,0.7,0.6992,0.7,6066,0
SJ.US,5,20251118,195000,0.6999,0.699999,0.675,0.699999,999,0
SJ.US,5,20251118,215500,0.7,0.7,0.6678,0.6678,1858,0
SJ.US,5,20251119,153000,0.673,0.675,0.65,0.65,712,0
SJ.US,5,20251119,153500,0.65,0.65,0.64,0.65,14754,0
SJ.US,5,20251119,154000,0.65,0.65,0.65,0.65,100,0
SJ.US,5,20251119,160000,0.65,0.65,0.65,0.65,864,0
SJ.US,5,20251119,170000,0.639001,0.639001,0.639001,0.639001,200,0
SJ.US,5,20251119,172500,0.628,0.628,0.628,0.628,816,0
SJ.US,5,20251119,173000,0.6255,0.6279,0.6252,0.6252,3384,0
SJ.US,5,20251119,183500,0.6299,0.675,0.6299,0.674,2992,0
SJ.US,5,20251119,184000,0.674,0.674,0.674,0.674,400,0
SJ.US,5,20251119,184500,0.675,0.675,0.674,0.674,800,0
SJ.US,5,20251119,190000,0.675,0.69,0.675,0.69,1017,0
SJ.US,5,20251119,191500,0.65,0.69,0.65,0.69,2129,0
SJ.US,5,20251119,192500,0.69,0.69,0.69,0.69,700,0
SJ.US,5,20251119,193000,0.69,0.69,0.69,0.69,1000,0
SJ.US,5,20251119,194000,0.685,0.685,0.685,0.685,1000,0
SJ.US,5,20251119,195500,0.6814,0.6814,0.6814,0.6814,203,0
SJ.US,5,20251119,203000,0.69,0.727,0.69,0.727,3641,0
SJ.US,5,20251119,203500,0.7116,0.727,0.7116,0.727,3620,0
SJ.US,5,20251119,204000,0.65,0.65,0.65,0.65,2000,0
SJ.US,5,20251119,204500,0.651,0.651,0.65,0.65,20000,0
SJ.US,5,20251119,205500,0.6955,0.72,0.6955,0.72,3100,0
SJ.US,5,20251119,210000,0.72,0.727,0.72,0.726,3025,0
SJ.US,5,20251119,210500,0.726,0.727,0.72,0.72,2500,0
SJ.US,5,20251119,211000,0.69,0.69,0.69,0.69,1000,0
SJ.US,5,20251119,211500,0.69,0.69,0.69,0.69,1600,0
SJ.US,5,20251119,215000,0.69,0.69,0.69,0.69,300,0
SJ.US,5,20251119,215500,0.69,0.72,0.675,0.7193,9789,0
SJ.US,5,20251120,155000,0.66,0.661,0.66,0.661,599,0
SJ.US,5,20251120,161500,0.69445,0.69445,0.69445,0.69445,300,0
SJ.US,5,20251120,163500,0.7188,0.7188,0.7188,0.7188,210,0
SJ.US,5,20251120,171500,0.67,0.67,0.67,0.67,1500,0
SJ.US,5,20251120,172500,0.6851,0.6851,0.6851,0.6851,300,0
SJ.US,5,20251120,174500,0.6776,0.6776,0.67,0.67,357,0
SJ.US,5,20251120,183500,0.6776,0.6776,0.6569,0.6569,6300,0
SJ.US,5,20251120,212500,0.7187,0.7187,0.7187,0.7187,100,0
SJ.US,5,20251120,214000,0.68,0.68,0.68,0.68,1500,0
SJ.US,5,20251120,215000,0.7189,0.7189,0.7189,0.7189,1000,0
SJ.US,5,20251120,215500,0.7189,0.7189,0.7077,0.7177,1300,0
SJ.US,5,20251121,160000,0.6801,0.6801,0.6801,0.6801,673,0
SJ.US,5,20251121,162000,0.68,0.68,0.68,0.68,200,0
SJ.US,5,20251121,163500,0.65,0.65,0.65,0.65,290,0
SJ.US,5,20251121,175500,0.6519,0.6519,0.6519,0.6519,100,0
SJ.US,5,20251121,180500,0.665951,0.665951,0.665951,0.665951,230,0
SJ.US,5,20251121,210000,0.6519,0.6519,0.6519,0.6519,100,0
SJ.US,5,20251121,212000,0.664999,0.664999,0.664999,0.664999,250,0
SJ.US,5,20251121,214000,0.68,0.71,0.6575,0.68,3000,0
SJ.US,5,20251121,214500,0.68,0.71,0.68,0.71,4400,0
SJ.US,5,20251121,215000,0.68,0.68,0.68,0.68,100,0
SJ.US,5,20251121,215500,0.6868,0.71,0.656,0.656,7751,0
SJ.US,5,20251124,153000,0.6814,0.7,0.6814,0.7,4100,0
SJ.US,5,20251124,153500,0.65,0.667,0.65,0.6502,692,0
SJ.US,5,20251124,154000,0.69,0.69,0.69,0.69,2058,0
SJ.US,5,20251124,165000,0.65,0.65,0.65,0.65,511,0
SJ.US,5,20251124,185000,0.6999,0.6999,0.6999,0.6999,100,0
SJ.US,5,20251124,192000,0.688,0.688,0.688,0.688,500,0
SJ.US,5,20251124,194000,0.688,0.688,0.688,0.688,100,0
SJ.US,5,20251124,195500,0.691,0.691,0.691,0.691,100,0
SJ.US,5,20251124,200000,0.6821,0.728,0.6821,0.728,3500,0
SJ.US,5,20251124,200500,0.6973,0.6973,0.6973,0.6973,158,0
SJ.US,5,20251124,203000,0.683021,0.683021,0.683021,0.683021,489,0
SJ.US,5,20251124,205500,0.728,0.728,0.7277,0.7277,2000,0
SJ.US,5,20251124,210000,0.728,0.728,0.6877,0.7221,4497,0
SJ.US,5,20251124,211000,0.728,0.728,0.728,0.728,1300,0
SJ.US,5,20251124,211500,0.728,0.728,0.678,0.728,4300,0
SJ.US,5,20251124,212000,0.703,0.73,0.703,0.73,2603,0
SJ.US,5,20251124,212500,0.73,0.73,0.73,0.73,500,0
SJ.US,5,20251124,213500,0.73,0.75,0.73,0.75,3978,0
SJ.US,5,20251124,215000,0.747,0.747,0.747,0.747,3700,0
SJ.US,5,20251124,215500,0.71,0.7416,0.71,0.71,1264,0
SJ.US,5,20251125,153000,0.729,0.729,0.729,0.729,114,0
SJ.US,5,20251125,154500,0.73,0.73,0.73,0.73,116,0
SJ.US,5,20251125,160000,0.73,0.73,0.72,0.73,347,0
SJ.US,5,20251125,160500,0.73,0.75,0.73,0.75,4506,0
SJ.US,5,20251125,161500,0.71,0.7184,0.71,0.7183,5900,0
SJ.US,5,20251125,163000,0.71,0.7183,0.71,0.7141,2200,0
SJ.US,5,20251125,165500,0.71,0.71,0.71,0.71,1211,0
SJ.US,5,20251125,170000,0.71,0.7139,0.71,0.7139,1272,0
SJ.US,5,20251125,182000,0.7104,0.7104,0.7104,0.7104,150,0
SJ.US,5,20251125,190500,0.7101,0.7101,0.7101,0.7101,1993,0
SJ.US,5,20251125,200500,0.7295,0.7295,0.7295,0.7295,100,0
SJ.US,5,20251125,202500,0.749,0.749,0.7486,0.7486,3644,0
SJ.US,5,20251125,204000,0.7112,0.7112,0.7112,0.7112,200,0
SJ.US,5,20251125,204500,0.71,0.71,0.7074,0.7074,1345,0
SJ.US,5,20251125,210000,0.7,0.7,0.7,0.7,100,0
SJ.US,5,20251125,215500,0.749,0.749,0.749,0.749,1361,0
SJ.US,5,20251126,153000,0.69,0.69,0.69,0.69,4033,0
SJ.US,5,20251126,154500,0.7195,0.7195,0.7195,0.7195,3900,0
SJ.US,5,20251126,155000,0.6901,0.6975,0.69,0.6906,6759,0
SJ.US,5,20251126,162000,0.69,0.69,0.69,0.69,350,0
SJ.US,5,20251126,164500,0.69,0.69,0.6785,0.6785,885,0
SJ.US,5,20251126,165000,0.678,0.678,0.6691,0.6691,400,0
SJ.US,5,20251126,165500,0.6795,0.6795,0.6784,0.6795,500,0
SJ.US,5,20251126,172000,0.6795,0.6795,0.6795,0.6795,189,0
SJ.US,5,20251126,172500,0.69975,0.69975,0.69975,0.69975,655,0
SJ.US,5,20251126,173000,0.679501,0.72,0.679501,0.72,2300,0
SJ.US,5,20251126,180000,0.6798,0.6798,0.6798,0.6798,400,0
SJ.US,5,20251126,212500,0.6801,0.6801,0.6801,0.6801,400,0
SJ.US,5,20251126,215500,0.71,0.71,0.71,0.71,151,0
SJ.US,5,20251128,153000,0.69,0.69,0.69,0.69,275,0
SJ.US,5,20251128,162500,0.707,0.707,0.707,0.707,2500,0
SJ.US,5,20251128,165000,0.707,0.707,0.707,0.707,300,0
SJ.US,5,20251128,165500,0.700001,0.706,0.6846,0.6846,2644,0
SJ.US,5,20251128,185500,0.678,0.678,0.678,0.678,129,0
SJ.US,5,20251201,153000,0.72,0.72,0.650001,0.650001,2275,0
SJ.US,5,20251201,154000,0.6714,0.6714,0.6714,0.6714,750,0
SJ.US,5,20251201,160000,0.6714,0.6714,0.6675,0.6714,5863,0
SJ.US,5,20251201,161000,0.6768,0.6768,0.6768,0.6768,135,0
SJ.US,5,20251201,161500,0.6636,0.6636,0.6636,0.6636,655,0
SJ.US,5,20251201,163500,0.666,0.666,0.666,0.666,1488,0
SJ.US,5,20251201,171500,0.69,0.69,0.69,0.69,100,0
SJ.US,5,20251201,180500,0.6664,0.6664,0.6664,0.6664,500,0
SJ.US,5,20251201,182000,0.666101,0.666101,0.666101,0.666101,200,0
SJ.US,5,20251201,183500,0.666,0.6689,0.666,0.666,4068,0
SJ.US,5,20251201,184500,0.666,0.66609,0.666,0.666,1400,0
SJ.US,5,20251201,185000,0.6661,0.69,0.6661,0.678,4200,0
SJ.US,5,20251201,211000,0.68,0.68,0.6661,0.6661,498,0
SJ.US,5,20251201,212500,0.66768,0.673,0.665,0.665,6307,0
SJ.US,5,20251201,213000,0.6543,0.6543,0.64,0.64,4597,0
SJ.US,5,20251201,213500,0.6401,0.6401,0.6401,0.6401,100,0
SJ.US,5,20251201,214000,0.64,0.64,0.6111,0.6145,4300,0
SJ.US,5,20251201,214500,0.6113,0.6113,0.6113,0.6113,500,0
SJ.US,5,20251201,215000,0.6113,0.6279,0.6112,0.6279,1400,0
SJ.US,5,20251201,215500,0.6279,0.6279,0.6279,0.6279,1000,0
SJ.US,5,20251202,153000,0.63,0.63,0.63,0.63,1032,0
SJ.US,5,20251202,161000,0.63,0.63,0.63,0.63,100,0
SJ.US,5,20251202,163000,0.624,0.63,0.624,0.63,800,0
SJ.US,5,20251202,180500,0.6298,0.63,0.6298,0.63,1000,0
SJ.US,5,20251202,185000,0.613,0.613,0.613,0.613,510,0
SJ.US,5,20251202,205000,0.6299,0.6299,0.6299,0.6299,1632,0
SJ.US,5,20251202,205500,0.6135,0.6135,0.6,0.6108,4498,0
SJ.US,5,20251202,211000,0.6,0.6,0.57,0.5744,4185,0
SJ.US,5,20251202,211500,0.5751,0.5759,0.57,0.57505,2815,0
SJ.US,5,20251202,212000,0.55,0.55655,0.5057,0.55655,4684,0
SJ.US,5,20251202,213000,0.5521,0.5536,0.5001,0.55,4962,0
SJ.US,5,20251203,153000,0.58,0.628,0.58,0.61,2388,0
SJ.US,5,20251203,154000,0.594,0.594,0.594,0.594,220,0
SJ.US,5,20251203,162000,0.61,0.614399,0.61,0.614399,1071,0
SJ.US,5,20251203,164000,0.6005,0.6005,0.6005,0.6005,1842,0
SJ.US,5,20251203,164500,0.6426,0.6487,0.6426,0.648,1366,0
SJ.US,5,20251203,165000,0.624,0.624,0.6199,0.6199,1200,0
SJ.US,5,20251203,170000,0.62,0.62,0.62,0.62,1200,0
SJ.US,5,20251203,171000,0.63,0.63,0.63,0.63,109,0
SJ.US,5,20251203,171500,0.6244,0.6244,0.6244,0.6244,130,0
SJ.US,5,20251203,172500,0.631,0.631,0.631,0.631,900,0
SJ.US,5,20251203,173000,0.62,0.62,0.62,0.62,1183,0
SJ.US,5,20251203,173500,0.62,0.6224,0.62,0.6224,1600,0
SJ.US,5,20251203,183000,0.63,0.63,0.63,0.63,100,0
SJ.US,5,20251203,183500,0.634,0.634,0.634,0.634,500,0
SJ.US,5,20251203,190000,0.62,0.62,0.62,0.62,1703,0
SJ.US,5,20251203,193500,0.6142,0.6142,0.6142,0.6142,1000,0
SJ.US,5,20251203,211500,0.62,0.62,0.62,0.62,100,0
SJ.US,5,20251203,213000,0.61,0.61,0.61,0.61,920,0
SJ.US,5,20251203,215000,0.610001,0.610001,0.610001,0.610001,300,0
SJ.US,5,20251203,215500,0.62,0.62,0.62,0.62,100,0
SJ.US,5,20251204,153000,0.6001,0.6001,0.52,0.55,6333,0
SJ.US,5,20251204,153500,0.55,0.55,0.55,0.55,100,0
SJ.US,5,20251204,154500,0.571509,0.571509,0.571509,0.571509,100,0
SJ.US,5,20251204,155000,0.5797,0.5797,0.5797,0.5797,200,0
SJ.US,5,20251204,162500,0.57,0.57,0.57,0.57,240,0
SJ.US,5,20251204,164500,0.58,0.58,0.58,0.58,242,0
SJ.US,5,20251204,170000,0.601,0.601,0.601,0.601,167,0
SJ.US,5,20251204,172000,0.6,0.6,0.6,0.6,232,0
SJ.US,5,20251204,181500,0.57,0.57,0.53,0.53001,6692,0
SJ.US,5,20251204,182000,0.53,0.53,0.53,0.53,100,0
SJ.US,5,20251204,182500,0.54995,0.54995,0.54995,0.54995,100,0
SJ.US,5,20251204,185000,0.5502,0.5502,0.5502,0.5502,300,0
SJ.US,5,20251204,190500,0.5776,0.5788,0.5776,0.5788,900,0
SJ.US,5,20251204,203500,0.58,0.58,0.5789,0.5789,632,0
SJ.US,5,20251204,214000,0.5797,0.5797,0.5797,0.5797,2000,0
SJ.US,5,20251204,215500,0.5701,0.5701,0.5701,0.5701,100,0
SJ.US,5,20251205,153000,0.5701,0.5701,0.5701,0.5701,890,0
SJ.US,5,20251205,190500,0.5799,0.5799,0.5799,0.5799,1000,0
SJ.US,5,20251205,195000,0.57,0.57,0.57,0.57,100,0
SJ.US,5,20251205,204500,0.5601,0.5601,0.5601,0.5601,2000,0
SJ.US,5,20251205,211500,0.5651,0.5651,0.5651,0.5651,750,0
SJ.US,5,20251205,212500,0.57,0.57,0.57,0.57,600,0
SJ.US,5,20251205,213500,0.57,0.57,0.57,0.57,753,0
SJ.US,5,20251205,214000,0.5602,0.5602,0.5602,0.5602,883,0
SJ.US,5,20251208,153000,0.56,0.56,0.555051,0.555051,600,0
SJ.US,5,20251208,154000,0.5501,0.5501,0.5501,0.5501,100,0
SJ.US,5,20251208,161500,0.5501,0.5501,0.5501,0.5501,100,0
SJ.US,5,20251208,162500,0.56,0.56,0.5551,0.5551,408,0
SJ.US,5,20251208,163000,0.55565,0.55565,0.55565,0.55565,100,0
SJ.US,5,20251208,164000,0.56,0.56,0.5513,0.5513,718,0
SJ.US,5,20251208,172500,0.5501,0.5501,0.5501,0.5501,111,0
SJ.US,5,20251208,180000,0.55505,0.55505,0.55505,0.55505,100,0
SJ.US,5,20251208,180500,0.555,0.55505,0.555,0.55505,300,0
SJ.US,5,20251208,182500,0.555,0.555,0.555,0.555,175,0
SJ.US,5,20251208,184000,0.56,0.56,0.555101,0.55755,3162,0
SJ.US,5,20251208,184500,0.56,0.5602,0.5598,0.5598,5194,0
SJ.US,5,20251208,194500,0.5595,0.5675,0.555,0.555,2857,0
SJ.US,5,20251208,195000,0.5501,0.5502,0.5052,0.5426,4982,0
SJ.US,5,20251208,202500,0.5426,0.5426,0.5426,0.5426,1500,0
SJ.US,5,20251208,204000,0.5052,0.5052,0.5052,0.5052,252,0
SJ.US,5,20251208,214500,0.55,0.55,0.55,0.55,500,0
SJ.US,5,20251209,153000,0.52,0.52,0.52,0.52,279,0
SJ.US,5,20251209,154000,0.5408,0.5408,0.5408,0.5408,200,0
SJ.US,5,20251209,162500,0.525,0.525,0.5046,0.52,14029,0
SJ.US,5,20251209,163000,0.5099,0.5099,0.5099,0.5099,450,0
SJ.US,5,20251209,181000,0.540899,0.540899,0.540899,0.540899,200,0
SJ.US,5,20251209,182500,0.5181,0.5181,0.5181,0.5181,100,0
SJ.US,5,20251209,190500,0.5219,0.5219,0.52,0.52,500,0
SJ.US,5,20251209,191000,0.5409,0.5409,0.5409,0.5409,100,0
SJ.US,5,20251209,202500,0.54,0.5409,0.54,0.5409,3429,0
SJ.US,5,20251209,203000,0.5401,0.5401,0.5401,0.5401,200,0
SJ.US,5,20251209,214500,0.545,0.545,0.545,0.545,100,0
SJ.US,5,20251209,215500,0.545,0.545,0.545,0.545,100,0
SJ.US,5,20251210,155000,0.5407,0.5407,0.5407,0.5407,5208,0
SJ.US,5,20251210,185000,0.5272,0.5272,0.5272,0.5272,500,0
SJ.US,5,20251211,153000,0.57,0.57,0.57,0.57,200,0
SJ.US,5,20251211,154500,0.5657,0.57,0.5657,0.57,2500,0
SJ.US,5,20251211,165000,0.57,0.57,0.5699,0.5699,1291,0
SJ.US,5,20251211,170000,0.57,0.57,0.57,0.57,100,0
SJ.US,5,20251211,181500,0.57,0.57,0.57,0.57,500,0
SJ.US,5,20251211,182000,0.5522,0.5522,0.5522,0.5522,1000,0
SJ.US,5,20251211,183500,0.57,0.57,0.57,0.57,400,0
SJ.US,5,20251211,185500,0.57,0.57,0.57,0.57,120,0
SJ.US,5,20251211,195000,0.57,0.58,0.57,0.58,1025,0
SJ.US,5,20251211,201500,0.5845,0.5845,0.5845,0.5845,952,0
SJ.US,5,20251211,203500,0.5701,0.5999,0.5701,0.5999,1100,0
SJ.US,5,20251211,210500,0.6,0.6,0.5997,0.5997,3576,0
SJ.US,5,20251211,213500,0.585,0.6,0.585,0.6,1026,0
SJ.US,5,20251211,214000,0.57,0.57,0.57,0.57,1006,0
SJ.US,5,20251211,215000,0.579999,0.579999,0.579999,0.579999,100,0
SJ.US,5,20251211,215500,0.59,0.59,0.59,0.59,102,0
SJ.US,5,20251212,153000,0.6,0.6001,0.6,0.6001,3575,0
SJ.US,5,20251212,153500,0.59,0.61,0.59,0.6001,6977,0
SJ.US,5,20251212,154000,0.6001,0.6093,0.591,0.6,4605,0
SJ.US,5,20251212,154500,0.6,0.6,0.59,0.59,300,0
SJ.US,5,20251212,155500,0.59,0.615,0.5801,0.605,3133,0
SJ.US,5,20251212,160000,0.595,0.595,0.595,0.595,100,0
SJ.US,5,20251212,162000,0.5854,0.5854,0.5854,0.5854,500,0
SJ.US,5,20251212,162500,0.5851,0.5851,0.5851,0.5851,300,0
SJ.US,5,20251212,170000,0.5801,0.5801,0.5801,0.5801,500,0
SJ.US,5,20251212,172000,0.58,0.58,0.58,0.58,100,0
SJ.US,5,20251212,174000,0.599999,0.599999,0.599999,0.599999,200,0
SJ.US,5,20251212,175000,0.5804,0.5804,0.5804,0.5804,500,0
SJ.US,5,20251212,175500,0.58,0.58,0.58,0.58,100,0
SJ.US,5,20251212,180000,0.601123,0.601123,0.601123,0.601123,200,0
SJ.US,5,20251212,182000,0.5864,0.5864,0.5864,0.5864,500,0
SJ.US,5,20251212,182500,0.578,0.578,0.578,0.578,100,0
SJ.US,5,20251212,192500,0.578,0.578,0.578,0.578,238,0
SJ.US,5,20251212,193500,0.578,0.578,0.578,0.578,138,0
SJ.US,5,20251212,200500,0.6099,0.6099,0.6099,0.6099,515,0
SJ.US,5,20251212,201500,0.578,0.578,0.578,0.578,499,0
SJ.US,5,20251212,202000,0.578,0.578,0.578,0.578,275,0
SJ.US,5,20251212,204000,0.55,0.55,0.55,0.55,700,0
SJ.US,5,20251212,210000,0.58,0.58,0.58,0.58,100,0
SJ.US,5,20251212,211500,0.58,0.58,0.58,0.58,1000,0
SJ.US,5,20251212,212000,0.55,0.55,0.55,0.55,223,0
SJ.US,5,20251212,215500,0.58,0.58,0.58,0.58,289,0
SJ.US,5,20251215,154500,0.58,0.58,0.55,0.55,8092,0
SJ.US,5,20251215,155500,0.5506,0.5506,0.5506,0.5506,500,0
SJ.US,5,20251215,162000,0.575,0.575,0.575,0.575,300,0
SJ.US,5,20251215,171500,0.551,0.5544,0.551,0.551,985,0
SJ.US,5,20251215,172000,0.5501,0.575,0.5501,0.575,500,0
SJ.US,5,20251215,175500,0.56,0.56,0.56,0.56,1479,0
SJ.US,5,20251215,183500,0.55,0.55,0.55,0.55,100,0
SJ.US,5,20251215,184500,0.551,0.551,0.551,0.551,484,0
SJ.US,5,20251215,192000,0.551,0.551,0.551,0.551,200,0
SJ.US,5,20251215,195500,0.57,0.57,0.57,0.57,3610,0
SJ.US,5,20251215,200000,0.52,0.5475,0.52,0.5475,2102,0
SJ.US,5,20251215,215000,0.5455,0.5744,0.5455,0.567992,2420,0
SJ.US,5,20251215,215500,0.56372,0.5744,0.56372,0.5744,2500,0
SJ.US,5,20251216,182500,0.557,0.558,0.557,0.558,1370,0
SJ.US,5,20251216,184000,0.55,0.55,0.55,0.55,3500,0
SJ.US,5,20251216,211000,0.550001,0.550001,0.550001,0.550001,500,0
SJ.US,5,20251216,215000,0.554,0.558,0.554,0.558,1138,0
SJ.US,5,20251216,215500,0.558,0.57,0.5525,0.565,5667,0
SJ.US,5,20251217,153500,0.564,0.564,0.564,0.564,1818,0
SJ.US,5,20251217,154000,0.578,0.578,0.578,0.578,250,0
SJ.US,5,20251217,155000,0.57,0.57,0.57,0.57,2500,0
SJ.US,5,20251217,160500,0.578,0.578,0.578,0.578,2000,0
SJ.US,5,20251217,161500,0.5719,0.5719,0.5719,0.5719,100,0
SJ.US,5,20251217,162000,0.573449,0.573449,0.573449,0.573449,3500,0
SJ.US,5,20251217,164500,0.577,0.585,0.5734,0.58,714,0
SJ.US,5,20251217,165500,0.5818,0.5818,0.5818,0.5818,500,0
SJ.US,5,20251217,172500,0.5931,0.5959,0.5818,0.5818,1500,0
SJ.US,5,20251217,184000,0.5865,0.5865,0.5865,0.5865,500,0
SJ.US,5,20251217,185500,0.585101,0.585101,0.585101,0.585101,500,0
SJ.US,5,20251217,193000,0.585,0.585,0.585,0.585,100,0
SJ.US,5,20251217,212000,0.5975,0.61,0.5975,0.609,3500,0
SJ.US,5,20251217,212500,0.61,0.61,0.609,0.61,3500,0
SJ.US,5,20251217,214000,0.6065,0.61,0.5975,0.5975,11118,0
SJ.US,5,20251217,214500,0.613,0.628,0.6025,0.628,1850,0
SJ.US,5,20251217,215500,0.5877,0.5877,0.5875,0.5875,200,0
SJ.US,5,20251218,153000,0.59,0.59,0.550001,0.550001,2155,0
SJ.US,5,20251218,162000,0.57025,0.57025,0.57025,0.57025,100,0
SJ.US,5,20251218,163500,0.5703,0.5703,0.5703,0.5703,100,0
SJ.US,5,20251218,180000,0.5806,0.5806,0.5712,0.571303,2418,0
SJ.US,5,20251218,180500,0.5715,0.5715,0.5712,0.5712,1519,0
SJ.US,5,20251218,181000,0.5715,0.572,0.5715,0.572,380,0
SJ.US,5,20251218,182500,0.5712,0.5712,0.5712,0.5712,100,0
SJ.US,5,20251218,183500,0.5713,0.5713,0.5713,0.5713,1000,0
SJ.US,5,20251218,184000,0.5712,0.5712,0.5712,0.5712,100,0
SJ.US,5,20251218,185500,0.5712,0.5712,0.5712,0.5712,100,0
SJ.US,5,20251218,191500,0.5712,0.5712,0.5712,0.5712,100,0
SJ.US,5,20251218,193000,0.5712,0.5712,0.5712,0.5712,100,0
SJ.US,5,20251218,194500,0.59,0.59,0.59,0.59,500,0
SJ.US,5,20251218,195000,0.5712,0.5712,0.5712,0.5712,100,0
SJ.US,5,20251218,202000,0.5806,0.5806,0.5806,0.5806,100,0
SJ.US,5,20251218,202500,0.5712,0.5806,0.5712,0.5806,1800,0
SJ.US,5,20251218,203000,0.5863,0.5877,0.5806,0.5806,1700,0
SJ.US,5,20251218,203500,0.59,0.59,0.5806,0.5806,1400,0
SJ.US,5,20251218,204000,0.59,0.599,0.59,0.5906,2866,0
SJ.US,5,20251218,204500,0.609,0.609,0.609,0.609,200,0
SJ.US,5,20251218,205500,0.609,0.61,0.609,0.61,399,0
SJ.US,5,20251218,210000,0.609,0.61,0.609,0.61,400,0
SJ.US,5,20251218,210500,0.609,0.61,0.609,0.609,1890,0
SJ.US,5,20251218,211000,0.61,0.61,0.609,0.609,500,0
SJ.US,5,20251218,211500,0.61,0.61,0.61,0.61,282,0
SJ.US,5,20251218,212000,0.61,0.61,0.595,0.595,336,0
SJ.US,5,20251218,213000,0.61,0.61,0.61,0.61,1262,0
SJ.US,5,20251218,213500,0.5832,0.5832,0.5832,0.5832,100,0
SJ.US,5,20251218,214000,0.5815,0.5815,0.5815,0.5815,100,0
SJ.US,5,20251218,214500,0.607,0.65,0.595,0.65,10598,0
SJ.US,5,20251218,215000,0.65,0.6641,0.6205,0.6205,1200,0
SJ.US,5,20251218,215500,0.657,0.657,0.581,0.6195,1762,0
SJ.US,5,20251219,154000,0.6288,0.6288,0.6288,0.6288,140,0
SJ.US,5,20251219,161000,0.586,0.586,0.586,0.586,100,0
SJ.US,5,20251219,161500,0.607282,0.607282,0.607282,0.607282,1000,0
SJ.US,5,20251219,162500,0.593678,0.593678,0.5861,0.5861,600,0
SJ.US,5,20251219,164000,0.61,0.61,0.61,0.61,120,0
SJ.US,5,20251219,174500,0.6169,0.6169,0.6169,0.6169,264,0
SJ.US,5,20251219,181000,0.611,0.611,0.611,0.611,2000,0
SJ.US,5,20251219,183500,0.6305,0.641,0.6305,0.641,1000,0
SJ.US,5,20251219,184000,0.611,0.611,0.611,0.611,200,0
SJ.US,5,20251219,185500,0.628849,0.628849,0.628849,0.628849,200,0
SJ.US,5,20251219,191500,0.58,0.58,0.58,0.58,1000,0
SJ.US,5,20251219,193500,0.59,0.59,0.59,0.59,100,0
SJ.US,5,20251219,195000,0.58,0.58,0.58,0.58,185,0
SJ.US,5,20251219,201000,0.6106,0.6106,0.6106,0.6106,600,0
SJ.US,5,20251219,201500,0.6539,0.6539,0.6539,0.6539,100,0
SJ.US,5,20251219,203500,0.6226,0.6226,0.6226,0.6226,4000,0
SJ.US,5,20251219,204000,0.5974,0.5974,0.5974,0.5974,100,0
SJ.US,5,20251219,204500,0.607926,0.607926,0.607926,0.607926,150,0
SJ.US,5,20251219,210500,0.5968,0.5968,0.5968,0.5968,100,0
SJ.US,5,20251219,212500,0.6386,0.6386,0.6386,0.6386,1000,0
SJ.US,5,20251219,213500,0.6165,0.6165,0.6165,0.6165,400,0
SJ.US,5,20251219,214000,0.63026,0.638,0.6165,0.633,3000,0
SJ.US,5,20251219,214500,0.6165,0.638,0.6165,0.6341,5000,0
SJ.US,5,20251219,215000,0.5979,0.6294,0.5968,0.6294,600,0
SJ.US,5,20251219,215500,0.6136,0.6136,0.6136,0.6136,100,0
SJ.US,5,20251222,153000,0.63,0.63,0.63,0.63,225,0
SJ.US,5,20251222,155500,0.62,0.62,0.62,0.62,996,0
SJ.US,5,20251222,164000,0.63,0.63,0.63,0.63,100,0
SJ.US,5,20251222,172000,0.63,0.6353,0.63,0.6353,800,0
SJ.US,5,20251222,173000,0.6682,0.6777,0.6682,0.6777,600,0
SJ.US,5,20251222,173500,0.6488,0.678,0.6433,0.678,2705,0
SJ.US,5,20251222,174000,0.6305,0.6515,0.625,0.625,19900,0
SJ.US,5,20251222,175000,0.6688,0.6688,0.6688,0.6688,2000,0
SJ.US,5,20251222,180500,0.6356,0.6515,0.625,0.626,5940,0
SJ.US,5,20251222,181500,0.625,0.625,0.625,0.625,100,0
SJ.US,5,20251222,184500,0.629662,0.6327,0.629662,0.6327,1200,0
SJ.US,5,20251222,185000,0.625,0.625,0.625,0.625,290,0
SJ.US,5,20251222,191000,0.625,0.625,0.625,0.625,100,0
SJ.US,5,20251222,192000,0.64,0.64,0.625,0.625,2233,0
SJ.US,5,20251222,193500,0.625,0.625,0.625,0.625,900,0
SJ.US,5,20251222,194000,0.625,0.625,0.625,0.625,500,0
SJ.US,5,20251222,194500,0.6218,0.64,0.6218,0.639,18296,0
SJ.US,5,20251222,203000,0.6136,0.6136,0.6136,0.6136,100,0
SJ.US,5,20251222,205000,0.6136,0.6136,0.6136,0.6136,100,0
SJ.US,5,20251222,211000,0.6136,0.6136,0.6136,0.6136,100,0
SJ.US,5,20251222,212500,0.625,0.625,0.625,0.625,500,0
SJ.US,5,20251222,213000,0.625,0.625,0.625,0.625,500,0
SJ.US,5,20251222,213500,0.625,0.625,0.625,0.625,500,0
SJ.US,5,20251222,214500,0.61,0.61,0.61,0.61,100,0
SJ.US,5,20251222,215000,0.61,0.639,0.61,0.61,700,0
SJ.US,5,20251222,215500,0.6101,0.6101,0.6101,0.6101,100,0
