<TICKER>,<PER>,<DATE>,<TIME>,<OPEN>,<HIGH>,<LOW>,<CLOSE>,<VOL>,<OPENINT>
SORA.US,5,20250728,153000,6.6,6.61,6.6,6.61,228,0
SORA.US,5,20250728,165500,6.75,6.8,6.75,6.8,1599,0
SORA.US,5,20250728,171500,6.8,6.8,6.8,6.8,100,0
SORA.US,5,20250728,174500,6.6832,6.6832,6.6832,6.6832,470,0
SORA.US,5,20250728,175500,6.62,6.62,6.61,6.61,1203,0
SORA.US,5,20250728,180000,6.6097,6.6097,6.6,6.6,200,0
SORA.US,5,20250728,182000,6.65,6.65,6.65,6.65,490,0
SORA.US,5,20250728,185500,6.635,6.635,6.535,6.535,1472,0
SORA.US,5,20250728,191500,6.55,6.55,6.54,6.55,600,0
SORA.US,5,20250728,192500,6.46,6.46,6.45,6.45,500,0
SORA.US,5,20250728,193000,6.4004,6.4004,6.4004,6.4004,1590,0
SORA.US,5,20250728,193500,6.45,6.49,6.45,6.49,200,0
SORA.US,5,20250728,194000,6.499,6.499,6.499,6.499,150,0
SORA.US,5,20250728,194500,6.5,6.5,6.5,6.5,100,0
SORA.US,5,20250728,202000,6.5,6.5,6.5,6.5,800,0
SORA.US,5,20250728,204500,6.4731,6.4731,6.452,6.46,400,0
SORA.US,5,20250728,211000,6.45,6.45,6.45,6.45,100,0
SORA.US,5,20250728,215000,6.4585,6.4585,6.4585,6.4585,200,0
SORA.US,5,20250728,215500,6.4528,6.4528,6.45,6.45,200,0
SORA.US,5,20250729,155500,6.4327,6.4327,6.4327,6.4327,237,0
SORA.US,5,20250729,162500,6.33,6.4252,6.3205,6.4252,680,0
SORA.US,5,20250729,164000,6.38,6.38,6.38,6.38,700,0
SORA.US,5,20250729,165500,6.33,6.33,6.32,6.32,737,0
SORA.US,5,20250729,170000,6.32,6.42,6.27,6.27,3939,0
SORA.US,5,20250729,170500,6.185,6.185,6.1583,6.1583,300,0
SORA.US,5,20250729,171000,6.16,6.16,6.16,6.16,322,0
SORA.US,5,20250729,173500,6.2,6.2,6.2,6.2,100,0
SORA.US,5,20250729,174500,6.21,6.21,6.21,6.21,190,0
SORA.US,5,20250729,181000,6.2,6.2,6.1201,6.1201,400,0
SORA.US,5,20250729,181500,6.18,6.18,6.18,6.18,100,0
SORA.US,5,20250729,182000,6.13,6.13,6.1,6.1,2883,0
SORA.US,5,20250729,182500,6.11,6.1438,5.8,5.93,16459,0
SORA.US,5,20250729,184000,6.1966,6.1966,6.1966,6.1966,160,0
SORA.US,5,20250729,184500,6.1,6.1,6.1,6.1,500,0
SORA.US,5,20250729,185000,6.0732,6.125,5.8225,5.8225,5250,0
SORA.US,5,20250729,190000,5.95,5.95,5.95,5.95,500,0
SORA.US,5,20250729,192000,5.9,5.9,5.9,5.9,100,0
SORA.US,5,20250729,195500,6.155,6.155,6.155,6.155,100,0
SORA.US,5,20250729,200000,5.91,5.91,5.91,5.91,200,0
SORA.US,5,20250729,201500,6.18,6.18,6.18,6.18,100,0
SORA.US,5,20250729,202000,6.12,6.12,6.12,6.12,102,0
SORA.US,5,20250729,202500,6.35,6.35,6.025,6.025,820,0
SORA.US,5,20250729,203000,6.045,6.086,5.8,6.05,600,0
SORA.US,5,20250729,214000,6.14,6.14,6.14,6.14,200,0
SORA.US,5,20250729,214500,6.13,6.13,6.13,6.13,382,0
SORA.US,5,20250729,215500,6.16,6.39,6.1,6.275,570,0
SORA.US,5,20250730,153000,6.78,6.78,5.935,5.935,5767,0
SORA.US,5,20250730,153500,5.92,6.04,5.92,6.04,200,0
SORA.US,5,20250730,154500,6.3764,6.3764,6.3764,6.3764,200,0
SORA.US,5,20250730,155000,6.1,6.1,6.05,6.05,1302,0
SORA.US,5,20250730,155500,6.04,6.04,6,6,400,0
SORA.US,5,20250730,162000,6.06,6.06,6.06,6.06,100,0
SORA.US,5,20250730,163000,6.3617,6.3617,6.3617,6.3617,100,0
SORA.US,5,20250730,170000,6.09,6.09,6.01,6.01,800,0
SORA.US,5,20250730,172000,6.05,6.05,6.05,6.05,500,0
SORA.US,5,20250730,172500,6.02,6.03,6.02,6.03,200,0
SORA.US,5,20250730,173000,6.04,6.04,6.04,6.04,200,0
SORA.US,5,20250730,173500,6.05,6.1836,5.8,5.85,3797,0
SORA.US,5,20250730,174000,5.8,5.8,5.7,5.7,600,0
SORA.US,5,20250730,174500,5.77,5.77,5.77,5.77,100,0
SORA.US,5,20250730,175500,5.8,5.8,5.8,5.8,200,0
SORA.US,5,20250730,180000,5.77,5.77,5.77,5.77,100,0
SORA.US,5,20250730,181000,6.34,6.34,5.81,5.81,300,0
SORA.US,5,20250730,190000,5.85,5.87,5.75,5.81,7075,0
SORA.US,5,20250730,190500,5.78,5.83,5.78,5.83,700,0
SORA.US,5,20250730,191000,5.85,6.09,5.85,5.9,2200,0
SORA.US,5,20250730,191500,5.9,5.9,5.81,5.81,1403,0
SORA.US,5,20250730,192000,5.82,5.84,5.82,5.84,200,0
SORA.US,5,20250730,192500,5.81,5.81,5.81,5.81,100,0
SORA.US,5,20250730,193500,5.81,5.81,5.76,5.76,688,0
SORA.US,5,20250730,194000,5.765,6.0165,5.76,6.0165,400,0
SORA.US,5,20250730,201000,6.06,6.06,6.06,6.06,200,0
SORA.US,5,20250730,201500,6.06,6.06,5.8482,5.8482,220,0
SORA.US,5,20250730,202000,5.84,5.84,5.84,5.84,100,0
SORA.US,5,20250730,202500,5.9501,5.9501,5.9501,5.9501,700,0
SORA.US,5,20250730,203000,5.86,5.86,5.86,5.86,200,0
SORA.US,5,20250730,203500,5.84,5.84,5.84,5.84,100,0
SORA.US,5,20250730,211000,6.085,6.085,5.87,5.87,1299,0
SORA.US,5,20250730,211500,5.87,5.975,5.87,5.975,200,0
SORA.US,5,20250730,215500,5.91,5.92,5.86,5.92,2093,0
SORA.US,5,20250731,153000,5.75,5.75,5.68,5.68,3832,0
SORA.US,5,20250731,153500,5.6,5.6,5.5124,5.5124,1584,0
SORA.US,5,20250731,154000,5.62,5.9,5.62,5.9,2900,0
SORA.US,5,20250731,171500,5.78,5.78,5.78,5.78,100,0
SORA.US,5,20250731,180500,5.78,5.78,5.78,5.78,1000,0
SORA.US,5,20250731,181000,5.65,5.651,5.59,5.59,2766,0
SORA.US,5,20250731,182500,5.61,5.61,5.5501,5.5501,2100,0
SORA.US,5,20250731,184000,5.625,5.625,5.55,5.55,234,0
SORA.US,5,20250731,185000,5.55,5.7,5.55,5.7,1953,0
SORA.US,5,20250731,202000,5.55,5.55,5.55,5.55,477,0
SORA.US,5,20250731,203000,5.56,5.56,5.56,5.56,341,0
SORA.US,5,20250731,210000,5.6035,5.6035,5.6035,5.6035,200,0
SORA.US,5,20250731,211000,5.6,5.6,5.6,5.6,100,0
SORA.US,5,20250801,155000,5.18,5.18,5.18,5.18,545,0
SORA.US,5,20250801,155500,5.06,5.06,4.56,4.56,4031,0
SORA.US,5,20250801,160000,5.1018,5.1018,5.1018,5.1018,200,0
SORA.US,5,20250801,160500,4.87,4.87,4.87,4.87,100,0
SORA.US,5,20250801,161000,4.8558,4.925,4.84,4.925,3995,0
SORA.US,5,20250801,162000,4.94,4.94,4.801,4.801,471,0
SORA.US,5,20250801,162500,5.08,5.08,5.08,5.08,100,0
SORA.US,5,20250801,163500,5.01,5.01,5.01,5.01,105,0
SORA.US,5,20250801,164500,5.01,5.08,4.76,5.08,1342,0
SORA.US,5,20250801,165500,4.76,4.76,4.76,4.76,2140,0
SORA.US,5,20250801,170000,4.87,4.87,4.87,4.87,1500,0
SORA.US,5,20250801,171000,4.83,4.83,4.83,4.83,100,0
SORA.US,5,20250801,171500,4.89,4.96,4.89,4.95,700,0
SORA.US,5,20250801,172000,4.9593,4.96,4.9593,4.96,400,0
SORA.US,5,20250801,172500,5.0299,5.03,5.0299,5.03,1100,0
SORA.US,5,20250801,173000,5.02,5.03,5.02,5.03,200,0
SORA.US,5,20250801,180000,5.03,5.04,5.03,5.04,693,0
SORA.US,5,20250801,180500,5.09,5.09,5.09,5.09,100,0
SORA.US,5,20250801,182000,5.09,5.09,5.09,5.09,300,0
SORA.US,5,20250801,182500,5.09,5.09,5.09,5.09,898,0
SORA.US,5,20250801,185500,5.09,5.1,5.09,5.1,1500,0
SORA.US,5,20250801,191000,5.05,5.1,5.05,5.1,914,0
SORA.US,5,20250801,195500,5,5.04,4.93,4.93,786,0
SORA.US,5,20250801,201500,4.91,4.91,4.9,4.9,947,0
SORA.US,5,20250801,202000,4.885,4.885,4.885,4.885,300,0
SORA.US,5,20250801,202500,4.98,4.98,4.98,4.98,100,0
SORA.US,5,20250801,203000,4.99,4.99,4.99,4.99,200,0
SORA.US,5,20250801,210000,4.8429,4.8429,4.8429,4.8429,1000,0
SORA.US,5,20250801,212500,4.9762,4.9762,4.93,4.93,668,0
SORA.US,5,20250801,213000,4.9,4.9,4.9,4.9,129,0
SORA.US,5,20250804,153000,4.7618,4.7618,4.7618,4.7618,100,0
SORA.US,5,20250804,154500,4.76,4.76,4.64,4.65,7803,0
SORA.US,5,20250804,155000,4.815,4.9362,4.815,4.9362,1009,0
SORA.US,5,20250804,155500,4.8,4.8,4.8,4.8,1000,0
SORA.US,5,20250804,162000,4.8,4.8,4.8,4.8,148,0
SORA.US,5,20250804,162500,4.8,4.8,4.8,4.8,1250,0
SORA.US,5,20250804,165000,4.76,4.84,4.76,4.84,1068,0
SORA.US,5,20250804,165500,4.68,4.68,4.62,4.62,4474,0
SORA.US,5,20250804,170000,4.56,4.56,4.56,4.56,100,0
SORA.US,5,20250804,170500,4.57,4.6,4.57,4.5768,909,0
SORA.US,5,20250804,171000,4.575,4.575,4.575,4.575,187,0
SORA.US,5,20250804,171500,4.58,4.58,4.58,4.58,133,0
SORA.US,5,20250804,172000,4.6196,4.62,4.6141,4.62,5838,0
SORA.US,5,20250804,172500,4.65,4.67,4.625,4.67,2156,0
SORA.US,5,20250804,173000,4.67,4.67,4.66,4.66,400,0
SORA.US,5,20250804,174000,4.66,4.66,4.66,4.66,100,0
SORA.US,5,20250804,180000,4.67,4.67,4.67,4.67,1890,0
SORA.US,5,20250804,181000,4.725,4.725,4.725,4.725,100,0
SORA.US,5,20250804,181500,4.7675,4.7675,4.7675,4.7675,100,0
SORA.US,5,20250804,183000,4.8301,4.8301,4.8301,4.8301,206,0
SORA.US,5,20250804,183500,4.725,4.725,4.725,4.725,100,0
SORA.US,5,20250804,192500,4.79,4.8,4.7,4.7,3400,0
SORA.US,5,20250804,193500,4.7,4.7,4.7,4.7,100,0
SORA.US,5,20250804,194000,4.8,4.8,4.8,4.8,383,0
SORA.US,5,20250804,195500,4.72,4.72,4.72,4.72,100,0
SORA.US,5,20250804,201000,4.84,4.84,4.84,4.84,400,0
SORA.US,5,20250804,210500,4.8,4.8,4.8,4.8,100,0
SORA.US,5,20250804,211500,4.83,4.83,4.81,4.81,200,0
SORA.US,5,20250804,215000,4.85,4.85,4.725,4.725,508,0
SORA.US,5,20250805,154000,4.756,4.756,4.756,4.756,110,0
SORA.US,5,20250805,161000,4.885,4.885,4.885,4.885,100,0
SORA.US,5,20250805,163000,4.8,4.8,4.8,4.8,130,0
SORA.US,5,20250805,164000,4.85,4.85,4.76,4.76,1078,0
SORA.US,5,20250805,170000,4.8355,4.8355,4.7,4.7,200,0
SORA.US,5,20250805,173000,4.7,4.7,4.7,4.7,670,0
SORA.US,5,20250805,173500,4.5728,4.5728,4.5728,4.5728,900,0
SORA.US,5,20250805,174000,4.5751,4.69,4.57,4.69,1575,0
SORA.US,5,20250805,174500,4.68,4.68,4.52,4.52,300,0
SORA.US,5,20250805,175000,4.685,4.685,4.5201,4.5201,800,0
SORA.US,5,20250805,181000,4.5202,4.53,4.5202,4.521,1000,0
SORA.US,5,20250805,182000,4.52,4.52,4.52,4.52,219,0
SORA.US,5,20250805,182500,4.7798,4.7798,4.7798,4.7798,208,0
SORA.US,5,20250805,184500,4.53,4.534,4.53,4.534,400,0
SORA.US,5,20250805,192500,4.66,4.66,4.66,4.66,100,0
SORA.US,5,20250805,202500,4.78,4.78,4.78,4.78,100,0
SORA.US,5,20250805,210500,4.5604,4.5604,4.5604,4.5604,917,0
SORA.US,5,20250805,211000,4.6457,4.6457,4.55,4.64,1057,0
SORA.US,5,20250805,212000,4.84,4.84,4.84,4.84,100,0
SORA.US,5,20250806,153000,4.69,4.69,4.69,4.69,209,0
SORA.US,5,20250806,153500,4.82,5.01,4.82,5.01,200,0
SORA.US,5,20250806,155000,4.85,4.85,4.85,4.85,866,0
SORA.US,5,20250806,155500,4.77,4.77,4.77,4.77,200,0
SORA.US,5,20250806,160500,4.7,4.87,4.57,4.87,3100,0
SORA.US,5,20250806,161500,4.62,4.7,4.61,4.7,10139,0
SORA.US,5,20250806,162000,4.62,4.62,4.62,4.62,100,0
SORA.US,5,20250806,164000,4.66,4.66,4.66,4.66,100,0
SORA.US,5,20250806,164500,4.7,4.7,4.69,4.69,200,0
SORA.US,5,20250806,170500,4.775,4.775,4.66,4.77,600,0
SORA.US,5,20250806,171000,4.717,4.717,4.717,4.717,100,0
SORA.US,5,20250806,171500,4.7201,4.7201,4.7201,4.7201,100,0
SORA.US,5,20250806,172000,4.7216,4.7216,4.7216,4.7216,200,0
SORA.US,5,20250806,174500,4.73,4.73,4.73,4.73,280,0
SORA.US,5,20250806,175500,4.75,4.89,4.75,4.89,11186,0
SORA.US,5,20250806,180500,4.81,4.8455,4.738,4.738,600,0
SORA.US,5,20250806,183000,4.89,5,4.89,5,1606,0
SORA.US,5,20250806,184000,4.79,4.79,4.79,4.79,250,0
SORA.US,5,20250806,184500,4.89,5,4.89,5,300,0
SORA.US,5,20250806,185000,4.89,4.89,4.89,4.89,100,0
SORA.US,5,20250806,190000,4.885,4.885,4.885,4.885,100,0
SORA.US,5,20250806,191000,4.865,4.865,4.865,4.865,100,0
SORA.US,5,20250806,192000,4.9419,4.9419,4.9419,4.9419,300,0
SORA.US,5,20250806,192500,4.865,4.865,4.865,4.865,100,0
SORA.US,5,20250806,193500,4.95,4.95,4.95,4.95,211,0
SORA.US,5,20250806,194500,4.91,4.91,4.91,4.91,100,0
SORA.US,5,20250806,200500,4.935,4.935,4.935,4.935,143,0
SORA.US,5,20250806,201500,4.97,4.97,4.97,4.97,100,0
SORA.US,5,20250806,202500,4.935,4.935,4.935,4.935,100,0
SORA.US,5,20250806,204500,4.91,4.91,4.91,4.91,190,0
SORA.US,5,20250806,211000,4.88,4.88,4.88,4.88,100,0
SORA.US,5,20250806,212500,4.86,4.86,4.86,4.86,300,0
SORA.US,5,20250806,214500,4.86,4.86,4.86,4.86,300,0
SORA.US,5,20250806,215000,4.86,4.86,4.86,4.86,200,0
SORA.US,5,20250806,215500,4.86,4.87,4.86,4.86,449,0
SORA.US,5,20250807,153000,4.64,4.85,4.6,4.85,2248,0
SORA.US,5,20250807,153500,4.85,4.92,4.85,4.92,3045,0
SORA.US,5,20250807,154000,4.8,4.8,4.8,4.8,589,0
SORA.US,5,20250807,154500,4.98,4.99,4.8148,4.83,4040,0
SORA.US,5,20250807,155500,4.83,4.83,4.83,4.83,1245,0
SORA.US,5,20250807,160000,4.7303,4.7303,4.7303,4.7303,200,0
SORA.US,5,20250807,162000,4.63,4.63,4.6,4.63,449,0
SORA.US,5,20250807,162500,4.605,4.605,4.605,4.605,100,0
SORA.US,5,20250807,165000,4.51,4.5551,4.46,4.5551,5558,0
SORA.US,5,20250807,165500,4.38,4.39,4.37,4.37,800,0
SORA.US,5,20250807,172500,4.44,4.44,4.07,4.18,2668,0
SORA.US,5,20250807,173000,4.165,4.2,4.165,4.19,1158,0
SORA.US,5,20250807,174000,4.3819,4.3819,4.14,4.1428,1762,0
SORA.US,5,20250807,174500,4.2175,4.2175,4,4,4042,0
SORA.US,5,20250807,175000,4.1,4.1,4.085,4.085,550,0
SORA.US,5,20250807,175500,4.15,4.15,3.97,3.97,7636,0
SORA.US,5,20250807,180500,3.907,3.9725,3.8701,3.8701,2139,0
SORA.US,5,20250807,181000,3.89,3.89,3.8001,3.8001,1930,0
SORA.US,5,20250807,182000,4.01,4.01,4.01,4.01,200,0
SORA.US,5,20250807,182500,3.9,3.9,3.685,3.69,20476,0
SORA.US,5,20250807,183000,3.66,3.67,3.19,3.19,6158,0
SORA.US,5,20250807,183500,3.52,3.52,3.5189,3.5189,2700,0
SORA.US,5,20250807,190000,3.46,3.5078,3.46,3.5078,200,0
SORA.US,5,20250807,190500,3.465,3.465,3.455,3.455,700,0
SORA.US,5,20250807,191000,3.5,3.52,3.5,3.52,2874,0
SORA.US,5,20250807,191500,3.52,3.52,3.49,3.52,986,0
SORA.US,5,20250807,192500,3.45,3.45,3.45,3.45,100,0
SORA.US,5,20250807,193000,3.41,3.56,3.41,3.56,1759,0
SORA.US,5,20250807,194000,3.6,3.6,3.545,3.5999,2393,0
SORA.US,5,20250807,195000,3.5081,3.5081,3.5081,3.5081,200,0
SORA.US,5,20250807,195500,3.5,3.5,3.5,3.5,100,0
SORA.US,5,20250807,200000,3.55,3.6,3.55,3.6,755,0
SORA.US,5,20250807,200500,3.6,3.6,3.6,3.6,130,0
SORA.US,5,20250807,201500,3.51,3.51,3.51,3.51,100,0
SORA.US,5,20250807,203000,3.6,3.6,3.5911,3.5911,1190,0
SORA.US,5,20250807,205000,3.55,3.5894,3.55,3.5894,300,0
SORA.US,5,20250807,205500,3.51,3.51,3.5,3.5,300,0
SORA.US,5,20250807,210000,3.5,3.5,3.4896,3.4896,2137,0
SORA.US,5,20250807,213000,3.48,3.49,3.48,3.49,200,0
SORA.US,5,20250807,214000,3.52,3.52,3.52,3.52,200,0
SORA.US,5,20250807,215500,3.515,3.57,3.45,3.57,5569,0
SORA.US,5,20250808,153000,3.61,3.78,3.61,3.78,2360,0
SORA.US,5,20250808,153500,3.645,3.8833,3.57,3.8833,3546,0
SORA.US,5,20250808,154000,3.8816,3.8816,3.8816,3.8816,100,0
SORA.US,5,20250808,155500,3.816,3.816,3.816,3.816,400,0
SORA.US,5,20250808,161000,3.75,3.75,3.75,3.75,100,0
SORA.US,5,20250808,161500,3.79,3.79,3.79,3.79,300,0
SORA.US,5,20250808,162000,3.79,3.79,3.79,3.79,100,0
SORA.US,5,20250808,162500,3.8,3.8,3.8,3.8,1000,0
SORA.US,5,20250808,163000,3.835,3.835,3.835,3.835,300,0
SORA.US,5,20250808,171000,3.8938,3.8938,3.8938,3.8938,300,0
SORA.US,5,20250808,173000,3.84,3.88,3.84,3.88,350,0
SORA.US,5,20250808,174500,3.7903,3.89,3.7903,3.89,1197,0
SORA.US,5,20250808,175500,3.84,3.84,3.8,3.8,600,0
SORA.US,5,20250808,180000,3.77,3.78,3.7049,3.7049,2700,0
SORA.US,5,20250808,181000,3.7003,3.7003,3.7,3.7,700,0
SORA.US,5,20250808,185500,3.74,3.78,3.74,3.78,900,0
SORA.US,5,20250808,190000,3.77,3.77,3.77,3.77,825,0
SORA.US,5,20250808,190500,3.735,3.82,3.735,3.79,2363,0
SORA.US,5,20250808,192500,3.89,3.89,3.89,3.89,1700,0
SORA.US,5,20250808,193000,3.7177,3.7177,3.7177,3.7177,146,0
SORA.US,5,20250808,194000,3.795,3.795,3.795,3.795,1544,0
SORA.US,5,20250808,194500,3.7101,3.7156,3.7101,3.7156,2500,0
SORA.US,5,20250808,202500,3.775,3.775,3.775,3.775,100,0
SORA.US,5,20250808,210500,3.78,3.83,3.78,3.82,2977,0
SORA.US,5,20250808,211000,3.8799,3.8799,3.845,3.845,1200,0
SORA.US,5,20250808,211500,3.795,3.795,3.795,3.795,300,0
SORA.US,5,20250808,212500,3.79,4.09,3.79,4.0367,2491,0
SORA.US,5,20250808,213000,4.03,4.1841,4.03,4.1841,477,0
SORA.US,5,20250808,213500,4.11,4.11,4.11,4.11,100,0
SORA.US,5,20250808,214000,4.0917,4.0917,4.0917,4.0917,850,0
SORA.US,5,20250808,214500,4.19,4.19,4.19,4.19,200,0
SORA.US,5,20250808,215500,3.98,3.98,3.8001,3.95,2328,0
SORA.US,5,20250811,153000,4.06,4.06,4.06,4.06,147,0
SORA.US,5,20250811,160500,4.2634,4.2634,4.21,4.21,2390,0
SORA.US,5,20250811,162500,4.2,4.27,4.2,4.205,1600,0
SORA.US,5,20250811,164500,4.23,4.23,4.23,4.23,100,0
SORA.US,5,20250811,165500,4.2775,4.2775,4.25,4.25,200,0
SORA.US,5,20250811,170000,4.25,4.26,4.25,4.25,500,0
SORA.US,5,20250811,170500,4.28,4.33,4.28,4.33,2074,0
SORA.US,5,20250811,175000,4.505,4.505,4.505,4.505,100,0
SORA.US,5,20250811,175500,4.55,4.5999,4.55,4.5999,1628,0
SORA.US,5,20250811,180000,4.55,4.56,4.55,4.56,1100,0
SORA.US,5,20250811,180500,4.499,4.5,4.499,4.5,1300,0
SORA.US,5,20250811,181000,4.4201,4.4201,4.4201,4.4201,640,0
SORA.US,5,20250811,182500,4.425,4.43,4.41,4.42,2858,0
SORA.US,5,20250811,185500,4.42,4.42,4.42,4.42,100,0
SORA.US,5,20250811,192500,4.448,4.448,4.42,4.42,500,0
SORA.US,5,20250811,193000,4.41,4.41,4.41,4.41,141,0
SORA.US,5,20250811,193500,4.4233,4.505,4.42,4.42,300,0
SORA.US,5,20250811,194000,4.4,4.4,4.4,4.4,100,0
SORA.US,5,20250811,195000,4.4,4.4,4.4,4.4,100,0
SORA.US,5,20250811,212000,4.4,4.4,4.4,4.4,200,0
SORA.US,5,20250811,212500,4.58,4.58,4.58,4.58,100,0
SORA.US,5,20250811,213000,4.492,4.492,4.492,4.492,250,0
SORA.US,5,20250811,213500,4.41,4.41,4.41,4.41,250,0
SORA.US,5,20250812,153000,4.32,4.41,4.32,4.41,264,0
SORA.US,5,20250812,153500,4.33,4.33,4.33,4.33,950,0
SORA.US,5,20250812,154000,4.53,4.53,4.16,4.3,2800,0
SORA.US,5,20250812,154500,4.3,4.44,4.16,4.44,12476,0
SORA.US,5,20250812,155000,4.57,5.03,4.57,4.8025,300,0
SORA.US,5,20250812,155500,4.79,4.7999,4.5294,4.79,7813,0
SORA.US,5,20250812,160000,5,5,4.79,4.79,6589,0
SORA.US,5,20250812,160500,4.8,4.8,4.8,4.8,300,0
SORA.US,5,20250812,161000,4.74,4.75,4.74,4.75,300,0
SORA.US,5,20250812,161500,4.79,4.79,4.68,4.68,400,0
SORA.US,5,20250812,162000,4.69,4.69,4.69,4.69,540,0
SORA.US,5,20250812,162500,4.687,4.687,4.66,4.66,602,0
SORA.US,5,20250812,163500,4.64,4.64,4.64,4.64,500,0
SORA.US,5,20250812,164000,4.74,4.88,4.67,4.87,3805,0
SORA.US,5,20250812,164500,4.8498,4.8498,4.7,4.7,200,0
SORA.US,5,20250812,173000,4.61,4.61,4.61,4.61,100,0
SORA.US,5,20250812,182000,4.61,4.8591,4.61,4.8591,900,0
SORA.US,5,20250812,182500,4.8,4.8,4.8,4.8,100,0
SORA.US,5,20250812,184500,4.74,4.79,4.6925,4.6925,4050,0
SORA.US,5,20250812,185000,4.8,4.81,4.8,4.81,284,0
SORA.US,5,20250812,191000,4.737,4.8,4.737,4.8,981,0
SORA.US,5,20250812,193000,4.64,4.64,4.61,4.61,600,0
SORA.US,5,20250812,202500,4.78,4.8799,4.75,4.8799,1020,0
SORA.US,5,20250812,212000,4.88,5,4.87,4.93,2319,0
SORA.US,5,20250812,213500,4.93,4.98,4.93,4.97,325,0
SORA.US,5,20250812,215000,4.89,4.89,4.89,4.89,100,0
SORA.US,5,20250812,215500,4.93,4.93,4.93,4.93,191,0
SORA.US,5,20250813,153000,4.94,4.94,4.8,4.8,1483,0
SORA.US,5,20250813,153500,4.8,4.8,4.8,4.8,473,0
SORA.US,5,20250813,154000,4.905,4.905,4.85,4.85,3060,0
SORA.US,5,20250813,154500,4.7,4.7,4.67,4.69,1313,0
SORA.US,5,20250813,155000,4.7,4.7,4.7,4.7,400,0
SORA.US,5,20250813,171500,4.77,4.77,4.7,4.7,1320,0
SORA.US,5,20250813,172500,4.66,4.66,4.61,4.6407,419,0
SORA.US,5,20250813,180000,4.6536,4.66,4.65,4.66,1592,0
SORA.US,5,20250813,180500,4.7,4.825,4.7,4.825,1050,0
SORA.US,5,20250813,182500,4.71,4.72,4.7,4.71,1700,0
SORA.US,5,20250813,183000,4.8,4.8,4.8,4.8,300,0
SORA.US,5,20250813,183500,4.7,4.7216,4.7,4.7216,3200,0
SORA.US,5,20250813,184000,4.65,4.65,4.65,4.65,100,0
SORA.US,5,20250813,184500,4.6276,4.6276,4.6276,4.6276,100,0
SORA.US,5,20250813,185500,4.65,4.65,4.65,4.65,100,0
SORA.US,5,20250813,190000,4.688,4.7,4.688,4.7,214,0
SORA.US,5,20250813,191500,4.688,4.688,4.61,4.61,200,0
SORA.US,5,20250813,192000,4.8,4.8,4.6,4.6824,1262,0
SORA.US,5,20250813,193000,4.59,4.59,4.59,4.59,132,0
SORA.US,5,20250813,202500,4.5,4.5,4.5,4.5,476,0
SORA.US,5,20250813,205000,4.505,4.505,4.505,4.505,150,0
SORA.US,5,20250813,211500,4.5,4.5,4.5,4.5,1000,0
SORA.US,5,20250813,212000,4.5,4.5,4.5,4.5,2500,0
SORA.US,5,20250813,212500,4.395,4.395,4.395,4.395,102,0
SORA.US,5,20250813,215500,4.54,4.54,4.4114,4.4114,318,0
SORA.US,5,20250814,160000,4.5482,4.5482,4.4437,4.4437,1969,0
SORA.US,5,20250814,160500,4.45,4.45,4.45,4.45,100,0
SORA.US,5,20250814,161000,4.41,4.41,4.36,4.36,2443,0
SORA.US,5,20250814,162500,4.29,4.29,4.29,4.29,100,0
SORA.US,5,20250814,165000,4.28,4.28,4.2024,4.2024,200,0
SORA.US,5,20250814,171000,4.37,4.37,4.37,4.37,100,0
SORA.US,5,20250814,171500,4.37,4.37,4.37,4.37,500,0
SORA.US,5,20250814,172500,4.37,4.42,4.37,4.42,4000,0
SORA.US,5,20250814,173000,4.38,4.38,4.38,4.38,276,0
SORA.US,5,20250814,175000,4.382,4.4066,4.382,4.39,400,0
SORA.US,5,20250814,180000,4.42,4.5,4.42,4.5,600,0
SORA.US,5,20250814,181500,4.73,4.75,4.73,4.75,500,0
SORA.US,5,20250814,182500,4.7262,4.7262,4.7262,4.7262,100,0
SORA.US,5,20250814,183000,4.73,4.8,4.6,4.7,8418,0
SORA.US,5,20250814,183500,4.74,4.8302,4.74,4.75,9973,0
SORA.US,5,20250814,184500,4.7501,4.7501,4.7501,4.7501,1000,0
SORA.US,5,20250814,190000,4.75,4.75,4.75,4.75,100,0
SORA.US,5,20250814,190500,4.95,4.95,4.95,4.95,500,0
SORA.US,5,20250814,195000,4.98,5.03,4.98,5.03,467,0
SORA.US,5,20250814,200000,5.08,5.08,5.08,5.08,1114,0
SORA.US,5,20250814,201000,5.0001,5.25,5.0001,5.25,300,0
SORA.US,5,20250814,201500,5.1,5.1,5.1,5.1,180,0
SORA.US,5,20250814,205500,5.12,5.12,5.11,5.119,1793,0
SORA.US,5,20250814,210000,5.2,5.24,5.11,5.24,365,0
SORA.US,5,20250814,210500,5.37,5.37,5.29,5.3,900,0
SORA.US,5,20250814,212000,5.4,5.4839,5.4,5.4247,1327,0
SORA.US,5,20250814,212500,5.4,5.4,5.2815,5.2815,650,0
SORA.US,5,20250814,213000,5.48,5.48,5.48,5.48,100,0
SORA.US,5,20250814,213500,5.54,5.54,5.5,5.5,200,0
SORA.US,5,20250814,214000,5.8455,5.8455,5.5,5.5,2148,0
SORA.US,5,20250814,214500,5.4527,5.4527,5.4527,5.4527,177,0
SORA.US,5,20250814,215000,5.64,5.64,5.45,5.54,5200,0
SORA.US,5,20250815,153000,5.82,6.0326,5.5,5.882,22363,0
SORA.US,5,20250815,153500,5.7628,5.7628,5.5,5.65,8192,0
SORA.US,5,20250815,154000,5.6445,5.6445,5.62,5.62,675,0
SORA.US,5,20250815,154500,5.674,5.674,5.3001,5.46,5233,0
SORA.US,5,20250815,155000,5.3166,5.33,4.84,4.8623,6638,0
SORA.US,5,20250815,155500,4.9128,5.1895,4.9128,5.1,2066,0
SORA.US,5,20250815,160000,5.19,5.49,5.19,5.35,2709,0
SORA.US,5,20250815,160500,5.3448,5.375,5.3,5.375,1669,0
SORA.US,5,20250815,161000,5.31,5.31,5.3,5.3,696,0
SORA.US,5,20250815,161500,5.27,5.31,5.27,5.28,615,0
SORA.US,5,20250815,162000,5.27,5.3051,5.27,5.3051,1904,0
SORA.US,5,20250815,162500,5.325,5.3705,5.325,5.3705,400,0
SORA.US,5,20250815,163000,5.3702,5.3702,5.32,5.32,1058,0
SORA.US,5,20250815,163500,5.35,5.35,5.31,5.31,9400,0
SORA.US,5,20250815,164000,5.31,5.355,5.26,5.3,9952,0
SORA.US,5,20250815,164500,5.44,5.44,5.09,5.09,11514,0
SORA.US,5,20250815,165000,5.09,5.1,4.88,4.9699,4573,0
SORA.US,5,20250815,165500,4.9112,4.9112,4.86,4.86,8573,0
SORA.US,5,20250815,170000,4.87,4.88,4.57,4.58,11304,0
SORA.US,5,20250815,170500,4.5501,4.83,4.42,4.7,20447,0
SORA.US,5,20250815,171000,4.77,4.78,4.63,4.67,3868,0
SORA.US,5,20250815,172000,4.52,4.6387,4.51,4.58,1993,0
SORA.US,5,20250815,172500,4.5496,4.5496,4.5496,4.5496,2000,0
SORA.US,5,20250815,173000,4.625,4.63,4.55,4.62,5727,0
SORA.US,5,20250815,174000,4.81,4.81,4.63,4.65,670,0
SORA.US,5,20250815,175000,4.715,4.82,4.71,4.82,563,0
SORA.US,5,20250815,175500,4.735,4.7801,4.735,4.78,1492,0
SORA.US,5,20250815,180000,4.78,4.78,4.62,4.62,1100,0
SORA.US,5,20250815,180500,4.61,4.61,4.61,4.61,100,0
SORA.US,5,20250815,181000,4.601,4.601,4.601,4.601,644,0
SORA.US,5,20250815,181500,4.6,4.645,4.58,4.645,585,0
SORA.US,5,20250815,182500,4.6,4.6,4.58,4.58,700,0
SORA.US,5,20250815,183000,4.5989,4.5989,4.54,4.54,301,0
SORA.US,5,20250815,183500,4.56,4.56,4.51,4.51,3156,0
SORA.US,5,20250815,184000,4.51,4.51,4.42,4.4599,14608,0
SORA.US,5,20250815,184500,4.44,4.4794,4.37,4.39,4674,0
SORA.US,5,20250815,185000,4.3499,4.4094,4.31,4.35,2787,0
SORA.US,5,20250815,185500,4.3505,4.3505,4.3328,4.3328,1493,0
SORA.US,5,20250815,190000,4.3,4.56,4.3,4.3,9121,0
SORA.US,5,20250815,191500,4.31,4.31,4.31,4.31,1000,0
SORA.US,5,20250815,193500,4.31,4.33,4.31,4.33,338,0
SORA.US,5,20250815,194000,4.33,4.33,4.33,4.33,113,0
SORA.US,5,20250815,194500,4.22,4.3,4.22,4.3,200,0
SORA.US,5,20250815,195000,4.3,4.3,4.3,4.3,100,0
SORA.US,5,20250815,195500,4.3,4.32,4.3,4.32,213,0
SORA.US,5,20250815,200000,4.2931,4.2931,4.2931,4.2931,100,0
SORA.US,5,20250815,200500,4.23,4.3895,4.225,4.23,1400,0
SORA.US,5,20250815,201000,4.3883,4.39,4.23,4.23,3200,0
SORA.US,5,20250815,201500,4.39,4.6,4.23,4.6,5060,0
SORA.US,5,20250815,202000,4.429,5,4.429,4.99,1672,0
SORA.US,5,20250815,202500,5,5.66,5,5.66,11590,0
SORA.US,5,20250815,203000,5.55,5.8168,5.5,5.68,8931,0
SORA.US,5,20250815,203500,5.68,5.7,5.4,5.4263,6421,0
SORA.US,5,20250815,204000,5.43,5.43,5.43,5.43,150,0
SORA.US,5,20250815,204500,5.4946,5.4946,5.4,5.4,357,0
SORA.US,5,20250815,205000,5.49,5.49,5.43,5.43,200,0
SORA.US,5,20250815,205500,5.575,5.575,5.575,5.575,100,0
SORA.US,5,20250815,210500,5.4875,5.4875,5.42,5.42,200,0
SORA.US,5,20250815,212000,5.41,5.41,5.41,5.41,489,0
SORA.US,5,20250815,213000,5.56,5.59,5.54,5.54,3040,0
SORA.US,5,20250815,213500,5.68,5.68,5.59,5.59,346,0
SORA.US,5,20250815,214000,5.51,5.532,5.51,5.532,312,0
SORA.US,5,20250815,214500,5.5273,5.53,5.5101,5.53,400,0
SORA.US,5,20250815,215000,5.67,5.78,5.67,5.705,1165,0
SORA.US,5,20250815,215500,5.77,5.8,5.4,5.53,8740,0
SORA.US,5,20250818,153000,5.55,5.6044,5.55,5.6044,4497,0
SORA.US,5,20250818,153500,5.58,5.735,5.53,5.53,4608,0
SORA.US,5,20250818,154000,5.27,5.27,5.01,5.124,918,0
SORA.US,5,20250818,154500,5.4331,5.4331,5.4331,5.4331,100,0
SORA.US,5,20250818,155000,5.37,5.38,5.37,5.38,900,0
SORA.US,5,20250818,160000,5.3801,5.3801,5.3801,5.3801,200,0
SORA.US,5,20250818,162000,5.56,5.59,5.37,5.41,2876,0
SORA.US,5,20250818,163500,5.605,5.605,5.605,5.605,100,0
SORA.US,5,20250818,165000,5.69,5.7,5.69,5.7,1009,0
SORA.US,5,20250818,170000,5.535,5.62,5.535,5.62,400,0
SORA.US,5,20250818,170500,5.61,5.62,5.61,5.62,600,0
SORA.US,5,20250818,172500,5.61,5.61,5.61,5.61,500,0
SORA.US,5,20250818,173500,5.68,5.76,5.68,5.74,1903,0
SORA.US,5,20250818,174000,5.73,5.73,5.73,5.73,100,0
SORA.US,5,20250818,174500,5.68,5.68,5.68,5.68,253,0
SORA.US,5,20250818,175000,5.68,5.68,5.68,5.68,181,0
SORA.US,5,20250818,180500,5.78,5.78,5.78,5.78,1024,0
SORA.US,5,20250818,182000,5.7,5.7,5.7,5.7,174,0
SORA.US,5,20250818,183000,5.7,5.7,5.7,5.7,500,0
SORA.US,5,20250818,184500,5.6313,5.6313,5.6313,5.6313,198,0
SORA.US,5,20250818,190000,5.671,5.671,5.61,5.62,916,0
SORA.US,5,20250818,191000,5.61,5.61,5.61,5.61,200,0
SORA.US,5,20250818,192500,5.62,5.65,5.62,5.65,268,0
SORA.US,5,20250818,193000,5.6792,5.6792,5.6792,5.6792,100,0
SORA.US,5,20250818,194000,5.67,5.67,5.67,5.67,200,0
SORA.US,5,20250818,194500,5.65,5.65,5.56,5.56,1537,0
SORA.US,5,20250818,200000,5.66,5.66,5.66,5.66,100,0
SORA.US,5,20250818,203000,5.6,5.6,5.6,5.6,100,0
SORA.US,5,20250818,205500,5.63,5.66,5.5664,5.66,1700,0
SORA.US,5,20250818,210000,5.55,5.6,5.55,5.6,400,0
SORA.US,5,20250818,212000,5.38,5.38,5.18,5.18,200,0
SORA.US,5,20250818,212500,5.2,5.22,5.2,5.22,400,0
SORA.US,5,20250818,214000,5.425,5.425,5.425,5.425,1993,0
SORA.US,5,20250818,214500,5.425,5.63,5.425,5.63,478,0
SORA.US,5,20250818,215500,5.58,5.58,5.58,5.58,964,0
SORA.US,5,20250819,153000,5.39,5.39,5.39,5.39,171,0
SORA.US,5,20250819,155000,5.27,5.34,5.27,5.34,685,0
SORA.US,5,20250819,155500,5.3146,5.39,5.26,5.39,2457,0
SORA.US,5,20250819,160000,5.41,5.41,5.36,5.36,501,0
SORA.US,5,20250819,163000,5.41,5.41,5.3,5.3,555,0
SORA.US,5,20250819,164000,5.3,5.3,5.3,5.3,200,0
SORA.US,5,20250819,165500,5.44,5.44,5.44,5.44,100,0
SORA.US,5,20250819,172000,5.35,5.35,5.35,5.35,200,0
SORA.US,5,20250819,172500,5.365,5.365,5.365,5.365,100,0
SORA.US,5,20250819,174500,5.365,5.365,5.27,5.27,580,0
SORA.US,5,20250819,184000,5.315,5.315,5.315,5.315,100,0
SORA.US,5,20250819,190500,5.33,5.35,5.33,5.35,337,0
SORA.US,5,20250819,191500,5.35,5.35,5.325,5.33,1010,0
SORA.US,5,20250819,192000,5.33,5.33,5.33,5.33,1430,0
SORA.US,5,20250819,192500,5.35,5.35,5.35,5.35,100,0
SORA.US,5,20250819,193000,5.33,5.33,5.33,5.33,100,0
SORA.US,5,20250819,200500,5.45,5.45,5.45,5.45,100,0
SORA.US,5,20250819,202000,5.36,5.36,5.35,5.35,800,0
SORA.US,5,20250819,202500,5.36,5.445,5.34,5.445,1220,0
SORA.US,5,20250819,204000,5.445,5.445,5.445,5.445,177,0
SORA.US,5,20250819,212000,5.35,5.5,5.26,5.3238,20472,0
SORA.US,5,20250819,215500,5.23,5.23,5.23,5.23,176,0
SORA.US,5,20250820,154500,5.04,5.04,5.04,5.04,724,0
SORA.US,5,20250820,155500,4.9019,5.1184,4.9019,4.93,1442,0
SORA.US,5,20250820,160500,4.9252,4.9436,4.9252,4.9436,416,0
SORA.US,5,20250820,161000,5.05,5.05,5.05,5.05,300,0
SORA.US,5,20250820,163500,4.97,4.97,4.97,4.97,100,0
SORA.US,5,20250820,165000,5.02,5.02,5.02,5.02,147,0
SORA.US,5,20250820,175000,5.1,5.1,5.1,5.1,100,0
SORA.US,5,20250820,183000,5,5,5,5,200,0
SORA.US,5,20250820,214500,5.09,5.18,5.09,5.18,600,0
SORA.US,5,20250820,215500,5,5.02,5,5,875,0
SORA.US,5,20250821,154000,5.06,5.06,5.05,5.05,2575,0
SORA.US,5,20250821,161500,5.13,5.325,5.13,5.325,444,0
SORA.US,5,20250821,171000,5.305,5.305,5.305,5.305,100,0
SORA.US,5,20250821,181500,5.13,5.2,5.13,5.2,2361,0
SORA.US,5,20250821,183500,5.2,5.295,5.2,5.2,1367,0
SORA.US,5,20250821,190500,5.11,5.11,5,5,4231,0
SORA.US,5,20250821,191000,4.9139,4.9139,4.9139,4.9139,100,0
SORA.US,5,20250821,191500,5,5.015,5,5.015,600,0
SORA.US,5,20250821,193500,4.965,5.055,4.965,4.98,1119,0
SORA.US,5,20250821,211000,5.01,5.145,4.99,5.145,1308,0
SORA.US,5,20250821,213500,5.265,5.265,5.265,5.265,100,0
SORA.US,5,20250821,214000,5.15,5.29,5.15,5.29,464,0
SORA.US,5,20250821,215500,5,5.28,5,5.28,502,0
SORA.US,5,20250822,161000,4.96,4.96,4.96,4.96,200,0
SORA.US,5,20250822,162000,5.1544,5.1544,5.1544,5.1544,100,0
SORA.US,5,20250822,163000,5.2708,5.35,5.2708,5.35,800,0
SORA.US,5,20250822,164000,5.4464,5.4464,5.3,5.3,200,0
SORA.US,5,20250822,164500,5.32,5.4,5.32,5.39,1500,0
SORA.US,5,20250822,165000,5.45,5.45,5.4406,5.4406,200,0
SORA.US,5,20250822,165500,5.335,5.3399,5.335,5.3399,400,0
SORA.US,5,20250822,170000,5.4,5.4,5.2,5.2,498,0
SORA.US,5,20250822,171000,5.38,5.4,5.372,5.38,786,0
SORA.US,5,20250822,171500,5.4,5.4,5.4,5.4,300,0
SORA.US,5,20250822,172000,5.5,5.5,5.5,5.5,100,0
SORA.US,5,20250822,172500,5.34,5.48,5.34,5.48,1620,0
SORA.US,5,20250822,173000,5.35,5.35,5.35,5.35,200,0
SORA.US,5,20250822,174000,5.43,5.43,5.43,5.43,100,0
SORA.US,5,20250822,174500,5.44,5.44,5.44,5.44,100,0
SORA.US,5,20250822,175500,5.44,5.48,5.37,5.39,2244,0
SORA.US,5,20250822,181500,5.25,5.2891,5.25,5.2891,969,0
SORA.US,5,20250822,183000,5.22,5.22,5.22,5.22,111,0
SORA.US,5,20250822,183500,5.3,5.3,5.3,5.3,100,0
SORA.US,5,20250822,184000,5.27,5.39,5.26,5.27,1400,0
SORA.US,5,20250822,185000,5.2124,5.2124,5.2124,5.2124,320,0
SORA.US,5,20250822,191500,5.3,5.3,5.3,5.3,100,0
SORA.US,5,20250822,192000,5.3,5.3,5.29,5.29,345,0
SORA.US,5,20250822,194000,5.28,5.28,5.27,5.27,300,0
SORA.US,5,20250822,194500,5.26,5.355,5.25,5.355,700,0
SORA.US,5,20250822,195000,5.29,5.29,5.29,5.29,145,0
SORA.US,5,20250822,201000,5.46,5.46,5.46,5.46,189,0
SORA.US,5,20250822,201500,5.35,5.35,5.35,5.35,125,0
SORA.US,5,20250822,202500,5.27,5.27,5.27,5.27,200,0
SORA.US,5,20250822,210000,5.365,5.365,5.2701,5.2701,500,0
SORA.US,5,20250822,212500,5.35,5.46,5.35,5.39,1746,0
SORA.US,5,20250822,213000,5.46,5.5,5.4,5.41,3657,0
SORA.US,5,20250822,213500,5.48,5.48,5.42,5.44,400,0
SORA.US,5,20250822,214000,5.46,5.53,5.46,5.53,1181,0
SORA.US,5,20250822,214500,5.3962,5.3962,5.3962,5.3962,870,0
SORA.US,5,20250822,215500,5.56,5.6,5.56,5.6,200,0
SORA.US,5,20250825,155500,5.35,5.3994,5.35,5.3994,748,0
SORA.US,5,20250825,160000,5.39,5.39,5.39,5.39,200,0
SORA.US,5,20250825,161000,5.3,5.3,5.3,5.3,200,0
SORA.US,5,20250825,162500,5.42,5.42,5.42,5.42,224,0
SORA.US,5,20250825,163000,5.325,5.325,5.325,5.325,116,0
SORA.US,5,20250825,164000,5.325,5.325,5.325,5.325,110,0
SORA.US,5,20250825,164500,5.32,5.33,5.32,5.32,471,0
SORA.US,5,20250825,165000,5.16,5.32,5.16,5.32,279,0
SORA.US,5,20250825,170000,5.3299,5.3299,5.17,5.17,550,0
SORA.US,5,20250825,171000,5.32,5.32,5.32,5.32,175,0
SORA.US,5,20250825,171500,5.235,5.3598,5.22,5.3598,1101,0
SORA.US,5,20250825,172000,5.29,5.29,5.29,5.29,200,0
SORA.US,5,20250825,173000,5.29,5.31,5.29,5.31,200,0
SORA.US,5,20250825,173500,5.34,5.34,5.3,5.3,4056,0
SORA.US,5,20250825,174000,5.29,5.4,5.29,5.4,898,0
SORA.US,5,20250825,174500,5.38,5.38,5.38,5.38,100,0
SORA.US,5,20250825,175000,5.335,5.37,5.335,5.37,1255,0
SORA.US,5,20250825,175500,5.31,5.33,5.31,5.33,1531,0
SORA.US,5,20250825,180000,5.185,5.32,5.18,5.32,372,0
SORA.US,5,20250825,180500,5.33,5.4,5.3,5.32,1349,0
SORA.US,5,20250825,181000,5.31,5.31,5.31,5.31,211,0
SORA.US,5,20250825,181500,5.29,5.29,5.25,5.25,307,0
SORA.US,5,20250825,182000,5.28,5.32,5.28,5.32,539,0
SORA.US,5,20250825,182500,5.25,5.25,5.25,5.25,1000,0
SORA.US,5,20250825,183500,5.17,5.32,5.17,5.32,400,0
SORA.US,5,20250825,184000,5.32,5.33,5.32,5.33,200,0
SORA.US,5,20250825,190000,5.3,5.32,5.28,5.28,800,0
SORA.US,5,20250825,190500,5.25,5.25,5.25,5.25,100,0
SORA.US,5,20250825,191000,5.26,5.3,5.25,5.26,929,0
SORA.US,5,20250825,191500,5.24,5.24,5.16,5.16,840,0
SORA.US,5,20250825,192000,5.17,5.1846,5.17,5.1846,900,0
SORA.US,5,20250825,192500,5.12,5.17,5.1,5.16,408,0
SORA.US,5,20250825,193000,5.19,5.19,5.14,5.14,1103,0
SORA.US,5,20250825,193500,5.14,5.14,5.14,5.14,420,0
SORA.US,5,20250825,194000,5.16,5.16,5.16,5.16,480,0
SORA.US,5,20250825,194500,5.305,5.305,5.305,5.305,400,0
SORA.US,5,20250825,195500,5,5,5,5,181,0
SORA.US,5,20250825,201500,5.14,5.14,5,5,264,0
SORA.US,5,20250825,203000,5.13,5.3,5.13,5.3,966,0
SORA.US,5,20250825,204000,5.145,5.145,5.145,5.145,200,0
SORA.US,5,20250825,204500,5.14,5.32,5.14,5.32,400,0
SORA.US,5,20250825,210500,5.3,5.31,5.3,5.31,200,0
SORA.US,5,20250825,211000,5.46,5.46,5.46,5.46,100,0
SORA.US,5,20250825,211500,5.17,5.18,5.16,5.17,400,0
SORA.US,5,20250825,212000,5.28,5.28,5.28,5.28,100,0
SORA.US,5,20250825,212500,5.49,5.49,5.345,5.38,897,0
SORA.US,5,20250825,215500,5.35,5.36,5.35,5.36,200,0
SORA.US,5,20250826,153000,5.43,5.7701,5.43,5.7701,1677,0
SORA.US,5,20250826,153500,5.57,5.57,5.57,5.57,125,0
SORA.US,5,20250826,154000,5.57,5.57,5.53,5.53,300,0
SORA.US,5,20250826,160500,5.38,5.38,5.38,5.38,110,0
SORA.US,5,20250826,161000,5.3996,5.3996,5.3996,5.3996,100,0
SORA.US,5,20250826,161500,5.48,5.48,5.48,5.48,150,0
SORA.US,5,20250826,162500,5.4,5.49,5.38,5.38,3000,0
SORA.US,5,20250826,180000,5.36,5.37,5.36,5.37,1887,0
SORA.US,5,20250826,182500,5.4,5.4,5.4,5.4,128,0
SORA.US,5,20250826,183000,5.42,5.42,5.415,5.415,277,0
SORA.US,5,20250826,183500,5.48,5.5,5.46,5.46,300,0
SORA.US,5,20250826,185000,5.37,5.37,5.37,5.37,150,0
SORA.US,5,20250826,185500,5.485,5.485,5.38,5.38,700,0
SORA.US,5,20250826,190000,5.38,5.38,5.38,5.38,300,0
SORA.US,5,20250826,191500,5.5819,5.5819,5.5819,5.5819,300,0
SORA.US,5,20250826,194000,5.55,5.55,5.55,5.55,100,0
SORA.US,5,20250826,195000,5.4017,5.4017,5.4017,5.4017,110,0
SORA.US,5,20250826,203500,5.4,5.4,5.4,5.4,350,0
SORA.US,5,20250826,212000,5.45,5.45,5.45,5.45,180,0
SORA.US,5,20250826,213000,5.5,5.5,5.5,5.5,122,0
SORA.US,5,20250826,215000,5.5,5.5981,5.5,5.5981,300,0
SORA.US,5,20250827,153000,5.4679,5.4679,5.4679,5.4679,1000,0
SORA.US,5,20250827,160000,5.0876,5.0876,5.0876,5.0876,1000,0
SORA.US,5,20250827,160500,5.091,5.091,5.091,5.091,500,0
SORA.US,5,20250827,161000,5.3,5.34,5.3,5.34,1400,0
SORA.US,5,20250827,161500,5.33,5.33,5.3,5.3,1420,0
SORA.US,5,20250827,174000,5.4,5.4,5.4,5.4,100,0
SORA.US,5,20250827,175500,5.5,5.5,5.41,5.41,2063,0
SORA.US,5,20250827,180500,5.3,5.3,5.3,5.3,925,0
SORA.US,5,20250827,183000,5.21,5.21,5.21,5.21,200,0
SORA.US,5,20250827,191000,5.202,5.202,5.105,5.11,3436,0
SORA.US,5,20250827,202500,5.15,5.15,5.11,5.11,261,0
SORA.US,5,20250827,205000,5.15,5.15,5.15,5.15,100,0
SORA.US,5,20250827,205500,5.14,5.15,5.14,5.15,200,0
SORA.US,5,20250827,210000,5.1,5.1,5.06,5.06,665,0
SORA.US,5,20250827,214000,5.2,5.2,5.2,5.2,300,0
SORA.US,5,20250827,214500,5.09,5.09,5.09,5.09,100,0
SORA.US,5,20250828,160500,4.88,4.88,4.88,4.88,464,0
SORA.US,5,20250828,161000,5.06,5.06,4.965,4.965,785,0
SORA.US,5,20250828,162500,4.8,4.8,4.8,4.8,450,0
SORA.US,5,20250828,164500,4.8,4.86,4.8,4.85,1672,0
SORA.US,5,20250828,165000,4.6901,4.815,4.6901,4.815,500,0
SORA.US,5,20250828,171500,4.77,4.77,4.7501,4.7501,400,0
SORA.US,5,20250828,172000,5.05,5.05,5.05,5.05,508,0
SORA.US,5,20250828,172500,4.75,4.84,4.75,4.84,500,0
SORA.US,5,20250828,174500,4.86,5.04,4.81,4.89,2432,0
SORA.US,5,20250828,175000,4.89,4.89,4.78,4.78,1706,0
SORA.US,5,20250828,181000,4.801,4.801,4.801,4.801,200,0
SORA.US,5,20250828,182000,4.81,4.81,4.8,4.8,2895,0
SORA.US,5,20250828,183000,4.8001,4.8001,4.8001,4.8001,100,0
SORA.US,5,20250828,185000,4.8,4.8,4.8,4.8,100,0
SORA.US,5,20250828,190000,4.81,4.81,4.81,4.81,100,0
SORA.US,5,20250828,194000,4.88,4.88,4.85,4.85,862,0
SORA.US,5,20250828,195500,4.86,4.86,4.86,4.86,200,0
SORA.US,5,20250828,200500,4.82,4.82,4.82,4.82,100,0
SORA.US,5,20250828,201500,4.821,4.821,4.821,4.821,100,0
SORA.US,5,20250828,202000,4.935,4.935,4.935,4.935,100,0
SORA.US,5,20250828,205500,4.8501,4.8501,4.8501,4.8501,100,0
SORA.US,5,20250828,211000,4.82,4.8201,4.82,4.8201,1100,0
SORA.US,5,20250828,215000,4.93,4.93,4.93,4.93,1000,0
SORA.US,5,20250829,155000,4.75,4.75,4.53,4.53,410,0
SORA.US,5,20250829,160000,4.7417,4.7417,4.7417,4.7417,421,0
SORA.US,5,20250829,160500,4.75,4.96,4.75,4.96,3123,0
SORA.US,5,20250829,161000,4.86,4.86,4.86,4.86,100,0
SORA.US,5,20250829,170500,4.81,4.8205,4.81,4.8205,1000,0
SORA.US,5,20250829,171000,4.78,4.78,4.78,4.78,544,0
SORA.US,5,20250829,174500,4.82,4.82,4.82,4.82,100,0
SORA.US,5,20250829,184500,4.85,4.85,4.787,4.787,899,0
SORA.US,5,20250829,203500,4.9,4.9,4.9,4.9,100,0
SORA.US,5,20250829,213000,4.93,4.93,4.93,4.93,200,0
SORA.US,5,20250829,213500,4.99,4.99,4.99,4.99,100,0
SORA.US,5,20250902,153000,4.58,4.65,4.58,4.65,2629,0
SORA.US,5,20250902,160500,4.79,4.79,4.79,4.79,100,0
SORA.US,5,20250902,162500,4.8,4.8,4.8,4.8,200,0
SORA.US,5,20250902,171500,4.79,4.94,4.79,4.895,4200,0
SORA.US,5,20250902,172000,4.83,4.865,4.81,4.81,4386,0
SORA.US,5,20250902,173500,4.85,4.95,4.845,4.95,4970,0
SORA.US,5,20250902,174500,5,5,5,5,1000,0
SORA.US,5,20250902,181000,4.875,4.875,4.875,4.875,200,0
SORA.US,5,20250902,181500,4.97,4.97,4.97,4.97,100,0
SORA.US,5,20250902,182500,5.01,5.01,5.01,5.01,100,0
SORA.US,5,20250902,183000,5.03,5.1,5.03,5.1,4041,0
SORA.US,5,20250902,185000,5.1,5.1,5.1,5.1,100,0
SORA.US,5,20250902,185500,5.1,5.1,5.1,5.1,500,0
SORA.US,5,20250902,190000,5.1,5.2,5.1,5.195,1915,0
SORA.US,5,20250902,191000,5.19,5.28,5.19,5.28,2592,0
SORA.US,5,20250902,192000,5.3,5.5,5.25,5.4,4340,0
SORA.US,5,20250902,192500,5.25,5.2699,5.25,5.2699,400,0
SORA.US,5,20250902,193500,5.105,5.385,5.1002,5.385,400,0
SORA.US,5,20250902,194500,5.38,5.38,5.38,5.38,100,0
SORA.US,5,20250902,195000,5.21,5.21,5.21,5.21,100,0
SORA.US,5,20250902,202500,5.2,5.2,5.2,5.2,128,0
SORA.US,5,20250902,204500,5.13,5.2,5.13,5.2,531,0
SORA.US,5,20250902,210500,5.2824,5.2824,5.2824,5.2824,3868,0
SORA.US,5,20250902,211000,5.2353,5.2353,5.2353,5.2353,190,0
SORA.US,5,20250902,215500,5.21,5.28,5.01,5.01,1931,0
SORA.US,5,20250903,153000,5.12,5.12,5.12,5.12,113,0
SORA.US,5,20250903,154000,5.0101,5.0101,5.0101,5.0101,200,0
SORA.US,5,20250903,154500,5.01,5.21,5.01,5.03,3919,0
SORA.US,5,20250903,155000,5.05,5.05,5.05,5.05,100,0
SORA.US,5,20250903,155500,5.08,5.08,5.05,5.05,2367,0
SORA.US,5,20250903,160500,5.0601,5.0601,5.0601,5.0601,500,0
SORA.US,5,20250903,164500,5.1,5.1,5.1,5.1,200,0
SORA.US,5,20250903,165000,5.2,5.2,5.1,5.1,1101,0
SORA.US,5,20250903,165500,5.15,5.2,5.14,5.18,5860,0
SORA.US,5,20250903,171500,5.29,5.3,5.29,5.29,2200,0
SORA.US,5,20250903,172000,5.29,5.29,5.29,5.29,300,0
SORA.US,5,20250903,172500,5.29,5.32,5.275,5.32,1281,0
SORA.US,5,20250903,173500,5.345,5.4,5.345,5.39,2756,0
SORA.US,5,20250903,174000,5.3,5.395,5.29,5.395,3200,0
SORA.US,5,20250903,180500,5.4799,5.4799,5.4799,5.4799,250,0
SORA.US,5,20250903,181000,5.48,5.75,5.48,5.75,12850,0
SORA.US,5,20250903,181500,5.71,5.71,5.69,5.69,400,0
SORA.US,5,20250903,183000,5.6739,5.6739,5.6739,5.6739,100,0
SORA.US,5,20250903,185000,5.4977,5.54,5.4977,5.54,722,0
SORA.US,5,20250903,191000,5.68,5.68,5.68,5.68,130,0
SORA.US,5,20250903,192500,5.6694,5.7,5.63,5.7,8963,0
SORA.US,5,20250903,193000,5.66,5.66,5.6,5.6,3098,0
SORA.US,5,20250903,194000,5.66,5.66,5.66,5.66,200,0
SORA.US,5,20250903,194500,5.67,5.67,5.67,5.67,104,0
SORA.US,5,20250903,195000,5.67,5.67,5.67,5.67,100,0
SORA.US,5,20250903,195500,5.58,5.58,5.58,5.58,430,0
SORA.US,5,20250903,201500,5.7,5.7,5.6999,5.6999,780,0
SORA.US,5,20250903,202000,5.7,5.72,5.7,5.72,676,0
SORA.US,5,20250903,202500,5.74,5.74,5.74,5.74,100,0
SORA.US,5,20250903,203000,5.75,5.75,5.7,5.7,310,0
SORA.US,5,20250903,204000,5.7,5.7,5.7,5.7,1222,0
SORA.US,5,20250903,210500,5.7,5.7,5.7,5.7,100,0
SORA.US,5,20250903,213500,5.8,5.8,5.8,5.8,138,0
SORA.US,5,20250903,214500,5.68,5.68,5.68,5.68,300,0
SORA.US,5,20250903,215500,5.68,5.68,5.68,5.68,100,0
SORA.US,5,20250904,153500,5.69,5.7,5.69,5.7,316,0
SORA.US,5,20250904,154000,5.71,5.71,5.71,5.71,200,0
SORA.US,5,20250904,154500,5.815,5.88,5.815,5.83,4244,0
SORA.US,5,20250904,155000,5.94,6,5.81,6,3800,0
SORA.US,5,20250904,155500,6.1,6.1,6.1,6.1,625,0
SORA.US,5,20250904,160000,6.16,6.16,6.09,6.09,1679,0
SORA.US,5,20250904,161000,6.22,6.22,6.13,6.13,664,0
SORA.US,5,20250904,161500,6.11,6.11,6.11,6.11,250,0
SORA.US,5,20250904,162000,6.11,6.11,6.01,6.01,200,0
SORA.US,5,20250904,162500,6.1,6.1,6.002,6.1,600,0
SORA.US,5,20250904,163000,6.02,6.02,6.01,6.0111,903,0
SORA.US,5,20250904,163500,6.01,6.12,6,6.12,17453,0
SORA.US,5,20250904,164500,6.0209,6.0209,6.0209,6.0209,250,0
SORA.US,5,20250904,165000,6.125,6.14,6.03,6.09,850,0
SORA.US,5,20250904,165500,6.09,6.09,6.0397,6.0397,600,0
SORA.US,5,20250904,170000,6.0345,6.0345,6.0345,6.0345,500,0
SORA.US,5,20250904,171000,6.165,6.22,6.165,6.22,600,0
SORA.US,5,20250904,171500,6.165,6.24,6.1119,6.22,805,0
SORA.US,5,20250904,172000,6.3798,6.4,6.37,6.4,2477,0
SORA.US,5,20250904,172500,6.4,6.4,6.29,6.4,6709,0
SORA.US,5,20250904,173000,6.42,6.79,6.42,6.79,4391,0
SORA.US,5,20250904,173500,6.77,6.77,6.49,6.54,3507,0
SORA.US,5,20250904,174000,6.635,6.635,6.635,6.635,391,0
SORA.US,5,20250904,175000,6.22,6.22,6.2,6.2,1576,0
SORA.US,5,20250904,175500,6.35,6.4,6.35,6.4,470,0
SORA.US,5,20250904,181500,6.48,6.48,6.4,6.4,4237,0
SORA.US,5,20250904,182000,6.21,6.21,6.21,6.21,100,0
SORA.US,5,20250904,182500,6.26,6.26,6.26,6.26,899,0
SORA.US,5,20250904,183000,6.24,6.24,6,6,6017,0
SORA.US,5,20250904,183500,6.025,6.05,6,6.05,2449,0
SORA.US,5,20250904,184000,6.06,6.06,6.06,6.06,100,0
SORA.US,5,20250904,184500,6.0542,6.0542,6.0501,6.0501,536,0
SORA.US,5,20250904,185000,6.075,6.075,5.94,6.01,4802,0
SORA.US,5,20250904,190000,6,6,6,6,6224,0
SORA.US,5,20250904,191000,5.9998,6,5.96,6,1800,0
SORA.US,5,20250904,192500,5.89,5.9,5.8,5.8,1799,0
SORA.US,5,20250904,193000,5.89,5.9,5.8,5.9,6902,0
SORA.US,5,20250904,194000,5.91,5.91,5.91,5.91,316,0
SORA.US,5,20250904,194500,6,6.01,5.925,5.925,6009,0
SORA.US,5,20250904,200500,5.95,5.95,5.95,5.95,100,0
SORA.US,5,20250904,201000,5.975,5.975,5.97,5.97,500,0
SORA.US,5,20250904,201500,6,6,6,6,915,0
SORA.US,5,20250904,202500,6.02,6.02,6.02,6.02,100,0
SORA.US,5,20250904,203500,6.02,6.15,6.02,6.15,5479,0
SORA.US,5,20250904,204000,6.15,6.15,6.15,6.15,720,0
SORA.US,5,20250904,204500,6.15,6.1788,6.105,6.1788,1657,0
SORA.US,5,20250904,205000,6,6,6,6,475,0
SORA.US,5,20250904,205500,6.06,6.06,6.0505,6.0519,948,0
SORA.US,5,20250904,214500,6.11,6.11,6.11,6.11,100,0
SORA.US,5,20250904,215000,6.2,6.2,6.2,6.2,152,0
SORA.US,5,20250904,215500,6.2,6.3,6.2,6.3,4671,0
SORA.US,5,20250905,153000,6.4711,6.4711,6.4,6.41,1100,0
SORA.US,5,20250905,153500,6.4,6.595,6.4,6.59,10236,0
SORA.US,5,20250905,154000,6.5,6.5,6.36,6.36,2208,0
SORA.US,5,20250905,154500,6.34,6.34,6.18,6.25,2442,0
SORA.US,5,20250905,155000,6.115,6.115,6.115,6.115,250,0
SORA.US,5,20250905,155500,6.19,6.2,6.11,6.14,4085,0
SORA.US,5,20250905,160000,6.25,6.29,6.25,6.26,5300,0
SORA.US,5,20250905,160500,6.3,6.4,6.045,6.38,13601,0
SORA.US,5,20250905,161000,6.35,6.37,6.24,6.37,6243,0
SORA.US,5,20250905,161500,6.3499,6.45,6.215,6.32,11867,0
SORA.US,5,20250905,162000,6.3692,6.5,6.3692,6.45,13369,0
SORA.US,5,20250905,162500,6.5073,6.5073,6.5073,6.5073,258,0
SORA.US,5,20250905,163000,6.37,6.51,6.325,6.51,400,0
SORA.US,5,20250905,171500,6.43,6.43,6.36,6.36,2916,0
SORA.US,5,20250905,172000,6.32,6.32,6.2,6.21,2788,0
SORA.US,5,20250905,172500,6.1096,6.11,6.1006,6.1096,1200,0
SORA.US,5,20250905,173000,6.11,6.11,6.11,6.11,100,0
SORA.US,5,20250905,174000,6.2579,6.2579,6.1007,6.1007,600,0
SORA.US,5,20250905,175000,6.1124,6.1124,6.1124,6.1124,200,0
SORA.US,5,20250905,175500,6.22,6.22,6.13,6.13,1343,0
SORA.US,5,20250905,180500,6.12,6.12,6.08,6.08,1200,0
SORA.US,5,20250905,181500,6.03,6.03,6.03,6.03,300,0
SORA.US,5,20250905,183000,6,6,6,6,800,0
SORA.US,5,20250905,183500,6.0457,6.0457,6.0457,6.0457,337,0
SORA.US,5,20250905,184500,6.05,6.08,6.04,6.04,2127,0
SORA.US,5,20250905,191500,6.02,6.02,6.02,6.02,100,0
SORA.US,5,20250905,192000,6.02,6.025,6,6.025,1100,0
SORA.US,5,20250905,192500,6,6.025,6,6,2200,0
SORA.US,5,20250905,193000,6,6,6,6,600,0
SORA.US,5,20250905,193500,6.0001,6.0001,5.91,5.91,5560,0
SORA.US,5,20250905,194000,5.9,5.9,5.88,5.88,200,0
SORA.US,5,20250905,194500,5.87,5.87,5.87,5.87,490,0
SORA.US,5,20250905,195000,5.8,5.8,5.8,5.8,100,0
SORA.US,5,20250905,201000,5.9,5.9,5.8,5.81,2000,0
SORA.US,5,20250905,202500,5.8,5.8,5.8,5.8,4573,0
SORA.US,5,20250905,203000,5.6,5.6,5.6,5.6,100,0
SORA.US,5,20250905,212500,5.6001,5.6001,5.5,5.59,1179,0
SORA.US,5,20250905,215500,5.5285,5.77,5.5285,5.77,255,0
SORA.US,5,20250908,153000,5.76,5.76,5.76,5.76,281,0
SORA.US,5,20250908,155000,6.26,6.47,6.14,6.14,900,0
SORA.US,5,20250908,155500,6.1332,6.15,6.0202,6.0202,1215,0
SORA.US,5,20250908,160000,6.09,6.09,6.09,6.09,500,0
SORA.US,5,20250908,160500,6.2,6.2,6.15,6.2,1528,0
SORA.US,5,20250908,161000,6.134,6.3,6.134,6.1892,4895,0
SORA.US,5,20250908,161500,6.1,6.1,6.1,6.1,1000,0
SORA.US,5,20250908,162000,6.1,6.1,6.05,6.05,3522,0
SORA.US,5,20250908,165500,6.01,6.07,6.01,6.07,955,0
SORA.US,5,20250908,170000,6.05,6.05,6.05,6.05,915,0
SORA.US,5,20250908,170500,6.05,6.05,6.05,6.05,100,0
SORA.US,5,20250908,171000,6.01,6.03,6.01,6.03,422,0
SORA.US,5,20250908,172000,6.01,6.03,6,6.03,2747,0
SORA.US,5,20250908,172500,6.03,6.03,5.8,5.9099,6908,0
SORA.US,5,20250908,174000,5.895,5.8999,5.895,5.8999,200,0
SORA.US,5,20250908,175000,5.8,5.8,5.8,5.8,300,0
SORA.US,5,20250908,182000,5.97,6,5.9,5.985,800,0
SORA.US,5,20250908,183000,5.85,5.92,5.85,5.92,1400,0
SORA.US,5,20250908,183500,5.93,5.93,5.93,5.93,260,0
SORA.US,5,20250908,202500,5.895,5.895,5.895,5.895,116,0
SORA.US,5,20250908,205500,5.85,5.91,5.85,5.91,1680,0
SORA.US,5,20250908,213000,5.9,6,5.9,6,1048,0
SORA.US,5,20250909,154500,5.44,5.44,5.44,5.44,200,0
SORA.US,5,20250909,162000,5.61,5.61,5.61,5.61,406,0
SORA.US,5,20250909,163000,5.69,5.69,5.69,5.69,100,0
SORA.US,5,20250909,164000,5.8205,5.8205,5.8205,5.8205,258,0
SORA.US,5,20250909,164500,5.85,5.85,5.85,5.85,300,0
SORA.US,5,20250909,165000,5.85,5.85,5.85,5.85,200,0
SORA.US,5,20250909,165500,5.7001,5.7001,5.7001,5.7001,1060,0
SORA.US,5,20250909,171000,5.9123,5.9123,5.9123,5.9123,126,0
SORA.US,5,20250909,180000,5.75,5.75,5.75,5.75,3000,0
SORA.US,5,20250909,180500,5.75,5.76,5.5101,5.755,6146,0
SORA.US,5,20250909,181000,5.755,5.755,5.755,5.755,1934,0
SORA.US,5,20250909,181500,5.6,5.6032,5.6,5.6032,400,0
SORA.US,5,20250909,182000,5.51,5.755,5.51,5.556,1823,0
SORA.US,5,20250909,184500,5.59,5.59,5.59,5.59,100,0
SORA.US,5,20250909,190000,5.61,5.71,5.5,5.51,6983,0
SORA.US,5,20250909,191000,5.755,5.755,5.755,5.755,100,0
SORA.US,5,20250909,191500,5.58,5.58,5.52,5.52,3118,0
SORA.US,5,20250909,194000,5.655,5.655,5.655,5.655,200,0
SORA.US,5,20250909,194500,5.65,5.65,5.65,5.65,330,0
SORA.US,5,20250909,213000,5.67,5.67,5.67,5.67,693,0
SORA.US,5,20250910,153500,5.8752,5.8752,5.8752,5.8752,100,0
SORA.US,5,20250910,154000,5.88,5.94,5.88,5.94,800,0
SORA.US,5,20250910,154500,5.94,5.99,5.805,5.805,5590,0
SORA.US,5,20250910,155000,5.9505,5.9505,5.9505,5.9505,100,0
SORA.US,5,20250910,162500,5.71,5.8095,5.7,5.7,1100,0
SORA.US,5,20250910,163500,5.768,5.79,5.768,5.79,200,0
SORA.US,5,20250910,164000,5.75,5.75,5.75,5.75,600,0
SORA.US,5,20250910,165000,5.75,5.75,5.75,5.75,400,0
SORA.US,5,20250910,170000,5.74,5.7854,5.74,5.7854,200,0
SORA.US,5,20250910,173500,5.8,5.8,5.8,5.8,100,0
SORA.US,5,20250910,174000,5.866016,5.866016,5.8,5.8,300,0
SORA.US,5,20250910,175000,5.8,5.8,5.8,5.8,100,0
SORA.US,5,20250910,175500,5.8,5.8,5.8,5.8,329,0
SORA.US,5,20250910,185000,5.8,5.8,5.7,5.7,4767,0
SORA.US,5,20250910,185500,5.7,5.74,5.51,5.54,8661,0
SORA.US,5,20250910,190500,5.58,5.58,5.58,5.58,100,0
SORA.US,5,20250910,192500,5.56,5.56,5.54,5.54,1345,0
SORA.US,5,20250910,193000,5.54,5.54,5.54,5.54,100,0
SORA.US,5,20250910,193500,5.66,5.66,5.6376,5.6376,600,0
SORA.US,5,20250910,195000,5.8611,5.8611,5.8611,5.8611,100,0
SORA.US,5,20250910,201000,5.52,5.52,5.52,5.52,100,0
SORA.US,5,20250910,202500,5.56,5.56,5.5,5.5,3604,0
SORA.US,5,20250910,205500,5.782528,5.782528,5.782528,5.782528,100,0
SORA.US,5,20250910,211000,5.705,5.705,5.52,5.52,220,0
SORA.US,5,20250910,215500,5.86,5.86,5.86,5.86,220,0
SORA.US,5,20250911,153000,5.94,5.94,5.9,5.9,320,0
SORA.US,5,20250911,154500,5.52,5.73,5.52,5.705,398,0
SORA.US,5,20250911,155000,5.74,5.74,5.66,5.66,932,0
SORA.US,5,20250911,162000,5.66,5.66,5.66,5.66,123,0
SORA.US,5,20250911,163000,5.52,5.62,5.52,5.62,400,0
SORA.US,5,20250911,163500,5.53,5.54,5.53,5.54,300,0
SORA.US,5,20250911,164500,5.6538,5.79,5.6538,5.79,756,0
SORA.US,5,20250911,165000,5.65,5.65,5.5102,5.5102,409,0
SORA.US,5,20250911,165500,5.5102,5.56,5.5,5.5,2609,0
SORA.US,5,20250911,170000,5.55,5.55,5.55,5.55,100,0
SORA.US,5,20250911,172500,5.55,5.585,5.55,5.585,444,0
SORA.US,5,20250911,174500,5.5,5.5,5.5,5.5,246,0
SORA.US,5,20250911,190000,5.5,5.5,5.5,5.5,1100,0
SORA.US,5,20250911,202000,5.625,5.625,5.625,5.625,649,0
SORA.US,5,20250911,204500,5.54,5.54,5.54,5.54,310,0
SORA.US,5,20250911,211500,5.62,5.62,5.62,5.62,347,0
SORA.US,5,20250911,212000,5.64,5.7483,5.505,5.5198,3503,0
SORA.US,5,20250911,213500,5.74,5.74,5.5789,5.5789,870,0
SORA.US,5,20250911,214000,5.6,5.6,5.6,5.6,300,0
SORA.US,5,20250911,214500,5.6,5.6,5.6,5.6,500,0
SORA.US,5,20250911,215000,5.5998,5.5998,5.5998,5.5998,200,0
SORA.US,5,20250912,153000,5.56,5.56,5.56,5.56,102,0
SORA.US,5,20250912,153500,5.5894,5.5894,5.5894,5.5894,102,0
SORA.US,5,20250912,154000,5.5643,5.5643,5.5643,5.5643,237,0
SORA.US,5,20250912,173500,5.7789,5.7789,5.7789,5.7789,300,0
SORA.US,5,20250912,174500,5.78,5.78,5.78,5.78,100,0
SORA.US,5,20250912,204000,5.78,5.78,5.77,5.78,1715,0
SORA.US,5,20250912,205000,5.69,5.69,5.69,5.69,250,0
SORA.US,5,20250912,211000,5.6101,5.6101,5.61,5.61,801,0
SORA.US,5,20250912,215000,5.6136,5.6136,5.6136,5.6136,192,0
SORA.US,5,20250915,153000,5.4301,5.4301,5.4301,5.4301,300,0
SORA.US,5,20250915,153500,5.52,5.52,5.52,5.52,225,0
SORA.US,5,20250915,154000,5.44,5.5,5.44,5.5,1094,0
SORA.US,5,20250915,154500,5.5,5.5,5.5,5.5,500,0
SORA.US,5,20250915,155500,5.61,5.8,5.61,5.8,1253,0
SORA.US,5,20250915,160000,5.5501,5.5501,5.5501,5.5501,200,0
SORA.US,5,20250915,160500,5.6,5.755,5.6,5.755,674,0
SORA.US,5,20250915,174000,5.58,5.68,5.58,5.68,924,0
SORA.US,5,20250915,183000,5.51,5.695,5.51,5.69,2238,0
SORA.US,5,20250915,184500,5.6,5.6,5.58,5.6,1345,0
SORA.US,5,20250915,190500,5.59,5.64,5.59,5.6,5489,0
SORA.US,5,20250915,193000,5.64,5.64,5.64,5.64,100,0
SORA.US,5,20250915,203000,5.5101,5.5101,5.5101,5.5101,167,0
SORA.US,5,20250915,204500,5.69,5.74,5.69,5.74,1587,0
SORA.US,5,20250915,205000,5.74,5.75,5.74,5.75,450,0
SORA.US,5,20250915,205500,5.77,5.77,5.77,5.77,100,0
SORA.US,5,20250915,215500,5.5,5.54,5.5,5.54,258,0
SORA.US,5,20250916,153000,5.8,5.8,5.77,5.77,1600,0
SORA.US,5,20250916,160000,5.73,5.7301,5.72,5.72,772,0
SORA.US,5,20250916,161500,5.8,5.8,5.8,5.8,150,0
SORA.US,5,20250916,162500,5.705,5.705,5.705,5.705,150,0
SORA.US,5,20250916,170000,5.64,5.64,5.64,5.64,100,0
SORA.US,5,20250916,170500,5.51,5.51,5.51,5.51,100,0
SORA.US,5,20250917,153000,5.7,5.7,5.7,5.7,400,0
SORA.US,5,20250917,163500,5.52,5.56,5.29,5.56,5658,0
SORA.US,5,20250917,164000,5.46,5.46,5.4,5.46,500,0
SORA.US,5,20250917,164500,5.44,5.5,5.1705,5.5,3207,0
SORA.US,5,20250917,165500,5.4,5.42,5.4,5.42,220,0
SORA.US,5,20250917,170000,5.35,5.48,5.35,5.48,200,0
SORA.US,5,20250917,170500,5.18,5.38,5.16,5.18,1100,0
SORA.US,5,20250917,171000,5.06,5.325,5,5,2244,0
SORA.US,5,20250917,171500,5,5.16,5,5.16,1385,0
SORA.US,5,20250917,172000,5.01,5.01,4.9606,4.9606,1990,0
SORA.US,5,20250917,173000,5.165,5.165,5.165,5.165,500,0
SORA.US,5,20250917,173500,5.1,5.33,5.1,5.18,1735,0
SORA.US,5,20250917,174000,5.03,5.03,4.95,4.95,1100,0
SORA.US,5,20250917,174500,5.12,5.12,5.1,5.1,582,0
SORA.US,5,20250917,175000,5.1,5.12,5.1,5.12,300,0
SORA.US,5,20250917,175500,5.1,5.39,5.08,5.39,5451,0
SORA.US,5,20250917,180000,5.33,5.41,5,5.03,8763,0
SORA.US,5,20250917,184500,5.16,5.16,5.16,5.16,193,0
SORA.US,5,20250917,191000,5.14,5.25,5.14,5.25,2203,0
SORA.US,5,20250917,191500,5.25,5.41,5.25,5.32,4212,0
SORA.US,5,20250917,192000,5.34,5.34,5.3,5.3,1952,0
SORA.US,5,20250917,192500,5.36,5.36,5.36,5.36,381,0
SORA.US,5,20250917,193500,5.38,5.38,5.37,5.37,567,0
SORA.US,5,20250917,194000,5.46,5.51,5.46,5.51,1236,0
SORA.US,5,20250917,194500,5.51,5.6,5.5,5.6,1415,0
SORA.US,5,20250917,195000,5.56,5.56,5,5,730,0
SORA.US,5,20250917,200000,5.4,5.52,5.37,5.52,2849,0
SORA.US,5,20250917,201000,5.49,5.55,5.35,5.54,1609,0
SORA.US,5,20250917,201500,5.59,5.5999,5.59,5.5999,600,0
SORA.US,5,20250917,202500,5.385,5.6,5.01,5.59,1592,0
SORA.US,5,20250917,203500,5.5896,5.5896,5.5896,5.5896,100,0
SORA.US,5,20250917,204500,5.55,5.55,5.19,5.5223,1000,0
SORA.US,5,20250917,212000,5.38,5.38,5.38,5.38,100,0
SORA.US,5,20250917,213500,5.5,5.575,5.5,5.575,500,0
SORA.US,5,20250917,214000,5.575,5.575,5.575,5.575,100,0
SORA.US,5,20250918,153000,5.6529,5.6529,5.6529,5.6529,500,0
SORA.US,5,20250918,155500,5.21,5.21,5.17,5.18,1640,0
SORA.US,5,20250918,165500,5.35,5.35,5.35,5.35,100,0
SORA.US,5,20250918,170500,5.35,5.35,5.35,5.35,600,0
SORA.US,5,20250918,175000,5.4805,5.4805,5.4805,5.4805,100,0
SORA.US,5,20250918,175500,5.3505,5.395,5.35,5.35,879,0
SORA.US,5,20250918,180500,5.4099,5.4099,5.4099,5.4099,100,0
SORA.US,5,20250918,182500,5.3544,5.3544,5.3544,5.3544,193,0
SORA.US,5,20250918,183500,5.35,5.35,5.35,5.35,100,0
SORA.US,5,20250918,192000,5.37,5.3726,5.36,5.3726,700,0
SORA.US,5,20250918,192500,5.33,5.35,5.32,5.35,407,0
SORA.US,5,20250918,193000,5.35,5.35,5.35,5.35,100,0
SORA.US,5,20250918,193500,5.35,5.35,5.35,5.35,200,0
SORA.US,5,20250918,195500,5.34,5.35,5.32,5.32,500,0
SORA.US,5,20250918,200000,5.3,5.36,5.3,5.36,1412,0
SORA.US,5,20250918,200500,5.35,5.36,5.34,5.36,1198,0
SORA.US,5,20250918,201000,5.34,5.3495,5.34,5.3495,200,0
SORA.US,5,20250918,205500,5.33,5.33,5.33,5.33,100,0
SORA.US,5,20250918,210000,5.32,5.32,5.32,5.32,100,0
SORA.US,5,20250918,210500,5.31,5.35,5.31,5.34,945,0
SORA.US,5,20250918,211000,5.34,5.34,5.31,5.32,2100,0
SORA.US,5,20250918,211500,5.34,5.35,5.32,5.32,3100,0
SORA.US,5,20250918,212000,5.33,5.33,5.33,5.33,200,0
SORA.US,5,20250918,214000,5.4,5.4,5.4,5.4,110,0
SORA.US,5,20250918,215000,5.37,5.37,5.3,5.3,400,0
SORA.US,5,20250919,155000,5.37,5.37,5.37,5.37,107,0
SORA.US,5,20250919,155500,5.35,5.41,5.35,5.41,500,0
SORA.US,5,20250919,160000,5.47,5.47,5.47,5.47,100,0
SORA.US,5,20250919,160500,5.4,5.4,5.4,5.4,4797,0
SORA.US,5,20250919,161000,5.41,5.44,5.38,5.38,800,0
SORA.US,5,20250919,161500,5.37,5.37,5.3,5.32,566,0
SORA.US,5,20250919,162500,5.32,5.32,5.32,5.32,100,0
SORA.US,5,20250919,171000,5.45,5.45,5.41,5.41,200,0
SORA.US,5,20250919,171500,5.47,5.47,5.47,5.47,100,0
SORA.US,5,20250919,172500,5.4,5.45,5.4,5.45,203,0
SORA.US,5,20250919,173000,5.455,5.455,5.44,5.44,200,0
SORA.US,5,20250919,174000,5.44,5.49,5.44,5.49,600,0
SORA.US,5,20250919,180000,5.435,5.435,5.435,5.435,100,0
SORA.US,5,20250919,180500,5.49,5.49,5.49,5.49,100,0
SORA.US,5,20250919,181000,5.5,5.6,5.5,5.6,5438,0
SORA.US,5,20250919,181500,5.59,5.59,5.59,5.59,100,0
SORA.US,5,20250919,184000,5.57,5.57,5.57,5.57,100,0
SORA.US,5,20250919,192500,5.57,5.57,5.57,5.57,100,0
SORA.US,5,20250919,202500,5.5084,5.51,5.5084,5.51,250,0
SORA.US,5,20250919,210000,5.535,5.535,5.535,5.535,100,0
SORA.US,5,20250919,211000,5.57,5.57,5.57,5.57,100,0
SORA.US,5,20250922,154500,5.59,5.59,5.59,5.59,100,0
SORA.US,5,20250922,160000,5.55,5.55,5.55,5.55,100,0
SORA.US,5,20250922,160500,5.5,5.5,5.5,5.5,100,0
SORA.US,5,20250922,162000,5.7,5.78,5.65,5.78,950,0
SORA.US,5,20250922,164500,5.37,5.37,5.37,5.37,600,0
SORA.US,5,20250922,172500,5.35,5.35,5.35,5.35,100,0
SORA.US,5,20250922,173000,5.425,5.425,5.425,5.425,100,0
SORA.US,5,20250922,181500,5.2522,5.2522,5.2522,5.2522,2000,0
SORA.US,5,20250922,182500,5.375,5.375,5.375,5.375,100,0
SORA.US,5,20250922,183500,5.26,5.275,5.25,5.275,2427,0
SORA.US,5,20250922,184000,5.28,5.34,5.28,5.34,1063,0
SORA.US,5,20250922,190500,5.36,5.3695,5.36,5.36,442,0
SORA.US,5,20250922,191000,5.36,5.36,5.36,5.36,429,0
SORA.US,5,20250922,202000,5.3586,5.3586,5.3586,5.3586,250,0
SORA.US,5,20250922,204500,5.32,5.32,5.32,5.32,100,0
SORA.US,5,20250922,205000,5.43,5.43,5.43,5.43,100,0
SORA.US,5,20250922,210500,5.43,5.43,5.43,5.43,100,0
SORA.US,5,20250923,161000,5.18,5.38,5.18,5.35,899,0
SORA.US,5,20250923,161500,5.4498,5.495,5.35,5.35,2914,0
SORA.US,5,20250923,162000,5.47,5.47,5.4,5.4,210,0
SORA.US,5,20250923,165000,5.37,5.37,5.37,5.37,200,0
SORA.US,5,20250923,172000,5.38,5.38,5.38,5.38,100,0
SORA.US,5,20250923,182000,5.38,5.38,5.38,5.38,504,0
SORA.US,5,20250923,195000,5.4,5.43,5.4,5.43,200,0
SORA.US,5,20250923,214000,5.38,5.38,5.35,5.35,931,0
SORA.US,5,20250924,153000,5.53,5.5399,5.48,5.48,1210,0
SORA.US,5,20250924,162500,5.35,5.5,5.3201,5.5,2350,0
SORA.US,5,20250924,163000,5.33,5.48,5.3201,5.3201,2500,0
SORA.US,5,20250924,163500,5.49,5.49,5.32,5.48,1461,0
SORA.US,5,20250924,164500,5.43,5.43,5.43,5.43,100,0
SORA.US,5,20250924,171500,5.4299,5.4299,5.4299,5.4299,126,0
SORA.US,5,20250924,173000,5.43,5.43,5.43,5.43,100,0
SORA.US,5,20250924,180500,5.35,5.35,5.35,5.35,169,0
SORA.US,5,20250924,181000,5.42,5.42,5.42,5.42,100,0
SORA.US,5,20250924,183500,5.4,5.4,5.4,5.4,100,0
SORA.US,5,20250924,210500,5.38,5.4,5.38,5.4,200,0
SORA.US,5,20250924,211000,5.41,5.45,5.41,5.425,662,0
SORA.US,5,20250924,211500,5.43,5.45,5.43,5.45,200,0
SORA.US,5,20250924,212000,5.44,5.455,5.44,5.455,500,0
SORA.US,5,20250924,212500,5.42,5.44,5.42,5.44,300,0
SORA.US,5,20250924,213000,5.42,5.42,5.42,5.42,300,0
SORA.US,5,20250924,213500,5.41,5.41,5.41,5.41,100,0
SORA.US,5,20250925,153000,5.24,5.5,5.24,5.5,1349,0
SORA.US,5,20250925,163500,5.4,5.4,5.4,5.4,1000,0
SORA.US,5,20250925,164500,5.3116,5.46,5.3116,5.46,1044,0
SORA.US,5,20250925,170000,5.36,5.36,5.34,5.34,500,0
SORA.US,5,20250925,170500,5.3732,5.3732,5.3,5.3,300,0
SORA.US,5,20250925,174000,5.35,5.35,5.27,5.27,2437,0
SORA.US,5,20250925,181000,5.1201,5.1201,5,5.01,692,0
SORA.US,5,20250925,204000,5,5.09,4.969,4.969,1965,0
SORA.US,5,20250925,212500,4.99,5.1,4.99,5.1,1033,0
SORA.US,5,20250926,153000,4.95,4.95,4.9,4.9,1280,0
SORA.US,5,20250926,153500,4.9,4.9,4.9,4.9,1200,0
SORA.US,5,20250926,154500,4.8848,4.8848,4.8848,4.8848,142,0
SORA.US,5,20250926,164000,4.85,4.85,4.85,4.85,100,0
SORA.US,5,20250926,165000,4.808,4.808,4.8,4.8,1089,0
SORA.US,5,20250926,215500,4.775,4.775,4.775,4.775,153,0
SORA.US,5,20250929,155500,4.7001,4.7001,4.7001,4.7001,104,0
SORA.US,5,20250929,160000,4.8,4.8,4.8,4.8,100,0
SORA.US,5,20250929,161500,4.7349,4.7563,4.7349,4.7563,510,0
SORA.US,5,20250929,163000,4.8,4.8,4.8,4.8,100,0
SORA.US,5,20250929,163500,4.75,4.88,4.7,4.7,1835,0
SORA.US,5,20250929,164000,4.7,4.7,4.6,4.61,11176,0
SORA.US,5,20250929,164500,4.59,4.7304,4.5552,4.5552,2195,0
SORA.US,5,20250929,165000,4.6,4.6,4.6,4.6,1289,0
SORA.US,5,20250929,174000,4.575,4.78,4.55,4.55,8267,0
SORA.US,5,20250929,183500,4.51,4.51,4.51,4.51,100,0
SORA.US,5,20250929,184000,4.55,4.6,4.5,4.5,1882,0
SORA.US,5,20250929,185500,4.5975,4.61,4.5975,4.61,600,0
SORA.US,5,20250929,190000,4.61,4.61,4.61,4.61,100,0
SORA.US,5,20250929,204000,4.61,4.61,4.61,4.61,100,0
SORA.US,5,20250929,210000,4.53,4.59,4.53,4.59,361,0
SORA.US,5,20250929,211500,4.61,4.61,4.61,4.61,100,0
SORA.US,5,20250929,212000,4.61,4.61,4.61,4.61,100,0
SORA.US,5,20250929,215000,4.61,4.61,4.52,4.52,888,0
SORA.US,5,20250929,215500,4.6,4.6,4.6,4.6,700,0
SORA.US,5,20250930,154000,4.52,4.52,4.5,4.5,416,0
SORA.US,5,20250930,160000,4.51,4.51,4.51,4.51,100,0
SORA.US,5,20250930,160500,4.51,4.51,4.51,4.51,100,0
SORA.US,5,20250930,162000,4.5,4.5,4.5,4.5,100,0
SORA.US,5,20250930,162500,4.53,4.53,4.53,4.53,103,0
SORA.US,5,20250930,163000,4.58,4.58,4.4,4.54,4415,0
SORA.US,5,20250930,163500,4.5,4.5,4.5,4.5,100,0
SORA.US,5,20250930,164000,4.5,4.635,4.5,4.5963,1333,0
SORA.US,5,20250930,164500,4.64,4.64,4.63,4.63,243,0
SORA.US,5,20250930,165000,4.63,4.7,4.63,4.66,1887,0
SORA.US,5,20250930,165500,4.81,4.81,4.81,4.81,198,0
SORA.US,5,20250930,174000,4.855,4.855,4.855,4.855,101,0
SORA.US,5,20250930,175000,4.81,4.81,4.6,4.61,1824,0
SORA.US,5,20250930,180000,4.8,4.8,4.7259,4.7259,598,0
SORA.US,5,20250930,180500,4.85,4.85,4.77,4.8,863,0
SORA.US,5,20250930,181000,4.85,4.85,4.85,4.85,497,0
SORA.US,5,20250930,183000,4.85,4.85,4.8,4.8,1220,0
SORA.US,5,20250930,190000,4.7999,4.7999,4.7999,4.7999,300,0
SORA.US,5,20250930,190500,4.7,4.7,4.7,4.7,200,0
SORA.US,5,20250930,191000,4.6604,4.79,4.6604,4.79,1000,0
SORA.US,5,20250930,193000,4.75,4.75,4.75,4.75,100,0
SORA.US,5,20250930,193500,4.66,4.66,4.63,4.63,1700,0
SORA.US,5,20250930,194500,4.6,4.6,4.6,4.6,123,0
SORA.US,5,20250930,202500,4.5108,4.5108,4.5108,4.5108,198,0
SORA.US,5,20250930,210000,4.605,4.605,4.605,4.605,100,0
SORA.US,5,20250930,212500,4.52,4.52,4.52,4.52,100,0
SORA.US,5,20250930,213500,4.605,4.605,4.605,4.605,600,0
SORA.US,5,20250930,214000,4.605,4.605,4.605,4.605,136,0
SORA.US,5,20250930,215500,4.51,4.6,4.5,4.5,1293,0
SORA.US,5,20251001,155500,4.59,4.59,4.59,4.59,109,0
SORA.US,5,20251001,161500,4.59,4.59,4.59,4.59,200,0
SORA.US,5,20251001,162000,4.65,4.65,4.65,4.65,811,0
SORA.US,5,20251001,163000,4.65,4.6998,4.65,4.6998,828,0
SORA.US,5,20251001,163500,4.6953,4.7,4.6953,4.7,612,0
SORA.US,5,20251001,164000,4.8,4.803363,4.74,4.74,3675,0
SORA.US,5,20251001,164500,4.75,5.07,4.75,5.07,1451,0
SORA.US,5,20251001,170000,4.91,4.93,4.91,4.93,200,0
SORA.US,5,20251001,171500,4.91,4.91,4.86,4.86,1136,0
SORA.US,5,20251001,172000,4.86,4.86,4.86,4.86,100,0
SORA.US,5,20251001,173500,4.875,4.875,4.875,4.875,500,0
SORA.US,5,20251001,175500,4.85,4.85,4.85,4.85,1000,0
SORA.US,5,20251001,185500,4.8816,4.8816,4.8808,4.8808,449,0
SORA.US,5,20251001,190000,4.86,4.86,4.86,4.86,240,0
SORA.US,5,20251001,192500,4.86,4.86,4.86,4.86,110,0
SORA.US,5,20251001,204500,4.9501,4.9501,4.9501,4.9501,100,0
SORA.US,5,20251001,215500,4.8,4.8,4.8,4.8,100,0
SORA.US,5,20251002,153000,5.22,5.22,5.22,5.22,611,0
SORA.US,5,20251002,154000,5.15,5.22,5.15,5.22,436,0
SORA.US,5,20251002,161500,5.1453,5.1453,5.1453,5.1453,416,0
SORA.US,5,20251002,173000,5.16,5.16,5.15,5.15,465,0
SORA.US,5,20251002,175500,5.16,5.16,5.16,5.16,500,0
SORA.US,5,20251002,204000,5.21,5.21,5.21,5.21,360,0
SORA.US,5,20251002,211500,5.19,5.19,5.19,5.19,100,0
SORA.US,5,20251002,212500,5.24,5.2465,5.21,5.21,500,0
SORA.US,5,20251002,213000,5.2626,5.2626,5.2626,5.2626,300,0
SORA.US,5,20251002,213500,5.27,5.3,5.27,5.3,1019,0
SORA.US,5,20251002,214000,5.3004,5.31,5.0079,5.16,33623,0
SORA.US,5,20251002,214500,5.18,5.29,5.1,5.29,5157,0
SORA.US,5,20251002,215000,5.18,5.31,5.18,5.31,12597,0
SORA.US,5,20251002,215500,5.245,5.31,5.245,5.31,1407,0
SORA.US,5,20251003,153000,5.52,5.5229,5.45,5.46,1795,0
SORA.US,5,20251003,154000,5.324,5.324,5.324,5.324,500,0
SORA.US,5,20251003,155500,5.32,5.32,5.3,5.3,1597,0
SORA.US,5,20251003,161000,5.2058,5.25,5.0701,5.0701,2200,0
SORA.US,5,20251003,162000,5.18,5.31,5.18,5.31,321,0
SORA.US,5,20251003,163000,5.19,5.19,5.19,5.19,100,0
SORA.US,5,20251003,163500,5.015,5.15,5.015,5.15,1183,0
SORA.US,5,20251003,164500,5.19,5.19,5.19,5.19,720,0
SORA.US,5,20251003,170000,5.17,5.32,5.17,5.32,1310,0
SORA.US,5,20251003,170500,5.25,5.25,5.2,5.2,600,0
SORA.US,5,20251003,171000,5.455,5.455,5.455,5.455,1000,0
SORA.US,5,20251003,171500,5.214,5.214,5.214,5.214,300,0
SORA.US,5,20251003,172000,5.4612,5.4612,5.4612,5.4612,100,0
SORA.US,5,20251003,172500,5.17,5.17,5.17,5.17,100,0
SORA.US,5,20251003,181000,5.4389,5.4389,5.4389,5.4389,450,0
SORA.US,5,20251003,185000,5.2,5.3781,5.2,5.3781,450,0
SORA.US,5,20251003,190000,5.2,5.2,5.2,5.2,100,0
SORA.US,5,20251003,190500,5.32,5.32,5.32,5.32,100,0
SORA.US,5,20251003,193000,5.2136,5.2136,5.2136,5.2136,400,0
SORA.US,5,20251003,194500,5.21,5.28,5.21,5.21,500,0
SORA.US,5,20251003,200500,5.2,5.2,5.2,5.2,220,0
SORA.US,5,20251003,201000,5.15,5.15,5.15,5.15,200,0
SORA.US,5,20251003,203500,5,5.0079,5,5.0079,1169,0
SORA.US,5,20251003,211000,5.01,5.01,5.01,5.01,500,0
SORA.US,5,20251003,211500,5.09,5.09,5.09,5.09,100,0
SORA.US,5,20251003,212000,5.05,5.05,5.05,5.05,700,0
SORA.US,5,20251003,212500,5.075,5.1,5.075,5.1,401,0
SORA.US,5,20251003,213000,5.075,5.075,5.075,5.075,201,0
SORA.US,5,20251003,214000,5.075,5.075,5.075,5.075,800,0
SORA.US,5,20251003,215000,5.08,5.08,5.08,5.08,518,0
SORA.US,5,20251003,215500,5.075,5.075,5.075,5.075,100,0
SORA.US,5,20251006,153000,5.28,5.465,5.28,5.465,1569,0
SORA.US,5,20251006,153500,5.29,5.29,5.29,5.29,216,0
SORA.US,5,20251006,155000,5.29,5.29,5.29,5.29,500,0
SORA.US,5,20251006,155500,5.365,5.365,5.3193,5.3193,892,0
SORA.US,5,20251006,161000,5.515,5.515,5.515,5.515,189,0
SORA.US,5,20251006,161500,5.3827,5.3827,5.3827,5.3827,100,0
SORA.US,5,20251006,162000,5.4,5.5,5.4,5.5,900,0
SORA.US,5,20251006,162500,5.45,5.45,5.45,5.45,280,0
SORA.US,5,20251006,163000,5.4,5.4001,5.225,5.225,1600,0
SORA.US,5,20251006,163500,5.24,5.345,5.24,5.345,452,0
SORA.US,5,20251006,164000,5.35,5.44,5.35,5.44,320,0
SORA.US,5,20251006,164500,5.415,5.415,5.38,5.38,600,0
SORA.US,5,20251006,165000,5.42,5.42,5.42,5.42,300,0
SORA.US,5,20251006,165500,5.42,5.42,5.42,5.42,544,0
SORA.US,5,20251006,170000,5.42,5.42,5.42,5.42,137,0
SORA.US,5,20251006,170500,5.24,5.25,5.24,5.25,200,0
SORA.US,5,20251006,173500,5.285,5.3199,5.285,5.3198,465,0
SORA.US,5,20251006,174500,5.31,5.31,5.285,5.285,2200,0
SORA.US,5,20251006,175000,5.29,5.29,5.29,5.29,400,0
SORA.US,5,20251006,180000,5.32,5.5,5.12,5.12,28030,0
SORA.US,5,20251006,180500,5.3,5.3,5.3,5.3,100,0
SORA.US,5,20251006,182500,5.3617,5.4837,5.3617,5.4837,1646,0
SORA.US,5,20251006,183000,5.355,5.355,5.355,5.355,1000,0
SORA.US,5,20251006,183500,5.4,5.41,5.4,5.4,1100,0
SORA.US,5,20251006,184500,5.2294,5.4772,5.2102,5.2102,982,0
SORA.US,5,20251006,185000,5.2101,5.2101,5.1,5.2,1981,0
SORA.US,5,20251006,191500,5.4632,5.4632,5.4632,5.4632,100,0
SORA.US,5,20251006,200000,5.09,5.2275,5.09,5.2275,200,0
SORA.US,5,20251006,205000,5.07,5.07,5.07,5.07,390,0
SORA.US,5,20251006,211500,5.23,5.23,5.23,5.23,100,0
SORA.US,5,20251007,153000,5.45,5.45,5.43,5.44,634,0
SORA.US,5,20251007,153500,5.43,5.46,5.2,5.2,5430,0
SORA.US,5,20251007,162000,5.3,5.3,5.3,5.3,100,0
SORA.US,5,20251007,165500,5.24,5.2987,5.24,5.2987,200,0
SORA.US,5,20251007,172000,5.275,5.3,5.275,5.29,1200,0
SORA.US,5,20251007,172500,5.3,5.3,5.3,5.3,1204,0
SORA.US,5,20251007,175000,5.34,5.34,5.34,5.34,100,0
SORA.US,5,20251007,175500,5.3647,5.3647,5.3647,5.3647,500,0
SORA.US,5,20251007,182000,5.34,5.34,5.34,5.34,100,0
SORA.US,5,20251007,182500,5.28,5.28,5.28,5.28,485,0
SORA.US,5,20251007,183000,5.2,5.2,5.2,5.2,956,0
SORA.US,5,20251007,184000,5.2103,5.2103,5.2103,5.2103,350,0
SORA.US,5,20251007,211000,5.21,5.21,5.21,5.21,100,0
SORA.US,5,20251007,212500,5.2,5.2,5.2,5.2,1803,0
SORA.US,5,20251008,153500,5.2,5.2,5.16,5.16,331,0
SORA.US,5,20251008,154000,5.11,5.11,5.11,5.11,100,0
SORA.US,5,20251008,154500,5.1211,5.1211,5.1211,5.1211,100,0
SORA.US,5,20251008,162000,5.195,5.195,5.195,5.195,100,0
SORA.US,5,20251008,170000,5.1234,5.1234,5.1234,5.1234,100,0
SORA.US,5,20251008,172500,5.2,5.29,5.2,5.29,1192,0
SORA.US,5,20251008,174500,5.36,5.36,5.36,5.36,500,0
SORA.US,5,20251008,175500,5.305,5.32356,5.1,5.1,1762,0
SORA.US,5,20251008,180000,5.295,5.295,5.295,5.295,500,0
SORA.US,5,20251008,181000,5.1,5.25,5.1,5.25,2124,0
SORA.US,5,20251008,182000,5.25,5.25,5.25,5.25,500,0
SORA.US,5,20251008,184000,5.275,5.275,5.275,5.275,340,0
SORA.US,5,20251008,191000,5.35,5.35,5.32,5.32,6557,0
SORA.US,5,20251008,191500,5.4,5.4,5.32,5.33,502,0
SORA.US,5,20251008,192000,5.33,5.33,5.33,5.33,200,0
SORA.US,5,20251008,192500,5.34,5.34,5.34,5.34,200,0
SORA.US,5,20251008,193000,5.33,5.36,5.31,5.36,600,0
SORA.US,5,20251008,193500,5.32,5.33,5.32,5.33,810,0
SORA.US,5,20251008,194000,5.33,5.44,5.3,5.31,1065,0
SORA.US,5,20251008,194500,5.34,5.34,5.34,5.34,200,0
SORA.US,5,20251008,195000,5.33,5.33,5.33,5.33,200,0
SORA.US,5,20251008,195500,5.32,5.32,5.32,5.32,100,0
SORA.US,5,20251008,200000,5.37,5.37,4.945,4.945,400,0
SORA.US,5,20251008,201000,4.74,5.005,4.74,5.005,1120,0
SORA.US,5,20251008,203500,5.32,5.32,5.32,5.32,200,0
SORA.US,5,20251008,204000,5.32,5.38,5.32,5.38,230,0
SORA.US,5,20251008,204500,5.32,5.32,5.32,5.32,200,0
SORA.US,5,20251008,205000,5.36,5.3799,5.19,5.32,637,0
SORA.US,5,20251008,205500,5.36,5.4799,5.36,5.4799,2300,0
SORA.US,5,20251008,211000,5.38,5.38,5.38,5.38,272,0
SORA.US,5,20251008,213500,5.44,5.44,5.44,5.44,100,0
SORA.US,5,20251008,214000,5.47,5.54,5.45,5.54,6402,0
SORA.US,5,20251008,214500,5.72,5.8,5.72,5.77,4403,0
SORA.US,5,20251008,215000,5.885,6.55,5.885,6.55,9362,0
SORA.US,5,20251008,215500,6.73,6.99,6.41,6.99,10394,0
SORA.US,5,20251009,153000,6.6,6.6,6.19,6.19,5107,0
SORA.US,5,20251009,153500,6.09,6.1,6,6,860,0
SORA.US,5,20251009,154000,6.2,6.2,6.2,6.2,300,0
SORA.US,5,20251009,154500,6.2,6.25,5.81,5.81,700,0
SORA.US,5,20251009,155000,5.995,5.995,5.995,5.995,100,0
SORA.US,5,20251009,155500,6.17,6.17,6.17,6.17,100,0
SORA.US,5,20251009,160000,6.1,6.17,6.04,6.04,820,0
SORA.US,5,20251009,160500,6.1,6.1,6.1,6.1,300,0
SORA.US,5,20251009,161000,6.09,6.0994,6.09,6.0994,1350,0
SORA.US,5,20251009,161500,6.1,6.17,6.1,6.17,3192,0
SORA.US,5,20251009,162000,6.2,6.265,6.2,6.25,2585,0
SORA.US,5,20251009,163000,6.1,6.2,6.0225,6.0225,1357,0
SORA.US,5,20251009,163500,6.2,6.2,6.02,6.02,350,0
SORA.US,5,20251009,164000,6.1,6.1,6.1,6.1,466,0
SORA.US,5,20251009,165000,6.14,6.14,6.1,6.11,550,0
SORA.US,5,20251009,165500,6.15,6.15,6.15,6.15,334,0
SORA.US,5,20251009,170000,6.15,6.2,6.15,6.15,2202,0
SORA.US,5,20251009,171500,6.2,6.2,6.2,6.2,317,0
SORA.US,5,20251009,172000,6.2,6.2,6.2,6.2,500,0
SORA.US,5,20251009,172500,6.2,6.2,6.2,6.2,453,0
SORA.US,5,20251009,173000,6.185,6.185,6.18,6.18,200,0
SORA.US,5,20251009,173500,6.2,6.2,6.1974,6.1974,600,0
SORA.US,5,20251009,174000,6.2,6.28,6.2,6.28,2510,0
SORA.US,5,20251009,174500,6.28,6.38,6.28,6.38,1000,0
SORA.US,5,20251009,175500,6.29,6.29,6.29,6.29,100,0
SORA.US,5,20251009,180000,6.285,6.285,6.2,6.2,600,0
SORA.US,5,20251009,181000,6.24,6.24,6.24,6.24,100,0
SORA.US,5,20251009,181500,6.25,6.25,6.25,6.25,200,0
SORA.US,5,20251009,184000,6.25,6.25,6.25,6.25,100,0
SORA.US,5,20251009,185000,6.25,6.25,6.25,6.25,117,0
SORA.US,5,20251009,185500,6.3,6.3,6.3,6.3,300,0
SORA.US,5,20251009,190500,6.25,6.25,6.25,6.25,300,0
SORA.US,5,20251009,191500,6.13,6.13,6.09,6.09,3584,0
SORA.US,5,20251009,192000,6.108,6.24,6.1,6.1,1550,0
SORA.US,5,20251009,194000,6.1,6.1,6.1,6.1,299,0
SORA.US,5,20251009,194500,6.05,6.0501,5.89,6.0001,7348,0
SORA.US,5,20251009,195000,6.09,6.09,6,6,200,0
SORA.US,5,20251009,202500,6.01,6.01,5.87,5.87,1925,0
SORA.US,5,20251009,210000,5.9,5.9,5.8,5.88,3278,0
SORA.US,5,20251009,210500,5.87,5.87,5.87,5.87,850,0
SORA.US,5,20251009,211000,5.87,5.87,5.87,5.87,648,0
SORA.US,5,20251009,211500,5.8,5.8,5.71,5.71,3176,0
SORA.US,5,20251009,212000,5.76,5.76,5.5,5.5482,8067,0
SORA.US,5,20251009,212500,5.595,5.595,5.5801,5.5801,200,0
SORA.US,5,20251009,214000,5.695,5.695,5.695,5.695,102,0
SORA.US,5,20251009,214500,5.7145,5.7145,5.7145,5.7145,200,0
SORA.US,5,20251009,215000,5.73,5.88,5.73,5.88,939,0
SORA.US,5,20251009,215500,6.09,6.09,6.09,6.09,1457,0
SORA.US,5,20251010,153000,6.14,6.14,5.53,5.7466,2215,0
SORA.US,5,20251010,154000,5.855,5.87,5.795,5.87,508,0
SORA.US,5,20251010,155000,5.87,5.87,5.87,5.87,100,0
SORA.US,5,20251010,160000,5.835,5.835,5.8,5.8,200,0
SORA.US,5,20251010,161000,5.835,5.835,5.8,5.8,521,0
SORA.US,5,20251010,163500,5.81,5.81,5.81,5.81,200,0
SORA.US,5,20251010,164500,5.643,5.643,5.643,5.643,100,0
SORA.US,5,20251010,173000,5.6,5.6,5.6,5.6,100,0
SORA.US,5,20251010,175500,5.795,5.89,5.795,5.885,800,0
SORA.US,5,20251010,180500,5.88,5.89,5.715,5.88,2567,0
SORA.US,5,20251010,183500,5.9,5.9,5.9,5.9,169,0
SORA.US,5,20251010,184000,5.88,5.9,5.88,5.88,786,0
SORA.US,5,20251010,190000,5.92,5.92,5.92,5.92,271,0
SORA.US,5,20251010,195500,5.88,5.88,5.88,5.88,174,0
SORA.US,5,20251010,200500,5.88,5.88,5.88,5.88,792,0
SORA.US,5,20251010,211500,5.88,5.9287,5.88,5.9287,868,0
SORA.US,5,20251013,153000,5.98,5.98,5.84,5.84,2210,0
SORA.US,5,20251013,160000,5.73,5.73,5.73,5.73,200,0
SORA.US,5,20251013,160500,5.7399,5.7399,5.7,5.7,500,0
SORA.US,5,20251013,161500,5.715,5.715,5.715,5.715,700,0
SORA.US,5,20251013,164500,5.78,5.78,5.78,5.78,500,0
SORA.US,5,20251013,171000,5.93,5.93,5.93,5.93,200,0
SORA.US,5,20251013,173000,5.81,5.81,5.81,5.81,100,0
SORA.US,5,20251013,173500,5.86,5.9499,5.82,5.9,2369,0
SORA.US,5,20251013,174500,5.8,5.8,5.8,5.8,600,0
SORA.US,5,20251013,175500,5.77,5.78,5.76,5.76,300,0
SORA.US,5,20251013,180500,5.68,5.68,5.68,5.68,1650,0
SORA.US,5,20251013,181000,5.5171,5.5171,5.5171,5.5171,6569,0
SORA.US,5,20251013,182000,5.5134,5.5134,5.5134,5.5134,201,0
SORA.US,5,20251013,183000,5.8705,5.8705,5.765,5.765,1628,0
SORA.US,5,20251013,184000,5.7724,5.7724,5.7724,5.7724,100,0
SORA.US,5,20251013,195500,5.7,5.7,5.7,5.7,100,0
SORA.US,5,20251014,153000,5.39,5.755,5.39,5.755,1175,0
SORA.US,5,20251014,153500,5.0771,5.0771,5.0771,5.0771,364,0
SORA.US,5,20251014,154000,5.25,5.5,5.25,5.5,2218,0
SORA.US,5,20251014,154500,5.8,5.8,5.77,5.8,354,0
SORA.US,5,20251014,160500,5.434,5.434,5.434,5.434,150,0
SORA.US,5,20251014,162000,5.7641,5.7641,5.7641,5.7641,300,0
SORA.US,5,20251014,164500,5.43,5.7,5.43,5.7,201,0
SORA.US,5,20251014,165000,5.66,5.7,5.66,5.7,300,0
SORA.US,5,20251014,165500,5.7,5.74,5.7,5.74,300,0
SORA.US,5,20251014,170000,5.73,5.73,5.65,5.65,200,0
SORA.US,5,20251014,170500,5.71,5.71,5.71,5.71,100,0
SORA.US,5,20251014,171000,5.575,5.575,5.575,5.575,100,0
SORA.US,5,20251014,171500,5.77,5.77,5.75,5.75,400,0
SORA.US,5,20251014,172000,5.75,5.75,5.67,5.67,391,0
SORA.US,5,20251014,175500,5.75,5.8,5.72,5.72,1000,0
SORA.US,5,20251014,180000,5.76,5.84,5.76,5.84,500,0
SORA.US,5,20251014,180500,5.8699,5.8699,5.805,5.805,281,0
SORA.US,5,20251014,182000,5.74,5.74,5.74,5.74,100,0
SORA.US,5,20251014,184000,5.72,5.72,5.5087,5.5087,2100,0
SORA.US,5,20251015,153000,5.78,5.78,5.78,5.78,101,0
SORA.US,5,20251015,155000,5.46,5.46,5.46,5.46,100,0
SORA.US,5,20251015,155500,5.6697,5.6697,5.6697,5.6697,230,0
SORA.US,5,20251015,160500,5.48,5.48,5.48,5.48,100,0
SORA.US,5,20251015,161000,5.47,5.47,5.47,5.47,230,0
SORA.US,5,20251015,161500,5.46,5.47,5.46,5.46,375,0
SORA.US,5,20251015,162000,5.45,5.45,5.45,5.45,141,0
SORA.US,5,20251015,162500,5.47,5.47,5.47,5.47,100,0
SORA.US,5,20251015,163000,5.47,5.48,5.45,5.45,778,0
SORA.US,5,20251015,164000,5.46,5.71,5.46,5.71,550,0
SORA.US,5,20251015,171000,5.69,5.69,5.69,5.69,244,0
SORA.US,5,20251015,172000,5.4,5.4,5.4,5.4,954,0
SORA.US,5,20251015,173500,5.505,5.505,5.505,5.505,100,0
SORA.US,5,20251015,174500,5.71,5.71,5.71,5.71,100,0
SORA.US,5,20251015,182000,5.6074,5.6074,5.6074,5.6074,200,0
SORA.US,5,20251015,184000,5.7099,5.7099,5.7099,5.7099,300,0
SORA.US,5,20251015,200000,5.68,5.68,5.68,5.68,100,0
SORA.US,5,20251015,201000,5.41,5.41,5.39,5.39,200,0
SORA.US,5,20251015,215500,5.55,5.55,5.55,5.55,200,0
SORA.US,5,20251016,162000,5.1557,5.1557,5.1557,5.1557,150,0
SORA.US,5,20251016,163000,5.15,5.15,5.15,5.15,5269,0
SORA.US,5,20251016,172500,5.37,5.56,5.37,5.56,236,0
SORA.US,5,20251016,173500,5.46,5.46,5.46,5.46,200,0
SORA.US,5,20251016,175000,5.43,5.43,5.43,5.43,112,0
SORA.US,5,20251016,195500,5.35,5.35,5.35,5.35,100,0
SORA.US,5,20251017,153000,5.2,5.2,5.2,5.2,138,0
SORA.US,5,20251017,155500,5.19,5.21,5.15,5.21,899,0
SORA.US,5,20251017,161000,5.1,5.1,5.1,5.1,100,0
SORA.US,5,20251017,172000,5.03,5.03,5.03,5.03,100,0
SORA.US,5,20251017,175000,5.19,5.19,5.18,5.18,200,0
SORA.US,5,20251017,182000,5.05,5.05,5.05,5.05,103,0
SORA.US,5,20251017,195500,5.01,5.01,5.01,5.01,100,0
SORA.US,5,20251020,153000,5.05,5.1,5.05,5.1,715,0
SORA.US,5,20251020,155500,5.05,5.05,5.05,5.05,100,0
SORA.US,5,20251020,160000,5.06,5.06,5.06,5.06,100,0
SORA.US,5,20251020,160500,5.11,5.11,5.11,5.11,150,0
SORA.US,5,20251020,161500,5.2807,5.2807,5.25,5.25,300,0
SORA.US,5,20251020,171500,5.34,5.34,5.34,5.34,200,0
SORA.US,5,20251020,173500,5.3,5.3,5.3,5.3,1954,0
SORA.US,5,20251020,175000,5.2649,5.45,5.096,5.45,650,0
SORA.US,5,20251020,181000,5.45,5.45,5.45,5.45,1273,0
SORA.US,5,20251020,192500,5.4012,5.4012,5.4012,5.4012,200,0
SORA.US,5,20251020,194000,5.0997,5.45,5.0997,5.45,300,0
SORA.US,5,20251021,153000,5.26,5.41,5.05,5.05,393,0
SORA.US,5,20251021,154000,5.05,5.05,5.05,5.05,297,0
SORA.US,5,20251021,155000,5.05,5.05,5.05,5.05,100,0
SORA.US,5,20251021,160500,5.2706,5.2706,5.2706,5.2706,200,0
SORA.US,5,20251021,161500,5.13,5.13,5.12,5.12,300,0
SORA.US,5,20251021,162000,5.17,5.17,5.17,5.17,300,0
SORA.US,5,20251021,162500,5.3199,5.32,5.3199,5.32,822,0
SORA.US,5,20251021,164000,5.32,5.32,5.32,5.32,100,0
SORA.US,5,20251021,170000,5.245,5.245,5.245,5.245,187,0
SORA.US,5,20251021,171500,5.3,5.3,5.3,5.3,147,0
SORA.US,5,20251021,175000,5.4,5.4,5.4,5.4,195,0
SORA.US,5,20251021,181000,5.4,5.4,5.4,5.4,100,0
SORA.US,5,20251021,181500,5.4,5.4,5.4,5.4,100,0
SORA.US,5,20251021,195500,5.175,5.4,5.175,5.4,2205,0
SORA.US,5,20251021,200000,5.44,5.44,5.44,5.44,130,0
SORA.US,5,20251022,174500,5.3,5.3,5.3,5.3,100,0
SORA.US,5,20251022,175000,5.24,5.34,5.24,5.34,200,0
SORA.US,5,20251022,175500,5.24,5.24,5.24,5.24,100,0
SORA.US,5,20251022,190500,5.67,5.67,5.67,5.67,100,0
SORA.US,5,20251022,201500,5.42,5.42,5.42,5.42,1000,0
SORA.US,5,20251023,180000,5.32,5.32,5.32,5.32,100,0
SORA.US,5,20251023,180500,5.32,5.32,5.32,5.32,100,0
SORA.US,5,20251023,200000,5.22,5.2201,5.22,5.2201,660,0
SORA.US,5,20251024,154500,5.275,5.275,5.275,5.275,188,0
SORA.US,5,20251024,173500,5.3,5.37,5.3,5.37,600,0
SORA.US,5,20251024,212500,5.51,5.51,5.51,5.51,558,0
SORA.US,5,20251024,215500,5.27,5.27,5.27,5.27,121,0
SORA.US,5,20251027,143000,5.42,5.42,5.4,5.4,248,0
SORA.US,5,20251027,152500,5.49,5.5,5.49,5.49,1438,0
SORA.US,5,20251027,174000,5.35,5.35,5.35,5.35,100,0
SORA.US,5,20251027,175500,5.4107,5.4107,5.4107,5.4107,127,0
SORA.US,5,20251028,151000,5.16,5.4,5.1,5.15,1439,0
SORA.US,5,20251028,155000,5.297,5.325,5.297,5.325,600,0
SORA.US,5,20251028,155500,5.49,5.5,5.15,5.5,1887,0
SORA.US,5,20251028,160000,5.2554,5.2554,5.15,5.15,2270,0
SORA.US,5,20251028,181000,5.18,5.18,5.18,5.18,100,0
SORA.US,5,20251029,150000,5.058,5.07,5.058,5.07,200,0
SORA.US,5,20251029,150500,5.18,5.19,5.18,5.19,200,0
SORA.US,5,20251029,160000,5.2,5.2,5.1,5.1,200,0
SORA.US,5,20251029,164000,5.1001,5.1001,5.1001,5.1001,539,0
SORA.US,5,20251029,170500,5.2104,5.275,5.1,5.275,2166,0
SORA.US,5,20251029,181000,5.2162,5.2162,5.2162,5.2162,230,0
SORA.US,5,20251029,201500,5.11,5.11,5.11,5.11,205,0
SORA.US,5,20251030,143000,5.1,5.1,5.1,5.1,100,0
SORA.US,5,20251030,144000,5.1,5.1,5.1,5.1,100,0
SORA.US,5,20251030,152000,5.297,5.3,5.297,5.3,1742,0
SORA.US,5,20251030,153000,5.1,5.15,5.1,5.15,222,0
SORA.US,5,20251030,155000,5.13,5.13,5.13,5.13,155,0
SORA.US,5,20251030,155500,5.13,5.13,5.13,5.13,100,0
SORA.US,5,20251030,160500,5.1001,5.1001,5.03,5.05,1007,0
SORA.US,5,20251030,162000,5.05,5.05,5.05,5.05,100,0
SORA.US,5,20251030,163000,5.05,5.2,5.05,5.2,1687,0
SORA.US,5,20251030,172500,5.125,5.125,5.125,5.125,400,0
SORA.US,5,20251030,185000,5.145,5.145,5.145,5.145,100,0
SORA.US,5,20251030,190000,5.09,5.09,5.09,5.09,100,0
SORA.US,5,20251030,194500,5.1,5.14,5.1,5.14,1133,0
SORA.US,5,20251031,144000,5.05,5.05,5.05,5.05,100,0
SORA.US,5,20251031,144500,5.051,5.051,5.051,5.051,250,0
SORA.US,5,20251031,145000,5.07,5.15,5.07,5.15,336,0
SORA.US,5,20251031,155000,5.04,5.2,5.04,5.2,1374,0
SORA.US,5,20251031,165500,5.1,5.1,5.1,5.1,100,0
SORA.US,5,20251031,172000,5,5.2,4.99,5,1302,0
SORA.US,5,20251031,183000,5.045,5.045,5.045,5.045,100,0
SORA.US,5,20251031,183500,5.05,5.05,5.05,5.05,100,0
SORA.US,5,20251031,190000,5.05,5.05,5.05,5.05,100,0
SORA.US,5,20251031,203000,5.1,5.1,5.1,5.1,175,0
SORA.US,5,20251103,153000,5.1,5.1,5.06,5.06,613,0
SORA.US,5,20251103,154500,5.08,5.08,5.08,5.08,100,0
SORA.US,5,20251103,161000,5.08,5.08,5.08,5.08,250,0
SORA.US,5,20251103,162000,5.08,5.1,5.08,5.1,1829,0
SORA.US,5,20251103,164500,5.08,5.08,5.08,5.08,662,0
SORA.US,5,20251103,183000,5.28,5.28,5.0701,5.0701,300,0
SORA.US,5,20251103,183500,5.0601,5.28,5.0601,5.28,200,0
SORA.US,5,20251103,184000,5.0671,5.0671,5.0671,5.0671,556,0
SORA.US,5,20251103,193500,5.275,5.275,5.06,5.06,414,0
SORA.US,5,20251103,214500,5.06,5.06,5.06,5.06,100,0
SORA.US,5,20251104,153000,5,5,4.92,4.95,800,0
SORA.US,5,20251104,153500,4.92,4.95,4.92,4.95,389,0
SORA.US,5,20251104,154000,4.95,4.95,4.82,4.9,500,0
SORA.US,5,20251104,154500,4.91,4.91,4.91,4.91,100,0
SORA.US,5,20251104,160000,4.91,4.91,4.91,4.91,300,0
SORA.US,5,20251104,163500,4.9991,4.9991,4.9991,4.9991,100,0
SORA.US,5,20251104,164000,4.91,4.91,4.91,4.91,100,0
SORA.US,5,20251104,175000,4.9101,4.9101,4.91,4.91,250,0
SORA.US,5,20251104,190500,4.955,4.955,4.955,4.955,300,0
SORA.US,5,20251104,200500,4.91,4.91,4.91,4.91,100,0
SORA.US,5,20251104,205000,4.9,4.93,4.9,4.93,200,0
SORA.US,5,20251104,210000,4.86,4.86,4.86,4.86,200,0
SORA.US,5,20251104,211000,4.9646,4.9646,4.8,4.8,400,0
SORA.US,5,20251104,211500,4.77,4.77,4.65,4.65,1000,0
SORA.US,5,20251104,212000,4.3,4.32,4.23,4.2564,3308,0
SORA.US,5,20251104,212500,4.325,4.35,4.26,4.26,2649,0
SORA.US,5,20251104,213000,4.28,4.28,4.15,4.15,2417,0
SORA.US,5,20251104,213500,4.16,4.25,3.88,4.05,4862,0
SORA.US,5,20251104,214000,4.17,4.1736,4,4,2600,0
SORA.US,5,20251104,214500,4.08,4.08,3.9,3.91,4579,0
SORA.US,5,20251104,215000,3.91,3.9984,3.88,3.905,3042,0
SORA.US,5,20251104,215500,3.91,4.1804,3.18,3.18,7235,0
SORA.US,5,20251105,153000,3.87,4.0298,3.755,3.76,1824,0
SORA.US,5,20251105,154000,3.98,3.98,3.98,3.98,1176,0
SORA.US,5,20251105,154500,4.11,4.2998,4.11,4.2998,300,0
SORA.US,5,20251105,155000,4.26,4.31,4.2,4.2,1625,0
SORA.US,5,20251105,155500,4.2,4.48,4.2,4.48,9390,0
SORA.US,5,20251105,160000,4.4799,4.48,4.21,4.305,5617,0
SORA.US,5,20251105,160500,4.305,4.305,4.1701,4.2503,1481,0
SORA.US,5,20251105,161000,4.34,4.34,4.2284,4.2284,811,0
SORA.US,5,20251105,161500,4.34,4.4,4.3,4.4,1879,0
SORA.US,5,20251105,162000,4.4399,4.98,4.4399,4.97,8194,0
SORA.US,5,20251105,163000,5.485,5.65,5,5.165,50639,0
SORA.US,5,20251105,163500,5.12,5.5,4.74,4.74,52732,0
SORA.US,5,20251105,164000,4.72,4.85,4.5,4.5001,49104,0
SORA.US,5,20251105,164500,4.5,4.79,4.31,4.63,24840,0
SORA.US,5,20251105,165000,4.65,4.84,4.55,4.65,9748,0
SORA.US,5,20251105,165500,4.7251,5.2,4.7251,4.88,61576,0
SORA.US,5,20251105,170000,4.84,5.04,4.4801,4.93,24164,0
SORA.US,5,20251105,170500,4.93,4.94,4.6205,4.76,11693,0
SORA.US,5,20251105,171000,4.7506,4.7506,4.4201,4.6597,17722,0
SORA.US,5,20251105,171500,4.63,4.96,4.6,4.8002,22141,0
SORA.US,5,20251105,172000,4.845,5.1894,4.8,4.9,47248,0
SORA.US,5,20251105,172500,4.95,5.14,4.8328,4.945,20839,0
SORA.US,5,20251105,173000,4.92,5.05,4.3998,4.3998,60305,0
SORA.US,5,20251105,173500,4.4,4.78,4.378,4.5395,29085,0
SORA.US,5,20251105,174000,4.53,4.67,4.52,4.52,8496,0
SORA.US,5,20251105,174500,4.4101,4.59,4.4101,4.51,4296,0
SORA.US,5,20251105,175000,4.4501,4.51,4.4,4.51,3619,0
SORA.US,5,20251105,175500,4.4994,4.5,4.4401,4.49,4197,0
SORA.US,5,20251105,180000,4.47,4.5,4.47,4.4937,6108,0
SORA.US,5,20251105,180500,4.4963,4.6,4.49,4.5,6794,0
SORA.US,5,20251105,181000,4.4509,4.5,4.45,4.5,1860,0
SORA.US,5,20251105,181500,4.51,4.51,4.4,4.415,3908,0
SORA.US,5,20251105,182000,4.415,4.43,4.4,4.42,2421,0
SORA.US,5,20251105,182500,4.4,4.4011,4.4,4.4,8024,0
SORA.US,5,20251105,183000,4.4,4.41,4.1,4.2,18415,0
SORA.US,5,20251105,183500,4.2,4.3499,4.2,4.285,882,0
SORA.US,5,20251105,184000,4.28,4.35,4.2705,4.33,2824,0
SORA.US,5,20251105,184500,4.27,4.35,4.26,4.35,2859,0
SORA.US,5,20251105,185000,4.3,4.335,4.11,4.11,1419,0
SORA.US,5,20251105,185500,4.22,4.25,4.1691,4.201,1100,0
SORA.US,5,20251105,190500,4.1214,4.286,4.11,4.286,870,0
SORA.US,5,20251105,191500,4.22,4.22,4.22,4.22,254,0
SORA.US,5,20251105,192000,4.25,4.25,4.225,4.25,1012,0
SORA.US,5,20251105,192500,4.2,4.205,4.2,4.2,1870,0
SORA.US,5,20251105,193000,4.1052,4.11,4.1052,4.11,493,0
SORA.US,5,20251105,193500,4.15,4.2,4.15,4.2,2130,0
SORA.US,5,20251105,194000,4.18,4.25,4.18,4.25,585,0
SORA.US,5,20251105,194500,4.18,4.28,4.18,4.26,1328,0
SORA.US,5,20251105,195000,4.27,4.33,4.27,4.31,2559,0
SORA.US,5,20251105,195500,4.24,4.24,4.1801,4.1801,912,0
SORA.US,5,20251105,200000,4.18,4.2,4.18,4.1878,1353,0
SORA.US,5,20251105,200500,4.18,4.3,4.18,4.3,500,0
SORA.US,5,20251105,201000,4.1801,4.1801,4.18,4.18,200,0
SORA.US,5,20251105,201500,4.18,4.18,4.18,4.18,100,0
SORA.US,5,20251105,202000,4.145,4.15,4.145,4.15,318,0
SORA.US,5,20251105,202500,4.1244,4.29,4.1101,4.29,1485,0
SORA.US,5,20251105,203000,4.28,4.3,4.205,4.29,2666,0
SORA.US,5,20251105,203500,4.2,4.2,4.2,4.2,100,0
SORA.US,5,20251105,204000,4.235,4.273,4.18,4.18,775,0
SORA.US,5,20251105,204500,4.2091,4.2091,4.2091,4.2091,114,0
SORA.US,5,20251105,205000,4.29,4.3,4.29,4.3,1686,0
SORA.US,5,20251105,210000,4.25,4.29,4.25,4.29,335,0
SORA.US,5,20251105,210500,4.29,4.33,4.29,4.325,1976,0
SORA.US,5,20251105,211000,4.33,4.33,4.32,4.32,1003,0
SORA.US,5,20251105,211500,4.33,4.35,4.33,4.35,1428,0
SORA.US,5,20251105,212000,4.34,4.37,4.34,4.35,1600,0
SORA.US,5,20251105,212500,4.3632,4.3632,4.3632,4.3632,110,0
SORA.US,5,20251105,213000,4.4,4.4,4.3601,4.365,590,0
SORA.US,5,20251105,213500,4.3723,4.4,4.37,4.4,712,0
SORA.US,5,20251105,214000,4.41,4.5,4.41,4.49,6265,0
SORA.US,5,20251105,214500,4.49,4.6,4.47,4.52,8619,0
SORA.US,5,20251105,215000,4.56,4.61,4.56,4.6,5667,0
SORA.US,5,20251105,215500,4.52,4.6,4.31,4.6,6783,0
SORA.US,5,20251106,153000,3.96,3.96,3.96,3.96,416,0
SORA.US,5,20251106,153500,4.06,4.06,3.92,3.92,1177,0
SORA.US,5,20251106,154000,3.97,4.08,3.9605,3.98,806,0
SORA.US,5,20251106,155000,4.0601,4.245,4.0601,4.17,719,0
SORA.US,5,20251106,155500,4.17,4.3579,4.1611,4.3579,400,0
SORA.US,5,20251106,160500,4.255,4.255,4.16,4.162,913,0
SORA.US,5,20251106,161000,4.31,4.31,4.31,4.31,400,0
SORA.US,5,20251106,161500,4.255,4.28,4.21,4.28,532,0
SORA.US,5,20251106,162000,4.21,4.21,4.21,4.21,774,0
SORA.US,5,20251106,163000,4.43,4.52,4.42,4.52,1636,0
SORA.US,5,20251106,163500,4.586,4.586,4.586,4.586,200,0
SORA.US,5,20251106,164000,4.35,4.35,4.35,4.35,400,0
SORA.US,5,20251106,165000,4.545,4.545,4.545,4.545,342,0
SORA.US,5,20251106,165500,4.3989,4.3989,4.29,4.29,1142,0
SORA.US,5,20251106,170000,4.29,4.29,4.29,4.29,200,0
SORA.US,5,20251106,170500,4.3101,4.36,4.3101,4.36,250,0
SORA.US,5,20251106,171500,4.3798,4.3798,4.3798,4.3798,207,0
SORA.US,5,20251106,172000,4.55,4.55,4.55,4.55,100,0
SORA.US,5,20251106,172500,4.57,4.57,4.57,4.57,180,0
SORA.US,5,20251106,174000,4.4,4.4,4.4,4.4,120,0
SORA.US,5,20251106,181000,4.39,4.39,4.3896,4.3896,1000,0
SORA.US,5,20251106,182000,4.55,4.55,4.3201,4.3201,433,0
SORA.US,5,20251106,184000,4.48,4.48,4.48,4.48,140,0
SORA.US,5,20251106,185000,4.4275,4.4275,4.4275,4.4275,200,0
SORA.US,5,20251106,194000,4.36,4.36,4.36,4.36,432,0
SORA.US,5,20251106,194500,4.35,4.35,4.35,4.35,211,0
SORA.US,5,20251106,201500,4.38,4.38,4.38,4.38,100,0
SORA.US,5,20251106,203000,4.3901,4.3901,4.39,4.39,400,0
SORA.US,5,20251106,204000,4.42,4.42,4.42,4.42,287,0
SORA.US,5,20251106,212000,4.35,4.35,4.35,4.35,100,0
SORA.US,5,20251106,212500,4.3,4.3,4.29,4.29,1393,0
SORA.US,5,20251106,214500,4.26,4.26,4.21,4.23,7298,0
SORA.US,5,20251106,215000,4.24,4.24,4.24,4.24,100,0
SORA.US,5,20251106,215500,4.31,4.39,4.31,4.39,558,0
SORA.US,5,20251107,153000,4.12,4.12,4.12,4.12,554,0
SORA.US,5,20251107,153500,4.17,4.18,4.17,4.18,400,0
SORA.US,5,20251107,154000,4.1836,4.1836,4.1836,4.1836,100,0
SORA.US,5,20251107,160000,4.33,4.33,4.1601,4.1601,1288,0
SORA.US,5,20251107,164000,4.33,4.33,4.33,4.33,539,0
SORA.US,5,20251107,174500,4.3,4.3,4.3,4.3,413,0
SORA.US,5,20251107,191000,4.22,4.22,4.22,4.22,100,0
SORA.US,5,20251107,194000,4.21,4.21,4.21,4.21,100,0
SORA.US,5,20251107,200000,4.21,4.21,4.21,4.21,170,0
SORA.US,5,20251107,204000,4.15,4.15,4.15,4.15,111,0
SORA.US,5,20251107,214000,4.15,4.15,4.15,4.15,100,0
SORA.US,5,20251107,215000,4.08,4.08,4.08,4.08,100,0
SORA.US,5,20251107,215500,4.19,4.265,4.19,4.19,1200,0
SORA.US,5,20251110,153000,4.1,4.19,4.1,4.19,360,0
SORA.US,5,20251110,153500,3.95,3.95,3.95,3.95,1000,0
SORA.US,5,20251110,154000,3.99,4,3.99,4,330,0
SORA.US,5,20251110,160500,3.98,3.98,3.95,3.95,2200,0
SORA.US,5,20251110,161000,3.95,3.95,3.95,3.95,200,0
SORA.US,5,20251110,163000,4.35,4.7,4.325,4.325,300,0
SORA.US,5,20251110,170500,4.125,4.125,4.125,4.125,100,0
SORA.US,5,20251110,203500,4.05,4.07,4.05,4.07,643,0
SORA.US,5,20251111,153000,4.06,4.06,4.05,4.05,1724,0
SORA.US,5,20251111,160000,4.05,4.05,4.05,4.05,121,0
SORA.US,5,20251111,180000,4.11,4.11,4.11,4.11,284,0
SORA.US,5,20251111,183500,4.24,4.27,4.23,4.27,552,0
SORA.US,5,20251111,194000,4.29,4.29,4.29,4.29,716,0
SORA.US,5,20251111,201000,4.27,4.28,4.25,4.26,400,0
SORA.US,5,20251111,202000,4.25,4.31,4.25,4.27,512,0
SORA.US,5,20251111,203500,4.205,4.24,4.205,4.23,674,0
SORA.US,5,20251111,204000,4.26,4.26,4.2,4.22,573,0
SORA.US,5,20251111,204500,4.3411,4.3411,4.3411,4.3411,150,0
SORA.US,5,20251111,215500,3.99,3.99,3.99,3.99,128,0
SORA.US,5,20251112,154000,3.98,4,3.96,3.96,900,0
SORA.US,5,20251112,170500,4.105,4.105,4.105,4.105,100,0
SORA.US,5,20251112,182500,4.1097,4.2173,4.07,4.2173,300,0
SORA.US,5,20251112,201000,4.0264,4.085,4.0264,4.085,250,0
SORA.US,5,20251112,211500,4.06,4.06,4.06,4.06,100,0
SORA.US,5,20251113,153000,3.9231,3.9231,3.902,3.902,200,0
SORA.US,5,20251113,175000,3.9841,3.9841,3.9841,3.9841,200,0
SORA.US,5,20251113,182500,4.1572,4.1572,4.1572,4.1572,100,0
SORA.US,5,20251113,185000,4.15,4.15,4.15,4.15,896,0
SORA.US,5,20251113,202500,3.917,3.917,3.917,3.917,100,0
SORA.US,5,20251113,204000,3.9002,3.9002,3.9,3.9,459,0
SORA.US,5,20251113,205500,3.87,3.87,3.87,3.87,200,0
SORA.US,5,20251114,160500,3.84,3.84,3.84,3.84,543,0
SORA.US,5,20251114,163500,3.985,3.985,3.985,3.985,100,0
SORA.US,5,20251114,172500,4.065,4.07,4.065,4.07,400,0
SORA.US,5,20251114,212500,3.92,3.92,3.83,3.83,500,0
SORA.US,5,20251114,214500,3.93,3.93,3.93,3.93,100,0
SORA.US,5,20251117,165500,3.8,3.82,3.71,3.71,1478,0
SORA.US,5,20251117,172500,3.87,3.87,3.87,3.87,125,0
SORA.US,5,20251117,175500,3.92,3.92,3.92,3.92,100,0
SORA.US,5,20251117,203500,3.84,3.84,3.84,3.84,130,0
SORA.US,5,20251118,153000,3.8,3.8,3.8,3.8,400,0
SORA.US,5,20251118,154000,3.8,3.84,3.8,3.84,495,0
SORA.US,5,20251118,154500,3.89,3.89,3.845,3.89,1300,0
SORA.US,5,20251118,155500,3.91,3.91,3.91,3.91,100,0
SORA.US,5,20251118,165000,3.81,3.81,3.81,3.81,100,0
SORA.US,5,20251118,194000,3.985,3.985,3.985,3.985,175,0
SORA.US,5,20251119,172000,4.13,4.14,4.13,4.13,400,0
SORA.US,5,20251119,174000,4.0801,4.0801,4.0801,4.0801,150,0
SORA.US,5,20251119,175500,4.08,4.08,4.08,4.08,100,0
SORA.US,5,20251119,181000,4.08,4.08,4.08,4.08,751,0
SORA.US,5,20251119,205000,4.08,4.08,4.08,4.08,172,0
SORA.US,5,20251119,205500,4.0202,4.0202,4.0201,4.0201,429,0
SORA.US,5,20251119,211500,4.08,4.08,4.08,4.08,154,0
SORA.US,5,20251119,212000,4.1906,4.1906,4.1906,4.1906,462,0
SORA.US,5,20251120,172500,3.85,3.85,3.83,3.85,400,0
SORA.US,5,20251120,173500,3.8536,3.8536,3.8536,3.8536,200,0
SORA.US,5,20251120,183500,3.85,3.85,3.81,3.85,625,0
SORA.US,5,20251120,184000,3.83,3.83,3.83,3.83,100,0
SORA.US,5,20251120,200500,3.8301,3.8301,3.8301,3.8301,1195,0
SORA.US,5,20251120,201000,3.8301,3.8301,3.8301,3.8301,342,0
SORA.US,5,20251120,203500,3.91,3.92,3.91,3.92,300,0
SORA.US,5,20251120,214500,3.91,3.91,3.85,3.85,341,0
SORA.US,5,20251120,215500,3.83,3.83,3.83,3.83,100,0
SORA.US,5,20251121,161500,3.94,3.94,3.94,3.94,100,0
SORA.US,5,20251121,162000,3.925,3.925,3.925,3.925,1000,0
SORA.US,5,20251121,163000,3.8687,3.8687,3.8687,3.8687,200,0
SORA.US,5,20251121,170000,3.8687,4,3.8687,4,1248,0
SORA.US,5,20251121,181500,3.9685,3.9685,3.9685,3.9685,105,0
SORA.US,5,20251121,183500,3.9,4.1,3.9,4.1,644,0
SORA.US,5,20251121,205500,3.934,3.934,3.934,3.934,500,0
SORA.US,5,20251121,215000,3.91,3.925,3.91,3.925,200,0
SORA.US,5,20251124,153000,3.99,3.99,3.99,3.99,154,0
SORA.US,5,20251124,154500,3.8,3.8,3.8,3.8,100,0
SORA.US,5,20251124,161500,3.7755,3.7755,3.7755,3.7755,175,0
SORA.US,5,20251124,173000,3.763,3.763,3.763,3.763,126,0
SORA.US,5,20251124,181000,3.75,3.75,3.75,3.75,100,0
SORA.US,5,20251124,195000,3.84,3.84,3.84,3.84,100,0
SORA.US,5,20251124,200500,3.8,3.8,3.75,3.75,200,0
SORA.US,5,20251124,215500,3.76,3.76,3.76,3.76,100,0
SORA.US,5,20251125,153000,3.79,3.79,3.78,3.79,829,0
SORA.US,5,20251125,164500,3.79,3.79,3.79,3.79,220,0
SORA.US,5,20251125,165000,3.77,3.79,3.77,3.79,415,0
SORA.US,5,20251125,182000,3.8151,3.8151,3.8,3.8151,518,0
SORA.US,5,20251125,214500,3.8,3.8,3.8,3.8,100,0
SORA.US,5,20251125,215500,3.8,3.8599,3.8,3.8599,231,0
SORA.US,5,20251126,155000,3.85,3.89,3.84,3.89,300,0
SORA.US,5,20251126,155500,3.9,3.9999,3.9,3.99,921,0
SORA.US,5,20251126,160000,3.9,3.9,3.9,3.9,100,0
SORA.US,5,20251126,181000,4,4,4,4,1507,0
SORA.US,5,20251126,183500,3.8,3.8,3.8,3.8,235,0
SORA.US,5,20251126,185500,3.8,3.8,3.8,3.8,402,0
SORA.US,5,20251126,191500,3.87,3.87,3.87,3.87,143,0
SORA.US,5,20251126,202500,3.8,3.855,3.8,3.855,387,0
SORA.US,5,20251126,215500,3.75,3.75,3.75,3.75,300,0
SORA.US,5,20251128,153000,3.84,3.84,3.84,3.84,1538,0
SORA.US,5,20251128,171500,3.8,3.8,3.8,3.8,418,0
SORA.US,5,20251128,185500,3.88,3.88,3.88,3.88,232,0
SORA.US,5,20251201,155500,3.8,3.8,3.602,3.61,1364,0
SORA.US,5,20251201,160000,3.91,3.91,3.91,3.91,100,0
SORA.US,5,20251201,161000,3.89,3.908,3.89,3.908,700,0
SORA.US,5,20251201,173500,4,4,4,4,100,0
SORA.US,5,20251201,215000,3.85,3.96,3.85,3.96,1016,0
SORA.US,5,20251201,215500,3.95,3.95,3.95,3.95,100,0
SORA.US,5,20251202,175000,3.85,3.85,3.85,3.85,500,0
SORA.US,5,20251202,190000,3.855,3.855,3.855,3.855,100,0
SORA.US,5,20251202,204000,3.85,3.85,3.85,3.85,123,0
SORA.US,5,20251203,153000,3.8,3.8,3.8,3.8,193,0
SORA.US,5,20251203,182000,3.885,3.885,3.885,3.885,179,0
SORA.US,5,20251203,204500,3.8998,3.8998,3.8998,3.8998,200,0
SORA.US,5,20251204,161500,3.85,3.85,3.85,3.85,283,0
SORA.US,5,20251204,163500,3.85,3.85,3.85,3.85,447,0
SORA.US,5,20251204,164500,3.85,3.85,3.85,3.85,500,0
SORA.US,5,20251204,172500,3.85,3.85,3.85,3.85,325,0
SORA.US,5,20251205,173500,3.85,3.8501,3.84,3.84,300,0
SORA.US,5,20251205,174000,3.83,3.83,3.83,3.83,101,0
SORA.US,5,20251205,182000,3.84,3.85,3.84,3.85,778,0
SORA.US,5,20251208,153000,3.99,3.99,3.99,3.99,100,0
SORA.US,5,20251208,160500,3.85,3.85,3.85,3.85,100,0
SORA.US,5,20251208,174500,3.85,3.85,3.85,3.85,180,0
SORA.US,5,20251208,175000,3.85,3.85,3.85,3.85,600,0
SORA.US,5,20251208,182000,3.8501,3.8501,3.8501,3.8501,100,0
SORA.US,5,20251208,204000,3.85,3.85,3.85,3.85,100,0
SORA.US,5,20251208,214500,3.9,3.9,3.9,3.9,100,0
SORA.US,5,20251209,154500,3.85,3.85,3.85,3.85,100,0
SORA.US,5,20251209,160500,3.875,3.875,3.875,3.875,100,0
SORA.US,5,20251209,165500,3.85,3.85,3.85,3.85,100,0
SORA.US,5,20251209,172500,3.87,3.87,3.87,3.87,100,0
SORA.US,5,20251209,173500,3.87,3.87,3.87,3.87,100,0
SORA.US,5,20251210,153000,3.82,3.82,3.82,3.82,110,0
SORA.US,5,20251210,173000,3.85,3.85,3.84,3.84,500,0
SORA.US,5,20251210,175000,3.85,3.85,3.85,3.85,100,0
SORA.US,5,20251210,180000,3.85,3.85,3.85,3.85,225,0
SORA.US,5,20251211,153000,3.89,3.89,3.89,3.89,100,0
SORA.US,5,20251211,154500,3.8999,3.8999,3.8999,3.8999,204,0
SORA.US,5,20251211,160500,3.86,3.86,3.86,3.86,100,0
SORA.US,5,20251211,170000,3.8725,3.8824,3.8725,3.8824,304,0
SORA.US,5,20251211,173000,3.875,3.875,3.875,3.875,515,0
SORA.US,5,20251211,174000,3.8623,3.8623,3.8623,3.8623,446,0
SORA.US,5,20251211,174500,3.85,3.8501,3.85,3.8501,300,0
SORA.US,5,20251211,181000,3.875,3.9,3.8749,3.887178,1290,0
SORA.US,5,20251211,181500,3.89,3.89,3.89,3.89,100,0
SORA.US,5,20251211,202500,3.85,3.85,3.85,3.85,100,0
SORA.US,5,20251211,203000,3.8788,3.8788,3.8788,3.8788,100,0
SORA.US,5,20251211,205500,3.85,3.85,3.84,3.84,955,0
SORA.US,5,20251211,211000,3.865,3.865,3.865,3.865,100,0
SORA.US,5,20251211,212500,3.8736,3.8736,3.8736,3.8736,100,0
SORA.US,5,20251211,215000,3.87,3.87,3.87,3.87,100,0
SORA.US,5,20251212,153000,3.9895,4,3.9895,4,4034,0
SORA.US,5,20251212,153500,3.9977,3.9977,3.9977,3.9977,124,0
SORA.US,5,20251212,154000,3.96,3.98,3.96,3.98,1852,0
SORA.US,5,20251212,164000,4,4,4,4,200,0
SORA.US,5,20251212,164500,4,4,3.982,3.982,250,0
SORA.US,5,20251212,171500,3.96,3.96,3.96,3.96,375,0
SORA.US,5,20251212,200000,3.94,3.94,3.94,3.94,100,0
SORA.US,5,20251212,200500,3.9186,3.9186,3.9186,3.9186,100,0
SORA.US,5,20251212,212500,3.95,3.95,3.95,3.95,100,0
SORA.US,5,20251212,213500,3.9082,3.9082,3.9082,3.9082,178,0
SORA.US,5,20251212,214500,3.88,3.88,3.88,3.88,171,0
SORA.US,5,20251212,215500,3.9,3.9,3.9,3.9,475,0
SORA.US,5,20251215,153000,3.95,3.95,3.95,3.95,733,0
SORA.US,5,20251215,160000,3.91,3.91,3.91,3.91,499,0
SORA.US,5,20251215,160500,3.85,3.85,3.85,3.85,126,0
SORA.US,5,20251215,161000,3.85,3.85,3.84,3.84,1200,0
SORA.US,5,20251215,161500,3.85,3.85,3.85,3.85,978,0
SORA.US,5,20251215,162000,3.85,3.85,3.85,3.85,466,0
SORA.US,5,20251215,165000,3.85,3.85,3.85,3.85,205,0
SORA.US,5,20251215,171000,3.85,3.862,3.85,3.862,1995,0
SORA.US,5,20251215,171500,3.85,3.85,3.85,3.85,1500,0
SORA.US,5,20251215,172500,3.85,3.85,3.85,3.85,996,0
SORA.US,5,20251215,174000,3.85,3.85,3.85,3.85,500,0
SORA.US,5,20251215,181000,3.8961,3.8961,3.86,3.86,648,0
SORA.US,5,20251215,191500,3.85,3.85,3.59,3.8,4873,0
SORA.US,5,20251215,214500,3.82,3.82,3.82,3.82,147,0
SORA.US,5,20251215,215500,3.75,3.75,3.75,3.75,239,0
SORA.US,5,20251216,170500,3.81,3.81,3.81,3.81,300,0
SORA.US,5,20251216,184500,3.82,3.82,3.82,3.82,171,0
SORA.US,5,20251216,214500,3.85,3.85,3.85,3.85,190,0
SORA.US,5,20251216,215500,3.8,3.8,3.8,3.8,133,0
SORA.US,5,20251217,215000,3.83,3.8449,3.49,3.49,6766,0
SORA.US,5,20251217,215500,3.58,3.58,3.58,3.58,214,0
SORA.US,5,20251218,153000,3.5399,3.54,3.5399,3.5399,300,0
SORA.US,5,20251218,153500,3.53,3.53,3.43,3.43,568,0
SORA.US,5,20251218,154000,3.4796,3.4796,3.4796,3.4796,300,0
SORA.US,5,20251218,204000,3.55,3.635,3.55,3.55,1194,0
SORA.US,5,20251219,153000,3.55,3.55,3.55,3.55,700,0
SORA.US,5,20251219,153500,3.55,3.5899,3.5,3.5,1100,0
SORA.US,5,20251219,155000,3.45,3.45,3.45,3.45,392,0
SORA.US,5,20251219,191000,3.525,3.525,3.525,3.525,100,0
SORA.US,5,20251219,203000,3.49,3.49,3.35,3.35,5053,0
SORA.US,5,20251219,211000,3.3,3.37,3.3,3.37,1242,0
SORA.US,5,20251222,153000,3.45,3.45,3.45,3.45,119,0
SORA.US,5,20251222,160000,3.6818,3.6818,3.6818,3.6818,184,0
SORA.US,5,20251222,161000,3.625,3.625,3.625,3.625,100,0
SORA.US,5,20251222,162000,3.45,3.45,3.45,3.45,300,0
SORA.US,5,20251222,162500,3.45,3.45,3.45,3.45,600,0
SORA.US,5,20251222,175500,3.45,3.45,3.45,3.45,214,0
SORA.US,5,20251222,200500,3.32,3.32,3.32,3.32,380,0
SORA.US,5,20251222,203000,3.4355,3.4355,3.4355,3.4355,500,0
