<TICKER>,<PER>,<DATE>,<TIME>,<OPEN>,<HIGH>,<LOW>,<CLOSE>,<VOL>,<OPENINT>
UG.US,5,20250728,153000,8.34,8.3557,8.22,8.3557,11920,0
UG.US,5,20250728,155000,8.36,8.36,8.36,8.36,100,0
UG.US,5,20250728,164000,8.31,8.31,8.31,8.31,200,0
UG.US,5,20250728,164500,8.3101,8.58,8.3101,8.58,1200,0
UG.US,5,20250728,165500,8.45,8.45,8.45,8.45,150,0
UG.US,5,20250728,170000,8.5899,8.5899,8.5899,8.5899,452,0
UG.US,5,20250728,170500,8.4976,8.4976,8.4976,8.4976,660,0
UG.US,5,20250728,173500,8.5,8.5,8.5,8.5,650,0
UG.US,5,20250728,185000,8.55,8.55,8.46,8.46,503,0
UG.US,5,20250728,185500,8.41,8.41,8.41,8.41,100,0
UG.US,5,20250728,195000,8.39,8.39,8.37,8.37,500,0
UG.US,5,20250728,195500,8.38,8.38,8.38,8.38,374,0
UG.US,5,20250728,205500,8.37,8.38,8.37,8.38,476,0
UG.US,5,20250728,210000,8.43,8.43,8.43,8.43,100,0
UG.US,5,20250729,153500,8.3636,8.3636,8.3636,8.3636,393,0
UG.US,5,20250729,160000,8.445,8.445,8.445,8.445,400,0
UG.US,5,20250729,172000,8.31,8.31,8.3,8.3,4072,0
UG.US,5,20250729,172500,8.3,8.3,8.3,8.3,1207,0
UG.US,5,20250729,175000,8.3,8.3,8.3,8.3,1229,0
UG.US,5,20250729,181500,8.3,8.3,8.3,8.3,243,0
UG.US,5,20250729,182500,8.36,8.36,8.3,8.3,365,0
UG.US,5,20250729,195500,8.25,8.25,8.25,8.25,270,0
UG.US,5,20250729,202000,8.262,8.262,8.262,8.262,100,0
UG.US,5,20250729,205500,8.251,8.251,8.251,8.251,104,0
UG.US,5,20250729,211000,8.25,8.25,8.25,8.25,1235,0
UG.US,5,20250729,212000,8.138,8.138,8.138,8.138,200,0
UG.US,5,20250730,160500,8.14,8.14,8.1,8.1,435,0
UG.US,5,20250730,161000,8.13,8.295,8.13,8.295,2839,0
UG.US,5,20250730,161500,8.1,8.1,8.1,8.1,994,0
UG.US,5,20250730,162000,8.1,8.1,8.1,8.1,1168,0
UG.US,5,20250730,163500,8.13,8.13,8.09,8.09,1600,0
UG.US,5,20250730,164000,8.08,8.08,8.04,8.04,200,0
UG.US,5,20250730,164500,8.04,8.04,8,8,424,0
UG.US,5,20250730,165500,7.99,7.99,7.99,7.99,210,0
UG.US,5,20250730,172000,7.99,7.99,7.99,7.99,192,0
UG.US,5,20250730,172500,7.99,8,7.99,7.99,934,0
UG.US,5,20250730,174000,8.0944,8.0944,8.0944,8.0944,283,0
UG.US,5,20250730,175000,7.98,7.98,7.98,7.98,100,0
UG.US,5,20250730,181500,7.98,7.98,7.98,7.98,100,0
UG.US,5,20250730,184000,7.99,7.99,7.99,7.99,192,0
UG.US,5,20250730,190000,8.19,8.19,8.19,8.19,100,0
UG.US,5,20250730,190500,8,8,8,8,100,0
UG.US,5,20250730,191500,8.02,8.02,8,8.01,600,0
UG.US,5,20250730,192500,8,8,8,8,100,0
UG.US,5,20250730,194500,8.05,8.05,8.05,8.05,407,0
UG.US,5,20250730,195500,8.01,8.01,8,8,210,0
UG.US,5,20250730,200000,8,8.03,8,8.03,484,0
UG.US,5,20250730,200500,8,8.01,8,8.01,284,0
UG.US,5,20250730,201000,8,8,8,8,184,0
UG.US,5,20250730,202500,8.01,8.01,8.01,8.01,200,0
UG.US,5,20250730,203000,8,8.01,8,8,2107,0
UG.US,5,20250730,203500,8,8,7.96,7.96,659,0
UG.US,5,20250730,204000,8.042,8.042,8.042,8.042,200,0
UG.US,5,20250730,204500,7.93,7.93,7.93,7.93,208,0
UG.US,5,20250730,205000,7.92,7.92,7.92,7.92,377,0
UG.US,5,20250730,205500,8.029539,8.029539,8.029539,8.029539,500,0
UG.US,5,20250730,210000,7.9,7.9,7.9,7.9,392,0
UG.US,5,20250730,211500,7.9,7.9,7.9,7.9,192,0
UG.US,5,20250730,212000,7.9,7.9,7.89,7.89,1601,0
UG.US,5,20250730,212500,7.86,7.86,7.86,7.86,105,0
UG.US,5,20250730,213000,7.86,7.86,7.86,7.86,198,0
UG.US,5,20250730,214000,7.9,7.9,7.9,7.9,310,0
UG.US,5,20250730,215000,7.9,7.9,7.9,7.9,200,0
UG.US,5,20250730,215500,7.88,7.88,7.88,7.88,144,0
UG.US,5,20250731,153000,7.89,7.89,7.89,7.89,125,0
UG.US,5,20250731,153500,7.86,7.878,7.86,7.878,286,0
UG.US,5,20250731,162500,8.1,8.1,8.1,8.1,999,0
UG.US,5,20250731,170500,7.8601,8.1816,7.8601,7.91,750,0
UG.US,5,20250731,190000,7.9,7.9,7.9,7.9,100,0
UG.US,5,20250731,193500,7.96,7.96,7.96,7.96,100,0
UG.US,5,20250731,204000,8.1,8.1,8.1,8.1,299,0
UG.US,5,20250731,210500,7.98,7.98,7.98,7.98,100,0
UG.US,5,20250731,212500,7.9,7.9374,7.9,7.9,800,0
UG.US,5,20250731,213000,7.86,7.86,7.86,7.86,716,0
UG.US,5,20250731,215000,7.8,7.8,7.8,7.8,381,0
UG.US,5,20250801,153000,7.9,7.9,7.9,7.9,630,0
UG.US,5,20250801,153500,7.82,7.82,7.82,7.82,107,0
UG.US,5,20250801,160000,8.4867,8.4867,8.4867,8.4867,1511,0
UG.US,5,20250801,173000,8,8,8,8,300,0
UG.US,5,20250801,185500,8.1976,8.1976,8.1976,8.1976,200,0
UG.US,5,20250801,201500,8.13,8.13,8.13,8.13,325,0
UG.US,5,20250801,210500,8.12,8.12,8.12,8.12,100,0
UG.US,5,20250801,214500,8.03,8.03,8.03,8.03,164,0
UG.US,5,20250804,161500,8.05,8.05,8.05,8.05,149,0
UG.US,5,20250804,163000,8.0301,8.0301,8.0301,8.0301,100,0
UG.US,5,20250804,185500,8.1444,8.1444,8.1444,8.1444,100,0
UG.US,5,20250804,194500,8.03,8.03,8.03,8.03,135,0
UG.US,5,20250804,195500,8.0616,8.0616,8.0616,8.0616,100,0
UG.US,5,20250805,153000,8.06,8.06,8.06,8.06,111,0
UG.US,5,20250805,172000,8.3629,8.3629,8.3629,8.3629,377,0
UG.US,5,20250805,200500,7.99,7.99,7.99,7.99,400,0
UG.US,5,20250805,202000,7.99,7.99,7.99,7.99,183,0
UG.US,5,20250806,161000,8.155,8.155,8.155,8.155,200,0
UG.US,5,20250806,173000,8,8,8,8,128,0
UG.US,5,20250806,212000,7.99,7.9901,7.99,7.9901,2440,0
UG.US,5,20250806,212500,8,8,7.99,7.99,600,0
UG.US,5,20250806,213500,7.99,7.99,7.95,7.95,417,0
UG.US,5,20250806,215500,7.95,7.95,7.94,7.94,300,0
UG.US,5,20250807,155500,8.35,8.35,8.35,8.35,2341,0
UG.US,5,20250807,160500,8.18,8.18,8.18,8.18,100,0
UG.US,5,20250807,195500,8.07,8.2107,8.07,8.2107,200,0
UG.US,5,20250807,211500,8.115,8.115,8.115,8.115,170,0
UG.US,5,20250807,215500,7.94,7.94,7.94,7.94,976,0
UG.US,5,20250808,153500,7.94,7.94,7.94,7.94,1836,0
UG.US,5,20250808,154000,7.94,7.94,7.94,7.94,163,0
UG.US,5,20250808,165000,7.99,7.99,7.99,7.99,112,0
UG.US,5,20250808,171000,8.08,8.08,8.08,8.08,500,0
UG.US,5,20250808,173500,8.077,8.077,8.077,8.077,200,0
UG.US,5,20250808,175000,7.9972,7.9972,7.9972,7.9972,364,0
UG.US,5,20250808,183000,7.9935,7.9935,7.9935,7.9935,499,0
UG.US,5,20250808,183500,8.0175,8.0175,8.0175,8.0175,200,0
UG.US,5,20250808,194500,7.99,7.99,7.99,7.99,100,0
UG.US,5,20250808,204500,7.99,7.99,7.99,7.99,353,0
UG.US,5,20250808,215000,7.9,7.9,7.9,7.9,206,0
UG.US,5,20250808,215500,7.91,7.91,7.9,7.9,269,0
UG.US,5,20250811,153500,7.89,7.89,7.89,7.89,2000,0
UG.US,5,20250811,163000,7.945,7.945,7.945,7.945,2278,0
UG.US,5,20250811,171000,7.9,7.9,7.9,7.9,200,0
UG.US,5,20250811,172500,7.927,7.927,7.927,7.927,100,0
UG.US,5,20250811,180500,7.92,7.99,7.92,7.98,544,0
UG.US,5,20250811,182500,7.99,7.99,7.98,7.98,224,0
UG.US,5,20250811,185000,8,8,8,8,497,0
UG.US,5,20250811,200000,7.86,7.86,7.85,7.8501,600,0
UG.US,5,20250812,155500,7.8943,7.8943,7.8943,7.8943,100,0
UG.US,5,20250812,160000,7.955,7.955,7.955,7.955,500,0
UG.US,5,20250812,164000,8.039,8.05,8.039,8.05,234,0
UG.US,5,20250812,171500,8.09,8.14,8.09,8.14,280,0
UG.US,5,20250812,182500,8.09,8.09,8.09,8.09,135,0
UG.US,5,20250812,184500,8.0769,8.0769,8.0769,8.0769,200,0
UG.US,5,20250812,194500,8.0501,8.0501,8.0501,8.0501,600,0
UG.US,5,20250813,165500,8.175,8.175,8.175,8.175,100,0
UG.US,5,20250813,172500,8.175,8.175,8.175,8.175,1989,0
UG.US,5,20250813,191000,8.1146,8.1146,8.1146,8.1146,200,0
UG.US,5,20250813,193000,8.225,8.225,8.225,8.225,100,0
UG.US,5,20250813,193500,8.1,8.1,8.1,8.1,100,0
UG.US,5,20250813,211500,8.07,8.07,8.06,8.06,842,0
UG.US,5,20250813,215000,8.06,8.06,8.06,8.06,100,0
UG.US,5,20250814,160500,8.0001,8.0001,8,8,693,0
UG.US,5,20250814,164000,8,8,8,8,100,0
UG.US,5,20250814,170500,8.1914,8.1914,8.1914,8.1914,139,0
UG.US,5,20250814,171000,8,8.0001,7.85,7.85,2095,0
UG.US,5,20250814,171500,8.065,8.065,8.065,8.065,159,0
UG.US,5,20250814,182000,7.85,7.85,7.85,7.85,100,0
UG.US,5,20250814,191500,7.9,7.9,7.9,7.9,100,0
UG.US,5,20250814,194000,7.85,7.85,7.85,7.85,100,0
UG.US,5,20250814,204000,7.89,7.9377,7.89,7.9377,2577,0
UG.US,5,20250814,204500,7.9377,7.9377,7.935,7.935,475,0
UG.US,5,20250814,205000,7.89,7.89,7.89,7.89,100,0
UG.US,5,20250814,211000,7.89,7.89,7.89,7.89,326,0
UG.US,5,20250814,213000,7.85,7.85,7.85,7.85,100,0
UG.US,5,20250814,213500,7.81,7.81,7.81,7.81,100,0
UG.US,5,20250814,214000,7.8,7.8,7.8,7.8,300,0
UG.US,5,20250814,214500,7.8,7.8,7.8,7.8,100,0
UG.US,5,20250814,215000,7.8,7.8,7.8,7.8,400,0
UG.US,5,20250814,215500,7.86,7.86,7.86,7.86,100,0
UG.US,5,20250815,155500,7.915,7.915,7.915,7.915,200,0
UG.US,5,20250815,160000,7.947,7.947,7.947,7.947,172,0
UG.US,5,20250815,171500,7.825,7.825,7.825,7.825,541,0
UG.US,5,20250815,175500,7.825,7.8681,7.825,7.8681,300,0
UG.US,5,20250818,153000,7.9,7.9,7.9,7.9,388,0
UG.US,5,20250818,154500,7.9,7.9,7.9,7.9,100,0
UG.US,5,20250818,180000,7.9,7.9,7.9,7.9,100,0
UG.US,5,20250818,193500,7.94,7.94,7.94,7.94,200,0
UG.US,5,20250818,215500,7.81,7.81,7.81,7.81,179,0
UG.US,5,20250819,153000,7.83,7.83,7.83,7.83,100,0
UG.US,5,20250819,164500,7.89,7.89,7.89,7.89,100,0
UG.US,5,20250819,171500,7.896,7.9,7.896,7.9,1021,0
UG.US,5,20250819,182000,7.88,7.8801,7.88,7.8801,300,0
UG.US,5,20250819,215500,7.83,7.83,7.83,7.83,194,0
UG.US,5,20250820,165000,7.85,7.85,7.85,7.85,300,0
UG.US,5,20250820,165500,7.9,7.9,7.9,7.9,200,0
UG.US,5,20250820,170000,7.9,7.98,7.9,7.98,2543,0
UG.US,5,20250820,172500,7.96,7.96,7.96,7.96,100,0
UG.US,5,20250821,155500,8.15,8.5599,8.15,8.455,8431,0
UG.US,5,20250821,161500,8.48,8.48,8.48,8.48,100,0
UG.US,5,20250821,163500,8.48,8.48,8.48,8.48,300,0
UG.US,5,20250821,164000,8.1749,8.1749,8.1749,8.1749,134,0
UG.US,5,20250821,191000,8.32,8.32,8.32,8.32,200,0
UG.US,5,20250821,201000,8.301,8.31,8.3,8.31,400,0
UG.US,5,20250821,212500,8.245,8.245,8.245,8.245,1159,0
UG.US,5,20250821,215500,8.31,8.31,8.3,8.3,679,0
UG.US,5,20250822,153000,8.21,8.21,8.21,8.21,358,0
UG.US,5,20250822,161000,8.25,8.25,8.25,8.25,118,0
UG.US,5,20250822,164500,8.49,8.49,8.49,8.49,100,0
UG.US,5,20250822,170000,8.1488,8.1488,8.1488,8.1488,293,0
UG.US,5,20250822,171500,8.15,8.15,8.15,8.15,106,0
UG.US,5,20250822,172000,8.15,8.37,8.15,8.37,300,0
UG.US,5,20250825,153000,8.37,8.42,8.37,8.42,876,0
UG.US,5,20250825,154500,8.38,8.41,8.38,8.41,200,0
UG.US,5,20250825,160000,8.4,8.59,8.35,8.35,2266,0
UG.US,5,20250825,163500,8.3,8.3,8.3,8.3,1217,0
UG.US,5,20250825,171500,8.296,8.3,8.296,8.3,992,0
UG.US,5,20250825,172000,8.28,8.28,8.13,8.1953,965,0
UG.US,5,20250825,192500,8.0001,8.0001,8.0001,8.0001,350,0
UG.US,5,20250825,200000,8.04,8.04,8.04,8.04,100,0
UG.US,5,20250826,153000,8.07,8.07,8.07,8.07,1088,0
UG.US,5,20250826,154500,8.4158,8.4158,8.4158,8.4158,100,0
UG.US,5,20250826,180500,8.1856,8.1856,8.1856,8.1856,300,0
UG.US,5,20250827,172000,8.18,8.18,8.17,8.17,1080,0
UG.US,5,20250827,191500,8.2087,8.2087,8.2087,8.2087,100,0
UG.US,5,20250827,192000,8.05,8.0501,7.87,7.87,3219,0
UG.US,5,20250827,192500,7.87,7.87,7.87,7.87,100,0
UG.US,5,20250827,193000,8.1812,8.1812,8.1812,8.1812,310,0
UG.US,5,20250827,202500,8.0364,8.0364,8.0364,8.0364,200,0
UG.US,5,20250827,215500,8.09,8.09,8.09,8.09,453,0
UG.US,5,20250828,153000,8.01,8.01,8.01,8.01,139,0
UG.US,5,20250828,165500,8.1746,8.1746,7.9788,7.9788,200,0
UG.US,5,20250828,171500,8.3415,8.3415,8.3415,8.3415,282,0
UG.US,5,20250828,172000,8.3958,8.3958,8.3958,8.3958,1000,0
UG.US,5,20250828,185000,8.3373,8.3373,8.3373,8.3373,1000,0
UG.US,5,20250828,190000,8.205,8.205,8.205,8.205,238,0
UG.US,5,20250828,215500,8.03,8.03,8.03,8.03,1026,0
UG.US,5,20250829,153000,8.3438,8.3438,8.3438,8.3438,408,0
UG.US,5,20250829,155000,8.3445,8.3445,8.3445,8.3445,1000,0
UG.US,5,20250829,182500,8.1695,8.1695,8.1695,8.1695,120,0
UG.US,5,20250829,185500,8.18,8.18,8.18,8.18,389,0
UG.US,5,20250829,202000,8.13,8.13,8.13,8.13,100,0
UG.US,5,20250829,211000,8.13,8.13,8.13,8.13,100,0
UG.US,5,20250829,212500,8.2,8.2,8.175,8.175,240,0
UG.US,5,20250829,213000,8.245,8.245,8.245,8.245,150,0
UG.US,5,20250829,213500,8.281,8.4,8.245,8.33,3012,0
UG.US,5,20250829,214000,8.4,8.4,8.4,8.4,200,0
UG.US,5,20250829,214500,8.39,8.39,8.39,8.39,100,0
UG.US,5,20250829,215000,8.39,8.39,8.39,8.39,289,0
UG.US,5,20250829,215500,8.41,8.41,8.41,8.41,100,0
UG.US,5,20250902,162000,8.49,8.49,8.49,8.49,221,0
UG.US,5,20250902,162500,8.48,8.48,8.41,8.41,703,0
UG.US,5,20250902,195500,8.2,8.28,8.2,8.28,200,0
UG.US,5,20250902,213500,8.5,8.5,8.5,8.5,100,0
UG.US,5,20250902,215000,8.4099,8.4099,8.4099,8.4099,300,0
UG.US,5,20250902,215500,8.53,8.53,8.53,8.53,114,0
UG.US,5,20250903,161000,8.65,8.65,8.6499,8.6499,1100,0
UG.US,5,20250903,162000,8.775,8.775,8.65,8.65,2101,0
UG.US,5,20250903,180000,8.597,8.597,8.597,8.597,200,0
UG.US,5,20250903,193500,8.6281,8.65,8.6281,8.65,555,0
UG.US,5,20250903,200000,8.7,8.7,8.7,8.7,100,0
UG.US,5,20250903,211000,8.59,8.59,8.59,8.59,890,0
UG.US,5,20250903,214500,8.65,8.67,8.65,8.67,1500,0
UG.US,5,20250903,215000,8.67,8.67,8.67,8.67,163,0
UG.US,5,20250903,215500,8.69,8.69,8.69,8.69,131,0
UG.US,5,20250904,153000,8.54,8.54,8.54,8.54,939,0
UG.US,5,20250904,191500,8.495,8.495,8.495,8.495,256,0
UG.US,5,20250904,203000,8.2819,8.48,8.2819,8.48,814,0
UG.US,5,20250904,215500,8.52,8.52,8.52,8.52,266,0
UG.US,5,20250905,170500,8.5,8.5,8.5,8.5,345,0
UG.US,5,20250905,215500,8.51,8.51,8.51,8.51,106,0
UG.US,5,20250908,153000,8.38,8.38,8.38,8.38,1187,0
UG.US,5,20250908,154000,8.6875,8.6875,8.6875,8.6875,127,0
UG.US,5,20250908,161000,8.5,8.5,8.5,8.5,106,0
UG.US,5,20250908,163000,8.26,8.26,8.26,8.26,100,0
UG.US,5,20250908,164000,8.5,8.5,8.5,8.5,100,0
UG.US,5,20250908,184000,8.4854,8.4854,8.4854,8.4854,313,0
UG.US,5,20250908,215500,8.45,8.45,8.45,8.45,150,0
UG.US,5,20250909,164000,8.275,8.275,8.275,8.275,100,0
UG.US,5,20250909,172500,8.5,8.5,8.5,8.5,215,0
UG.US,5,20250910,153000,8.46,8.46,8.46,8.46,308,0
UG.US,5,20250911,165000,8.33,8.5,8.33,8.5,1647,0
UG.US,5,20250911,175000,8.375,8.375,8.375,8.375,130,0
UG.US,5,20250911,202500,8.5,8.5,8.5,8.5,100,0
UG.US,5,20250911,211000,8.2525,8.26,8.25,8.25,4937,0
UG.US,5,20250911,215500,8.2,8.2,8.2,8.2,162,0
UG.US,5,20250912,180000,8.2169,8.2169,8.2169,8.2169,1000,0
UG.US,5,20250912,183000,8.22,8.22,8.22,8.22,100,0
UG.US,5,20250912,195500,8.16,8.16,8.15,8.15,1249,0
UG.US,5,20250912,201500,8.15,8.15,8.15,8.15,717,0
UG.US,5,20250912,213000,7.83,7.88,7.81,7.88,443,0
UG.US,5,20250912,215500,7.9,7.9,7.8,7.8,1941,0
UG.US,5,20250915,153000,7.85,7.85,7.85,7.85,111,0
UG.US,5,20250915,170000,7.8748,7.89,7.85,7.8894,3198,0
UG.US,5,20250915,180000,7.89,7.89,7.89,7.89,100,0
UG.US,5,20250915,194500,7.95,7.95,7.95,7.95,100,0
UG.US,5,20250916,162000,8.4502,8.4502,8.4502,8.4502,110,0
UG.US,5,20250916,164500,8.275,8.275,8.275,8.275,100,0
UG.US,5,20250916,191500,7.8389,7.8389,7.8389,7.8389,441,0
UG.US,5,20250916,194500,8.1802,8.1802,8.1802,8.1802,150,0
UG.US,5,20250917,164000,8,8,8,8,200,0
UG.US,5,20250917,190000,7.99,7.99,7.99,7.99,195,0
UG.US,5,20250917,193500,7.99,8.01,7.99,8.01,3665,0
UG.US,5,20250917,210500,8.25,8.25,8.25,8.25,369,0
UG.US,5,20250918,153000,8,8,8,8,211,0
UG.US,5,20250918,175000,7.8267,7.8267,7.8267,7.8267,300,0
UG.US,5,20250918,180500,8.307,8.307,8.307,8.307,1000,0
UG.US,5,20250918,195500,7.87,7.87,7.87,7.87,175,0
UG.US,5,20250918,215500,7.93,7.93,7.9299,7.9299,200,0
UG.US,5,20250919,161500,7.87,7.87,7.87,7.87,252,0
UG.US,5,20250919,172500,7.9095,7.93,7.9095,7.93,1000,0
UG.US,5,20250919,175000,7.91,7.91,7.91,7.91,468,0
UG.US,5,20250919,193000,7.88,7.88,7.88,7.88,121,0
UG.US,5,20250922,202000,7.915,7.915,7.915,7.915,300,0
UG.US,5,20250922,204000,7.97,7.97,7.97,7.97,500,0
UG.US,5,20250922,205000,7.95,7.96,7.95,7.96,417,0
UG.US,5,20250923,182000,7.95,7.95,7.95,7.95,1500,0
UG.US,5,20250923,202000,7.93,7.93,7.93,7.93,1159,0
UG.US,5,20250923,213500,7.89,7.89,7.89,7.89,467,0
UG.US,5,20250923,214500,7.86,7.86,7.86,7.86,100,0
UG.US,5,20250924,153500,7.9526,7.9526,7.9526,7.9526,296,0
UG.US,5,20250924,161000,7.85,7.85,7.85,7.85,100,0
UG.US,5,20250924,164500,7.903,7.903,7.8621,7.8621,291,0
UG.US,5,20250924,165000,7.9082,7.9082,7.9082,7.9082,100,0
UG.US,5,20250924,175500,7.8671,7.8671,7.8671,7.8671,100,0
UG.US,5,20250924,200000,7.85,7.85,7.85,7.85,397,0
UG.US,5,20250924,200500,7.8,7.85,7.8,7.8,3046,0
UG.US,5,20250924,201000,7.8,7.8,7.79,7.79,2967,0
UG.US,5,20250924,201500,7.79,7.79,7.79,7.79,331,0
UG.US,5,20250924,202000,7.79,7.79,7.78,7.78,521,0
UG.US,5,20250924,202500,7.76,7.76,7.75,7.75,1325,0
UG.US,5,20250924,203000,7.75,7.75,7.73,7.73,2166,0
UG.US,5,20250924,203500,7.66,7.66,7.66,7.66,696,0
UG.US,5,20250924,204000,7.99,7.99,7.99,7.99,300,0
UG.US,5,20250924,205000,7.58,7.58,7.58,7.58,637,0
UG.US,5,20250924,210500,7.58,7.58,7.58,7.58,670,0
UG.US,5,20250925,161500,7.8,7.955,7.8,7.955,220,0
UG.US,5,20250925,172500,7.8736,7.8736,7.8736,7.8736,310,0
UG.US,5,20250925,192000,7.87,7.87,7.87,7.87,1000,0
UG.US,5,20250925,204500,7.64,7.64,7.64,7.64,100,0
UG.US,5,20250925,211000,7.8694,7.8694,7.825,7.825,240,0
UG.US,5,20250925,215500,7.74,7.74,7.74,7.74,135,0
UG.US,5,20250926,153000,7.76,7.76,7.76,7.76,119,0
UG.US,5,20250926,154500,7.61,7.61,7.6005,7.6005,200,0
UG.US,5,20250926,164500,8.2227,8.2227,8.2227,8.2227,150,0
UG.US,5,20250926,170500,7.99,7.99,7.99,7.99,100,0
UG.US,5,20250926,171500,7.99,7.99,7.99,7.99,150,0
UG.US,5,20250926,193500,7.8307,7.8307,7.8307,7.8307,300,0
UG.US,5,20250926,194000,7.66,7.66,7.66,7.66,250,0
UG.US,5,20250926,211500,7.66,7.7193,7.65,7.7193,1384,0
UG.US,5,20250926,212500,7.75,7.75,7.75,7.75,100,0
UG.US,5,20250926,213000,7.7582,7.7582,7.7582,7.7582,170,0
UG.US,5,20250929,153500,7.734,7.734,7.734,7.734,135,0
UG.US,5,20250929,172500,7.8096,7.8096,7.8096,7.8096,165,0
UG.US,5,20250929,184500,7.7368,7.7368,7.7368,7.7368,200,0
UG.US,5,20250929,191500,7.69,7.8,7.69,7.7,3962,0
UG.US,5,20250929,192000,7.68,7.68,7.68,7.68,100,0
UG.US,5,20250929,202000,7.7,7.71,7.67,7.7,15010,0
UG.US,5,20250929,202500,7.68,7.68,7.68,7.68,300,0
UG.US,5,20250929,203000,7.6799,7.6799,7.65,7.65,4444,0
UG.US,5,20250929,203500,7.68,7.68,7.68,7.68,227,0
UG.US,5,20250929,205500,7.65,7.65,7.65,7.65,100,0
UG.US,5,20250929,215000,7.62,7.62,7.62,7.62,200,0
UG.US,5,20250929,215500,7.64,7.64,7.62,7.62,300,0
UG.US,5,20250930,180000,8.08,8.08,8.08,8.08,2000,0
UG.US,5,20250930,180500,7.865,7.865,7.865,7.865,256,0
UG.US,5,20250930,181500,7.6858,7.6858,7.6858,7.6858,155,0
UG.US,5,20250930,185500,7.69,7.69,7.69,7.69,100,0
UG.US,5,20250930,191500,7.82,7.82,7.76,7.76,800,0
UG.US,5,20250930,195000,7.86,7.87,7.86,7.87,200,0
UG.US,5,20250930,214500,7.85,7.85,7.85,7.85,100,0
UG.US,5,20250930,215500,7.8593,7.8593,7.8593,7.8593,2000,0
UG.US,5,20251001,163500,7.815,7.815,7.815,7.815,1253,0
UG.US,5,20251001,164000,7.85,7.85,7.85,7.85,100,0
UG.US,5,20251001,175500,7.7,7.7,7.7,7.7,100,0
UG.US,5,20251001,193000,7.7,7.7,7.7,7.7,100,0
UG.US,5,20251001,195000,7.8,7.8,7.8,7.8,100,0
UG.US,5,20251001,195500,7.87,7.87,7.87,7.87,331,0
UG.US,5,20251001,215000,7.69,7.69,7.69,7.69,750,0
UG.US,5,20251002,161000,7.94,7.94,7.89,7.94,511,0
UG.US,5,20251002,200500,7.74,7.74,7.7301,7.7301,1606,0
UG.US,5,20251002,201500,7.9174,7.9174,7.9174,7.9174,125,0
UG.US,5,20251002,204000,8.09,8.09,8.09,8.09,125,0
UG.US,5,20251003,153000,7.74,7.74,7.74,7.74,100,0
UG.US,5,20251003,155000,7.9,7.9,7.9,7.9,700,0
UG.US,5,20251003,160500,7.91,7.91,7.91,7.91,100,0
UG.US,5,20251003,162500,7.8,7.8,7.8,7.8,100,0
UG.US,5,20251003,164500,7.85,7.85,7.85,7.85,300,0
UG.US,5,20251003,165000,7.85,7.85,7.85,7.85,101,0
UG.US,5,20251003,170000,7.7707,7.7707,7.7707,7.7707,1600,0
UG.US,5,20251003,171500,7.7854,7.7854,7.7854,7.7854,100,0
UG.US,5,20251003,172000,7.7661,7.7661,7.765,7.765,200,0
UG.US,5,20251003,174500,7.8,7.8,7.8,7.8,200,0
UG.US,5,20251003,175500,7.8,7.83,7.8,7.83,250,0
UG.US,5,20251003,180000,7.8,7.8,7.77,7.77,200,0
UG.US,5,20251003,181000,7.79,7.8,7.765,7.7999,3100,0
UG.US,5,20251003,202500,7.755,7.755,7.755,7.755,400,0
UG.US,5,20251003,212500,7.755,7.755,7.755,7.755,100,0
UG.US,5,20251006,153000,7.89,7.89,7.89,7.89,100,0
UG.US,5,20251006,160500,7.75,7.75,7.75,7.75,400,0
UG.US,5,20251006,165500,7.75,7.75,7.75,7.75,103,0
UG.US,5,20251006,185500,7.7151,7.77,7.7151,7.77,332,0
UG.US,5,20251006,190000,7.7466,7.77,7.7466,7.77,321,0
UG.US,5,20251006,190500,7.7466,7.7466,7.7187,7.7187,272,0
UG.US,5,20251006,191000,7.7175,7.7175,7.7175,7.7175,154,0
UG.US,5,20251006,192000,7.75,7.77,7.69,7.69,309,0
UG.US,5,20251006,192500,7.734,7.734,7.734,7.734,211,0
UG.US,5,20251006,193000,7.69,7.69,7.69,7.69,200,0
UG.US,5,20251006,193500,7.69,7.75,7.65,7.6973,813,0
UG.US,5,20251006,194000,7.6641,7.6641,7.6641,7.6641,343,0
UG.US,5,20251006,194500,7.6641,7.75,7.6641,7.75,691,0
UG.US,5,20251006,195000,7.68,7.68,7.6431,7.6431,595,0
UG.US,5,20251006,204000,7.7292,7.7292,7.7292,7.7292,300,0
UG.US,5,20251006,213500,7.62,7.71,7.62,7.65,1460,0
UG.US,5,20251006,214000,7.62,7.635,7.6,7.6,3732,0
UG.US,5,20251006,214500,7.595,7.595,7.5,7.51,3176,0
UG.US,5,20251006,215000,7.545,7.545,7.5053,7.545,5231,0
UG.US,5,20251006,215500,7.556,7.556,7.556,7.556,200,0
UG.US,5,20251007,153000,7.55,7.56,7.55,7.56,468,0
UG.US,5,20251007,153500,7.56,7.56,7.56,7.56,134,0
UG.US,5,20251007,161000,7.6227,7.6227,7.6227,7.6227,1500,0
UG.US,5,20251007,172000,7.602,7.602,7.602,7.602,200,0
UG.US,5,20251007,172500,7.655,7.655,7.6,7.6,520,0
UG.US,5,20251007,173000,7.6,7.6,7.6,7.6,100,0
UG.US,5,20251007,193500,7.528,7.528,7.528,7.528,123,0
UG.US,5,20251007,211000,7.51,7.51,7.51,7.51,100,0
UG.US,5,20251008,175500,7.6759,7.6759,7.6759,7.6759,1000,0
UG.US,5,20251008,180000,7.5101,7.5101,7.5101,7.5101,350,0
UG.US,5,20251008,204000,7.55,7.55,7.55,7.55,280,0
UG.US,5,20251008,205500,7.59,7.59,7.59,7.59,100,0
UG.US,5,20251009,153000,7.67,7.67,7.67,7.67,968,0
UG.US,5,20251009,155000,7.5499,7.5499,7.5499,7.5499,124,0
UG.US,5,20251009,162500,7.555,7.555,7.555,7.555,143,0
UG.US,5,20251009,180500,7.5685,7.5685,7.5685,7.5685,499,0
UG.US,5,20251009,181000,7.5695,7.5695,7.5101,7.52,300,0
UG.US,5,20251009,182000,7.569,7.569,7.55,7.55,200,0
UG.US,5,20251010,153000,7.55,7.55,7.55,7.55,150,0
UG.US,5,20251010,172500,7.55,7.55,7.51,7.51,567,0
UG.US,5,20251010,173500,7.51,7.51,7.51,7.51,100,0
UG.US,5,20251010,181500,7.51,7.51,7.51,7.51,203,0
UG.US,5,20251010,204500,7.51,7.51,7.5,7.5,283,0
UG.US,5,20251010,205000,7.49,7.49,7.49,7.49,572,0
UG.US,5,20251010,205500,7.5,7.51,7.5,7.5027,1176,0
UG.US,5,20251010,211500,7.49,7.4902,7.42,7.4901,4856,0
UG.US,5,20251010,213500,7.44,7.44,7.44,7.44,100,0
UG.US,5,20251013,153000,7.43,7.43,7.43,7.43,560,0
UG.US,5,20251013,154500,7.5252,7.5252,7.5252,7.5252,110,0
UG.US,5,20251013,155500,7.55,7.55,7.55,7.55,106,0
UG.US,5,20251013,161500,7.5103,7.5103,7.5103,7.5103,271,0
UG.US,5,20251013,163500,7.5,7.5,7.5,7.5,100,0
UG.US,5,20251013,191000,7.5,7.5,7.5,7.5,1500,0
UG.US,5,20251013,202500,7.5,7.5,7.5,7.5,100,0
UG.US,5,20251013,214500,7.55,7.55,7.55,7.55,100,0
UG.US,5,20251013,215500,7.5,7.5,7.5,7.5,110,0
UG.US,5,20251014,153000,7.5,7.5,7.5,7.5,194,0
UG.US,5,20251014,174500,7.5932,7.5932,7.5932,7.5932,234,0
UG.US,5,20251014,180500,7.5,7.5,7.5,7.5,1000,0
UG.US,5,20251014,181000,7.58,7.58,7.58,7.58,100,0
UG.US,5,20251014,185000,7.5308,7.5308,7.5308,7.5308,639,0
UG.US,5,20251014,192000,7.5728,7.5728,7.5728,7.5728,170,0
UG.US,5,20251014,204000,7.51,7.51,7.51,7.51,100,0
UG.US,5,20251014,215000,7.6,7.6,7.6,7.6,100,0
UG.US,5,20251015,161500,7.5288,7.5288,7.5288,7.5288,100,0
UG.US,5,20251015,164000,7.5,7.5,7.5,7.5,1598,0
UG.US,5,20251015,164500,7.5499,7.5499,7.5,7.5499,474,0
UG.US,5,20251015,165000,7.5,7.5,7.5,7.5,905,0
UG.US,5,20251015,181000,7.5,7.5,7.5,7.5,666,0
UG.US,5,20251015,183000,7.43,7.4898,7.43,7.4898,2800,0
UG.US,5,20251015,191500,7.45,7.45,7.45,7.45,200,0
UG.US,5,20251015,211500,7.41,7.43,7.387,7.387,1075,0
UG.US,5,20251015,213500,7.4594,7.4594,7.45,7.45,1125,0
UG.US,5,20251015,214000,7.45,7.45,7.45,7.45,125,0
UG.US,5,20251015,214500,7.45,7.45,7.25,7.43,1375,0
UG.US,5,20251015,215500,7.35,7.35,7.35,7.35,560,0
UG.US,5,20251016,153000,7.36,7.36,7.36,7.36,1672,0
UG.US,5,20251016,164500,7.5,7.5,7.5,7.5,100,0
UG.US,5,20251016,170500,7.698,7.698,7.698,7.698,200,0
UG.US,5,20251016,172000,7.6,7.6,7.6,7.6,534,0
UG.US,5,20251016,181500,7.5,7.6,7.5,7.59,400,0
UG.US,5,20251016,200000,7.5,7.58,7.5,7.58,200,0
UG.US,5,20251016,215500,7.67,7.67,7.67,7.67,330,0
UG.US,5,20251017,163500,7.6199,7.6199,7.6198,7.6198,426,0
UG.US,5,20251017,191000,7.56,7.56,7.56,7.56,100,0
UG.US,5,20251017,203500,7.56,7.56,7.56,7.56,100,0
UG.US,5,20251017,214000,7.6,7.6,7.6,7.6,601,0
UG.US,5,20251017,215500,7.55,7.55,7.55,7.55,100,0
UG.US,5,20251020,153000,7.62,7.62,7.62,7.62,158,0
UG.US,5,20251020,182500,7.52,7.52,7.52,7.52,100,0
UG.US,5,20251020,193500,7.55,7.55,7.55,7.55,100,0
UG.US,5,20251021,153000,7.5,7.5,7.5,7.5,861,0
UG.US,5,20251021,165500,7.53,7.53,7.53,7.53,100,0
UG.US,5,20251021,210000,7.6,7.6,7.6,7.6,106,0
UG.US,5,20251021,212500,7.61,7.61,7.61,7.61,356,0
UG.US,5,20251022,153000,7.48,7.48,7.48,7.48,2386,0
UG.US,5,20251022,163500,7.613,7.613,7.613,7.613,130,0
UG.US,5,20251022,182000,7.63,7.64,7.63,7.64,300,0
UG.US,5,20251022,182500,7.63,7.68,7.48,7.48,16289,0
UG.US,5,20251022,192000,7.5,7.51,7.5,7.51,300,0
UG.US,5,20251022,192500,7.5,7.5,7.5,7.5,100,0
UG.US,5,20251022,201500,7.47,7.47,7.47,7.47,275,0
UG.US,5,20251022,205000,7.485,7.485,7.47,7.47,635,0
UG.US,5,20251022,211000,7.47,7.47,7.45,7.45,1561,0
UG.US,5,20251022,214000,7.43,7.43,7.43,7.43,100,0
UG.US,5,20251022,215000,7.45,7.45,7.45,7.45,200,0
UG.US,5,20251022,215500,7.45,7.45,7.45,7.45,181,0
UG.US,5,20251023,153000,7.47,7.47,7.47,7.47,295,0
UG.US,5,20251023,165000,7.65,7.65,7.4,7.4,6300,0
UG.US,5,20251023,173000,7.53,7.53,7.53,7.53,197,0
UG.US,5,20251023,175500,7.68,7.68,7.68,7.68,100,0
UG.US,5,20251024,153000,7.52,7.52,7.52,7.52,501,0
UG.US,5,20251024,213500,7.43,7.43,7.3,7.3,1701,0
UG.US,5,20251024,215500,7.36,7.36,7.36,7.36,104,0
UG.US,5,20251027,143000,7.27,7.27,7.27,7.27,559,0
UG.US,5,20251027,151000,7.2524,7.2524,7.25,7.25,374,0
UG.US,5,20251027,153500,7.37,7.37,7.37,7.37,500,0
UG.US,5,20251027,155000,7.4227,7.4227,7.4227,7.4227,200,0
UG.US,5,20251027,163500,7.31,7.3142,7.31,7.3142,323,0
UG.US,5,20251027,165000,7.37,7.37,7.3197,7.3197,200,0
UG.US,5,20251027,170000,7.25,7.25,7.25,7.25,100,0
UG.US,5,20251028,145000,7.37,7.37,7.37,7.37,328,0
UG.US,5,20251028,145500,7.4267,7.4267,7.4267,7.4267,100,0
UG.US,5,20251028,153000,7.35,7.35,7.35,7.35,100,0
UG.US,5,20251028,160500,7.2501,7.2501,7.2501,7.2501,1029,0
UG.US,5,20251029,143000,7.34,7.34,7.34,7.34,153,0
UG.US,5,20251029,164500,7.4899,7.4899,7.4899,7.4899,800,0
UG.US,5,20251029,170500,7.34,7.34,7.34,7.34,274,0
UG.US,5,20251029,205000,7.39,7.4061,7.39,7.4061,300,0
UG.US,5,20251030,143000,7.36,7.36,7.36,7.36,116,0
UG.US,5,20251030,145500,7.36,7.36,7.36,7.36,100,0
UG.US,5,20251031,143000,7.25,7.25,7.25,7.25,2959,0
UG.US,5,20251031,145000,7.23,7.23,7.23,7.23,100,0
UG.US,5,20251031,150500,7.2167,7.2167,7.2167,7.2167,106,0
UG.US,5,20251031,155000,7.2,7.225,7.2,7.225,392,0
UG.US,5,20251031,194500,7.1999,7.1999,7.1999,7.1999,1000,0
UG.US,5,20251031,203500,7.172,7.172,7.172,7.172,257,0
UG.US,5,20251031,205500,7.1874,7.1874,7.17,7.17,200,0
UG.US,5,20251103,153000,7.1,7.1,7.1,7.1,501,0
UG.US,5,20251103,162000,7.15,7.15,7.15,7.15,400,0
UG.US,5,20251103,171500,7.1,7.1,7.1,7.1,825,0
UG.US,5,20251103,172000,7.199,7.199,7.199,7.199,100,0
UG.US,5,20251103,181000,7.1068,7.1068,7.1068,7.1068,109,0
UG.US,5,20251103,182000,7.1499,7.1499,7.0001,7.0001,900,0
UG.US,5,20251103,185500,7,7.05,7,7,628,0
UG.US,5,20251103,190500,7.11,7.11,7.11,7.11,100,0
UG.US,5,20251103,192000,7,7,7,7,100,0
UG.US,5,20251103,211500,7,7.02,6.95,6.95,1525,0
UG.US,5,20251103,215000,7.1467,7.1467,7.1467,7.1467,540,0
UG.US,5,20251103,215500,7.05,7.05,6.95,6.979,1558,0
UG.US,5,20251104,153000,7.07,7.07,7,7,415,0
UG.US,5,20251104,162500,7.035,7.035,7.035,7.035,209,0
UG.US,5,20251104,171000,7.035,7.035,7.035,7.035,500,0
UG.US,5,20251104,180000,7,7,7,7,200,0
UG.US,5,20251104,192500,7,7,7,7,100,0
UG.US,5,20251104,200500,7.01,7.01,7.01,7.01,137,0
UG.US,5,20251104,205000,7,7,7,7,300,0
UG.US,5,20251104,215000,7.0399,7.0399,7.0399,7.0399,1000,0
UG.US,5,20251104,215500,7.0699,7.0699,7.0699,7.0699,2000,0
UG.US,5,20251105,153000,7.0699,7.0699,7.0699,7.0699,1000,0
UG.US,5,20251105,160000,7.0699,7.0699,7.06,7.0686,798,0
UG.US,5,20251105,160500,7.035,7.035,7.035,7.035,1000,0
UG.US,5,20251105,165500,7.0059,7.0059,7,7,850,0
UG.US,5,20251105,182500,6.9778,7.0184,6.9778,7.0184,380,0
UG.US,5,20251105,183500,7,7.0226,7,7.0226,300,0
UG.US,5,20251105,184000,7,7,7,7,125,0
UG.US,5,20251105,184500,7.07,7.07,7.07,7.07,100,0
UG.US,5,20251105,185000,7.01,7.01,7.01,7.01,100,0
UG.US,5,20251105,193500,7,7,7,7,100,0
UG.US,5,20251106,153500,6.85,7,6.85,7,1219,0
UG.US,5,20251106,164500,7.0277,7.0277,7.0277,7.0277,125,0
UG.US,5,20251106,165500,6.9,6.9,6.9,6.9,100,0
UG.US,5,20251106,180500,6.98,6.98,6.98,6.98,500,0
UG.US,5,20251106,182500,7.0387,7.0387,7.0387,7.0387,141,0
UG.US,5,20251106,183000,6.9,6.9,6.9,6.9,431,0
UG.US,5,20251106,184500,6.9,6.9,6.9,6.9,150,0
UG.US,5,20251106,185500,6.9,6.9,6.9,6.9,100,0
UG.US,5,20251106,194000,6.9,6.9001,6.5001,6.5001,9320,0
UG.US,5,20251106,200000,6.603,6.603,6.603,6.603,150,0
UG.US,5,20251106,201500,6.59,6.59,6.59,6.59,110,0
UG.US,5,20251106,205000,6.625,6.625,6.625,6.625,925,0
UG.US,5,20251106,210000,6.65,6.65,6.65,6.65,100,0
UG.US,5,20251106,212500,6.65,6.65,6.65,6.65,1810,0
UG.US,5,20251106,213000,6.7499,6.7499,6.7499,6.7499,1499,0
UG.US,5,20251106,215000,6.73,6.73,6.73,6.73,100,0
UG.US,5,20251106,215500,6.6885,6.6885,6.56,6.56,1387,0
UG.US,5,20251107,161000,6.52,6.52,6.52,6.52,100,0
UG.US,5,20251107,163500,6.5,6.5,6.5,6.5,392,0
UG.US,5,20251107,164500,6.5,6.5,6.5,6.5,100,0
UG.US,5,20251107,173000,6.5545,6.5545,6.5545,6.5545,100,0
UG.US,5,20251107,173500,6.53,6.53,6.5,6.5,2552,0
UG.US,5,20251107,174000,6.4,6.4,6.4,6.4,290,0
UG.US,5,20251107,175000,6.3999,6.3999,6.3999,6.3999,400,0
UG.US,5,20251107,175500,6.37,6.37,6.3505,6.3505,738,0
UG.US,5,20251107,182000,6.36,6.36,6.36,6.36,100,0
UG.US,5,20251107,184000,6.36,6.36,6.36,6.36,600,0
UG.US,5,20251107,190500,6.4,6.4,6.4,6.4,100,0
UG.US,5,20251107,195500,6.35,6.35,6.35,6.35,711,0
UG.US,5,20251107,204000,6.3501,6.3501,6.3501,6.3501,772,0
UG.US,5,20251107,211500,6.386,6.386,6.386,6.386,500,0
UG.US,5,20251107,213000,6.4,6.4,6.4,6.4,100,0
UG.US,5,20251107,214000,6.36,6.375,6.36,6.375,1078,0
UG.US,5,20251107,215500,6.35,6.35,6.35,6.35,169,0
UG.US,5,20251110,153000,6.35,6.55,6.35,6.55,546,0
UG.US,5,20251110,155000,6.51,6.51,6.42,6.42,250,0
UG.US,5,20251110,173000,6.4,6.4,6.4,6.4,260,0
UG.US,5,20251110,190500,6.31,6.31,6.31,6.31,226,0
UG.US,5,20251110,193000,6.355,6.355,6.355,6.355,132,0
UG.US,5,20251110,211000,6.355,6.355,6.355,6.355,230,0
UG.US,5,20251110,215000,6.31,6.31,6.3,6.3,298,0
UG.US,5,20251111,165500,6.597,6.597,6.597,6.597,200,0
UG.US,5,20251111,195500,6.45,6.45,6.45,6.45,797,0
UG.US,5,20251111,210000,6.31,6.31,6.31,6.31,300,0
UG.US,5,20251111,212000,6.3001,6.3001,6.3001,6.3001,1141,0
UG.US,5,20251111,213500,6.4065,6.4065,6.4065,6.4065,500,0
UG.US,5,20251111,215000,6.35,6.35,6.35,6.35,108,0
UG.US,5,20251112,153500,6.31,6.31,6.29,6.29,1975,0
UG.US,5,20251112,154500,6.3506,6.3506,6.3506,6.3506,5088,0
UG.US,5,20251112,161000,6.25,6.25,6.23,6.23,2524,0
UG.US,5,20251112,162000,6.36,6.36,6.36,6.36,100,0
UG.US,5,20251112,162500,6.2,6.44,6.16,6.44,1579,0
UG.US,5,20251112,171000,6.1341,6.1341,6.1341,6.1341,200,0
UG.US,5,20251112,173500,6.15,6.15,6.15,6.15,407,0
UG.US,5,20251112,175500,6.128,6.128,6.128,6.128,100,0
UG.US,5,20251112,182000,6.1489,6.1489,6.1489,6.1489,100,0
UG.US,5,20251112,182500,6.1399,6.1399,6.13,6.13,808,0
UG.US,5,20251112,183500,6.13,6.13,6.13,6.13,500,0
UG.US,5,20251112,184500,6.12,6.15,6.09,6.15,1223,0
UG.US,5,20251112,185000,6.2199,6.2199,6.05,6.0597,5383,0
UG.US,5,20251112,185500,6.0601,6.0601,6.0601,6.0601,1900,0
UG.US,5,20251112,192000,6.1,6.1,6.1,6.1,100,0
UG.US,5,20251112,193500,6.1198,6.12,6.11,6.12,1731,0
UG.US,5,20251112,195000,6.1201,6.1201,6.1201,6.1201,100,0
UG.US,5,20251112,200000,6.1401,6.1401,6.1401,6.1401,300,0
UG.US,5,20251112,201000,6.135,6.19,6.135,6.19,500,0
UG.US,5,20251112,203500,6.164,6.23,6.16,6.23,400,0
UG.US,5,20251112,205000,6.2,6.2,6.2,6.2,100,0
UG.US,5,20251112,213000,6.17,6.17,6.16,6.16,368,0
UG.US,5,20251112,215500,6.14,6.14,6.14,6.14,365,0
UG.US,5,20251113,153000,6.11,6.11,6.11,6.11,137,0
UG.US,5,20251113,153500,6.11,6.11,6.11,6.11,100,0
UG.US,5,20251113,161500,6.27,6.27,6.27,6.27,150,0
UG.US,5,20251113,172000,6.15,6.15,6.124,6.124,600,0
UG.US,5,20251113,172500,6.18,6.18,6.11,6.15,893,0
UG.US,5,20251113,175000,6.122,6.122,6.122,6.122,192,0
UG.US,5,20251113,180000,6.1937,6.1937,6.1937,6.1937,223,0
UG.US,5,20251113,182000,6.15,6.15,6.15,6.15,300,0
UG.US,5,20251113,191500,6.16,6.16,6.1583,6.16,532,0
UG.US,5,20251113,200000,6.16,6.16,6.1583,6.1583,468,0
UG.US,5,20251113,202500,6.21,6.21,6.21,6.21,189,0
UG.US,5,20251113,205500,6.2,6.2,6.2,6.2,100,0
UG.US,5,20251113,211000,6.21,6.21,6.21,6.21,2000,0
UG.US,5,20251113,211500,6.2,6.2,6.2,6.2,200,0
UG.US,5,20251113,215500,6.19,6.2,6.17,6.17,723,0
UG.US,5,20251114,200000,6.19,6.19,6.19,6.19,131,0
UG.US,5,20251114,205000,6.16,6.16,6.16,6.16,192,0
UG.US,5,20251114,215000,6.16,6.16,6.16,6.16,200,0
UG.US,5,20251114,215500,6.16,6.16,6.15,6.15,2241,0
UG.US,5,20251117,153000,6.19,6.19,6.19,6.19,2095,0
UG.US,5,20251117,162000,6.2388,6.3,6.2388,6.3,2141,0
UG.US,5,20251117,171000,6.3,6.3,6.3,6.3,1000,0
UG.US,5,20251117,172500,6.3,6.3,6.3,6.3,118,0
UG.US,5,20251117,184500,6.2,6.2,6.2,6.2,500,0
UG.US,5,20251117,190500,6.21,6.21,6.1,6.15,1305,0
UG.US,5,20251117,201500,6.14,6.14,6.14,6.14,1298,0
UG.US,5,20251117,204500,6.238,6.238,6.238,6.238,600,0
UG.US,5,20251117,205500,6.14,6.24,6.14,6.14,1050,0
UG.US,5,20251117,215500,6.12,6.12,6.12,6.12,1198,0
UG.US,5,20251118,153000,6.06,6.08,6.06,6.08,738,0
UG.US,5,20251118,155000,6.08,6.08,6.08,6.08,2500,0
UG.US,5,20251118,161000,6.09,6.09,6.06,6.06,2370,0
UG.US,5,20251118,165000,6.06,6.06,6.06,6.06,200,0
UG.US,5,20251118,165500,6.06,6.06,6.06,6.06,100,0
UG.US,5,20251118,171000,6.06,6.06,6.06,6.06,307,0
UG.US,5,20251118,171500,6.06,6.06,6.06,6.06,200,0
UG.US,5,20251118,175000,6.06,6.06,6.06,6.06,420,0
UG.US,5,20251118,183000,6.06,6.06,6.06,6.06,185,0
UG.US,5,20251118,183500,6.06,6.06,6.06,6.06,1169,0
UG.US,5,20251118,191000,6.043,6.043,6.043,6.043,100,0
UG.US,5,20251118,215500,6.035,6.035,6.035,6.035,161,0
UG.US,5,20251119,153000,6,6.02,6,6.0132,4646,0
UG.US,5,20251119,153500,6.02,6.03,6.02,6.02,693,0
UG.US,5,20251119,163000,6.1,6.1,6.1,6.1,708,0
UG.US,5,20251119,171500,6.1,6.1001,6.1,6.1001,686,0
UG.US,5,20251119,191500,6.01,6.01,6.01,6.01,800,0
UG.US,5,20251119,193500,6.0275,6.0275,6.0275,6.0275,216,0
UG.US,5,20251119,194000,6.01,6.01,6.01,6.01,798,0
UG.US,5,20251119,195000,6,6,6,6,200,0
UG.US,5,20251119,200500,6.02,6.02,6.02,6.02,2096,0
UG.US,5,20251119,203000,6,6,6,6,260,0
UG.US,5,20251119,211500,5.97,5.99,5.97,5.99,200,0
UG.US,5,20251120,153000,5.96,5.96,5.96,5.96,331,0
UG.US,5,20251120,153500,6.135,6.135,6.135,6.135,500,0
UG.US,5,20251120,155500,6.11,6.12,6.11,6.12,200,0
UG.US,5,20251120,164500,6.11,6.11,6.1,6.1,200,0
UG.US,5,20251120,173000,5.94,5.95,5.94,5.95,200,0
UG.US,5,20251120,174000,6.1299,6.1299,6.1299,6.1299,800,0
UG.US,5,20251120,175500,6.015,6.015,5.9001,5.92,4454,0
UG.US,5,20251120,180000,5.9,5.9,5.88,5.88,600,0
UG.US,5,20251120,184500,5.86,5.87,5.86,5.86,585,0
UG.US,5,20251120,185000,5.86,5.86,5.86,5.86,200,0
UG.US,5,20251120,191500,5.86,5.86,5.82,5.849,2378,0
UG.US,5,20251120,192000,5.84,5.84,5.84,5.84,200,0
UG.US,5,20251120,193000,5.811,5.8397,5.811,5.8397,450,0
UG.US,5,20251120,203500,5.822,5.822,5.822,5.822,767,0
UG.US,5,20251120,205000,5.8,5.8,5.8,5.8,1000,0
UG.US,5,20251120,210500,5.8,5.8,5.75,5.78,5322,0
UG.US,5,20251120,212500,5.76,5.76,5.76,5.76,100,0
UG.US,5,20251120,213500,5.76,5.76,5.76,5.76,100,0
UG.US,5,20251120,214000,5.775,5.795,5.76,5.7899,11000,0
UG.US,5,20251120,215000,5.775,5.792,5.76,5.785,6298,0
UG.US,5,20251120,215500,5.78,5.802,5.78,5.8,4014,0
UG.US,5,20251121,153000,5.8,5.83,5.8,5.83,5805,0
UG.US,5,20251121,153500,5.83,5.83,5.83,5.83,300,0
UG.US,5,20251121,155500,5.8,5.8,5.8,5.8,300,0
UG.US,5,20251121,162500,5.8,5.8,5.8,5.8,200,0
UG.US,5,20251121,163000,5.89,5.91,5.89,5.91,400,0
UG.US,5,20251121,171500,5.84,5.84,5.83,5.83,300,0
UG.US,5,20251121,172000,5.84,5.84,5.84,5.84,100,0
UG.US,5,20251121,174000,5.9499,5.9499,5.9499,5.9499,499,0
UG.US,5,20251121,180000,5.84,5.84,5.84,5.84,200,0
UG.US,5,20251121,184500,5.865,5.865,5.865,5.865,200,0
UG.US,5,20251121,190000,5.81,5.815,5.81,5.815,579,0
UG.US,5,20251121,192500,5.8054,5.8054,5.8054,5.8054,2000,0
UG.US,5,20251121,193000,5.8,5.8,5.8,5.8,100,0
UG.US,5,20251121,193500,5.8,5.8,5.8,5.8,200,0
UG.US,5,20251121,194000,5.95,5.95,5.805,5.805,300,0
UG.US,5,20251121,194500,5.81,5.81,5.81,5.81,100,0
UG.US,5,20251121,195000,5.8646,5.8646,5.8646,5.8646,370,0
UG.US,5,20251121,202000,5.82,5.82,5.8,5.8,600,0
UG.US,5,20251121,204000,5.8,5.8,5.8,5.8,2006,0
UG.US,5,20251121,205000,5.77,5.77,5.77,5.77,927,0
UG.US,5,20251121,211000,5.77,5.77,5.77,5.77,1263,0
UG.US,5,20251121,212000,5.775,5.7794,5.76,5.76,5600,0
UG.US,5,20251121,214000,5.76,5.76,5.75,5.75,300,0
UG.US,5,20251121,214500,5.765,5.765,5.765,5.765,100,0
UG.US,5,20251121,215000,5.75,5.75,5.75,5.75,796,0
UG.US,5,20251124,153500,5.76,5.76,5.76,5.76,239,0
UG.US,5,20251124,160500,5.76,5.77,5.76,5.77,200,0
UG.US,5,20251124,165000,5.85,5.85,5.77,5.77,395,0
UG.US,5,20251124,173500,5.8,5.8101,5.785,5.8101,500,0
UG.US,5,20251124,174000,5.83,5.83,5.83,5.83,100,0
UG.US,5,20251124,175000,5.81,5.8101,5.77,5.81,1625,0
UG.US,5,20251124,180500,5.78,5.79,5.78,5.79,300,0
UG.US,5,20251124,182000,5.77,5.77,5.77,5.77,421,0
UG.US,5,20251124,183500,5.79,5.8,5.78,5.78,1014,0
UG.US,5,20251124,184000,5.8,5.815,5.8,5.815,300,0
UG.US,5,20251124,185000,5.815,5.815,5.8,5.8,600,0
UG.US,5,20251124,190000,5.82,5.82,5.82,5.82,1995,0
UG.US,5,20251124,191000,5.85,5.85,5.85,5.85,277,0
UG.US,5,20251124,192500,5.83,5.83,5.82,5.82,300,0
UG.US,5,20251124,200000,5.81,5.82,5.8,5.8,500,0
UG.US,5,20251124,201500,5.81,5.81,5.8,5.8,1657,0
UG.US,5,20251124,203000,5.77,5.79,5.77,5.78,400,0
UG.US,5,20251124,212500,5.765,5.77,5.74,5.74,7788,0
UG.US,5,20251124,214500,5.67,5.67,5.67,5.67,200,0
UG.US,5,20251124,215000,5.67,5.67,5.67,5.67,2500,0
UG.US,5,20251124,215500,5.64,5.64,5.64,5.64,100,0
UG.US,5,20251125,161500,5.5753,5.5753,5.5753,5.5753,100,0
UG.US,5,20251125,163000,5.62,5.62,5.6045,5.6045,554,0
UG.US,5,20251125,164500,5.64,5.64,5.64,5.64,100,0
UG.US,5,20251125,170500,5.6654,5.695,5.6654,5.695,550,0
UG.US,5,20251125,171500,5.66,5.69,5.66,5.69,500,0
UG.US,5,20251125,180000,5.67,5.67,5.67,5.67,300,0
UG.US,5,20251125,183000,5.7052,5.7052,5.7052,5.7052,400,0
UG.US,5,20251125,184000,5.67,5.7399,5.66,5.7399,1923,0
UG.US,5,20251125,185000,5.7399,5.7399,5.7399,5.7399,708,0
UG.US,5,20251125,192500,5.67,5.67,5.67,5.67,400,0
UG.US,5,20251125,200000,5.72,5.72,5.72,5.72,203,0
UG.US,5,20251125,200500,5.67,5.7,5.67,5.7,497,0
UG.US,5,20251125,205000,5.67,5.67,5.67,5.67,127,0
UG.US,5,20251125,215500,5.685,5.685,5.685,5.685,100,0
UG.US,5,20251126,153500,5.74,5.74,5.74,5.74,186,0
UG.US,5,20251126,160000,5.7437,5.7437,5.7099,5.73,9500,0
UG.US,5,20251126,160500,5.76,5.76,5.76,5.76,100,0
UG.US,5,20251126,163500,5.77,5.77,5.77,5.77,300,0
UG.US,5,20251126,172500,5.94,5.94,5.94,5.94,100,0
UG.US,5,20251126,173500,5.831,5.831,5.831,5.831,125,0
UG.US,5,20251126,175000,5.915,5.915,5.915,5.915,100,0
UG.US,5,20251126,181000,5.915,5.915,5.915,5.915,350,0
UG.US,5,20251126,191000,5.94,5.94,5.94,5.94,180,0
UG.US,5,20251126,192500,5.885,5.885,5.885,5.885,100,0
UG.US,5,20251126,193000,5.85,5.85,5.85,5.85,290,0
UG.US,5,20251126,194000,5.85,5.85,5.85,5.85,300,0
UG.US,5,20251126,195500,5.82,5.82,5.82,5.82,100,0
UG.US,5,20251126,201000,5.82,5.82,5.82,5.82,304,0
UG.US,5,20251126,203500,5.8,5.8,5.73,5.735,1000,0
UG.US,5,20251126,204500,5.735,5.735,5.735,5.735,500,0
UG.US,5,20251126,205000,5.74,5.74,5.74,5.74,500,0
UG.US,5,20251126,215500,5.715,5.715,5.68,5.68,638,0
UG.US,5,20251128,153000,5.73,5.73,5.73,5.73,793,0
UG.US,5,20251128,170500,5.74,5.74,5.74,5.74,100,0
UG.US,5,20251128,171000,5.73,5.73,5.73,5.73,249,0
UG.US,5,20251128,185500,5.76,5.812,5.76,5.79,1950,0
UG.US,5,20251201,153000,5.85,5.85,5.75,5.78,2237,0
UG.US,5,20251201,154000,5.78,5.78,5.78,5.78,100,0
UG.US,5,20251201,160500,5.7602,5.7602,5.7602,5.7602,700,0
UG.US,5,20251201,174500,5.85,5.85,5.85,5.85,900,0
UG.US,5,20251201,175000,5.855,5.855,5.85,5.85,800,0
UG.US,5,20251201,183000,5.8,5.8,5.8,5.8,100,0
UG.US,5,20251201,190500,5.75,5.75,5.75,5.75,100,0
UG.US,5,20251201,194500,5.8005,5.8005,5.8005,5.8005,1000,0
UG.US,5,20251201,195500,5.805,5.85,5.805,5.85,5704,0
UG.US,5,20251201,200500,5.85,5.85,5.85,5.85,900,0
UG.US,5,20251201,205500,5.885,5.9,5.88,5.9,4861,0
UG.US,5,20251201,211000,5.9248,5.9248,5.9248,5.9248,500,0
UG.US,5,20251201,215500,5.89,5.89,5.88,5.88,700,0
UG.US,5,20251202,153000,5.92,5.92,5.92,5.92,126,0
UG.US,5,20251202,174000,5.79,5.79,5.75,5.75,2025,0
UG.US,5,20251202,183000,5.75,5.75,5.75,5.75,100,0
UG.US,5,20251202,194500,5.9123,5.9123,5.9123,5.9123,100,0
UG.US,5,20251202,195000,5.86,5.86,5.86,5.86,100,0
UG.US,5,20251202,204500,5.77,5.77,5.77,5.77,100,0
UG.US,5,20251202,214500,5.77,5.77,5.77,5.77,100,0
UG.US,5,20251202,215000,5.76,5.76,5.76,5.76,300,0
UG.US,5,20251202,215500,5.77,5.77,5.77,5.77,100,0
UG.US,5,20251203,153000,5.75,5.75,5.75,5.75,503,0
UG.US,5,20251203,183500,5.81,5.81,5.81,5.81,100,0
UG.US,5,20251203,190000,5.76,5.76,5.76,5.76,100,0
UG.US,5,20251203,193000,5.76,5.76,5.76,5.76,100,0
UG.US,5,20251203,204000,5.83,5.84,5.83,5.84,300,0
UG.US,5,20251203,204500,5.84,5.84,5.84,5.84,100,0
UG.US,5,20251203,205000,5.83,5.9,5.73,5.73,7174,0
UG.US,5,20251203,211500,5.72,5.72,5.72,5.72,120,0
UG.US,5,20251203,212500,5.76,5.76,5.76,5.76,489,0
UG.US,5,20251203,213000,5.73,5.73,5.72,5.73,5159,0
UG.US,5,20251203,214000,5.785,5.785,5.785,5.785,200,0
UG.US,5,20251203,214500,5.785,5.785,5.785,5.785,200,0
UG.US,5,20251203,215000,5.79,5.79,5.785,5.79,500,0
UG.US,5,20251203,215500,5.89,5.89,5.79,5.79,300,0
UG.US,5,20251204,153000,5.9,5.9,5.9,5.9,1371,0
UG.US,5,20251204,154000,5.9897,5.9897,5.9897,5.9897,850,0
UG.US,5,20251204,155000,5.9,5.9,5.9,5.9,125,0
UG.US,5,20251204,155500,5.92,5.92,5.9178,5.9178,305,0
UG.US,5,20251204,164500,5.9177,5.9191,5.9177,5.9191,200,0
UG.US,5,20251204,171000,5.9125,5.9125,5.9125,5.9125,124,0
UG.US,5,20251204,173500,5.9,5.9,5.9,5.9,2043,0
UG.US,5,20251204,174000,5.88,5.89,5.88,5.89,210,0
UG.US,5,20251204,180000,5.86,5.86,5.86,5.86,180,0
UG.US,5,20251204,181500,5.86,5.86,5.86,5.86,620,0
UG.US,5,20251204,182000,5.855,5.86,5.855,5.86,200,0
UG.US,5,20251204,183000,5.85,5.85,5.85,5.85,170,0
UG.US,5,20251204,184000,5.86,5.86,5.86,5.86,200,0
UG.US,5,20251204,185500,5.85,5.85,5.85,5.85,164,0
UG.US,5,20251204,190000,5.85,5.87,5.85,5.87,300,0
UG.US,5,20251204,192000,5.855,5.86,5.85,5.85,927,0
UG.US,5,20251204,192500,5.847157,5.847157,5.847157,5.847157,404,0
UG.US,5,20251204,193000,5.85,5.85,5.85,5.85,180,0
UG.US,5,20251204,194000,5.85,5.85,5.85,5.85,100,0
UG.US,5,20251204,202000,5.85,5.85,5.85,5.85,100,0
UG.US,5,20251204,202500,5.85,5.85,5.85,5.85,200,0
UG.US,5,20251204,204000,5.85,5.85,5.85,5.85,100,0
UG.US,5,20251204,204500,5.8552,5.8552,5.8552,5.8552,484,0
UG.US,5,20251204,205000,5.85,5.85,5.85,5.85,100,0
UG.US,5,20251204,210000,5.86,5.87,5.86,5.87,300,0
UG.US,5,20251204,212000,5.87,5.87,5.865,5.865,200,0
UG.US,5,20251204,213000,5.9,5.9,5.9,5.9,189,0
UG.US,5,20251204,215500,5.91,5.94,5.91,5.94,333,0
UG.US,5,20251205,153000,5.9,5.93,5.9,5.93,2101,0
UG.US,5,20251205,153500,5.93,5.95,5.93,5.95,1604,0
UG.US,5,20251205,154500,5.99,5.99,5.99,5.99,150,0
UG.US,5,20251205,155000,6,6,6,6,275,0
UG.US,5,20251205,155500,6.02,6.02,6.02,6.02,100,0
UG.US,5,20251205,160000,6.002,6.02,6.002,6.02,400,0
UG.US,5,20251205,161500,6,6.01,6,6.01,1500,0
UG.US,5,20251205,162500,6.0026,6.0026,6.0026,6.0026,121,0
UG.US,5,20251205,163000,6.02,6.02,6.02,6.02,628,0
UG.US,5,20251205,163500,6.05,6.05,6.05,6.05,200,0
UG.US,5,20251205,165500,6.09,6.09,6.09,6.09,100,0
UG.US,5,20251205,171500,6.01,6.01,6.01,6.01,200,0
UG.US,5,20251205,200000,6.05,6.09,6.05,6.085,474,0
UG.US,5,20251205,200500,6.085,6.085,6.085,6.085,1000,0
UG.US,5,20251205,204000,6.0926,6.0926,6.0926,6.0926,500,0
UG.US,5,20251205,215000,6.0679,6.0679,6.0679,6.0679,100,0
UG.US,5,20251205,215500,6.02,6.02,6.02,6.02,100,0
UG.US,5,20251208,160000,6.055,6.055,6.055,6.055,1500,0
UG.US,5,20251208,162000,6.06,6.06,6.01,6.01,4695,0
UG.US,5,20251208,162500,6.0626,6.0626,6.0626,6.0626,150,0
UG.US,5,20251208,165000,6.0656,6.0656,6.0656,6.0656,100,0
UG.US,5,20251208,171500,6.01,6.01,6.01,6.01,100,0
UG.US,5,20251208,172500,6.0235,6.0235,6.02,6.02,2600,0
UG.US,5,20251208,175500,6.02,6.02,6.02,6.02,100,0
UG.US,5,20251208,180000,6.015,6.02,6.015,6.02,200,0
UG.US,5,20251208,201500,6.02,6.02,6,6,4333,0
UG.US,5,20251208,205500,5.93,5.93,5.93,5.93,100,0
UG.US,5,20251208,212000,5.94,5.94,5.91,5.91,1055,0
UG.US,5,20251208,212500,5.9086,5.9086,5.9086,5.9086,300,0
UG.US,5,20251209,162500,5.87,5.87,5.87,5.87,100,0
UG.US,5,20251209,164500,5.9425,6.0099,5.93,5.93,1771,0
UG.US,5,20251209,172500,5.91,5.95,5.91,5.95,200,0
UG.US,5,20251209,175000,5.91,5.91,5.91,5.91,100,0
UG.US,5,20251209,183000,5.9697,5.9697,5.9697,5.9697,1000,0
UG.US,5,20251209,193500,5.9999,5.9999,5.9999,5.9999,200,0
UG.US,5,20251209,194000,5.9803,5.9803,5.9803,5.9803,100,0
UG.US,5,20251209,201500,5.95,5.95,5.95,5.95,100,0
UG.US,5,20251209,215500,5.98,5.99,5.98,5.99,335,0
UG.US,5,20251210,153000,5.99,5.99,5.95,5.95,548,0
UG.US,5,20251210,153500,5.9,5.9,5.9,5.9,100,0
UG.US,5,20251210,155500,6,6,5.92,5.92,334,0
UG.US,5,20251210,171500,5.9306,5.9306,5.9306,5.9306,500,0
UG.US,5,20251210,180000,5.9152,6.0099,5.9152,6.0099,2500,0
UG.US,5,20251210,183500,5.99,5.99,5.99,5.99,100,0
UG.US,5,20251210,185500,6.01,6.03,6.01,6.03,2278,0
UG.US,5,20251210,195000,6.03,6.03,6.03,6.03,400,0
UG.US,5,20251210,204500,6.06,6.06,6.01,6.01,200,0
UG.US,5,20251210,210000,6.065,6.065,6.06,6.06,500,0
UG.US,5,20251210,211000,6.07,6.07,6.07,6.07,293,0
UG.US,5,20251210,211500,6.07,6.07,6.07,6.07,200,0
UG.US,5,20251210,213000,6.04,6.095,6.04,6.095,200,0
UG.US,5,20251210,213500,6.035,6.035,6.035,6.035,869,0
UG.US,5,20251210,214500,6.085,6.085,6.085,6.085,100,0
UG.US,5,20251210,215500,6.01,6.06,6.01,6.06,200,0
UG.US,5,20251211,153000,5.98,5.98,5.98,5.98,400,0
UG.US,5,20251211,154000,5.91,5.91,5.91,5.91,100,0
UG.US,5,20251211,171000,6.0018,6.0018,6.0018,6.0018,100,0
UG.US,5,20251211,172000,6.05,6.05,6.05,6.05,400,0
UG.US,5,20251211,181000,6.02,6.02,6.02,6.02,100,0
UG.US,5,20251211,182500,6.06,6.07,6.06,6.07,788,0
UG.US,5,20251211,190500,6.0574,6.0574,6.0574,6.0574,300,0
UG.US,5,20251211,191000,6.05,6.05,6.05,6.05,156,0
UG.US,5,20251211,191500,6.05,6.05,6.05,6.05,244,0
UG.US,5,20251211,194000,6.07,6.07,6.07,6.07,300,0
UG.US,5,20251211,194500,6.052,6.052,6.052,6.052,300,0
UG.US,5,20251211,200500,6.044,6.044,6.044,6.044,281,0
UG.US,5,20251211,202000,6.02,6.02,6.02,6.02,318,0
UG.US,5,20251211,203500,6,6,6,6,100,0
UG.US,5,20251211,205000,6.02,6.02,6.02,6.02,300,0
UG.US,5,20251211,211000,5.99,6.005,5.95,6.005,2949,0
UG.US,5,20251211,213000,5.947,5.95,5.92,5.95,1998,0
UG.US,5,20251211,215000,6.01,6.01,6.01,6.01,123,0
UG.US,5,20251211,215500,6,6,6,6,205,0
UG.US,5,20251212,173500,5.99,5.99,5.99,5.99,136,0
UG.US,5,20251212,175000,5.9862,5.9862,5.9862,5.9862,200,0
UG.US,5,20251212,182500,5.97,5.97,5.97,5.97,250,0
UG.US,5,20251212,210500,5.9995,5.9995,5.9995,5.9995,250,0
UG.US,5,20251212,215000,5.995,6,5.995,6,200,0
UG.US,5,20251212,215500,6,6.05,6,6.03,3028,0
UG.US,5,20251215,154000,6.03,6.03,6.03,6.03,100,0
UG.US,5,20251215,164000,6.03,6.03,6.03,6.03,1000,0
UG.US,5,20251215,175000,6.055,6.055,6.055,6.055,117,0
UG.US,5,20251215,190500,6.0412,6.0412,6.0412,6.0412,200,0
UG.US,5,20251215,191000,6.03,6.03,6.03,6.03,149,0
UG.US,5,20251215,192000,5.9801,5.9801,5.9801,5.9801,106,0
UG.US,5,20251215,192500,5.9809,5.9809,5.9809,5.9809,800,0
UG.US,5,20251215,194500,5.99,5.99,5.99,5.99,200,0
UG.US,5,20251215,202500,5.995,5.995,5.995,5.995,308,0
UG.US,5,20251215,211000,6.0333,6.0333,6.0333,6.0333,766,0
UG.US,5,20251215,215500,6.01,6.01,6.01,6.01,159,0
UG.US,5,20251216,153000,5.99,5.99,5.99,5.99,163,0
UG.US,5,20251216,154000,5.95,5.95,5.95,5.95,102,0
UG.US,5,20251216,155000,5.98,5.98,5.98,5.98,100,0
UG.US,5,20251216,161500,5.9652,5.98,5.9652,5.9799,3668,0
UG.US,5,20251216,162000,5.9865,5.99,5.9865,5.99,6187,0
UG.US,5,20251216,173000,6.01,6.01,6.01,6.01,161,0
UG.US,5,20251216,193500,6.02,6.02,6.02,6.02,679,0
UG.US,5,20251216,201500,6.02,6.02,6.02,6.02,160,0
UG.US,5,20251216,210000,6.03,6.03,6.03,6.03,1445,0
UG.US,5,20251216,211500,6.02,6.02,6.02,6.02,173,0
UG.US,5,20251216,213500,6.08,6.08,6.08,6.08,150,0
UG.US,5,20251217,154000,6,6,6,6,500,0
UG.US,5,20251217,172500,6,6,5.999,5.9999,2497,0
UG.US,5,20251217,185500,6.0339,6.0339,6.0339,6.0339,197,0
UG.US,5,20251217,190000,6.02,6.02,6.02,6.02,100,0
UG.US,5,20251217,191500,6.05,6.05,6.05,6.05,619,0
UG.US,5,20251217,192500,6.05,6.05,6.05,6.05,903,0
UG.US,5,20251217,200500,6.0494,6.05,6.0494,6.05,1369,0
UG.US,5,20251217,202000,6.05,6.05,6.0499,6.05,2000,0
UG.US,5,20251217,203500,6.03,6.03,6.03,6.03,1100,0
UG.US,5,20251217,210000,6.05,6.05,6.05,6.05,100,0
UG.US,5,20251217,213000,6.032,6.032,6.03,6.03,1534,0
UG.US,5,20251217,213500,6.02,6.02,6.02,6.02,100,0
UG.US,5,20251217,215000,6.0214,6.04,5.99,6.0362,15543,0
UG.US,5,20251217,215500,6.04,6.05,6.04,6.05,229,0
UG.US,5,20251218,154000,6.055,6.055,6.055,6.055,105,0
UG.US,5,20251218,160000,6.11,6.11,6.11,6.11,154,0
UG.US,5,20251218,183000,6.13,6.13,6.13,6.13,604,0
UG.US,5,20251218,192500,6.1302,6.1302,6.1302,6.1302,100,0
UG.US,5,20251218,211000,6.13,6.13,6.13,6.13,100,0
UG.US,5,20251218,212000,6.1116,6.1116,6.11,6.1101,1050,0
UG.US,5,20251218,213000,6.1,6.1,6.1,6.1,200,0
UG.US,5,20251218,214000,6.06,6.06,6.06,6.06,100,0
UG.US,5,20251218,215500,6.06,6.06,6.06,6.06,588,0
UG.US,5,20251219,153500,6.13,6.13,6.09,6.09,18702,0
UG.US,5,20251219,155000,6.11,6.11,6.11,6.11,100,0
UG.US,5,20251219,161000,6.09,6.09,6.09,6.09,100,0
UG.US,5,20251219,165000,6.1054,6.1054,6.1054,6.1054,150,0
UG.US,5,20251219,170000,6.12,6.12,6.12,6.12,200,0
UG.US,5,20251219,171500,6.1288,6.1288,6.1288,6.1288,100,0
UG.US,5,20251219,174000,6.1,6.1,6.1,6.1,188,0
UG.US,5,20251219,180500,6.098507,6.098507,6.098507,6.098507,160,0
UG.US,5,20251219,192000,6.1,6.1,6.1,6.1,200,0
UG.US,5,20251219,212500,6.09,6.1199,6.09,6.09,6040,0
UG.US,5,20251222,153000,6.1,6.1,6.1,6.1,1115,0
UG.US,5,20251222,172500,6.125,6.125,6.125,6.125,200,0
UG.US,5,20251222,194500,6.1,6.1,6.09,6.09,3889,0
UG.US,5,20251222,205000,6.09,6.0901,6.09,6.0901,1600,0
UG.US,5,20251222,210000,6.09,6.09,6.09,6.09,3406,0
UG.US,5,20251222,210500,6.08,6.09,6.08,6.08,1781,0
UG.US,5,20251222,215000,6.08,6.08,6.08,6.08,861,0
UG.US,5,20251222,215500,6.095,6.12,6.095,6.12,2800,0
