<TICKER>,<PER>,<DATE>,<TIME>,<OPEN>,<HIGH>,<LOW>,<CLOSE>,<VOL>,<OPENINT>
10YIDY.B,5,20250728,061000,6.542,6.542,6.542,6.542,0,0
10YIDY.B,5,20250728,093000,6.531,6.532,6.531,6.532,0,0
10YIDY.B,5,20250728,104500,6.538,6.538,6.538,6.538,0,0
10YIDY.B,5,20250729,053500,6.537,6.537,6.536,6.536,0,0
10YIDY.B,5,20250730,044500,6.569,6.569,6.569,6.569,0,0
10YIDY.B,5,20250730,091500,6.556,6.556,6.556,6.556,0,0
10YIDY.B,5,20250730,093000,6.535,6.535,6.535,6.535,0,0
10YIDY.B,5,20250731,040500,6.552,6.552,6.55,6.55,0,0
10YIDY.B,5,20250731,041500,6.561,6.564,6.561,6.564,0,0
10YIDY.B,5,20250731,042000,6.579,6.579,6.578,6.578,0,0
10YIDY.B,5,20250731,083500,6.58,6.58,6.58,6.58,0,0
10YIDY.B,5,20250801,040500,6.582,6.582,6.582,6.582,0,0
10YIDY.B,5,20250804,052500,6.551,6.559,6.488,6.489,0,0
10YIDY.B,5,20250804,053000,6.482,6.482,6.481,6.481,0,0
10YIDY.B,5,20250804,054500,6.482,6.482,6.474,6.474,0,0
10YIDY.B,5,20250805,042000,6.474,6.474,6.474,6.474,0,0
10YIDY.B,5,20250806,040500,6.514,6.514,6.514,6.514,0,0
10YIDY.B,5,20250806,050000,6.496,6.496,6.496,6.496,0,0
10YIDY.B,5,20250807,104500,6.452,6.452,6.452,6.452,0,0
10YIDY.B,5,20250808,044500,6.443,6.443,6.443,6.443,0,0
10YIDY.B,5,20250808,100000,6.443,6.443,6.443,6.443,0,0
10YIDY.B,5,20250808,113500,6.423,6.423,6.423,6.423,0,0
10YIDY.B,5,20250811,041000,6.424,6.424,6.423,6.423,0,0
10YIDY.B,5,20250811,045500,6.438,6.439,6.436,6.439,0,0
10YIDY.B,5,20250812,042500,6.44,6.44,6.44,6.44,0,0
10YIDY.B,5,20250812,045000,6.444,6.447,6.444,6.447,0,0
10YIDY.B,5,20250814,113000,6.403,6.403,6.403,6.403,0,0
10YIDY.B,5,20250815,040500,6.403,6.403,6.403,6.403,0,0
10YIDY.B,5,20250815,113500,6.391,6.391,6.391,6.391,0,0
10YIDY.B,5,20250820,040500,6.39,6.39,6.39,6.39,0,0
10YIDY.B,5,20250820,043500,6.39,6.39,6.39,6.39,0,0
10YIDY.B,5,20250820,052000,6.431,6.431,6.431,6.431,0,0
10YIDY.B,5,20250820,090000,6.431,6.431,6.431,6.431,0,0
10YIDY.B,5,20250821,055000,6.309,6.309,6.309,6.309,0,0
10YIDY.B,5,20250821,081500,6.309,6.309,6.309,6.309,0,0
10YIDY.B,5,20250822,051000,6.37,6.37,6.37,6.37,0,0
10YIDY.B,5,20250825,042000,6.376,6.376,6.359,6.36,0,0
10YIDY.B,5,20250825,043000,6.345,6.346,6.344,6.346,0,0
10YIDY.B,5,20250825,044500,6.322,6.324,6.32,6.324,0,0
10YIDY.B,5,20250825,051000,6.31,6.31,6.31,6.31,0,0
10YIDY.B,5,20250826,041000,6.324,6.324,6.324,6.324,0,0
10YIDY.B,5,20250826,043000,6.347,6.347,6.345,6.346,0,0
10YIDY.B,5,20250826,044500,6.348,6.348,6.348,6.348,0,0
10YIDY.B,5,20250826,050000,6.372,6.372,6.368,6.368,0,0
10YIDY.B,5,20250826,082500,6.346,6.346,6.346,6.346,0,0
10YIDY.B,5,20250826,095000,6.345,6.348,6.345,6.348,0,0
10YIDY.B,5,20250827,102000,6.315,6.315,6.315,6.315,0,0
10YIDY.B,5,20250828,042500,6.321,6.321,6.321,6.321,0,0
10YIDY.B,5,20250828,043500,6.315,6.317,6.315,6.315,0,0
10YIDY.B,5,20250828,112500,6.31,6.31,6.31,6.31,0,0
10YIDY.B,5,20250829,041000,6.304,6.304,6.304,6.304,0,0
10YIDY.B,5,20250829,043000,6.324,6.324,6.322,6.322,0,0
10YIDY.B,5,20250902,053500,6.335,6.335,6.335,6.335,0,0
10YIDY.B,5,20250902,080500,6.362,6.362,6.362,6.362,0,0
10YIDY.B,5,20250902,091000,6.355,6.355,6.355,6.355,0,0
10YIDY.B,5,20250903,081000,6.382,6.382,6.382,6.382,0,0
10YIDY.B,5,20250903,081500,6.382,6.382,6.382,6.382,0,0
10YIDY.B,5,20250903,092000,6.382,6.382,6.382,6.382,0,0
10YIDY.B,5,20250904,084500,6.402,6.402,6.402,6.402,0,0
10YIDY.B,5,20250908,040000,6.402,6.402,6.402,6.402,0,0
10YIDY.B,5,20250908,052000,6.356,6.356,6.356,6.356,0,0
10YIDY.B,5,20250908,053000,6.367,6.367,6.364,6.364,0,0
10YIDY.B,5,20250908,053500,6.368,6.368,6.368,6.368,0,0
10YIDY.B,5,20250908,082500,6.365,6.365,6.361,6.361,0,0
10YIDY.B,5,20250908,083500,6.365,6.366,6.364,6.364,0,0
10YIDY.B,5,20250908,092500,6.359,6.36,6.359,6.36,0,0
10YIDY.B,5,20250909,040000,6.423,6.423,6.423,6.423,0,0
10YIDY.B,5,20250909,041000,6.42,6.42,6.42,6.42,0,0
10YIDY.B,5,20250909,041500,6.423,6.423,6.423,6.423,0,0
10YIDY.B,5,20250909,042000,6.489,6.489,6.478,6.478,0,0
10YIDY.B,5,20250909,043000,6.467,6.467,6.466,6.466,0,0
10YIDY.B,5,20250909,050000,6.445,6.445,6.44,6.44,0,0
10YIDY.B,5,20250909,050500,6.43,6.431,6.43,6.431,0,0
10YIDY.B,5,20250909,052000,6.447,6.447,6.441,6.441,0,0
10YIDY.B,5,20250909,090500,6.43,6.431,6.43,6.431,0,0
10YIDY.B,5,20250910,051000,6.465,6.465,6.465,6.465,0,0
10YIDY.B,5,20250911,083000,6.415,6.415,6.415,6.415,0,0
10YIDY.B,5,20250912,040500,6.334,6.334,6.334,6.334,0,0
10YIDY.B,5,20250912,041000,6.334,6.334,6.334,6.334,0,0
10YIDY.B,5,20250912,045500,6.396,6.396,6.322,6.322,0,0
10YIDY.B,5,20250912,055000,6.325,6.325,6.325,6.325,0,0
10YIDY.B,5,20250912,092500,6.325,6.325,6.325,6.325,0,0
10YIDY.B,5,20250912,113000,6.32,6.32,6.32,6.32,0,0
10YIDY.B,5,20250915,040000,6.32,6.32,6.32,6.32,0,0
10YIDY.B,5,20250915,044000,6.321,6.321,6.321,6.321,0,0
10YIDY.B,5,20250915,082500,6.326,6.326,6.326,6.326,0,0
10YIDY.B,5,20250915,092500,6.322,6.322,6.322,6.322,0,0
10YIDY.B,5,20250915,103000,6.331,6.331,6.331,6.331,0,0
10YIDY.B,5,20250915,113000,6.335,6.335,6.335,6.335,0,0
10YIDY.B,5,20250916,043500,6.335,6.335,6.335,6.335,0,0
10YIDY.B,5,20250916,104500,6.332,6.332,6.332,6.332,0,0
10YIDY.B,5,20250916,105000,6.332,6.332,6.332,6.332,0,0
10YIDY.B,5,20250917,042500,6.339,6.339,6.339,6.339,0,0
10YIDY.B,5,20250918,043000,6.333,6.333,6.333,6.333,0,0
10YIDY.B,5,20250918,085500,6.333,6.333,6.333,6.333,0,0
10YIDY.B,5,20250918,101000,6.339,6.339,6.339,6.339,0,0
10YIDY.B,5,20250919,064000,6.317,6.317,6.317,6.317,0,0
10YIDY.B,5,20250919,104500,6.303,6.303,6.302,6.302,0,0
10YIDY.B,5,20250922,041000,6.333,6.333,6.333,6.333,0,0
10YIDY.B,5,20250924,091000,6.331,6.331,6.331,6.331,0,0
10YIDY.B,5,20250924,091500,6.38,6.38,6.376,6.376,0,0
10YIDY.B,5,20250924,101500,6.376,6.376,6.376,6.376,0,0
10YIDY.B,5,20250925,040500,6.395,6.395,6.395,6.395,0,0
10YIDY.B,5,20250925,085500,6.417,6.417,6.417,6.417,0,0
10YIDY.B,5,20250925,090500,6.417,6.417,6.417,6.417,0,0
10YIDY.B,5,20250925,095000,6.424,6.427,6.423,6.427,0,0
10YIDY.B,5,20250925,101000,6.431,6.431,6.43,6.43,0,0
10YIDY.B,5,20250925,101500,6.43,6.43,6.43,6.43,0,0
10YIDY.B,5,20250926,040500,6.429,6.429,6.429,6.429,0,0
10YIDY.B,5,20250926,103500,6.431,6.431,6.429,6.429,0,0
10YIDY.B,5,20250929,042500,6.435,6.435,6.435,6.435,0,0
10YIDY.B,5,20250929,085500,6.435,6.435,6.346,6.346,0,0
10YIDY.B,5,20250929,093500,6.346,6.346,6.346,6.346,0,0
10YIDY.B,5,20250929,101500,6.36,6.36,6.36,6.36,0,0
10YIDY.B,5,20250930,053500,6.352,6.352,6.352,6.352,0,0
10YIDY.B,5,20250930,060500,6.352,6.361,6.352,6.361,0,0
10YIDY.B,5,20251001,053500,6.342,6.342,6.342,6.342,0,0
10YIDY.B,5,20251001,061500,6.352,6.352,6.352,6.352,0,0
10YIDY.B,5,20251001,105000,6.332,6.332,6.33,6.33,0,0
10YIDY.B,5,20251002,052000,6.321,6.321,6.321,6.321,0,0
10YIDY.B,5,20251002,093000,6.329,6.329,6.329,6.329,0,0
10YIDY.B,5,20251002,094500,6.33,6.33,6.33,6.33,0,0
10YIDY.B,5,20251002,095000,6.333,6.333,6.333,6.333,0,0
10YIDY.B,5,20251002,103500,6.331,6.331,6.331,6.331,0,0
10YIDY.B,5,20251002,112500,6.327,6.327,6.327,6.327,0,0
10YIDY.B,5,20251003,041000,6.334,6.334,6.334,6.334,0,0
10YIDY.B,5,20251003,052000,6.337,6.337,6.337,6.337,0,0
10YIDY.B,5,20251003,090500,6.328,6.328,6.328,6.328,0,0
10YIDY.B,5,20251006,100000,6.328,6.328,6.328,6.328,0,0
10YIDY.B,5,20251007,045000,6.321,6.321,6.321,6.321,0,0
10YIDY.B,5,20251007,050500,6.307,6.307,6.307,6.307,0,0
10YIDY.B,5,20251007,083000,6.302,6.302,6.302,6.302,0,0
10YIDY.B,5,20251007,093500,6.306,6.306,6.285,6.285,0,0
10YIDY.B,5,20251008,042500,6.203,6.203,6.203,6.203,0,0
10YIDY.B,5,20251008,083500,6.196,6.196,6.196,6.196,0,0
10YIDY.B,5,20251008,085500,6.149,6.149,6.149,6.149,0,0
10YIDY.B,5,20251008,090000,6.129,6.129,6.129,6.129,0,0
10YIDY.B,5,20251008,090500,6.142,6.142,6.142,6.142,0,0
10YIDY.B,5,20251008,093000,6.142,6.142,6.142,6.142,0,0
10YIDY.B,5,20251008,094500,6.156,6.156,6.156,6.156,0,0
10YIDY.B,5,20251009,043000,6.231,6.231,6.231,6.231,0,0
10YIDY.B,5,20251009,044500,6.231,6.231,6.231,6.231,0,0
10YIDY.B,5,20251009,055000,6.205,6.205,6.205,6.205,0,0
10YIDY.B,5,20251009,084000,6.201,6.201,6.197,6.199,0,0
10YIDY.B,5,20251009,094500,6.226,6.226,6.226,6.226,0,0
10YIDY.B,5,20251010,085500,6.139,6.139,6.139,6.139,0,0
10YIDY.B,5,20251013,050000,6.115,6.115,6.115,6.115,0,0
10YIDY.B,5,20251014,041000,6.099,6.099,6.099,6.099,0,0
10YIDY.B,5,20251014,055500,6.084,6.084,6.084,6.084,0,0
10YIDY.B,5,20251014,064500,6.051,6.051,6.051,6.051,0,0
10YIDY.B,5,20251016,040000,6.014,6.014,6.014,6.014,0,0
10YIDY.B,5,20251016,062500,6.033,6.033,6.033,6.033,0,0
10YIDY.B,5,20251016,064000,5.975,5.975,5.967,5.967,0,0
10YIDY.B,5,20251016,084000,5.967,5.967,5.967,5.967,0,0
10YIDY.B,5,20251021,044000,5.956,5.956,5.956,5.956,0,0
10YIDY.B,5,20251021,113500,5.953,5.955,5.953,5.955,0,0
10YIDY.B,5,20251022,044500,5.941,5.941,5.941,5.941,0,0
10YIDY.B,5,20251022,064500,5.941,5.941,5.941,5.941,0,0
10YIDY.B,5,20251023,041500,5.993,5.993,5.993,5.993,0,0
10YIDY.B,5,20251023,055500,5.993,5.993,5.993,5.993,0,0
10YIDY.B,5,20251023,105500,5.987,5.987,5.987,5.987,0,0
10YIDY.B,5,20251024,040500,5.993,5.993,5.993,5.993,0,0
10YIDY.B,5,20251024,042000,5.979,5.979,5.979,5.979,0,0
10YIDY.B,5,20251024,053000,6.004,6.004,6.004,6.004,0,0
10YIDY.B,5,20251024,082000,6.006,6.007,6.006,6.007,0,0
10YIDY.B,5,20251027,031000,6.014,6.014,6.014,6.014,0,0
10YIDY.B,5,20251028,100000,6.004,6.004,6.004,6.004,0,0
10YIDY.B,5,20251029,040500,6.013,6.013,6.01,6.01,0,0
10YIDY.B,5,20251029,085000,6.01,6.01,6.01,6.01,0,0
10YIDY.B,5,20251029,091500,6.005,6.005,6.005,6.005,0,0
10YIDY.B,5,20251029,094500,6.004,6.004,6.004,6.004,0,0
10YIDY.B,5,20251030,040000,6.025,6.025,6.024,6.024,0,0
10YIDY.B,5,20251031,080500,6.059,6.059,6.059,6.059,0,0
10YIDY.B,5,20251105,034500,6.166,6.166,6.166,6.166,0,0
10YIDY.B,5,20251106,040500,6.193,6.193,6.193,6.193,0,0
10YIDY.B,5,20251106,093500,6.188,6.188,6.188,6.188,0,0
10YIDY.B,5,20251106,095500,6.183,6.183,6.183,6.183,0,0
10YIDY.B,5,20251107,084500,6.157,6.157,6.157,6.157,0,0
10YIDY.B,5,20251110,033000,6.137,6.14,6.137,6.14,0,0
10YIDY.B,5,20251110,033500,6.136,6.153,6.136,6.152,0,0
10YIDY.B,5,20251110,034000,6.15,6.15,6.15,6.15,0,0
10YIDY.B,5,20251110,072500,6.15,6.15,6.15,6.15,0,0
10YIDY.B,5,20251110,074500,6.15,6.15,6.15,6.15,0,0
10YIDY.B,5,20251110,075500,6.151,6.151,6.151,6.151,0,0
10YIDY.B,5,20251110,080000,6.151,6.151,6.151,6.151,0,0
10YIDY.B,5,20251110,080500,6.149,6.149,6.149,6.149,0,0
10YIDY.B,5,20251110,081000,6.15,6.15,6.149,6.15,0,0
10YIDY.B,5,20251110,081500,6.15,6.15,6.15,6.15,0,0
10YIDY.B,5,20251110,100000,6.151,6.151,6.151,6.151,0,0
10YIDY.B,5,20251110,100500,6.15,6.151,6.149,6.149,0,0
10YIDY.B,5,20251110,101000,6.151,6.151,6.15,6.15,0,0
10YIDY.B,5,20251110,103500,6.15,6.169,6.15,6.169,0,0
10YIDY.B,5,20251111,083000,6.193,6.193,6.193,6.193,0,0
10YIDY.B,5,20251112,030500,6.152,6.16,6.152,6.16,0,0
10YIDY.B,5,20251112,072500,6.157,6.157,6.157,6.157,0,0
10YIDY.B,5,20251112,091000,6.151,6.151,6.151,6.151,0,0
10YIDY.B,5,20251113,034000,6.144,6.144,6.143,6.143,0,0
10YIDY.B,5,20251113,051500,6.142,6.142,6.142,6.142,0,0
10YIDY.B,5,20251113,083500,6.134,6.134,6.134,6.134,0,0
10YIDY.B,5,20251113,092500,6.117,6.117,6.117,6.117,0,0
10YIDY.B,5,20251113,094000,6.116,6.116,6.116,6.116,0,0
10YIDY.B,5,20251114,030500,6.125,6.125,6.125,6.125,0,0
10YIDY.B,5,20251114,103000,6.12,6.12,6.12,6.12,0,0
10YIDY.B,5,20251117,050500,6.125,6.125,6.125,6.125,0,0
10YIDY.B,5,20251118,084000,6.14,6.14,6.14,6.14,0,0
10YIDY.B,5,20251118,090500,6.142,6.142,6.142,6.142,0,0
10YIDY.B,5,20251120,031000,6.171,6.171,6.171,6.171,0,0
10YIDY.B,5,20251120,082000,6.137,6.137,6.137,6.137,0,0
10YIDY.B,5,20251120,102500,6.137,6.137,6.137,6.137,0,0
10YIDY.B,5,20251121,033000,6.14,6.14,6.14,6.14,0,0
10YIDY.B,5,20251121,071500,6.137,6.137,6.137,6.137,0,0
10YIDY.B,5,20251121,095000,6.171,6.171,6.171,6.171,0,0
10YIDY.B,5,20251124,103000,6.225,6.225,6.225,6.225,0,0
10YIDY.B,5,20251125,032000,6.205,6.205,6.177,6.177,0,0
10YIDY.B,5,20251125,033500,6.177,6.177,6.177,6.177,0,0
10YIDY.B,5,20251125,051500,6.205,6.205,6.205,6.205,0,0
10YIDY.B,5,20251125,082500,6.184,6.184,6.184,6.184,0,0
10YIDY.B,5,20251126,030000,6.211,6.211,6.211,6.211,0,0
10YIDY.B,5,20251126,032500,6.177,6.177,6.177,6.177,0,0
10YIDY.B,5,20251126,033000,6.177,6.177,6.177,6.177,0,0
10YIDY.B,5,20251126,041500,6.184,6.184,6.184,6.184,0,0
10YIDY.B,5,20251126,042500,6.181,6.181,6.181,6.181,0,0
10YIDY.B,5,20251126,071500,6.19,6.19,6.19,6.19,0,0
10YIDY.B,5,20251126,082500,6.206,6.206,6.205,6.205,0,0
10YIDY.B,5,20251127,042000,6.201,6.201,6.201,6.201,0,0
10YIDY.B,5,20251127,042500,6.255,6.255,6.255,6.255,0,0
10YIDY.B,5,20251128,035000,6.257,6.257,6.257,6.257,0,0
10YIDY.B,5,20251128,081000,6.328,6.328,6.328,6.328,0,0
10YIDY.B,5,20251128,090000,6.328,6.328,6.328,6.328,0,0
10YIDY.B,5,20251128,102000,6.314,6.314,6.314,6.314,0,0
10YIDY.B,5,20251203,071500,6.3,6.3,6.3,6.3,0,0
10YIDY.B,5,20251203,073500,6.3,6.3,6.3,6.3,0,0
10YIDY.B,5,20251203,082500,6.3,6.3,6.3,6.3,0,0
10YIDY.B,5,20251203,083500,6.3,6.3,6.3,6.3,0,0
10YIDY.B,5,20251203,085000,6.3,6.3,6.3,6.3,0,0
10YIDY.B,5,20251204,053500,6.3,6.3,6.3,6.3,0,0
10YIDY.B,5,20251204,054000,6.19,6.19,6.19,6.19,0,0
10YIDY.B,5,20251205,030500,6.19,6.19,6.19,6.19,0,0
10YIDY.B,5,20251208,042000,6.19,6.19,6.19,6.19,0,0
10YIDY.B,5,20251210,031000,6.224,6.224,6.224,6.224,0,0
10YIDY.B,5,20251210,054000,6.19,6.19,6.19,6.19,0,0
10YIDY.B,5,20251211,030000,6.189,6.189,6.189,6.189,0,0
10YIDY.B,5,20251212,031000,6.189,6.189,6.189,6.189,0,0
10YIDY.B,5,20251212,031500,6.189,6.189,6.189,6.189,0,0
10YIDY.B,5,20251215,081000,6.189,6.189,6.189,6.189,0,0
10YIDY.B,5,20251216,072500,6.162,6.162,6.162,6.162,0,0
10YIDY.B,5,20251216,073000,6.162,6.162,6.162,6.162,0,0
10YIDY.B,5,20251217,040500,6.148,6.148,6.148,6.148,0,0
10YIDY.B,5,20251217,073500,6.148,6.148,6.148,6.148,0,0
10YIDY.B,5,20251217,075000,6.126,6.126,6.126,6.126,0,0
10YIDY.B,5,20251218,092500,6.125,6.125,6.125,6.125,0,0
10YIDY.B,5,20251219,030500,6.126,6.126,6.126,6.126,0,0
