<TICKER>,<PER>,<DATE>,<TIME>,<OPEN>,<HIGH>,<LOW>,<CLOSE>,<VOL>,<OPENINT>
TFPN.US,5,20250728,153500,23.3,23.3,23.3,23.3,100,0
TFPN.US,5,20250728,154500,23.3,23.3,23.3,23.3,100,0
TFPN.US,5,20250728,155500,23.415,23.415,23.415,23.415,178,0
TFPN.US,5,20250728,161500,23.42,23.42,23.42,23.42,643,0
TFPN.US,5,20250728,181500,23.43,23.43,23.43,23.43,100,0
TFPN.US,5,20250728,182000,23.43,23.43,23.43,23.43,320,0
TFPN.US,5,20250728,214500,23.4299,23.4299,23.4299,23.4299,1404,0
TFPN.US,5,20250729,162000,23.33,23.33,23.33,23.33,100,0
TFPN.US,5,20250729,162500,23.26,23.26,23.26,23.26,200,0
TFPN.US,5,20250729,163000,23.26,23.26,23.26,23.26,100,0
TFPN.US,5,20250729,163500,23.26,23.26,23.26,23.26,200,0
TFPN.US,5,20250729,164000,23.26,23.26,23.26,23.26,100,0
TFPN.US,5,20250729,164500,23.27,23.27,23.26,23.26,200,0
TFPN.US,5,20250729,165000,23.26,23.41,23.26,23.41,2048,0
TFPN.US,5,20250729,165500,23.315,23.315,23.315,23.315,100,0
TFPN.US,5,20250729,170000,23.28,23.315,23.28,23.315,200,0
TFPN.US,5,20250729,170500,23.276,23.276,23.276,23.276,100,0
TFPN.US,5,20250729,171000,23.26,23.26,23.26,23.26,200,0
TFPN.US,5,20250729,171500,23.26,23.26,23.26,23.26,200,0
TFPN.US,5,20250729,172000,23.26,23.26,23.26,23.26,499,0
TFPN.US,5,20250729,172500,23.26,23.26,23.26,23.26,200,0
TFPN.US,5,20250729,173000,23.26,23.26,23.26,23.26,100,0
TFPN.US,5,20250729,173500,23.29,23.355,23.29,23.355,524,0
TFPN.US,5,20250729,174000,23.25,23.25,23.25,23.25,345,0
TFPN.US,5,20250729,175500,23.23,23.23,23.23,23.23,100,0
TFPN.US,5,20250729,180000,23.23,23.25,23.23,23.25,300,0
TFPN.US,5,20250729,182000,23.22,23.22,23.22,23.22,200,0
TFPN.US,5,20250729,190000,23.25,23.27,23.25,23.27,400,0
TFPN.US,5,20250729,191500,23.25,23.25,23.25,23.25,500,0
TFPN.US,5,20250729,192000,23.25,23.27,23.25,23.27,900,0
TFPN.US,5,20250729,193000,23.23,23.25,23.19,23.25,1200,0
TFPN.US,5,20250729,193500,23.25,23.27,23.22,23.25,1085,0
TFPN.US,5,20250729,204000,23.25,23.27,23.25,23.27,1300,0
TFPN.US,5,20250729,204500,23.25,23.25,23.25,23.25,600,0
TFPN.US,5,20250729,205500,23.26,23.26,23.25,23.25,800,0
TFPN.US,5,20250729,214000,23.26,23.26,23.24,23.24,2505,0
TFPN.US,5,20250729,215500,23.18,23.18,23.18,23.18,111,0
TFPN.US,5,20250730,155500,23.21,23.21,23.21,23.21,200,0
TFPN.US,5,20250730,183000,23.38,23.51,23.38,23.51,548,0
TFPN.US,5,20250730,185000,23.42,23.42,23.42,23.42,571,0
TFPN.US,5,20250730,194000,23.37,23.37,23.37,23.37,141,0
TFPN.US,5,20250730,200500,23.6468,23.6468,23.6468,23.6468,253,0
TFPN.US,5,20250730,204000,23.5,23.5,23.5,23.5,178,0
TFPN.US,5,20250730,211500,23.27,23.27,23.27,23.27,103,0
TFPN.US,5,20250731,160500,23.43,23.43,23.3095,23.3095,379,0
TFPN.US,5,20250731,161500,23.3757,23.3757,23.3757,23.3757,309,0
TFPN.US,5,20250731,162500,23.34,23.41,23.34,23.41,1181,0
TFPN.US,5,20250731,163000,23.29,23.54,23.29,23.54,1063,0
TFPN.US,5,20250731,163500,23.44,23.46,23.415,23.415,1660,0
TFPN.US,5,20250731,165000,23.29,23.395,23.22,23.2201,2690,0
TFPN.US,5,20250731,165500,23.4,23.5086,23.27,23.5086,2325,0
TFPN.US,5,20250731,171000,23.2001,23.2891,23.2001,23.2891,556,0
TFPN.US,5,20250731,172000,23.4573,23.4573,23.4573,23.4573,355,0
TFPN.US,5,20250731,185500,23.33,23.43,23.33,23.38,2301,0
TFPN.US,5,20250731,190000,23.3324,23.4276,23.3324,23.4276,262,0
TFPN.US,5,20250731,194000,23.21,23.21,23.21,23.21,400,0
TFPN.US,5,20250801,160500,23,23,23,23,100,0
TFPN.US,5,20250801,162000,22.94,22.95,22.93,22.93,2180,0
TFPN.US,5,20250801,180500,22.97,22.97,22.97,22.97,200,0
TFPN.US,5,20250804,172500,23.12,23.12,23.12,23.12,108,0
TFPN.US,5,20250804,210000,23.18,23.18,23.18,23.18,539,0
TFPN.US,5,20250805,153000,23.25,23.25,23.25,23.25,306,0
TFPN.US,5,20250805,154000,23.46,23.46,23.46,23.46,430,0
TFPN.US,5,20250805,160500,23.216,23.216,23.216,23.216,178,0
TFPN.US,5,20250805,162000,23.298,23.298,23.298,23.298,430,0
TFPN.US,5,20250805,164500,23.1201,23.28,23.1201,23.28,1033,0
TFPN.US,5,20250806,173000,23.46,23.46,23.46,23.46,2944,0
TFPN.US,5,20250806,183500,23.38,23.4144,23.38,23.4144,400,0
TFPN.US,5,20250806,192000,23.33,23.33,23.33,23.33,514,0
TFPN.US,5,20250806,211500,23.34,23.34,23.34,23.34,521,0
TFPN.US,5,20250806,214500,23.458,23.458,23.458,23.458,205,0
TFPN.US,5,20250807,160000,23.48,23.48,23.48,23.48,2200,0
TFPN.US,5,20250807,160500,23.3173,23.4659,23.3173,23.4659,900,0
TFPN.US,5,20250807,161000,23.39,23.5109,23.39,23.4932,857,0
TFPN.US,5,20250807,181500,23.25,23.25,23.25,23.25,300,0
TFPN.US,5,20250807,213000,23.22,23.22,23.22,23.22,100,0
TFPN.US,5,20250807,214500,23.2789,23.2789,23.2789,23.2789,100,0
TFPN.US,5,20250807,215000,23.4,23.4,23.4,23.4,214,0
TFPN.US,5,20250808,163500,23.6,23.6,23.6,23.6,309,0
TFPN.US,5,20250808,172500,23.44,23.44,23.43,23.431,1300,0
TFPN.US,5,20250808,213500,23.351,23.351,23.35,23.35,300,0
TFPN.US,5,20250808,215500,23.4,23.4,23.4,23.4,219,0
TFPN.US,5,20250811,154500,23.6,23.73,23.42,23.42,400,0
TFPN.US,5,20250811,171500,23.72,23.74,23.72,23.7266,330,0
TFPN.US,5,20250811,173500,23.38,23.41,23.38,23.41,2661,0
TFPN.US,5,20250811,192000,23.565,23.565,23.565,23.565,108,0
TFPN.US,5,20250811,211500,23.67,23.67,23.63,23.63,347,0
TFPN.US,5,20250811,212000,23.545,23.545,23.545,23.545,290,0
TFPN.US,5,20250812,181000,23.5,23.5,23.5,23.5,500,0
TFPN.US,5,20250813,155500,23.69,23.69,23.69,23.69,100,0
TFPN.US,5,20250813,161000,23.66,23.8058,22.952,23.8058,2400,0
TFPN.US,5,20250813,161500,23.6699,23.67,22.84,23.67,3971,0
TFPN.US,5,20250813,162000,22.84,23.78,22.84,23.7576,8340,0
TFPN.US,5,20250813,162500,23.67,23.7,22.955,23.65,5530,0
TFPN.US,5,20250813,163000,23.631,23.755,23.63,23.7,3700,0
TFPN.US,5,20250813,170500,23.48,23.62,23.43,23.62,2000,0
TFPN.US,5,20250813,171000,23.6,23.75,22.82,23.55,8456,0
TFPN.US,5,20250813,171500,23.72,23.725,22.805,22.9004,7650,0
TFPN.US,5,20250813,172000,22.805,23.72,22.78,23.5499,11516,0
TFPN.US,5,20250813,172500,23.57,23.66,23.5699,23.65,2400,0
TFPN.US,5,20250813,173000,23.6472,23.8999,22.805,23.8999,7962,0
TFPN.US,5,20250813,173500,23.7152,23.735,23.57,23.5701,4555,0
TFPN.US,5,20250813,174000,23.57,23.725,22.83,23.5999,7821,0
TFPN.US,5,20250813,174500,22.9,23.63,22.9,23.59,4100,0
TFPN.US,5,20250813,175000,23.5533,23.665,23.55,23.665,5200,0
TFPN.US,5,20250813,175500,23.55,23.65,23.55,23.6072,3450,0
TFPN.US,5,20250813,180000,23.61,23.61,23.61,23.61,100,0
TFPN.US,5,20250813,180500,23.616,23.616,23.616,23.616,197,0
TFPN.US,5,20250813,181000,23.7,23.7,23.7,23.7,100,0
TFPN.US,5,20250813,181500,23.405,23.7,23.405,23.6299,6800,0
TFPN.US,5,20250813,182000,23.705,23.805,23.705,23.796,2672,0
TFPN.US,5,20250813,182500,23.74,23.81,23.74,23.81,3590,0
TFPN.US,5,20250813,185000,23.785,23.785,23.785,23.785,110,0
TFPN.US,5,20250813,185500,23.74,23.74,23.74,23.74,100,0
TFPN.US,5,20250813,192000,23.75,23.78,23.7499,23.78,2393,0
TFPN.US,5,20250813,192500,23.6524,23.89,23.635,23.89,2498,0
TFPN.US,5,20250813,193000,23.815,23.815,23.815,23.815,100,0
TFPN.US,5,20250813,194500,23.78,23.78,23.78,23.78,339,0
TFPN.US,5,20250813,202500,23.61,23.61,23.61,23.61,2836,0
TFPN.US,5,20250813,212000,23.75,23.75,23.75,23.75,841,0
TFPN.US,5,20250813,212500,23.8304,23.8304,23.8304,23.8304,600,0
TFPN.US,5,20250813,213500,23.78,23.83,23.78,23.83,1090,0
TFPN.US,5,20250814,182000,23.64,23.64,23.64,23.64,797,0
TFPN.US,5,20250814,191000,23.7,23.7,23.7,23.7,827,0
TFPN.US,5,20250814,205500,23.725,23.725,23.6,23.6001,1300,0
TFPN.US,5,20250814,213000,23.64,23.64,23.64,23.64,1181,0
TFPN.US,5,20250815,191000,23.453,23.46,23.453,23.46,2800,0
TFPN.US,5,20250815,193500,23.46,23.46,23.46,23.46,100,0
TFPN.US,5,20250815,211500,23.595,23.5951,23.48,23.48,500,0
TFPN.US,5,20250815,212000,23.595,23.595,23.595,23.595,100,0
TFPN.US,5,20250818,155500,23.41,23.41,23.41,23.41,100,0
TFPN.US,5,20250818,162000,23.41,23.41,23.41,23.41,100,0
TFPN.US,5,20250818,180000,23.44,23.66,23.44,23.44,448,0
TFPN.US,5,20250818,202000,23.59,23.59,23.53,23.53,300,0
TFPN.US,5,20250818,202500,23.45,23.59,23.45,23.59,200,0
TFPN.US,5,20250818,203000,23.45,23.45,23.45,23.45,100,0
TFPN.US,5,20250819,153000,23.44,23.44,23.44,23.44,100,0
TFPN.US,5,20250819,172500,23.39,23.39,23.39,23.39,100,0
TFPN.US,5,20250819,184000,23.39,23.39,23.39,23.39,100,0
TFPN.US,5,20250819,184500,23.52,23.52,23.52,23.52,588,0
TFPN.US,5,20250819,215000,23.58,23.58,23.58,23.58,182,0
TFPN.US,5,20250820,154000,23.21,23.21,23.21,23.21,100,0
TFPN.US,5,20250820,161000,23.09,23.09,23.09,23.09,100,0
TFPN.US,5,20250820,162500,23.1887,23.1887,23.1887,23.1887,102,0
TFPN.US,5,20250820,170000,23.07,23.18,23.07,23.18,360,0
TFPN.US,5,20250820,171000,23.29,23.32,23.29,23.29,400,0
TFPN.US,5,20250820,171500,23.11,23.11,23.11,23.11,100,0
TFPN.US,5,20250820,174000,23.17,23.17,23.17,23.17,100,0
TFPN.US,5,20250820,182500,23.18,23.18,23.1616,23.1616,428,0
TFPN.US,5,20250820,183000,23.17,23.17,23.17,23.17,100,0
TFPN.US,5,20250821,153000,23.22,23.22,23.07,23.19,9100,0
TFPN.US,5,20250821,165000,23.37,23.37,23.37,23.37,200,0
TFPN.US,5,20250821,175000,23.21,23.21,23.21,23.21,300,0
TFPN.US,5,20250821,175500,23.39,23.39,23.39,23.39,200,0
TFPN.US,5,20250821,215000,23.23,23.23,23.23,23.23,1500,0
TFPN.US,5,20250822,154000,23.4,23.5085,23.4,23.5085,215,0
TFPN.US,5,20250822,154500,23.5,23.5,23.5,23.5,2460,0
TFPN.US,5,20250822,161000,23.51,23.51,23.51,23.51,1454,0
TFPN.US,5,20250822,161500,23.49,23.51,23.49,23.51,200,0
TFPN.US,5,20250822,173500,23.48,23.48,23.4716,23.4716,200,0
TFPN.US,5,20250822,190500,23.61,23.61,23.61,23.61,140,0
TFPN.US,5,20250822,191000,23.51,23.5658,23.47,23.5658,1969,0
TFPN.US,5,20250822,194500,23.49,23.49,23.49,23.49,100,0
TFPN.US,5,20250822,195000,23.5424,23.5424,23.5424,23.5424,297,0
TFPN.US,5,20250822,201000,23.4703,23.4703,23.4703,23.4703,100,0
TFPN.US,5,20250822,202000,23.5,23.5,23.5,23.5,200,0
TFPN.US,5,20250822,215000,23.4724,23.4724,23.4724,23.4724,141,0
TFPN.US,5,20250825,153500,23.6679,23.6679,23.6679,23.6679,363,0
TFPN.US,5,20250825,162000,23.72,23.72,23.72,23.72,971,0
TFPN.US,5,20250825,164500,23.7,23.7684,23.7,23.7684,404,0
TFPN.US,5,20250825,185000,23.5835,23.5835,23.5835,23.5835,134,0
TFPN.US,5,20250826,161500,23.47,23.47,23.47,23.47,100,0
TFPN.US,5,20250826,172500,23.504,23.504,23.504,23.504,100,0
TFPN.US,5,20250826,184500,23.5,23.5,23.5,23.5,223,0
TFPN.US,5,20250826,210000,23.5,23.5,23.5,23.5,297,0
TFPN.US,5,20250826,214000,23.55,23.55,23.55,23.55,1187,0
TFPN.US,5,20250827,155500,23.69,23.69,23.6806,23.6806,528,0
TFPN.US,5,20250827,210000,23.6789,23.6789,23.6789,23.6789,122,0
TFPN.US,5,20250827,215500,23.62,23.62,23.62,23.62,167,0
TFPN.US,5,20250828,191500,23.7,23.7001,23.7,23.7001,752,0
TFPN.US,5,20250828,200000,23.75,23.75,23.75,23.75,150,0
TFPN.US,5,20250828,200500,23.78,23.78,23.78,23.78,605,0
TFPN.US,5,20250828,215000,23.621,23.86,23.62,23.86,1416,0
TFPN.US,5,20250828,215500,23.6224,23.6224,23.6224,23.6224,338,0
TFPN.US,5,20250829,155500,23.79,23.8395,23.79,23.8395,348,0
TFPN.US,5,20250829,161000,23.7462,23.7462,23.7462,23.7462,224,0
TFPN.US,5,20250829,162000,23.72,23.72,23.72,23.72,642,0
TFPN.US,5,20250829,163000,23.76,23.76,23.76,23.76,246,0
TFPN.US,5,20250829,164000,23.7392,23.76,23.6508,23.76,556,0
TFPN.US,5,20250829,165000,23.73,23.73,23.73,23.73,2753,0
TFPN.US,5,20250829,171500,23.76,23.76,23.74,23.74,1033,0
TFPN.US,5,20250829,172500,23.76,23.76,23.76,23.76,100,0
TFPN.US,5,20250829,174000,23.685,23.685,23.685,23.685,275,0
TFPN.US,5,20250829,174500,23.73,23.73,23.73,23.73,812,0
TFPN.US,5,20250829,175000,23.6,23.6,23.6,23.6,122,0
TFPN.US,5,20250829,180500,23.72,23.72,23.69,23.69,1220,0
TFPN.US,5,20250829,195000,23.685,23.685,23.685,23.685,285,0
TFPN.US,5,20250829,211500,23.716,23.716,23.56,23.56,2075,0
TFPN.US,5,20250902,153000,23.65,23.65,23.55,23.56,400,0
TFPN.US,5,20250902,153500,23.58,23.58,23.514,23.514,200,0
TFPN.US,5,20250902,160500,23.59,23.59,23.5899,23.5899,274,0
TFPN.US,5,20250902,161500,23.59,23.59,23.44,23.44,500,0
TFPN.US,5,20250902,162000,23.65,23.65,23.65,23.65,130,0
TFPN.US,5,20250902,163000,23.5,23.5,23.5,23.5,100,0
TFPN.US,5,20250902,165000,23.47,23.47,23.47,23.47,100,0
TFPN.US,5,20250902,170000,23.59,23.59,23.59,23.59,212,0
TFPN.US,5,20250902,194000,23.48,23.48,23.48,23.48,100,0
TFPN.US,5,20250902,200000,23.595,23.595,23.595,23.595,500,0
TFPN.US,5,20250902,203500,23.48,23.48,23.48,23.48,100,0
TFPN.US,5,20250902,214000,23.5853,23.5853,23.5853,23.5853,250,0
TFPN.US,5,20250902,215000,23.6189,23.6189,23.6189,23.6189,125,0
TFPN.US,5,20250902,215500,23.58,23.58,23.58,23.58,115,0
TFPN.US,5,20250903,153000,23.58,23.58,23.58,23.58,100,0
TFPN.US,5,20250903,154000,23.6856,23.6856,23.6856,23.6856,425,0
TFPN.US,5,20250903,155500,23.58,23.58,23.58,23.58,500,0
TFPN.US,5,20250903,160500,23.6,23.87,23.6,23.87,500,0
TFPN.US,5,20250903,161500,23.68,23.79,23.68,23.79,400,0
TFPN.US,5,20250903,162500,23.6,23.6,23.6,23.6,100,0
TFPN.US,5,20250903,193000,23.76,23.76,23.76,23.76,123,0
TFPN.US,5,20250903,215000,23.5225,23.5225,23.5225,23.5225,137,0
TFPN.US,5,20250903,215500,23.44,23.44,23.44,23.44,100,0
TFPN.US,5,20250904,161000,23.6045,23.6045,23.6045,23.6045,175,0
TFPN.US,5,20250904,171000,23.6368,23.6368,23.6368,23.6368,405,0
TFPN.US,5,20250904,174000,23.6908,23.6908,23.6908,23.6908,171,0
TFPN.US,5,20250904,204500,23.6015,23.6015,23.6015,23.6015,135,0
TFPN.US,5,20250904,215500,23.631,23.631,23.63,23.6301,1499,0
TFPN.US,5,20250905,161000,23.631,23.631,23.63,23.63,766,0
TFPN.US,5,20250905,195500,23.68,23.68,23.55,23.55,1927,0
TFPN.US,5,20250905,203500,23.71,23.81,23.7,23.81,900,0
TFPN.US,5,20250905,213000,23.755,23.755,23.755,23.755,400,0
TFPN.US,5,20250905,214000,23.79,23.79,23.79,23.79,904,0
TFPN.US,5,20250908,162000,23.97,23.97,23.97,23.97,200,0
TFPN.US,5,20250908,200500,23.76,23.76,23.76,23.76,200,0
TFPN.US,5,20250908,210500,23.7701,23.8395,23.7701,23.7701,350,0
TFPN.US,5,20250908,211000,23.88,23.88,23.76,23.76,350,0
TFPN.US,5,20250908,212500,23.8842,23.8842,23.8842,23.8842,168,0
TFPN.US,5,20250909,190500,23.86,23.86,23.86,23.86,316,0
TFPN.US,5,20250909,210500,23.77,23.77,23.77,23.77,500,0
TFPN.US,5,20250910,200500,23.9836,23.9836,23.9836,23.9836,209,0
TFPN.US,5,20250910,210000,23.91,23.9101,23.84,23.9101,1000,0
TFPN.US,5,20250911,153000,24,24,24,24,1127,0
TFPN.US,5,20250911,163000,24.11,24.11,24.11,24.11,603,0
TFPN.US,5,20250911,164000,23.96,23.97,23.94,23.94,2754,0
TFPN.US,5,20250911,194500,24.0746,24.0746,24.0746,24.0746,176,0
TFPN.US,5,20250911,202500,24.09,24.09,24.09,24.09,472,0
TFPN.US,5,20250911,214000,24.15,24.1519,24.15,24.1519,279,0
TFPN.US,5,20250911,214500,24.1031,24.1031,24.1031,24.1031,478,0
TFPN.US,5,20250912,165000,24.2,24.2,24.13,24.13,462,0
TFPN.US,5,20250912,165500,24.17,24.17,24.17,24.17,3748,0
TFPN.US,5,20250912,173000,24.19,24.19,24.19,24.19,203,0
TFPN.US,5,20250912,215000,24.1356,24.1356,24.1356,24.1356,148,0
TFPN.US,5,20250915,161500,24.0722,24.3482,24.0722,24.3482,524,0
TFPN.US,5,20250915,184500,24.3,24.3,24.2999,24.2999,400,0
TFPN.US,5,20250915,190000,24.22,24.22,24.22,24.22,395,0
TFPN.US,5,20250915,191000,24.3,24.3,24.2999,24.3,696,0
TFPN.US,5,20250915,192000,24.1301,24.1301,24.1301,24.1301,145,0
TFPN.US,5,20250915,195500,24.31,24.31,24.31,24.31,1174,0
TFPN.US,5,20250915,203500,24.28,24.28,24.28,24.28,766,0
TFPN.US,5,20250916,153500,24.28,24.28,24.28,24.28,100,0
TFPN.US,5,20250916,155500,24.312,24.312,24.312,24.312,162,0
TFPN.US,5,20250916,161500,24.29,24.29,24.29,24.29,167,0
TFPN.US,5,20250916,163500,24.28,24.28,24.28,24.28,379,0
TFPN.US,5,20250916,215500,24.33,24.33,24.33,24.33,200,0
TFPN.US,5,20250917,154500,24.35,24.35,24.35,24.35,1434,0
TFPN.US,5,20250917,184000,24.275,24.275,24.275,24.275,2389,0
TFPN.US,5,20250917,192500,24.21,24.21,24.21,24.21,200,0
TFPN.US,5,20250918,182000,24.33,24.33,24.33,24.33,274,0
TFPN.US,5,20250918,185500,24.319,24.319,24.319,24.319,614,0
TFPN.US,5,20250918,203000,24.325,24.35,24.3,24.3,615,0
TFPN.US,5,20250918,211500,24.3,24.3,24.3,24.3,5465,0
TFPN.US,5,20250919,153000,24.35,24.4,24.35,24.4,1765,0
TFPN.US,5,20250919,154000,24.45,24.45,24.45,24.45,700,0
TFPN.US,5,20250919,160500,24.48,24.48,24.48,24.48,100,0
TFPN.US,5,20250919,161000,24.6,24.63,24.6,24.63,300,0
TFPN.US,5,20250919,192000,24.5276,24.55,24.48,24.55,6434,0
TFPN.US,5,20250919,193000,24.5,24.68,24.49,24.68,1228,0
TFPN.US,5,20250919,195000,24.63,24.6784,24.63,24.6784,239,0
TFPN.US,5,20250919,213000,24.63,24.63,24.63,24.63,100,0
TFPN.US,5,20250919,215000,24.55,24.55,24.55,24.55,100,0
TFPN.US,5,20250919,215500,24.57,24.71,24.57,24.71,3417,0
TFPN.US,5,20250922,153000,24.63,24.63,24.63,24.63,100,0
TFPN.US,5,20250922,164000,24.59,24.6799,24.59,24.6799,492,0
TFPN.US,5,20250922,175000,24.623,24.623,24.623,24.623,515,0
TFPN.US,5,20250922,180000,24.615,24.615,24.615,24.615,100,0
TFPN.US,5,20250922,183500,24.65,24.65,24.65,24.65,126,0
TFPN.US,5,20250922,193500,24.7999,24.7999,24.7999,24.7999,128,0
TFPN.US,5,20250922,194000,24.6502,24.6502,24.6502,24.6502,161,0
TFPN.US,5,20250922,205000,24.69,24.69,24.5908,24.5908,2017,0
TFPN.US,5,20250922,215500,24.77,24.77,24.77,24.77,141,0
TFPN.US,5,20250923,153000,24.895,24.895,24.85,24.85,794,0
TFPN.US,5,20250923,181500,24.8999,24.8999,24.8999,24.8999,120,0
TFPN.US,5,20250923,192500,24.8461,24.8461,24.8461,24.8461,162,0
TFPN.US,5,20250923,194000,24.8,24.8,24.8,24.8,1212,0
TFPN.US,5,20250923,195500,24.75,24.75,24.75,24.75,762,0
TFPN.US,5,20250923,202500,24.6836,24.6836,24.6836,24.6836,100,0
TFPN.US,5,20250923,204000,24.6767,24.6767,24.6767,24.6767,275,0
TFPN.US,5,20250923,205000,24.71,24.71,24.71,24.71,150,0
TFPN.US,5,20250923,214500,24.6101,24.6101,24.6101,24.6101,242,0
TFPN.US,5,20250924,155000,24.79,24.79,24.79,24.79,100,0
TFPN.US,5,20250924,200500,24.68,24.68,24.68,24.68,453,0
TFPN.US,5,20250925,160000,24.485,24.49,24.42,24.49,1213,0
TFPN.US,5,20250925,193500,24.6387,24.6387,24.6387,24.6387,103,0
TFPN.US,5,20250925,194000,24.54,24.54,24.54,24.54,413,0
TFPN.US,5,20250925,195000,24.535,24.535,24.535,24.535,294,0
TFPN.US,5,20250925,203500,24.51,24.51,24.51,24.51,397,0
TFPN.US,5,20250926,162500,24.525,24.525,24.525,24.525,149,0
TFPN.US,5,20250926,165000,24.6005,24.6005,24.6005,24.6005,203,0
TFPN.US,5,20250926,191500,24.6126,24.6126,24.6126,24.6126,104,0
TFPN.US,5,20250929,162500,24.7571,24.7571,24.7571,24.7571,1661,0
TFPN.US,5,20250929,175500,24.66,24.66,24.6,24.6,11919,0
TFPN.US,5,20250929,180000,24.66,24.66,24.53,24.53,3650,0
TFPN.US,5,20250929,182000,24.6,24.6,24.6,24.6,333,0
TFPN.US,5,20250929,185000,24.591,24.591,24.591,24.591,500,0
TFPN.US,5,20250929,215000,24.7537,24.7537,24.7537,24.7537,957,0
TFPN.US,5,20250929,215500,24.66,24.66,24.66,24.66,854,0
TFPN.US,5,20250930,161000,24.84,24.84,24.84,24.84,545,0
TFPN.US,5,20250930,165000,24.78,24.81,24.78,24.81,1572,0
TFPN.US,5,20250930,165500,24.71,24.71,24.701,24.701,200,0
TFPN.US,5,20250930,171500,24.77,24.79,24.77,24.77,1729,0
TFPN.US,5,20250930,172000,24.7854,24.7854,24.7854,24.7854,204,0
TFPN.US,5,20250930,172500,24.71,24.71,24.71,24.71,1491,0
TFPN.US,5,20250930,173000,24.6815,24.755,24.6815,24.755,374,0
TFPN.US,5,20250930,173500,24.75,24.75,24.75,24.75,398,0
TFPN.US,5,20250930,180500,24.69,24.69,24.69,24.69,155,0
TFPN.US,5,20250930,190000,24.67,24.75,24.67,24.75,583,0
TFPN.US,5,20250930,190500,24.77,24.77,24.77,24.77,906,0
TFPN.US,5,20250930,192000,24.74,24.76,24.68,24.75,2204,0
TFPN.US,5,20250930,193000,24.74,24.74,24.74,24.74,100,0
TFPN.US,5,20250930,193500,24.68,24.68,24.68,24.68,100,0
TFPN.US,5,20250930,194000,24.745,24.745,24.74,24.74,819,0
TFPN.US,5,20250930,195000,24.8187,24.8187,24.8187,24.8187,162,0
TFPN.US,5,20250930,200500,24.75,24.75,24.75,24.75,170,0
TFPN.US,5,20250930,204000,24.715,24.715,24.705,24.71,1858,0
TFPN.US,5,20251001,164000,24.78,24.78,24.78,24.78,1500,0
TFPN.US,5,20251001,171500,24.8733,24.8733,24.8733,24.8733,800,0
TFPN.US,5,20251001,174000,24.87,24.87,24.8,24.8,3052,0
TFPN.US,5,20251001,191000,24.81,24.8101,24.81,24.8101,282,0
TFPN.US,5,20251001,192500,24.82,24.82,24.82,24.82,201,0
TFPN.US,5,20251002,163000,24.79,24.7901,24.79,24.7901,200,0
TFPN.US,5,20251002,171500,24.76,24.7601,24.76,24.7601,324,0
TFPN.US,5,20251002,210000,24.81,24.81,24.81,24.81,100,0
TFPN.US,5,20251002,213500,24.81,24.81,24.81,24.81,100,0
TFPN.US,5,20251003,154000,24.96,24.97,24.96,24.97,1190,0
TFPN.US,5,20251003,160500,24.985,24.985,24.985,24.985,225,0
TFPN.US,5,20251003,161000,24.975,24.975,24.975,24.975,177,0
TFPN.US,5,20251003,192000,24.95,24.9501,24.95,24.9501,2960,0
TFPN.US,5,20251003,214500,24.995,24.995,24.995,24.995,131,0
TFPN.US,5,20251006,153500,25.07,25.07,25.07,25.07,100,0
TFPN.US,5,20251006,155000,25.0594,25.0686,25.0594,25.0686,476,0
TFPN.US,5,20251006,163500,25.08,25.08,25.08,25.08,1284,0
TFPN.US,5,20251006,172000,25.065,25.065,25.05,25.05,200,0
TFPN.US,5,20251006,172500,25.0335,25.0335,25.0335,25.0335,131,0
TFPN.US,5,20251006,190500,25.0475,25.07,25.0475,25.07,200,0
TFPN.US,5,20251006,202500,25.05,25.05,25.05,25.05,100,0
TFPN.US,5,20251007,153000,25.08,25.17,25.08,25.17,1476,0
TFPN.US,5,20251007,164500,25.246,25.246,25.246,25.246,100,0
TFPN.US,5,20251007,193000,25.1,25.1076,25.1,25.1076,416,0
TFPN.US,5,20251007,204500,25.21,25.21,25.21,25.21,138,0
TFPN.US,5,20251008,153000,25.101,25.101,25.101,25.101,150,0
TFPN.US,5,20251008,153500,25.21,25.21,25.21,25.21,160,0
TFPN.US,5,20251008,175500,25.228,25.228,25.228,25.228,140,0
TFPN.US,5,20251008,181500,25.3,25.3,25.3,25.3,420,0
TFPN.US,5,20251008,212000,25.28,25.28,25.28,25.28,510,0
TFPN.US,5,20251010,175500,24.81,24.81,24.81,24.81,110,0
TFPN.US,5,20251010,192000,25.05,25.05,25.05,25.05,1193,0
TFPN.US,5,20251010,195000,24.84,24.84,24.8311,24.8311,204,0
TFPN.US,5,20251010,200000,24.87,24.87,24.85,24.85,200,0
TFPN.US,5,20251010,204000,25.124,25.124,25.124,25.124,342,0
TFPN.US,5,20251013,154500,25.2546,25.2546,25.2546,25.2546,109,0
TFPN.US,5,20251013,155500,25.21,25.21,25.21,25.21,313,0
TFPN.US,5,20251013,161500,25.03,25.03,25.01,25.01,1780,0
TFPN.US,5,20251013,163000,24.99,24.99,24.99,24.99,174,0
TFPN.US,5,20251013,163500,25.02,25.02,25,25,700,0
TFPN.US,5,20251013,164000,25.02,25.02,24.99,24.99,2288,0
TFPN.US,5,20251013,170000,25.08,25.08,25.08,25.08,554,0
TFPN.US,5,20251013,173000,25.03,25.03,25.03,25.03,100,0
TFPN.US,5,20251013,174000,25.04,25.04,25.03,25.03,200,0
TFPN.US,5,20251013,185500,25.3784,25.3784,25.23,25.23,269,0
TFPN.US,5,20251013,202500,25.2398,25.2398,25.2398,25.2398,305,0
TFPN.US,5,20251013,214500,25.11,25.11,25.07,25.07,1626,0
TFPN.US,5,20251014,153000,25.19,25.19,25.19,25.19,205,0
TFPN.US,5,20251014,170500,25.1201,25.1201,25.1201,25.1201,118,0
TFPN.US,5,20251014,171000,25.17,25.17,25.17,25.17,100,0
TFPN.US,5,20251014,175000,25.17,25.17,25.17,25.17,200,0
TFPN.US,5,20251014,181000,25.2733,25.2733,25.2733,25.2733,155,0
TFPN.US,5,20251014,184500,25.318,25.318,25.318,25.318,108,0
TFPN.US,5,20251014,211500,25.3,25.3,25.3,25.3,175,0
TFPN.US,5,20251015,161000,25.475,25.475,25.475,25.475,222,0
TFPN.US,5,20251015,173500,25.34,25.34,25.3,25.3,200,0
TFPN.US,5,20251015,193000,25.25,25.25,25.2499,25.2499,318,0
TFPN.US,5,20251015,195000,25.31,25.31,25.31,25.31,424,0
TFPN.US,5,20251015,211000,25.28,25.28,25.28,25.28,100,0
TFPN.US,5,20251016,155000,25.465,25.465,25.465,25.465,104,0
TFPN.US,5,20251016,162000,25.485,25.54,25.485,25.52,1354,0
TFPN.US,5,20251016,202500,25.181,25.1816,25.181,25.1816,236,0
TFPN.US,5,20251016,203000,25.3046,25.3046,25.3046,25.3046,119,0
TFPN.US,5,20251016,203500,25.2554,25.2554,25.2554,25.2554,150,0
TFPN.US,5,20251016,204000,25.31,25.31,25.3099,25.3099,800,0
TFPN.US,5,20251016,211000,25.27,25.31,25.255,25.3099,1241,0
TFPN.US,5,20251016,211500,25.29,25.29,25.29,25.29,27654,0
TFPN.US,5,20251016,213000,25.235,25.235,25.235,25.235,194,0
TFPN.US,5,20251017,160500,25.11,25.1101,25.1009,25.1009,307,0
TFPN.US,5,20251017,161000,26.03,26.03,25.11,25.63,1264,0
TFPN.US,5,20251017,172000,25.1,25.1,25.1,25.1,144,0
TFPN.US,5,20251017,194500,25.095,25.095,25.095,25.095,183,0
TFPN.US,5,20251017,211000,24.95,24.95,24.95,24.95,140,0
TFPN.US,5,20251020,162000,25.12,25.12,25.12,25.12,500,0
TFPN.US,5,20251020,162500,25.187,25.187,25.187,25.187,600,0
TFPN.US,5,20251020,172000,25.13,25.14,25.121,25.121,400,0
TFPN.US,5,20251020,173500,25.13,25.299,25.13,25.299,4680,0
TFPN.US,5,20251020,181500,25.18,25.18,25.18,25.18,100,0
TFPN.US,5,20251020,182000,24.715,25.5913,24.715,25.5913,5400,0
TFPN.US,5,20251020,205000,25.225,25.225,25.225,25.225,102,0
TFPN.US,5,20251020,205500,25.15,25.228473,25.15,25.228473,300,0
TFPN.US,5,20251020,210000,25.198,25.198,25.16,25.16,200,0
TFPN.US,5,20251020,210500,25.16,25.16,25.16,25.16,100,0
TFPN.US,5,20251021,203500,25.1022,25.1022,25.1022,25.1022,100,0
TFPN.US,5,20251022,194000,24.7,24.7,24.7,24.7,106,0
TFPN.US,5,20251022,205500,24.8665,24.8665,24.8665,24.8665,302,0
TFPN.US,5,20251022,210000,24.6514,24.6514,24.56,24.56,200,0
TFPN.US,5,20251023,191000,24.9,24.9,24.9,24.9,487,0
TFPN.US,5,20251023,205500,24.63,24.6301,24.6238,24.6238,512,0
TFPN.US,5,20251023,214500,24.6139,24.6139,24.6105,24.6139,1615,0
TFPN.US,5,20251024,153500,24.829,24.829,24.829,24.829,900,0
TFPN.US,5,20251024,154000,25.01,26,25.01,25.3,2200,0
TFPN.US,5,20251024,154500,25.7,26.0453,25.04,25.04,2495,0
TFPN.US,5,20251024,155000,25.06,25.06,25.03,25.03,900,0
TFPN.US,5,20251024,160500,25.03,25.03,25.03,25.03,614,0
TFPN.US,5,20251024,161000,25.04,25.1849,25.04,25.1849,1998,0
TFPN.US,5,20251024,182000,24.9,24.9,24.8,24.8,2000,0
TFPN.US,5,20251024,211000,25.18,25.18,25.18,25.18,200,0
TFPN.US,5,20251024,211500,25.25,25.25,25.25,25.25,179,0
TFPN.US,5,20251027,143000,25,25.12,24.765,25.12,1625,0
TFPN.US,5,20251027,143500,25.0399,25.33,25.0399,25.19,1100,0
TFPN.US,5,20251027,144000,25.17,25.33,25.17,25.27,600,0
TFPN.US,5,20251027,144500,25.319,25.34,25.03,25.08,2011,0
TFPN.US,5,20251027,145500,25.27,25.27,25.27,25.27,100,0
TFPN.US,5,20251027,162500,25.129,25.129,25.12,25.1201,300,0
TFPN.US,5,20251027,163000,25.21,25.28,25.21,25.28,200,0
TFPN.US,5,20251027,164000,25.1915,25.1915,25.1915,25.1915,192,0
TFPN.US,5,20251027,173000,25.1214,25.1214,25.1214,25.1214,113,0
TFPN.US,5,20251027,184000,25.21,25.21,25.21,25.21,200,0
TFPN.US,5,20251027,184500,25.2,25.21,25.2,25.21,484,0
TFPN.US,5,20251027,185000,25.2,25.2,25.2,25.2,5801,0
TFPN.US,5,20251027,185500,25.171,25.171,25.171,25.171,200,0
TFPN.US,5,20251027,191000,25.18,25.18,25.18,25.18,200,0
TFPN.US,5,20251027,194500,25.19,25.19,25.19,25.19,125,0
TFPN.US,5,20251027,195500,25.1905,25.1905,25.18,25.18,232,0
TFPN.US,5,20251027,200000,25.18,25.195,25.18,25.1801,720,0
TFPN.US,5,20251027,203500,25.4,25.4,25.4,25.4,479,0
TFPN.US,5,20251028,163000,25.24,25.24,25.24,25.24,105,0
TFPN.US,5,20251028,170500,25.2001,25.25,25.2,25.25,300,0
TFPN.US,5,20251028,194500,25.25,25.25,25.25,25.25,200,0
TFPN.US,5,20251029,174500,25.21,25.3,25.21,25.3,200,0
TFPN.US,5,20251029,194000,25.37,25.37,25.37,25.37,397,0
TFPN.US,5,20251029,203000,25.335,25.335,25.335,25.335,184,0
TFPN.US,5,20251029,204000,25.21,25.21,25.21,25.21,200,0
TFPN.US,5,20251030,145000,25.64,25.64,25.64,25.64,100,0
TFPN.US,5,20251030,152500,25.58,25.58,25.58,25.58,100,0
TFPN.US,5,20251030,160000,25.56,25.56,25.56,25.56,100,0
TFPN.US,5,20251030,160500,25.57,25.57,25.57,25.57,800,0
TFPN.US,5,20251030,161000,25.2,25.57,25.2,25.57,1400,0
TFPN.US,5,20251030,165000,25.52,25.52,25.52,25.52,100,0
TFPN.US,5,20251030,184000,25.2901,25.2901,25.29,25.29,200,0
TFPN.US,5,20251031,144000,25.51,25.51,25.51,25.51,117,0
TFPN.US,5,20251031,144500,25.4758,25.4758,25.4758,25.4758,302,0
TFPN.US,5,20251031,145500,25.46,25.46,25.46,25.46,100,0
TFPN.US,5,20251031,151000,25.5171,25.55,25.4978,25.4978,852,0
TFPN.US,5,20251031,152000,25.451,25.451,25.451,25.451,200,0
TFPN.US,5,20251031,152500,25.55,25.55,25.47,25.51,2090,0
TFPN.US,5,20251031,153500,25.52,25.52,25.52,25.52,404,0
TFPN.US,5,20251031,154000,25.52,25.52,25.164,25.164,1027,0
TFPN.US,5,20251031,154500,25.55,25.55,25.1,25.5499,1763,0
TFPN.US,5,20251031,155000,25.52,25.52,25.52,25.52,1199,0
TFPN.US,5,20251031,155500,25.5,25.53,25.5,25.53,960,0
TFPN.US,5,20251031,160000,25.52,25.52,25.52,25.52,477,0
TFPN.US,5,20251031,163000,25.51,25.51,25.481,25.481,611,0
TFPN.US,5,20251031,163500,25.5244,25.55,25.48,25.48,588,0
TFPN.US,5,20251031,165500,25.48,25.495,25.42,25.48,939,0
TFPN.US,5,20251031,170500,25.47,25.47,25.47,25.47,348,0
TFPN.US,5,20251031,171000,25.49,25.49,25.49,25.49,890,0
TFPN.US,5,20251031,171500,25.4361,25.4361,25.4361,25.4361,129,0
TFPN.US,5,20251031,173500,25.48,25.48,25.48,25.48,666,0
TFPN.US,5,20251031,174000,25.49,25.49,25.49,25.49,5303,0
TFPN.US,5,20251031,180500,25.53,25.53,25.53,25.53,425,0
TFPN.US,5,20251031,181000,25.45,25.45,25.45,25.45,1011,0
TFPN.US,5,20251031,181500,25.4224,25.4224,25.4224,25.4224,163,0
TFPN.US,5,20251031,191000,25.41,25.41,25.41,25.41,559,0
TFPN.US,5,20251031,205000,25.5377,25.55,25.5377,25.5377,3250,0
TFPN.US,5,20251103,165000,25.4988,25.4988,25.4988,25.4988,143,0
TFPN.US,5,20251103,172500,25.5787,25.5787,25.5787,25.5787,164,0
TFPN.US,5,20251103,184000,25.5162,25.5162,25.5162,25.5162,219,0
TFPN.US,5,20251103,203500,25.58,25.58,25.58,25.58,100,0
TFPN.US,5,20251103,210500,25.57,25.57,25.52,25.52,1140,0
TFPN.US,5,20251104,164000,25.3666,25.435,25.341,25.341,300,0
TFPN.US,5,20251104,171500,25.499,25.499,25.499,25.499,100,0
TFPN.US,5,20251105,162000,25.04,25.0401,25.04,25.0401,200,0
TFPN.US,5,20251105,172500,25.41,25.41,25.41,25.41,100,0
TFPN.US,5,20251105,210500,25.13,25.13,25.13,25.13,200,0
TFPN.US,5,20251106,161000,24.6001,24.6001,24.6001,24.6001,671,0
TFPN.US,5,20251106,190000,25.2,25.2,25.2,25.2,390,0
TFPN.US,5,20251106,191500,25.2075,25.225,25.2075,25.225,932,0
TFPN.US,5,20251106,201000,25.22,25.22,25.22,25.22,541,0
TFPN.US,5,20251106,212000,25.31,25.31,25.31,25.31,2348,0
TFPN.US,5,20251107,153000,24.57,24.57,24.57,24.57,1824,0
TFPN.US,5,20251107,160500,25.29,25.42,25.29,25.42,2726,0
TFPN.US,5,20251107,162000,25.6,25.6,25.6,25.6,1162,0
TFPN.US,5,20251107,162500,25.4,26.705,25.4,25.4,2761,0
TFPN.US,5,20251107,172000,25.13,25.13,25.13,25.13,300,0
TFPN.US,5,20251107,172500,25.1,25.11,25.06,25.11,2507,0
TFPN.US,5,20251107,193000,25.1587,25.1587,25.1587,25.1587,2397,0
TFPN.US,5,20251110,160000,25.74,25.75,25.74,25.75,200,0
TFPN.US,5,20251110,161000,25.57,25.57,25.57,25.57,10218,0
TFPN.US,5,20251110,175500,25.7399,25.7399,25.7399,25.7399,250,0
TFPN.US,5,20251110,180500,25.521,25.7,25.52,25.7,4900,0
TFPN.US,5,20251110,184500,25.82,25.82,25.82,25.82,100,0
TFPN.US,5,20251110,191000,25.84,25.85,25.84,25.85,900,0
TFPN.US,5,20251110,191500,25.84,25.85,25.84,25.85,1183,0
TFPN.US,5,20251110,192500,25.84,25.84,25.84,25.84,900,0
TFPN.US,5,20251110,194500,25.78,25.78,25.78,25.78,1127,0
TFPN.US,5,20251110,201000,25.7585,25.7715,25.7585,25.7715,824,0
TFPN.US,5,20251111,161500,25.76,25.76,25.76,25.76,100,0
TFPN.US,5,20251111,163000,25.75,25.75,25.7004,25.7283,608,0
TFPN.US,5,20251111,164000,25.625,25.625,25.5148,25.5148,300,0
TFPN.US,5,20251111,172500,25.54,25.54,25.54,25.54,100,0
TFPN.US,5,20251111,173000,25.58,25.58,25.58,25.58,1085,0
TFPN.US,5,20251111,203500,25.87,25.87,25.835,25.8699,472,0
TFPN.US,5,20251111,205000,25.8147,25.8147,25.8147,25.8147,100,0
TFPN.US,5,20251112,154500,25.75,25.75,25.75,25.75,1788,0
TFPN.US,5,20251112,164000,25.67,25.67,25.67,25.67,867,0
TFPN.US,5,20251112,174000,25.7,25.7,25.7,25.7,127,0
TFPN.US,5,20251112,194000,25.627,25.627,25.627,25.627,385,0
TFPN.US,5,20251112,212500,25.68,25.68,25.68,25.68,123,0
TFPN.US,5,20251113,153000,25.48,25.49,24.52,25.43,1000,0
TFPN.US,5,20251113,155500,25.54,25.54,25.54,25.54,1128,0
TFPN.US,5,20251113,161500,25.41,25.41,25.41,25.41,100,0
TFPN.US,5,20251113,162500,25.52,25.52,25.52,25.52,452,0
TFPN.US,5,20251113,164500,25.475,25.475,25.475,25.475,100,0
TFPN.US,5,20251113,190000,25.3,25.3,25.3,25.3,100,0
TFPN.US,5,20251113,201000,25.15,25.15,24.93,24.95,1306,0
TFPN.US,5,20251113,210500,25.19,25.214,25.19,25.214,400,0
TFPN.US,5,20251113,215000,25.28,25.28,25.28,25.28,140,0
TFPN.US,5,20251113,215500,25.3681,25.3681,25.19,25.19,1891,0
TFPN.US,5,20251114,153000,25.01,25.01,24.8388,24.8388,700,0
TFPN.US,5,20251114,153500,24.84,24.93,24.84,24.93,600,0
TFPN.US,5,20251114,161500,24.879,24.879,24.871,24.8711,2060,0
TFPN.US,5,20251114,173000,25.24,25.24,25.24,25.24,300,0
TFPN.US,5,20251117,192000,24.99,24.99,24.99,24.99,422,0
TFPN.US,5,20251117,200000,24.94,24.94,24.94,24.94,100,0
TFPN.US,5,20251118,155000,24.81,24.81,24.81,24.81,1100,0
TFPN.US,5,20251118,155500,24.81,24.81,24.81,24.81,936,0
TFPN.US,5,20251118,161000,24.7599,24.7599,24.7599,24.7599,102,0
TFPN.US,5,20251118,162000,24.6516,24.6516,24.6516,24.6516,115,0
TFPN.US,5,20251118,190500,24.8,24.8,24.77,24.8,800,0
TFPN.US,5,20251118,203500,24.96,24.96,24.96,24.96,937,0
TFPN.US,5,20251119,161500,25.023,25.023,25.023,25.023,140,0
TFPN.US,5,20251119,170500,24.93,24.93,24.93,24.93,313,0
TFPN.US,5,20251119,173000,24.91,24.91,24.91,24.91,730,0
TFPN.US,5,20251119,181000,24.889,24.889,24.8764,24.8764,2490,0
TFPN.US,5,20251119,182500,24.8,24.89,24.8,24.832,500,0
TFPN.US,5,20251119,202000,24.87,24.87,24.87,24.87,729,0
TFPN.US,5,20251120,170500,25.13,25.13,25.13,25.13,843,0
TFPN.US,5,20251120,171500,25.05,25.05,25.05,25.05,837,0
TFPN.US,5,20251120,173000,25.09,25.09,25.0201,25.0201,350,0
TFPN.US,5,20251120,173500,25.05,25.05,25.02,25.02,200,0
TFPN.US,5,20251120,211500,24.63,24.63,24.63,24.63,1998,0
TFPN.US,5,20251121,155500,24.34,24.34,24.34,24.34,160,0
TFPN.US,5,20251121,162000,24.45,24.45,24.29,24.29,421,0
TFPN.US,5,20251121,173500,24.301,24.4,24.301,24.4,722,0
TFPN.US,5,20251121,191500,24.28,24.28,24.28,24.28,100,0
TFPN.US,5,20251121,202500,24.5,24.5,24.5,24.5,915,0
TFPN.US,5,20251121,214500,24.4892,24.4892,24.4892,24.4892,267,0
TFPN.US,5,20251124,153000,24.34,24.34,24.34,24.34,100,0
TFPN.US,5,20251124,161500,24.52,24.52,24.52,24.52,115,0
TFPN.US,5,20251124,162500,24.51,24.51,24.5008,24.5008,526,0
TFPN.US,5,20251124,163500,24.5094,24.5094,24.5094,24.5094,214,0
TFPN.US,5,20251124,192000,24.55,24.55,24.5,24.5,642,0
TFPN.US,5,20251124,204500,24.48,24.48,24.48,24.48,100,0
TFPN.US,5,20251124,212500,24.62,24.62,24.5924,24.5924,330,0
TFPN.US,5,20251124,214500,24.57,24.57,24.57,24.57,1000,0
TFPN.US,5,20251124,215000,24.502,24.62,24.502,24.5545,8929,0
TFPN.US,5,20251124,215500,24.5761,24.5761,24.5761,24.5761,208,0
TFPN.US,5,20251125,161500,24.82,24.82,24.82,24.82,2398,0
TFPN.US,5,20251125,162000,24.756,24.756,24.756,24.756,208,0
TFPN.US,5,20251125,163000,24.84,24.84,24.7905,24.7905,450,0
TFPN.US,5,20251125,170500,24.84,24.84,24.84,24.84,1770,0
TFPN.US,5,20251125,194000,24.851,24.851,24.851,24.851,200,0
TFPN.US,5,20251125,215000,24.9,24.9386,24.9,24.9011,1278,0
TFPN.US,5,20251126,154000,24.98,24.98,24.98,24.98,100,0
TFPN.US,5,20251126,173500,25.125,25.125,25.125,25.125,136,0
TFPN.US,5,20251126,181500,25.05,25.05,25.05,25.05,100,0
TFPN.US,5,20251126,195000,25.065,25.065,25.065,25.065,153,0
TFPN.US,5,20251126,201000,25.137,25.1505,25.137,25.1505,271,0
TFPN.US,5,20251126,212000,25.1496,25.1496,25.1496,25.1496,173,0
TFPN.US,5,20251128,153500,25,25,25,25,795,0
TFPN.US,5,20251128,161000,25.15,25.15,25.13,25.13,635,0
TFPN.US,5,20251128,180000,25.22,25.22,25.22,25.22,100,0
TFPN.US,5,20251201,160000,25.4,25.4,25.4,25.4,4783,0
TFPN.US,5,20251201,160500,25.4,25.4,25.4,25.4,1380,0
TFPN.US,5,20251201,163000,25.2512,25.2512,25.2512,25.2512,189,0
TFPN.US,5,20251201,163500,25.28,25.28,25.28,25.28,389,0
TFPN.US,5,20251201,164000,25.17,25.39,25.17,25.39,696,0
TFPN.US,5,20251201,165500,25.3999,25.3999,25.3999,25.3999,121,0
TFPN.US,5,20251201,174000,25.295,25.295,25.295,25.295,232,0
TFPN.US,5,20251201,174500,25.38,25.38,25.38,25.38,100,0
TFPN.US,5,20251201,175000,25.18,25.4,25.18,25.4,2798,0
TFPN.US,5,20251201,175500,25.4,25.4,25.285,25.285,487,0
TFPN.US,5,20251201,181000,25.31,25.31,25.18,25.19,1337,0
TFPN.US,5,20251201,183000,25.48,25.48,25.48,25.48,100,0
TFPN.US,5,20251201,200500,25.345,25.345,25.345,25.345,176,0
TFPN.US,5,20251201,211500,25.3517,25.3517,25.3517,25.3517,138,0
TFPN.US,5,20251202,161000,25.27,25.27,25.15,25.21,1762,0
TFPN.US,5,20251202,162500,25.3419,25.3419,25.3419,25.3419,100,0
TFPN.US,5,20251202,205500,25.21,25.21,25.21,25.21,100,0
TFPN.US,5,20251202,213000,25.21,25.23,25.21,25.2101,346,0
TFPN.US,5,20251203,173000,25.419,25.419,25.419,25.419,100,0
TFPN.US,5,20251203,193000,25.3014,25.3014,25.3014,25.3014,229,0
TFPN.US,5,20251203,195500,25.46,25.46,25.4599,25.4599,1000,0
TFPN.US,5,20251203,202000,25.366,25.366,25.366,25.366,153,0
TFPN.US,5,20251204,155500,25.51,25.51,25.51,25.51,100,0
TFPN.US,5,20251204,201500,25.3601,25.3601,25.3601,25.3601,553,0
TFPN.US,5,20251204,204500,25.525,25.525,25.525,25.525,116,0
TFPN.US,5,20251204,215500,25.84,25.84,25.84,25.84,392,0
TFPN.US,5,20251205,171000,25.81,25.81,25.81,25.81,577,0
TFPN.US,5,20251205,171500,25.78,25.78,25.78,25.78,100,0
TFPN.US,5,20251205,172000,25.72,25.72,25.72,25.72,5375,0
TFPN.US,5,20251205,204000,25.789,25.789,25.734,25.734,300,0
TFPN.US,5,20251208,172000,25.4,25.4,25.4,25.4,384,0
TFPN.US,5,20251208,182500,25.59,25.6,25.59,25.6,400,0
TFPN.US,5,20251208,190000,25.5467,25.5467,25.5467,25.5467,400,0
TFPN.US,5,20251208,193000,25.51,25.51,25.51,25.51,1017,0
TFPN.US,5,20251208,200500,25.5241,25.5241,25.5241,25.5241,245,0
TFPN.US,5,20251209,161000,25.56,25.56,25.56,25.56,799,0
TFPN.US,5,20251209,161500,25.56,25.56,25.56,25.56,428,0
TFPN.US,5,20251209,172000,25.74,25.74,25.74,25.74,388,0
TFPN.US,5,20251209,191500,25.58,25.58,25.58,25.58,280,0
TFPN.US,5,20251209,192500,25.59,25.59,25.59,25.59,260,0
TFPN.US,5,20251209,212500,25.65,25.66,25.65,25.66,1949,0
TFPN.US,5,20251209,215500,25.555,25.555,25.555,25.555,100,0
TFPN.US,5,20251210,171500,25.63,25.63,25.63,25.63,316,0
TFPN.US,5,20251210,200000,25.675,25.675,25.675,25.675,116,0
TFPN.US,5,20251210,214000,25.73,25.73,25.73,25.73,150,0
TFPN.US,5,20251211,160500,25.7,25.7,25.7,25.7,556,0
TFPN.US,5,20251211,161500,25.7075,25.73,25.7075,25.73,1090,0
TFPN.US,5,20251211,183500,25.7829,25.7829,25.7829,25.7829,102,0
TFPN.US,5,20251212,153000,25.85,25.85,25.85,25.85,2373,0
TFPN.US,5,20251212,190000,25.613,25.613,25.613,25.613,164,0
TFPN.US,5,20251212,211000,25.52,25.52,25.52,25.52,251,0
TFPN.US,5,20251212,212000,25.63,25.63,25.63,25.63,338,0
TFPN.US,5,20251215,154500,25.4902,25.6089,25.49,25.4902,459,0
TFPN.US,5,20251215,155500,25.52,25.52,25.52,25.52,1122,0
TFPN.US,5,20251215,174000,25.38,25.3801,25.38,25.3801,356,0
TFPN.US,5,20251215,183500,25.39,25.39,25.39,25.39,100,0
TFPN.US,5,20251215,190500,25.55,25.56,25.55,25.56,5812,0
TFPN.US,5,20251215,205500,25.42,25.42,25.42,25.42,156,0
TFPN.US,5,20251215,213500,25.427,25.427,25.427,25.427,100,0
TFPN.US,5,20251215,214500,25.427,25.501,25.42,25.501,500,0
TFPN.US,5,20251215,215500,25.56,25.56,25.56,25.56,100,0
TFPN.US,5,20251216,162000,25.33,25.33,25.33,25.33,329,0
TFPN.US,5,20251216,183000,25.39,25.39,25.39,25.39,100,0
TFPN.US,5,20251216,191500,25.339,25.339,25.339,25.339,100,0
TFPN.US,5,20251216,193500,25.32,25.32,25.32,25.32,1336,0
TFPN.US,5,20251216,215000,25.45,25.4599,25.45,25.4599,793,0
TFPN.US,5,20251217,164000,25.3,25.3,25.3,25.3,440,0
TFPN.US,5,20251217,170500,25.32,25.32,25.32,25.32,100,0
TFPN.US,5,20251217,174500,25.2502,25.2502,25.25,25.25,400,0
TFPN.US,5,20251217,200000,25.18,25.18,25.18,25.18,1884,0
TFPN.US,5,20251217,215000,25.1934,25.25,25.1934,25.25,647,0
TFPN.US,5,20251218,161500,25.26,25.33,25.26,25.33,780,0
TFPN.US,5,20251218,170000,25.3299,25.3299,25.3299,25.3299,180,0
TFPN.US,5,20251218,184000,25.27,25.27,25.27,25.27,697,0
TFPN.US,5,20251218,215000,25.27,25.27,25.27,25.27,164,0
TFPN.US,5,20251219,160500,25.69,25.69,25.69,25.69,154,0
TFPN.US,5,20251219,214000,25.4637,25.4637,25.4637,25.4637,101,0
TFPN.US,5,20251219,215000,25.75,25.75,25.5013,25.5013,417,0
TFPN.US,5,20251222,163000,25.92,25.92,25.92,25.92,215,0
TFPN.US,5,20251222,170500,25.82,25.83,25.73,25.75,1879,0
TFPN.US,5,20251222,174000,26.1,26.1,26.1,26.1,191,0
TFPN.US,5,20251222,184000,25.84,25.84,25.78,25.79,1700,0
TFPN.US,5,20251222,191500,26.02,26.02,26.02,26.02,1208,0
TFPN.US,5,20251222,201500,25.95,25.95,25.95,25.95,570,0
