<TICKER>,<PER>,<DATE>,<TIME>,<OPEN>,<HIGH>,<LOW>,<CLOSE>,<VOL>,<OPENINT>
TOK.US,5,20250728,173000,128.9414,128.9414,128.9414,128.9414,193,0
TOK.US,5,20250728,181000,128.98,128.98,128.98,128.98,190,0
TOK.US,5,20250728,193000,128.7688,128.7688,128.7688,128.7688,142,0
TOK.US,5,20250730,190000,128.58,128.58,128.58,128.58,100,0
TOK.US,5,20250730,215500,128.13,128.13,128.13,128.13,103,0
TOK.US,5,20250731,182000,128.58,128.58,128.51,128.51,836,0
TOK.US,5,20250731,184500,128.545,128.63,128.545,128.6,997,0
TOK.US,5,20250731,185000,128.56,128.56,128.56,128.56,100,0
TOK.US,5,20250731,185500,128.58,128.58,128.58,128.58,100,0
TOK.US,5,20250731,190500,128.55,128.555,128.55,128.555,800,0
TOK.US,5,20250731,193000,128.03,128.03,128.03,128.03,200,0
TOK.US,5,20250731,194500,128.18,128.18,128.18,128.18,200,0
TOK.US,5,20250731,195500,127.81,127.81,127.81,127.81,200,0
TOK.US,5,20250731,200500,127.77,127.77,127.77,127.77,200,0
TOK.US,5,20250731,202500,127.88,127.88,127.88,127.88,200,0
TOK.US,5,20250731,203000,127.945,127.945,127.945,127.945,106,0
TOK.US,5,20250731,203500,128.06,128.22,128.06,128.22,3990,0
TOK.US,5,20250731,204000,128.17,128.24,128.17,128.24,2439,0
TOK.US,5,20250731,215500,127.55,127.55,127.55,127.55,300,0
TOK.US,5,20250801,180000,126.025,126.025,126.025,126.025,179,0
TOK.US,5,20250801,203000,125.67,125.67,125.67,125.67,156,0
TOK.US,5,20250801,215500,125.67,125.78,125.61,125.61,647,0
TOK.US,5,20250804,164000,127.15,127.15,127.15,127.15,100,0
TOK.US,5,20250804,215500,127.63,127.63,127.63,127.63,201,0
TOK.US,5,20250805,153000,127.6415,127.6415,127.6415,127.6415,220,0
TOK.US,5,20250806,155000,127.393,127.47825,127.393,127.47825,526,0
TOK.US,5,20250807,202500,127.795,127.795,127.795,127.795,271,0
TOK.US,5,20250811,185500,128.9,128.9,128.9,128.9,604,0
TOK.US,5,20250812,153500,129.18,129.18,129.18,129.18,122,0
TOK.US,5,20250813,161000,130.52,130.52,130.52,130.52,200,0
TOK.US,5,20250813,171500,130.175,130.175,130.175,130.175,140,0
TOK.US,5,20250814,215500,130.57,130.611,130.49,130.49,1379,0
TOK.US,5,20250819,214000,129.75,129.75,129.75,129.75,100,0
TOK.US,5,20250821,205000,129.28,129.28,129.17,129.17,689,0
TOK.US,5,20250821,215500,129.08,129.08,129.08,129.08,107,0
TOK.US,5,20250822,182500,130.93,130.93,130.93,130.93,285,0
TOK.US,5,20250826,153500,130.16,130.16,130.16,130.16,100,0
TOK.US,5,20250826,165500,130.28,130.28,130.28,130.28,110,0
TOK.US,5,20250828,182500,131.265,131.265,131.265,131.265,100,0
TOK.US,5,20250828,215500,131.38,131.38,131.38,131.38,4024,0
TOK.US,5,20250902,174000,128.76,128.76,128.76,128.76,100,0
TOK.US,5,20250902,182500,128.8334,128.8334,128.8,128.8,349,0
TOK.US,5,20250902,183000,128.918,128.918,128.918,128.918,181,0
TOK.US,5,20250903,153000,130.08,130.08,130.08,130.08,200,0
TOK.US,5,20250903,154000,130.12,130.2395,130.12,130.2395,300,0
TOK.US,5,20250903,154500,130.13,130.13,130.13,130.13,200,0
TOK.US,5,20250903,155500,130.14,130.14,130.06,130.06,200,0
TOK.US,5,20250903,160000,130.22,130.22,130.22,130.22,155,0
TOK.US,5,20250903,160500,130.27,130.27,130.27,130.27,164,0
TOK.US,5,20250903,161000,130.16,130.16,130.16,130.16,160,0
TOK.US,5,20250903,161500,130.36,130.36,130.36,130.36,152,0
TOK.US,5,20250903,162000,130.39,130.39,130.39,130.39,144,0
TOK.US,5,20250903,163000,130.38,130.38,130.38,130.38,151,0
TOK.US,5,20250903,163500,130.5,130.5,130.5,130.5,159,0
TOK.US,5,20250903,164000,130.57,130.57,130.57,130.57,162,0
TOK.US,5,20250903,165500,130.63,130.63,130.63,130.63,153,0
TOK.US,5,20250903,170000,130.67,130.67,130.67,130.67,100,0
TOK.US,5,20250903,170500,130.71,130.71,130.71,130.71,159,0
TOK.US,5,20250903,172000,130.62,130.62,130.62,130.62,150,0
TOK.US,5,20250903,172500,130.58,130.58,130.58,130.58,144,0
TOK.US,5,20250903,173000,130.48,130.48,130.48,130.48,100,0
TOK.US,5,20250903,174000,130.56,130.56,130.56,130.56,158,0
TOK.US,5,20250903,174500,130.51,130.51,130.51,130.51,100,0
TOK.US,5,20250903,175500,130.56,130.56,130.56,130.56,159,0
TOK.US,5,20250903,180000,130.54,130.54,130.54,130.54,144,0
TOK.US,5,20250903,180500,130.53,130.53,130.53,130.53,100,0
TOK.US,5,20250903,181500,130.52,130.52,130.52,130.52,100,0
TOK.US,5,20250903,182000,130.64,130.64,130.64,130.64,144,0
TOK.US,5,20250903,183000,130.56,130.56,130.56,130.56,100,0
TOK.US,5,20250903,183500,130.53,130.53,130.53,130.53,100,0
TOK.US,5,20250903,184500,130.48,130.48,130.48,130.48,100,0
TOK.US,5,20250903,185000,130.41,130.41,130.41,130.41,145,0
TOK.US,5,20250903,190000,130.58,130.58,130.58,130.58,153,0
TOK.US,5,20250903,191000,130.57,130.57,130.57,130.57,100,0
TOK.US,5,20250903,191500,130.65,130.65,130.65,130.65,155,0
TOK.US,5,20250903,192500,130.59,130.59,130.59,130.59,100,0
TOK.US,5,20250903,193500,130.55,130.55,130.55,130.55,100,0
TOK.US,5,20250903,194000,130.47,130.47,130.47,130.47,100,0
TOK.US,5,20250903,194500,130.31,130.31,130.31,130.31,100,0
TOK.US,5,20250903,195500,130.35,130.35,130.35,130.35,100,0
TOK.US,5,20250903,201000,130.38,130.38,130.38,130.38,100,0
TOK.US,5,20250903,202000,130.36,130.36,130.36,130.36,100,0
TOK.US,5,20250903,202500,130.44,130.44,130.44,130.44,140,0
TOK.US,5,20250903,204000,130.34,130.34,130.34,130.34,100,0
TOK.US,5,20250903,214000,130.22,130.22,130.22,130.22,100,0
TOK.US,5,20250908,164000,131.61,131.61,131.61,131.61,412,0
TOK.US,5,20250908,200000,131.305,131.305,131.305,131.305,100,0
TOK.US,5,20250908,214000,131.57,131.57,131.57,131.57,100,0
TOK.US,5,20250908,215000,131.65,131.65,131.65,131.65,100,0
TOK.US,5,20250909,194500,131.71,131.71,131.71,131.71,1340,0
TOK.US,5,20250909,215500,131.91,131.91,131.91,131.91,109,0
TOK.US,5,20250910,155000,132.366,132.366,132.366,132.366,390,0
TOK.US,5,20250910,213000,132,132.18,131.958,132.18,454,0
TOK.US,5,20250910,215500,131.98,131.98,131.98,131.98,900,0
TOK.US,5,20250911,154000,132.505,132.505,132.505,132.505,100,0
TOK.US,5,20250911,215500,133.21,133.21,133.21,133.21,117,0
TOK.US,5,20250912,215500,133.13,133.13,133.06,133.07,346,0
TOK.US,5,20250915,215500,133.71,133.81,133.71,133.81,360,0
TOK.US,5,20250917,155500,133.665,133.665,133.62,133.62,950,0
TOK.US,5,20250917,204000,133.25,133.25,133.25,133.25,200,0
TOK.US,5,20250917,215500,133.46,133.46,133.34,133.34,288,0
TOK.US,5,20250918,203000,134.07,134.07,134.07,134.07,200,0
TOK.US,5,20250918,204000,134.07,134.07,134.07,134.07,113,0
TOK.US,5,20250918,215500,134.035,134.035,134.015,134.015,416,0
TOK.US,5,20250919,215500,134.5,134.5,134.31,134.31,1230,0
TOK.US,5,20250922,173000,134.61,134.61,134.61,134.61,100,0
TOK.US,5,20250922,194000,134.8,134.8,134.8,134.8,100,0
TOK.US,5,20250922,215500,134.84,134.84,134.84,134.84,668,0
TOK.US,5,20250924,161500,134.215,134.215,134.215,134.215,200,0
TOK.US,5,20250924,172500,134.135,134.135,134.135,134.135,216,0
TOK.US,5,20250925,214000,132.9285,132.9285,132.9285,132.9285,456,0
TOK.US,5,20250925,215500,133.095,133.095,133.095,133.095,100,0
TOK.US,5,20250926,175500,133.455,133.455,133.455,133.455,100,0
TOK.US,5,20250929,173000,134.35,134.35,134.35,134.35,100,0
TOK.US,5,20250929,182500,134.345,134.345,134.345,134.345,100,0
TOK.US,5,20250929,193500,134.135,134.135,134.135,134.135,100,0
TOK.US,5,20250929,212000,134.145,134.145,134.145,134.145,100,0
TOK.US,5,20251001,162000,134.87,135.025,134.87,135.025,278,0
TOK.US,5,20251001,175000,135.11,135.265,135.11,135.265,200,0
TOK.US,5,20251001,182500,135.08,135.235,135.08,135.235,268,0
TOK.US,5,20251001,191000,135.15,135.315,135.15,135.315,200,0
TOK.US,5,20251001,194000,135.19,135.19,135.19,135.19,100,0
TOK.US,5,20251001,195000,135.375,135.375,135.375,135.375,100,0
TOK.US,5,20251001,201500,135.39,135.545,135.39,135.545,200,0
TOK.US,5,20251001,211500,135.625,135.625,135.625,135.625,200,0
TOK.US,5,20251001,215500,135.37,135.53,135.37,135.53,268,0
TOK.US,5,20251002,173000,135.4,135.4,135.4,135.4,100,0
TOK.US,5,20251002,191000,135.586,135.586,135.55,135.55,250,0
TOK.US,5,20251002,201000,135.8,135.8,135.8,135.8,100,0
TOK.US,5,20251003,173000,136.34,136.34,136.34,136.34,109,0
TOK.US,5,20251006,201500,136.19,136.19,136.19,136.19,108,0
TOK.US,5,20251006,202500,136.16,136.16,136.16,136.16,105,0
TOK.US,5,20251006,204000,136.13,136.13,136.13,136.13,108,0
TOK.US,5,20251006,204500,136.12,136.12,136.12,136.12,108,0
TOK.US,5,20251006,205000,136.12,136.12,136.12,136.12,110,0
TOK.US,5,20251006,205500,136.09,136.09,136.09,136.09,110,0
TOK.US,5,20251006,211000,136.09,136.09,136.09,136.09,108,0
TOK.US,5,20251006,211500,136.07,136.07,136.07,136.07,105,0
TOK.US,5,20251006,212000,136.01,136.03,136.01,136.03,210,0
TOK.US,5,20251006,213000,136.03,136.03,136.03,136.03,105,0
TOK.US,5,20251006,213500,136.06,136.06,136.06,136.06,100,0
TOK.US,5,20251006,214000,136.06,136.06,136.05,136.05,220,0
TOK.US,5,20251006,215500,136.07,136.19,136.04,136.19,1066,0
TOK.US,5,20251008,153000,135.8,135.8,135.8,135.8,100,0
TOK.US,5,20251008,155500,135.93,135.93,135.93,135.93,100,0
TOK.US,5,20251008,164000,136.01,136.01,136.01,136.01,100,0
TOK.US,5,20251008,174000,136.25,136.25,136.25,136.25,100,0
TOK.US,5,20251008,185000,136.01,136.01,136.01,136.01,100,0
TOK.US,5,20251008,200500,136.225,136.225,136.225,136.225,100,0
TOK.US,5,20251008,211000,136.06,136.06,136.06,136.06,100,0
TOK.US,5,20251008,214000,136.25,136.25,136.25,136.25,100,0
TOK.US,5,20251008,215500,136.15,136.15,136.15,136.15,100,0
TOK.US,5,20251010,164500,136.1899,136.1899,136.1899,136.1899,188,0
TOK.US,5,20251013,164000,133.9,133.9,133.9,133.9,100,0
TOK.US,5,20251013,175000,134.14,134.14,134.14,134.14,200,0
TOK.US,5,20251013,181000,134.17,134.17,134.17,134.17,200,0
TOK.US,5,20251013,184500,134.23,134.23,134.23,134.23,200,0
TOK.US,5,20251014,180000,134.355,134.355,134.355,134.355,100,0
TOK.US,5,20251014,211500,134.9,134.9,134.9,134.9,140,0
TOK.US,5,20251017,164500,133.91,133.91,133.91,133.91,377,0
TOK.US,5,20251020,153000,135.43,135.43,135.43,135.43,100,0
TOK.US,5,20251020,172000,135.82,135.82,135.82,135.82,163,0
TOK.US,5,20251021,172500,136.103,136.103,136.103,136.103,102,0
TOK.US,5,20251021,205500,136.21,136.21,136.2068,136.2068,400,0
TOK.US,5,20251021,210000,136.21,136.21,136.2067,136.2067,1130,0
TOK.US,5,20251022,183000,135.21,135.21,135.21,135.21,100,0
TOK.US,5,20251022,215500,135.4268,135.4268,135.4268,135.4268,148,0
TOK.US,5,20251023,181000,135.81,135.81,135.78,135.78,200,0
TOK.US,5,20251023,213000,136.33,136.33,136.33,136.33,100,0
TOK.US,5,20251024,153500,137.22,137.22,137.22,137.22,150,0
TOK.US,5,20251024,175000,137.03,137.03,137.03,137.03,200,0
TOK.US,5,20251024,215500,136.85,136.85,136.85,136.85,311,0
TOK.US,5,20251027,144500,137.9802,137.9802,137.9802,137.9802,476,0
TOK.US,5,20251027,150000,138.25,138.25,138.25,138.25,150,0
TOK.US,5,20251027,165500,138.085,138.21,138.085,138.21,300,0
TOK.US,5,20251027,202000,138.165,138.25,138.165,138.25,265,0
TOK.US,5,20251027,204500,138.25,138.25,138.25,138.25,200,0
TOK.US,5,20251028,205500,138.38,138.38,138.38,138.38,600,0
TOK.US,5,20251029,145000,138.81,138.81,138.81,138.81,150,0
TOK.US,5,20251029,153500,138.875,138.875,138.875,138.875,100,0
TOK.US,5,20251030,175000,137.815,138.1,137.815,138.1,479,0
TOK.US,5,20251030,205500,137.13,137.13,137.13,137.13,182,0
TOK.US,5,20251103,161500,137.315,137.315,137.315,137.315,307,0
TOK.US,5,20251103,170000,137.405,137.405,137.405,137.405,100,0
TOK.US,5,20251103,173000,137.305,137.305,137.305,137.305,100,0
TOK.US,5,20251103,175000,137.455,137.455,137.455,137.455,100,0
TOK.US,5,20251103,180500,137.545,137.545,137.545,137.545,114,0
TOK.US,5,20251103,184500,137.86,137.86,137.86,137.86,100,0
TOK.US,5,20251103,190000,137.86,137.86,137.86,137.86,100,0
TOK.US,5,20251103,192000,137.89,137.89,137.89,137.89,100,0
TOK.US,5,20251103,193500,137.92,137.92,137.92,137.92,100,0
TOK.US,5,20251103,195000,137.8,137.8,137.8,137.8,100,0
TOK.US,5,20251103,201500,137.78,137.78,137.78,137.78,100,0
TOK.US,5,20251103,203500,137.85,137.85,137.85,137.85,100,0
TOK.US,5,20251103,205000,137.79,137.79,137.79,137.79,100,0
TOK.US,5,20251103,210500,137.81,137.81,137.81,137.81,100,0
TOK.US,5,20251103,212000,137.81,137.81,137.81,137.81,100,0
TOK.US,5,20251103,213500,137.69,137.69,137.69,137.69,100,0
TOK.US,5,20251103,214500,137.73,137.73,137.73,137.73,102,0
TOK.US,5,20251103,215500,137.74,137.79,137.74,137.79,1500,0
TOK.US,5,20251104,161500,136.93,136.93,136.93,136.93,100,0
TOK.US,5,20251104,163500,137.05,137.05,137.05,137.05,100,0
TOK.US,5,20251104,165500,136.84,136.84,136.84,136.84,100,0
TOK.US,5,20251104,171000,136.77,136.77,136.77,136.77,100,0
TOK.US,5,20251104,173000,136.84,136.84,136.84,136.84,100,0
TOK.US,5,20251104,175000,136.77,136.77,136.77,136.77,100,0
TOK.US,5,20251104,181000,136.7,136.7,136.7,136.7,100,0
TOK.US,5,20251104,183000,136.67,136.67,136.67,136.67,100,0
TOK.US,5,20251104,184500,136.6,136.6,136.6,136.6,100,0
TOK.US,5,20251104,190500,136.42,136.42,136.42,136.42,100,0
TOK.US,5,20251104,193500,136.32,136.32,136.32,136.32,114,0
TOK.US,5,20251104,200000,136.53,136.53,136.5299,136.5299,584,0
TOK.US,5,20251104,200500,136.53,136.53,136.53,136.53,100,0
TOK.US,5,20251104,203000,136.2915,136.2915,136.2915,136.2915,150,0
TOK.US,5,20251104,213500,136.5,136.5,136.5,136.5,100,0
TOK.US,5,20251104,215500,136.31,136.37,136.31,136.37,1260,0
TOK.US,5,20251105,162500,136.65,136.65,136.65,136.65,125,0
TOK.US,5,20251105,172000,136.58,136.58,136.5799,136.5799,264,0
TOK.US,5,20251105,173500,136.76,136.76,136.76,136.76,100,0
TOK.US,5,20251106,165000,135.5813,135.5813,135.5813,135.5813,220,0
TOK.US,5,20251106,172500,135.61,135.61,135.61,135.61,200,0
TOK.US,5,20251106,174500,135.39,135.39,135.31,135.31,601,0
TOK.US,5,20251111,184500,137.79,137.79,137.79,137.79,433,0
TOK.US,5,20251112,153500,138.57,138.57,138.57,138.57,100,0
TOK.US,5,20251112,154000,138.6,138.6,138.44,138.44,300,0
TOK.US,5,20251112,163000,138.23,138.23,138.23,138.23,100,0
TOK.US,5,20251112,165500,138.165,138.165,138.165,138.165,100,0
TOK.US,5,20251112,171500,138.09,138.09,138.09,138.09,100,0
TOK.US,5,20251112,174500,138.03,138.03,137.97,137.97,1174,0
TOK.US,5,20251112,181000,138,138,138,138,112,0
TOK.US,5,20251112,185000,138.09,138.29,138.09,138.29,200,0
TOK.US,5,20251112,193500,138.21,138.21,138.21,138.21,214,0
TOK.US,5,20251112,201500,138.05,138.19,138.05,138.19,200,0
TOK.US,5,20251112,211000,137.99,137.99,137.99,137.99,100,0
TOK.US,5,20251112,215000,138.15,138.15,138.15,138.15,100,0
TOK.US,5,20251112,215500,138.18,138.18,138.18,138.18,1000,0
TOK.US,5,20251113,193000,136.335,136.335,136.335,136.335,165,0
TOK.US,5,20251114,155500,135,135,135,135,100,0
TOK.US,5,20251114,172000,136.13,136.13,136.13,136.13,200,0
TOK.US,5,20251117,154000,135.75,135.75,135.75,135.75,176,0
TOK.US,5,20251117,183000,135.98,136.09,135.98,136.09,385,0
TOK.US,5,20251121,170500,131.89,131.99,131.89,131.99,2235,0
TOK.US,5,20251125,193000,136.15,136.15,136.15,136.15,349,0
TOK.US,5,20251126,170000,137.0269,137.0269,137.0269,137.0269,110,0
TOK.US,5,20251126,194000,137.292,137.292,137.292,137.292,138,0
TOK.US,5,20251126,215500,136.55,136.55,136.55,136.55,500,0
TOK.US,5,20251201,205000,137.51,137.51,137.51,137.51,100,0
TOK.US,5,20251201,212000,137.4417,137.4417,137.4417,137.4417,157,0
TOK.US,5,20251201,213500,137.425,137.425,137.425,137.425,110,0
TOK.US,5,20251202,171000,137.75,137.75,137.75,137.75,100,0
TOK.US,5,20251208,191000,138.2268,138.2268,138.2268,138.2268,100,0
TOK.US,5,20251209,181000,138.06,138.06,138.06,138.06,151,0
TOK.US,5,20251210,200000,138.06,138.425,138.06,138.26,688,0
TOK.US,5,20251216,175500,136.85,137.08,136.85,137.08,2489,0
TOK.US,5,20251218,170000,137,137,137,137,135,0
TOK.US,5,20251218,172000,137.06,137.06,137.06,137.06,162,0
TOK.US,5,20251222,153000,138.03,138.09,138.03,138.09,400,0
TOK.US,5,20251222,165500,138.30717,138.30717,138.30717,138.30717,158,0
TOK.US,5,20251222,171000,138.355,138.355,138.355,138.355,100,0
TOK.US,5,20251222,173000,138.22,138.36,138.2,138.36,300,0
TOK.US,5,20251222,180000,138.23,138.39,138.23,138.23,300,0
TOK.US,5,20251222,194000,138.38,138.38,138.38,138.38,100,0
