<TICKER>,<PER>,<DATE>,<TIME>,<OPEN>,<HIGH>,<LOW>,<CLOSE>,<VOL>,<OPENINT>
VEGI.US,5,20250728,153000,40.88,40.88,40.88,40.88,107,0
VEGI.US,5,20250728,155000,40.71,40.7197,40.71,40.7197,1000,0
VEGI.US,5,20250728,162000,40.7,40.7,40.7,40.7,140,0
VEGI.US,5,20250728,163500,40.6432,40.6432,40.6432,40.6432,121,0
VEGI.US,5,20250728,172000,40.6415,40.6415,40.6415,40.6415,120,0
VEGI.US,5,20250728,175000,40.705,40.705,40.705,40.705,100,0
VEGI.US,5,20250728,181500,40.6184,40.6184,40.6184,40.6184,385,0
VEGI.US,5,20250728,182000,40.631,40.631,40.631,40.631,100,0
VEGI.US,5,20250728,195500,40.5845,40.5845,40.5845,40.5845,1231,0
VEGI.US,5,20250728,204500,40.56,40.56,40.56,40.56,100,0
VEGI.US,5,20250728,212500,40.56,40.56,40.56,40.56,100,0
VEGI.US,5,20250728,215000,40.58,40.6046,40.58,40.6046,259,0
VEGI.US,5,20250728,215500,40.63,40.63,40.63,40.63,100,0
VEGI.US,5,20250729,153000,40.53,40.53,40.53,40.53,100,0
VEGI.US,5,20250729,160000,40.545,40.545,40.545,40.545,448,0
VEGI.US,5,20250729,162000,40.55,40.55,40.55,40.55,875,0
VEGI.US,5,20250729,164000,40.57,40.57,40.57,40.57,100,0
VEGI.US,5,20250729,172500,40.475,40.4857,40.475,40.4857,421,0
VEGI.US,5,20250729,180500,40.4497,40.4497,40.44,40.44,530,0
VEGI.US,5,20250729,190500,40.415,40.415,40.39,40.39,200,0
VEGI.US,5,20250729,194000,40.38,40.38,40.38,40.38,100,0
VEGI.US,5,20250729,200000,40.405,40.405,40.39,40.39,417,0
VEGI.US,5,20250729,210500,40.485,40.485,40.485,40.485,100,0
VEGI.US,5,20250729,215500,40.55,40.66,40.55,40.66,1090,0
VEGI.US,5,20250730,153500,40.45,40.45,40.43,40.4444,460,0
VEGI.US,5,20250730,160500,40.45,40.45,40.45,40.45,133,0
VEGI.US,5,20250730,162000,40.45,40.45,40.45,40.45,111,0
VEGI.US,5,20250730,173000,40.38,40.38,40.38,40.38,100,0
VEGI.US,5,20250730,215500,40.31,40.31,40.31,40.31,100,0
VEGI.US,5,20250731,163500,40.61,40.61,40.56,40.56,400,0
VEGI.US,5,20250731,165000,40.4903,40.4903,40.4903,40.4903,116,0
VEGI.US,5,20250731,180000,40.5435,40.5435,40.5435,40.5435,115,0
VEGI.US,5,20250731,180500,40.54,40.54,40.54,40.54,100,0
VEGI.US,5,20250731,181500,40.5365,40.5365,40.5365,40.5365,150,0
VEGI.US,5,20250731,192000,40.63,40.63,40.63,40.63,400,0
VEGI.US,5,20250731,201500,40.5,40.5,40.5,40.5,200,0
VEGI.US,5,20250731,212500,40.55,40.55,40.55,40.55,100,0
VEGI.US,5,20250731,213000,40.54,40.54,40.54,40.54,602,0
VEGI.US,5,20250731,213500,40.55,40.55,40.55,40.55,900,0
VEGI.US,5,20250801,173500,39.9938,39.9938,39.9938,39.9938,272,0
VEGI.US,5,20250801,183500,39.925,39.925,39.925,39.925,300,0
VEGI.US,5,20250801,195500,39.69,39.69,39.69,39.69,100,0
VEGI.US,5,20250801,201500,39.73,39.73,39.73,39.73,197,0
VEGI.US,5,20250801,210000,39.750244,39.750244,39.750244,39.750244,173,0
VEGI.US,5,20250801,212500,39.78,39.78,39.78,39.78,175,0
VEGI.US,5,20250801,214500,39.81,39.81,39.81,39.81,300,0
VEGI.US,5,20250804,154500,39.92,39.9309,39.92,39.9309,233,0
VEGI.US,5,20250804,155000,40.04,40.04,40.04,40.04,300,0
VEGI.US,5,20250804,161000,40.07,40.07,40.07,40.07,300,0
VEGI.US,5,20250804,161500,40.07,40.07,40.07,40.07,248,0
VEGI.US,5,20250804,163000,40.13,40.13,40.13,40.13,295,0
VEGI.US,5,20250804,163500,40.085,40.085,40.05,40.05,300,0
VEGI.US,5,20250804,171000,40.13,40.13,40.13,40.13,200,0
VEGI.US,5,20250804,173500,40.16,40.16,40.16,40.16,200,0
VEGI.US,5,20250804,174000,40.14,40.15,40.14,40.15,200,0
VEGI.US,5,20250804,180500,40.16,40.16,40.16,40.16,200,0
VEGI.US,5,20250804,181500,40.1303,40.1303,40.1303,40.1303,495,0
VEGI.US,5,20250804,183000,40.18,40.18,40.18,40.18,200,0
VEGI.US,5,20250804,184000,40.17,40.17,40.17,40.17,250,0
VEGI.US,5,20250804,191500,40.24,40.24,40.24,40.24,300,0
VEGI.US,5,20250804,192500,40.195,40.195,40.195,40.195,100,0
VEGI.US,5,20250804,200000,40.19,40.19,40.19,40.19,298,0
VEGI.US,5,20250804,202000,40.17,40.17,40.17,40.17,100,0
VEGI.US,5,20250804,204500,40.21,40.21,40.21,40.21,250,0
VEGI.US,5,20250804,211500,40.22,40.22,40.22,40.22,282,0
VEGI.US,5,20250804,214500,40.24,40.24,40.24,40.24,215,0
VEGI.US,5,20250804,215000,40.25,40.25,40.25,40.25,550,0
VEGI.US,5,20250804,215500,40.25,40.25,40.25,40.25,956,0
VEGI.US,5,20250805,155000,40.4274,40.4274,40.4274,40.4274,120,0
VEGI.US,5,20250805,160000,40.3,40.3,40.3,40.3,600,0
VEGI.US,5,20250805,161000,40.2691,40.2691,40.2691,40.2691,305,0
VEGI.US,5,20250805,163000,40.2299,40.2299,40.2299,40.2299,126,0
VEGI.US,5,20250805,163500,40.15,40.15,40.15,40.15,100,0
VEGI.US,5,20250805,174500,40.26,40.26,40.26,40.26,100,0
VEGI.US,5,20250805,175500,40.2668,40.2668,40.2668,40.2668,600,0
VEGI.US,5,20250805,180000,40.23,40.23,40.23,40.23,100,0
VEGI.US,5,20250805,182000,40.23,40.23,40.23,40.23,100,0
VEGI.US,5,20250805,183500,40.22,40.22,40.1564,40.1564,348,0
VEGI.US,5,20250805,191500,40.25,40.25,40.25,40.25,100,0
VEGI.US,5,20250805,194000,40.27,40.27,40.27,40.27,100,0
VEGI.US,5,20250805,195000,40.3105,40.3105,40.3105,40.3105,325,0
VEGI.US,5,20250805,200500,40.26,40.26,40.26,40.26,100,0
VEGI.US,5,20250805,201000,40.26,40.26,40.26,40.26,100,0
VEGI.US,5,20250805,205500,40.21,40.21,40.21,40.21,100,0
VEGI.US,5,20250805,212500,40.24,40.24,40.24,40.24,100,0
VEGI.US,5,20250805,213500,40.3362,40.3362,40.3362,40.3362,100,0
VEGI.US,5,20250805,214500,40.25,40.25,40.25,40.25,100,0
VEGI.US,5,20250805,215500,40.26,40.26,40.26,40.26,649,0
VEGI.US,5,20250806,153000,40.17,40.23,40.17,40.23,300,0
VEGI.US,5,20250806,153500,40.26,40.26,40.21,40.235,701,0
VEGI.US,5,20250806,154000,40.23,40.27,40.23,40.26,646,0
VEGI.US,5,20250806,154500,40.22,40.22,40.22,40.22,100,0
VEGI.US,5,20250806,155000,40.2,40.24,40.2,40.24,959,0
VEGI.US,5,20250806,155500,40.24,40.24,40.23,40.23,441,0
VEGI.US,5,20250806,160000,40.23,40.23,40.23,40.23,200,0
VEGI.US,5,20250806,160500,40.19,40.195,40.17,40.18,557,0
VEGI.US,5,20250806,161000,40.17,40.2,40.16,40.18,1437,0
VEGI.US,5,20250806,161500,40.14,40.14,40.14,40.14,200,0
VEGI.US,5,20250806,162000,40.175,40.185,40.12,40.12,730,0
VEGI.US,5,20250806,162500,40.13,40.155,40.13,40.15,530,0
VEGI.US,5,20250806,163000,40.12,40.13,40.11,40.11,300,0
VEGI.US,5,20250806,163500,40.135,40.135,40.09,40.09,530,0
VEGI.US,5,20250806,164000,40.13,40.135,40.11,40.12,530,0
VEGI.US,5,20250806,164500,40.15,40.15,40.15,40.15,100,0
VEGI.US,5,20250806,165000,40.14,40.17,40.14,40.17,994,0
VEGI.US,5,20250806,170000,40.23,40.23,40.23,40.23,200,0
VEGI.US,5,20250806,170500,40.24,40.24,40.23,40.23,500,0
VEGI.US,5,20250806,171000,40.18,40.19,40.18,40.19,340,0
VEGI.US,5,20250806,171500,40.17,40.2016,40.17,40.2016,250,0
VEGI.US,5,20250806,172000,40.19,40.205,40.19,40.19,430,0
VEGI.US,5,20250806,172500,40.205,40.205,40.205,40.205,100,0
VEGI.US,5,20250806,173000,40.215,40.22,40.215,40.22,300,0
VEGI.US,5,20250806,174000,40.215,40.215,40.21,40.21,329,0
VEGI.US,5,20250806,174500,40.22,40.22,40.215,40.215,764,0
VEGI.US,5,20250806,175000,40.22,40.285,40.215,40.285,1754,0
VEGI.US,5,20250806,180000,40.255,40.255,40.22,40.22,330,0
VEGI.US,5,20250806,181000,40.185,40.185,40.185,40.185,230,0
VEGI.US,5,20250806,181500,40.19,40.19,40.19,40.19,100,0
VEGI.US,5,20250806,182500,40.175,40.175,40.175,40.175,229,0
VEGI.US,5,20250806,183500,40.165,40.165,40.165,40.165,330,0
VEGI.US,5,20250806,184000,40.16,40.16,40.16,40.16,126,0
VEGI.US,5,20250806,184500,40.13,40.13,40.13,40.13,130,0
VEGI.US,5,20250806,185000,40.125,40.13,40.1,40.13,674,0
VEGI.US,5,20250806,185500,40.12,40.12,40.12,40.12,200,0
VEGI.US,5,20250806,190000,40.12,40.13,40.11,40.11,434,0
VEGI.US,5,20250806,190500,40.11,40.12,40.11,40.11,678,0
VEGI.US,5,20250806,191000,40.11,40.11,40.105,40.105,200,0
VEGI.US,5,20250806,191500,40.105,40.105,40.05,40.05,330,0
VEGI.US,5,20250806,192000,40.05,40.05,40.05,40.05,200,0
VEGI.US,5,20250806,192500,40.05,40.07,40.05,40.05,429,0
VEGI.US,5,20250806,193000,40.07,40.07,40.07,40.07,100,0
VEGI.US,5,20250806,193500,40.09,40.09,40.085,40.085,368,0
VEGI.US,5,20250806,194500,40.085,40.085,40.075,40.075,251,0
VEGI.US,5,20250806,195000,40.07,40.07,40.06,40.06,200,0
VEGI.US,5,20250806,195500,40.06,40.06,40.06,40.06,200,0
VEGI.US,5,20250806,200000,40.07,40.07,40.06,40.07,430,0
VEGI.US,5,20250806,200500,40.06,40.06,40.06,40.06,100,0
VEGI.US,5,20250806,201000,40.06,40.07,40.06,40.07,530,0
VEGI.US,5,20250806,201500,40.06,40.06,40.06,40.06,200,0
VEGI.US,5,20250806,202000,40.065,40.065,40.05,40.06,2400,0
VEGI.US,5,20250806,202500,40.07,40.08,40.07,40.08,368,0
VEGI.US,5,20250806,203000,40.05,40.06,40.05,40.06,700,0
VEGI.US,5,20250806,203500,40.05,40.05,40.05,40.05,230,0
VEGI.US,5,20250806,204000,40.04,40.05,40.04,40.05,200,0
VEGI.US,5,20250806,204500,40.04,40.05,40.04,40.05,329,0
VEGI.US,5,20250806,205000,40.04,40.05,40.04,40.04,551,0
VEGI.US,5,20250806,205500,40.04,40.04,40.04,40.04,870,0
VEGI.US,5,20250806,210000,40.035,40.035,40.03,40.03,330,0
VEGI.US,5,20250806,210500,40.03,40.03,40.03,40.03,200,0
VEGI.US,5,20250806,211000,40.03,40.035,40.03,40.03,642,0
VEGI.US,5,20250806,211500,40.03,40.03,40.03,40.03,200,0
VEGI.US,5,20250806,212000,40.04,40.04,40.04,40.04,240,0
VEGI.US,5,20250806,213000,40.06,40.08,40.06,40.06,851,0
VEGI.US,5,20250806,213500,40.08,40.08,40.06,40.075,1565,0
VEGI.US,5,20250806,214000,40.06,40.075,40.06,40.06,2081,0
VEGI.US,5,20250806,214500,40.06,40.065,40.04,40.045,1790,0
VEGI.US,5,20250806,215000,40.04,40.04,40,40.025,8133,0
VEGI.US,5,20250806,215500,40.03,40.045,39.99,40,5976,0
VEGI.US,5,20250807,153000,40.02,40.03,39.9348,39.9348,531,0
VEGI.US,5,20250807,153500,39.8994,39.8994,39.8994,39.8994,366,0
VEGI.US,5,20250807,154000,39.79,39.805,39.79,39.805,600,0
VEGI.US,5,20250807,154500,39.77,39.77,39.77,39.77,200,0
VEGI.US,5,20250807,155000,39.77,39.79,39.76,39.79,535,0
VEGI.US,5,20250807,155500,39.805,39.825,39.805,39.825,2036,0
VEGI.US,5,20250807,161000,39.72,39.72,39.72,39.72,436,0
VEGI.US,5,20250807,161500,39.75,39.755,39.75,39.755,1000,0
VEGI.US,5,20250807,162000,39.69,39.69,39.69,39.69,400,0
VEGI.US,5,20250807,162500,39.74,39.74,39.74,39.74,242,0
VEGI.US,5,20250807,163000,39.69,39.76,39.68,39.7,585,0
VEGI.US,5,20250807,163500,39.72,39.735,39.72,39.735,400,0
VEGI.US,5,20250807,164000,39.72,39.72,39.72,39.72,100,0
VEGI.US,5,20250807,164500,39.69,39.69,39.66,39.66,400,0
VEGI.US,5,20250807,165000,39.65,39.66,39.65,39.66,300,0
VEGI.US,5,20250807,165500,39.66,39.67,39.65,39.67,700,0
VEGI.US,5,20250807,170000,39.67,39.71,39.67,39.71,874,0
VEGI.US,5,20250807,170500,39.66,39.66,39.65,39.65,300,0
VEGI.US,5,20250807,171000,39.7,39.7,39.65,39.6928,894,0
VEGI.US,5,20250807,171500,39.68,39.685,39.67,39.685,2291,0
VEGI.US,5,20250807,172000,39.685,39.7184,39.685,39.7184,2750,0
VEGI.US,5,20250807,173000,39.7198,39.7198,39.7198,39.7198,1000,0
VEGI.US,5,20250807,173500,39.705,39.705,39.705,39.705,521,0
VEGI.US,5,20250807,174000,39.71,39.72,39.71,39.72,602,0
VEGI.US,5,20250807,174500,39.7,39.715,39.7,39.715,1337,0
VEGI.US,5,20250807,175000,39.72,39.75,39.72,39.7405,402,0
VEGI.US,5,20250807,180000,39.77,39.77,39.77,39.77,100,0
VEGI.US,5,20250807,180500,39.785,39.795,39.785,39.795,511,0
VEGI.US,5,20250807,181000,39.79,39.79,39.79,39.79,100,0
VEGI.US,5,20250807,182000,39.795,39.795,39.795,39.795,937,0
VEGI.US,5,20250807,182500,39.795,39.795,39.795,39.795,500,0
VEGI.US,5,20250807,183000,39.835,39.835,39.835,39.835,100,0
VEGI.US,5,20250807,183500,39.78,39.78,39.78,39.78,200,0
VEGI.US,5,20250807,184000,39.75,39.75,39.75,39.75,100,0
VEGI.US,5,20250807,184500,39.73,39.73,39.73,39.73,300,0
VEGI.US,5,20250807,185000,39.765,39.765,39.74,39.765,1936,0
VEGI.US,5,20250807,190000,39.76,39.76,39.76,39.76,307,0
VEGI.US,5,20250807,191000,39.74,39.74,39.74,39.74,236,0
VEGI.US,5,20250807,192000,39.745,39.745,39.745,39.745,287,0
VEGI.US,5,20250807,192500,39.755,39.755,39.755,39.755,936,0
VEGI.US,5,20250807,193500,39.76,39.76,39.745,39.745,1134,0
VEGI.US,5,20250807,194000,39.745,39.745,39.745,39.745,237,0
VEGI.US,5,20250807,195000,39.745,39.745,39.745,39.745,500,0
VEGI.US,5,20250807,200000,39.755,39.7575,39.755,39.7575,937,0
VEGI.US,5,20250807,201000,39.75,39.75,39.75,39.75,602,0
VEGI.US,5,20250807,201500,39.755,39.77,39.75,39.77,2522,0
VEGI.US,5,20250807,202500,39.75,39.775,39.75,39.775,700,0
VEGI.US,5,20250807,203500,39.785,39.785,39.785,39.785,503,0
VEGI.US,5,20250807,204500,39.785,39.785,39.785,39.785,202,0
VEGI.US,5,20250807,205000,39.785,39.785,39.785,39.785,500,0
VEGI.US,5,20250807,205500,39.785,39.785,39.785,39.785,236,0
VEGI.US,5,20250807,210500,39.785,39.785,39.785,39.785,100,0
VEGI.US,5,20250807,211000,39.77,39.77,39.77,39.77,101,0
VEGI.US,5,20250807,211500,39.73,39.73,39.73,39.73,200,0
VEGI.US,5,20250807,212000,39.73,39.765,39.73,39.765,1508,0
VEGI.US,5,20250807,213000,39.775,39.785,39.775,39.785,1274,0
VEGI.US,5,20250807,213500,39.79,39.795,39.79,39.79,300,0
VEGI.US,5,20250807,214000,39.79,39.79,39.785,39.785,1377,0
VEGI.US,5,20250807,214500,39.795,39.8,39.795,39.795,800,0
VEGI.US,5,20250807,215000,39.8,39.81,39.79,39.79,2400,0
VEGI.US,5,20250807,215500,39.815,39.87,39.815,39.87,1146,0
VEGI.US,5,20250808,154500,40,40,40,40,185,0
VEGI.US,5,20250808,170000,40.14,40.14,40.14,40.14,200,0
VEGI.US,5,20250808,170500,40.0682,40.0682,40.0682,40.0682,128,0
VEGI.US,5,20250808,172500,40.0183,40.0183,40.0183,40.0183,122,0
VEGI.US,5,20250808,201500,40.04,40.04,40.03,40.03,500,0
VEGI.US,5,20250808,202000,40.041,40.07,40.04,40.05,1000,0
VEGI.US,5,20250808,215000,39.955,39.975,39.955,39.975,4266,0
VEGI.US,5,20250808,215500,39.975,39.975,39.931,39.931,311,0
VEGI.US,5,20250811,153000,40.02,40.06,40.01,40.06,600,0
VEGI.US,5,20250811,154000,40.1405,40.1405,40.1405,40.1405,600,0
VEGI.US,5,20250811,165000,39.89,39.9,39.88,39.9,1300,0
VEGI.US,5,20250811,172500,39.89,39.89,39.89,39.89,272,0
VEGI.US,5,20250811,173500,39.8112,39.8112,39.8112,39.8112,419,0
VEGI.US,5,20250811,174500,39.8288,39.8288,39.8288,39.8288,100,0
VEGI.US,5,20250811,183500,39.8901,39.8901,39.8901,39.8901,107,0
VEGI.US,5,20250811,194000,39.91,39.91,39.91,39.91,127,0
VEGI.US,5,20250811,200500,39.97,39.97,39.97,39.97,187,0
VEGI.US,5,20250811,203500,40,40,40,40,300,0
VEGI.US,5,20250811,204000,40.01,40.0119,39.971,40.0119,9000,0
VEGI.US,5,20250811,213000,40.045,40.045,40.045,40.045,214,0
VEGI.US,5,20250812,170000,40.225,40.225,40.225,40.225,100,0
VEGI.US,5,20250812,173500,40.27,40.27,40.27,40.27,100,0
VEGI.US,5,20250812,174000,40.32,40.32,40.32,40.32,124,0
VEGI.US,5,20250812,211000,40.06,40.06,40.06,40.06,100,0
VEGI.US,5,20250812,214500,40.055,40.055,40.055,40.055,100,0
VEGI.US,5,20250813,154500,40.115,40.115,40.115,40.115,100,0
VEGI.US,5,20250813,162000,40.28,40.28,40.28,40.28,200,0
VEGI.US,5,20250813,172500,40.31,40.31,40.2685,40.2685,1500,0
VEGI.US,5,20250813,175000,40.26,40.26,40.26,40.26,100,0
VEGI.US,5,20250813,180000,40.3199,40.32,40.22,40.32,496,0
VEGI.US,5,20250813,184500,40.3376,40.3376,40.3376,40.3376,234,0
VEGI.US,5,20250813,205000,40.3888,40.3888,40.3888,40.3888,370,0
VEGI.US,5,20250813,211000,40.41,40.41,40.41,40.41,1000,0
VEGI.US,5,20250813,214000,40.58,40.58,40.58,40.58,200,0
VEGI.US,5,20250813,214500,40.57,40.63,40.53,40.63,1399,0
VEGI.US,5,20250814,153000,39.73,39.73,39.72,39.72,377,0
VEGI.US,5,20250814,153500,39.6,39.6,39.6,39.6,308,0
VEGI.US,5,20250814,162500,39.475,39.475,39.475,39.475,100,0
VEGI.US,5,20250814,164000,39.4401,39.4401,39.4401,39.4401,135,0
VEGI.US,5,20250814,164500,39.4983,39.4983,39.4983,39.4983,150,0
VEGI.US,5,20250814,174500,39.3801,39.3801,39.3801,39.3801,200,0
VEGI.US,5,20250814,180500,39.488,39.488,39.488,39.488,1100,0
VEGI.US,5,20250814,183000,39.4448,39.4448,39.4448,39.4448,489,0
VEGI.US,5,20250814,185000,39.48,39.48,39.48,39.48,100,0
VEGI.US,5,20250814,194000,39.54,39.54,39.54,39.54,399,0
VEGI.US,5,20250814,200000,39.57,39.57,39.57,39.57,100,0
VEGI.US,5,20250815,154500,39.7715,39.7715,39.7715,39.7715,250,0
VEGI.US,5,20250815,160500,39.671,39.6711,39.671,39.6711,745,0
VEGI.US,5,20250815,171000,39.84,39.84,39.8,39.8,6902,0
VEGI.US,5,20250815,172500,39.785,39.785,39.751,39.751,200,0
VEGI.US,5,20250815,173000,39.76,39.76,39.76,39.76,100,0
VEGI.US,5,20250815,173500,39.805,39.805,39.805,39.805,100,0
VEGI.US,5,20250815,174500,39.805,39.805,39.805,39.805,100,0
VEGI.US,5,20250815,175000,39.85,39.85,39.85,39.85,100,0
VEGI.US,5,20250815,175500,39.86,39.86,39.86,39.86,100,0
VEGI.US,5,20250815,180500,39.87,39.87,39.87,39.87,100,0
VEGI.US,5,20250815,182500,39.9337,39.9337,39.9337,39.9337,400,0
VEGI.US,5,20250815,183000,39.9014,39.94,39.9014,39.94,25400,0
VEGI.US,5,20250815,202000,39.9499,39.9499,39.9499,39.9499,1169,0
VEGI.US,5,20250815,203000,39.905,39.905,39.905,39.905,6000,0
VEGI.US,5,20250815,205000,39.94,39.94,39.94,39.94,100,0
VEGI.US,5,20250818,154500,39.92,39.92,39.92,39.92,100,0
VEGI.US,5,20250818,155000,39.97,39.97,39.97,39.97,109,0
VEGI.US,5,20250818,160000,40,40,40,40,100,0
VEGI.US,5,20250818,162000,39.9708,39.9708,39.9708,39.9708,100,0
VEGI.US,5,20250818,172500,39.9487,39.9487,39.9487,39.9487,536,0
VEGI.US,5,20250818,181000,39.94,39.94,39.94,39.94,100,0
VEGI.US,5,20250818,190500,40.0299,40.0299,40.0299,40.0299,200,0
VEGI.US,5,20250818,191500,39.98,39.98,39.95,39.95,200,0
VEGI.US,5,20250818,194500,39.8801,39.8801,39.8801,39.8801,275,0
VEGI.US,5,20250818,200000,39.925,39.925,39.925,39.925,197,0
VEGI.US,5,20250818,210000,39.8608,39.8608,39.8608,39.8608,150,0
VEGI.US,5,20250819,164500,40.22,40.22,40.22,40.22,100,0
VEGI.US,5,20250819,170500,40.14,40.14,40.09,40.09,5989,0
VEGI.US,5,20250819,180500,40.02,40.02,40.02,40.02,100,0
VEGI.US,5,20250819,192500,40.03,40.03,40.03,40.03,100,0
VEGI.US,5,20250819,201000,39.985,39.985,39.985,39.985,250,0
VEGI.US,5,20250819,205000,39.975,40.0099,39.9401,40.0099,1898,0
VEGI.US,5,20250819,205500,40.0299,40.0299,39.9501,39.9501,788,0
VEGI.US,5,20250819,210000,39.9701,39.9938,39.9701,39.9938,371,0
VEGI.US,5,20250819,211500,39.98,39.98,39.98,39.98,100,0
VEGI.US,5,20250819,215500,40,40.03,40,40.03,262,0
VEGI.US,5,20250820,161500,40.225,40.225,40.225,40.225,242,0
VEGI.US,5,20250820,163500,40.2,40.21,40.11,40.21,2275,0
VEGI.US,5,20250820,165000,40.21,40.21,40.206,40.206,900,0
VEGI.US,5,20250820,185000,40.22,40.22,40.21,40.2101,7300,0
VEGI.US,5,20250820,185500,40.2787,40.2787,40.2787,40.2787,125,0
VEGI.US,5,20250820,190500,40.2939,40.2939,40.2939,40.2939,177,0
VEGI.US,5,20250820,201500,40.1969,40.1969,40.1969,40.1969,124,0
VEGI.US,5,20250820,213500,40.2562,40.2562,40.2562,40.2562,110,0
VEGI.US,5,20250820,214000,40.2603,40.27,40.2603,40.27,279,0
VEGI.US,5,20250820,215500,40.26,40.26,40.26,40.26,103,0
VEGI.US,5,20250821,155000,40.1409,40.1409,40.1409,40.1409,200,0
VEGI.US,5,20250821,170500,40.145,40.145,40.145,40.145,100,0
VEGI.US,5,20250821,172500,40.1554,40.1554,40.1554,40.1554,100,0
VEGI.US,5,20250821,193500,40.17,40.17,40.17,40.17,260,0
VEGI.US,5,20250821,194000,40.1813,40.1813,40.1813,40.1813,115,0
VEGI.US,5,20250821,202500,40.24,40.24,40.24,40.24,100,0
VEGI.US,5,20250821,212500,40.2618,40.2618,40.2618,40.2618,216,0
VEGI.US,5,20250821,215500,40.21,40.21,40.21,40.21,110,0
VEGI.US,5,20250822,153500,40.4806,40.4806,40.4806,40.4806,150,0
VEGI.US,5,20250822,163500,40.75,40.75,40.75,40.75,100,0
VEGI.US,5,20250822,164000,40.76,40.76,40.76,40.76,100,0
VEGI.US,5,20250822,165000,40.83,40.83,40.8299,40.8299,300,0
VEGI.US,5,20250822,165500,40.8087,40.8087,40.8087,40.8087,500,0
VEGI.US,5,20250822,171500,40.79,40.79,40.79,40.79,100,0
VEGI.US,5,20250822,172500,40.84,40.84,40.84,40.84,175,0
VEGI.US,5,20250822,173500,40.86,40.86,40.86,40.86,100,0
VEGI.US,5,20250822,174000,40.86,40.86,40.86,40.86,252,0
VEGI.US,5,20250822,175500,40.86,40.86,40.86,40.86,196,0
VEGI.US,5,20250822,191000,40.92,40.92,40.92,40.92,100,0
VEGI.US,5,20250822,195000,40.85,40.85,40.85,40.85,2179,0
VEGI.US,5,20250822,204000,40.82,40.83,40.82,40.83,200,0
VEGI.US,5,20250822,205000,40.83,40.83,40.83,40.83,100,0
VEGI.US,5,20250822,212500,40.85,40.85,40.85,40.85,123,0
VEGI.US,5,20250822,215500,40.85,40.85,40.85,40.85,154,0
VEGI.US,5,20250825,153000,40.91,40.91,40.91,40.91,243,0
VEGI.US,5,20250825,154000,40.8,40.845,40.8,40.845,496,0
VEGI.US,5,20250825,154500,40.87,40.87,40.87,40.87,225,0
VEGI.US,5,20250825,155000,40.85,40.85,40.85,40.85,200,0
VEGI.US,5,20250825,155500,40.795,40.795,40.795,40.795,200,0
VEGI.US,5,20250825,160000,40.76,40.76,40.76,40.76,200,0
VEGI.US,5,20250825,160500,40.81,40.81,40.81,40.81,200,0
VEGI.US,5,20250825,161000,40.8,40.8,40.8,40.8,200,0
VEGI.US,5,20250825,161500,40.83,40.83,40.83,40.83,200,0
VEGI.US,5,20250825,162000,40.835,40.87,40.835,40.87,1793,0
VEGI.US,5,20250825,162500,40.835,40.835,40.835,40.835,200,0
VEGI.US,5,20250825,163000,40.855,40.855,40.855,40.855,199,0
VEGI.US,5,20250825,163500,40.875,40.875,40.875,40.875,100,0
VEGI.US,5,20250825,164000,40.875,40.875,40.875,40.875,200,0
VEGI.US,5,20250825,165000,40.865,40.865,40.865,40.865,200,0
VEGI.US,5,20250825,165500,40.84,40.84,40.84,40.84,200,0
VEGI.US,5,20250825,170000,40.82,40.82,40.82,40.82,300,0
VEGI.US,5,20250825,170500,40.855,40.855,40.855,40.855,100,0
VEGI.US,5,20250825,171000,40.84,40.84,40.84,40.84,100,0
VEGI.US,5,20250825,172000,40.84,40.87,40.84,40.87,1755,0
VEGI.US,5,20250825,172500,40.81,40.84,40.81,40.84,321,0
VEGI.US,5,20250825,173000,40.84,40.84,40.84,40.84,163,0
VEGI.US,5,20250825,173500,40.94,40.94,40.94,40.94,192,0
VEGI.US,5,20250825,175000,40.82,40.82,40.82,40.82,200,0
VEGI.US,5,20250825,175500,40.83,40.83,40.83,40.83,100,0
VEGI.US,5,20250825,180000,40.835,40.835,40.835,40.835,100,0
VEGI.US,5,20250825,180500,40.835,40.835,40.835,40.835,200,0
VEGI.US,5,20250825,181000,40.835,40.835,40.835,40.835,100,0
VEGI.US,5,20250825,181500,40.835,40.835,40.835,40.835,109,0
VEGI.US,5,20250825,182000,40.835,40.835,40.835,40.835,126,0
VEGI.US,5,20250825,182500,40.86,40.86,40.86,40.86,194,0
VEGI.US,5,20250825,183500,40.88,40.9,40.88,40.9,200,0
VEGI.US,5,20250825,184500,40.86,40.86,40.85,40.85,300,0
VEGI.US,5,20250825,185000,40.93,40.93,40.93,40.93,100,0
VEGI.US,5,20250825,185500,40.86,40.86,40.86,40.86,100,0
VEGI.US,5,20250825,190000,40.89,40.89,40.89,40.89,102,0
VEGI.US,5,20250825,191000,40.9,40.9,40.9,40.9,300,0
VEGI.US,5,20250825,191500,40.904,40.904,40.904,40.904,121,0
VEGI.US,5,20250825,192500,40.8573,40.8573,40.85,40.85,238,0
VEGI.US,5,20250825,193500,40.85,40.88,40.85,40.88,400,0
VEGI.US,5,20250825,195000,40.885,40.885,40.885,40.885,196,0
VEGI.US,5,20250825,200500,40.85,40.85,40.85,40.85,100,0
VEGI.US,5,20250825,202000,40.86,40.86,40.86,40.86,100,0
VEGI.US,5,20250825,203500,40.83,40.83,40.7932,40.83,582,0
VEGI.US,5,20250825,204000,40.84,40.84,40.8,40.81,425,0
VEGI.US,5,20250825,204500,40.84,40.84,40.84,40.84,188,0
VEGI.US,5,20250825,205000,40.84,40.84,40.84,40.84,190,0
VEGI.US,5,20250825,210500,40.8,40.8,40.8,40.8,200,0
VEGI.US,5,20250825,211000,40.8,40.815,40.8,40.815,200,0
VEGI.US,5,20250825,211500,40.775,40.775,40.775,40.775,200,0
VEGI.US,5,20250825,212000,40.78,40.78,40.78,40.78,100,0
VEGI.US,5,20250825,212500,40.795,40.795,40.795,40.795,468,0
VEGI.US,5,20250825,213000,40.77,40.77,40.77,40.77,100,0
VEGI.US,5,20250825,214000,40.76,40.76,40.76,40.76,300,0
VEGI.US,5,20250825,214500,40.76,40.76,40.76,40.76,179,0
VEGI.US,5,20250825,215000,40.76,40.76,40.76,40.76,419,0
VEGI.US,5,20250825,215500,40.79,40.79,40.71,40.71,1576,0
VEGI.US,5,20250826,162500,40.615,40.615,40.615,40.615,147,0
VEGI.US,5,20250826,170500,40.495,40.495,40.495,40.495,129,0
VEGI.US,5,20250826,173000,40.401,40.401,40.3801,40.401,400,0
VEGI.US,5,20250826,184500,40.4549,40.4549,40.4549,40.4549,454,0
VEGI.US,5,20250826,190000,40.49,40.49,40.49,40.49,107,0
VEGI.US,5,20250826,192500,40.47,40.47,40.47,40.47,140,0
VEGI.US,5,20250826,211000,40.575,40.575,40.575,40.575,100,0
VEGI.US,5,20250826,215000,40.6251,40.6251,40.6251,40.6251,140,0
VEGI.US,5,20250827,154000,40.4501,40.4501,40.4501,40.4501,215,0
VEGI.US,5,20250827,175000,40.5827,40.5827,40.5827,40.5827,200,0
VEGI.US,5,20250827,185500,40.637,40.637,40.637,40.637,165,0
VEGI.US,5,20250827,202500,40.71,40.71,40.6728,40.6728,524,0
VEGI.US,5,20250827,203000,40.71,40.71,40.71,40.71,245,0
VEGI.US,5,20250827,204000,40.675,40.675,40.675,40.675,245,0
VEGI.US,5,20250827,211500,40.725,40.725,40.725,40.725,100,0
VEGI.US,5,20250827,215000,40.815,40.8299,40.7517,40.7517,5119,0
VEGI.US,5,20250828,154500,40.61,40.61,40.61,40.61,200,0
VEGI.US,5,20250828,172000,40.48,40.5,40.47,40.5,600,0
VEGI.US,5,20250828,174000,40.52,40.5894,40.49,40.5894,411,0
VEGI.US,5,20250828,175500,40.52,40.52,40.52,40.52,209,0
VEGI.US,5,20250828,185000,40.595,40.595,40.595,40.595,120,0
VEGI.US,5,20250828,193000,40.595,40.595,40.595,40.595,100,0
VEGI.US,5,20250829,153000,40.49,40.55,40.49,40.55,500,0
VEGI.US,5,20250829,153500,40.53,40.55,40.52,40.52,800,0
VEGI.US,5,20250829,154000,40.58,40.64,40.58,40.64,1050,0
VEGI.US,5,20250829,154500,40.66,40.68,40.64,40.665,2475,0
VEGI.US,5,20250829,155000,40.665,40.665,40.635,40.635,500,0
VEGI.US,5,20250829,155500,40.66,40.66,40.61,40.64,1122,0
VEGI.US,5,20250829,171000,40.375,40.375,40.375,40.375,624,0
VEGI.US,5,20250829,173000,40.3946,40.4037,40.3946,40.4037,1055,0
VEGI.US,5,20250829,182000,40.3804,40.3804,40.3804,40.3804,170,0
VEGI.US,5,20250829,185500,40.38,40.38,40.3264,40.3264,346,0
VEGI.US,5,20250829,192000,40.27,40.27,40.27,40.27,300,0
VEGI.US,5,20250829,215000,40.3889,40.3889,40.3889,40.3889,140,0
VEGI.US,5,20250829,215500,40.36,40.36,40.36,40.36,134,0
VEGI.US,5,20250902,153000,40.07,40.07,40.07,40.07,200,0
VEGI.US,5,20250902,154500,40.02,40.02,40.02,40.02,100,0
VEGI.US,5,20250902,160500,40.2759,40.2759,40.2759,40.2759,202,0
VEGI.US,5,20250902,161000,40.21,40.21,40.21,40.21,100,0
VEGI.US,5,20250902,162500,40.165,40.165,40.165,40.165,100,0
VEGI.US,5,20250902,164500,40.08,40.08,40.08,40.08,100,0
VEGI.US,5,20250902,165000,40.1799,40.1799,40.1799,40.1799,500,0
VEGI.US,5,20250902,170500,40.085,40.085,40.085,40.085,370,0
VEGI.US,5,20250902,173500,40.03,40.03,40.03,40.03,100,0
VEGI.US,5,20250902,174000,40.03,40.03,40.03,40.03,100,0
VEGI.US,5,20250902,180000,40.02,40.02,40.02,40.02,200,0
VEGI.US,5,20250902,185000,39.97,39.98,39.97,39.98,400,0
VEGI.US,5,20250902,191000,39.94,39.94,39.94,39.94,100,0
VEGI.US,5,20250902,193000,40,40,40,40,432,0
VEGI.US,5,20250902,194000,39.9601,39.9601,39.9601,39.9601,549,0
VEGI.US,5,20250902,213500,40.034,40.034,40.034,40.034,600,0
VEGI.US,5,20250902,215000,40.055,40.055,40.02,40.02,360,0
VEGI.US,5,20250903,160000,39.8455,39.8455,39.8455,39.8455,100,0
VEGI.US,5,20250903,163000,39.85,39.9,39.83,39.9,5044,0
VEGI.US,5,20250903,163500,39.9,39.91,39.85,39.85,1700,0
VEGI.US,5,20250903,164000,39.91,39.91,39.9,39.9,700,0
VEGI.US,5,20250903,164500,39.9,39.91,39.9,39.9,2800,0
VEGI.US,5,20250903,165000,39.9,39.91,39.9,39.9,2500,0
VEGI.US,5,20250903,165500,39.9,39.91,39.9,39.9,800,0
VEGI.US,5,20250903,170000,39.89,39.89,39.89,39.89,300,0
VEGI.US,5,20250903,171000,39.89,39.89,39.89,39.89,200,0
VEGI.US,5,20250903,171500,39.885,39.885,39.885,39.885,700,0
VEGI.US,5,20250903,172000,39.88,39.88,39.88,39.88,1600,0
VEGI.US,5,20250903,172500,39.88,39.88,39.845,39.88,3075,0
VEGI.US,5,20250903,173000,39.8893,39.89,39.88,39.88,3279,0
VEGI.US,5,20250903,174000,39.88,39.8996,39.87,39.87,700,0
VEGI.US,5,20250903,175500,39.89,39.89,39.89,39.89,1000,0
VEGI.US,5,20250903,180000,39.89,39.9,39.89,39.89,1800,0
VEGI.US,5,20250903,181500,39.89,39.89,39.89,39.89,200,0
VEGI.US,5,20250903,182000,39.8573,39.8573,39.8573,39.8573,151,0
VEGI.US,5,20250903,182500,39.9,39.9,39.88,39.88,3200,0
VEGI.US,5,20250903,183500,39.88,39.88,39.88,39.88,100,0
VEGI.US,5,20250903,184000,39.88,39.89,39.88,39.88,2300,0
VEGI.US,5,20250903,192000,39.8725,39.8725,39.8725,39.8725,100,0
VEGI.US,5,20250903,194500,39.89,39.89,39.89,39.89,700,0
VEGI.US,5,20250903,195000,39.89,39.89,39.89,39.89,1000,0
VEGI.US,5,20250903,195500,39.8,39.825,39.8,39.825,2151,0
VEGI.US,5,20250903,205500,39.89,39.89,39.835,39.835,7300,0
VEGI.US,5,20250903,212000,39.81,39.81,39.81,39.81,100,0
VEGI.US,5,20250903,215000,39.87,39.87,39.87,39.87,700,0
VEGI.US,5,20250903,215500,39.89,39.89,39.83,39.869,5582,0
VEGI.US,5,20250904,153500,39.6409,39.6409,39.6409,39.6409,126,0
VEGI.US,5,20250904,154000,39.69,39.69,39.69,39.69,503,0
VEGI.US,5,20250904,154500,39.7072,39.7072,39.7072,39.7072,260,0
VEGI.US,5,20250904,155000,39.75,39.75,39.75,39.75,200,0
VEGI.US,5,20250904,155500,39.746,39.746,39.746,39.746,378,0
VEGI.US,5,20250904,163000,39.755,39.755,39.75,39.75,1000,0
VEGI.US,5,20250904,164500,39.8,39.81,39.8,39.81,297,0
VEGI.US,5,20250904,190500,39.7581,39.7581,39.7581,39.7581,1255,0
VEGI.US,5,20250904,191000,39.6682,39.6682,39.6682,39.6682,255,0
VEGI.US,5,20250904,193500,39.705,39.705,39.705,39.705,100,0
VEGI.US,5,20250904,195000,39.7107,39.76,39.7107,39.76,2870,0
VEGI.US,5,20250904,203000,39.74,39.74,39.6806,39.6806,200,0
VEGI.US,5,20250904,203500,39.73,39.73,39.73,39.73,100,0
VEGI.US,5,20250904,204000,39.73,39.75,39.73,39.75,400,0
VEGI.US,5,20250904,204500,39.75,39.76,39.75,39.76,200,0
VEGI.US,5,20250904,205000,39.75,39.75,39.75,39.75,200,0
VEGI.US,5,20250904,205500,39.75,39.75,39.75,39.75,300,0
VEGI.US,5,20250904,210500,39.7769,39.7769,39.7769,39.7769,227,0
VEGI.US,5,20250904,211000,39.8,39.8,39.8,39.8,1000,0
VEGI.US,5,20250905,153500,40.11,40.135,40.1,40.135,400,0
VEGI.US,5,20250905,154000,40.25,40.25,40.25,40.25,200,0
VEGI.US,5,20250905,154500,40.22,40.22,40.22,40.22,100,0
VEGI.US,5,20250905,155000,40.22,40.22,40.22,40.22,100,0
VEGI.US,5,20250905,155500,40.13,40.15,40.13,40.15,200,0
VEGI.US,5,20250905,160000,40.15,40.15,40.11,40.15,300,0
VEGI.US,5,20250905,160500,40.13,40.18,40.11,40.11,400,0
VEGI.US,5,20250905,161000,40.09,40.09,40.05,40.05,300,0
VEGI.US,5,20250905,161500,40.03,40.03,39.97,39.97,400,0
VEGI.US,5,20250905,162000,40.03,40.03,39.95,39.95,400,0
VEGI.US,5,20250905,162500,39.93,39.93,39.89,39.89,300,0
VEGI.US,5,20250905,163000,39.89,39.89,39.89,39.89,400,0
VEGI.US,5,20250905,163500,39.85,39.88,39.84,39.88,426,0
VEGI.US,5,20250905,164000,39.84,39.84,39.81,39.81,300,0
VEGI.US,5,20250905,164500,39.84,39.8694,39.81,39.865,600,0
VEGI.US,5,20250905,165000,39.8,39.8,39.8,39.8,100,0
VEGI.US,5,20250905,165500,39.83,39.83,39.82,39.82,444,0
VEGI.US,5,20250905,170000,39.83,39.875,39.83,39.875,200,0
VEGI.US,5,20250905,170500,39.85,39.85,39.84,39.84,300,0
VEGI.US,5,20250905,171000,39.8788,39.8788,39.78,39.8,468,0
VEGI.US,5,20250905,171500,39.82,39.85,39.81,39.81,300,0
VEGI.US,5,20250905,172000,39.81,39.81,39.81,39.81,399,0
VEGI.US,5,20250905,172500,39.81,39.885,39.81,39.885,300,0
VEGI.US,5,20250905,173000,39.85,39.85,39.85,39.85,498,0
VEGI.US,5,20250905,173500,39.85,39.85,39.85,39.85,100,0
VEGI.US,5,20250905,174000,39.85,39.88,39.85,39.88,499,0
VEGI.US,5,20250905,174500,39.87,39.87,39.87,39.87,299,0
VEGI.US,5,20250905,175000,39.87,39.87,39.87,39.87,500,0
VEGI.US,5,20250905,175500,39.915,39.915,39.87,39.87,643,0
VEGI.US,5,20250905,184000,39.95,39.95,39.95,39.95,200,0
VEGI.US,5,20250905,184500,39.9641,39.9641,39.9641,39.9641,125,0
VEGI.US,5,20250905,193000,39.85,39.85,39.85,39.85,250,0
VEGI.US,5,20250905,201500,39.94,39.94,39.94,39.94,200,0
VEGI.US,5,20250905,211500,39.9279,39.9279,39.9279,39.9279,429,0
VEGI.US,5,20250905,212500,40.02,40.02,40.02,40.02,555,0
VEGI.US,5,20250905,215000,39.89,39.9028,39.89,39.9028,397,0
VEGI.US,5,20250908,154500,40.03,40.03,40.03,40.03,200,0
VEGI.US,5,20250908,170500,40.0815,40.0815,40.0815,40.0815,100,0
VEGI.US,5,20250908,172000,40.02,40.03,40.02,40.03,300,0
VEGI.US,5,20250908,192000,40,40,40,40,106,0
VEGI.US,5,20250908,202500,40.0091,40.0091,40.0091,40.0091,154,0
VEGI.US,5,20250908,204500,40.13,40.13,40.13,40.13,100,0
VEGI.US,5,20250908,214000,40.17,40.17,40.17,40.17,485,0
VEGI.US,5,20250908,214500,40.191,40.191,40.191,40.191,740,0
VEGI.US,5,20250909,154000,40.175,40.175,40.175,40.175,150,0
VEGI.US,5,20250909,162000,39.9789,39.99,39.89,39.89,1195,0
VEGI.US,5,20250909,163500,39.96,39.98,39.96,39.98,700,0
VEGI.US,5,20250909,172000,39.9799,39.9799,39.9799,39.9799,375,0
VEGI.US,5,20250909,184000,39.955,39.955,39.955,39.955,989,0
VEGI.US,5,20250909,192500,39.98,39.98,39.98,39.98,101,0
VEGI.US,5,20250909,210000,40.07,40.07,40.07,40.07,200,0
VEGI.US,5,20250909,215500,39.98,39.98,39.98,39.98,100,0
VEGI.US,5,20250910,153000,39.92,40.095,39.92,40.05,650,0
VEGI.US,5,20250910,160500,40.12,40.12,40.12,40.12,100,0
VEGI.US,5,20250910,163000,40.0211,40.0211,40.0211,40.0211,800,0
VEGI.US,5,20250910,165500,39.955,39.955,39.955,39.955,200,0
VEGI.US,5,20250910,171000,39.91,39.91,39.91,39.91,100,0
VEGI.US,5,20250910,173500,39.93,39.93,39.93,39.93,100,0
VEGI.US,5,20250910,174000,39.95,39.9711,39.94,39.9711,300,0
VEGI.US,5,20250910,185500,39.91,39.91,39.91,39.91,100,0
VEGI.US,5,20250910,190000,39.93,39.96,39.93,39.96,1000,0
VEGI.US,5,20250910,192500,39.9272,39.9272,39.9272,39.9272,230,0
VEGI.US,5,20250910,194000,39.96,39.96,39.96,39.96,294,0
VEGI.US,5,20250910,201500,39.93,39.93,39.93,39.93,100,0
VEGI.US,5,20250910,205000,39.96,39.96,39.96,39.96,100,0
VEGI.US,5,20250910,205500,39.96,39.96,39.96,39.96,200,0
VEGI.US,5,20250910,210000,39.96,39.96,39.96,39.96,200,0
VEGI.US,5,20250910,210500,39.96,39.96,39.96,39.96,300,0
VEGI.US,5,20250910,211000,39.95,39.95,39.95,39.95,200,0
VEGI.US,5,20250910,211500,39.95,39.95,39.95,39.95,200,0
VEGI.US,5,20250910,212000,39.93,39.93,39.93,39.93,200,0
VEGI.US,5,20250910,212500,39.91,39.91,39.91,39.91,200,0
VEGI.US,5,20250910,213000,39.91,39.91,39.91,39.91,400,0
VEGI.US,5,20250910,213500,39.91,39.91,39.91,39.91,200,0
VEGI.US,5,20250910,214000,39.9,39.9,39.9,39.9,200,0
VEGI.US,5,20250910,214500,39.91,39.91,39.91,39.91,375,0
VEGI.US,5,20250910,215000,39.91,39.91,39.91,39.91,200,0
VEGI.US,5,20250910,215500,39.91,39.945,39.9,39.91,1100,0
VEGI.US,5,20250911,163000,40.14,40.24,40.1304,40.24,1724,0
VEGI.US,5,20250911,163500,40.14,40.24,40.14,40.24,1700,0
VEGI.US,5,20250911,174000,40.2869,40.2869,40.2869,40.2869,300,0
VEGI.US,5,20250911,181500,40.2513,40.37,40.2513,40.37,580,0
VEGI.US,5,20250911,185500,40.3186,40.3186,40.3186,40.3186,108,0
VEGI.US,5,20250911,202500,40.2601,40.2601,40.2601,40.2601,140,0
VEGI.US,5,20250911,203000,40.2501,40.2501,40.2501,40.2501,130,0
VEGI.US,5,20250911,215000,40.3774,40.3774,40.3774,40.3774,200,0
VEGI.US,5,20250911,215500,40.39,40.39,40.39,40.39,110,0
VEGI.US,5,20250912,153500,40.1,40.1,40.1,40.1,100,0
VEGI.US,5,20250912,154500,40.09,40.09,40.085,40.085,900,0
VEGI.US,5,20250912,155000,40.1178,40.1178,40.1178,40.1178,373,0
VEGI.US,5,20250912,171000,40.07,40.07,40.07,40.07,100,0
VEGI.US,5,20250912,173500,40.04,40.04,40.04,40.04,1000,0
VEGI.US,5,20250912,174000,40,40.01,40,40,20729,0
VEGI.US,5,20250912,175500,39.985,39.985,39.9501,39.9501,615,0
VEGI.US,5,20250912,185500,40.04,40.04,40.04,40.04,136,0
VEGI.US,5,20250912,200500,40.025,40.025,40.025,40.025,100,0
VEGI.US,5,20250912,203000,40.09,40.09,40.0899,40.0899,350,0
VEGI.US,5,20250912,204000,40.07,40.07,40.07,40.07,100,0
VEGI.US,5,20250912,210000,40.0585,40.0585,40.0585,40.0585,133,0
VEGI.US,5,20250912,210500,40.02,40.02,40.02,40.02,100,0
VEGI.US,5,20250912,214000,39.995,39.995,39.995,39.995,288,0
VEGI.US,5,20250912,215500,40.211,40.211,40.19,40.19,400,0
VEGI.US,5,20250915,153000,40.2,40.2,40.2,40.2,166,0
VEGI.US,5,20250915,153500,39.99,39.99,39.86,39.86,13049,0
VEGI.US,5,20250915,154000,39.85,39.895,39.85,39.85,960,0
VEGI.US,5,20250915,155000,39.92,39.9291,39.92,39.9291,350,0
VEGI.US,5,20250915,160500,39.8302,39.8302,39.8302,39.8302,200,0
VEGI.US,5,20250915,162500,39.89,39.95,39.89,39.95,200,0
VEGI.US,5,20250915,163000,39.945,39.945,39.945,39.945,100,0
VEGI.US,5,20250915,163500,39.9222,39.9222,39.9222,39.9222,424,0
VEGI.US,5,20250915,170000,39.92,39.98,39.92,39.98,200,0
VEGI.US,5,20250915,172000,39.9,39.9,39.9,39.9,100,0
VEGI.US,5,20250915,172500,39.84,39.84,39.84,39.84,100,0
VEGI.US,5,20250915,173000,39.875,39.875,39.875,39.875,200,0
VEGI.US,5,20250915,173500,39.84,39.84,39.84,39.84,100,0
VEGI.US,5,20250915,180000,39.865,39.865,39.865,39.865,100,0
VEGI.US,5,20250915,180500,39.82,39.865,39.82,39.865,200,0
VEGI.US,5,20250915,181500,39.93,39.93,39.9299,39.9299,800,0
VEGI.US,5,20250915,182000,39.885,39.885,39.885,39.885,100,0
VEGI.US,5,20250915,182500,39.89,39.89,39.89,39.89,100,0
VEGI.US,5,20250915,183500,39.959,39.959,39.85,39.9,300,0
VEGI.US,5,20250915,184500,39.8501,39.905,39.8501,39.905,400,0
VEGI.US,5,20250915,192000,39.8162,39.9091,39.8162,39.9091,314,0
VEGI.US,5,20250915,193500,39.88,39.94,39.88,39.94,200,0
VEGI.US,5,20250915,194000,39.915,39.915,39.915,39.915,110,0
VEGI.US,5,20250915,195000,39.9,39.9,39.9,39.9,100,0
VEGI.US,5,20250915,200500,39.9,39.9,39.9,39.9,100,0
VEGI.US,5,20250915,203500,39.89,39.89,39.89,39.89,100,0
VEGI.US,5,20250915,211000,39.845,39.845,39.81,39.81,1075,0
VEGI.US,5,20250915,213500,39.86,39.86,39.86,39.86,100,0
VEGI.US,5,20250915,215000,39.81,39.81,39.81,39.81,250,0
VEGI.US,5,20250915,215500,39.81,39.845,39.81,39.845,292,0
VEGI.US,5,20250916,153000,39.81,39.81,39.81,39.81,100,0
VEGI.US,5,20250916,161000,39.74,39.74,39.74,39.74,116,0
VEGI.US,5,20250916,162000,39.74,39.74,39.74,39.74,100,0
VEGI.US,5,20250916,162500,39.75,39.75,39.75,39.75,200,0
VEGI.US,5,20250916,163000,39.75,39.75,39.75,39.75,117,0
VEGI.US,5,20250916,175500,39.72,39.75,39.71,39.71,300,0
VEGI.US,5,20250916,180000,39.77,39.77,39.77,39.77,100,0
VEGI.US,5,20250916,194500,39.82,39.82,39.82,39.82,100,0
VEGI.US,5,20250916,205500,39.97,39.97,39.97,39.97,200,0
VEGI.US,5,20250916,214500,39.9642,39.9642,39.9642,39.9642,118,0
VEGI.US,5,20250916,215000,39.96,39.96,39.96,39.96,146,0
VEGI.US,5,20250916,215500,39.93,39.93,39.93,39.93,130,0
VEGI.US,5,20250917,160500,40.081,40.124,40.081,40.124,1000,0
VEGI.US,5,20250917,161000,40.0951,40.0951,40.0951,40.0951,130,0
VEGI.US,5,20250917,162500,40.12,40.12,40.12,40.12,100,0
VEGI.US,5,20250917,170500,40.1225,40.1225,40.1225,40.1225,100,0
VEGI.US,5,20250917,171500,40.1,40.1,40.1,40.1,198,0
VEGI.US,5,20250917,174500,40.04,40.04,40.04,40.04,100,0
VEGI.US,5,20250917,211000,39.7201,39.7201,39.7201,39.7201,457,0
VEGI.US,5,20250917,215000,39.8108,39.8108,39.8108,39.8108,200,0
VEGI.US,5,20250917,215500,39.82,39.82,39.82,39.82,123,0
VEGI.US,5,20250918,153000,39.86,39.96,39.86,39.96,3549,0
VEGI.US,5,20250918,172000,39.8797,39.8797,39.8797,39.8797,250,0
VEGI.US,5,20250918,190000,39.97,39.97,39.97,39.97,400,0
VEGI.US,5,20250918,191000,40,40,40,40,100,0
VEGI.US,5,20250918,192000,40.001,40.001,40.001,40.001,374,0
VEGI.US,5,20250918,195000,40.032,40.032,40.032,40.032,735,0
VEGI.US,5,20250918,210500,39.972,39.972,39.972,39.972,163,0
VEGI.US,5,20250918,215000,39.9511,39.9511,39.9511,39.9511,145,0
VEGI.US,5,20250918,215500,39.97,39.97,39.97,39.97,111,0
VEGI.US,5,20250919,155500,39.85,39.85,39.85,39.85,217,0
VEGI.US,5,20250919,162000,39.87,39.87,39.87,39.87,374,0
VEGI.US,5,20250919,190000,39.7404,39.7404,39.7404,39.7404,342,0
VEGI.US,5,20250919,203500,39.7499,39.7499,39.7499,39.7499,162,0
VEGI.US,5,20250919,211500,39.7912,39.7912,39.7912,39.7912,500,0
VEGI.US,5,20250919,214000,39.7801,39.7801,39.7801,39.7801,122,0
VEGI.US,5,20250922,153000,39.61,39.61,39.61,39.61,200,0
VEGI.US,5,20250922,154500,39.53,39.53,39.49,39.4912,3569,0
VEGI.US,5,20250922,162500,39.4008,39.4008,39.4008,39.4008,500,0
VEGI.US,5,20250922,172000,39.4,39.4,39.4,39.4,100,0
VEGI.US,5,20250922,174000,39.37,39.37,39.37,39.37,219,0
VEGI.US,5,20250922,174500,39.4244,39.4244,39.4244,39.4244,380,0
VEGI.US,5,20250922,181500,39.3501,39.3501,39.3501,39.3501,150,0
VEGI.US,5,20250922,211500,39.585,39.585,39.585,39.585,500,0
VEGI.US,5,20250922,215000,39.51,39.51,39.51,39.51,146,0
VEGI.US,5,20250922,215500,39.46,39.46,39.46,39.46,157,0
VEGI.US,5,20250923,153000,39.5,39.5,39.5,39.5,100,0
VEGI.US,5,20250923,153500,39.5,39.5,39.5,39.5,877,0
VEGI.US,5,20250923,155500,39.82,39.88,39.82,39.8738,3599,0
VEGI.US,5,20250923,161000,39.85,39.85,39.85,39.85,100,0
VEGI.US,5,20250923,165500,39.8444,39.8444,39.8444,39.8444,287,0
VEGI.US,5,20250923,181500,39.67,39.68,39.67,39.68,395,0
VEGI.US,5,20250923,182000,39.68,39.68,39.68,39.68,200,0
VEGI.US,5,20250923,184500,39.66,39.66,39.66,39.66,113,0
VEGI.US,5,20250923,193000,39.618,39.618,39.618,39.618,500,0
VEGI.US,5,20250923,193500,39.6499,39.6499,39.6499,39.6499,200,0
VEGI.US,5,20250923,195000,39.5977,39.5977,39.5977,39.5977,100,0
VEGI.US,5,20250923,215000,39.64,39.64,39.64,39.64,100,0
VEGI.US,5,20250924,153500,39.65,39.65,39.65,39.65,146,0
VEGI.US,5,20250924,161000,39.786,39.786,39.786,39.786,100,0
VEGI.US,5,20250924,161500,39.78,39.78,39.78,39.78,100,0
VEGI.US,5,20250924,163000,39.8898,39.8898,39.8898,39.8898,100,0
VEGI.US,5,20250924,163500,39.8548,39.8548,39.8548,39.8548,100,0
VEGI.US,5,20250924,173000,39.8123,39.8123,39.8123,39.8123,376,0
VEGI.US,5,20250924,175000,39.86,39.86,39.86,39.86,114,0
VEGI.US,5,20250924,195500,39.72,39.72,39.72,39.72,550,0
VEGI.US,5,20250924,202000,39.6983,39.6983,39.6983,39.6983,500,0
VEGI.US,5,20250924,212000,39.66,39.66,39.66,39.66,600,0
VEGI.US,5,20250924,215000,39.68,39.68,39.68,39.68,287,0
VEGI.US,5,20250925,153000,39.61,39.61,39.61,39.61,400,0
VEGI.US,5,20250925,155500,39.66,39.84,39.66,39.71,2100,0
VEGI.US,5,20250925,170000,39.67,39.67,39.67,39.67,100,0
VEGI.US,5,20250925,190000,39.21,39.21,39.21,39.21,100,0
VEGI.US,5,20250925,193000,39.2632,39.2632,39.2632,39.2632,100,0
VEGI.US,5,20250925,203000,39.24,39.24,39.24,39.24,100,0
VEGI.US,5,20250925,213500,39.25,39.25,39.25,39.25,133,0
VEGI.US,5,20250925,215500,39.25,39.25,39.25,39.25,100,0
VEGI.US,5,20250926,154500,39.39,39.39,39.39,39.39,254,0
VEGI.US,5,20250926,155000,39.35,39.35,39.35,39.35,200,0
VEGI.US,5,20250926,163000,39.29,39.29,39.29,39.29,100,0
VEGI.US,5,20250926,170000,39.305,39.305,39.305,39.305,1500,0
VEGI.US,5,20250926,174500,39.375,39.375,39.375,39.375,100,0
VEGI.US,5,20250926,202500,39.395,39.395,39.395,39.395,350,0
VEGI.US,5,20250926,214000,39.3902,39.43,39.37,39.37,1000,0
VEGI.US,5,20250926,215000,39.471,39.471,39.471,39.471,150,0
VEGI.US,5,20250929,153000,39.605,39.62,39.6,39.6,1000,0
VEGI.US,5,20250929,153500,39.55,39.55,39.5197,39.5197,900,0
VEGI.US,5,20250929,154000,39.52,39.52,39.515,39.515,700,0
VEGI.US,5,20250929,154500,39.515,39.52,39.515,39.515,800,0
VEGI.US,5,20250929,155000,39.515,39.52,39.515,39.515,700,0
VEGI.US,5,20250929,155500,39.515,39.515,39.46,39.51,939,0
VEGI.US,5,20250929,160000,39.51,39.51,39.485,39.51,700,0
VEGI.US,5,20250929,160500,39.485,39.51,39.485,39.51,1300,0
VEGI.US,5,20250929,161000,39.495,39.52,39.495,39.52,700,0
VEGI.US,5,20250929,161500,39.52,39.52,39.495,39.52,600,0
VEGI.US,5,20250929,162000,39.55,39.55,39.535,39.535,600,0
VEGI.US,5,20250929,162500,39.545,39.58,39.525,39.535,500,0
VEGI.US,5,20250929,165500,39.6,39.6,39.6,39.6,376,0
VEGI.US,5,20250929,172500,39.46,39.55,39.45,39.55,859,0
VEGI.US,5,20250929,183000,39.4704,39.4704,39.4704,39.4704,200,0
VEGI.US,5,20250929,185500,39.4336,39.4336,39.4336,39.4336,550,0
VEGI.US,5,20250929,192500,39.425,39.425,39.425,39.425,100,0
VEGI.US,5,20250929,203000,39.4423,39.4423,39.4423,39.4423,195,0
VEGI.US,5,20250929,213500,39.425,39.425,39.425,39.425,150,0
VEGI.US,5,20250929,215000,39.4145,39.43,39.39,39.39,3697,0
VEGI.US,5,20250930,181500,39.22,39.22,39.22,39.22,300,0
VEGI.US,5,20250930,185500,39.2215,39.2215,39.2215,39.2215,220,0
VEGI.US,5,20250930,203000,39.154,39.154,39.154,39.154,200,0
VEGI.US,5,20250930,214000,39.175,39.175,39.175,39.175,276,0
VEGI.US,5,20251001,153000,39.25,39.32,39.24,39.32,2149,0
VEGI.US,5,20251001,153500,39.17,39.17,39.17,39.17,1500,0
VEGI.US,5,20251001,154000,39.2,39.2,39.2,39.2,100,0
VEGI.US,5,20251001,155000,39.0616,39.0616,39.0616,39.0616,1500,0
VEGI.US,5,20251001,161000,39.06,39.06,39.06,39.06,429,0
VEGI.US,5,20251001,162500,38.99,38.99,38.99,38.99,100,0
VEGI.US,5,20251001,175000,38.9142,38.9142,38.9142,38.9142,300,0
VEGI.US,5,20251001,195500,38.745,38.7677,38.721,38.7677,1321,0
VEGI.US,5,20251001,200500,38.775,38.775,38.775,38.775,229,0
VEGI.US,5,20251001,202000,38.7608,38.7608,38.7608,38.7608,305,0
VEGI.US,5,20251001,215000,38.705,38.7481,38.705,38.7481,228,0
VEGI.US,5,20251001,215500,38.7,38.7,38.7,38.7,166,0
VEGI.US,5,20251002,155500,39.17,39.21,39.16,39.21,407,0
VEGI.US,5,20251002,160000,39.14,39.14,39.14,39.14,100,0
VEGI.US,5,20251002,162500,38.9911,38.9911,38.9911,38.9911,100,0
VEGI.US,5,20251002,170000,39.08,39.08,39.08,39.08,200,0
VEGI.US,5,20251002,183000,39,39.11,39,39.11,1100,0
VEGI.US,5,20251002,191500,39,39,39,39,300,0
VEGI.US,5,20251002,210500,39.12,39.12,39.12,39.12,100,0
VEGI.US,5,20251002,214000,39.12,39.1999,39.12,39.1652,1600,0
VEGI.US,5,20251002,215000,39.219,39.219,39.2112,39.2112,252,0
VEGI.US,5,20251002,215500,39.1585,39.24,39.1585,39.24,261,0
VEGI.US,5,20251003,155500,39.41,39.41,39.41,39.41,100,0
VEGI.US,5,20251003,161000,39.3872,39.3872,39.3872,39.3872,102,0
VEGI.US,5,20251003,163000,39.39,39.39,39.39,39.39,600,0
VEGI.US,5,20251003,163500,39.38,39.38,39.37,39.37,450,0
VEGI.US,5,20251003,165500,39.38,39.45,39.371,39.45,707,0
VEGI.US,5,20251003,173500,39.39,39.39,39.39,39.39,1364,0
VEGI.US,5,20251003,191000,39.4,39.4001,39.4,39.4001,200,0
VEGI.US,5,20251003,195000,39.4166,39.4166,39.4166,39.4166,100,0
VEGI.US,5,20251003,212000,39.43,39.43,39.43,39.43,170,0
VEGI.US,5,20251003,215000,39.3913,39.4479,39.3913,39.4479,283,0
VEGI.US,5,20251003,215500,39.38,39.42,39.375,39.42,300,0
VEGI.US,5,20251006,162500,39.44,39.44,39.44,39.44,200,0
VEGI.US,5,20251006,163500,39.49,39.51,39.49,39.51,2000,0
VEGI.US,5,20251006,170500,39.52,39.52,39.39,39.5001,75057,0
VEGI.US,5,20251006,174000,39.44,39.44,39.44,39.44,200,0
VEGI.US,5,20251006,180000,39.39,39.39,39.39,39.39,100,0
VEGI.US,5,20251006,183000,39.39,39.39,39.39,39.39,158,0
VEGI.US,5,20251006,191500,39.385,39.3871,39.385,39.3871,550,0
VEGI.US,5,20251006,194000,39.3507,39.42,39.3501,39.3885,1482,0
VEGI.US,5,20251006,194500,39.385,39.385,39.385,39.385,100,0
VEGI.US,5,20251006,200000,39.385,39.385,39.385,39.385,220,0
VEGI.US,5,20251006,200500,39.4,39.4,39.4,39.4,100,0
VEGI.US,5,20251006,201000,39.3801,39.3801,39.3801,39.3801,100,0
VEGI.US,5,20251006,203000,39.38,39.38,39.38,39.38,100,0
VEGI.US,5,20251006,204500,39.37,39.37,39.37,39.37,100,0
VEGI.US,5,20251006,212000,39.36,39.36,39.36,39.36,100,0
VEGI.US,5,20251006,214500,39.34,39.39,39.34,39.39,623,0
VEGI.US,5,20251006,215500,39.415,39.415,39.36,39.36,300,0
VEGI.US,5,20251007,153000,39.52,39.52,39.52,39.52,200,0
VEGI.US,5,20251007,160000,39.441,39.441,39.441,39.441,126,0
VEGI.US,5,20251007,164000,39.47,39.47,39.47,39.47,314,0
VEGI.US,5,20251007,165500,39.5416,39.5416,39.5416,39.5416,100,0
VEGI.US,5,20251007,172000,39.61,39.61,39.61,39.61,281,0
VEGI.US,5,20251007,175000,39.54,39.5799,39.54,39.5799,400,0
VEGI.US,5,20251007,191500,39.53,39.53,39.53,39.53,200,0
VEGI.US,5,20251007,213500,39.517,39.517,39.48,39.48,1277,0
VEGI.US,5,20251007,214000,39.5,39.5,39.5,39.5,400,0
VEGI.US,5,20251007,215000,39.4654,39.4654,39.46,39.46,208,0
VEGI.US,5,20251007,215500,39.495,39.505,39.495,39.5,458,0
VEGI.US,5,20251008,161500,39.45,39.45,39.45,39.45,494,0
VEGI.US,5,20251008,163000,39.4299,39.4299,39.4,39.4,564,0
VEGI.US,5,20251008,182000,39.5,39.51,39.5,39.51,1464,0
VEGI.US,5,20251008,185000,39.5157,39.5157,39.5157,39.5157,108,0
VEGI.US,5,20251008,185500,39.54,39.54,39.54,39.54,130,0
VEGI.US,5,20251008,191500,39.535,39.535,39.535,39.535,114,0
VEGI.US,5,20251008,202500,39.335,39.335,39.335,39.335,100,0
VEGI.US,5,20251008,213000,39.21,39.21,39.21,39.21,112,0
VEGI.US,5,20251008,215000,39.29,39.3423,39.29,39.3423,353,0
VEGI.US,5,20251008,215500,39.325,39.33,39.285,39.33,3056,0
VEGI.US,5,20251009,153500,39.57,39.57,39.57,39.57,200,0
VEGI.US,5,20251009,160000,39.33,39.33,39.33,39.33,174,0
VEGI.US,5,20251009,161000,39.2913,39.2913,39.2913,39.2913,117,0
VEGI.US,5,20251009,161500,39.31,39.31,39.31,39.31,100,0
VEGI.US,5,20251009,163000,39.22,39.22,39.211,39.2112,1061,0
VEGI.US,5,20251009,175500,39.25,39.25,39.2427,39.2427,518,0
VEGI.US,5,20251009,185000,39.205,39.205,39.205,39.205,120,0
VEGI.US,5,20251009,191000,39.09,39.09,39.09,39.09,500,0
VEGI.US,5,20251009,192000,39.095,39.095,39.095,39.095,133,0
VEGI.US,5,20251009,205500,38.985,38.985,38.985,38.985,100,0
VEGI.US,5,20251009,210500,39.0082,39.0082,39.0082,39.0082,120,0
VEGI.US,5,20251009,212500,39.01,39.01,39.01,39.01,200,0
VEGI.US,5,20251010,153000,38.922,38.934,38.922,38.93,400,0
VEGI.US,5,20251010,153500,38.93,38.93,38.9044,38.9044,300,0
VEGI.US,5,20251010,154500,38.9485,38.9485,38.9485,38.9485,133,0
VEGI.US,5,20251010,155000,38.93,38.93,38.93,38.93,100,0
VEGI.US,5,20251010,161500,39.01,39.01,39.01,39.01,200,0
VEGI.US,5,20251010,163000,38.96,38.995,38.96,38.995,1503,0
VEGI.US,5,20251010,164000,38.99,38.99,38.99,38.99,100,0
VEGI.US,5,20251010,164500,38.9936,39.005,38.97,39,2290,0
VEGI.US,5,20251010,165000,39.01,39.01,38.99,38.99,200,0
VEGI.US,5,20251010,165500,38.98,38.98,38.98,38.98,100,0
VEGI.US,5,20251010,171000,38.65,38.65,38.65,38.65,100,0
VEGI.US,5,20251010,171500,38.62,38.62,38.54,38.54,308,0
VEGI.US,5,20251010,172000,38.52,38.52,38.52,38.52,100,0
VEGI.US,5,20251010,172500,38.5379,38.5379,38.51,38.51,210,0
VEGI.US,5,20251010,173000,38.51,38.51,38.51,38.51,116,0
VEGI.US,5,20251010,173500,38.43,38.475,38.43,38.475,289,0
VEGI.US,5,20251010,174000,38.31,38.445,38.31,38.445,400,0
VEGI.US,5,20251010,175500,38.31,38.3678,38.31,38.3678,300,0
VEGI.US,5,20251010,180000,38.375,38.375,38.375,38.375,300,0
VEGI.US,5,20251010,181000,38.39,38.39,38.39,38.39,100,0
VEGI.US,5,20251010,182000,38.35,38.42,38.35,38.42,200,0
VEGI.US,5,20251010,182500,38.39,38.39,38.39,38.39,100,0
VEGI.US,5,20251010,183000,38.4,38.4,38.4,38.4,100,0
VEGI.US,5,20251010,183500,38.425,38.425,38.425,38.425,100,0
VEGI.US,5,20251010,184000,38.37,38.37,38.37,38.37,100,0
VEGI.US,5,20251010,185000,38.35,38.42,38.35,38.385,1780,0
VEGI.US,5,20251010,185500,38.38,38.38,38.38,38.38,100,0
VEGI.US,5,20251010,190000,38.3545,38.3545,38.3545,38.3545,200,0
VEGI.US,5,20251010,190500,38.355,38.355,38.355,38.355,200,0
VEGI.US,5,20251010,192000,38.36,38.36,38.36,38.36,100,0
VEGI.US,5,20251010,192500,38.35,38.35,38.35,38.35,100,0
VEGI.US,5,20251010,193000,38.36,38.38,38.36,38.38,300,0
VEGI.US,5,20251010,194500,38.39,38.39,38.39,38.39,100,0
VEGI.US,5,20251010,195500,38.37,38.37,38.37,38.37,200,0
VEGI.US,5,20251010,200000,38.34,38.34,38.34,38.34,100,0
VEGI.US,5,20251010,200500,38.34,38.34,38.34,38.34,100,0
VEGI.US,5,20251010,201000,38.34,38.34,38.34,38.34,100,0
VEGI.US,5,20251010,201500,38.38,38.38,38.38,38.38,100,0
VEGI.US,5,20251010,202000,38.36,38.37,38.36,38.37,200,0
VEGI.US,5,20251010,203000,38.34,38.34,38.34,38.34,100,0
VEGI.US,5,20251010,203500,38.3,38.3,38.3,38.3,100,0
VEGI.US,5,20251010,204000,38.32,38.32,38.32,38.32,100,0
VEGI.US,5,20251010,204500,38.32,38.32,38.32,38.32,100,0
VEGI.US,5,20251010,205000,38.3,38.3,38.3,38.3,100,0
VEGI.US,5,20251010,210000,38.27,38.27,38.27,38.27,100,0
VEGI.US,5,20251010,210500,38.3125,38.3125,38.27,38.27,250,0
VEGI.US,5,20251010,211000,38.26,38.26,38.23,38.23,200,0
VEGI.US,5,20251010,211500,38.26,38.26,38.26,38.26,100,0
VEGI.US,5,20251010,212000,38.28,38.28,38.24,38.24,200,0
VEGI.US,5,20251010,212500,38.265,38.265,38.265,38.265,300,0
VEGI.US,5,20251010,213500,38.23,38.24,38.23,38.24,200,0
VEGI.US,5,20251010,214000,38.28,38.3,38.28,38.3,233,0
VEGI.US,5,20251010,214500,38.325,38.34,38.325,38.34,500,0
VEGI.US,5,20251010,215000,38.3188,38.3607,38.3188,38.3607,390,0
VEGI.US,5,20251010,215500,38.26,38.28,38.25,38.26,1532,0
VEGI.US,5,20251013,154500,38.5385,38.5385,38.5385,38.5385,490,0
VEGI.US,5,20251013,160000,38.6372,38.6372,38.6372,38.6372,1800,0
VEGI.US,5,20251013,160500,38.6133,38.6133,38.6133,38.6133,125,0
VEGI.US,5,20251013,161000,38.635,38.635,38.635,38.635,200,0
VEGI.US,5,20251013,162000,38.63,38.66,38.63,38.6415,500,0
VEGI.US,5,20251013,165500,38.58,38.58,38.58,38.58,100,0
VEGI.US,5,20251013,170500,38.585,38.585,38.585,38.585,100,0
VEGI.US,5,20251013,173000,38.6055,38.6336,38.6055,38.6336,484,0
VEGI.US,5,20251013,175500,38.62,38.62,38.62,38.62,800,0
VEGI.US,5,20251013,180500,38.54,38.54,38.531,38.531,1799,0
VEGI.US,5,20251013,182500,38.5715,38.5715,38.5715,38.5715,179,0
VEGI.US,5,20251013,184000,38.555,38.555,38.555,38.555,263,0
VEGI.US,5,20251013,192500,38.47,38.47,38.47,38.47,100,0
VEGI.US,5,20251013,200500,38.421,38.421,38.421,38.421,200,0
VEGI.US,5,20251013,212000,38.39,38.39,38.39,38.39,100,0
VEGI.US,5,20251013,214500,38.4185,38.4185,38.4185,38.4185,100,0
VEGI.US,5,20251013,215000,38.412,38.412,38.412,38.412,107,0
VEGI.US,5,20251013,215500,38.395,38.3951,38.395,38.3951,322,0
VEGI.US,5,20251014,153000,38.06,38.06,38.06,38.06,574,0
VEGI.US,5,20251014,153500,38,38,38,38,100,0
VEGI.US,5,20251014,154500,38.0185,38.0185,38.0185,38.0185,247,0
VEGI.US,5,20251014,155000,38.1,38.1,38.072,38.1,975,0
VEGI.US,5,20251014,160500,38.22,38.22,38.22,38.22,144,0
VEGI.US,5,20251014,161500,38.17,38.17,38.17,38.17,100,0
VEGI.US,5,20251014,162500,38.17,38.17,38.17,38.17,160,0
VEGI.US,5,20251014,172500,38.255,38.255,38.255,38.255,100,0
VEGI.US,5,20251014,183500,38.385,38.385,38.385,38.385,200,0
VEGI.US,5,20251014,192000,38.49,38.49,38.49,38.49,181,0
VEGI.US,5,20251014,203500,38.45,38.45,38.45,38.45,100,0
VEGI.US,5,20251014,210500,38.46,38.46,38.46,38.46,100,0
VEGI.US,5,20251014,212500,38.5491,38.5491,38.5491,38.5491,104,0
VEGI.US,5,20251014,213000,38.46,38.46,38.46,38.46,100,0
VEGI.US,5,20251014,214000,38.375,38.375,38.375,38.375,100,0
VEGI.US,5,20251014,215500,38.515,38.515,38.515,38.515,228,0
VEGI.US,5,20251015,153500,38.9022,38.9022,38.9022,38.9022,317,0
VEGI.US,5,20251015,155000,38.95,38.95,38.95,38.95,291,0
VEGI.US,5,20251015,170000,38.94,38.94,38.94,38.94,870,0
VEGI.US,5,20251015,172500,38.91,38.91,38.91,38.91,100,0
VEGI.US,5,20251015,175500,38.7801,38.7801,38.7801,38.7801,101,0
VEGI.US,5,20251015,180000,38.825,38.825,38.825,38.825,100,0
VEGI.US,5,20251015,184500,38.8789,38.8789,38.8556,38.8556,1249,0
VEGI.US,5,20251015,192500,38.715,38.715,38.715,38.715,100,0
VEGI.US,5,20251015,194000,38.735,38.735,38.735,38.735,100,0
VEGI.US,5,20251015,211500,38.859,38.859,38.859,38.859,136,0
VEGI.US,5,20251015,212000,38.831,38.831,38.831,38.831,100,0
VEGI.US,5,20251015,213500,38.81,38.81,38.81,38.81,100,0
VEGI.US,5,20251015,215000,38.7343,38.76,38.7343,38.76,246,0
VEGI.US,5,20251015,215500,38.7301,38.77,38.7301,38.77,1420,0
VEGI.US,5,20251016,161000,38.88,38.88,38.88,38.88,101,0
VEGI.US,5,20251016,161500,38.88,38.8818,38.88,38.8818,524,0
VEGI.US,5,20251016,162000,38.88,38.88,38.88,38.88,100,0
VEGI.US,5,20251016,164500,39.0021,39.0021,39.0021,39.0021,110,0
VEGI.US,5,20251016,170000,38.95,38.97,38.95,38.97,200,0
VEGI.US,5,20251016,175000,38.935,38.935,38.935,38.935,100,0
VEGI.US,5,20251016,181500,38.96,38.96,38.96,38.96,100,0
VEGI.US,5,20251016,183000,38.84,38.84,38.84,38.84,100,0
VEGI.US,5,20251016,195000,38.8772,38.8772,38.8772,38.8772,214,0
VEGI.US,5,20251016,195500,38.9,38.9,38.9,38.9,427,0
VEGI.US,5,20251016,200000,38.8801,38.8801,38.8801,38.8801,108,0
VEGI.US,5,20251016,200500,38.86,38.86,38.86,38.86,100,0
VEGI.US,5,20251016,202000,38.722,38.722,38.722,38.722,105,0
VEGI.US,5,20251016,203500,38.81,38.81,38.81,38.81,100,0
VEGI.US,5,20251016,213500,38.8373,38.8373,38.8373,38.8373,109,0
VEGI.US,5,20251016,215500,38.845,38.845,38.845,38.845,112,0
VEGI.US,5,20251017,161500,38.985,38.985,38.985,38.985,100,0
VEGI.US,5,20251017,163000,38.96,38.96,38.96,38.96,427,0
VEGI.US,5,20251017,175500,39.0108,39.0108,39.0108,39.0108,821,0
VEGI.US,5,20251017,191000,38.985,38.985,38.985,38.985,100,0
VEGI.US,5,20251017,200500,38.99,38.99,38.99,38.99,100,0
VEGI.US,5,20251017,203500,39.05,39.0501,39.05,39.0501,400,0
VEGI.US,5,20251017,210000,39.0448,39.0448,39.0448,39.0448,100,0
VEGI.US,5,20251017,211500,39.06,39.06,39.06,39.06,100,0
VEGI.US,5,20251017,213000,39.08,39.08,39.055,39.055,1625,0
VEGI.US,5,20251020,164500,39.185,39.2448,39.185,39.2448,2283,0
VEGI.US,5,20251020,165000,39.24,39.28,39.24,39.24,751,0
VEGI.US,5,20251020,165500,39.25,39.25,39.2,39.2,620,0
VEGI.US,5,20251020,181000,39.22,39.25,39.16,39.16,1400,0
VEGI.US,5,20251020,182500,39.2275,39.2275,39.2275,39.2275,107,0
VEGI.US,5,20251020,191500,39.295,39.295,39.295,39.295,100,0
VEGI.US,5,20251020,193000,39.35,39.35,39.3499,39.3499,762,0
VEGI.US,5,20251020,193500,39.305,39.305,39.305,39.305,800,0
VEGI.US,5,20251020,194000,39.35,39.35,39.35,39.35,100,0
VEGI.US,5,20251020,195500,39.34,39.34,39.34,39.34,100,0
VEGI.US,5,20251020,201000,39.326,39.349,39.326,39.349,558,0
VEGI.US,5,20251020,202500,39.3,39.3,39.3,39.3,100,0
VEGI.US,5,20251020,203500,39.3,39.3,39.3,39.3,100,0
VEGI.US,5,20251020,205000,39.27,39.31,39.27,39.31,300,0
VEGI.US,5,20251020,210000,39.31,39.31,39.31,39.31,100,0
VEGI.US,5,20251020,211500,39.31,39.31,39.31,39.31,100,0
VEGI.US,5,20251020,212500,39.3008,39.3008,39.27,39.294,337,0
VEGI.US,5,20251020,213000,39.27,39.27,39.27,39.27,100,0
VEGI.US,5,20251020,214000,39.265,39.265,39.265,39.265,100,0
VEGI.US,5,20251020,214500,39.265,39.265,39.265,39.265,100,0
VEGI.US,5,20251020,215000,39.23,39.3,39.23,39.28,1257,0
VEGI.US,5,20251020,215500,39.285,39.285,39.285,39.285,283,0
VEGI.US,5,20251021,154500,39.02,39.02,39.02,39.02,2175,0
VEGI.US,5,20251021,155000,38.96,38.96,38.96,38.96,100,0
VEGI.US,5,20251021,155500,38.915,38.915,38.915,38.915,700,0
VEGI.US,5,20251021,161000,38.94,38.94,38.94,38.94,217,0
VEGI.US,5,20251021,162000,39.055,39.055,39.055,39.055,100,0
VEGI.US,5,20251021,165500,39.07,39.07,39.07,39.07,125,0
VEGI.US,5,20251021,171000,39.1,39.1,39.1,39.1,100,0
VEGI.US,5,20251021,175000,39.105,39.105,39.105,39.105,100,0
VEGI.US,5,20251021,195500,38.9,38.92,38.9,38.92,4657,0
VEGI.US,5,20251021,200000,38.94,38.94,38.94,38.94,200,0
VEGI.US,5,20251021,202000,38.955,38.955,38.955,38.955,100,0
VEGI.US,5,20251021,215000,38.89,38.915,38.89,38.915,1446,0
VEGI.US,5,20251022,160500,39.065,39.065,39.065,39.065,101,0
VEGI.US,5,20251022,162000,39.0675,39.11,39.05,39.05,839,0
VEGI.US,5,20251022,174000,39.29,39.29,39.29,39.29,253,0
VEGI.US,5,20251022,174500,39.39,39.39,39.3899,39.3899,310,0
VEGI.US,5,20251022,180000,39.2202,39.255,39.22,39.255,2096,0
VEGI.US,5,20251022,183000,39.1,39.1,39.1,39.1,200,0
VEGI.US,5,20251022,184000,39.19,39.19,39.19,39.19,200,0
VEGI.US,5,20251022,193000,39.143,39.143,39.143,39.143,130,0
VEGI.US,5,20251022,195000,39.075,39.075,39.075,39.075,280,0
VEGI.US,5,20251022,202000,39.0992,39.0992,39.0992,39.0992,110,0
VEGI.US,5,20251022,212500,39.139,39.139,39.139,39.139,1356,0
VEGI.US,5,20251022,213500,39.11,39.11,39.11,39.11,100,0
VEGI.US,5,20251023,153000,39.36,39.36,39.36,39.36,100,0
VEGI.US,5,20251023,163000,39.2,39.2,39.2,39.2,238,0
VEGI.US,5,20251023,173000,39.285,39.285,39.285,39.285,100,0
VEGI.US,5,20251023,174000,39.31,39.31,39.31,39.31,250,0
VEGI.US,5,20251023,175000,39.27,39.27,39.27,39.27,100,0
VEGI.US,5,20251023,190500,39.35,39.35,39.35,39.35,100,0
VEGI.US,5,20251023,194000,39.48,39.48,39.48,39.48,100,0
VEGI.US,5,20251023,210000,39.58,39.59,39.535,39.535,799,0
VEGI.US,5,20251023,211500,39.6,39.6,39.51,39.51,260,0
VEGI.US,5,20251023,212500,39.5356,39.61,39.5356,39.61,615,0
VEGI.US,5,20251023,215500,39.481,39.481,39.481,39.481,141,0
VEGI.US,5,20251024,154500,39.8,39.8,39.8,39.8,363,0
VEGI.US,5,20251024,155500,39.81,39.81,39.81,39.81,3300,0
VEGI.US,5,20251024,165500,39.6401,39.6401,39.6401,39.6401,374,0
VEGI.US,5,20251024,170000,39.69,39.69,39.69,39.69,136,0
VEGI.US,5,20251024,175000,39.7,39.7,39.7,39.7,200,0
VEGI.US,5,20251024,184000,39.63,39.63,39.63,39.63,193,0
VEGI.US,5,20251024,185500,39.72,39.72,39.72,39.72,388,0
VEGI.US,5,20251027,143500,40.01,40.01,40.01,40.01,150,0
VEGI.US,5,20251027,152500,39.981,39.981,39.981,39.981,213,0
VEGI.US,5,20251027,160000,39.75,39.75,39.75,39.75,100,0
VEGI.US,5,20251027,173000,39.7742,39.7742,39.7742,39.7742,175,0
VEGI.US,5,20251027,191000,39.74,39.74,39.74,39.74,150,0
VEGI.US,5,20251027,191500,39.6991,39.6991,39.6991,39.6991,100,0
VEGI.US,5,20251027,193500,39.69,39.69,39.69,39.69,100,0
VEGI.US,5,20251027,202500,39.705,39.705,39.66,39.66,794,0
VEGI.US,5,20251027,203000,39.7,39.7,39.7,39.7,4478,0
VEGI.US,5,20251027,204500,39.6775,39.6775,39.6775,39.6775,755,0
VEGI.US,5,20251027,205500,39.695,39.705,39.69,39.705,976,0
VEGI.US,5,20251028,144000,39.534,39.534,39.534,39.534,125,0
VEGI.US,5,20251028,150000,39.545,39.545,39.545,39.545,100,0
VEGI.US,5,20251028,150500,39.5415,39.5415,39.5415,39.5415,156,0
VEGI.US,5,20251028,152500,39.62,39.62,39.62,39.62,200,0
VEGI.US,5,20251028,155000,39.64,39.64,39.64,39.64,500,0
VEGI.US,5,20251028,160500,39.615,39.615,39.615,39.615,100,0
VEGI.US,5,20251028,164500,39.535,39.535,39.535,39.535,200,0
VEGI.US,5,20251028,170500,39.57,39.57,39.57,39.57,100,0
VEGI.US,5,20251028,172500,39.54,39.54,39.54,39.54,100,0
VEGI.US,5,20251028,173000,39.57,39.57,39.57,39.57,100,0
VEGI.US,5,20251028,181000,39.59,39.59,39.59,39.59,409,0
VEGI.US,5,20251028,183500,39.57,39.57,39.57,39.57,100,0
VEGI.US,5,20251028,184000,39.5788,39.5788,39.5788,39.5788,201,0
VEGI.US,5,20251028,193500,39.505,39.505,39.505,39.505,420,0
VEGI.US,5,20251028,200000,39.51,39.51,39.51,39.51,100,0
VEGI.US,5,20251028,203500,39.459,39.459,39.459,39.459,172,0
VEGI.US,5,20251028,205500,39.41,39.41,39.41,39.41,100,0
VEGI.US,5,20251029,151000,39.48,39.48,39.48,39.48,131,0
VEGI.US,5,20251029,154500,39.4384,39.4384,39.4384,39.4384,128,0
VEGI.US,5,20251029,155500,39.445,39.445,39.445,39.445,200,0
VEGI.US,5,20251029,160500,39.48,39.48,39.48,39.48,100,0
VEGI.US,5,20251029,164000,39.535,39.56,39.535,39.56,300,0
VEGI.US,5,20251029,164500,39.54,39.54,39.54,39.54,600,0
VEGI.US,5,20251029,165000,39.535,39.56,39.535,39.55,999,0
VEGI.US,5,20251029,170000,39.535,39.535,39.535,39.535,1500,0
VEGI.US,5,20251029,170500,39.5101,39.62,39.5101,39.62,1481,0
VEGI.US,5,20251029,172000,39.585,39.61,39.585,39.61,900,0
VEGI.US,5,20251029,174000,39.58,39.58,39.58,39.58,1000,0
VEGI.US,5,20251029,175000,39.55,39.55,39.55,39.55,500,0
VEGI.US,5,20251029,180000,39.53,39.53,39.53,39.53,500,0
VEGI.US,5,20251029,180500,39.51,39.51,39.51,39.51,500,0
VEGI.US,5,20251029,182500,39.47,39.47,39.47,39.47,207,0
VEGI.US,5,20251029,191000,39.495,39.53,39.495,39.51,575,0
VEGI.US,5,20251029,191500,39.48,39.4815,39.48,39.4815,430,0
VEGI.US,5,20251029,194500,39.32,39.32,39.32,39.32,700,0
VEGI.US,5,20251029,195000,39.34,39.34,39.34,39.34,100,0
VEGI.US,5,20251029,195500,39.3339,39.3339,39.3339,39.3339,100,0
VEGI.US,5,20251029,201500,39.345,39.345,39.33,39.33,1717,0
VEGI.US,5,20251029,205000,39.32,39.32,39.32,39.32,108,0
VEGI.US,5,20251030,143500,38.979,38.979,38.979,38.979,153,0
VEGI.US,5,20251030,165500,38.935,38.97,38.935,38.935,1000,0
VEGI.US,5,20251030,170500,38.9799,38.9799,38.9799,38.9799,100,0
VEGI.US,5,20251030,180500,38.91,38.91,38.91,38.91,150,0
VEGI.US,5,20251031,145000,38.42,38.42,38.42,38.42,329,0
VEGI.US,5,20251031,152000,38.38,38.38,38.38,38.38,200,0
VEGI.US,5,20251031,155000,38.5,38.5,38.5,38.5,252,0
VEGI.US,5,20251031,165500,38.3815,38.3815,38.3815,38.3815,535,0
VEGI.US,5,20251031,180500,38.306703,38.306703,38.23,38.24,2220,0
VEGI.US,5,20251031,191000,38.315,38.32,38.315,38.315,400,0
VEGI.US,5,20251031,193000,38.3101,38.3101,38.3101,38.3101,308,0
VEGI.US,5,20251031,195500,38.33,38.33,38.32,38.32,752,0
VEGI.US,5,20251031,205500,38.4,38.4,38.4,38.4,109,0
VEGI.US,5,20251103,153500,38.1301,38.2692,38.1301,38.2692,1055,0
VEGI.US,5,20251103,164000,38.22,38.22,38.22,38.22,100,0
VEGI.US,5,20251103,170500,38.3199,38.32,38.3,38.3,470,0
VEGI.US,5,20251103,173500,38.44,38.47,38.44,38.47,1100,0
VEGI.US,5,20251103,174500,38.4494,38.4494,38.4494,38.4494,200,0
VEGI.US,5,20251103,185000,38.43,38.43,38.43,38.43,125,0
VEGI.US,5,20251103,191500,38.417,38.417,38.417,38.417,815,0
VEGI.US,5,20251103,192500,38.405,38.405,38.405,38.405,259,0
VEGI.US,5,20251103,195500,38.4491,38.4491,38.4491,38.4491,100,0
VEGI.US,5,20251103,200500,38.41,38.41,38.41,38.41,450,0
VEGI.US,5,20251103,202000,38.45,38.45,38.45,38.45,494,0
VEGI.US,5,20251103,202500,38.492,38.492,38.492,38.492,300,0
VEGI.US,5,20251103,211500,38.4864,38.4864,38.4864,38.4864,130,0
VEGI.US,5,20251103,214000,38.52,38.52,38.52,38.52,200,0
VEGI.US,5,20251103,214500,38.52,38.52,38.46,38.46,300,0
VEGI.US,5,20251103,215000,38.51,38.51,38.46,38.508,400,0
VEGI.US,5,20251103,215500,38.495,38.52,38.495,38.52,200,0
VEGI.US,5,20251104,153000,38.088,38.088,38.088,38.088,132,0
VEGI.US,5,20251104,155000,38.155,38.155,38.155,38.155,100,0
VEGI.US,5,20251104,160000,38.1901,38.1901,38.1901,38.1901,230,0
VEGI.US,5,20251104,163500,38.4615,38.4615,38.4615,38.4615,550,0
VEGI.US,5,20251104,171500,38.445,38.445,38.445,38.445,100,0
VEGI.US,5,20251104,173500,38.5099,38.5099,38.5099,38.5099,320,0
VEGI.US,5,20251104,174000,38.51,38.51,38.51,38.51,1200,0
VEGI.US,5,20251104,174500,38.4706,38.4706,38.4706,38.4706,500,0
VEGI.US,5,20251104,182000,38.51,38.51,38.51,38.51,129,0
VEGI.US,5,20251104,183000,38.51,38.51,38.51,38.51,100,0
VEGI.US,5,20251104,200500,38.425,38.425,38.425,38.425,100,0
VEGI.US,5,20251104,203000,38.5,38.5,38.4627,38.4627,238,0
VEGI.US,5,20251104,203500,38.4415,38.4415,38.4415,38.4415,326,0
VEGI.US,5,20251104,204000,38.499,38.499,38.499,38.499,100,0
VEGI.US,5,20251104,205000,38.45,38.45,38.45,38.45,100,0
VEGI.US,5,20251104,210500,38.452,38.452,38.452,38.452,100,0
VEGI.US,5,20251104,211500,38.5,38.5,38.5,38.5,100,0
VEGI.US,5,20251104,212000,38.41,38.5,38.41,38.5,432,0
VEGI.US,5,20251104,213000,38.455,38.455,38.45,38.45,200,0
VEGI.US,5,20251104,214000,38.45,38.45,38.44,38.44,210,0
VEGI.US,5,20251104,215500,38.51,38.53,38.51,38.53,286,0
VEGI.US,5,20251105,153000,38.62,38.64,38.595,38.64,700,0
VEGI.US,5,20251105,155500,38.6705,38.6705,38.6705,38.6705,240,0
VEGI.US,5,20251105,170500,38.569,38.579,38.48,38.48,1500,0
VEGI.US,5,20251105,180000,38.71,38.71,38.71,38.71,100,0
VEGI.US,5,20251105,182500,38.8,38.8,38.8,38.8,100,0
VEGI.US,5,20251105,185000,38.84,38.84,38.84,38.84,100,0
VEGI.US,5,20251105,192000,38.77,38.77,38.77,38.77,100,0
VEGI.US,5,20251105,192500,38.72,38.72,38.72,38.72,126,0
VEGI.US,5,20251105,195500,38.76,38.76,38.76,38.76,100,0
VEGI.US,5,20251105,202500,38.79,38.79,38.745,38.745,362,0
VEGI.US,5,20251105,204000,38.72,38.72,38.7168,38.72,560,0
VEGI.US,5,20251105,205000,38.75,38.75,38.75,38.75,100,0
VEGI.US,5,20251105,205500,38.73,38.73,38.73,38.73,200,0
VEGI.US,5,20251105,211500,38.79,38.79,38.79,38.79,100,0
VEGI.US,5,20251105,213000,38.7367,38.7367,38.7367,38.7367,500,0
VEGI.US,5,20251105,213500,38.71,38.71,38.71,38.71,100,0
VEGI.US,5,20251105,215500,38.69,38.71,38.69,38.71,370,0
VEGI.US,5,20251106,161000,38.52,38.5201,38.51,38.5101,1302,0
VEGI.US,5,20251106,163000,38.56,38.56,38.56,38.56,1200,0
VEGI.US,5,20251106,174500,38.425,38.425,38.425,38.425,100,0
VEGI.US,5,20251106,180500,38.405,38.405,38.405,38.405,100,0
VEGI.US,5,20251106,182500,38.415,38.415,38.415,38.415,100,0
VEGI.US,5,20251106,184500,38.45,38.45,38.45,38.45,100,0
VEGI.US,5,20251106,191500,38.38,38.38,38.38,38.38,100,0
VEGI.US,5,20251106,192500,38.41,38.41,38.41,38.41,100,0
VEGI.US,5,20251106,193500,38.41,38.41,38.41,38.41,130,0
VEGI.US,5,20251106,194500,38.3905,38.3905,38.3905,38.3905,250,0
VEGI.US,5,20251106,195500,38.41,38.41,38.41,38.41,100,0
VEGI.US,5,20251106,201500,38.4201,38.4201,38.4201,38.4201,287,0
VEGI.US,5,20251106,202500,38.52,38.52,38.52,38.52,100,0
VEGI.US,5,20251106,204500,38.47,38.47,38.47,38.47,100,0
VEGI.US,5,20251106,205000,38.46,38.46,38.46,38.46,200,0
VEGI.US,5,20251106,210500,38.475,38.475,38.475,38.475,241,0
VEGI.US,5,20251106,212000,38.675,38.675,38.675,38.675,100,0
VEGI.US,5,20251106,213500,38.58,38.58,38.58,38.58,100,0
VEGI.US,5,20251106,215000,38.535,38.535,38.535,38.535,131,0
VEGI.US,5,20251106,215500,38.46,38.46,38.4,38.402,500,0
VEGI.US,5,20251107,153500,38.0815,38.0815,38.0815,38.0815,100,0
VEGI.US,5,20251107,160500,38.31,38.31,38.31,38.31,155,0
VEGI.US,5,20251107,163500,38.3574,38.3574,38.3574,38.3574,1377,0
VEGI.US,5,20251107,173500,38.33,38.33,38.33,38.33,100,0
VEGI.US,5,20251107,175000,38.28,38.28,38.28,38.28,100,0
VEGI.US,5,20251107,175500,38.29,38.29,38.29,38.29,100,0
VEGI.US,5,20251107,181500,38.26,38.26,38.26,38.26,100,0
VEGI.US,5,20251107,183500,38.245,38.245,38.245,38.245,100,0
VEGI.US,5,20251107,185000,38.215,38.215,38.215,38.215,120,0
VEGI.US,5,20251107,190500,38.31,38.31,38.31,38.31,100,0
VEGI.US,5,20251107,192500,38.265,38.265,38.265,38.265,100,0
VEGI.US,5,20251107,195500,38.339,38.339,38.339,38.339,100,0
VEGI.US,5,20251107,202000,38.39,38.39,38.39,38.39,100,0
VEGI.US,5,20251107,205500,38.43,38.43,38.43,38.43,100,0
VEGI.US,5,20251107,211500,38.47,38.47,38.47,38.47,100,0
VEGI.US,5,20251107,213500,38.5085,38.519,38.4213,38.4213,2179,0
VEGI.US,5,20251107,214000,38.5,38.5,38.5,38.5,6432,0
VEGI.US,5,20251107,214500,38.49,38.49,38.49,38.49,100,0
VEGI.US,5,20251107,215500,38.51,38.51,38.51,38.51,252,0
VEGI.US,5,20251110,153000,38.7,38.7,38.7,38.7,200,0
VEGI.US,5,20251110,154000,38.61,38.61,38.61,38.61,109,0
VEGI.US,5,20251110,155000,38.579,38.579,38.5385,38.5385,410,0
VEGI.US,5,20251110,155500,38.5369,38.585,38.5369,38.585,603,0
VEGI.US,5,20251110,160500,38.6209,38.6209,38.6209,38.6209,1000,0
VEGI.US,5,20251110,161000,38.5501,38.5501,38.5501,38.5501,113,0
VEGI.US,5,20251110,162000,38.61,38.61,38.61,38.61,100,0
VEGI.US,5,20251110,163000,38.59,38.59,38.59,38.59,100,0
VEGI.US,5,20251110,163500,38.5515,38.57,38.5398,38.5398,437,0
VEGI.US,5,20251110,164000,38.55,38.61,38.55,38.61,857,0
VEGI.US,5,20251110,164500,38.56,38.58,38.56,38.58,1200,0
VEGI.US,5,20251110,165000,38.61,38.61,38.61,38.61,100,0
VEGI.US,5,20251110,171000,38.67,38.67,38.67,38.67,100,0
VEGI.US,5,20251110,171500,38.7,38.7,38.655,38.655,812,0
VEGI.US,5,20251110,175500,38.72,38.72,38.72,38.72,100,0
VEGI.US,5,20251110,180500,38.77,38.77,38.77,38.77,100,0
VEGI.US,5,20251110,181500,38.75,38.75,38.75,38.75,100,0
VEGI.US,5,20251110,185500,38.911,38.911,38.911,38.911,100,0
VEGI.US,5,20251110,191000,38.8631,38.8631,38.8631,38.8631,2000,0
VEGI.US,5,20251110,191500,38.81,38.8467,38.81,38.8467,429,0
VEGI.US,5,20251110,192000,38.86,38.86,38.86,38.86,100,0
VEGI.US,5,20251110,193500,38.8415,38.8415,38.8415,38.8415,122,0
VEGI.US,5,20251110,194000,38.855,38.855,38.855,38.855,100,0
VEGI.US,5,20251110,195000,38.85,38.85,38.85,38.85,100,0
VEGI.US,5,20251110,203500,38.93,38.93,38.93,38.93,100,0
VEGI.US,5,20251110,204000,38.92,38.92,38.92,38.92,100,0
VEGI.US,5,20251110,210000,38.95,38.9726,38.95,38.96,500,0
VEGI.US,5,20251110,210500,39,39,38.95,38.95,612,0
VEGI.US,5,20251110,211000,38.965,39.0038,38.92,39,956,0
VEGI.US,5,20251110,211500,38.985,38.985,38.985,38.985,100,0
VEGI.US,5,20251110,212000,38.94,38.94,38.94,38.94,136,0
VEGI.US,5,20251110,213000,38.9487,38.96,38.9484,38.9484,653,0
VEGI.US,5,20251110,213500,38.94,38.9401,38.94,38.9401,304,0
VEGI.US,5,20251110,214000,38.97,38.97,38.97,38.97,1625,0
VEGI.US,5,20251110,215500,38.92,38.92,38.91,38.91,347,0
VEGI.US,5,20251111,153000,38.9867,39.015,38.94,38.94,4984,0
VEGI.US,5,20251111,153500,38.9011,38.9011,38.9011,38.9011,175,0
VEGI.US,5,20251111,172000,39.1109,39.1109,39.1109,39.1109,150,0
VEGI.US,5,20251111,190500,39.2,39.2,39.2,39.2,200,0
VEGI.US,5,20251111,191000,39.24,39.24,39.24,39.24,145,0
VEGI.US,5,20251111,201000,39.25,39.2701,39.25,39.2701,456,0
VEGI.US,5,20251111,204500,39.21,39.21,39.21,39.21,254,0
VEGI.US,5,20251111,210000,39.255,39.255,39.255,39.255,250,0
VEGI.US,5,20251111,214000,39.23,39.23,39.23,39.23,3400,0
VEGI.US,5,20251112,153000,39.2,39.31,39.1209,39.31,1272,0
VEGI.US,5,20251112,160500,39.385,39.43,39.385,39.43,200,0
VEGI.US,5,20251112,161500,39.33,39.34,39.33,39.34,1300,0
VEGI.US,5,20251112,165500,39.3421,39.3421,39.3421,39.3421,125,0
VEGI.US,5,20251112,170500,39.402,39.402,39.39,39.39,800,0
VEGI.US,5,20251112,183500,39.4,39.4,39.4,39.4,100,0
VEGI.US,5,20251112,185000,39.4,39.4,39.4,39.4,200,0
VEGI.US,5,20251112,202500,39.3528,39.3528,39.3528,39.3528,125,0
VEGI.US,5,20251112,203500,39.365,39.365,39.365,39.365,116,0
VEGI.US,5,20251112,210000,39.3723,39.3723,39.3723,39.3723,260,0
VEGI.US,5,20251112,212000,39.409,39.4099,39.409,39.4099,256,0
VEGI.US,5,20251112,213500,39.375,39.375,39.375,39.375,100,0
VEGI.US,5,20251112,214000,39.419,39.419,39.38,39.38,1325,0
VEGI.US,5,20251112,215000,39.38,39.38,39.38,39.38,356,0
VEGI.US,5,20251113,155000,39.43,39.43,39.43,39.43,361,0
VEGI.US,5,20251113,160000,39.3842,39.3842,39.3842,39.3842,100,0
VEGI.US,5,20251113,170000,39.395,39.395,39.395,39.395,157,0
VEGI.US,5,20251113,171500,39.3401,39.3401,39.3401,39.3401,100,0
VEGI.US,5,20251113,172000,39.3401,39.3401,39.3401,39.3401,100,0
VEGI.US,5,20251113,210500,39.13,39.13,39.13,39.13,280,0
VEGI.US,5,20251113,214000,39.1285,39.1285,39.1285,39.1285,725,0
VEGI.US,5,20251113,215500,39.12,39.12,39.12,39.12,100,0
VEGI.US,5,20251114,153000,39,39,39,39,137,0
VEGI.US,5,20251114,160500,38.98,38.98,38.98,38.98,400,0
VEGI.US,5,20251114,172500,39.185,39.185,39.185,39.185,132,0
VEGI.US,5,20251114,191000,39.145,39.145,39.145,39.145,200,0
VEGI.US,5,20251114,214000,39.14,39.14,39.14,39.14,400,0
VEGI.US,5,20251117,154000,39,39,39,39,195,0
VEGI.US,5,20251117,155000,39,39,39,39,229,0
VEGI.US,5,20251117,160000,38.95,38.95,38.95,38.95,100,0
VEGI.US,5,20251117,160500,38.9774,38.9774,38.9774,38.9774,200,0
VEGI.US,5,20251117,161000,38.98,38.98,38.98,38.98,192,0
VEGI.US,5,20251117,172500,38.88,38.88,38.88,38.88,205,0
VEGI.US,5,20251117,175000,38.9344,38.9344,38.9344,38.9344,382,0
VEGI.US,5,20251117,192000,38.91,38.95,38.91,38.95,300,0
VEGI.US,5,20251117,192500,38.98,38.98,38.97,38.98,500,0
VEGI.US,5,20251117,193000,38.97,38.98,38.97,38.98,359,0
VEGI.US,5,20251117,194000,38.97,38.99,38.97,38.99,399,0
VEGI.US,5,20251117,213500,38.66,38.66,38.66,38.66,400,0
VEGI.US,5,20251117,214000,38.65,38.65,38.65,38.65,2150,0
VEGI.US,5,20251118,153500,38.622,38.622,38.622,38.622,766,0
VEGI.US,5,20251118,154000,38.675,38.675,38.675,38.675,148,0
VEGI.US,5,20251118,160000,38.68,38.68,38.6674,38.6674,990,0
VEGI.US,5,20251118,162500,38.591,38.591,38.591,38.591,100,0
VEGI.US,5,20251118,164000,38.67,38.87,38.66,38.67,6089,0
VEGI.US,5,20251118,171000,38.6702,38.6702,38.6702,38.6702,351,0
VEGI.US,5,20251118,174000,38.732,38.732,38.732,38.732,459,0
VEGI.US,5,20251118,174500,38.6901,38.6901,38.6901,38.6901,114,0
VEGI.US,5,20251118,175000,38.76,38.76,38.68,38.68,268,0
VEGI.US,5,20251118,185000,38.82,38.82,38.7907,38.7907,430,0
VEGI.US,5,20251118,202500,38.82,38.82,38.82,38.82,100,0
VEGI.US,5,20251118,203500,38.89,38.89,38.89,38.89,100,0
VEGI.US,5,20251118,212500,38.8412,38.8412,38.8412,38.8412,130,0
VEGI.US,5,20251118,213500,38.82,38.82,38.79,38.79,875,0
VEGI.US,5,20251118,214000,38.82,38.82,38.7801,38.7801,1125,0
VEGI.US,5,20251118,214500,38.77,38.77,38.77,38.77,100,0
VEGI.US,5,20251119,153000,38.8131,38.8131,38.8131,38.8131,100,0
VEGI.US,5,20251119,154000,38.5573,38.5573,38.5573,38.5573,135,0
VEGI.US,5,20251119,160500,38.715,38.715,38.715,38.715,110,0
VEGI.US,5,20251119,161000,38.7386,38.7386,38.7386,38.7386,140,0
VEGI.US,5,20251119,161500,38.77,38.77,38.68,38.68,200,0
VEGI.US,5,20251119,165000,38.7,38.7,38.7,38.7,100,0
VEGI.US,5,20251119,183000,38.645,38.645,38.645,38.645,200,0
VEGI.US,5,20251119,185000,38.555,38.555,38.555,38.555,100,0
VEGI.US,5,20251119,185500,38.565,38.565,38.565,38.565,600,0
VEGI.US,5,20251119,191000,38.5002,38.5002,38.5002,38.5002,200,0
VEGI.US,5,20251119,191500,38.5,38.51,38.5,38.51,207,0
VEGI.US,5,20251119,202000,38.375,38.375,38.375,38.375,100,0
VEGI.US,5,20251119,213500,38.53,38.53,38.49,38.49,1597,0
VEGI.US,5,20251120,154000,38.74,38.78,38.69,38.78,3366,0
VEGI.US,5,20251120,190500,38.25,38.25,38.25,38.25,100,0
VEGI.US,5,20251120,203000,38.353,38.353,38.353,38.353,254,0
VEGI.US,5,20251120,214000,38.29,38.29,38.29,38.29,500,0
VEGI.US,5,20251121,161500,38.61,38.61,38.61,38.61,1551,0
VEGI.US,5,20251121,164000,38.68,38.68,38.68,38.68,1500,0
VEGI.US,5,20251121,175000,38.9699,38.9699,38.9699,38.9699,300,0
VEGI.US,5,20251121,175500,39,39,38.97,38.97,365,0
VEGI.US,5,20251121,181500,39.01,39.01,39.01,39.01,100,0
VEGI.US,5,20251121,182000,39.03,39.03,39.03,39.03,100,0
VEGI.US,5,20251121,183500,39.03,39.03,39.03,39.03,150,0
VEGI.US,5,20251121,192000,38.82,38.82,38.82,38.82,500,0
VEGI.US,5,20251121,194000,38.92,38.92,38.92,38.92,100,0
VEGI.US,5,20251121,200500,39.01,39.01,39.01,39.01,100,0
VEGI.US,5,20251121,210500,38.9165,38.945,38.9165,38.945,600,0
VEGI.US,5,20251121,211000,38.915,38.915,38.915,38.915,128,0
VEGI.US,5,20251121,213500,38.81,38.81,38.81,38.81,250,0
VEGI.US,5,20251121,214000,38.8598,38.8598,38.8598,38.8598,200,0
VEGI.US,5,20251121,214500,38.8602,38.8602,38.8602,38.8602,545,0
VEGI.US,5,20251121,215500,38.909,38.909,38.909,38.909,200,0
VEGI.US,5,20251124,153500,38.76,38.76,38.76,38.76,200,0
VEGI.US,5,20251124,155000,38.73,38.73,38.73,38.73,100,0
VEGI.US,5,20251124,161500,38.777,38.7834,38.777,38.7834,640,0
VEGI.US,5,20251124,163000,38.79,38.79,38.79,38.79,100,0
VEGI.US,5,20251124,164000,38.83,38.83,38.83,38.83,145,0
VEGI.US,5,20251124,170000,38.89,38.89,38.89,38.89,100,0
VEGI.US,5,20251124,171500,38.88,38.93,38.88,38.93,2400,0
VEGI.US,5,20251124,173000,38.8821,38.9,38.8821,38.9,300,0
VEGI.US,5,20251124,182000,38.905,38.905,38.905,38.905,437,0
VEGI.US,5,20251124,204500,38.94,38.94,38.9,38.9,2262,0
VEGI.US,5,20251124,213500,38.93,38.93,38.93,38.93,225,0
VEGI.US,5,20251124,214500,38.88,38.88,38.88,38.88,400,0
VEGI.US,5,20251125,153000,38.9,38.9,38.9,38.9,4938,0
VEGI.US,5,20251125,153500,39.1,39.1,39.1,39.1,195,0
VEGI.US,5,20251125,160000,39.07,39.07,39.07,39.07,121,0
VEGI.US,5,20251125,163000,39.14,39.14,39.14,39.14,100,0
VEGI.US,5,20251125,164000,39.26,39.26,39.26,39.26,100,0
VEGI.US,5,20251125,164500,39.275,39.32,39.275,39.32,282,0
VEGI.US,5,20251125,172000,39.215,39.25,39.215,39.25,1300,0
VEGI.US,5,20251125,173500,39.215,39.215,39.215,39.215,118,0
VEGI.US,5,20251125,175500,39.26,39.28,39.26,39.28,200,0
VEGI.US,5,20251125,180000,39.36,39.36,39.36,39.36,6395,0
VEGI.US,5,20251125,182000,39.4299,39.4299,39.4299,39.4299,110,0
VEGI.US,5,20251125,190500,39.36,39.36,39.36,39.36,415,0
VEGI.US,5,20251125,200500,39.34,39.34,39.34,39.34,100,0
VEGI.US,5,20251125,201500,39.38,39.38,39.38,39.38,125,0
VEGI.US,5,20251125,211500,39.395,39.395,39.395,39.395,100,0
VEGI.US,5,20251125,212500,39.42,39.42,39.42,39.42,1025,0
VEGI.US,5,20251125,213000,39.42,39.42,39.41,39.41,7475,0
VEGI.US,5,20251125,213500,39.405,39.49,39.405,39.49,900,0
VEGI.US,5,20251125,215500,39.435,39.435,39.435,39.435,100,0
VEGI.US,5,20251126,153000,39.12,39.12,39.12,39.12,100,0
VEGI.US,5,20251126,155500,39.1,39.1,39.1,39.1,100,0
VEGI.US,5,20251126,162500,39.18,39.18,39.18,39.18,100,0
VEGI.US,5,20251126,165500,38.92,38.92,38.92,38.92,400,0
VEGI.US,5,20251126,172000,38.99,38.99,38.99,38.99,200,0
VEGI.US,5,20251126,202000,39.07,39.07,39.07,39.07,100,0
VEGI.US,5,20251126,212500,39.07,39.07,39.07,39.07,412,0
VEGI.US,5,20251126,214000,39.02,39.05,39.02,39.05,4798,0
VEGI.US,5,20251126,214500,39.02,39.02,39.02,39.02,2942,0
VEGI.US,5,20251126,215000,38.97,38.97,38.94,38.94,1350,0
VEGI.US,5,20251128,155000,38.98,38.98,38.98,38.98,1850,0
VEGI.US,5,20251128,160500,39,39,39,39,100,0
VEGI.US,5,20251128,161000,39.05,39.05,39.05,39.05,240,0
VEGI.US,5,20251128,165500,39.15,39.15,39.15,39.15,512,0
VEGI.US,5,20251128,173000,39.1401,39.1401,39.1401,39.1401,102,0
VEGI.US,5,20251128,182000,39.15,39.15,39.15,39.15,182,0
VEGI.US,5,20251128,190000,39.05,39.05,39.05,39.05,151,0
VEGI.US,5,20251201,161500,39.1,39.1,39.1,39.1,167,0
VEGI.US,5,20251201,162000,39.0701,39.125,39.0701,39.125,615,0
VEGI.US,5,20251201,191500,39.3285,39.3285,39.3285,39.3285,207,0
VEGI.US,5,20251201,200000,39.3122,39.3122,39.3122,39.3122,254,0
VEGI.US,5,20251201,201000,39.327,39.327,39.327,39.327,185,0
VEGI.US,5,20251201,201500,39.26,39.27,39.26,39.27,200,0
VEGI.US,5,20251201,213500,39.24,39.24,39.24,39.24,700,0
VEGI.US,5,20251201,215000,39.1715,39.1715,39.1715,39.1715,100,0
VEGI.US,5,20251201,215500,39.179,39.179,39.179,39.179,130,0
VEGI.US,5,20251202,160500,39.0281,39.0281,39.0281,39.0281,100,0
VEGI.US,5,20251202,161000,38.997,38.997,38.997,38.997,301,0
VEGI.US,5,20251202,174500,39.01,39.01,39,39.01,1409,0
VEGI.US,5,20251202,175000,39.01,39.0396,38.975,39.0396,1028,0
VEGI.US,5,20251202,180500,38.98,38.98,38.98,38.98,100,0
VEGI.US,5,20251202,191500,39.01,39.01,38.95,38.97,854,0
VEGI.US,5,20251202,201000,39.06,39.06,39.06,39.06,100,0
VEGI.US,5,20251202,202000,38.965,39.02,38.9,38.9,625,0
VEGI.US,5,20251202,210500,38.9945,38.9945,38.9945,38.9945,100,0
VEGI.US,5,20251202,212500,39.1,39.1,39.08,39.08,1575,0
VEGI.US,5,20251202,213000,39.07,39.07,39.07,39.07,200,0
VEGI.US,5,20251203,153000,39.12,39.15,39.12,39.15,413,0
VEGI.US,5,20251203,154000,39.205,39.205,39.205,39.205,200,0
VEGI.US,5,20251203,180500,39.22,39.22,39.22,39.22,200,0
VEGI.US,5,20251203,183000,39.26,39.2601,39.25,39.25,500,0
VEGI.US,5,20251203,185500,39.25,39.25,39.25,39.25,755,0
VEGI.US,5,20251203,204000,39.41,39.41,39.41,39.41,100,0
VEGI.US,5,20251203,215500,39.345,39.345,39.345,39.345,100,0
VEGI.US,5,20251204,160500,39.21,39.21,39.21,39.21,200,0
VEGI.US,5,20251204,161000,39.21,39.31,39.19,39.31,788,0
VEGI.US,5,20251204,192500,39.38,39.38,39.38,39.38,710,0
VEGI.US,5,20251204,193500,39.42,39.42,39.42,39.42,100,0
VEGI.US,5,20251204,213500,39.36,39.36,39.36,39.36,250,0
VEGI.US,5,20251204,215500,39.41,39.422,39.34,39.34,1204,0
VEGI.US,5,20251205,153500,39.4,39.4,39.4,39.4,150,0
VEGI.US,5,20251205,154000,39.5186,39.5186,39.5186,39.5186,143,0
VEGI.US,5,20251205,155000,39.55,39.55,39.55,39.55,100,0
VEGI.US,5,20251205,160000,39.4501,39.4501,39.4501,39.4501,100,0
VEGI.US,5,20251205,165500,39.61,39.61,39.61,39.61,386,0
VEGI.US,5,20251205,171000,39.598,39.598,39.598,39.598,200,0
VEGI.US,5,20251205,172000,39.63,39.65,39.63,39.65,600,0
VEGI.US,5,20251205,172500,39.608,39.608,39.608,39.608,250,0
VEGI.US,5,20251205,173500,39.565,39.565,39.565,39.565,100,0
VEGI.US,5,20251205,175000,39.545,39.545,39.545,39.545,100,0
VEGI.US,5,20251205,181000,39.54,39.54,39.4,39.46,703,0
VEGI.US,5,20251205,183000,39.37,39.37,39.37,39.37,111,0
VEGI.US,5,20251205,194500,39.3105,39.3105,39.3105,39.3105,100,0
VEGI.US,5,20251205,195000,39.36,39.36,39.36,39.36,100,0
VEGI.US,5,20251205,201000,39.4099,39.4099,39.4099,39.4099,125,0
VEGI.US,5,20251205,204000,39.28,39.28,39.28,39.28,283,0
VEGI.US,5,20251205,205000,39.36,39.3799,39.36,39.3799,1088,0
VEGI.US,5,20251205,210000,39.39,39.39,39.3688,39.3688,200,0
VEGI.US,5,20251205,211500,39.355,39.355,39.355,39.355,150,0
VEGI.US,5,20251205,213000,39.28,39.3,39.27,39.3,9700,0
VEGI.US,5,20251205,215500,39.2,39.205,39.14,39.1708,700,0
VEGI.US,5,20251208,153000,39.1,39.1,39.1,39.1,409,0
VEGI.US,5,20251208,160500,39.1,39.1,39.1,39.1,1952,0
VEGI.US,5,20251208,174500,39.08,39.09,39.08,39.09,200,0
VEGI.US,5,20251208,193000,38.98,38.98,38.9799,38.9799,1000,0
VEGI.US,5,20251208,194500,38.9,38.9,38.9,38.9,100,0
VEGI.US,5,20251208,214500,38.7195,38.7195,38.7195,38.7195,515,0
VEGI.US,5,20251208,215500,38.72,38.73,38.706,38.73,672,0
VEGI.US,5,20251209,154000,38.654,38.654,38.654,38.654,101,0
VEGI.US,5,20251209,162000,38.735,38.735,38.735,38.735,300,0
VEGI.US,5,20251209,164000,38.6001,38.6001,38.6001,38.6001,100,0
VEGI.US,5,20251209,170000,38.73,38.73,38.73,38.73,207,0
VEGI.US,5,20251209,171500,38.6601,38.6601,38.65,38.65,500,0
VEGI.US,5,20251209,173500,38.731,38.78,38.731,38.77,1080,0
VEGI.US,5,20251209,174000,38.735,38.735,38.735,38.735,320,0
VEGI.US,5,20251209,184500,38.65,38.65,38.65,38.65,385,0
VEGI.US,5,20251209,192500,38.6699,38.6699,38.6699,38.6699,181,0
VEGI.US,5,20251209,200000,38.6176,38.6176,38.6176,38.6176,385,0
VEGI.US,5,20251209,211000,38.638,38.638,38.59,38.59,1118,0
VEGI.US,5,20251209,212000,38.55,38.55,38.55,38.55,5354,0
VEGI.US,5,20251209,215500,38.61,38.61,38.61,38.61,192,0
VEGI.US,5,20251210,182000,38.5656,38.5656,38.5656,38.5656,160,0
VEGI.US,5,20251210,201000,38.57,38.57,38.57,38.57,400,0
VEGI.US,5,20251210,201500,38.5723,38.5723,38.5723,38.5723,733,0
VEGI.US,5,20251210,203000,38.62,38.62,38.62,38.62,100,0
VEGI.US,5,20251210,205500,38.74,38.74,38.74,38.74,100,0
VEGI.US,5,20251210,212500,38.865,38.865,38.865,38.865,653,0
VEGI.US,5,20251210,215000,38.95,38.95,38.95,38.95,101,0
VEGI.US,5,20251210,215500,38.8701,38.8701,38.87,38.87,200,0
VEGI.US,5,20251211,153000,38.95,38.99,38.95,38.98,1995,0
VEGI.US,5,20251211,162000,39.49,39.49,39.445,39.468,1499,0
VEGI.US,5,20251211,165000,39.57,39.57,39.57,39.57,500,0
VEGI.US,5,20251211,165500,39.52,39.5201,39.52,39.5201,200,0
VEGI.US,5,20251211,184500,39.625,39.625,39.625,39.625,200,0
VEGI.US,5,20251211,190500,39.64,39.64,39.64,39.64,105,0
VEGI.US,5,20251211,194000,39.6,39.6,39.6,39.6,100,0
VEGI.US,5,20251211,204500,39.44,39.44,39.44,39.44,200,0
VEGI.US,5,20251211,205000,39.44,39.44,39.44,39.44,100,0
VEGI.US,5,20251211,205500,39.44,39.4688,39.44,39.44,300,0
VEGI.US,5,20251211,210000,39.44,39.45,39.44,39.45,200,0
VEGI.US,5,20251211,210500,39.45,39.53,39.45,39.53,600,0
VEGI.US,5,20251211,211500,39.47,39.5499,39.47,39.5499,5285,0
VEGI.US,5,20251211,212000,39.48,39.48,39.48,39.48,100,0
VEGI.US,5,20251211,212500,39.47,39.47,39.47,39.47,200,0
VEGI.US,5,20251211,213000,39.44,39.47,39.44,39.47,200,0
VEGI.US,5,20251211,213500,39.48,39.5399,39.45,39.45,450,0
VEGI.US,5,20251211,214000,39.45,39.45,39.45,39.45,200,0
VEGI.US,5,20251211,214500,39.45,39.45,39.43,39.43,400,0
VEGI.US,5,20251211,215000,39.43,39.43,39.42,39.42,500,0
VEGI.US,5,20251211,215500,39.4,39.4,39.36,39.37,1687,0
VEGI.US,5,20251212,153000,39.61,39.65,39.61,39.65,2890,0
VEGI.US,5,20251212,160500,39.7,39.7,39.7,39.7,200,0
VEGI.US,5,20251212,161500,39.66,39.66,39.66,39.66,120,0
VEGI.US,5,20251212,162500,39.7212,39.7212,39.7212,39.7212,142,0
VEGI.US,5,20251212,165500,39.69,39.69,39.69,39.69,200,0
VEGI.US,5,20251212,175500,39.655,39.683,39.655,39.68,1000,0
VEGI.US,5,20251212,180500,39.669,39.69,39.669,39.685,2344,0
VEGI.US,5,20251212,190500,39.645,39.645,39.645,39.645,110,0
VEGI.US,5,20251212,195500,39.7799,39.7799,39.7799,39.7799,175,0
VEGI.US,5,20251212,205000,39.726,39.726,39.726,39.726,125,0
VEGI.US,5,20251212,211000,39.73,39.73,39.73,39.73,170,0
VEGI.US,5,20251212,213000,39.7,39.7,39.7,39.7,320,0
VEGI.US,5,20251212,213500,39.7,39.7,39.7,39.7,100,0
VEGI.US,5,20251212,214000,39.6393,39.6393,39.6393,39.6393,100,0
VEGI.US,5,20251212,215500,39.73,39.73,39.7,39.7,226,0
VEGI.US,5,20251215,155000,39.6845,39.6845,39.68,39.68,226,0
VEGI.US,5,20251215,162000,39.646,39.646,39.646,39.646,125,0
VEGI.US,5,20251215,164500,39.685,39.685,39.685,39.685,100,0
VEGI.US,5,20251215,170000,39.65,39.65,39.65,39.65,100,0
VEGI.US,5,20251215,175000,39.6178,39.6178,39.6178,39.6178,194,0
VEGI.US,5,20251215,183500,39.5752,39.5752,39.5752,39.5752,100,0
VEGI.US,5,20251215,193000,39.59,39.6,39.59,39.5999,400,0
VEGI.US,5,20251215,193500,39.575,39.575,39.575,39.575,175,0
VEGI.US,5,20251215,194500,39.5683,39.5683,39.5683,39.5683,200,0
VEGI.US,5,20251215,200000,39.658,39.658,39.65,39.658,500,0
VEGI.US,5,20251215,200500,39.6208,39.6208,39.6208,39.6208,500,0
VEGI.US,5,20251215,215500,39.77,39.77,39.77,39.77,200,0
VEGI.US,5,20251216,170500,39.105,39.105,39.0512,39.0512,688,0
VEGI.US,5,20251216,171500,39.14,39.15,39.06,39.06,400,0
VEGI.US,5,20251216,180500,39.1025,39.13,39.1025,39.13,2394,0
VEGI.US,5,20251216,193500,39.03,39.05,39.03,39.03,513,0
VEGI.US,5,20251216,195500,38.98,38.98,38.98,38.98,142,0
VEGI.US,5,20251216,214000,38.99,38.99,38.99,38.99,425,0
VEGI.US,5,20251216,214500,39.01,39.01,39.01,39.01,350,0
VEGI.US,5,20251216,215500,39.02,39.02,39.02,39.02,100,0
VEGI.US,5,20251217,153500,39.0979,39.0979,39.0979,39.0979,167,0
VEGI.US,5,20251217,154000,39.0902,39.0902,39.0902,39.0902,350,0
VEGI.US,5,20251217,154500,39.13,39.13,39.13,39.13,1410,0
VEGI.US,5,20251217,160500,39.2673,39.2673,39.2673,39.2673,635,0
VEGI.US,5,20251217,162500,39.305,39.305,39.305,39.305,200,0
VEGI.US,5,20251217,165000,39.31,39.31,39.31,39.31,439,0
VEGI.US,5,20251217,172000,39.138,39.138,39.138,39.138,366,0
VEGI.US,5,20251217,173000,39.1127,39.1127,39.1127,39.1127,200,0
VEGI.US,5,20251217,174000,39.1413,39.1413,39.1413,39.1413,121,0
VEGI.US,5,20251217,180000,39.1476,39.1476,39.1476,39.1476,161,0
VEGI.US,5,20251217,194500,39.1,39.1,39.1,39.1,100,0
VEGI.US,5,20251217,202500,39.13,39.13,39.13,39.13,100,0
VEGI.US,5,20251217,204000,39.0931,39.0931,39.0931,39.0931,100,0
VEGI.US,5,20251217,205500,39.142,39.142,39.142,39.142,100,0
VEGI.US,5,20251217,211500,39.125,39.125,39.125,39.125,107,0
VEGI.US,5,20251217,212000,39.1313,39.1313,39.12,39.12,207,0
VEGI.US,5,20251217,212500,39.11,39.11,39.11,39.11,134,0
VEGI.US,5,20251217,215000,39.129,39.129,39.129,39.129,100,0
VEGI.US,5,20251217,215500,39.065,39.09,39.065,39.09,200,0
VEGI.US,5,20251218,154500,39.265,39.265,39.265,39.265,100,0
VEGI.US,5,20251218,163000,39.15,39.15,39.15,39.15,100,0
VEGI.US,5,20251218,164000,39.21,39.21,39.21,39.21,100,0
VEGI.US,5,20251218,165000,39.165,39.165,39.15,39.15,315,0
VEGI.US,5,20251218,170000,39.15,39.15,39.15,39.15,300,0
VEGI.US,5,20251218,171500,39.18,39.18,39.18,39.18,100,0
VEGI.US,5,20251218,173000,39.18,39.18,39.18,39.18,100,0
VEGI.US,5,20251218,174500,39.15,39.15,39.14,39.14,400,0
VEGI.US,5,20251218,182500,38.86,38.86,38.86,38.86,100,0
VEGI.US,5,20251218,184500,38.9,38.9,38.78,38.876,2145,0
VEGI.US,5,20251218,193500,38.91,38.91,38.91,38.91,100,0
VEGI.US,5,20251218,194000,38.955,38.955,38.955,38.955,150,0
VEGI.US,5,20251218,203500,38.96,38.96,38.96,38.96,100,0
VEGI.US,5,20251218,204500,38.9114,38.9114,38.9114,38.9114,193,0
VEGI.US,5,20251218,213500,38.955,38.955,38.955,38.955,350,0
VEGI.US,5,20251218,214000,39,39,38.9999,38.9999,200,0
VEGI.US,5,20251219,153000,38.93,38.93,38.93,38.93,100,0
VEGI.US,5,20251219,153500,38.9,38.9,38.86,38.884,400,0
VEGI.US,5,20251219,164000,38.845,38.845,38.845,38.845,162,0
VEGI.US,5,20251219,173000,38.7573,38.7573,38.7573,38.7573,307,0
VEGI.US,5,20251219,182000,38.8,38.8,38.8,38.8,645,0
VEGI.US,5,20251219,191000,38.79,38.79,38.79,38.79,4921,0
VEGI.US,5,20251219,192500,38.78,38.8,38.78,38.8,300,0
VEGI.US,5,20251219,200000,38.76,38.76,38.76,38.76,200,0
VEGI.US,5,20251219,204000,38.6807,38.6807,38.6807,38.6807,100,0
VEGI.US,5,20251219,211500,38.6601,38.6601,38.6601,38.6601,494,0
VEGI.US,5,20251219,214000,38.6999,38.6999,38.6999,38.6999,388,0
VEGI.US,5,20251219,215500,38.66,38.66,38.66,38.66,100,0
VEGI.US,5,20251222,154000,38.8,38.8,38.735,38.735,437,0
VEGI.US,5,20251222,163000,38.84,38.84,38.84,38.84,187,0
VEGI.US,5,20251222,164000,38.82,38.82,38.82,38.82,200,0
VEGI.US,5,20251222,172000,38.72,38.72,38.72,38.72,213,0
VEGI.US,5,20251222,181000,38.78,38.78,38.78,38.78,2360,0
VEGI.US,5,20251222,183500,38.725,38.725,38.725,38.725,134,0
VEGI.US,5,20251222,184000,38.77,38.77,38.77,38.77,200,0
VEGI.US,5,20251222,200000,38.6808,38.6808,38.6624,38.6624,613,0
VEGI.US,5,20251222,201000,38.63,38.63,38.63,38.63,100,0
VEGI.US,5,20251222,203000,38.6953,38.6953,38.6953,38.6953,1290,0
VEGI.US,5,20251222,204500,38.704,38.704,38.704,38.704,645,0
VEGI.US,5,20251222,212000,38.74,38.75,38.74,38.75,200,0
VEGI.US,5,20251222,213500,38.75,38.75,38.75,38.75,100,0
VEGI.US,5,20251222,214000,38.7412,38.7412,38.7412,38.7412,200,0
VEGI.US,5,20251222,215000,38.73,38.73,38.73,38.73,193,0
