<TICKER>,<PER>,<DATE>,<TIME>,<OPEN>,<HIGH>,<LOW>,<CLOSE>,<VOL>,<OPENINT>
WLDR.US,5,20250728,161000,33.55,33.78,33.55,33.78,300,0
WLDR.US,5,20250728,175500,33.7152,33.778,33.7152,33.778,218,0
WLDR.US,5,20250728,215500,33.75,33.75,33.68,33.73,581,0
WLDR.US,5,20250729,153500,33.58,33.58,33.58,33.58,100,0
WLDR.US,5,20250729,160000,33.71,33.71,33.53,33.53,700,0
WLDR.US,5,20250729,163000,33.8251,33.8251,33.8251,33.8251,774,0
WLDR.US,5,20250729,172000,33.71,34,33.71,34,200,0
WLDR.US,5,20250729,180500,33.92,33.92,33.92,33.92,100,0
WLDR.US,5,20250729,200500,33.62,33.62,33.62,33.62,1260,0
WLDR.US,5,20250729,201000,33.64,33.64,33.64,33.64,580,0
WLDR.US,5,20250729,202000,33.64,33.64,33.64,33.64,505,0
WLDR.US,5,20250730,175500,33.7524,33.83,33.7524,33.83,444,0
WLDR.US,5,20250731,181000,34.28,34.28,34.28,34.28,491,0
WLDR.US,5,20250731,201500,33.92,33.92,33.92,33.92,2000,0
WLDR.US,5,20250801,154000,33.5935,33.5935,33.5935,33.5935,100,0
WLDR.US,5,20250801,180500,33.7005,33.88,33.7005,33.88,907,0
WLDR.US,5,20250804,163000,34.16,34.16,33.94,33.94,1577,0
WLDR.US,5,20250804,173000,34.05,34.05,34.05,34.05,100,0
WLDR.US,5,20250805,175000,33.76,33.76,33.76,33.76,1057,0
WLDR.US,5,20250805,180000,34.02,34.02,33.94,34,793,0
WLDR.US,5,20250806,171000,33.8401,33.8401,33.8401,33.8401,100,0
WLDR.US,5,20250807,184000,34.09,34.09,34.09,34.09,425,0
WLDR.US,5,20250808,171500,34.25,34.25,34.25,34.25,100,0
WLDR.US,5,20250808,172000,34.42,34.62,34.42,34.62,1487,0
WLDR.US,5,20250808,174500,34.4232,34.4232,34.4232,34.4232,277,0
WLDR.US,5,20250808,215500,34.42,34.42,34.42,34.42,100,0
WLDR.US,5,20250811,163000,34.53,34.55,34.53,34.55,1446,0
WLDR.US,5,20250811,180000,34.52,34.52,34.42,34.42,200,0
WLDR.US,5,20250811,180500,34.37,34.37,34.37,34.37,762,0
WLDR.US,5,20250811,195500,34.41,34.41,34.41,34.41,100,0
WLDR.US,5,20250812,164000,34.624,34.624,34.624,34.624,430,0
WLDR.US,5,20250812,172000,34.84,34.84,34.614,34.71,617,0
WLDR.US,5,20250812,192500,34.6452,34.6452,34.57,34.57,241,0
WLDR.US,5,20250813,171500,34.81,34.84,34.81,34.84,17394,0
WLDR.US,5,20250813,172500,34.81,34.82,34.81,34.82,301,0
WLDR.US,5,20250813,181500,34.71,34.71,34.71,34.71,539,0
WLDR.US,5,20250813,192000,34.71,34.71,34.71,34.71,100,0
WLDR.US,5,20250813,193000,34.78,34.8199,34.62,34.8199,724,0
WLDR.US,5,20250813,202500,34.78,34.78,34.78,34.78,404,0
WLDR.US,5,20250813,204500,34.84,34.84,34.84,34.84,404,0
WLDR.US,5,20250813,215000,34.865,34.865,34.865,34.865,400,0
WLDR.US,5,20250814,163000,34.63,34.79,34.63,34.63,4248,0
WLDR.US,5,20250814,172000,34.41,34.4101,34.41,34.4101,278,0
WLDR.US,5,20250814,174500,34.525,34.525,34.42,34.42,200,0
WLDR.US,5,20250814,185000,34.4884,34.4884,34.4884,34.4884,400,0
WLDR.US,5,20250814,193000,34.35,34.35,34.35,34.35,200,0
WLDR.US,5,20250814,195000,34.54,34.54,34.54,34.54,606,0
WLDR.US,5,20250814,195500,34.5,34.5,34.5,34.5,100,0
WLDR.US,5,20250815,163000,34.65,34.65,34.65,34.65,2548,0
WLDR.US,5,20250815,173500,34.53,34.53,34.53,34.53,110,0
WLDR.US,5,20250815,174000,34.525,34.525,34.525,34.525,123,0
WLDR.US,5,20250815,181000,34.513,34.55,34.42,34.55,1703,0
WLDR.US,5,20250815,195000,34.4965,34.4965,34.4965,34.4965,176,0
WLDR.US,5,20250818,160500,34.71,34.71,34.71,34.71,100,0
WLDR.US,5,20250818,163500,34.66,34.66,34.66,34.66,759,0
WLDR.US,5,20250818,170500,34.6695,34.6695,34.6695,34.6695,400,0
WLDR.US,5,20250818,205000,34.76,34.76,34.76,34.76,1268,0
WLDR.US,5,20250818,213500,34.69,34.69,34.69,34.69,700,0
WLDR.US,5,20250819,162000,34.72,34.72,34.72,34.72,100,0
WLDR.US,5,20250819,184500,34.49,34.635,34.48,34.635,870,0
WLDR.US,5,20250819,185000,34.605,34.7863,34.605,34.7863,3000,0
WLDR.US,5,20250819,194000,34.58,34.58,34.58,34.58,1670,0
WLDR.US,5,20250819,194500,34.48,34.48,34.48,34.48,1596,0
WLDR.US,5,20250819,195000,34.63,34.63,34.63,34.63,100,0
WLDR.US,5,20250819,200000,34.42,34.42,34.42,34.42,100,0
WLDR.US,5,20250820,182500,34.353,34.353,34.353,34.353,329,0
WLDR.US,5,20250820,183000,34.39,34.5,34.39,34.5,1683,0
WLDR.US,5,20250820,211000,34.56,34.56,34.56,34.56,100,0
WLDR.US,5,20250821,154500,34.915,34.915,34.915,34.915,100,0
WLDR.US,5,20250821,155000,34.5299,34.5299,34.5299,34.5299,115,0
WLDR.US,5,20250821,163500,34.5764,34.5764,34.5764,34.5764,174,0
WLDR.US,5,20250821,173500,34.5,34.5,34.45,34.45,599,0
WLDR.US,5,20250821,193000,34.36,34.36,34.2901,34.2901,572,0
WLDR.US,5,20250822,172500,35.18,35.18,35.07,35.1,500,0
WLDR.US,5,20250822,192000,34.95,34.95,34.95,34.95,368,0
WLDR.US,5,20250822,205000,34.74,34.76,34.74,34.76,200,0
WLDR.US,5,20250825,161000,35.07,35.07,35.07,35.07,100,0
WLDR.US,5,20250825,161500,35.2,35.2,35.2,35.2,2274,0
WLDR.US,5,20250825,164500,35.17,35.17,35.17,35.17,262,0
WLDR.US,5,20250825,173000,35.11,35.11,35.11,35.11,100,0
WLDR.US,5,20250825,180500,35.07,35.07,35.07,35.07,804,0
WLDR.US,5,20250825,183500,35.075,35.075,35.075,35.075,100,0
WLDR.US,5,20250825,215500,35.07,35.07,35.035,35.035,646,0
WLDR.US,5,20250826,153000,35,35,35,35,100,0
WLDR.US,5,20250826,162000,34.765,34.97,34.765,34.97,582,0
WLDR.US,5,20250826,170000,34.8998,35.04,34.8998,35.04,1111,0
WLDR.US,5,20250827,165500,34.801,35.0299,34.7986,34.7986,1475,0
WLDR.US,5,20250827,175000,34.9786,34.98,34.9786,34.98,450,0
WLDR.US,5,20250827,193500,34.8702,35.03,34.7,34.885,1200,0
WLDR.US,5,20250827,205500,35.07,35.07,35.07,35.07,100,0
WLDR.US,5,20250828,154500,35.2959,35.2959,35.2959,35.2959,182,0
WLDR.US,5,20250828,164000,35.0178,35.1254,35.0178,35.1254,734,0
WLDR.US,5,20250828,200500,35.36,35.36,35.36,35.36,100,0
WLDR.US,5,20250829,161500,35.0374,35.0374,35.0374,35.0374,170,0
WLDR.US,5,20250829,162000,35.07,35.07,35.07,35.07,100,0
WLDR.US,5,20250829,175000,35.01,35.01,35.01,35.01,109,0
WLDR.US,5,20250902,154000,33.94,33.94,33.94,33.94,700,0
WLDR.US,5,20250902,155500,34.585,34.585,34.585,34.585,100,0
WLDR.US,5,20250902,182500,34.7,34.7,34.7,34.7,100,0
WLDR.US,5,20250902,193500,34.6739,34.6739,34.6739,34.6739,127,0
WLDR.US,5,20250903,173500,35,35,35,35,287,0
WLDR.US,5,20250903,174000,35.15,35.15,35.15,35.15,1898,0
WLDR.US,5,20250903,193000,35.09,35.09,35.09,35.09,768,0
WLDR.US,5,20250904,165000,35.26,35.26,35.22,35.22,339,0
WLDR.US,5,20250904,193000,35.21,35.21,35.21,35.21,544,0
WLDR.US,5,20250904,210000,35.3855,35.3855,35.3855,35.3855,900,0
WLDR.US,5,20250905,154500,35.78,35.82,35.7112,35.7112,1843,0
WLDR.US,5,20250905,162500,35.3867,35.3867,35.3867,35.3867,298,0
WLDR.US,5,20250905,163000,35.55,35.55,35.55,35.55,1271,0
WLDR.US,5,20250905,174000,35.44,35.44,35.44,35.44,100,0
WLDR.US,5,20250905,200000,35.69,35.69,35.69,35.69,32071,0
WLDR.US,5,20250908,163500,35.725,35.725,35.725,35.725,225,0
WLDR.US,5,20250908,173500,35.879,35.879,35.879,35.879,196,0
WLDR.US,5,20250908,174000,35.89,35.89,35.89,35.89,2141,0
WLDR.US,5,20250908,192000,35.9,35.9,35.9,35.9,115,0
WLDR.US,5,20250908,194500,35.88,35.88,35.88,35.88,375,0
WLDR.US,5,20250908,210000,35.72,35.72,35.7,35.72,1229,0
WLDR.US,5,20250908,211000,35.64,35.7349,35.64,35.7328,1453,0
WLDR.US,5,20250909,160500,35.91,35.91,35.91,35.91,154,0
WLDR.US,5,20250909,161500,35.92,35.92,35.92,35.92,100,0
WLDR.US,5,20250909,162000,35.721,35.721,35.721,35.721,161,0
WLDR.US,5,20250909,163500,35.7072,35.7072,35.7072,35.7072,301,0
WLDR.US,5,20250909,181500,35.74,35.74,35.74,35.74,190,0
WLDR.US,5,20250909,182500,35.7403,35.86,35.7403,35.86,680,0
WLDR.US,5,20250909,211500,36.01,36.01,36.01,36.01,100,0
WLDR.US,5,20250910,154500,36.75,36.75,36.75,36.75,121,0
WLDR.US,5,20250910,160500,36.1,36.1,36.1,36.1,270,0
WLDR.US,5,20250910,164000,36.09,36.09,36.09,36.09,3494,0
WLDR.US,5,20250910,165500,36.11,36.11,36.11,36.11,236,0
WLDR.US,5,20250910,192000,35.884,35.884,35.884,35.884,329,0
WLDR.US,5,20250910,214500,35.905,35.905,35.905,35.905,200,0
WLDR.US,5,20250911,180000,36.29,36.29,36.29,36.29,100,0
WLDR.US,5,20250912,153500,36.13,36.13,36.121,36.121,365,0
WLDR.US,5,20250912,161500,36.4856,36.4856,36.4856,36.4856,100,0
WLDR.US,5,20250912,162000,36.4856,36.4856,36.4856,36.4856,229,0
WLDR.US,5,20250912,171000,36.28,36.28,36.28,36.28,500,0
WLDR.US,5,20250912,173500,36.3,36.3,36.3,36.3,377,0
WLDR.US,5,20250912,194000,36.31,36.31,36.31,36.31,1584,0
WLDR.US,5,20250912,194500,36.41,36.41,36.41,36.41,2156,0
WLDR.US,5,20250912,195500,36.051,36.051,36.051,36.051,205,0
WLDR.US,5,20250912,200000,36.489,36.489,36.489,36.489,956,0
WLDR.US,5,20250912,204500,36.295,36.295,36.295,36.295,100,0
WLDR.US,5,20250912,210000,36.29,36.29,36.29,36.29,100,0
WLDR.US,5,20250912,213000,36.315,36.315,36.315,36.315,100,0
WLDR.US,5,20250912,214000,36.315,36.3151,36.315,36.3151,200,0
WLDR.US,5,20250912,215500,36.315,36.315,36.315,36.315,700,0
WLDR.US,5,20250915,153000,37,37,37,37,2402,0
WLDR.US,5,20250915,162000,36.63,36.63,36.63,36.63,1033,0
WLDR.US,5,20250915,175000,36.565,36.68,36.4501,36.565,3080,0
WLDR.US,5,20250915,194000,36.45,36.62,36.45,36.535,2109,0
WLDR.US,5,20250915,204000,36.555,36.555,36.555,36.555,100,0
WLDR.US,5,20250916,154500,36.4946,36.4946,36.4946,36.4946,138,0
WLDR.US,5,20250916,171000,36.39,36.39,36.39,36.39,490,0
WLDR.US,5,20250916,171500,36.36,36.36,36.36,36.36,888,0
WLDR.US,5,20250916,201000,36.3256,36.3256,36.3256,36.3256,200,0
WLDR.US,5,20250916,203500,36.311,36.49,36.311,36.49,499,0
WLDR.US,5,20250916,205000,36.2472,36.2472,36.2472,36.2472,274,0
WLDR.US,5,20250917,163000,36.1662,36.1662,36.1662,36.1662,279,0
WLDR.US,5,20250917,191500,36.1778,36.1778,36.1778,36.1778,220,0
WLDR.US,5,20250917,200500,36.3644,36.3644,36.3644,36.3644,260,0
WLDR.US,5,20250917,202000,36.3722,36.3722,36.3722,36.3722,194,0
WLDR.US,5,20250917,211500,36.345,36.345,36.345,36.345,200,0
WLDR.US,5,20250917,214000,36.365,36.365,36.365,36.365,100,0
WLDR.US,5,20250918,173000,36.35,36.35,36.35,36.35,500,0
WLDR.US,5,20250918,200000,36.82,36.83,36.82,36.83,200,0
WLDR.US,5,20250919,160500,36.61,36.61,36.61,36.61,1364,0
WLDR.US,5,20250919,194500,36.5966,36.5966,36.5966,36.5966,149,0
WLDR.US,5,20250919,200000,36.5775,36.72,36.5775,36.72,1100,0
WLDR.US,5,20250919,205000,36.595,36.595,36.595,36.595,100,0
WLDR.US,5,20250922,155500,36.95,36.97,36.95,36.97,200,0
WLDR.US,5,20250922,160000,36.9025,36.95,36.9025,36.95,200,0
WLDR.US,5,20250922,162500,36.88,36.9,36.88,36.9,1037,0
WLDR.US,5,20250922,163000,36.88,36.88,36.88,36.88,100,0
WLDR.US,5,20250922,163500,36.88,36.88,36.88,36.88,100,0
WLDR.US,5,20250922,165000,36.9,36.9,36.9,36.9,100,0
WLDR.US,5,20250922,170000,36.9,36.9,36.9,36.9,100,0
WLDR.US,5,20250922,171000,36.9,36.9,36.9,36.9,100,0
WLDR.US,5,20250922,172000,36.895,36.895,36.895,36.895,100,0
WLDR.US,5,20250922,173000,36.915,36.915,36.9,36.9,748,0
WLDR.US,5,20250922,174500,36.8975,36.8975,36.8975,36.8975,100,0
WLDR.US,5,20250922,175500,36.9,36.9,36.9,36.9,100,0
WLDR.US,5,20250922,180000,36.89,36.915,36.89,36.915,200,0
WLDR.US,5,20250922,182000,36.91,36.91,36.91,36.91,100,0
WLDR.US,5,20250922,183000,36.92,36.92,36.92,36.92,100,0
WLDR.US,5,20250922,185500,36.91,36.91,36.91,36.91,100,0
WLDR.US,5,20250922,191500,36.9225,36.9225,36.9225,36.9225,100,0
WLDR.US,5,20250922,193000,36.9275,36.955,36.9275,36.955,286,0
WLDR.US,5,20250922,193500,36.88,37.03,36.88,37.03,381,0
WLDR.US,5,20250922,194500,36.945,36.945,36.945,36.945,100,0
WLDR.US,5,20250922,200500,36.9225,36.9225,36.9225,36.9225,100,0
WLDR.US,5,20250922,202000,36.9325,36.9325,36.9325,36.9325,100,0
WLDR.US,5,20250922,203500,36.9325,36.9325,36.9325,36.9325,100,0
WLDR.US,5,20250922,204500,36.935,36.935,36.935,36.935,100,0
WLDR.US,5,20250922,210000,36.93,36.93,36.93,36.93,100,0
WLDR.US,5,20250922,211500,36.945,36.975,36.945,36.975,200,0
WLDR.US,5,20250922,212500,36.9375,36.9375,36.9375,36.9375,100,0
WLDR.US,5,20250922,213500,36.9225,36.9225,36.9225,36.9225,100,0
WLDR.US,5,20250922,214000,36.9375,36.9375,36.9375,36.9375,100,0
WLDR.US,5,20250922,215000,37.035,37.035,37.035,37.035,100,0
WLDR.US,5,20250922,215500,37.06,37.06,36.995,36.995,413,0
WLDR.US,5,20250923,154500,37.115,37.115,37.115,37.115,400,0
WLDR.US,5,20250923,163000,37.24,37.24,37.24,37.24,1019,0
WLDR.US,5,20250923,171000,37.17,37.172,37.17,37.17,1463,0
WLDR.US,5,20250923,173500,37.16,37.16,37.16,37.16,100,0
WLDR.US,5,20250923,181000,37.1375,37.1572,37.1375,37.1572,443,0
WLDR.US,5,20250923,191500,37.19,37.19,37.19,37.19,150,0
WLDR.US,5,20250923,194000,37.185,37.185,37.185,37.185,163,0
WLDR.US,5,20250923,195000,37.18,37.18,37.18,37.18,200,0
WLDR.US,5,20250923,205000,37.18,37.185,37.18,37.185,300,0
WLDR.US,5,20250923,215000,37.18,37.18,37.18,37.18,200,0
WLDR.US,5,20250924,160000,36.9453,36.9453,36.9453,36.9453,189,0
WLDR.US,5,20250924,160500,36.7264,36.7264,36.7264,36.7264,266,0
WLDR.US,5,20250924,163000,36.7758,36.7758,36.7758,36.7758,127,0
WLDR.US,5,20250924,172000,36.58,36.58,36.58,36.58,194,0
WLDR.US,5,20250924,193500,36.745,36.745,36.745,36.745,390,0
WLDR.US,5,20250924,212500,36.83,36.83,36.83,36.83,100,0
WLDR.US,5,20250925,174500,36.41,36.41,36.41,36.41,446,0
WLDR.US,5,20250925,192500,36.242,36.242,36.242,36.242,126,0
WLDR.US,5,20250925,212500,36.25,36.28,36.24,36.28,4948,0
WLDR.US,5,20250926,174500,36.63,36.63,36.17,36.4149,1046,0
WLDR.US,5,20250926,194000,36.4,36.4,36.4,36.4,100,0
WLDR.US,5,20250929,153500,36.55,36.55,36.55,36.55,100,0
WLDR.US,5,20250929,162500,36.755,36.755,36.755,36.755,279,0
WLDR.US,5,20250929,164500,36.755,36.755,36.755,36.755,210,0
WLDR.US,5,20250929,165500,36.7034,36.7034,36.7034,36.7034,210,0
WLDR.US,5,20250929,170000,36.7681,36.7681,36.7681,36.7681,108,0
WLDR.US,5,20250929,180000,36.94,37,36.94,37,1030,0
WLDR.US,5,20250929,182000,37.02,37.02,37.02,37.02,100,0
WLDR.US,5,20250929,184000,36.98,36.98,36.98,36.98,100,0
WLDR.US,5,20250929,192500,36.7951,36.7951,36.7951,36.7951,100,0
WLDR.US,5,20250929,200000,36.77,36.77,36.77,36.77,100,0
WLDR.US,5,20250929,200500,36.69,36.69,36.56,36.56,617,0
WLDR.US,5,20250929,211500,36.83,36.83,36.83,36.83,100,0
WLDR.US,5,20250929,215000,37.12,37.12,37.12,37.12,100,0
WLDR.US,5,20250930,171000,36.885,36.885,36.885,36.885,1000,0
WLDR.US,5,20250930,172000,36.865,37.05,36.865,37.05,250,0
WLDR.US,5,20250930,174000,37.04,37.04,36.8595,36.8595,694,0
WLDR.US,5,20250930,190000,37,37,37,37,100,0
WLDR.US,5,20250930,191000,37.0005,37.0005,37.0005,37.0005,196,0
WLDR.US,5,20250930,192000,37.1188,37.1188,37.1188,37.1188,100,0
WLDR.US,5,20250930,201500,37.0075,37.15,37.0075,37.15,300,0
WLDR.US,5,20250930,202000,37.015,37.015,37.015,37.015,413,0
WLDR.US,5,20250930,202500,37.11,37.11,37.11,37.11,739,0
WLDR.US,5,20251001,165000,37.4561,37.4561,37.4561,37.4561,699,0
WLDR.US,5,20251001,175500,37.2609,37.2609,37.2609,37.2609,250,0
WLDR.US,5,20251001,183500,37.2627,37.2627,37.2627,37.2627,532,0
WLDR.US,5,20251001,193500,37.44,37.44,37.3,37.3,2488,0
WLDR.US,5,20251001,202000,37.345,37.345,37.345,37.345,118,0
WLDR.US,5,20251001,210500,37.55,37.55,37.55,37.55,179,0
WLDR.US,5,20251001,212000,37.58,37.58,37.58,37.58,100,0
WLDR.US,5,20251001,213500,37.6386,37.6386,37.6386,37.6386,100,0
WLDR.US,5,20251002,155000,37.255,37.255,37.255,37.255,262,0
WLDR.US,5,20251002,164500,37.2647,37.2647,37.2647,37.2647,797,0
WLDR.US,5,20251002,180500,37.3055,37.3055,37.3055,37.3055,196,0
WLDR.US,5,20251002,183500,37.435,37.435,37.435,37.435,100,0
WLDR.US,5,20251002,192500,37.38,37.38,37.38,37.38,100,0
WLDR.US,5,20251002,193000,37.37,37.37,37.37,37.37,107,0
WLDR.US,5,20251002,195500,37.4985,37.4985,37.4985,37.4985,664,0
WLDR.US,5,20251002,200000,37.48,37.54,37.48,37.54,2674,0
WLDR.US,5,20251002,202500,37.46,37.46,37.46,37.46,132,0
WLDR.US,5,20251003,162500,37.62,37.62,37.44,37.44,1906,0
WLDR.US,5,20251003,180000,37.645,37.645,37.645,37.645,136,0
WLDR.US,5,20251003,181000,37.84,37.84,37.84,37.84,1333,0
WLDR.US,5,20251003,194000,37.44,37.5441,37.44,37.5441,1397,0
WLDR.US,5,20251006,160000,37.5799,37.5799,37.5799,37.5799,200,0
WLDR.US,5,20251006,162000,37.295,37.295,37.295,37.295,100,0
WLDR.US,5,20251006,181000,37.303,37.45,37.303,37.45,520,0
WLDR.US,5,20251006,190500,37.5371,37.5371,37.5371,37.5371,223,0
WLDR.US,5,20251006,203500,37.54,37.54,37.54,37.54,100,0
WLDR.US,5,20251006,214000,37.46,37.46,37.46,37.46,100,0
WLDR.US,5,20251006,214500,37.45,37.45,37.45,37.45,750,0
WLDR.US,5,20251006,215000,37.44,37.44,37.44,37.44,100,0
WLDR.US,5,20251007,162000,36.57,36.57,36.57,36.57,100,0
WLDR.US,5,20251007,180500,36.84,36.84,36.73,36.73,614,0
WLDR.US,5,20251007,185000,36.89,36.89,36.89,36.89,100,0
WLDR.US,5,20251007,193500,36.825,36.825,36.755,36.755,886,0
WLDR.US,5,20251007,194500,36.86,36.86,36.85,36.85,540,0
WLDR.US,5,20251008,153500,36.9,36.9001,36.9,36.9001,400,0
WLDR.US,5,20251008,163500,37.02,37.02,37.02,37.02,1296,0
WLDR.US,5,20251008,165000,37.03,37.03,36.9923,36.9923,400,0
WLDR.US,5,20251008,170000,37.03,38.1,36.89,36.965,5133,0
WLDR.US,5,20251008,180500,37.01,37.01,37.01,37.01,100,0
WLDR.US,5,20251008,190500,36.9355,36.9355,36.9355,36.9355,100,0
WLDR.US,5,20251008,201000,36.9485,36.9485,36.89,36.89,475,0
WLDR.US,5,20251008,202000,36.935,36.935,36.935,36.935,100,0
WLDR.US,5,20251008,211500,36.95,36.95,36.95,36.95,279,0
WLDR.US,5,20251009,155000,37.06,37.06,37.06,37.06,100,0
WLDR.US,5,20251009,163500,37.04,37.065,37.04,37.06,1600,0
WLDR.US,5,20251009,173500,37,37,37,37,287,0
WLDR.US,5,20251009,180000,36.95,36.95,36.95,36.95,750,0
WLDR.US,5,20251009,180500,36.8,36.8,36.8,36.8,1395,0
WLDR.US,5,20251009,195000,36.615,36.615,36.615,36.615,199,0
WLDR.US,5,20251010,162000,36.13,36.13,36.13,36.13,349,0
WLDR.US,5,20251010,173000,36.04,36.04,36.04,36.04,100,0
WLDR.US,5,20251010,180000,35.9544,35.9544,35.9544,35.9544,597,0
WLDR.US,5,20251010,181000,35.8301,35.8301,35.8301,35.8301,236,0
WLDR.US,5,20251010,182000,35.973,36.08,35.973,36.08,940,0
WLDR.US,5,20251010,205000,35.83,35.83,35.83,35.83,127,0
WLDR.US,5,20251010,210000,35.82,35.82,35.82,35.82,100,0
WLDR.US,5,20251010,211000,35.82,35.82,35.82,35.82,100,0
WLDR.US,5,20251013,164500,35.94,35.94,35.94,35.94,100,0
WLDR.US,5,20251013,175000,36.08,36.08,36.08,36.08,100,0
WLDR.US,5,20251013,175500,35.9483,35.9483,35.9483,35.9483,125,0
WLDR.US,5,20251013,183500,35.9824,35.9824,35.9824,35.9824,100,0
WLDR.US,5,20251013,201500,36.15,36.15,36.15,36.15,115,0
WLDR.US,5,20251014,160500,35.988,35.988,35.988,35.988,578,0
WLDR.US,5,20251014,161000,35.82,35.82,35.82,35.82,100,0
WLDR.US,5,20251014,175000,36.1694,36.1694,36.1694,36.1694,303,0
WLDR.US,5,20251014,182500,36.245,36.35,36.245,36.35,625,0
WLDR.US,5,20251014,183000,36.245,36.245,36.245,36.245,300,0
WLDR.US,5,20251014,194500,36.2402,36.2402,36.2402,36.2402,160,0
WLDR.US,5,20251014,214500,36.229,36.229,36.229,36.229,100,0
WLDR.US,5,20251015,162500,36.336,36.336,36.336,36.336,217,0
WLDR.US,5,20251015,164500,36.18,36.42,36.18,36.325,1425,0
WLDR.US,5,20251015,172000,36.3395,36.3395,36.3395,36.3395,707,0
WLDR.US,5,20251015,175000,36.2196,36.2196,36.2196,36.2196,835,0
WLDR.US,5,20251015,175500,36.24,36.24,36.24,36.24,100,0
WLDR.US,5,20251015,180000,36.19,36.19,36.19,36.19,100,0
WLDR.US,5,20251015,180500,36.19,36.19,36.181,36.181,239,0
WLDR.US,5,20251015,194000,36.1727,36.22,36.1334,36.22,1072,0
WLDR.US,5,20251015,201000,36.439,36.439,36.439,36.439,121,0
WLDR.US,5,20251016,164000,36.17,36.17,36.14,36.14,200,0
WLDR.US,5,20251016,183500,36.3732,36.3732,36.3732,36.3732,847,0
WLDR.US,5,20251016,184000,36.2139,36.2139,36.2139,36.2139,166,0
WLDR.US,5,20251016,194500,36.4,36.4,36.4,36.4,516,0
WLDR.US,5,20251016,205000,36.3463,36.3463,36.3463,36.3463,1364,0
WLDR.US,5,20251016,215500,36.37,36.37,36.37,36.37,100,0
WLDR.US,5,20251017,162500,35.97,35.97,35.97,35.97,100,0
WLDR.US,5,20251017,164500,35.93,35.93,35.93,35.93,975,0
WLDR.US,5,20251017,180500,35.988,35.988,35.988,35.988,358,0
WLDR.US,5,20251017,183500,35.98,35.98,35.98,35.98,609,0
WLDR.US,5,20251017,195500,35.9215,35.9215,35.9215,35.9215,262,0
WLDR.US,5,20251020,154500,36.21,36.21,36.21,36.21,100,0
WLDR.US,5,20251020,175500,36.07,36.07,36.07,36.07,373,0
WLDR.US,5,20251020,180000,36.1605,36.1605,36.1605,36.1605,709,0
WLDR.US,5,20251020,182000,36.23,36.23,36.23,36.23,150,0
WLDR.US,5,20251020,184000,36.31,36.31,36.31,36.31,163,0
WLDR.US,5,20251020,185000,36.33,36.33,36.33,36.33,100,0
WLDR.US,5,20251020,193000,36.31,36.31,36.31,36.31,700,0
WLDR.US,5,20251020,193500,36.1573,36.1573,36.1573,36.1573,382,0
WLDR.US,5,20251021,163000,36.4,36.4,36.4,36.4,100,0
WLDR.US,5,20251021,164500,36.29,36.29,36.29,36.29,407,0
WLDR.US,5,20251021,181500,36.38,36.38,36.38,36.38,100,0
WLDR.US,5,20251021,201500,36.52,36.52,36.52,36.52,1347,0
WLDR.US,5,20251021,202000,36.32,36.32,36.32,36.32,191,0
WLDR.US,5,20251022,162000,36.33,36.33,36.33,36.33,100,0
WLDR.US,5,20251022,175500,35.9,35.9,35.9,35.9,266,0
WLDR.US,5,20251022,181000,36.0904,36.0904,36.0904,36.0904,300,0
WLDR.US,5,20251022,185500,36.044,36.044,35.82,35.82,333,0
WLDR.US,5,20251022,200000,36.0085,36.0085,36.0085,36.0085,151,0
WLDR.US,5,20251022,210000,35.995,35.995,35.995,35.995,100,0
WLDR.US,5,20251023,161000,36.34,36.34,36.34,36.34,100,0
WLDR.US,5,20251023,163500,36.35,36.35,36.35,36.35,931,0
WLDR.US,5,20251023,174000,35.9601,36.1897,35.9601,36.1897,339,0
WLDR.US,5,20251024,185000,36.7136,36.7136,36.7136,36.7136,401,0
WLDR.US,5,20251027,150000,36.7948,37.03,36.7948,37.03,200,0
WLDR.US,5,20251027,153500,36.8812,37.07,36.8812,37.07,553,0
WLDR.US,5,20251027,164000,36.975,37.04,36.9328,37.04,405,0
WLDR.US,5,20251027,170500,36.94,36.94,36.94,36.94,418,0
WLDR.US,5,20251027,172000,37,37,37,37,100,0
WLDR.US,5,20251028,145000,36.93,36.93,36.93,36.93,100,0
WLDR.US,5,20251028,151000,36.92,36.92,36.92,36.92,200,0
WLDR.US,5,20251028,152000,36.93,36.93,36.93,36.93,100,0
WLDR.US,5,20251028,163500,36.97,36.97,36.97,36.97,171,0
WLDR.US,5,20251028,165500,36.89,37.01,36.89,37.01,468,0
WLDR.US,5,20251029,151000,37.04,37.04,37.04,37.04,100,0
WLDR.US,5,20251029,170500,36.884,37.01,36.884,37.01,572,0
WLDR.US,5,20251029,183000,37.025,37.025,37.025,37.025,100,0
WLDR.US,5,20251029,191000,36.9962,36.9962,36.9962,36.9962,243,0
WLDR.US,5,20251029,191500,37.08,37.08,37.08,37.08,100,0
WLDR.US,5,20251029,193500,36.92,36.92,36.92,36.92,100,0
WLDR.US,5,20251029,205500,36.92,36.93,36.88,36.88,921,0
WLDR.US,5,20251030,144500,36.51,36.51,36.51,36.51,100,0
WLDR.US,5,20251030,145000,36.695,36.695,36.695,36.695,100,0
WLDR.US,5,20251030,154500,36.6128,36.6128,36.6128,36.6128,533,0
WLDR.US,5,20251030,172000,36.86,36.86,36.685,36.685,315,0
WLDR.US,5,20251030,172500,36.79,36.79,36.79,36.79,807,0
WLDR.US,5,20251031,143500,36.7254,36.7254,36.7254,36.7254,100,0
WLDR.US,5,20251031,153500,36.57,36.57,36.57,36.57,108,0
WLDR.US,5,20251031,162500,36.52,36.52,36.52,36.52,100,0
WLDR.US,5,20251031,164000,36.51,36.51,36.51,36.51,100,0
WLDR.US,5,20251031,165000,36.53,36.53,36.53,36.53,100,0
WLDR.US,5,20251031,171500,36.505,36.505,36.505,36.505,100,0
WLDR.US,5,20251031,185000,36.5019,36.5019,36.5019,36.5019,130,0
WLDR.US,5,20251031,191000,36.52,36.52,36.52,36.52,229,0
WLDR.US,5,20251031,193000,36.5,36.5002,36.5,36.5002,200,0
WLDR.US,5,20251103,161500,36.5,36.5,36.5,36.5,399,0
WLDR.US,5,20251103,165000,36.5097,36.5097,36.5097,36.5097,508,0
WLDR.US,5,20251103,171500,36.57,36.66,36.57,36.66,1318,0
WLDR.US,5,20251103,174500,36.52,36.52,36.52,36.52,100,0
WLDR.US,5,20251103,175500,36.67,36.67,36.67,36.67,293,0
WLDR.US,5,20251103,180000,36.665,36.665,36.65,36.65,616,0
WLDR.US,5,20251103,202500,36.665,36.665,36.665,36.665,599,0
WLDR.US,5,20251104,153000,36.93,36.93,36.93,36.93,100,0
WLDR.US,5,20251104,154500,36.6,36.6,36.6,36.6,1013,0
WLDR.US,5,20251104,164500,36.5975,36.5975,36.5975,36.5975,150,0
WLDR.US,5,20251104,172000,36.5019,36.5019,36.5019,36.5019,200,0
WLDR.US,5,20251104,174000,36.5825,36.5825,36.5825,36.5825,450,0
WLDR.US,5,20251104,175000,36.5,36.5,36.5,36.5,924,0
WLDR.US,5,20251104,180000,36.5,36.5,36.5,36.5,3299,0
WLDR.US,5,20251104,180500,36.64,36.65,36.575,36.65,20505,0
WLDR.US,5,20251104,181000,36.868,36.89,36.72,36.87,19989,0
WLDR.US,5,20251104,181500,36.73,36.73,36.729,36.73,4000,0
WLDR.US,5,20251104,184000,36.65,36.65,36.65,36.65,100,0
WLDR.US,5,20251104,210500,36.62,36.62,36.62,36.62,100,0
WLDR.US,5,20251104,213000,36.62,36.62,36.62,36.62,290,0
WLDR.US,5,20251105,163500,36.305,36.305,36.305,36.305,262,0
WLDR.US,5,20251105,165500,36.29,36.29,36.29,36.29,153,0
WLDR.US,5,20251105,170000,36.37,36.37,36.37,36.37,720,0
WLDR.US,5,20251105,183500,36.0901,36.223,36.0901,36.223,1198,0
WLDR.US,5,20251105,184000,36.28,36.28,36.28,36.28,500,0
WLDR.US,5,20251105,184500,36.28,36.28,36.2496,36.2496,1310,0
WLDR.US,5,20251105,192500,36.305,36.305,36.305,36.305,1890,0
WLDR.US,5,20251105,201000,36.52,36.52,36.52,36.52,100,0
WLDR.US,5,20251105,202000,36.2189,36.2189,36.2189,36.2189,500,0
WLDR.US,5,20251105,202500,36.15,36.38,36.15,36.25,2584,0
WLDR.US,5,20251105,210500,36.7,36.7,36.7,36.7,100,0
WLDR.US,5,20251106,153500,36.5,36.5,36.5,36.5,500,0
WLDR.US,5,20251106,155000,36.57,36.57,36.57,36.57,100,0
WLDR.US,5,20251106,174500,36.26,36.26,36.26,36.26,252,0
WLDR.US,5,20251106,182500,36.3868,36.3868,36.3868,36.3868,276,0
WLDR.US,5,20251106,213000,36.21,36.39,36.21,36.39,4622,0
WLDR.US,5,20251107,180500,36.055,36.055,35.871,35.871,3626,0
WLDR.US,5,20251107,181000,35.88,36.035,35.871,36.035,2000,0
WLDR.US,5,20251107,182000,35.88,35.93,35.88,35.93,400,0
WLDR.US,5,20251107,182500,35.9666,36.055,35.88,36.0365,6201,0
WLDR.US,5,20251107,183000,36.055,36.23,36.055,36.23,677,0
WLDR.US,5,20251107,192000,36.1065,36.1065,36.1065,36.1065,180,0
WLDR.US,5,20251107,194500,36.3,36.3,36.3,36.3,100,0
WLDR.US,5,20251110,153000,36.67,36.67,36.65,36.65,200,0
WLDR.US,5,20251110,155000,37.01,37.06,37.01,37.01,1700,0
WLDR.US,5,20251110,162500,36.98,36.98,36.94,36.98,800,0
WLDR.US,5,20251110,175500,36.8905,36.8905,36.8905,36.8905,107,0
WLDR.US,5,20251110,180000,36.7572,36.7572,36.7572,36.7572,197,0
WLDR.US,5,20251110,200000,36.77,36.77,36.77,36.77,181,0
WLDR.US,5,20251110,203000,36.61,36.61,36.61,36.61,100,0
WLDR.US,5,20251111,163500,36.7005,36.7815,36.7005,36.7815,310,0
WLDR.US,5,20251111,174000,36.5301,36.5301,36.5301,36.5301,247,0
WLDR.US,5,20251111,181000,36.755,36.755,36.755,36.755,200,0
WLDR.US,5,20251111,193500,36.62,36.62,36.62,36.62,192,0
WLDR.US,5,20251111,194500,36.66,36.73,36.63,36.63,1200,0
WLDR.US,5,20251111,195000,36.73,36.7301,36.6643,36.6668,10200,0
WLDR.US,5,20251111,195500,36.7274,36.7751,36.54,36.7751,12180,0
WLDR.US,5,20251112,160000,36.9,36.91,36.9,36.91,428,0
WLDR.US,5,20251112,162500,37.23,37.23,37.04,37.04,3965,0
WLDR.US,5,20251112,193500,37.12,37.12,37.12,37.12,397,0
WLDR.US,5,20251113,153000,36.66,36.6601,36.66,36.6601,200,0
WLDR.US,5,20251113,164000,36.96,36.96,36.96,36.96,1586,0
WLDR.US,5,20251113,170500,36.8,36.8,36.8,36.8,198,0
WLDR.US,5,20251113,180500,36.71,36.8323,36.71,36.74,1133,0
WLDR.US,5,20251113,201000,36.53,36.53,36.53,36.53,312,0
WLDR.US,5,20251114,154500,36.375,36.375,36.375,36.375,100,0
WLDR.US,5,20251114,172500,36.335,36.51,36.335,36.5,400,0
WLDR.US,5,20251114,180000,36.466,36.466,36.466,36.466,682,0
WLDR.US,5,20251114,182000,36.5,36.73,36.5,36.73,214,0
WLDR.US,5,20251114,182500,36.5,36.5,36.5,36.5,168,0
WLDR.US,5,20251114,183000,36.5,36.5,36.5,36.5,100,0
WLDR.US,5,20251114,202500,36.4481,36.4481,36.4481,36.4481,244,0
WLDR.US,5,20251117,160000,36.56,36.579,36.56,36.579,348,0
WLDR.US,5,20251117,161500,36.5499,36.5499,36.5499,36.5499,373,0
WLDR.US,5,20251117,162500,36.325,36.325,36.325,36.325,257,0
WLDR.US,5,20251117,163000,36.3054,36.3054,36.3054,36.3054,388,0
WLDR.US,5,20251117,171000,36.26,36.26,36.26,36.26,193,0
WLDR.US,5,20251117,200500,36.12,36.12,36.03,36.03,684,0
WLDR.US,5,20251117,201500,36.03,36.03,36.03,36.03,100,0
WLDR.US,5,20251117,203000,36,36,36,36,100,0
WLDR.US,5,20251118,185000,35.62,35.62,35.62,35.62,513,0
WLDR.US,5,20251118,202000,35.51,35.5101,35.51,35.5101,200,0
WLDR.US,5,20251119,153500,35.56,35.56,35.56,35.56,145,0
WLDR.US,5,20251119,170500,35.53,35.53,35.53,35.53,421,0
WLDR.US,5,20251119,175500,35.543,35.543,35.543,35.543,101,0
WLDR.US,5,20251119,180500,35.52,35.52,35.52,35.52,286,0
WLDR.US,5,20251119,183500,35.4,35.4,35.4,35.4,200,0
WLDR.US,5,20251119,200000,35.4444,35.52,35.4444,35.52,262,0
WLDR.US,5,20251120,153500,35.52,35.52,35.52,35.52,117,0
WLDR.US,5,20251120,162000,35.92,35.92,35.92,35.92,104,0
WLDR.US,5,20251120,182000,34.9401,35.3099,34.9401,35.3099,1257,0
WLDR.US,5,20251120,182500,35.13,35.13,35.13,35.13,971,0
WLDR.US,5,20251120,194000,34.98,34.9801,34.955,34.9801,480,0
WLDR.US,5,20251120,201000,34.75,34.75,34.65,34.65,543,0
WLDR.US,5,20251121,164500,35.149,35.149,35.149,35.149,200,0
WLDR.US,5,20251121,170000,34.95,34.95,34.95,34.95,100,0
WLDR.US,5,20251121,180500,35.2353,35.2353,35.2353,35.2353,459,0
WLDR.US,5,20251121,181000,35.35,35.35,35.35,35.35,411,0
WLDR.US,5,20251121,185000,35.52,35.55,35.52,35.55,200,0
WLDR.US,5,20251121,185500,35.59,35.59,35.59,35.59,300,0
WLDR.US,5,20251121,190000,35.59,35.59,35.59,35.59,4363,0
WLDR.US,5,20251121,193500,35.53,35.53,35.53,35.53,311,0
WLDR.US,5,20251124,162500,35.57,35.57,35.57,35.57,100,0
WLDR.US,5,20251124,180000,35.68,35.68,35.68,35.68,1365,0
WLDR.US,5,20251124,190000,36.0566,36.0566,36.0566,36.0566,300,0
WLDR.US,5,20251124,203500,35.995,36.18,35.995,36.125,400,0
WLDR.US,5,20251124,212000,35.77,35.77,35.77,35.77,100,0
WLDR.US,5,20251125,163000,36.08,36.08,36.08,36.08,100,0
WLDR.US,5,20251125,173000,36.1301,36.1301,36.1301,36.1301,200,0
WLDR.US,5,20251125,182000,36.35,36.35,36.14,36.14,460,0
WLDR.US,5,20251125,183000,36.3836,36.3836,36.3836,36.3836,335,0
WLDR.US,5,20251125,191500,36.6,36.6,36.6,36.6,200,0
WLDR.US,5,20251125,202000,36.17,36.17,36.17,36.17,100,0
WLDR.US,5,20251126,162500,36.5,36.51,36.5,36.51,237,0
WLDR.US,5,20251126,163000,36.95,36.95,36.95,36.95,200,0
WLDR.US,5,20251126,164000,36.94,36.94,36.94,36.94,100,0
WLDR.US,5,20251126,165000,36.54,36.54,36.54,36.54,100,0
WLDR.US,5,20251126,172000,36.54,36.54,36.54,36.54,100,0
WLDR.US,5,20251126,174500,36.57,36.57,36.57,36.57,100,0
WLDR.US,5,20251126,182500,36.95,36.95,36.95,36.95,100,0
WLDR.US,5,20251126,192000,36.92,36.92,36.92,36.92,300,0
WLDR.US,5,20251126,193500,36.76,36.76,36.55,36.55,200,0
WLDR.US,5,20251128,164500,36.79,37.0065,36.77,36.81,855,0
WLDR.US,5,20251128,171000,36.771,36.771,36.771,36.771,155,0
WLDR.US,5,20251128,173500,36.77,36.77,36.77,36.77,100,0
WLDR.US,5,20251128,183500,36.78,37.155,36.78,37.13,400,0
WLDR.US,5,20251201,175500,36.933,37.0715,36.933,37.0715,291,0
WLDR.US,5,20251201,190500,36.81,36.81,36.81,36.81,100,0
WLDR.US,5,20251201,194500,37.1899,37.1899,37.1899,37.1899,973,0
WLDR.US,5,20251202,161500,37.08,37.09,37.06,37.09,540,0
WLDR.US,5,20251202,162500,36.67,36.67,36.67,36.67,100,0
WLDR.US,5,20251202,163500,36.8028,36.8028,36.8028,36.8028,107,0
WLDR.US,5,20251202,183000,36.54,36.54,36.54,36.54,368,0
WLDR.US,5,20251202,184000,36.8325,36.8325,36.8325,36.8325,118,0
WLDR.US,5,20251202,194500,36.785,36.785,36.785,36.785,205,0
WLDR.US,5,20251202,201500,36.6,36.6,36.6,36.6,100,0
WLDR.US,5,20251202,215500,36.7972,36.7972,36.7972,36.7972,236,0
WLDR.US,5,20251203,162500,36.984,37,36.984,37,587,0
WLDR.US,5,20251203,171000,36.84,36.84,36.84,36.84,100,0
WLDR.US,5,20251203,173500,37.01,37.01,37.01,37.01,200,0
WLDR.US,5,20251203,174000,36.84,37.03,36.84,37.03,1739,0
WLDR.US,5,20251203,194500,37.02,37.02,37.02,37.02,194,0
WLDR.US,5,20251203,205500,36.88,36.88,36.88,36.88,100,0
WLDR.US,5,20251204,160000,37.1706,37.1706,37.1706,37.1706,271,0
WLDR.US,5,20251204,162500,37.02,37.02,37.02,37.02,100,0
WLDR.US,5,20251204,163000,37.27,37.27,37.27,37.27,228,0
WLDR.US,5,20251204,164000,37.0401,37.0401,37.0401,37.0401,229,0
WLDR.US,5,20251204,174000,37.249,37.249,37.249,37.249,112,0
WLDR.US,5,20251204,174500,37.31,37.31,37.31,37.31,334,0
WLDR.US,5,20251204,175000,37.26,37.26,37.26,37.26,249,0
WLDR.US,5,20251204,182500,37.26,37.47,37.26,37.47,455,0
WLDR.US,5,20251204,191000,37.09,37.09,37.09,37.09,100,0
WLDR.US,5,20251205,162000,37.53,37.53,37.53,37.53,200,0
WLDR.US,5,20251205,163500,37.32,37.32,37.32,37.32,100,0
WLDR.US,5,20251205,175500,37.51,37.51,37.51,37.51,238,0
WLDR.US,5,20251205,190000,37.565,37.565,37.565,37.565,100,0
WLDR.US,5,20251205,193000,37.565,37.5895,37.565,37.5721,743,0
WLDR.US,5,20251205,193500,37.65,37.65,37.65,37.65,420,0
WLDR.US,5,20251205,200000,37.68,37.68,37.68,37.68,100,0
WLDR.US,5,20251205,204500,37.33,37.33,37.33,37.33,100,0
WLDR.US,5,20251208,154500,37.47,37.47,37.451,37.451,280,0
WLDR.US,5,20251208,171500,37.6012,37.64,37.6012,37.64,904,0
WLDR.US,5,20251208,172500,37.5965,37.5965,37.5965,37.5965,480,0
WLDR.US,5,20251209,160000,37.83,37.83,37.6919,37.6919,670,0
WLDR.US,5,20251209,181000,37.642,37.642,37.619,37.619,993,0
WLDR.US,5,20251209,181500,37.71,37.71,37.71,37.71,580,0
WLDR.US,5,20251209,183500,37.69,37.8,37.69,37.8,200,0
WLDR.US,5,20251209,195500,37.8,37.8,37.8,37.8,100,0
WLDR.US,5,20251209,212500,37.7903,37.7903,37.7903,37.7903,400,0
WLDR.US,5,20251210,162500,37.49,37.49,37.49,37.49,100,0
WLDR.US,5,20251210,164000,37.4801,37.4801,37.4801,37.4801,100,0
WLDR.US,5,20251210,172500,37.722,37.7792,37.722,37.7792,313,0
WLDR.US,5,20251210,193500,37.94,37.94,37.94,37.94,200,0
WLDR.US,5,20251210,195500,37.91,37.91,37.715,37.715,335,0
WLDR.US,5,20251210,212000,37.99,37.99,37.99,37.99,100,0
WLDR.US,5,20251211,173500,38.41,38.41,38.41,38.41,183,0
WLDR.US,5,20251211,193500,38.6125,38.6125,38.6125,38.6125,248,0
WLDR.US,5,20251211,194000,38.73,38.73,38.73,38.73,100,0
WLDR.US,5,20251211,215500,38.595,38.595,38.595,38.595,384,0
WLDR.US,5,20251212,154000,35.75,35.75,35.75,35.75,100,0
WLDR.US,5,20251212,161500,35.49,35.49,35.49,35.49,100,0
WLDR.US,5,20251212,170000,35.2175,35.2175,35.2175,35.2175,500,0
WLDR.US,5,20251212,171000,35.15,35.15,35.15,35.15,100,0
WLDR.US,5,20251212,171500,35.15,35.15,35.15,35.15,100,0
WLDR.US,5,20251212,172000,35.15,35.15,35.15,35.15,100,0
WLDR.US,5,20251212,173500,35.15,35.15,35.15,35.15,1298,0
WLDR.US,5,20251212,174500,35.15,35.15,35.15,35.15,2334,0
WLDR.US,5,20251212,175500,35.15,35.15,35.15,35.15,100,0
WLDR.US,5,20251212,180000,35.075,35.075,35.075,35.075,100,0
WLDR.US,5,20251212,181500,35.1645,35.19,35.12,35.12,640,0
WLDR.US,5,20251212,183000,35.27,35.27,35.27,35.27,1356,0
WLDR.US,5,20251215,154000,35.72,35.76,35.72,35.76,300,0
WLDR.US,5,20251215,154500,35.54,35.54,35.54,35.54,108,0
WLDR.US,5,20251215,155000,35.515,35.515,35.49,35.49,200,0
WLDR.US,5,20251215,155500,35.49,35.49,35.49,35.49,100,0
WLDR.US,5,20251215,160000,35.48,35.48,35.48,35.48,100,0
WLDR.US,5,20251215,160500,35.51,35.51,35.47,35.47,200,0
WLDR.US,5,20251215,161000,35.39,35.49,35.39,35.49,488,0
WLDR.US,5,20251215,162000,35.46,35.49,35.46,35.49,250,0
WLDR.US,5,20251215,162500,35.375,35.375,35.375,35.375,112,0
WLDR.US,5,20251215,163500,35.48,35.48,35.39,35.39,992,0
WLDR.US,5,20251215,164000,35.49,35.49,35.49,35.49,100,0
WLDR.US,5,20251215,165000,35.515,35.575,35.49,35.575,400,0
WLDR.US,5,20251215,165500,35.575,35.575,35.575,35.575,108,0
WLDR.US,5,20251215,170000,35.575,35.575,35.48,35.48,1149,0
WLDR.US,5,20251215,170500,35.48,35.48,35.48,35.48,100,0
WLDR.US,5,20251215,171000,35.66,35.66,35.65,35.65,292,0
WLDR.US,5,20251215,171500,35.48,35.66,35.48,35.48,808,0
WLDR.US,5,20251215,172000,35.66,35.66,35.66,35.66,292,0
WLDR.US,5,20251215,172500,35.65,35.65,35.48,35.48,552,0
WLDR.US,5,20251215,173000,35.57,35.66,35.48,35.48,1244,0
WLDR.US,5,20251215,173500,35.475,35.475,35.475,35.475,211,0
WLDR.US,5,20251215,174000,35.64,35.64,35.64,35.64,150,0
WLDR.US,5,20251215,174500,35.475,35.475,35.475,35.475,350,0
WLDR.US,5,20251215,175000,35.65,35.65,35.65,35.65,100,0
WLDR.US,5,20251215,175500,35.475,35.475,35.475,35.475,400,0
WLDR.US,5,20251215,180000,35.64,35.65,35.64,35.65,292,0
WLDR.US,5,20251215,180500,35.475,35.475,35.475,35.475,100,0
WLDR.US,5,20251215,181000,35.475,35.475,35.475,35.475,200,0
WLDR.US,5,20251215,181500,35.475,35.475,35.475,35.475,100,0
WLDR.US,5,20251215,185000,35.475,35.59,35.475,35.59,400,0
WLDR.US,5,20251215,191000,35.6,35.6,35.59,35.59,200,0
WLDR.US,5,20251215,192500,35.45,35.45,35.45,35.45,200,0
WLDR.US,5,20251215,193000,35.59,35.59,35.45,35.45,200,0
WLDR.US,5,20251215,193500,35.45,35.45,35.45,35.45,108,0
WLDR.US,5,20251215,194000,35.51,35.51,35.45,35.45,2539,0
WLDR.US,5,20251215,195000,35.45,35.45,35.45,35.45,100,0
WLDR.US,5,20251215,195500,35.6,35.6,35.51,35.51,200,0
WLDR.US,5,20251215,200500,35.51,35.51,35.51,35.51,100,0
WLDR.US,5,20251215,201000,35.51,35.51,35.51,35.51,100,0
WLDR.US,5,20251215,202500,35.51,35.51,35.51,35.51,112,0
WLDR.US,5,20251215,203000,35.51,35.51,35.51,35.51,100,0
WLDR.US,5,20251215,203500,35.71,35.71,35.51,35.51,200,0
WLDR.US,5,20251215,204500,35.5,35.5,35.5,35.5,100,0
WLDR.US,5,20251215,210000,35.6,35.6,35.6,35.6,200,0
WLDR.US,5,20251215,210500,35.6,35.6,35.5,35.6,1500,0
WLDR.US,5,20251215,211000,35.7,35.7,35.7,35.7,200,0
WLDR.US,5,20251215,211500,35.7,35.7,35.69,35.69,400,0
WLDR.US,5,20251215,212000,35.7,35.7,35.7,35.7,200,0
WLDR.US,5,20251215,212500,35.7,35.7,35.7,35.7,100,0
WLDR.US,5,20251215,214500,35.665,35.665,35.66,35.66,200,0
WLDR.US,5,20251215,215500,35.6,35.6,35.6,35.6,100,0
WLDR.US,5,20251216,154500,35.57,35.57,35.57,35.57,100,0
WLDR.US,5,20251216,161000,35.04,35.04,35.04,35.04,100,0
WLDR.US,5,20251216,162500,35.1497,35.1497,35.1497,35.1497,880,0
WLDR.US,5,20251216,173000,35.299,35.299,35.299,35.299,600,0
WLDR.US,5,20251216,173500,35.12,35.12,35.12,35.12,532,0
WLDR.US,5,20251216,174500,35.23,35.23,35.23,35.23,1023,0
WLDR.US,5,20251216,191500,35.22,35.22,35.22,35.22,1400,0
WLDR.US,5,20251216,192000,35.005,35.005,35.005,35.005,100,0
WLDR.US,5,20251217,162000,35.36,35.36,35.36,35.36,284,0
WLDR.US,5,20251217,163000,35.3,35.4,35.3,35.4,19383,0
WLDR.US,5,20251217,174000,34.82,35.18,34.82,35.18,1203,0
WLDR.US,5,20251218,175000,35.3823,35.3823,35.3823,35.3823,389,0
WLDR.US,5,20251218,175500,35.49,35.49,35.49,35.49,1980,0
WLDR.US,5,20251218,184500,35.37,35.37,35.37,35.37,100,0
WLDR.US,5,20251218,210000,35.031,35.2,35.031,35.2,299,0
WLDR.US,5,20251219,154500,35.55,35.55,35.55,35.55,100,0
WLDR.US,5,20251219,174500,35.55,35.55,35.55,35.55,475,0
WLDR.US,5,20251219,182500,35.4711,35.4711,35.4711,35.4711,400,0
WLDR.US,5,20251222,153000,35.55,35.55,35.55,35.55,468,0
WLDR.US,5,20251222,172500,35.6,35.6,35.6,35.6,684,0
WLDR.US,5,20251222,173500,35.59,35.59,35.59,35.59,187,0
WLDR.US,5,20251222,181500,35.59,35.59,35.59,35.59,4907,0
WLDR.US,5,20251222,195000,35.82,35.9,35.81,35.9,1374,0
