<TICKER>,<PER>,<DATE>,<TIME>,<OPEN>,<HIGH>,<LOW>,<CLOSE>,<VOL>,<OPENINT>
XBJA.US,5,20250728,161500,30.69,30.69,30.69,30.69,100,0
XBJA.US,5,20250728,165000,30.645,30.68,30.645,30.68,288,0
XBJA.US,5,20250728,205000,30.68,30.68,30.68,30.68,100,0
XBJA.US,5,20250728,214500,30.61,30.61,30.61,30.61,1995,0
XBJA.US,5,20250729,162000,30.71,30.71,30.71,30.71,100,0
XBJA.US,5,20250729,174000,30.625,30.625,30.625,30.625,134,0
XBJA.US,5,20250729,204000,30.66,30.66,30.66,30.66,650,0
XBJA.US,5,20250729,213500,30.61,30.61,30.61,30.61,176,0
XBJA.US,5,20250729,214000,30.65,30.65,30.65,30.65,100,0
XBJA.US,5,20250729,215000,30.58,30.58,30.58,30.58,541,0
XBJA.US,5,20250729,215500,30.66,30.66,30.66,30.66,100,0
XBJA.US,5,20250730,183000,30.65,30.65,30.65,30.65,1400,0
XBJA.US,5,20250730,185000,30.65,30.65,30.65,30.65,100,0
XBJA.US,5,20250731,163000,30.71,30.71,30.71,30.71,100,0
XBJA.US,5,20250731,163500,30.72,30.72,30.72,30.72,225,0
XBJA.US,5,20250731,202000,30.54,30.57,30.54,30.57,417,0
XBJA.US,5,20250731,204500,30.62,30.62,30.62,30.62,130,0
XBJA.US,5,20250731,211000,30.63,30.65,30.57,30.57,1010,0
XBJA.US,5,20250731,211500,30.59,30.59,30.59,30.59,572,0
XBJA.US,5,20250801,161500,30.3742,30.3742,30.3742,30.3742,219,0
XBJA.US,5,20250801,174000,30.37,30.37,30.37,30.37,139,0
XBJA.US,5,20250801,181000,30.41,30.41,30.41,30.41,1740,0
XBJA.US,5,20250801,192500,30.35,30.35,30.35,30.35,425,0
XBJA.US,5,20250801,201500,30.2501,30.2501,30.2501,30.2501,121,0
XBJA.US,5,20250801,212500,30.32,30.4,30.32,30.4,200,0
XBJA.US,5,20250801,214000,30.3999,30.3999,30.3999,30.3999,137,0
XBJA.US,5,20250801,215500,30.32,30.32,30.32,30.32,100,0
XBJA.US,5,20250804,182500,30.5351,30.5351,30.5351,30.5351,1000,0
XBJA.US,5,20250804,192000,30.5577,30.5577,30.5577,30.5577,134,0
XBJA.US,5,20250804,193500,30.56,30.56,30.56,30.56,100,0
XBJA.US,5,20250804,202000,30.59,30.59,30.59,30.59,500,0
XBJA.US,5,20250804,204000,30.53,30.6,30.5101,30.5101,4300,0
XBJA.US,5,20250804,204500,30.5685,30.5685,30.5685,30.5685,600,0
XBJA.US,5,20250804,210000,30.555,30.555,30.555,30.555,200,0
XBJA.US,5,20250804,211500,30.57,30.57,30.57,30.57,1433,0
XBJA.US,5,20250805,185000,30.4901,30.4901,30.4901,30.4901,609,0
XBJA.US,5,20250805,185500,30.4901,30.4901,30.4901,30.4901,102,0
XBJA.US,5,20250805,191500,30.57,30.57,30.49,30.49,14936,0
XBJA.US,5,20250805,192000,30.54,30.54,30.54,30.54,655,0
XBJA.US,5,20250805,200500,30.5108,30.5108,30.5108,30.5108,450,0
XBJA.US,5,20250805,201000,30.55,30.55,30.55,30.55,655,0
XBJA.US,5,20250805,202000,30.5101,30.5101,30.51,30.51,310,0
XBJA.US,5,20250805,203000,30.545,30.545,30.545,30.545,562,0
XBJA.US,5,20250805,210000,30.5,30.5,30.5,30.5,100,0
XBJA.US,5,20250805,211000,30.5799,30.5799,30.5799,30.5799,126,0
XBJA.US,5,20250805,213000,30.58,30.58,30.58,30.58,300,0
XBJA.US,5,20250805,214500,30.49,30.5299,30.49,30.525,773,0
XBJA.US,5,20250806,162500,30.4701,30.4701,30.4701,30.4701,107,0
XBJA.US,5,20250806,163000,30.535,30.535,30.535,30.535,173,0
XBJA.US,5,20250806,175000,30.59,30.59,30.59,30.59,394,0
XBJA.US,5,20250806,185000,30.58,30.58,30.58,30.58,100,0
XBJA.US,5,20250806,190000,30.57,30.57,30.57,30.57,686,0
XBJA.US,5,20250806,191000,30.605,30.6215,30.605,30.6215,1182,0
XBJA.US,5,20250806,191500,30.63,30.63,30.62,30.62,7362,0
XBJA.US,5,20250806,204000,30.65,30.6594,30.65,30.6594,1000,0
XBJA.US,5,20250806,204500,30.615,30.615,30.615,30.615,235,0
XBJA.US,5,20250806,205500,30.5701,30.5701,30.5701,30.5701,110,0
XBJA.US,5,20250806,214000,30.6049,30.6049,30.6049,30.6049,151,0
XBJA.US,5,20250807,182000,30.61,30.61,30.61,30.61,105,0
XBJA.US,5,20250807,192000,30.55,30.55,30.55,30.55,200,0
XBJA.US,5,20250807,201000,30.53,30.53,30.53,30.53,200,0
XBJA.US,5,20250807,210500,30.54,30.54,30.5217,30.5217,335,0
XBJA.US,5,20250807,215000,30.5312,30.5312,30.5312,30.5312,181,0
XBJA.US,5,20250808,164500,30.66,30.66,30.66,30.66,200,0
XBJA.US,5,20250808,191000,30.68,30.689371,30.68,30.689371,633,0
XBJA.US,5,20250808,192000,30.66,30.68,30.66,30.66,5281,0
XBJA.US,5,20250808,200500,30.705,30.705,30.705,30.705,300,0
XBJA.US,5,20250811,161000,30.69,30.69,30.69,30.69,100,0
XBJA.US,5,20250811,163000,30.72,30.72,30.72,30.72,112,0
XBJA.US,5,20250811,164000,30.67,30.67,30.67,30.67,1000,0
XBJA.US,5,20250811,180500,30.69,30.7,30.69,30.7,300,0
XBJA.US,5,20250811,182000,30.7,30.71,30.69,30.69,300,0
XBJA.US,5,20250811,183000,30.7,30.7,30.7,30.7,100,0
XBJA.US,5,20250811,210500,30.7499,30.7499,30.7499,30.7499,124,0
XBJA.US,5,20250812,155500,30.77,30.77,30.77,30.77,100,0
XBJA.US,5,20250812,160000,30.71,30.71,30.71,30.71,100,0
XBJA.US,5,20250812,165500,30.7799,30.7799,30.7799,30.7799,207,0
XBJA.US,5,20250812,170500,30.76,30.76,30.76,30.76,368,0
XBJA.US,5,20250812,174500,30.7401,30.7401,30.7401,30.7401,163,0
XBJA.US,5,20250812,183000,30.765,30.765,30.765,30.765,100,0
XBJA.US,5,20250812,195500,30.76,30.76,30.76,30.76,100,0
XBJA.US,5,20250812,204500,30.77,30.77,30.77,30.77,200,0
XBJA.US,5,20250812,205000,30.8,30.8,30.8,30.8,581,0
XBJA.US,5,20250812,215000,30.76,30.76,30.76,30.76,100,0
XBJA.US,5,20250813,155500,30.87,30.87,30.87,30.87,100,0
XBJA.US,5,20250813,162000,30.81,30.81,30.81,30.81,100,0
XBJA.US,5,20250813,205500,30.83,30.83,30.83,30.83,910,0
XBJA.US,5,20250813,211500,30.86,30.86,30.859,30.859,300,0
XBJA.US,5,20250814,161000,30.78,30.78,30.78,30.78,100,0
XBJA.US,5,20250814,174000,30.8599,30.8599,30.8599,30.8599,402,0
XBJA.US,5,20250814,185500,30.815,30.815,30.815,30.815,260,0
XBJA.US,5,20250814,193000,30.85,30.85,30.85,30.85,3889,0
XBJA.US,5,20250814,205500,30.82,30.82,30.82,30.82,162,0
XBJA.US,5,20250814,210000,30.82,30.86,30.82,30.86,1268,0
XBJA.US,5,20250814,212000,30.81,30.81,30.81,30.81,916,0
XBJA.US,5,20250814,213000,30.8599,30.8599,30.82,30.82,394,0
XBJA.US,5,20250814,215500,30.81,30.81,30.7917,30.7917,265,0
XBJA.US,5,20250815,161500,30.8,30.8,30.8,30.8,100,0
XBJA.US,5,20250815,165500,30.825,30.825,30.825,30.825,224,0
XBJA.US,5,20250815,191000,30.8699,30.8699,30.8699,30.8699,206,0
XBJA.US,5,20250815,191500,30.79,30.79,30.78,30.78,800,0
XBJA.US,5,20250815,193000,30.8,30.8,30.8,30.8,100,0
XBJA.US,5,20250815,200000,30.8,30.8,30.8,30.8,100,0
XBJA.US,5,20250815,203000,30.834,30.834,30.834,30.834,102,0
XBJA.US,5,20250815,204500,30.83,30.83,30.83,30.83,200,0
XBJA.US,5,20250815,205000,30.7801,30.7801,30.7801,30.7801,149,0
XBJA.US,5,20250818,160500,30.8328,30.8328,30.78,30.78,290,0
XBJA.US,5,20250818,191000,30.79,30.79,30.79,30.79,1210,0
XBJA.US,5,20250818,195500,30.7801,30.7801,30.7801,30.7801,112,0
XBJA.US,5,20250818,202500,30.8,30.8,30.8,30.8,100,0
XBJA.US,5,20250818,205500,30.8239,30.8239,30.8239,30.8239,232,0
XBJA.US,5,20250818,210500,30.8699,30.8699,30.8699,30.8699,254,0
XBJA.US,5,20250818,212000,30.87,30.87,30.87,30.87,825,0
XBJA.US,5,20250818,213000,30.84,30.84,30.84,30.84,479,0
XBJA.US,5,20250818,215000,30.8,30.8,30.8,30.8,100,0
XBJA.US,5,20250819,161500,30.81,30.81,30.81,30.81,100,0
XBJA.US,5,20250819,164000,30.8759,30.8759,30.8759,30.8759,128,0
XBJA.US,5,20250819,164500,30.81,30.81,30.81,30.81,942,0
XBJA.US,5,20250819,181500,30.82,30.83,30.82,30.83,2500,0
XBJA.US,5,20250819,182500,30.82,30.82,30.82,30.82,125,0
XBJA.US,5,20250819,185000,30.7401,30.83,30.7401,30.785,5453,0
XBJA.US,5,20250819,191500,30.82,30.82,30.82,30.82,103,0
XBJA.US,5,20250819,192500,30.76,30.76,30.76,30.76,100,0
XBJA.US,5,20250819,205000,30.7787,30.7787,30.7787,30.7787,219,0
XBJA.US,5,20250819,210000,30.76,30.76,30.76,30.76,100,0
XBJA.US,5,20250819,214500,30.74,30.74,30.74,30.74,100,0
XBJA.US,5,20250820,160000,30.72,30.72,30.72,30.72,780,0
XBJA.US,5,20250820,160500,30.67,30.67,30.67,30.67,100,0
XBJA.US,5,20250820,165500,30.7165,30.7165,30.7165,30.7165,134,0
XBJA.US,5,20250820,171500,30.67,30.67,30.6517,30.6517,247,0
XBJA.US,5,20250820,172500,30.72,30.72,30.72,30.72,269,0
XBJA.US,5,20250820,173500,30.7299,30.73,30.7299,30.73,200,0
XBJA.US,5,20250820,174000,30.705,30.705,30.705,30.705,345,0
XBJA.US,5,20250820,183500,30.77,30.7782,30.77,30.7782,500,0
XBJA.US,5,20250820,184000,30.6901,30.6901,30.6901,30.6901,200,0
XBJA.US,5,20250820,185000,30.6901,30.6901,30.6901,30.6901,136,0
XBJA.US,5,20250820,185500,30.71,30.71,30.71,30.71,100,0
XBJA.US,5,20250820,193500,30.75,30.75,30.75,30.75,439,0
XBJA.US,5,20250820,201500,30.77,30.77,30.77,30.77,300,0
XBJA.US,5,20250820,204000,30.725,30.725,30.725,30.725,100,0
XBJA.US,5,20250820,210000,30.73279,30.73279,30.73279,30.73279,243,0
XBJA.US,5,20250820,211000,30.7085,30.7085,30.7085,30.7085,163,0
XBJA.US,5,20250820,211500,30.73,30.73,30.73,30.73,349,0
XBJA.US,5,20250820,212000,30.76,30.76,30.76,30.76,200,0
XBJA.US,5,20250820,213500,30.73,30.73,30.73,30.73,3084,0
XBJA.US,5,20250820,214500,30.711,30.75,30.711,30.75,300,0
XBJA.US,5,20250820,215500,30.74,30.74,30.74,30.74,100,0
XBJA.US,5,20250821,161000,30.7,30.73,30.7,30.73,264,0
XBJA.US,5,20250821,171000,30.7,30.7,30.7,30.7,311,0
XBJA.US,5,20250821,175500,30.69,30.69,30.69,30.69,400,0
XBJA.US,5,20250821,181500,30.69,30.72,30.69,30.72,962,0
XBJA.US,5,20250821,182000,30.69,30.69,30.69,30.69,700,0
XBJA.US,5,20250821,182500,30.68,30.68,30.68,30.68,214,0
XBJA.US,5,20250821,183000,30.715,30.715,30.715,30.715,155,0
XBJA.US,5,20250821,201000,30.69,30.69,30.69,30.69,100,0
XBJA.US,5,20250821,210000,30.705,30.705,30.705,30.705,135,0
XBJA.US,5,20250822,164500,30.85,30.85,30.85,30.85,646,0
XBJA.US,5,20250822,171500,30.87,30.87,30.87,30.87,364,0
XBJA.US,5,20250822,173000,30.89,30.89,30.89,30.89,100,0
XBJA.US,5,20250822,202500,30.87,30.87,30.86,30.86,525,0
XBJA.US,5,20250822,203500,30.87,30.87,30.87,30.87,194,0
XBJA.US,5,20250822,205000,30.87,30.87,30.87,30.87,724,0
XBJA.US,5,20250822,211000,30.9399,30.9399,30.9399,30.9399,170,0
XBJA.US,5,20250822,212000,30.91,30.91,30.91,30.91,329,0
XBJA.US,5,20250825,161000,30.86,30.86,30.86,30.86,100,0
XBJA.US,5,20250825,194000,30.87,30.87,30.87,30.87,131,0
XBJA.US,5,20250825,203500,30.87,30.87,30.86,30.87,932,0
XBJA.US,5,20250825,204000,30.86,30.9,30.86,30.9,246,0
XBJA.US,5,20250825,211000,30.86,30.86,30.86,30.86,1588,0
XBJA.US,5,20250825,214500,30.86,30.8601,30.85,30.86,1218,0
XBJA.US,5,20250825,215500,30.85,30.85,30.85,30.85,100,0
XBJA.US,5,20250826,172000,30.915,30.915,30.915,30.915,139,0
XBJA.US,5,20250826,180500,30.84,30.84,30.84,30.84,1030,0
XBJA.US,5,20250826,182500,30.8808,30.8808,30.8808,30.8808,374,0
XBJA.US,5,20250826,183000,30.85,30.85,30.85,30.85,100,0
XBJA.US,5,20250826,191500,30.85,30.85,30.85,30.85,1248,0
XBJA.US,5,20250826,200000,30.85,30.85,30.85,30.85,494,0
XBJA.US,5,20250826,201000,30.8301,30.895,30.8301,30.895,280,0
XBJA.US,5,20250826,205000,30.895,30.895,30.895,30.895,177,0
XBJA.US,5,20250826,205500,30.8763,30.925,30.8763,30.925,3591,0
XBJA.US,5,20250826,210000,30.8301,30.85,30.8301,30.85,878,0
XBJA.US,5,20250826,211500,30.83,30.8301,30.83,30.8301,511,0
XBJA.US,5,20250826,212000,30.86,30.86,30.86,30.86,100,0
XBJA.US,5,20250826,213000,30.8567,30.885,30.85,30.885,2156,0
XBJA.US,5,20250826,213500,30.8401,30.8401,30.8401,30.8401,660,0
XBJA.US,5,20250827,160500,30.88,30.88,30.88,30.88,100,0
XBJA.US,5,20250827,163500,30.8739,30.8739,30.8739,30.8739,196,0
XBJA.US,5,20250827,164500,30.8601,30.9245,30.8601,30.9245,673,0
XBJA.US,5,20250827,170500,30.88,30.88,30.88,30.88,103,0
XBJA.US,5,20250827,172500,30.89,30.89,30.89,30.89,100,0
XBJA.US,5,20250827,175000,30.96,30.96,30.96,30.96,149,0
XBJA.US,5,20250827,192500,30.94,30.94,30.94,30.94,700,0
XBJA.US,5,20250827,194000,30.915,30.915,30.915,30.915,781,0
XBJA.US,5,20250827,211000,30.88,30.88,30.88,30.88,217,0
XBJA.US,5,20250827,212000,30.9,30.94,30.9,30.9,777,0
XBJA.US,5,20250827,214000,30.9,30.9,30.9,30.9,100,0
XBJA.US,5,20250827,214500,30.9236,30.9236,30.9236,30.9236,144,0
XBJA.US,5,20250827,215000,30.9,30.9,30.9,30.9,700,0
XBJA.US,5,20250828,165500,30.9,30.9,30.9,30.9,100,0
XBJA.US,5,20250828,171500,30.91,30.91,30.91,30.91,100,0
XBJA.US,5,20250828,173500,30.924456,30.924456,30.924456,30.924456,171,0
XBJA.US,5,20250828,174000,30.935,30.935,30.935,30.935,258,0
XBJA.US,5,20250828,180000,30.92,30.92,30.89,30.92,3740,0
XBJA.US,5,20250828,181500,30.91,30.91,30.91,30.91,262,0
XBJA.US,5,20250828,183500,30.96,30.96,30.96,30.96,421,0
XBJA.US,5,20250828,185500,30.92,30.92,30.92,30.92,100,0
XBJA.US,5,20250828,191000,30.8901,30.8901,30.8901,30.8901,172,0
XBJA.US,5,20250828,192000,30.96,30.96,30.96,30.96,1746,0
XBJA.US,5,20250828,192500,30.9011,30.9011,30.9011,30.9011,313,0
XBJA.US,5,20250828,200000,30.92,30.92,30.92,30.92,100,0
XBJA.US,5,20250828,214500,30.92,30.92,30.92,30.92,200,0
XBJA.US,5,20250828,215500,30.93,30.93,30.93,30.93,100,0
XBJA.US,5,20250829,161000,30.86,30.86,30.86,30.86,100,0
XBJA.US,5,20250829,162500,30.9499,30.9499,30.9499,30.9499,388,0
XBJA.US,5,20250829,175500,30.88,30.88,30.88,30.88,100,0
XBJA.US,5,20250829,192500,30.93,30.93,30.93,30.93,200,0
XBJA.US,5,20250829,211000,30.9499,30.9499,30.9499,30.9499,136,0
XBJA.US,5,20250902,160000,30.8,30.8,30.8,30.8,100,0
XBJA.US,5,20250902,164500,30.83,30.84,30.83,30.83,9200,0
XBJA.US,5,20250902,173000,30.75,30.75,30.75,30.75,100,0
XBJA.US,5,20250902,191000,30.765,30.765,30.765,30.765,100,0
XBJA.US,5,20250902,193000,30.8,30.8,30.8,30.8,800,0
XBJA.US,5,20250902,202000,30.78,30.78,30.78,30.78,100,0
XBJA.US,5,20250902,211000,30.76,30.76,30.76,30.76,500,0
XBJA.US,5,20250902,212000,30.8011,30.8011,30.8011,30.8011,146,0
XBJA.US,5,20250903,155000,30.831,30.85,30.8301,30.85,2250,0
XBJA.US,5,20250903,155500,30.85,30.85,30.85,30.85,600,0
XBJA.US,5,20250903,163500,30.875,30.875,30.875,30.875,337,0
XBJA.US,5,20250903,164000,30.87,30.87,30.87,30.87,100,0
XBJA.US,5,20250903,170000,30.87,30.87,30.87,30.87,271,0
XBJA.US,5,20250903,170500,30.87,30.87,30.87,30.87,100,0
XBJA.US,5,20250903,172500,30.8721,30.8721,30.8721,30.8721,625,0
XBJA.US,5,20250903,173500,30.87,30.87,30.87,30.87,100,0
XBJA.US,5,20250903,182000,30.86,30.86,30.86,30.86,100,0
XBJA.US,5,20250903,185500,30.875,30.89,30.875,30.89,220,0
XBJA.US,5,20250903,191500,30.86,30.8601,30.8416,30.8416,317,0
XBJA.US,5,20250903,204500,30.83,30.83,30.83,30.83,348,0
XBJA.US,5,20250903,205500,30.83,30.83,30.83,30.83,100,0
XBJA.US,5,20250903,212500,30.83,30.83,30.83,30.83,266,0
XBJA.US,5,20250903,213500,30.91,30.91,30.91,30.91,246,0
XBJA.US,5,20250903,214000,30.85,30.85,30.85,30.85,200,0
XBJA.US,5,20250904,153500,30.9,30.9,30.9,30.9,100,0
XBJA.US,5,20250904,170000,30.91,30.91,30.91,30.91,164,0
XBJA.US,5,20250904,172500,30.93,30.94,30.92,30.94,1681,0
XBJA.US,5,20250904,211500,31.009,31.009,31.009,31.009,107,0
XBJA.US,5,20250904,215000,31.02,31.02,30.94,30.94,300,0
XBJA.US,5,20250905,171500,30.9156,30.9156,30.9156,30.9156,130,0
XBJA.US,5,20250905,174000,30.94,30.94,30.94,30.94,271,0
XBJA.US,5,20250905,191000,30.9699,30.9699,30.9699,30.9699,135,0
XBJA.US,5,20250905,192500,30.94,30.945,30.94,30.945,740,0
XBJA.US,5,20250905,193500,30.94,30.94,30.93,30.93,1465,0
XBJA.US,5,20250905,194500,30.94,30.94,30.94,30.94,100,0
XBJA.US,5,20250905,201500,30.9699,30.9699,30.9699,30.9699,1000,0
XBJA.US,5,20250905,204000,30.94,30.94,30.94,30.94,799,0
XBJA.US,5,20250905,205500,30.949,30.949,30.949,30.949,158,0
XBJA.US,5,20250905,212500,30.95,30.95,30.95,30.95,300,0
XBJA.US,5,20250908,155500,30.98,30.98,30.98,30.98,100,0
XBJA.US,5,20250908,164000,30.995,30.995,30.995,30.995,143,0
XBJA.US,5,20250908,203500,30.98,30.98,30.98,30.98,131,0
XBJA.US,5,20250908,204500,30.98,30.98,30.98,30.98,100,0
XBJA.US,5,20250909,161500,30.99,30.99,30.99,30.99,100,0
XBJA.US,5,20250909,172000,30.98,31.0049,30.9601,30.9601,400,0
XBJA.US,5,20250909,190500,31.003,31.0492,31.003,31.0492,465,0
XBJA.US,5,20250909,192500,31.015,31.015,31.015,31.015,100,0
XBJA.US,5,20250909,210000,31,31.015,31,31.015,7051,0
XBJA.US,5,20250909,211500,31.06,31.06,31.06,31.06,443,0
XBJA.US,5,20250909,213000,31,31,31,31,100,0
XBJA.US,5,20250909,214500,31.018,31.018,31.018,31.018,161,0
XBJA.US,5,20250910,162000,31.05,31.05,31.05,31.05,100,0
XBJA.US,5,20250910,185000,31.04,31.0749,31.04,31.0749,800,0
XBJA.US,5,20250910,200500,31.04,31.04,31.04,31.04,100,0
XBJA.US,5,20250910,210000,31.03,31.03,31.03,31.03,100,0
XBJA.US,5,20250911,180000,31.1599,31.1599,31.1599,31.1599,221,0
XBJA.US,5,20250911,181500,31.09,31.09,31.09,31.09,100,0
XBJA.US,5,20250911,205500,31.1599,31.1599,31.1599,31.1599,227,0
XBJA.US,5,20250911,210500,31.1064,31.1064,31.1064,31.1064,161,0
XBJA.US,5,20250911,212500,31.1015,31.1015,31.1015,31.1015,122,0
XBJA.US,5,20250911,215500,31.1799,31.1799,31.1799,31.1799,225,0
XBJA.US,5,20250912,162500,31.1,31.1,31.1,31.1,100,0
XBJA.US,5,20250912,163000,31.18,31.18,31.17,31.17,200,0
XBJA.US,5,20250912,180500,31.0901,31.0901,31.0901,31.0901,268,0
XBJA.US,5,20250912,193500,31.18,31.18,31.18,31.18,100,0
XBJA.US,5,20250912,194500,31.14,31.14,31.14,31.14,188,0
XBJA.US,5,20250912,203500,31.11,31.11,31.11,31.11,100,0
XBJA.US,5,20250912,212000,31.0901,31.0901,31.0901,31.0901,111,0
XBJA.US,5,20250912,213500,31.16,31.16,31.16,31.16,744,0
XBJA.US,5,20250915,155000,31.15,31.15,31.14,31.14,200,0
XBJA.US,5,20250915,160000,31.1452,31.1452,31.1452,31.1452,200,0
XBJA.US,5,20250915,161500,31.13,31.13,31.13,31.13,100,0
XBJA.US,5,20250915,183000,31.1456,31.1456,31.1456,31.1456,599,0
XBJA.US,5,20250915,205000,31.1892,31.1892,31.1892,31.1892,135,0
XBJA.US,5,20250915,213000,31.17,31.18,31.17,31.17,1879,0
XBJA.US,5,20250915,214500,31.11,31.11,31.11,31.11,100,0
XBJA.US,5,20250916,161000,31.12,31.14,31.12,31.14,1060,0
XBJA.US,5,20250916,163500,31.13,31.13,31.13,31.13,100,0
XBJA.US,5,20250916,181000,31.1699,31.1699,31.1699,31.1699,160,0
XBJA.US,5,20250916,182000,31.1001,31.1001,31.1001,31.1001,112,0
XBJA.US,5,20250916,211000,31.16,31.16,31.16,31.16,627,0
XBJA.US,5,20250916,212000,31.145,31.145,31.145,31.145,100,0
XBJA.US,5,20250916,212500,31.17,31.17,31.17,31.17,100,0
XBJA.US,5,20250917,183500,31.1899,31.1899,31.1899,31.1899,1000,0
XBJA.US,5,20250917,184000,31.15,31.15,31.15,31.15,100,0
XBJA.US,5,20250917,190500,31.14,31.14,31.14,31.14,100,0
XBJA.US,5,20250917,205000,31.1599,31.1599,31.1599,31.1599,230,0
XBJA.US,5,20250917,205500,31.11,31.11,31.11,31.11,400,0
XBJA.US,5,20250917,210000,31.15,31.15,31.15,31.15,200,0
XBJA.US,5,20250917,214500,31.12,31.12,31.12,31.12,346,0
XBJA.US,5,20250917,215500,31.16,31.16,31.16,31.16,100,0
XBJA.US,5,20250918,155000,31.19,31.19,31.19,31.19,100,0
XBJA.US,5,20250918,173500,31.19,31.19,31.19,31.19,1440,0
XBJA.US,5,20250918,191500,31.16,31.16,31.16,31.16,300,0
XBJA.US,5,20250918,193500,31.19,31.19,31.19,31.19,580,0
XBJA.US,5,20250918,205000,31.2246,31.2246,31.2246,31.2246,100,0
XBJA.US,5,20250918,210000,31.19,31.19,31.19,31.19,100,0
XBJA.US,5,20250919,153000,31.2,31.2,31.2,31.2,185,0
XBJA.US,5,20250919,163500,31.2068,31.2068,31.2068,31.2068,165,0
XBJA.US,5,20250919,190000,31.21,31.21,31.21,31.21,130,0
XBJA.US,5,20250919,213500,31.24,31.24,31.2052,31.2115,1637,0
XBJA.US,5,20250922,160500,31.25,31.25,31.25,31.25,100,0
XBJA.US,5,20250922,172000,31.22,31.22,31.22,31.22,433,0
XBJA.US,5,20250922,180000,31.26,31.26,31.26,31.26,100,0
XBJA.US,5,20250922,185500,31.235,31.235,31.235,31.235,105,0
XBJA.US,5,20250922,211000,31.2371,31.2371,31.2371,31.2371,106,0
XBJA.US,5,20250922,213000,31.2519,31.2519,31.2519,31.2519,300,0
XBJA.US,5,20250922,213500,31.27,31.27,31.27,31.27,100,0
XBJA.US,5,20250923,153000,31.23,31.23,31.23,31.23,265,0
XBJA.US,5,20250923,161500,31.27,31.27,31.27,31.27,100,0
XBJA.US,5,20250923,184000,31.26,31.26,31.26,31.26,200,0
XBJA.US,5,20250923,192500,31.2104,31.224,31.2104,31.224,714,0
XBJA.US,5,20250923,202500,31.21,31.21,31.21,31.21,541,0
XBJA.US,5,20250923,203500,31.2399,31.2399,31.2399,31.2399,640,0
XBJA.US,5,20250923,205000,31.21,31.21,31.21,31.21,307,0
XBJA.US,5,20250923,210500,31.225,31.23,31.22,31.23,600,0
XBJA.US,5,20250923,215500,31.23,31.23,31.23,31.23,292,0
XBJA.US,5,20250924,154500,31.171,31.171,31.171,31.171,101,0
XBJA.US,5,20250924,173000,31.2463,31.2463,31.22,31.22,617,0
XBJA.US,5,20250924,182000,31.2,31.2,31.2,31.2,100,0
XBJA.US,5,20250924,192000,31.2085,31.2085,31.1509,31.1509,333,0
XBJA.US,5,20250924,194000,31.151,31.151,31.151,31.151,2000,0
XBJA.US,5,20250924,200000,31.2,31.2,31.2,31.2,1097,0
XBJA.US,5,20250924,202000,31.19,31.19,31.19,31.19,200,0
XBJA.US,5,20250924,205500,31.2058,31.2058,31.2058,31.2058,112,0
XBJA.US,5,20250924,213500,31.2,31.2,31.2,31.2,233,0
XBJA.US,5,20250925,204000,31.176,31.176,31.176,31.176,181,0
XBJA.US,5,20250925,211000,31.1785,31.1785,31.1785,31.1785,118,0
XBJA.US,5,20250925,214000,31.175,31.175,31.175,31.175,142,0
XBJA.US,5,20250926,154000,31.2,31.2,31.18,31.2,1200,0
XBJA.US,5,20250926,154500,31.2,31.2,31.19,31.2,1300,0
XBJA.US,5,20250926,184500,31.25,31.25,31.25,31.25,638,0
XBJA.US,5,20250926,194000,31.24,31.24,31.24,31.24,352,0
XBJA.US,5,20250926,212000,31.245,31.245,31.245,31.245,119,0
XBJA.US,5,20250929,164000,31.278,31.278,31.278,31.278,702,0
XBJA.US,5,20250929,175500,31.24,31.24,31.24,31.24,239,0
XBJA.US,5,20250929,181500,31.25,31.2501,31.25,31.2501,376,0
XBJA.US,5,20250929,190500,31.2896,31.2896,31.2896,31.2896,124,0
XBJA.US,5,20250930,153500,31.28,31.28,31.28,31.28,623,0
XBJA.US,5,20250930,160000,31.31,31.31,31.275,31.275,655,0
XBJA.US,5,20250930,162500,31.27,31.27,31.27,31.27,128,0
XBJA.US,5,20250930,170000,31.24,31.24,31.24,31.24,284,0
XBJA.US,5,20250930,184000,31.25,31.2501,31.25,31.2501,200,0
XBJA.US,5,20250930,200500,31.275,31.3,31.275,31.3,793,0
XBJA.US,5,20250930,204000,31.3,31.3,31.3,31.3,200,0
XBJA.US,5,20250930,205500,31.29,31.3,31.29,31.3,698,0
XBJA.US,5,20250930,211000,31.275,31.275,31.275,31.275,220,0
XBJA.US,5,20250930,212000,31.3,31.31,31.3,31.31,200,0
XBJA.US,5,20250930,215500,31.285,31.291986,31.285,31.291986,1330,0
XBJA.US,5,20251001,162500,31.32,31.32,31.32,31.32,247,0
XBJA.US,5,20251001,164000,31.32,31.32,31.32,31.32,100,0
XBJA.US,5,20251001,172000,31.295,31.295,31.295,31.295,637,0
XBJA.US,5,20251001,210500,31.3071,31.3071,31.3071,31.3071,390,0
XBJA.US,5,20251002,153500,31.29,31.29,31.29,31.29,895,0
XBJA.US,5,20251002,154000,31.2811,31.37,31.2811,31.335,456,0
XBJA.US,5,20251002,155500,31.36,31.36,31.36,31.36,1211,0
XBJA.US,5,20251002,160500,31.3,31.3,31.3,31.3,110,0
XBJA.US,5,20251002,161500,31.3,31.3,31.3,31.3,170,0
XBJA.US,5,20251002,175000,31.34,31.3581,31.34,31.3581,294,0
XBJA.US,5,20251002,185500,31.3104,31.3104,31.3104,31.3104,121,0
XBJA.US,5,20251002,205500,31.3104,31.3104,31.3104,31.3104,162,0
XBJA.US,5,20251002,210000,31.3176,31.3176,31.3176,31.3176,398,0
XBJA.US,5,20251002,213000,31.33,31.33,31.33,31.33,252,0
XBJA.US,5,20251002,213500,31.35,31.35,31.35,31.35,1598,0
XBJA.US,5,20251003,170000,31.36,31.36,31.36,31.36,1914,0
XBJA.US,5,20251003,174500,31.36,31.36,31.36,31.36,294,0
XBJA.US,5,20251003,175000,31.37,31.37,31.37,31.37,220,0
XBJA.US,5,20251003,195000,31.33,31.33,31.33,31.33,242,0
XBJA.US,5,20251003,212000,31.3101,31.3101,31.3101,31.3101,100,0
XBJA.US,5,20251003,214000,31.32,31.32,31.32,31.32,100,0
XBJA.US,5,20251006,162000,31.349,31.349,31.349,31.349,698,0
XBJA.US,5,20251006,173500,31.33,31.33,31.33,31.33,100,0
XBJA.US,5,20251006,175000,31.3397,31.3397,31.3397,31.3397,600,0
XBJA.US,5,20251006,181500,31.34,31.34,31.34,31.34,100,0
XBJA.US,5,20251006,184500,31.3558,31.3558,31.3558,31.3558,101,0
XBJA.US,5,20251006,185000,31.34,31.3401,31.34,31.34,400,0
XBJA.US,5,20251006,190500,31.34,31.34,31.34,31.34,100,0
XBJA.US,5,20251006,205500,31.37,31.37,31.37,31.37,427,0
XBJA.US,5,20251006,211500,31.355,31.355,31.355,31.355,137,0
XBJA.US,5,20251006,214000,31.355,31.355,31.355,31.355,125,0
XBJA.US,5,20251007,155000,31.3301,31.3301,31.3301,31.3301,101,0
XBJA.US,5,20251007,160500,31.36,31.36,31.36,31.36,458,0
XBJA.US,5,20251007,172000,31.343,31.343,31.343,31.343,333,0
XBJA.US,5,20251007,172500,31.32,31.32,31.32,31.32,100,0
XBJA.US,5,20251007,173000,31.35,31.35,31.35,31.35,498,0
XBJA.US,5,20251007,175000,31.34,31.34,31.34,31.34,217,0
XBJA.US,5,20251007,184000,31.32,31.32,31.32,31.32,478,0
XBJA.US,5,20251007,190500,31.31,31.31,31.31,31.31,353,0
XBJA.US,5,20251007,191000,31.32,31.32,31.32,31.32,400,0
XBJA.US,5,20251007,192500,31.3353,31.3353,31.3353,31.3353,143,0
XBJA.US,5,20251007,194000,31.369,31.369,31.369,31.369,286,0
XBJA.US,5,20251007,195000,31.31,31.31,31.31,31.31,100,0
XBJA.US,5,20251007,195500,31.3315,31.3315,31.3315,31.3315,187,0
XBJA.US,5,20251007,200000,31.31,31.31,31.31,31.31,100,0
XBJA.US,5,20251007,203500,31.34,31.34,31.34,31.34,225,0
XBJA.US,5,20251007,210500,31.31,31.31,31.31,31.31,553,0
XBJA.US,5,20251007,213000,31.31,31.31,31.31,31.31,100,0
XBJA.US,5,20251007,215500,31.31,31.31,31.31,31.31,100,0
XBJA.US,5,20251008,160500,31.33,31.33,31.33,31.33,100,0
XBJA.US,5,20251008,164500,31.34,31.34,31.34,31.34,900,0
XBJA.US,5,20251008,172500,31.34,31.34,31.34,31.34,100,0
XBJA.US,5,20251008,183500,31.34,31.3401,31.34,31.3401,270,0
XBJA.US,5,20251008,191500,31.38,31.38,31.38,31.38,227,0
XBJA.US,5,20251008,192500,31.37,31.37,31.37,31.37,100,0
XBJA.US,5,20251008,204000,31.38,31.38,31.38,31.38,216,0
XBJA.US,5,20251009,175000,31.38,31.38,31.38,31.38,479,0
XBJA.US,5,20251009,180000,31.3628,31.3628,31.3628,31.3628,213,0
XBJA.US,5,20251009,181000,31.35,31.35,31.35,31.35,100,0
XBJA.US,5,20251009,182500,31.3585,31.3585,31.3585,31.3585,453,0
XBJA.US,5,20251009,193500,31.34,31.34,31.34,31.34,103,0
XBJA.US,5,20251009,195000,31.37,31.37,31.37,31.37,177,0
XBJA.US,5,20251009,200500,31.3899,31.3899,31.33,31.33,450,0
XBJA.US,5,20251009,202000,31.33,31.33,31.33,31.33,3574,0
XBJA.US,5,20251009,205000,31.355,31.355,31.3201,31.3201,281,0
XBJA.US,5,20251009,210000,31.3655,31.3655,31.3655,31.3655,430,0
XBJA.US,5,20251009,211000,31.37,31.37,31.37,31.37,225,0
XBJA.US,5,20251009,211500,31.37,31.37,31.37,31.37,347,0
XBJA.US,5,20251009,212000,31.34,31.3655,31.32,31.33,616,0
XBJA.US,5,20251009,213500,31.36,31.36,31.36,31.36,262,0
XBJA.US,5,20251009,214000,31.34,31.34,31.34,31.34,100,0
XBJA.US,5,20251010,173000,31.32,31.32,31.32,31.32,315,0
XBJA.US,5,20251010,174500,31.2635,31.2635,31.2635,31.2635,131,0
XBJA.US,5,20251010,203000,31.17,31.17,31.17,31.17,200,0
XBJA.US,5,20251010,203500,31.2,31.2,31.2,31.2,383,0
XBJA.US,5,20251010,215500,31.14,31.14,31.14,31.14,576,0
XBJA.US,5,20251013,154500,31.22,31.22,31.22,31.22,100,0
XBJA.US,5,20251013,170000,31.2552,31.2552,31.2552,31.2552,151,0
XBJA.US,5,20251013,181500,31.26,31.26,31.26,31.26,201,0
XBJA.US,5,20251013,183000,31.26,31.26,31.26,31.26,100,0
XBJA.US,5,20251013,193000,31.26,31.26,31.26,31.26,190,0
XBJA.US,5,20251013,195500,31.28,31.28,31.28,31.28,135,0
XBJA.US,5,20251013,210000,31.29,31.29,31.29,31.29,471,0
XBJA.US,5,20251013,215500,31.2978,31.2978,31.2978,31.2978,140,0
XBJA.US,5,20251014,183500,31.2805,31.2805,31.2805,31.2805,749,0
XBJA.US,5,20251014,185500,31.28,31.3121,31.28,31.3121,634,0
XBJA.US,5,20251014,190000,31.28,31.28,31.28,31.28,100,0
XBJA.US,5,20251014,192000,31.305,31.305,31.305,31.305,609,0
XBJA.US,5,20251014,200000,31.319,31.319,31.319,31.319,113,0
XBJA.US,5,20251014,202000,31.315,31.315,31.315,31.315,151,0
XBJA.US,5,20251014,203000,31.3138,31.3138,31.3138,31.3138,149,0
XBJA.US,5,20251014,203500,31.3047,31.3047,31.3047,31.3047,466,0
XBJA.US,5,20251014,210000,31.315,31.315,31.315,31.315,156,0
XBJA.US,5,20251014,211000,31.29,31.29,31.29,31.29,100,0
XBJA.US,5,20251014,211500,31.3059,31.3059,31.3059,31.3059,253,0
XBJA.US,5,20251014,212500,31.3,31.3,31.3,31.3,165,0
XBJA.US,5,20251015,160000,31.31,31.31,31.31,31.31,100,0
XBJA.US,5,20251015,160500,31.3297,31.3297,31.3297,31.3297,137,0
XBJA.US,5,20251015,185500,31.2832,31.2832,31.2832,31.2832,500,0
XBJA.US,5,20251015,190000,31.28,31.28,31.28,31.28,211,0
XBJA.US,5,20251015,190500,31.26,31.26,31.26,31.26,731,0
XBJA.US,5,20251015,211000,31.26,31.26,31.26,31.26,100,0
XBJA.US,5,20251015,214000,31.26,31.26,31.26,31.26,100,0
XBJA.US,5,20251016,160000,31.28,31.28,31.28,31.28,100,0
XBJA.US,5,20251016,171000,31.3294,31.3294,31.3294,31.3294,182,0
XBJA.US,5,20251016,190500,31.2,31.2,31.2,31.2,100,0
XBJA.US,5,20251016,192000,31.24,31.26,31.24,31.26,1000,0
XBJA.US,5,20251016,193500,31.21,31.21,31.21,31.21,100,0
XBJA.US,5,20251016,195000,31.22,31.22,31.22,31.22,332,0
XBJA.US,5,20251016,200000,31.18,31.18,31.18,31.18,100,0
XBJA.US,5,20251016,211500,31.1755,31.1755,31.1755,31.1755,106,0
XBJA.US,5,20251016,213500,31.145,31.145,31.145,31.145,181,0
XBJA.US,5,20251016,214000,31.12,31.12,31.12,31.12,100,0
XBJA.US,5,20251016,214500,31.1536,31.1536,31.1536,31.1536,155,0
XBJA.US,5,20251017,160000,31.18,31.18,31.18,31.18,100,0
XBJA.US,5,20251017,161500,31.2092,31.2092,31.2092,31.2092,1000,0
XBJA.US,5,20251017,185000,31.23,31.23,31.23,31.23,259,0
XBJA.US,5,20251017,191500,31.219,31.219,31.219,31.219,110,0
XBJA.US,5,20251017,204500,31.26,31.28,31.26,31.28,640,0
XBJA.US,5,20251017,205000,31.27,31.27,31.27,31.27,319,0
XBJA.US,5,20251017,212500,31.27,31.27,31.27,31.27,100,0
XBJA.US,5,20251017,214000,31.29,31.29,31.29,31.29,1769,0
XBJA.US,5,20251017,215000,31.295,31.295,31.295,31.295,103,0
XBJA.US,5,20251020,161000,31.38,31.38,31.38,31.38,114,0
XBJA.US,5,20251020,172000,31.39,31.39,31.39,31.39,442,0
XBJA.US,5,20251020,172500,31.3761,31.3761,31.3761,31.3761,160,0
XBJA.US,5,20251020,173000,31.41,31.41,31.41,31.41,240,0
XBJA.US,5,20251020,190500,31.41,31.41,31.41,31.41,478,0
XBJA.US,5,20251020,192000,31.395,31.395,31.395,31.395,120,0
XBJA.US,5,20251020,192500,31.395,31.395,31.395,31.395,507,0
XBJA.US,5,20251020,193500,31.3935,31.3935,31.3935,31.3935,100,0
XBJA.US,5,20251020,194500,31.41,31.41,31.41,31.41,797,0
XBJA.US,5,20251020,201000,31.4,31.4,31.4,31.4,100,0
XBJA.US,5,20251020,205000,31.4,31.4,31.4,31.4,159,0
XBJA.US,5,20251020,205500,31.41,31.41,31.41,31.41,550,0
XBJA.US,5,20251020,210500,31.4,31.4,31.4,31.4,348,0
XBJA.US,5,20251020,211000,31.41,31.41,31.4,31.4,2629,0
XBJA.US,5,20251021,155500,31.38,31.38,31.38,31.38,100,0
XBJA.US,5,20251021,162000,31.4196,31.4196,31.4196,31.4196,125,0
XBJA.US,5,20251021,164500,31.4322,31.4322,31.4322,31.4322,202,0
XBJA.US,5,20251021,171500,31.4385,31.4385,31.4385,31.4385,118,0
XBJA.US,5,20251021,174500,31.46,31.46,31.46,31.46,100,0
XBJA.US,5,20251021,185000,31.42,31.42,31.42,31.42,100,0
XBJA.US,5,20251021,191000,31.45,31.46,31.43,31.4301,924,0
XBJA.US,5,20251021,211000,31.46,31.46,31.4517,31.4517,348,0
XBJA.US,5,20251021,215000,31.43,31.43,31.43,31.43,468,0
XBJA.US,5,20251021,215500,31.44,31.44,31.42,31.42,631,0
XBJA.US,5,20251022,161000,31.4287,31.4287,31.4287,31.4287,177,0
XBJA.US,5,20251022,163000,31.42,31.42,31.42,31.42,577,0
XBJA.US,5,20251022,164000,31.39,31.39,31.39,31.39,100,0
XBJA.US,5,20251022,191500,31.42,31.42,31.42,31.42,100,0
XBJA.US,5,20251022,212500,31.3974,31.3974,31.3974,31.3974,135,0
XBJA.US,5,20251022,215000,31.395,31.395,31.395,31.395,100,0
XBJA.US,5,20251023,164000,31.41,31.41,31.41,31.41,955,0
XBJA.US,5,20251023,184000,31.44,31.44,31.44,31.44,339,0
XBJA.US,5,20251023,210000,31.465,31.465,31.465,31.465,132,0
XBJA.US,5,20251023,211500,31.48,31.48,31.48,31.48,8597,0
XBJA.US,5,20251024,164500,31.48,31.515,31.47,31.48,4430,0
XBJA.US,5,20251024,180000,31.528,31.528,31.528,31.528,153,0
XBJA.US,5,20251024,191000,31.55,31.55,31.55,31.55,100,0
XBJA.US,5,20251024,192000,31.53,31.53,31.53,31.53,758,0
XBJA.US,5,20251024,211500,31.49,31.49,31.47,31.47,969,0
XBJA.US,5,20251027,170500,31.53,31.54,31.525,31.54,4224,0
XBJA.US,5,20251027,184000,31.5541,31.5541,31.5541,31.5541,100,0
XBJA.US,5,20251027,185000,31.58,31.58,31.5716,31.5716,365,0
XBJA.US,5,20251027,190000,31.5562,31.5562,31.5562,31.5562,100,0
XBJA.US,5,20251027,193500,31.565,31.565,31.565,31.565,250,0
XBJA.US,5,20251027,194000,31.53,31.53,31.511,31.511,1400,0
XBJA.US,5,20251027,194500,31.565,31.565,31.565,31.565,155,0
XBJA.US,5,20251027,200000,31.5678,31.5678,31.5678,31.5678,208,0
XBJA.US,5,20251027,203000,31.59,31.59,31.59,31.59,359,0
XBJA.US,5,20251027,204500,31.511,31.511,31.511,31.511,109,0
XBJA.US,5,20251028,161000,31.5915,31.5915,31.5915,31.5915,200,0
XBJA.US,5,20251028,173000,31.575,31.575,31.575,31.575,295,0
XBJA.US,5,20251028,193500,31.55,31.55,31.55,31.55,400,0
XBJA.US,5,20251028,194500,31.62,31.62,31.62,31.62,300,0
XBJA.US,5,20251028,195500,31.5822,31.5822,31.5822,31.5822,134,0
XBJA.US,5,20251028,201500,31.55,31.62,31.55,31.575,2320,0
XBJA.US,5,20251028,202500,31.55,31.5592,31.55,31.5592,700,0
XBJA.US,5,20251028,203000,31.58,31.58,31.58,31.58,2097,0
XBJA.US,5,20251028,205000,31.6099,31.6099,31.6099,31.6099,340,0
XBJA.US,5,20251028,205500,31.5666,31.5666,31.5666,31.5666,1117,0
XBJA.US,5,20251029,150000,31.445,31.445,31.445,31.445,300,0
XBJA.US,5,20251029,150500,31.56,31.56,31.56,31.56,533,0
XBJA.US,5,20251029,152500,31.56,31.56,31.56,31.56,307,0
XBJA.US,5,20251029,164500,31.55,31.55,31.54,31.54,9983,0
XBJA.US,5,20251029,165500,31.55,31.55,31.55,31.55,100,0
XBJA.US,5,20251029,170000,31.55,31.55,31.53,31.53,724,0
XBJA.US,5,20251029,172000,31.58,31.58,31.58,31.58,100,0
XBJA.US,5,20251029,175500,31.55,31.55,31.55,31.55,100,0
XBJA.US,5,20251029,201500,31.52,31.58,31.52,31.58,1533,0
XBJA.US,5,20251029,203000,31.5672,31.5672,31.5672,31.5672,158,0
XBJA.US,5,20251030,150000,31.52,31.52,31.52,31.52,100,0
XBJA.US,5,20251030,162500,31.57,31.57,31.5201,31.5201,2750,0
XBJA.US,5,20251030,172000,31.576,31.576,31.576,31.576,300,0
XBJA.US,5,20251030,201000,31.5788,31.5788,31.5788,31.5788,106,0
XBJA.US,5,20251031,155000,31.57,31.57,31.57,31.57,118,0
XBJA.US,5,20251031,191000,31.535,31.535,31.535,31.535,559,0
XBJA.US,5,20251031,193500,31.521161,31.521161,31.521161,31.521161,131,0
XBJA.US,5,20251031,203500,31.54,31.54,31.54,31.54,157,0
XBJA.US,5,20251031,205000,31.51,31.51,31.51,31.51,466,0
XBJA.US,5,20251103,164000,31.4701,31.4701,31.4701,31.4701,200,0
XBJA.US,5,20251103,192000,31.5294,31.5294,31.5294,31.5294,108,0
XBJA.US,5,20251103,210000,31.520722,31.520722,31.520722,31.520722,346,0
XBJA.US,5,20251103,210500,31.518,31.52,31.518,31.52,876,0
XBJA.US,5,20251103,214000,31.53,31.53,31.53,31.53,152,0
XBJA.US,5,20251104,154500,31.4593,31.4593,31.4593,31.4593,100,0
XBJA.US,5,20251104,205500,31.52,31.52,31.52,31.52,287,0
XBJA.US,5,20251104,210500,31.54,31.54,31.54,31.54,100,0
XBJA.US,5,20251104,211500,31.54,31.54,31.54,31.54,100,0
XBJA.US,5,20251105,162000,31.5,31.515,31.5,31.5,393,0
XBJA.US,5,20251105,175000,31.529,31.529,31.529,31.529,118,0
XBJA.US,5,20251105,182000,31.52,31.5201,31.52,31.5201,1000,0
XBJA.US,5,20251105,184000,31.53,31.53,31.53,31.53,104,0
XBJA.US,5,20251105,185500,31.5389,31.5389,31.5389,31.5389,162,0
XBJA.US,5,20251105,201000,31.54,31.54,31.54,31.54,322,0
XBJA.US,5,20251105,202500,31.53,31.53,31.53,31.53,153,0
XBJA.US,5,20251105,205500,31.55,31.55,31.5499,31.5499,200,0
XBJA.US,5,20251105,215000,31.54,31.54,31.54,31.54,302,0
XBJA.US,5,20251106,183500,31.47,31.47,31.47,31.47,781,0
XBJA.US,5,20251106,193500,31.47,31.47,31.47,31.47,1008,0
XBJA.US,5,20251106,211500,31.4995,31.4995,31.495,31.495,274,0
XBJA.US,5,20251106,212000,31.4501,31.4501,31.4501,31.4501,125,0
XBJA.US,5,20251106,213000,31.47,31.47,31.47,31.47,100,0
XBJA.US,5,20251106,214500,31.47,31.47,31.46,31.46,500,0
XBJA.US,5,20251106,215000,31.44,31.44,31.44,31.44,675,0
XBJA.US,5,20251107,153000,31.41,31.41,31.41,31.41,100,0
XBJA.US,5,20251107,171000,31.4,31.4,31.4,31.4,100,0
XBJA.US,5,20251107,211500,31.49,31.49,31.4899,31.4899,200,0
XBJA.US,5,20251107,212000,31.46,31.46,31.46,31.46,100,0
XBJA.US,5,20251107,212500,31.46,31.46,31.45,31.45,19968,0
XBJA.US,5,20251110,182500,31.56,31.56,31.54,31.56,16436,0
XBJA.US,5,20251110,193000,31.62,31.62,31.62,31.62,322,0
XBJA.US,5,20251110,212000,31.5852,31.5852,31.5852,31.5852,156,0
XBJA.US,5,20251111,161000,31.6204,31.6204,31.6204,31.6204,142,0
XBJA.US,5,20251111,163500,31.59,31.5901,31.59,31.5901,400,0
XBJA.US,5,20251111,174000,31.6,31.6,31.6,31.6,37909,0
XBJA.US,5,20251111,185500,31.63,31.63,31.63,31.63,250,0
XBJA.US,5,20251111,191500,31.63,31.63,31.63,31.63,127,0
XBJA.US,5,20251111,200000,31.61,31.61,31.61,31.61,397,0
XBJA.US,5,20251112,153000,31.61,31.61,31.61,31.61,2601,0
XBJA.US,5,20251112,161000,31.6,31.6,31.6,31.6,600,0
XBJA.US,5,20251112,161500,31.7099,31.7099,31.7099,31.7099,1600,0
XBJA.US,5,20251112,162000,31.69,31.7089,31.6536,31.7089,1495,0
XBJA.US,5,20251112,164500,31.61,31.61,31.61,31.61,839,0
XBJA.US,5,20251112,171500,31.645,31.645,31.645,31.645,152,0
XBJA.US,5,20251112,175000,31.645,31.68,31.645,31.68,2366,0
XBJA.US,5,20251112,181000,31.61,31.61,31.61,31.61,200,0
XBJA.US,5,20251113,163500,31.59,31.59,31.59,31.59,284,0
XBJA.US,5,20251113,205000,31.52,31.52,31.52,31.52,906,0
XBJA.US,5,20251113,210500,31.5134,31.5134,31.5134,31.5134,335,0
XBJA.US,5,20251113,211000,31.51,31.51,31.51,31.51,100,0
XBJA.US,5,20251113,215500,31.525,31.525,31.525,31.525,390,0
XBJA.US,5,20251114,173000,31.56,31.56,31.56,31.56,3035,0
XBJA.US,5,20251114,174500,31.59,31.59,31.59,31.59,3012,0
XBJA.US,5,20251117,171500,31.52,31.52,31.52,31.52,200,0
XBJA.US,5,20251117,175000,31.56,31.56,31.56,31.56,1100,0
XBJA.US,5,20251117,185000,31.53,31.54,31.52,31.52,700,0
XBJA.US,5,20251117,190500,31.52,31.52,31.52,31.52,100,0
XBJA.US,5,20251117,195500,31.545,31.545,31.545,31.545,100,0
XBJA.US,5,20251117,214000,31.45,31.45,31.45,31.45,4141,0
XBJA.US,5,20251117,214500,31.47,31.47,31.47,31.47,102,0
XBJA.US,5,20251118,155500,31.335,31.335,31.335,31.335,100,0
XBJA.US,5,20251118,191000,31.5,31.5,31.5,31.5,138,0
XBJA.US,5,20251119,183500,31.425,31.425,31.425,31.425,300,0
XBJA.US,5,20251119,201500,31.47,31.47,31.47,31.47,2197,0
XBJA.US,5,20251119,205000,31.434853,31.434853,31.434853,31.434853,1646,0
XBJA.US,5,20251119,213000,31.465,31.465,31.465,31.465,160,0
XBJA.US,5,20251119,214000,31.48,31.48,31.48,31.48,213,0
XBJA.US,5,20251120,162000,31.585,31.585,31.585,31.585,200,0
XBJA.US,5,20251120,173000,31.57,31.57,31.57,31.57,100,0
XBJA.US,5,20251120,183500,31.3821,31.3821,31.3821,31.3821,521,0
XBJA.US,5,20251120,193000,31.395,31.395,31.395,31.395,232,0
XBJA.US,5,20251120,201500,31.335,31.3699,31.335,31.3699,5567,0
XBJA.US,5,20251120,205500,31.4092,31.43,31.4092,31.4299,507,0
XBJA.US,5,20251120,213500,31.3783,31.3783,31.3783,31.3783,232,0
XBJA.US,5,20251120,214000,31.32,31.337,31.32,31.337,983,0
XBJA.US,5,20251121,162000,31.32,31.32,31.32,31.32,100,0
XBJA.US,5,20251121,163000,31.38,31.38,31.38,31.38,223,0
XBJA.US,5,20251121,163500,31.328,31.328,31.328,31.328,547,0
XBJA.US,5,20251121,183000,31.46,31.46,31.46,31.46,714,0
XBJA.US,5,20251121,190000,31.5,31.509,31.5,31.509,362,0
XBJA.US,5,20251121,194500,31.4621,31.4621,31.4621,31.4621,115,0
XBJA.US,5,20251121,200000,31.52,31.52,31.52,31.52,2099,0
XBJA.US,5,20251121,212500,31.5099,31.5099,31.5099,31.5099,114,0
XBJA.US,5,20251121,213000,31.4996,31.4996,31.4996,31.4996,112,0
XBJA.US,5,20251121,213500,31.5,31.5,31.4999,31.4999,400,0
XBJA.US,5,20251121,214500,31.5,31.5,31.5,31.5,100,0
XBJA.US,5,20251124,153500,31.55,31.55,31.55,31.55,189,0
XBJA.US,5,20251124,160000,31.565,31.565,31.565,31.565,393,0
XBJA.US,5,20251124,162000,31.6,31.6,31.6,31.6,100,0
XBJA.US,5,20251124,182500,31.5883,31.5883,31.5883,31.5883,214,0
XBJA.US,5,20251124,190000,31.6131,31.6131,31.6131,31.6131,316,0
XBJA.US,5,20251124,191500,31.6,31.6,31.6,31.6,568,0
XBJA.US,5,20251124,192000,31.58,31.58,31.58,31.58,200,0
XBJA.US,5,20251124,201000,31.59,31.6249,31.5701,31.5701,517,0
XBJA.US,5,20251124,201500,31.66,31.66,31.66,31.66,100,0
XBJA.US,5,20251124,212000,31.625,31.625,31.625,31.625,250,0
XBJA.US,5,20251124,215000,31.66,31.66,31.66,31.66,100,0
XBJA.US,5,20251125,160500,31.62,31.62,31.62,31.62,100,0
XBJA.US,5,20251125,165500,31.635,31.635,31.635,31.635,139,0
XBJA.US,5,20251125,171000,31.6215,31.6215,31.6215,31.6215,236,0
XBJA.US,5,20251125,183000,31.66,31.66,31.66,31.66,200,0
XBJA.US,5,20251125,190500,31.64,31.64,31.64,31.64,497,0
XBJA.US,5,20251125,191500,31.62,31.62,31.62,31.62,109,0
XBJA.US,5,20251125,193500,31.7,31.7,31.7,31.7,100,0
XBJA.US,5,20251125,195500,31.7,31.7,31.67,31.67,1248,0
XBJA.US,5,20251125,200500,31.71,31.71,31.71,31.71,100,0
XBJA.US,5,20251125,201500,31.67,31.67,31.67,31.67,177,0
XBJA.US,5,20251125,214500,31.7165,31.7165,31.7165,31.7165,326,0
XBJA.US,5,20251126,160500,31.76,31.76,31.76,31.76,100,0
XBJA.US,5,20251126,171500,31.77,31.77,31.77,31.77,100,0
XBJA.US,5,20251126,175000,31.78,31.78,31.78,31.78,100,0
XBJA.US,5,20251126,185500,31.73,31.73,31.73,31.73,1377,0
XBJA.US,5,20251126,192000,31.7668,31.7668,31.7668,31.7668,313,0
XBJA.US,5,20251126,192500,31.78,31.78,31.7763,31.7763,246,0
XBJA.US,5,20251126,204500,31.779,31.779,31.779,31.779,100,0
XBJA.US,5,20251128,181000,31.76,31.76,31.76,31.76,196,0
XBJA.US,5,20251201,162500,31.81,31.81,31.81,31.81,100,0
XBJA.US,5,20251201,174000,31.82,31.82,31.82,31.82,100,0
XBJA.US,5,20251201,180500,31.8,31.8,31.8,31.8,385,0
XBJA.US,5,20251201,193500,31.81,31.81,31.81,31.81,1807,0
XBJA.US,5,20251201,194500,31.7915,31.7915,31.7915,31.7915,338,0
XBJA.US,5,20251201,203000,31.76,31.78,31.74,31.78,930,0
XBJA.US,5,20251201,205000,31.82,31.82,31.7864,31.79,1663,0
XBJA.US,5,20251201,211000,31.82,31.82,31.82,31.82,100,0
XBJA.US,5,20251202,172000,31.7901,31.7901,31.7901,31.7901,191,0
XBJA.US,5,20251202,181500,31.751,31.751,31.751,31.751,114,0
XBJA.US,5,20251202,182000,31.7709,31.7709,31.7709,31.7709,946,0
XBJA.US,5,20251202,185500,31.75,31.75,31.75,31.75,569,0
XBJA.US,5,20251202,192000,31.82,31.82,31.82,31.82,128,0
XBJA.US,5,20251202,192500,31.8,31.8,31.8,31.8,3444,0
XBJA.US,5,20251202,201500,31.77,31.77,31.77,31.77,200,0
XBJA.US,5,20251202,211000,31.8064,31.8064,31.8064,31.8064,117,0
XBJA.US,5,20251202,212500,31.7623,31.82,31.7623,31.82,243,0
XBJA.US,5,20251202,215000,31.7822,31.7822,31.7822,31.7822,105,0
XBJA.US,5,20251203,153000,31.72,31.72,31.72,31.72,2000,0
XBJA.US,5,20251203,154000,31.77,31.77,31.77,31.77,108,0
XBJA.US,5,20251203,154500,31.8022,31.8022,31.8022,31.8022,215,0
XBJA.US,5,20251203,161000,31.78,31.78,31.78,31.78,788,0
XBJA.US,5,20251203,161500,31.77,31.77,31.77,31.77,100,0
XBJA.US,5,20251203,171000,31.81,31.81,31.81,31.81,705,0
XBJA.US,5,20251203,194500,31.79,31.79,31.79,31.79,257,0
XBJA.US,5,20251204,155000,31.8,31.815,31.8,31.815,10485,0
XBJA.US,5,20251204,155500,31.79,31.79,31.79,31.79,904,0
XBJA.US,5,20251204,161000,31.79,31.79,31.79,31.79,100,0
XBJA.US,5,20251204,192500,31.8,31.8,31.78,31.78,441,0
XBJA.US,5,20251204,194000,31.8,31.8,31.8,31.8,100,0
XBJA.US,5,20251204,211000,31.8299,31.8299,31.8299,31.8299,100,0
XBJA.US,5,20251204,212000,31.829,31.86,31.78,31.78,804,0
XBJA.US,5,20251204,213000,31.82,31.82,31.82,31.82,100,0
XBJA.US,5,20251205,195000,31.82,31.82,31.82,31.82,177,0
XBJA.US,5,20251205,205000,31.82,31.82,31.8,31.8,300,0
XBJA.US,5,20251208,163500,31.8512,31.8512,31.8512,31.8512,261,0
XBJA.US,5,20251208,170500,31.889,31.889,31.8405,31.8405,425,0
XBJA.US,5,20251208,174000,31.82,31.82,31.82,31.82,200,0
XBJA.US,5,20251208,193500,31.8001,31.8001,31.8,31.8,295,0
XBJA.US,5,20251208,194000,31.8084,31.8084,31.8084,31.8084,356,0
XBJA.US,5,20251209,181500,31.8424,31.8424,31.8424,31.8424,1045,0
XBJA.US,5,20251209,200500,31.85,31.85,31.85,31.85,676,0
XBJA.US,5,20251209,205000,31.885,31.885,31.85,31.85,2946,0
XBJA.US,5,20251209,210500,31.83,31.83,31.83,31.83,239,0
XBJA.US,5,20251209,213000,31.85,31.85,31.85,31.85,250,0
XBJA.US,5,20251209,215500,31.8522,31.8522,31.8522,31.8522,110,0
XBJA.US,5,20251210,161500,31.82,31.82,31.82,31.82,327,0
XBJA.US,5,20251210,173500,31.87,31.87,31.87,31.87,125,0
XBJA.US,5,20251210,182000,31.8009,31.8009,31.8009,31.8009,249,0
XBJA.US,5,20251210,202000,31.8495,31.8495,31.8495,31.8495,110,0
XBJA.US,5,20251210,203500,31.87,31.897,31.87,31.897,242,0
XBJA.US,5,20251210,214000,31.89,31.89,31.89,31.89,140,0
XBJA.US,5,20251211,163000,31.93,31.93,31.93,31.93,163,0
XBJA.US,5,20251211,180500,31.865,31.865,31.865,31.865,243,0
XBJA.US,5,20251211,182000,31.8401,31.8401,31.84,31.84,200,0
XBJA.US,5,20251211,193500,31.91,31.91,31.91,31.91,100,0
XBJA.US,5,20251211,202000,31.89,31.89,31.89,31.89,250,0
XBJA.US,5,20251211,211500,31.92,31.92,31.92,31.92,100,0
XBJA.US,5,20251211,212500,31.92,31.92,31.92,31.92,1000,0
XBJA.US,5,20251211,213000,31.875,31.875,31.875,31.875,126,0
XBJA.US,5,20251212,164000,31.92,31.92,31.92,31.92,1000,0
XBJA.US,5,20251212,183000,31.9,31.9,31.9,31.9,2284,0
XBJA.US,5,20251212,190500,31.8705,31.8705,31.8705,31.8705,128,0
XBJA.US,5,20251212,192000,31.877,31.877,31.877,31.877,152,0
XBJA.US,5,20251215,160000,31.895,31.895,31.895,31.895,126,0
XBJA.US,5,20251215,162500,31.895,31.895,31.895,31.895,150,0
XBJA.US,5,20251215,170500,31.882,31.882,31.882,31.882,228,0
XBJA.US,5,20251215,182000,31.896,31.896,31.896,31.896,250,0
XBJA.US,5,20251215,204500,31.8577,31.8577,31.8577,31.8577,151,0
XBJA.US,5,20251215,213500,31.9,31.9,31.9,31.9,435,0
XBJA.US,5,20251216,162500,31.92,31.925,31.92,31.925,700,0
XBJA.US,5,20251216,164000,31.884,31.884,31.884,31.884,434,0
XBJA.US,5,20251216,171500,31.9,31.9,31.9,31.9,278,0
XBJA.US,5,20251216,183000,31.86,31.86,31.86,31.86,524,0
XBJA.US,5,20251216,210000,31.89,31.89,31.89,31.89,314,0
XBJA.US,5,20251217,164000,31.8899,31.8899,31.8899,31.8899,111,0
XBJA.US,5,20251217,174500,31.85,31.895,31.85,31.895,910,0
XBJA.US,5,20251217,201500,31.895,31.92,31.895,31.92,200,0
XBJA.US,5,20251217,202500,31.86,31.86,31.86,31.86,417,0
XBJA.US,5,20251217,203500,31.87,31.87,31.86,31.86,400,0
XBJA.US,5,20251217,204000,31.851,31.851,31.851,31.851,470,0
XBJA.US,5,20251217,204500,31.895,31.895,31.895,31.895,471,0
XBJA.US,5,20251217,205500,31.895,31.895,31.86,31.8914,307,0
XBJA.US,5,20251217,210000,31.86,31.8601,31.86,31.8601,378,0
XBJA.US,5,20251219,163500,31.9338,31.9338,31.9338,31.9338,160,0
XBJA.US,5,20251219,164500,31.9173,31.9173,31.9173,31.9173,547,0
XBJA.US,5,20251219,191000,31.911,31.911,31.911,31.911,126,0
XBJA.US,5,20251219,195000,31.905,31.905,31.905,31.905,100,0
XBJA.US,5,20251219,213500,31.94,31.94,31.94,31.94,1644,0
XBJA.US,5,20251222,211000,31.9,31.9,31.9,31.9,947,0
