<TICKER>,<PER>,<DATE>,<TIME>,<OPEN>,<HIGH>,<LOW>,<CLOSE>,<VOL>,<OPENINT>
ACU.US,5,20250728,160500,43.47,43.47,43.47,43.47,460,0
ACU.US,5,20250728,162000,42.88,42.88,42.88,42.88,100,0
ACU.US,5,20250728,170000,42.82,42.942942,42.82,42.942788,1000,0
ACU.US,5,20250728,174500,43.06,43.06,43.05,43.06,400,0
ACU.US,5,20250728,182500,42.8699,42.8699,42.8699,42.8699,212,0
ACU.US,5,20250728,194500,42.9,42.9,42.9,42.9,200,0
ACU.US,5,20250728,210500,43.1599,43.1599,43.1599,43.1599,120,0
ACU.US,5,20250728,213500,43.09,43.09,43.09,43.09,100,0
ACU.US,5,20250728,214000,42.86,42.9443,42.74,42.74,918,0
ACU.US,5,20250728,215500,42.84,42.84,42.56,42.56,1223,0
ACU.US,5,20250729,160500,43.07,43.07,42.5201,42.5201,460,0
ACU.US,5,20250729,165500,42.895,42.895,42.895,42.895,250,0
ACU.US,5,20250729,174000,42.86,42.86,42.86,42.86,100,0
ACU.US,5,20250729,190000,42.9273,42.9273,42.9273,42.9273,100,0
ACU.US,5,20250729,192500,42.675,42.675,42.675,42.675,100,0
ACU.US,5,20250729,193000,42.37,42.37,42.36,42.36,246,0
ACU.US,5,20250729,193500,42.37,42.37,42.37,42.37,200,0
ACU.US,5,20250729,194000,42.46,42.46,42.46,42.46,100,0
ACU.US,5,20250729,202000,42.46,42.46,42.46,42.46,100,0
ACU.US,5,20250729,215500,42.15,42.61,42.15,42.61,1520,0
ACU.US,5,20250730,161000,42.3385,42.3385,42.3385,42.3385,120,0
ACU.US,5,20250730,184000,42,42,42,42,200,0
ACU.US,5,20250730,192500,42,42,42,42,100,0
ACU.US,5,20250730,203000,41.75,41.75,41.75,41.75,100,0
ACU.US,5,20250730,212000,40.715,40.715,40.715,40.715,100,0
ACU.US,5,20250730,213000,40.71,40.71,40.71,40.71,1138,0
ACU.US,5,20250730,213500,41.01,41.01,41.01,41.01,148,0
ACU.US,5,20250730,214000,40.71,40.71,40.67,40.67,300,0
ACU.US,5,20250730,215500,40.46,40.6,40.46,40.6,1224,0
ACU.US,5,20250731,155500,41.048,41.048,41.048,41.048,100,0
ACU.US,5,20250731,164000,40.62,40.62,40.62,40.62,100,0
ACU.US,5,20250731,164500,40.54,40.54,40.54,40.54,100,0
ACU.US,5,20250731,165000,40.55,40.55,40.55,40.55,100,0
ACU.US,5,20250731,165500,40.01,40.01,40.01,40.01,130,0
ACU.US,5,20250731,192500,40.06,40.06,40.06,40.06,100,0
ACU.US,5,20250731,202500,40.145,40.2899,40.145,40.2899,681,0
ACU.US,5,20250731,215000,40.19,40.19,40.19,40.19,123,0
ACU.US,5,20250731,215500,40.39,40.39,40.39,40.39,200,0
ACU.US,5,20250801,160000,40,40,39.9,40,1467,0
ACU.US,5,20250801,160500,40,40,39.91,39.91,651,0
ACU.US,5,20250801,161000,39.91,40.04,39.91,40.04,400,0
ACU.US,5,20250801,165000,40.01,40.01,40.01,40.01,100,0
ACU.US,5,20250801,172500,40,40,40,40,200,0
ACU.US,5,20250801,184000,40.03,40.19,40.01,40.19,801,0
ACU.US,5,20250801,190500,40.01,40.01,40.01,40.01,179,0
ACU.US,5,20250801,193500,40,40,40,40,144,0
ACU.US,5,20250801,194000,40,40,40,40,200,0
ACU.US,5,20250801,195500,40.16,40.16,40.16,40.16,100,0
ACU.US,5,20250801,200000,40.23,40.23,40.23,40.23,100,0
ACU.US,5,20250801,214000,40.3467,40.3467,40.3467,40.3467,108,0
ACU.US,5,20250801,215500,40.01,40.15,40,40.13,2244,0
ACU.US,5,20250804,153000,40,40.59,40,40.59,300,0
ACU.US,5,20250804,155500,40.79,41.0099,40.79,41.0099,1250,0
ACU.US,5,20250804,170000,41.04,41.04,41.04,41.04,100,0
ACU.US,5,20250804,171000,40.8861,40.8861,40.8861,40.8861,100,0
ACU.US,5,20250804,215500,41.26,41.26,41.19,41.19,923,0
ACU.US,5,20250805,160000,41.95,41.95,41.95,41.95,100,0
ACU.US,5,20250805,163500,41.51,41.51,41.51,41.51,200,0
ACU.US,5,20250805,164000,41.25,41.25,41.25,41.25,118,0
ACU.US,5,20250805,174500,41,41,41,41,350,0
ACU.US,5,20250805,175000,41,41,41,41,249,0
ACU.US,5,20250805,183500,41.2,41.2,41.2,41.2,100,0
ACU.US,5,20250805,184500,40.5231,41.2,40.5231,41.2,440,0
ACU.US,5,20250805,202500,41.75,41.75,41.75,41.75,129,0
ACU.US,5,20250805,212500,40.82,41.28,40.82,41.28,597,0
ACU.US,5,20250805,215000,41.015,41.015,41,41,350,0
ACU.US,5,20250805,215500,41.31,41.54,41.31,41.54,1869,0
ACU.US,5,20250806,160000,41.2,41.2,41.2,41.2,200,0
ACU.US,5,20250806,173500,41.47,41.47,41.47,41.47,100,0
ACU.US,5,20250806,195000,41.605,41.605,41.605,41.605,447,0
ACU.US,5,20250806,200500,41.443,41.86,41.443,41.86,975,0
ACU.US,5,20250806,201000,41.8,41.8,41.8,41.8,100,0
ACU.US,5,20250806,213500,42.06,42.06,41.72,41.72,200,0
ACU.US,5,20250806,215000,41.47,41.47,41.47,41.47,239,0
ACU.US,5,20250806,215500,41.49,41.49,41.49,41.49,1037,0
ACU.US,5,20250807,161000,41.4001,41.4001,41.4001,41.4001,100,0
ACU.US,5,20250807,163500,42.2,42.2,42.2,42.2,575,0
ACU.US,5,20250807,164500,41.42,41.42,41.42,41.42,1000,0
ACU.US,5,20250807,174000,41.74,41.74,41.4,41.4,793,0
ACU.US,5,20250807,183500,40.4283,40.4283,40.4283,40.4283,1000,0
ACU.US,5,20250807,184500,41.115,41.115,41.115,41.115,1000,0
ACU.US,5,20250807,190500,41.1,41.1,40.26,40.26,2891,0
ACU.US,5,20250807,193000,41.25,41.25,41.25,41.25,100,0
ACU.US,5,20250807,200000,41.23,41.23,41.23,41.23,100,0
ACU.US,5,20250807,202500,40.735,40.735,40.735,40.735,100,0
ACU.US,5,20250807,205500,40.605,40.605,40.605,40.605,100,0
ACU.US,5,20250807,211000,40.75,40.75,40.75,40.75,200,0
ACU.US,5,20250807,214500,40.61,40.61,40.61,40.61,100,0
ACU.US,5,20250807,215000,40.695,40.695,40.695,40.695,200,0
ACU.US,5,20250807,215500,40.83,41.01,40.66,40.66,1046,0
ACU.US,5,20250808,173000,41.42,41.42,41.42,41.42,100,0
ACU.US,5,20250808,200000,41,41,41,41,491,0
ACU.US,5,20250808,200500,41.32,41.32,41.32,41.32,100,0
ACU.US,5,20250808,202000,41.84,41.84,41.84,41.84,100,0
ACU.US,5,20250808,204000,41.3,41.32,41.3,41.32,300,0
ACU.US,5,20250808,205000,42.08,42.08,42.08,42.08,100,0
ACU.US,5,20250808,213500,41.9,41.9,41.9,41.9,100,0
ACU.US,5,20250808,215000,41.24,41.24,41.24,41.24,104,0
ACU.US,5,20250808,215500,41.61,41.61,40.91,40.91,852,0
ACU.US,5,20250811,165500,41.6099,41.6099,41.6099,41.6099,100,0
ACU.US,5,20250811,211000,41.51,41.51,41.51,41.51,200,0
ACU.US,5,20250811,214000,41.9,41.9,41.9,41.9,100,0
ACU.US,5,20250811,214500,42.1,42.13,41.96,42.13,780,0
ACU.US,5,20250811,215500,42.13,42.13,41.76,41.76,605,0
ACU.US,5,20250812,153000,41.945,41.945,41.945,41.945,100,0
ACU.US,5,20250812,170500,42.13,42.13,42.13,42.13,226,0
ACU.US,5,20250812,174000,42.13,42.13,42.13,42.13,100,0
ACU.US,5,20250812,174500,42.9036,42.9036,42.9036,42.9036,100,0
ACU.US,5,20250812,200500,42.316,42.316,42.316,42.316,700,0
ACU.US,5,20250812,213500,42.87,42.87,42.87,42.87,100,0
ACU.US,5,20250812,214500,43,43,43,43,149,0
ACU.US,5,20250812,215000,43.235,43.235,43.235,43.235,108,0
ACU.US,5,20250812,215500,43.49,43.49,43.49,43.49,100,0
ACU.US,5,20250813,153000,43.4,43.4,43.4,43.4,103,0
ACU.US,5,20250813,155500,43.4,43.4,43.4,43.4,102,0
ACU.US,5,20250813,165000,43.2277,43.2277,43.2277,43.2277,200,0
ACU.US,5,20250813,174500,43.99,43.99,43.99,43.99,150,0
ACU.US,5,20250813,175000,43.9,43.9,43.9,43.9,100,0
ACU.US,5,20250813,180500,43.4901,43.4901,43.4901,43.4901,100,0
ACU.US,5,20250813,211500,43.89,43.99,43.89,43.99,2451,0
ACU.US,5,20250813,212000,44.2,44.2,44.2,44.2,114,0
ACU.US,5,20250813,212500,44.25,44.25,44.25,44.25,100,0
ACU.US,5,20250813,213500,44.1251,44.1251,44.1251,44.1251,100,0
ACU.US,5,20250813,214000,44.51,44.51,44.51,44.51,141,0
ACU.US,5,20250813,214500,44.505,44.505,44.505,44.505,146,0
ACU.US,5,20250813,215500,44.6353,44.6353,44.58,44.58,937,0
ACU.US,5,20250814,165500,44,44,44,44,340,0
ACU.US,5,20250814,174000,43.95,43.95,43.95,43.95,100,0
ACU.US,5,20250814,181000,42.79,42.79,42.79,42.79,100,0
ACU.US,5,20250814,184500,43.715,43.715,43.715,43.715,100,0
ACU.US,5,20250814,193000,43.52,43.52,43.52,43.52,100,0
ACU.US,5,20250814,194000,43.45,43.935,43.45,43.935,387,0
ACU.US,5,20250814,195000,43.41,43.45,43.41,43.45,300,0
ACU.US,5,20250814,204000,43.1801,43.6,43.1801,43.6,470,0
ACU.US,5,20250814,212500,43.31,43.31,43.31,43.31,100,0
ACU.US,5,20250814,215500,43.05,43.67,43.01,43.01,1845,0
ACU.US,5,20250815,154000,43.645,43.645,43.645,43.645,200,0
ACU.US,5,20250815,163000,43.04,43.04,43.04,43.04,129,0
ACU.US,5,20250815,193500,42.83,42.83,42.83,42.83,100,0
ACU.US,5,20250815,210500,42.365,42.365,42.3,42.3,200,0
ACU.US,5,20250815,212000,42.315,42.315,42.315,42.315,100,0
ACU.US,5,20250815,213500,42.14,42.14,42.14,42.14,100,0
ACU.US,5,20250815,214500,41.7,41.7,40.87,40.87,1100,0
ACU.US,5,20250815,215000,40.885,41.29,40.1832,41.29,2250,0
ACU.US,5,20250815,215500,40.91,41.47,40.91,40.92,10526,0
ACU.US,5,20250818,155000,41.65,41.65,41.5,41.5,224,0
ACU.US,5,20250818,174000,41.575,41.575,41.575,41.575,100,0
ACU.US,5,20250818,200500,41,41,41,41,115,0
ACU.US,5,20250818,213000,40.58,40.58,40.58,40.58,100,0
ACU.US,5,20250818,215500,40.44,40.69,40.27,40.27,1053,0
ACU.US,5,20250819,162500,40.4448,40.4448,40.4448,40.4448,100,0
ACU.US,5,20250819,171500,40.3,40.3,40.3,40.3,100,0
ACU.US,5,20250819,173000,39.78,39.78,39.78,39.78,300,0
ACU.US,5,20250819,173500,39.455,39.455,39,39,300,0
ACU.US,5,20250819,175500,39.24,39.24,39.24,39.24,258,0
ACU.US,5,20250819,180000,38.85,38.85,38.76,38.76,300,0
ACU.US,5,20250819,202500,39,39,39,39,100,0
ACU.US,5,20250819,203000,39.1,39.36,39.1,39.3583,1089,0
ACU.US,5,20250819,203500,39.15,39.15,39.15,39.15,138,0
ACU.US,5,20250819,210000,39.4,39.4,39.4,39.4,1466,0
ACU.US,5,20250819,214000,39.82,40,39.6786,39.6787,1967,0
ACU.US,5,20250819,215500,39.46,39.46,39.46,39.46,715,0
ACU.US,5,20250820,165500,39.98,39.98,39.82,39.91,966,0
ACU.US,5,20250820,170500,40.41,40.41,40.0001,40.0001,569,0
ACU.US,5,20250820,183500,40.1698,40.1698,40.1698,40.1698,248,0
ACU.US,5,20250820,200000,40.3,40.3,40.3,40.3,100,0
ACU.US,5,20250820,215500,40.035,40.035,39.92,39.92,1706,0
ACU.US,5,20250821,160500,39.65,39.65,39.65,39.65,100,0
ACU.US,5,20250821,161000,40.9224,40.9224,40.9224,40.9224,300,0
ACU.US,5,20250821,161500,39.64,39.64,39.64,39.64,100,0
ACU.US,5,20250821,165500,40.325,40.325,40.325,40.325,200,0
ACU.US,5,20250821,181000,40.39,40.39,40.39,40.39,103,0
ACU.US,5,20250821,190000,40,40,40,40,100,0
ACU.US,5,20250821,192000,40.3499,40.3499,40.3499,40.3499,100,0
ACU.US,5,20250821,193500,40.45,40.45,40.45,40.45,100,0
ACU.US,5,20250821,215500,40.5,40.5,40.05,40.05,1159,0
ACU.US,5,20250822,162500,41.055,41.055,41.055,41.055,400,0
ACU.US,5,20250822,164500,41,41,41,41,100,0
ACU.US,5,20250822,165500,41,41,41,41,100,0
ACU.US,5,20250822,175500,41.275,41.345,41.275,41.345,1040,0
ACU.US,5,20250822,181000,41.4999,41.4999,41.4999,41.4999,100,0
ACU.US,5,20250822,182500,41.21,41.21,41.21,41.21,100,0
ACU.US,5,20250822,183000,41.14,41.14,41.14,41.14,100,0
ACU.US,5,20250822,184500,41.16,41.16,41.13,41.13,400,0
ACU.US,5,20250822,185000,41.28,41.28,41.28,41.28,200,0
ACU.US,5,20250822,185500,41.5,41.66,41.5,41.51,500,0
ACU.US,5,20250822,191500,41.8225,41.8225,41.8225,41.8225,100,0
ACU.US,5,20250822,193000,41.82,41.82,41.21,41.21,438,0
ACU.US,5,20250822,193500,41.77,41.77,41.77,41.77,100,0
ACU.US,5,20250822,200000,41.8091,41.8091,41.8091,41.8091,300,0
ACU.US,5,20250822,204000,43.2151,43.2151,43.2151,43.2151,100,0
ACU.US,5,20250822,211000,43.16,43.16,43.15,43.16,300,0
ACU.US,5,20250822,213500,42.25,42.25,42.25,42.25,362,0
ACU.US,5,20250822,214000,42.61,42.61,42.61,42.61,100,0
ACU.US,5,20250822,215500,43.19,43.19,43.19,43.19,2130,0
ACU.US,5,20250825,164500,42.5832,42.5832,42.5832,42.5832,226,0
ACU.US,5,20250825,174500,42.59,42.59,42.59,42.59,100,0
ACU.US,5,20250825,180500,42.3,42.73,42.27,42.27,1278,0
ACU.US,5,20250825,181000,42.25,42.25,41.7076,41.7076,713,0
ACU.US,5,20250825,182000,42.07,42.14,42.07,42.14,850,0
ACU.US,5,20250825,182500,42.255,42.255,42.255,42.255,563,0
ACU.US,5,20250825,185500,42.5916,42.5916,42.5916,42.5916,100,0
ACU.US,5,20250825,195500,42.3,42.3001,42.27,42.27,1080,0
ACU.US,5,20250825,211000,42.21,42.21,42.21,42.21,700,0
ACU.US,5,20250825,212000,42.4,42.65,42.39,42.65,1250,0
ACU.US,5,20250825,215500,42.46,42.46,41.69,41.69,1205,0
ACU.US,5,20250826,164000,41.79,41.79,41.79,41.79,100,0
ACU.US,5,20250826,170000,40.32,41.06,40.32,41.06,301,0
ACU.US,5,20250826,171000,41.52,41.52,41.52,41.52,194,0
ACU.US,5,20250826,181000,41.48,41.48,41.48,41.48,100,0
ACU.US,5,20250826,181500,41.8,41.83,41.8,41.83,201,0
ACU.US,5,20250826,183000,41.0125,41.0125,41.0125,41.0125,173,0
ACU.US,5,20250826,193000,41.72,41.72,41.72,41.72,175,0
ACU.US,5,20250826,215500,41.46,41.46,41.27,41.27,1301,0
ACU.US,5,20250827,153000,42.2716,42.2716,42.2716,42.2716,100,0
ACU.US,5,20250827,175000,41.12,41.12,41.12,41.12,100,0
ACU.US,5,20250827,180000,41.3,41.3,41.3,41.3,150,0
ACU.US,5,20250827,195000,41.21,41.65,41.21,41.65,362,0
ACU.US,5,20250827,205000,41.46,41.46,41.46,41.46,100,0
ACU.US,5,20250827,215500,41.44,41.44,41.02,41.02,1073,0
ACU.US,5,20250828,153500,41.41,41.41,41.41,41.41,100,0
ACU.US,5,20250828,161500,41.075,41.075,41.075,41.075,100,0
ACU.US,5,20250828,170500,40.74,40.74,40.74,40.74,1050,0
ACU.US,5,20250828,172000,40.51,40.935,40.51,40.935,200,0
ACU.US,5,20250828,184000,41.9299,41.9299,41.69,41.69,5000,0
ACU.US,5,20250828,185000,41.93,42.12,41.93,42.12,1064,0
ACU.US,5,20250828,191000,42.65,42.65,42.6,42.6,300,0
ACU.US,5,20250828,191500,42.74,42.74,42.61,42.61,700,0
ACU.US,5,20250828,200000,42.7899,42.7899,42.7899,42.7899,101,0
ACU.US,5,20250828,203000,42.79,43.02,42.79,43.02,200,0
ACU.US,5,20250828,211000,42.95,42.95,42.95,42.95,100,0
ACU.US,5,20250828,214000,43.35,43.35,43.35,43.35,100,0
ACU.US,5,20250828,215500,43.44,43.44,42.89,42.89,917,0
ACU.US,5,20250829,153000,43.17,43.17,43.17,43.17,200,0
ACU.US,5,20250829,183000,42.5518,42.5518,42.5518,42.5518,100,0
ACU.US,5,20250829,194000,42.5,42.5,42.5,42.5,206,0
ACU.US,5,20250829,215500,43.02,43.02,43.02,43.02,621,0
ACU.US,5,20250902,153000,43.02,43.02,43.02,43.02,218,0
ACU.US,5,20250902,162000,43.05,43.39,43.05,43.39,399,0
ACU.US,5,20250902,165500,43.8403,43.8403,43.8403,43.8403,500,0
ACU.US,5,20250902,172000,43.149,43.149,43.149,43.149,334,0
ACU.US,5,20250902,181000,42.97,42.97,42.97,42.97,1000,0
ACU.US,5,20250902,181500,42.62,42.81307,42.62,42.81307,2358,0
ACU.US,5,20250902,190500,43.055,43.055,43.055,43.055,200,0
ACU.US,5,20250902,202000,42.75,42.75,42.75,42.75,100,0
ACU.US,5,20250902,211000,42.89,42.89,42.89,42.89,100,0
ACU.US,5,20250902,215000,42.72,42.72,42.72,42.72,100,0
ACU.US,5,20250902,215500,42.48,42.48,42.48,42.48,1101,0
ACU.US,5,20250903,171000,42.43,42.43,42.43,42.43,100,0
ACU.US,5,20250903,185500,41.99,41.99,41.99,41.99,100,0
ACU.US,5,20250903,200500,42.415,42.415,42.415,42.415,100,0
ACU.US,5,20250903,214500,42.55,42.55,42.5,42.5,200,0
ACU.US,5,20250903,215500,42.665,42.665,42.35,42.35,1349,0
ACU.US,5,20250904,162500,42.7,43,42.64,43,11428,0
ACU.US,5,20250904,163000,43,43,42.81,42.81,2093,0
ACU.US,5,20250904,164000,43.59,43.59,43.59,43.59,100,0
ACU.US,5,20250904,165500,43.58,43.58,43.58,43.58,100,0
ACU.US,5,20250904,170500,43.25,43.26,43.21,43.22,942,0
ACU.US,5,20250904,174000,43.16,43.16,43.16,43.16,100,0
ACU.US,5,20250904,175500,43.46,43.46,43.46,43.46,100,0
ACU.US,5,20250904,185000,43.3,43.3,43.3,43.3,200,0
ACU.US,5,20250904,191000,43.61,43.61,43.61,43.61,100,0
ACU.US,5,20250904,194000,43.625,43.625,43.625,43.625,100,0
ACU.US,5,20250904,195500,43.5446,43.5446,43.5446,43.5446,200,0
ACU.US,5,20250904,201500,43.7494,43.7494,43.7494,43.7494,138,0
ACU.US,5,20250904,204000,43.9,43.9,43.6875,43.6875,200,0
ACU.US,5,20250904,210000,43.69,43.69,43.66,43.66,200,0
ACU.US,5,20250904,215500,44,44.43,44,44.43,1482,0
ACU.US,5,20250905,160500,44.8,44.8,44.0647,44.0647,522,0
ACU.US,5,20250905,163000,44.2,44.2,44.2,44.2,100,0
ACU.US,5,20250905,164000,44.05,44.05,44.05,44.05,100,0
ACU.US,5,20250905,172000,44.38,44.38,44.0106,44.0106,300,0
ACU.US,5,20250905,180000,44.79,44.79,44.79,44.79,100,0
ACU.US,5,20250905,182500,44.76,44.81,44.76,44.8,1969,0
ACU.US,5,20250905,183000,45,45.25,44.97,44.97,700,0
ACU.US,5,20250905,190500,44.965,44.965,44.965,44.965,106,0
ACU.US,5,20250905,191000,45,45,44.9825,44.9825,256,0
ACU.US,5,20250905,194000,45.09,45.09,45.09,45.09,100,0
ACU.US,5,20250905,202500,44.71,44.71,44.71,44.71,395,0
ACU.US,5,20250905,204000,44.72,44.72,44.72,44.72,100,0
ACU.US,5,20250905,213500,44.975,44.99,44.975,44.99,400,0
ACU.US,5,20250905,214000,44.985,44.985,44.985,44.985,100,0
ACU.US,5,20250905,215500,44.71,44.78,44.36,44.36,2352,0
ACU.US,5,20250908,161000,44.58,44.58,44.58,44.58,200,0
ACU.US,5,20250908,164000,44.99,44.99,44.99,44.99,100,0
ACU.US,5,20250908,192500,44.3401,44.3401,44.3401,44.3401,100,0
ACU.US,5,20250908,194000,44.71,44.75,44.71,44.75,242,0
ACU.US,5,20250908,201500,44.4992,44.4992,44.4992,44.4992,329,0
ACU.US,5,20250908,203500,44.2701,44.3496,44.2701,44.3496,200,0
ACU.US,5,20250908,205500,44.3,44.3,44.3,44.3,100,0
ACU.US,5,20250908,211000,44.36,44.36,44.36,44.36,100,0
ACU.US,5,20250908,211500,44.2801,44.2801,44.28,44.28,200,0
ACU.US,5,20250908,212000,44.42,44.42,44.42,44.42,200,0
ACU.US,5,20250908,214500,44.17,44.17,44.17,44.17,111,0
ACU.US,5,20250908,215500,43.91,44.13,43.88,43.88,1296,0
ACU.US,5,20250909,164000,44.0812,44.0812,44.0812,44.0812,100,0
ACU.US,5,20250909,180500,44.08,44.08,44.08,44.08,100,0
ACU.US,5,20250909,182500,43.6655,43.6655,43.6655,43.6655,429,0
ACU.US,5,20250909,183500,43.93,43.93,43.93,43.93,600,0
ACU.US,5,20250909,184500,43.97,43.97,43.97,43.97,500,0
ACU.US,5,20250909,192000,43.66,43.66,43.66,43.66,120,0
ACU.US,5,20250909,193500,43.6301,44.36,43.49,43.91,4718,0
ACU.US,5,20250909,202000,43.49,43.49,43.49,43.49,157,0
ACU.US,5,20250909,204000,43.6449,44,43.29,44,2468,0
ACU.US,5,20250909,211500,43.03,43.03,43.03,43.03,100,0
ACU.US,5,20250909,214000,43.03,43.03,43.03,43.03,100,0
ACU.US,5,20250909,215000,43.17,43.17,43.17,43.17,245,0
ACU.US,5,20250909,215500,43.04,43.04,42.7,42.7,1836,0
ACU.US,5,20250910,153000,42.45,42.45,42.45,42.45,100,0
ACU.US,5,20250910,165000,42.75,42.75,42.75,42.75,100,0
ACU.US,5,20250910,165500,42.575,42.575,42.575,42.575,300,0
ACU.US,5,20250910,172500,42.46,42.465,42.45,42.465,711,0
ACU.US,5,20250910,173000,42.45,42.45,41.75,42.005,2260,0
ACU.US,5,20250910,190000,42.155,42.155,42.155,42.155,100,0
ACU.US,5,20250910,194500,42.33,42.33,42.075,42.075,205,0
ACU.US,5,20250910,202500,42.1,42.1,42.1,42.1,125,0
ACU.US,5,20250910,204500,41.72,41.72,41.72,41.72,100,0
ACU.US,5,20250910,211500,41.78,41.78,41.78,41.78,100,0
ACU.US,5,20250910,213500,41.7,41.7,41.7,41.7,2358,0
ACU.US,5,20250910,214500,41.77,41.77,41.77,41.77,100,0
ACU.US,5,20250910,215000,42.11,42.11,42.11,42.11,100,0
ACU.US,5,20250910,215500,42.0848,42.0848,41.82,41.82,1246,0
ACU.US,5,20250911,160000,42.36,42.36,42.06,42.06,475,0
ACU.US,5,20250911,175000,42.5049,42.5049,42.265,42.265,600,0
ACU.US,5,20250911,175500,42.51,42.51,42.4,42.4,200,0
ACU.US,5,20250911,181000,42.59,42.59,42.59,42.59,100,0
ACU.US,5,20250911,181500,42.45,42.45,42.45,42.45,100,0
ACU.US,5,20250911,183000,42.9013,42.9013,42.9013,42.9013,116,0
ACU.US,5,20250911,185500,43.04,43.04,43.04,43.04,100,0
ACU.US,5,20250911,194000,43.0001,43.0054,43.0001,43.0054,200,0
ACU.US,5,20250911,195000,43,43,42.735,42.735,1009,0
ACU.US,5,20250911,195500,42.51,42.51,42.51,42.51,100,0
ACU.US,5,20250911,201500,42.68,42.745,42.68,42.745,549,0
ACU.US,5,20250911,203500,42.72,42.72,42.72,42.72,100,0
ACU.US,5,20250911,210000,43.51,43.51,43.045,43.045,200,0
ACU.US,5,20250911,213000,43.115,43.455,43.115,43.455,200,0
ACU.US,5,20250911,215000,43.36,43.36,43.18,43.36,1157,0
ACU.US,5,20250911,215500,43.19,43.71,43.16,43.71,1037,0
ACU.US,5,20250912,153000,43.2555,43.2555,43.2555,43.2555,400,0
ACU.US,5,20250912,154500,43.23,43.23,42.7401,42.7401,400,0
ACU.US,5,20250912,155000,42.75,42.75,42.75,42.75,113,0
ACU.US,5,20250912,160000,43.02,43.02,43.02,43.02,200,0
ACU.US,5,20250912,160500,42.702,42.76,42.702,42.76,300,0
ACU.US,5,20250912,170000,42.62,42.62,42.62,42.62,100,0
ACU.US,5,20250912,170500,42.49,42.49,42.49,42.49,2400,0
ACU.US,5,20250912,171500,42.1423,42.1423,42.1423,42.1423,649,0
ACU.US,5,20250912,172000,42.18,42.18,42.18,42.18,468,0
ACU.US,5,20250912,172500,42.1368,42.1368,42.1368,42.1368,523,0
ACU.US,5,20250912,173000,42.0828,42.0828,42.0828,42.0828,125,0
ACU.US,5,20250912,174000,42.45,42.45,42.45,42.45,305,0
ACU.US,5,20250912,180000,41.99,42.1,41.99,42.1,566,0
ACU.US,5,20250912,181500,41.75,41.75,41.75,41.75,307,0
ACU.US,5,20250912,184500,41.62,41.64,41.62,41.64,300,0
ACU.US,5,20250912,185000,41.9814,41.9814,41.9814,41.9814,2500,0
ACU.US,5,20250912,193500,41.6088,41.6088,41.6088,41.6088,2050,0
ACU.US,5,20250912,194000,41.6,41.62,41.6,41.6,1388,0
ACU.US,5,20250912,194500,41.59,41.59,41.59,41.59,2481,0
ACU.US,5,20250912,195000,41.35,41.35,41.35,41.35,100,0
ACU.US,5,20250912,200000,41.39,41.665,41.2,41.665,2332,0
ACU.US,5,20250912,201000,41.56,41.56,41.52,41.52,200,0
ACU.US,5,20250912,204000,41.24,41.24,41.24,41.24,150,0
ACU.US,5,20250912,204500,41.615,41.615,41.3038,41.57,312,0
ACU.US,5,20250912,210500,41.48,41.48,41.48,41.48,100,0
ACU.US,5,20250912,212000,41.44,41.44,41.44,41.44,384,0
ACU.US,5,20250912,212500,41.42,41.42,40.79,40.7911,1931,0
ACU.US,5,20250912,213000,41.6,41.6,41.6,41.6,300,0
ACU.US,5,20250912,214000,41.1976,41.1976,41.1976,41.1976,370,0
ACU.US,5,20250912,214500,41.4,41.4,41.4,41.4,200,0
ACU.US,5,20250912,215000,41.245,41.37,41.245,41.37,300,0
ACU.US,5,20250912,215500,41.245,41.3,41.03,41.03,1389,0
ACU.US,5,20250915,153500,40.5896,40.5896,40.5896,40.5896,110,0
ACU.US,5,20250915,162000,41.06,41.06,41.06,41.06,120,0
ACU.US,5,20250915,162500,41.4763,41.4763,41.4763,41.4763,119,0
ACU.US,5,20250915,163000,41.5129,41.5129,41.5129,41.5129,240,0
ACU.US,5,20250915,163500,41.4944,41.4944,41.11,41.11,938,0
ACU.US,5,20250915,164500,41.21,41.3,41.21,41.3,200,0
ACU.US,5,20250915,165500,40.9615,40.9615,40.9615,40.9615,231,0
ACU.US,5,20250915,170500,40.9358,40.9358,40.9358,40.9358,122,0
ACU.US,5,20250915,180500,40.95,40.95,40.95,40.95,517,0
ACU.US,5,20250915,181000,40.98,40.98,40.98,40.98,100,0
ACU.US,5,20250915,190500,40.9,40.9,40.6302,40.6302,300,0
ACU.US,5,20250915,195000,41.08,41.08,40.95,40.95,247,0
ACU.US,5,20250915,200500,41.11,41.15,41.11,41.15,300,0
ACU.US,5,20250915,210000,40.92,40.92,40.92,40.92,100,0
ACU.US,5,20250915,211500,41.0115,41.0115,41.0115,41.0115,500,0
ACU.US,5,20250915,213500,40.8,40.8,40.8,40.8,116,0
ACU.US,5,20250915,214500,40.85,40.85,40.85,40.85,200,0
ACU.US,5,20250915,215500,40.71,40.71,40.71,40.71,874,0
ACU.US,5,20250916,154000,40.59,40.59,40.59,40.59,100,0
ACU.US,5,20250916,162500,41,41,41,41,100,0
ACU.US,5,20250916,165500,41.18,41.18,41.18,41.18,100,0
ACU.US,5,20250916,174000,40.81,40.81,40.81,40.81,248,0
ACU.US,5,20250916,175000,40.6701,40.805,40.6701,40.805,201,0
ACU.US,5,20250916,183500,40.805,40.805,40.805,40.805,100,0
ACU.US,5,20250916,190500,40.7069,40.7069,40.7069,40.7069,165,0
ACU.US,5,20250916,191000,40.9882,40.9882,40.9882,40.9882,165,0
ACU.US,5,20250916,192500,40.63,40.63,40.58,40.58,300,0
ACU.US,5,20250916,194000,40.44,40.44,40.44,40.44,200,0
ACU.US,5,20250916,195000,40.53,40.76,40.53,40.76,1400,0
ACU.US,5,20250916,195500,40.55,41.18,40.55,41.18,3247,0
ACU.US,5,20250916,204000,40.8352,40.8352,40.795,40.795,393,0
ACU.US,5,20250916,211500,40.925,40.925,40.925,40.925,200,0
ACU.US,5,20250916,215500,41.23,41.29,41.23,41.29,1214,0
ACU.US,5,20250917,164500,41.2899,41.2899,41.2899,41.2899,100,0
ACU.US,5,20250917,170000,40.81,40.81,40.81,40.81,100,0
ACU.US,5,20250917,171000,41,41,41,41,100,0
ACU.US,5,20250917,173000,41,41,41,41,100,0
ACU.US,5,20250917,175500,41.25,41.25,41.25,41.25,234,0
ACU.US,5,20250917,180500,41.245,41.245,41.245,41.245,450,0
ACU.US,5,20250917,183000,41.245,41.245,41.245,41.245,925,0
ACU.US,5,20250917,183500,41.38,41.38,41.34,41.3799,800,0
ACU.US,5,20250917,202500,41.88,42,41.88,42,226,0
ACU.US,5,20250917,203500,42.015,42.015,42.015,42.015,1000,0
ACU.US,5,20250917,204500,41.54,41.5401,41,41.24376,1300,0
ACU.US,5,20250917,205000,41.525,41.525,41.19,41.2,2090,0
ACU.US,5,20250917,214500,41,41.15,41,41.15,1064,0
ACU.US,5,20250917,215500,41,41.15,40.71,40.71,2422,0
ACU.US,5,20250918,153500,41.71,41.71,41.71,41.71,500,0
ACU.US,5,20250918,170500,42.0999,42.0999,42.0999,42.0999,500,0
ACU.US,5,20250918,175500,41.49,41.49,41.49,41.49,100,0
ACU.US,5,20250918,180000,41.44,41.61,41.25,41.609,1773,0
ACU.US,5,20250918,180500,41.3,41.3,41.2268,41.2268,338,0
ACU.US,5,20250918,181500,41.325,41.325,41.325,41.325,100,0
ACU.US,5,20250918,182500,41.67,41.69,41.67,41.68,424,0
ACU.US,5,20250918,184500,41.6875,41.6875,41.6875,41.6875,100,0
ACU.US,5,20250918,190000,41.99,41.99,41.95,41.95,200,0
ACU.US,5,20250918,194000,42.25,42.5,42.25,42.5,427,0
ACU.US,5,20250918,194500,42,42.35,42,42.194778,1340,0
ACU.US,5,20250918,195000,42.21,42.21,42.21,42.21,100,0
ACU.US,5,20250918,200500,42.37,42.37,42.37,42.37,100,0
ACU.US,5,20250918,201000,42.44,42.48,42.44,42.47,318,0
ACU.US,5,20250918,203000,42.57,42.57,42.57,42.57,1000,0
ACU.US,5,20250918,204000,42.0253,42.0253,42.0253,42.0253,307,0
ACU.US,5,20250918,205500,42.67,42.67,42.5,42.5,638,0
ACU.US,5,20250918,211000,42.66,42.66,42.66,42.66,100,0
ACU.US,5,20250918,211500,42.695,42.695,42.695,42.695,400,0
ACU.US,5,20250918,213500,42.64,42.71,42.64,42.71,400,0
ACU.US,5,20250918,215000,42.755,42.755,42.725,42.725,300,0
ACU.US,5,20250918,215500,42.89,42.9,42.27,42.86,1659,0
ACU.US,5,20250919,154000,42.45,42.45,42.45,42.45,325,0
ACU.US,5,20250919,154500,41.87,42.25,41.87,42.25,200,0
ACU.US,5,20250919,155000,42.47,42.47,42.47,42.47,100,0
ACU.US,5,20250919,155500,42.36,42.36,42.36,42.36,100,0
ACU.US,5,20250919,164500,41.91,41.91,41.91,41.91,100,0
ACU.US,5,20250919,165000,42.06,42.06,42.06,42.06,100,0
ACU.US,5,20250919,172000,41.9,41.91,41.9,41.91,595,0
ACU.US,5,20250919,172500,41.9,41.9,41.19,41.61,758,0
ACU.US,5,20250919,174500,41.6,41.6,41.6,41.6,100,0
ACU.US,5,20250919,180000,41.85,41.9,41.85,41.8999,1300,0
ACU.US,5,20250919,182500,41.905,41.905,41.905,41.905,100,0
ACU.US,5,20250919,190000,41.59,41.59,41.59,41.59,100,0
ACU.US,5,20250919,190500,41.86,41.86,41.86,41.86,100,0
ACU.US,5,20250919,191000,42.0306,42.0306,42.0306,42.0306,150,0
ACU.US,5,20250919,192500,41.86,41.89,41.59,41.73234,2054,0
ACU.US,5,20250919,200000,41.66,41.66,41.66,41.66,100,0
ACU.US,5,20250919,204500,41.655,41.655,41.655,41.655,100,0
ACU.US,5,20250919,210000,41.83,42.04,41.635,42.04,801,0
ACU.US,5,20250919,210500,42.18,42.18,41.94,42.07,800,0
ACU.US,5,20250919,211000,42.18,42.68,42.12,42.12,500,0
ACU.US,5,20250919,212000,42.45,43.03,42.3,42.55,6553,0
ACU.US,5,20250919,212500,42.71,42.8,42.71,42.8,500,0
ACU.US,5,20250919,213000,42.98,43.07,42.98,43.07,455,0
ACU.US,5,20250919,213500,43.01,43.7,43.01,43.33,910,0
ACU.US,5,20250919,214000,43.1,43.1,43.1,43.1,200,0
ACU.US,5,20250919,214500,43.53,43.59,43.1,43.59,2847,0
ACU.US,5,20250919,215000,43.59,43.66,43.275,43.275,1496,0
ACU.US,5,20250919,215500,43.11,43.49,43.02,43.49,22912,0
ACU.US,5,20250922,155500,43.16,43.16,43.1,43.1,679,0
ACU.US,5,20250922,160500,42.71,42.71,42.65,42.65,693,0
ACU.US,5,20250922,161500,42.6677,42.6677,42.6677,42.6677,200,0
ACU.US,5,20250922,162000,42.8499,42.8499,42.71,42.71,1401,0
ACU.US,5,20250922,164000,42.94,42.94,42.64,42.64,1200,0
ACU.US,5,20250922,165000,42.46,42.46,42.46,42.46,100,0
ACU.US,5,20250922,165500,42.7,42.7,42.7,42.7,100,0
ACU.US,5,20250922,171000,42.9999,42.9999,42.9999,42.9999,700,0
ACU.US,5,20250922,171500,42.9,42.9,42.9,42.9,300,0
ACU.US,5,20250922,172000,42.7001,42.7001,42.7001,42.7001,1200,0
ACU.US,5,20250922,172500,42.71,42.71,42.71,42.71,100,0
ACU.US,5,20250922,174000,42.9,42.9,42.9,42.9,200,0
ACU.US,5,20250922,174500,42.86,42.9,42.86,42.9,300,0
ACU.US,5,20250922,175000,42.895,42.895,42.895,42.895,100,0
ACU.US,5,20250922,181000,42.7,42.75,42.7,42.75,400,0
ACU.US,5,20250922,191500,42.845,42.845,42.845,42.845,100,0
ACU.US,5,20250922,193500,42.71,42.71,42.71,42.71,112,0
ACU.US,5,20250922,200000,42.53,42.53,42.53,42.53,200,0
ACU.US,5,20250922,202500,42.36,42.36,42.36,42.36,100,0
ACU.US,5,20250922,203500,42.2001,42.2001,42.2001,42.2001,700,0
ACU.US,5,20250922,215500,42.26,42.26,42.26,42.26,2029,0
ACU.US,5,20250923,155500,42.65,42.65,42.65,42.65,100,0
ACU.US,5,20250923,163000,42.29,42.32,42.29,42.29,301,0
ACU.US,5,20250923,170500,41.825,41.825,41.825,41.825,100,0
ACU.US,5,20250923,181500,41.74,41.79,41.74,41.74,400,0
ACU.US,5,20250923,183000,41.26,41.26,41.26,41.26,208,0
ACU.US,5,20250923,190500,41.07,41.07,41.03,41.03,800,0
ACU.US,5,20250923,192500,41.08,41.08,41.03,41.08,733,0
ACU.US,5,20250923,193000,41.17,41.17,40.91,40.91,200,0
ACU.US,5,20250923,195500,41.27,41.32,41.27,41.32,582,0
ACU.US,5,20250923,200000,41.32,41.32,41.32,41.32,193,0
ACU.US,5,20250923,200500,41.28,41.28,41.28,41.28,100,0
ACU.US,5,20250923,203500,41.27,41.27,41.27,41.27,521,0
ACU.US,5,20250923,214500,41.27,41.27,41.25,41.25,1000,0
ACU.US,5,20250923,215000,41.33,41.33,41.25,41.25,266,0
ACU.US,5,20250923,215500,41.1,41.1,40.92,41.03,1994,0
ACU.US,5,20250924,153500,42.5053,42.5053,42.5053,42.5053,232,0
ACU.US,5,20250924,154000,42,42,42,42,100,0
ACU.US,5,20250924,164500,41.1952,41.1952,41.1952,41.1952,250,0
ACU.US,5,20250924,170000,41.84,41.84,41.84,41.84,100,0
ACU.US,5,20250924,170500,41.54,41.54,41.54,41.54,100,0
ACU.US,5,20250924,174000,41.5854,41.5854,41.5854,41.5854,400,0
ACU.US,5,20250924,180000,41.59,41.59,41.59,41.59,135,0
ACU.US,5,20250924,212500,41.645,41.645,41.645,41.645,224,0
ACU.US,5,20250924,215500,41.64,41.64,41.64,41.64,825,0
ACU.US,5,20250925,175000,42.13,42.13,42.13,42.13,100,0
ACU.US,5,20250925,185000,41.77,41.77,41.59,41.59,200,0
ACU.US,5,20250925,190500,41.99,41.99,41.99,41.99,100,0
ACU.US,5,20250925,195000,41.65,41.65,41.64,41.64,200,0
ACU.US,5,20250925,203000,41.63,41.63,41.63,41.63,100,0
ACU.US,5,20250925,211500,41.69,41.69,41.69,41.69,100,0
ACU.US,5,20250925,215500,41.468,41.468,41.43,41.43,710,0
ACU.US,5,20250926,155500,41.245,41.245,41.245,41.245,200,0
ACU.US,5,20250926,160000,41.5186,41.5186,41.5186,41.5186,112,0
ACU.US,5,20250926,163000,41.6528,41.6528,41.6528,41.6528,120,0
ACU.US,5,20250926,183000,41.01,41.01,41.01,41.01,110,0
ACU.US,5,20250926,195000,40.8001,40.8001,40.8001,40.8001,100,0
ACU.US,5,20250926,201500,41.0899,41.0899,41.0899,41.0899,1250,0
ACU.US,5,20250926,213500,41.02,41.11,41.02,41.11,200,0
ACU.US,5,20250926,215500,41.14,41.45,41.01,41.45,1430,0
ACU.US,5,20250929,173000,41.57,41.57,41.57,41.57,100,0
ACU.US,5,20250929,175500,40.86,40.87,40.86,40.87,200,0
ACU.US,5,20250929,193000,40.86,40.86,40.86,40.86,100,0
ACU.US,5,20250929,194000,40.52,40.52,40.52,40.52,100,0
ACU.US,5,20250929,194500,40.79,40.79,40.79,40.79,100,0
ACU.US,5,20250929,202500,40.58,40.58,40.58,40.58,200,0
ACU.US,5,20250929,203000,40.58,40.58,40.58,40.58,379,0
ACU.US,5,20250929,203500,40.36,40.36,40.32,40.33,300,0
ACU.US,5,20250929,205000,40.84,40.84,40.84,40.84,114,0
ACU.US,5,20250929,210000,40.8679,40.875,40.581,40.875,2485,0
ACU.US,5,20250929,212000,40.91,40.91,40.91,40.91,100,0
ACU.US,5,20250929,215500,40.63,40.768,40.59,40.59,2095,0
ACU.US,5,20250930,215500,40.26,41.24,40.26,41.18,4828,0
ACU.US,5,20251001,154000,40.5562,40.5562,40.5562,40.5562,303,0
ACU.US,5,20251001,155000,40.1,40.1,40.1,40.1,100,0
ACU.US,5,20251001,160000,40.69,40.69,40.69,40.69,1188,0
ACU.US,5,20251001,162500,40.925,40.925,40.925,40.925,100,0
ACU.US,5,20251001,174000,40.465,40.465,40.465,40.465,100,0
ACU.US,5,20251001,174500,40.46,40.665,40.46,40.665,391,0
ACU.US,5,20251001,175000,40.66,40.66,40.66,40.66,225,0
ACU.US,5,20251001,181500,40.54,40.54,40.54,40.54,100,0
ACU.US,5,20251001,182000,40.54,40.54,40.54,40.54,100,0
ACU.US,5,20251001,195000,40.65,40.65,40.65,40.65,200,0
ACU.US,5,20251001,200500,40.525,40.525,40.525,40.525,100,0
ACU.US,5,20251001,203500,40.82,40.82,40.82,40.82,100,0
ACU.US,5,20251001,212500,40.935,40.935,40.935,40.935,100,0
ACU.US,5,20251001,214500,41.17,41.17,41.17,41.17,100,0
ACU.US,5,20251001,215500,40.6,41.21,40.58,41.21,1080,0
ACU.US,5,20251002,161500,41.288,41.288,41.288,41.288,340,0
ACU.US,5,20251002,162500,41,41,41,41,100,0
ACU.US,5,20251002,163000,40.85,40.85,40.85,40.85,100,0
ACU.US,5,20251002,165000,40.86,40.8601,40.86,40.8601,1269,0
ACU.US,5,20251002,172000,40.34,40.34,40.34,40.34,100,0
ACU.US,5,20251002,183500,40.545,40.545,40.545,40.545,100,0
ACU.US,5,20251002,185000,40.31,40.31,40.31,40.31,100,0
ACU.US,5,20251002,190000,40.47,40.47,40.45,40.45,200,0
ACU.US,5,20251002,202000,40.44,40.44,40.4,40.4,200,0
ACU.US,5,20251002,203500,40.62,40.62,40.62,40.62,100,0
ACU.US,5,20251002,211000,40.3401,40.3401,40.3401,40.3401,258,0
ACU.US,5,20251002,213000,40.69,40.69,40.69,40.69,500,0
ACU.US,5,20251002,215500,40.49,40.49,40.4,40.47,1607,0
ACU.US,5,20251003,161500,40.89,40.89,40.89,40.89,100,0
ACU.US,5,20251003,162000,40.64,40.64,40.61,40.61,204,0
ACU.US,5,20251003,162500,40.6,40.6,40.6,40.6,1301,0
ACU.US,5,20251003,170000,40.945,41.26,40.945,41.26,200,0
ACU.US,5,20251003,170500,41.1,41.1,41.1,41.1,100,0
ACU.US,5,20251003,171500,40.9,40.9,40.54,40.54,400,0
ACU.US,5,20251003,174000,40.41,40.41,40.41,40.41,111,0
ACU.US,5,20251003,175500,40.44,41.1435,40.44,41.11,1343,0
ACU.US,5,20251003,180000,40.719,40.719,40.719,40.719,125,0
ACU.US,5,20251003,180500,40.6675,40.6675,40.6675,40.6675,100,0
ACU.US,5,20251003,181000,40.615,40.615,40.615,40.615,100,0
ACU.US,5,20251003,181500,40.74,40.77,40.74,40.77,200,0
ACU.US,5,20251003,183500,40.4116,40.4116,40.4116,40.4116,200,0
ACU.US,5,20251003,190500,40.8675,40.8675,40.8675,40.8675,100,0
ACU.US,5,20251003,201000,40.34,40.34,40.34,40.34,100,0
ACU.US,5,20251003,202500,40.285,40.285,40.285,40.285,100,0
ACU.US,5,20251003,214000,40.15,40.15,40.15,40.15,200,0
ACU.US,5,20251003,215500,40.21,40.26,39.89,39.89,1429,0
ACU.US,5,20251006,153000,40,40.22,40,40.22,351,0
ACU.US,5,20251006,153500,41.18,41.19,41.18,41.19,200,0
ACU.US,5,20251006,154500,40.8365,40.8365,40.5,40.5,200,0
ACU.US,5,20251006,182000,40.45,40.45,40.45,40.45,100,0
ACU.US,5,20251006,190500,40.4,40.4,40.4,40.4,100,0
ACU.US,5,20251006,191500,40.4,40.55,40.4,40.55,296,0
ACU.US,5,20251006,195000,40.57,40.57,40.57,40.57,100,0
ACU.US,5,20251006,195500,40.599,40.599,40.599,40.599,200,0
ACU.US,5,20251006,211500,40.8399,40.8399,40.8399,40.8399,100,0
ACU.US,5,20251006,212000,40.5736,40.5736,40.5736,40.5736,286,0
ACU.US,5,20251006,213500,40.1,40.1,40.1,40.1,200,0
ACU.US,5,20251007,155500,40,40.2,39.88,40.2,1218,0
ACU.US,5,20251007,160000,40.11,40.11,40.1,40.11,300,0
ACU.US,5,20251007,163500,40,40.15,39.99,40.15,1071,0
ACU.US,5,20251007,171000,39.85,40.19,39.85,40.19,940,0
ACU.US,5,20251007,174500,39.67,39.67,39.67,39.67,100,0
ACU.US,5,20251007,190000,39.66,39.66,39.66,39.66,100,0
ACU.US,5,20251007,190500,40.185,40.185,40.185,40.185,100,0
ACU.US,5,20251007,194500,40.19,40.19,39.68,39.68,800,0
ACU.US,5,20251007,210000,40.14,40.481973,40.1399,40.481973,1168,0
ACU.US,5,20251007,212000,40.195,40.195,40.195,40.195,1840,0
ACU.US,5,20251007,214000,39.98,39.98,39.98,39.98,100,0
ACU.US,5,20251007,215000,39.64,39.64,39.59,39.59,310,0
ACU.US,5,20251007,215500,39.66,39.66,39.25,39.25,1919,0
ACU.US,5,20251008,153500,39.4529,39.4529,39.4529,39.4529,200,0
ACU.US,5,20251008,154500,39.49,39.5,39.49,39.49,336,0
ACU.US,5,20251008,175000,39.51,39.51,39.51,39.51,100,0
ACU.US,5,20251008,195500,39.3808,39.3808,38.965,38.965,200,0
ACU.US,5,20251008,210000,39.6199,39.6199,39.19,39.5834,1875,0
ACU.US,5,20251008,211000,39.6411,39.6411,39.64,39.64,1021,0
ACU.US,5,20251008,214500,39.6451,39.6451,39.6451,39.6451,101,0
ACU.US,5,20251008,215500,39.47,39.47,39.47,39.47,849,0
ACU.US,5,20251009,174500,39.1646,39.1646,39.1074,39.1074,261,0
ACU.US,5,20251009,175000,39.2,39.5402,39.1,39.47,830,0
ACU.US,5,20251009,182500,39.08,39.08,39.08,39.08,100,0
ACU.US,5,20251009,183000,39,39.02,38.84,38.84,1988,0
ACU.US,5,20251009,183500,38.9596,38.9596,38.9596,38.9596,190,0
ACU.US,5,20251009,184000,38.89,38.92,38.85,38.85,1000,0
ACU.US,5,20251009,185500,38.59,38.59,38.59,38.59,1251,0
ACU.US,5,20251009,191500,38.5,38.5,38,38,200,0
ACU.US,5,20251009,192500,38.72,38.87,38.72,38.86,372,0
ACU.US,5,20251009,193500,38.76,38.76,38.76,38.76,100,0
ACU.US,5,20251009,194000,38.75,38.75,38.74,38.74,272,0
ACU.US,5,20251009,194500,38.74,38.74,38.74,38.74,100,0
ACU.US,5,20251009,202000,38.53,38.53,38.53,38.53,400,0
ACU.US,5,20251009,204500,38.41,38.49,38.41,38.49,251,0
ACU.US,5,20251009,210000,38.3,38.3,38.3,38.3,100,0
ACU.US,5,20251009,210500,38.465,38.465,38.465,38.465,100,0
ACU.US,5,20251009,211500,38.59,38.59,38.59,38.59,400,0
ACU.US,5,20251009,212500,38.59,38.7159,38.59,38.7159,400,0
ACU.US,5,20251009,213000,38.73,38.73,38.73,38.73,100,0
ACU.US,5,20251009,215000,38.27,38.27,38.27,38.27,100,0
ACU.US,5,20251009,215500,39.2199,39.2199,38.71,38.71,700,0
ACU.US,5,20251010,170500,38.595,38.595,38.595,38.595,100,0
ACU.US,5,20251010,173000,38.31,38.5,38.01,38.5,1400,0
ACU.US,5,20251010,173500,38.38,38.39,37.81,38.245,2133,0
ACU.US,5,20251010,174000,38.45,38.45,38.45,38.45,100,0
ACU.US,5,20251010,175000,38.41,38.41,38.41,38.41,100,0
ACU.US,5,20251010,180000,38.5,38.5,38.5,38.5,100,0
ACU.US,5,20251010,185000,38.515,38.515,38.515,38.515,100,0
ACU.US,5,20251010,190000,38.7,38.7,38.7,38.7,200,0
ACU.US,5,20251010,193500,38.67,38.67,38.67,38.67,100,0
ACU.US,5,20251010,200000,38.6,38.8,38.4401,38.73,1234,0
ACU.US,5,20251010,201500,38.3,38.3,38.3,38.3,100,0
ACU.US,5,20251010,202000,38.3,38.3,38.3,38.3,100,0
ACU.US,5,20251010,203000,39.1599,39.1599,39.1599,39.1599,100,0
ACU.US,5,20251010,212500,38.6,38.6,38.6,38.6,311,0
ACU.US,5,20251010,213000,38.5142,38.5142,38.5142,38.5142,133,0
ACU.US,5,20251010,214500,38.6,38.6,38.6,38.6,100,0
ACU.US,5,20251010,215500,38.3,38.3,38.3,38.3,542,0
ACU.US,5,20251013,153000,38.31,38.31,38.25,38.25,200,0
ACU.US,5,20251013,154500,38.29,38.29,38.29,38.29,100,0
ACU.US,5,20251013,173000,38.68,38.68,38.68,38.68,100,0
ACU.US,5,20251013,201500,38.67,38.72,38.67,38.72,201,0
ACU.US,5,20251013,205000,38.47,38.47,38.47,38.47,151,0
ACU.US,5,20251013,205500,38.2,38.2,38.2,38.2,2477,0
ACU.US,5,20251013,210000,37.94,37.9401,37.94,37.94,1100,0
ACU.US,5,20251013,211000,38.05,38.05,38.05,38.05,100,0
ACU.US,5,20251013,215500,38.23,38.23,38.23,38.23,1074,0
ACU.US,5,20251014,162500,37.99,37.99,37.99,37.99,100,0
ACU.US,5,20251014,164500,38.203,38.203,38.203,38.203,794,0
ACU.US,5,20251014,170500,38.1,38.17,37.99,38.17,1064,0
ACU.US,5,20251014,174000,38.3032,38.3032,38.3032,38.3032,114,0
ACU.US,5,20251014,185000,38.71,38.71,38.71,38.71,100,0
ACU.US,5,20251014,191000,38.05,38.05,38.05,38.05,100,0
ACU.US,5,20251014,200000,38.01,38.01,38.01,38.01,100,0
ACU.US,5,20251014,205000,38.8499,38.8499,38.8499,38.8499,100,0
ACU.US,5,20251014,213000,38.85,38.85,38.85,38.85,107,0
ACU.US,5,20251014,213500,38.63,38.63,38.44,38.44,200,0
ACU.US,5,20251015,160500,38.56,38.56,38.56,38.56,275,0
ACU.US,5,20251015,170500,38.5,38.5,38.5,38.5,100,0
ACU.US,5,20251015,210500,38.18,38.18,38.15,38.15,200,0
ACU.US,5,20251015,213000,38.47,38.47,38.47,38.47,100,0
ACU.US,5,20251015,214500,38.06,38.06,38.06,38.06,100,0
ACU.US,5,20251015,215000,38,38,38,38,187,0
ACU.US,5,20251015,215500,38.34,38.35,38.34,38.35,951,0
ACU.US,5,20251016,155000,38.04,38.04,38.04,38.04,200,0
ACU.US,5,20251016,155500,38.01,38.23,38.01,38.23,202,0
ACU.US,5,20251016,182500,38.3899,38.3899,38.3899,38.3899,300,0
ACU.US,5,20251016,190000,38,38,38,38,139,0
ACU.US,5,20251016,204000,38.1,38.1,38.1,38.1,100,0
ACU.US,5,20251016,205500,37.78,37.78,37.78,37.78,118,0
ACU.US,5,20251016,210500,38.19,38.19,38.19,38.19,107,0
ACU.US,5,20251016,215500,38.2,38.2,37.91,37.91,1468,0
ACU.US,5,20251017,153500,38.09,38.09,38,38,236,0
ACU.US,5,20251017,154000,38.72,38.72,38.72,38.72,100,0
ACU.US,5,20251017,155000,38.68,38.72,38.68,38.72,200,0
ACU.US,5,20251017,160500,38.29,39,38.29,38.8195,1962,0
ACU.US,5,20251017,161000,39.015,39.015,39.015,39.015,300,0
ACU.US,5,20251017,164500,38.6,38.6,38.6,38.6,100,0
ACU.US,5,20251017,165000,38.59,38.59,38.59,38.59,1397,0
ACU.US,5,20251017,174000,38.749,39.33,38.74,38.74,2882,0
ACU.US,5,20251017,182500,38.78,38.78,38.78,38.78,100,0
ACU.US,5,20251017,184500,38.79,38.79,38.66,38.725,400,0
ACU.US,5,20251017,190000,38.6639,38.6639,38.6639,38.6639,106,0
ACU.US,5,20251017,195000,38.72,38.72,38.72,38.72,100,0
ACU.US,5,20251017,195500,38.77,38.77,38.77,38.77,193,0
ACU.US,5,20251017,202000,38.73,39,38.73,39,457,0
ACU.US,5,20251017,214000,38.72,38.72,38.72,38.72,100,0
ACU.US,5,20251017,215500,38.27,38.27,38.22,38.22,1011,0
ACU.US,5,20251020,170500,38.361048,38.7661,38.313503,38.7661,1849,0
ACU.US,5,20251020,184000,38.505,38.505,38.505,38.505,1000,0
ACU.US,5,20251020,193000,38.14,38.14,38.14,38.14,100,0
ACU.US,5,20251020,195000,38.245,38.245,38.245,38.245,100,0
ACU.US,5,20251020,212000,38.06,38.06,38.06,38.06,500,0
ACU.US,5,20251020,213000,38.14,38.14,38.09,38.09,200,0
ACU.US,5,20251020,215500,38.09,38.45,37.64,38.45,2598,0
ACU.US,5,20251021,153000,38.45,38.45,38.45,38.45,145,0
ACU.US,5,20251021,164000,38.24,38.24,38.19,38.19,300,0
ACU.US,5,20251021,175000,38.0001,38.0001,38.0001,38.0001,400,0
ACU.US,5,20251021,181500,38.1,38.1,38.1,38.1,117,0
ACU.US,5,20251021,184000,38.19,38.19,38.19,38.19,112,0
ACU.US,5,20251021,185000,38,38,38,38,200,0
ACU.US,5,20251021,191000,38,38,37.75,37.75,2430,0
ACU.US,5,20251021,191500,38.39,38.39,38.39,38.39,600,0
ACU.US,5,20251021,194500,37.97,37.97,37.97,37.97,100,0
ACU.US,5,20251021,204000,38.345,38.345,38.345,38.345,100,0
ACU.US,5,20251021,215500,37.78,37.78,37.75,37.75,743,0
ACU.US,5,20251022,173500,37.7501,37.7501,37.7501,37.7501,1140,0
ACU.US,5,20251022,174000,37.75,37.76,37.75,37.76,655,0
ACU.US,5,20251022,183500,37.79,37.79,37.79,37.79,100,0
ACU.US,5,20251022,191500,37.55,37.55,37.55,37.55,100,0
ACU.US,5,20251022,193500,37.74,37.74,37.74,37.74,100,0
ACU.US,5,20251022,204000,37.9499,38.1099,37.66,37.855,2027,0
ACU.US,5,20251022,204500,38.05,38.05,38.05,38.05,100,0
ACU.US,5,20251022,211500,37.92,37.92,37.92,37.92,100,0
ACU.US,5,20251022,215500,38.28,38.48,38.28,38.48,1545,0
ACU.US,5,20251023,153000,38.11,38.11,38.11,38.11,100,0
ACU.US,5,20251023,160500,37.875,37.875,37.875,37.875,100,0
ACU.US,5,20251023,161500,37.8,37.8,37.8,37.8,300,0
ACU.US,5,20251023,165500,38.155,38.155,38.155,38.155,100,0
ACU.US,5,20251023,183500,38.9,38.9,38.3,38.3,9197,0
ACU.US,5,20251023,185500,38.545,38.545,38.545,38.545,118,0
ACU.US,5,20251023,215000,38.945,39.69,38.945,39.1872,2900,0
ACU.US,5,20251023,215500,38.765,38.85,38.765,38.85,533,0
ACU.US,5,20251024,162000,38.51,38.51,38.51,38.51,100,0
ACU.US,5,20251024,165000,38.51,38.51,38.51,38.51,100,0
ACU.US,5,20251024,165500,38.5101,38.5101,38.5101,38.5101,100,0
ACU.US,5,20251024,171500,38.5101,38.5101,38.5101,38.5101,1130,0
ACU.US,5,20251024,184000,38.77,38.77,38.77,38.77,100,0
ACU.US,5,20251024,192500,38.795,38.795,38.795,38.795,100,0
ACU.US,5,20251024,214000,38.955,38.955,38.955,38.955,100,0
ACU.US,5,20251024,214500,39.05,39.05,39.05,39.05,200,0
ACU.US,5,20251024,215500,39.37,39.37,39.37,39.37,587,0
ACU.US,5,20251027,145500,38.615,38.615,38.615,38.615,100,0
ACU.US,5,20251027,150000,38.6,38.6,38.6,38.6,135,0
ACU.US,5,20251027,153000,38.95,38.95,38.95,38.95,905,0
ACU.US,5,20251027,153500,39.35,39.35,39.35,39.35,750,0
ACU.US,5,20251027,154500,39.1669,39.1669,39.025,39.025,2200,0
ACU.US,5,20251027,155000,39.025,39.21,39.0125,39.21,2733,0
ACU.US,5,20251027,162000,39.35,39.35,39.2099,39.2099,426,0
ACU.US,5,20251027,165000,38.905,38.905,38.905,38.905,100,0
ACU.US,5,20251027,172500,39.16,39.16,39.16,39.16,100,0
ACU.US,5,20251027,180500,38.92,38.92,38.92,38.92,300,0
ACU.US,5,20251027,185500,38.92,38.92,38.92,38.92,925,0
ACU.US,5,20251027,190000,38.9042,38.9042,38.9042,38.9042,131,0
ACU.US,5,20251027,192000,39.12,39.1201,38.977279,38.977279,1135,0
ACU.US,5,20251027,193500,39.135,39.135,39.135,39.135,100,0
ACU.US,5,20251027,204500,39.26,39.26,39.26,39.26,100,0
ACU.US,5,20251027,205000,39.26,39.26,39.25,39.26,500,0
ACU.US,5,20251027,205500,39.25,39.26,38.96,38.96,1875,0
ACU.US,5,20251028,151000,38.63,38.67,38.63,38.67,200,0
ACU.US,5,20251028,161000,38.6,38.6,38.6,38.6,100,0
ACU.US,5,20251028,161500,38.5,38.5,38.5,38.5,148,0
ACU.US,5,20251028,163500,38.54,38.54,38.5,38.5,200,0
ACU.US,5,20251028,164500,38.7548,38.7548,38.7548,38.7548,100,0
ACU.US,5,20251028,184000,38.685,38.685,38.685,38.685,100,0
ACU.US,5,20251028,192000,38.63,38.63,38.63,38.63,100,0
ACU.US,5,20251028,193500,38.865,38.865,38.63,38.63,300,0
ACU.US,5,20251028,200000,38.66,39.03,38.5801,38.5801,1000,0
ACU.US,5,20251028,200500,38.5701,38.5701,38.57,38.57,1170,0
ACU.US,5,20251028,201000,38.69,38.78,38.69,38.7799,872,0
ACU.US,5,20251028,203500,38.675,38.675,38.675,38.675,100,0
ACU.US,5,20251028,204500,38.89,38.89,38.89,38.89,100,0
ACU.US,5,20251028,205000,38.55,38.94,38.55,38.94,200,0
ACU.US,5,20251028,205500,38.58,38.58,38.58,38.58,874,0
ACU.US,5,20251029,143500,38.5,38.5,38.5,38.5,474,0
ACU.US,5,20251029,144000,38.31,38.31,38,38,735,0
ACU.US,5,20251029,145000,38.25,38.755,38.25,38.755,2359,0
ACU.US,5,20251029,151000,38.04,38.427514,37.94,38.162742,957,0
ACU.US,5,20251029,155500,38.53,38.53,38.53,38.53,127,0
ACU.US,5,20251029,165500,38.59,38.59,38.55,38.55,2800,0
ACU.US,5,20251029,172000,38.6,38.665,38.6,38.6,444,0
ACU.US,5,20251029,174000,38.1501,38.1501,38.1501,38.1501,500,0
ACU.US,5,20251029,175000,38.81,38.81,38.81,38.81,100,0
ACU.US,5,20251029,175500,38.7,38.7001,38.540212,38.540212,2456,0
ACU.US,5,20251029,185000,38.9496,38.9496,38.9496,38.9496,100,0
ACU.US,5,20251029,185500,38.55,38.55,38.55,38.55,100,0
ACU.US,5,20251029,191000,39.03,39.03,39.03,39.03,251,0
ACU.US,5,20251029,195000,39.09,39.09,39.09,39.09,100,0
ACU.US,5,20251029,202000,39.12,39.12,39.12,39.12,400,0
ACU.US,5,20251029,203000,38.7575,38.7575,38.7575,38.7575,167,0
ACU.US,5,20251029,203500,38.825,38.825,38.825,38.825,100,0
ACU.US,5,20251029,205500,38.17,38.17,38.17,38.17,100,0
ACU.US,5,20251030,143000,39.48,39.48,39.48,39.48,100,0
ACU.US,5,20251030,151000,38.61,38.61,38.61,38.61,100,0
ACU.US,5,20251030,164000,38.5,38.5,38.5,38.5,100,0
ACU.US,5,20251030,164500,38.5,38.5,38.5,38.5,150,0
ACU.US,5,20251030,170000,38.415,38.5,38.415,38.5,400,0
ACU.US,5,20251030,170500,38.6,38.6,38.6,38.6,212,0
ACU.US,5,20251030,171500,38.6055,38.6055,38.4,38.4,306,0
ACU.US,5,20251030,173000,38.4,38.4,38.4,38.4,288,0
ACU.US,5,20251030,175500,38.6035,38.6035,38.6035,38.6035,112,0
ACU.US,5,20251030,180000,38.4,38.4,38.4,38.4,167,0
ACU.US,5,20251030,180500,38.4,38.5,38.4,38.5,409,0
ACU.US,5,20251030,184000,38.72,38.72,38.72,38.72,100,0
ACU.US,5,20251030,194000,38.41,38.41,38.41,38.41,101,0
ACU.US,5,20251030,204000,38.4,38.5,38.4,38.5,605,0
ACU.US,5,20251030,205000,38.41,38.51,38.41,38.51,616,0
ACU.US,5,20251030,205500,38.5,38.5,38.41,38.5,740,0
ACU.US,5,20251031,165500,38.26,38.26,38.25,38.25,505,0
ACU.US,5,20251031,171500,38.25,38.25,38.25,38.25,938,0
ACU.US,5,20251031,183000,38.25,38.25,38.25,38.25,100,0
ACU.US,5,20251031,203000,38.648,38.648,38.648,38.648,101,0
ACU.US,5,20251031,204500,38,38,38,38,498,0
ACU.US,5,20251031,205000,38.01,38.05,38,38.05,1143,0
ACU.US,5,20251031,205500,38.03,38.03,38.03,38.03,100,0
ACU.US,5,20251103,154500,38.1,38.1,38.1,38.1,100,0
ACU.US,5,20251103,162000,38,38,37.76,37.76,535,0
ACU.US,5,20251103,162500,37.75,37.75,37.75,37.75,198,0
ACU.US,5,20251103,175000,37.75,37.75,37.75,37.75,474,0
ACU.US,5,20251103,180500,37.76,37.76,37.76,37.76,100,0
ACU.US,5,20251103,183500,37.76,37.76,37.76,37.76,399,0
ACU.US,5,20251103,202500,37.805,37.805,37.5,37.752,781,0
ACU.US,5,20251103,215500,37.65,37.93,37.65,37.93,606,0
ACU.US,5,20251104,162500,38.09,38.09,38.09,38.09,200,0
ACU.US,5,20251104,170000,37.5001,37.5001,37.5001,37.5001,300,0
ACU.US,5,20251104,173000,37.59,37.59,37.59,37.59,100,0
ACU.US,5,20251104,175500,37.5,37.5,37.5,37.5,824,0
ACU.US,5,20251104,181000,37.64,37.64,37.64,37.64,308,0
ACU.US,5,20251104,183500,37.52,37.52,37.52,37.52,150,0
ACU.US,5,20251104,194500,37.674,37.674,37.38,37.38,446,0
ACU.US,5,20251104,200000,37.44,37.44,37.44,37.44,900,0
ACU.US,5,20251104,203000,37.6139,37.6139,37.6139,37.6139,267,0
ACU.US,5,20251104,213000,37.52,37.52,37.52,37.52,100,0
ACU.US,5,20251104,214000,37.87,37.87,37.87,37.87,134,0
ACU.US,5,20251104,215000,37.785,37.785,37.785,37.785,100,0
ACU.US,5,20251104,215500,37.78,37.78,37.68,37.68,1052,0
ACU.US,5,20251105,155000,37.5101,37.5101,37.45,37.45,498,0
ACU.US,5,20251105,170000,37.26,37.26,37.26,37.26,105,0
ACU.US,5,20251105,191000,37.86,37.86,37.69,37.69,684,0
ACU.US,5,20251105,210000,37.615,37.615,37.615,37.615,200,0
ACU.US,5,20251105,215500,38.04,38.04,38.04,38.04,1342,0
ACU.US,5,20251106,161000,37.2568,37.2568,37.2568,37.2568,490,0
ACU.US,5,20251106,164500,37.59,37.59,37.59,37.59,200,0
ACU.US,5,20251106,172000,37.51,37.51,37.51,37.51,100,0
ACU.US,5,20251106,184000,37.415,37.415,37.415,37.415,100,0
ACU.US,5,20251106,195500,37.255,37.255,37.25,37.25,591,0
ACU.US,5,20251106,200500,37.4,37.44,37.3,37.3,606,0
ACU.US,5,20251106,211000,37.4222,37.4222,37.42,37.42,300,0
ACU.US,5,20251106,215000,37.26,37.26,37.26,37.26,122,0
ACU.US,5,20251106,215500,37,37,37,37,100,0
ACU.US,5,20251107,154000,37.23,37.23,37,37,783,0
ACU.US,5,20251107,154500,37.25,37.25,37.25,37.25,100,0
ACU.US,5,20251107,155000,36.4689,36.4689,36.4689,36.4689,200,0
ACU.US,5,20251107,160500,37.23,37.23,37.23,37.23,205,0
ACU.US,5,20251107,161000,37.18,37.18,37.18,37.18,200,0
ACU.US,5,20251107,184000,37.12,37.12,36.97,37.12,654,0
ACU.US,5,20251107,185500,37.2426,37.2426,37.2426,37.2426,100,0
ACU.US,5,20251107,190000,37.135,37.135,37.135,37.135,127,0
ACU.US,5,20251107,191000,37.27,37.27,37.27,37.27,100,0
ACU.US,5,20251107,192000,37.2178,37.2178,37.2178,37.2178,108,0
ACU.US,5,20251107,193000,37.04,37.07,37.04,37.07,200,0
ACU.US,5,20251107,195500,37.18,37.375,37.18,37.25,665,0
ACU.US,5,20251107,200000,37.41,37.41,37.41,37.41,320,0
ACU.US,5,20251107,202000,37.23,37.23,37.23,37.23,100,0
ACU.US,5,20251107,204000,37.09,37.09,37.09,37.09,100,0
ACU.US,5,20251107,204500,37.34,37.34,37.34,37.34,205,0
ACU.US,5,20251107,210000,37.525,37.525,37.525,37.525,100,0
ACU.US,5,20251107,210500,37.35,37.35,37.3,37.34,300,0
ACU.US,5,20251107,211000,37.32,37.32,37.32,37.32,100,0
ACU.US,5,20251107,212000,37.3,37.3,37.3,37.3,100,0
ACU.US,5,20251107,213500,37.095,37.095,37.095,37.095,100,0
ACU.US,5,20251107,215000,37.37,37.37,37.37,37.37,100,0
ACU.US,5,20251107,215500,36.84,36.84,36.84,36.84,1116,0
ACU.US,5,20251110,153000,36.5401,36.5401,36.5401,36.5401,300,0
ACU.US,5,20251110,163500,37.07,37.07,37.07,37.07,200,0
ACU.US,5,20251110,164000,37.07,37.07,37.07,37.07,100,0
ACU.US,5,20251110,170000,36.96,36.96,36.96,36.96,105,0
ACU.US,5,20251110,174000,36.95,36.95,36.779,36.779,400,0
ACU.US,5,20251110,175500,37,37,37,37,500,0
ACU.US,5,20251110,182500,36.895,36.895,36.895,36.895,232,0
ACU.US,5,20251110,193000,37.17,37.17,37.17,37.17,100,0
ACU.US,5,20251110,210000,37,37.1,37,37.03,555,0
ACU.US,5,20251110,210500,37,37,37,37,100,0
ACU.US,5,20251110,215000,36.85,36.85,36.85,36.85,100,0
ACU.US,5,20251110,215500,36.95,36.95,36.87,36.87,1054,0
ACU.US,5,20251111,153500,36.86,36.97,36.86,36.97,815,0
ACU.US,5,20251111,162000,37.515,37.515,37.515,37.515,100,0
ACU.US,5,20251111,164000,38.129,38.129,38.129,38.129,100,0
ACU.US,5,20251111,171500,37.22,37.22,37.1,37.1,454,0
ACU.US,5,20251111,172500,37.07,37.07,37.07,37.07,400,0
ACU.US,5,20251111,190500,37.2171,37.2171,37.2171,37.2171,100,0
ACU.US,5,20251111,203500,36.945,37.8499,36.9449,37.8499,4100,0
ACU.US,5,20251111,204000,37.14,37.14,36.9,36.9,800,0
ACU.US,5,20251111,213500,37,37,37,37,100,0
ACU.US,5,20251111,214500,37,37.539,37,37.539,200,0
ACU.US,5,20251111,215000,37.06,37.08,37,37.08,582,0
ACU.US,5,20251111,215500,37,37,36.86,36.91,983,0
ACU.US,5,20251112,153000,37.4,37.4,37.4,37.4,100,0
ACU.US,5,20251112,160500,37,37,37,37,105,0
ACU.US,5,20251112,161000,37.37,37.37,37.37,37.37,1000,0
ACU.US,5,20251112,175500,37.186,37.186,37.186,37.186,352,0
ACU.US,5,20251112,183500,37.11,37.11,37.11,37.11,100,0
ACU.US,5,20251112,184000,37.12,37.12,37.105,37.105,400,0
ACU.US,5,20251112,192000,37.28,37.28,37.28,37.28,604,0
ACU.US,5,20251112,204000,37.182,37.182,37.182,37.182,141,0
ACU.US,5,20251112,210000,37,37.05,36.935,37.02,962,0
ACU.US,5,20251112,210500,36.885,36.885,36.885,36.885,100,0
ACU.US,5,20251112,211000,36.885,37,36.885,36.885,600,0
ACU.US,5,20251112,211500,37,37,37,37,500,0
ACU.US,5,20251112,213500,36.75,36.75,36.75,36.75,586,0
ACU.US,5,20251112,214000,36.65,36.8699,36.63,36.8699,700,0
ACU.US,5,20251112,214500,36.55,36.55,36.55,36.55,100,0
ACU.US,5,20251112,215000,36.68,36.9,36.68,36.89,3157,0
ACU.US,5,20251112,215500,36.865,36.865,36.55,36.55,1994,0
ACU.US,5,20251113,173500,37.05,37.3,36.9,37.3,3446,0
ACU.US,5,20251113,181500,37.21,37.21,37.21,37.21,100,0
ACU.US,5,20251113,183000,37.19,37.19,37.19,37.19,1675,0
ACU.US,5,20251113,183500,37.3,37.3,36.75,36.962964,4744,0
ACU.US,5,20251113,184000,36.805,37,36.76,36.84,5785,0
ACU.US,5,20251113,185000,36.8401,36.8401,36.8401,36.8401,416,0
ACU.US,5,20251113,185500,37.13,37.13,37.13,37.13,538,0
ACU.US,5,20251113,190000,36.975,37.14,36.975,37.14,1880,0
ACU.US,5,20251113,191000,37.26,37.44,37.08,37.08,800,0
ACU.US,5,20251113,195000,37.03,37.03,37.03,37.03,100,0
ACU.US,5,20251113,213500,37.2699,37.2699,37.2699,37.2699,100,0
ACU.US,5,20251113,214500,36.85,36.85,36.85,36.85,100,0
ACU.US,5,20251113,215500,37.15,37.26,37.15,37.26,799,0
ACU.US,5,20251114,154000,37.3739,37.3739,37.3739,37.3739,250,0
ACU.US,5,20251114,160500,36.85,36.85,36.85,36.85,100,0
ACU.US,5,20251114,172500,36.8,37.0999,36.8,37.0999,723,0
ACU.US,5,20251114,173000,36.8,36.8,36.75,36.78,2358,0
ACU.US,5,20251114,180000,36.755,36.755,36.755,36.755,700,0
ACU.US,5,20251114,180500,36.69,36.69,36.69,36.69,200,0
ACU.US,5,20251114,181000,36.66,36.7,36.66,36.7,450,0
ACU.US,5,20251114,190000,36.591,36.591,36.591,36.591,265,0
ACU.US,5,20251114,190500,36.69,36.71,36.65,36.65,880,0
ACU.US,5,20251114,192000,36.63,36.76,36.63,36.76,1006,0
ACU.US,5,20251114,200500,36.8,36.8,36.8,36.8,100,0
ACU.US,5,20251114,201000,36.8,36.8,36.8,36.8,400,0
ACU.US,5,20251114,201500,37.05,37.05,37.05,37.05,100,0
ACU.US,5,20251114,202500,36.78,36.78,36.78,36.78,100,0
ACU.US,5,20251114,205500,36.86,36.87,36.86,36.87,300,0
ACU.US,5,20251114,210000,36.815,36.815,36.815,36.815,122,0
ACU.US,5,20251114,211000,37.12,37.12,37.12,37.12,108,0
ACU.US,5,20251114,211500,37.17,37.17,37.17,37.17,100,0
ACU.US,5,20251114,212000,37.045,37.045,37.045,37.045,112,0
ACU.US,5,20251114,212500,37.05,37.05,37.05,37.05,112,0
ACU.US,5,20251114,214500,37,37,37,37,192,0
ACU.US,5,20251114,215000,36.75,36.75,36.75,36.75,104,0
ACU.US,5,20251114,215500,37,37,36.87,36.87,1365,0
ACU.US,5,20251117,153000,37.34,37.34,37.34,37.34,100,0
ACU.US,5,20251117,161000,37.1,37.1,37.1,37.1,100,0
ACU.US,5,20251117,171000,37.2,37.2,37.2,37.2,100,0
ACU.US,5,20251117,193000,36.55,36.55,36.55,36.55,100,0
ACU.US,5,20251117,210000,36.5,36.5,36.5,36.5,497,0
ACU.US,5,20251117,211500,36.4,36.4,36.4,36.4,402,0
ACU.US,5,20251117,215000,36.29,36.29,36.25,36.25,313,0
ACU.US,5,20251117,215500,36.25,36.25,35.94,35.94,1698,0
ACU.US,5,20251118,161500,36,36,36,36,452,0
ACU.US,5,20251118,162500,35.97,35.97,35.97,35.97,200,0
ACU.US,5,20251118,163500,36.05,36.05,36.05,36.05,400,0
ACU.US,5,20251118,164000,35.77,36.1,35.77,36.1,386,0
ACU.US,5,20251118,171000,36,36,36,36,229,0
ACU.US,5,20251118,173000,35.5901,35.5901,35.5901,35.5901,123,0
ACU.US,5,20251118,181000,35.88,35.88,35.87,35.87,317,0
ACU.US,5,20251118,182500,35.87,35.91,35.87,35.91,1555,0
ACU.US,5,20251118,191000,36.02,36.3199,35.795,36.06,800,0
ACU.US,5,20251118,193500,36.29,36.29,36.29,36.29,400,0
ACU.US,5,20251118,194000,36.28,36.32,36.28,36.32,200,0
ACU.US,5,20251118,201000,36.5099,36.5099,36.5099,36.5099,300,0
ACU.US,5,20251118,203000,35.9236,35.9236,35.9236,35.9236,200,0
ACU.US,5,20251118,214500,36.25,36.4,36.2,36.4,400,0
ACU.US,5,20251118,215000,36.17,36.17,36.14,36.14,200,0
ACU.US,5,20251118,215500,35.79,35.85,35.79,35.85,234,0
ACU.US,5,20251119,173500,36.052,36.052,35.71,35.71,329,0
ACU.US,5,20251119,205500,35.71,35.79,35.71,35.79,414,0
ACU.US,5,20251119,210000,35.71,35.71,35.71,35.71,199,0
ACU.US,5,20251119,212000,35.83,35.84,35.83,35.84,700,0
ACU.US,5,20251119,212500,35.835,35.835,35.7,35.825,400,0
ACU.US,5,20251119,215500,35.9,35.9,35.71,35.71,1255,0
ACU.US,5,20251120,174500,36.555,36.555,36.555,36.555,277,0
ACU.US,5,20251120,181000,36.4702,36.4702,36.4702,36.4702,184,0
ACU.US,5,20251120,183500,35.99,36.01,35.68,35.68,988,0
ACU.US,5,20251120,191000,35.78,35.86,35.7601,35.7601,307,0
ACU.US,5,20251120,202500,35.8537,35.8537,35.8537,35.8537,199,0
ACU.US,5,20251120,205500,35.55,35.55,35.55,35.55,100,0
ACU.US,5,20251120,210500,35.74,35.77,35.65,35.65,806,0
ACU.US,5,20251120,211000,35.79,35.81,35.79,35.81,3083,0
ACU.US,5,20251120,214000,35.71,35.72,35.71,35.72,200,0
ACU.US,5,20251120,215000,35.815,35.815,35.815,35.815,100,0
ACU.US,5,20251120,215500,35.67,35.67,35.515,35.515,200,0
ACU.US,5,20251121,164000,35.9,36.04,35.79,36.04,699,0
ACU.US,5,20251121,170500,36.09,36.09,36.09,36.09,100,0
ACU.US,5,20251121,172000,36.27,36.27,36.27,36.27,100,0
ACU.US,5,20251121,184000,36.3794,36.3794,36.3794,36.3794,100,0
ACU.US,5,20251121,191500,36.16,36.16,36.16,36.16,600,0
ACU.US,5,20251121,192000,36.23,36.3,36.23,36.3,200,0
ACU.US,5,20251121,194000,36.5,36.5,36.32,36.32,447,0
ACU.US,5,20251121,194500,36.84,36.94,36.84,36.94,700,0
ACU.US,5,20251121,204000,36.8335,36.8335,36.8335,36.8335,100,0
ACU.US,5,20251121,213500,36.76,36.89,36.76,36.89,500,0
ACU.US,5,20251124,163000,36.37,36.37,36.37,36.37,200,0
ACU.US,5,20251124,164500,36.59,36.59,36.59,36.59,200,0
ACU.US,5,20251124,181000,36.705,36.705,36.705,36.705,100,0
ACU.US,5,20251124,200500,36.71,36.71,36.71,36.71,100,0
ACU.US,5,20251124,203000,36.71,36.71,36.71,36.71,100,0
ACU.US,5,20251124,203500,36.71,36.71,36.71,36.71,1000,0
ACU.US,5,20251124,213500,36.59,36.59,36.59,36.59,105,0
ACU.US,5,20251124,214000,36.4447,36.45,36.4447,36.445,1300,0
ACU.US,5,20251124,215500,36.59,36.61,36.42,36.6,1439,0
ACU.US,5,20251125,170000,36.31,36.31,36.31,36.31,100,0
ACU.US,5,20251125,170500,36.6,36.74,36.6,36.74,301,0
ACU.US,5,20251125,175000,36.83,37.045,36.82,37.045,400,0
ACU.US,5,20251125,190500,36.74,36.74,36.6995,36.6995,221,0
ACU.US,5,20251125,194500,36.685,36.685,36.685,36.685,100,0
ACU.US,5,20251125,195500,36.815,36.815,36.6822,36.6822,352,0
ACU.US,5,20251125,200000,36.6193,36.6193,36.6193,36.6193,100,0
ACU.US,5,20251125,202000,36.63,36.815,36.63,36.815,338,0
ACU.US,5,20251125,212500,36.93,36.93,36.93,36.93,100,0
ACU.US,5,20251125,214500,36.99,36.99,36.98,36.99,500,0
ACU.US,5,20251125,215500,37.12,37.12,37.12,37.12,1128,0
ACU.US,5,20251126,155500,37.13,37.13,37.13,37.13,100,0
ACU.US,5,20251126,165500,37.03,37.03,37.03,37.03,100,0
ACU.US,5,20251126,170000,37.17,37.17,37.17,37.17,100,0
ACU.US,5,20251126,182500,37.17,37.17,37.17,37.17,157,0
ACU.US,5,20251126,185000,36.87,36.87,36.63,36.63,208,0
ACU.US,5,20251126,193000,37,37,37,37,100,0
ACU.US,5,20251126,213500,37.215,37.215,37.215,37.215,100,0
ACU.US,5,20251126,214000,37.18,37.18,37.09,37.09,200,0
ACU.US,5,20251126,215000,37.4,37.4,37.4,37.4,100,0
ACU.US,5,20251126,215500,37.305,37.305,36.93,37.05,1752,0
ACU.US,5,20251128,171500,37.31,37.31,37.31,37.31,100,0
ACU.US,5,20251128,172500,37.5623,37.5623,37.5623,37.5623,100,0
ACU.US,5,20251128,180000,37.325,37.48,37.32,37.48,310,0
ACU.US,5,20251128,180500,37.315,37.315,37.315,37.315,100,0
ACU.US,5,20251128,183500,37.085,37.09,37.08,37.08,300,0
ACU.US,5,20251128,184000,37.08,37.08,37,37,321,0
ACU.US,5,20251128,184500,37,37,36.765,36.765,1031,0
ACU.US,5,20251128,185000,36.77,36.77,36.76,36.76,200,0
ACU.US,5,20251128,185500,36.77,37.155,36.76,37.155,2072,0
ACU.US,5,20251128,190000,37,37,37,37,1526,0
ACU.US,5,20251201,185500,36.25,36.98,36.25,36.98,275,0
ACU.US,5,20251201,190500,36.66,36.66,36.24,36.38,300,0
ACU.US,5,20251201,201500,36.69,36.9,36.69,36.9,320,0
ACU.US,5,20251201,205500,36.71,36.71,36.71,36.71,121,0
ACU.US,5,20251201,210000,36.63,36.63,36.63,36.63,119,0
ACU.US,5,20251201,212000,36.5941,36.5941,36.5941,36.5941,101,0
ACU.US,5,20251201,215000,37.02,37.02,36.92,36.92,256,0
ACU.US,5,20251202,163500,37.0174,37.0174,37.0174,37.0174,100,0
ACU.US,5,20251202,173000,37.2829,37.2829,37.2829,37.2829,200,0
ACU.US,5,20251202,175000,37.75,37.78,37.27,37.54,1751,0
ACU.US,5,20251202,175500,37.54,37.54,37.54,37.54,141,0
ACU.US,5,20251202,181000,37.655,37.655,37.655,37.655,101,0
ACU.US,5,20251202,190000,37.6606,37.6606,37.6606,37.6606,112,0
ACU.US,5,20251202,192500,37.745,37.745,37.745,37.745,100,0
ACU.US,5,20251202,200500,37.74,37.74,37.36,37.555,900,0
ACU.US,5,20251202,211500,37.15,37.15,37.15,37.15,100,0
ACU.US,5,20251202,213500,37.26,37.26,37.26,37.26,100,0
ACU.US,5,20251202,215500,37.235,37.67,37.235,37.67,961,0
ACU.US,5,20251203,171000,38.055,38.0949,38.055,38.0949,400,0
ACU.US,5,20251203,181500,38.145,38.145,38.145,38.145,600,0
ACU.US,5,20251203,182000,37.8,37.8,37.8,37.8,100,0
ACU.US,5,20251203,184000,37.8964,37.8964,37.8964,37.8964,131,0
ACU.US,5,20251203,210000,38.005,38.005,38.005,38.005,200,0
ACU.US,5,20251203,214000,38.13,38.13,38.13,38.13,100,0
ACU.US,5,20251203,215500,37.81,38.16,37.81,38.16,1826,0
ACU.US,5,20251204,191500,37.73,37.73,37.73,37.73,130,0
ACU.US,5,20251204,203000,37.73,37.73,37.73,37.73,325,0
ACU.US,5,20251204,214000,37.21,37.21,37.21,37.21,100,0
ACU.US,5,20251204,215500,37.24,37.24,37.24,37.24,584,0
ACU.US,5,20251205,160000,37.3,37.3,37.3,37.3,187,0
ACU.US,5,20251205,163000,37.55,37.55,37.55,37.55,100,0
ACU.US,5,20251205,164000,38.09,38.09,38.09,38.09,395,0
ACU.US,5,20251205,164500,37.01,37.545,37.01,37.545,436,0
ACU.US,5,20251205,172500,37,37,37,37,204,0
ACU.US,5,20251205,215000,37.05,37.05,37.05,37.05,381,0
ACU.US,5,20251205,215500,37.07,37.07,37.07,37.07,606,0
ACU.US,5,20251208,154000,36.3378,36.3378,36.3378,36.3378,136,0
ACU.US,5,20251208,155000,36.705,36.705,36.705,36.705,173,0
ACU.US,5,20251208,183500,36.8797,36.8797,36.8797,36.8797,212,0
ACU.US,5,20251208,185000,36.87,36.87,36.87,36.87,100,0
ACU.US,5,20251208,194000,36.17,36.19,36.13,36.13,300,0
ACU.US,5,20251208,215500,36.28,36.28,35.72,35.72,1515,0
ACU.US,5,20251209,155500,37.0299,37.0299,36.515,36.515,449,0
ACU.US,5,20251209,163500,36.01,36.2,36.01,36.13,400,0
ACU.US,5,20251209,165500,36.505,36.505,36.505,36.505,181,0
ACU.US,5,20251209,180500,37.01,37.01,36.01,36.9165,2210,0
ACU.US,5,20251209,181000,36.29,36.29,36.29,36.29,100,0
ACU.US,5,20251209,191500,36.2902,36.2902,36.2902,36.2902,100,0
ACU.US,5,20251209,201500,36.33,36.33,36.33,36.33,100,0
ACU.US,5,20251209,204000,36.09,36.09,36,36,500,0
ACU.US,5,20251209,213500,36,36,36,36,689,0
ACU.US,5,20251209,214500,35.8,35.8,35.8,35.8,100,0
ACU.US,5,20251209,215000,35.81,35.91,35.81,35.91,200,0
ACU.US,5,20251209,215500,35.8,35.91,35.69,35.69,1377,0
ACU.US,5,20251210,161500,37.0599,37.0599,37.0599,37.0599,596,0
ACU.US,5,20251210,163000,36.33,36.33,36.33,36.33,200,0
ACU.US,5,20251210,164500,36.7951,36.7951,36.7951,36.7951,100,0
ACU.US,5,20251210,165000,35.61,35.82,35.61,35.82,200,0
ACU.US,5,20251210,172500,35.82,36.37,35.82,36.37,300,0
ACU.US,5,20251210,175000,36.455,36.455,36.455,36.455,100,0
ACU.US,5,20251210,214500,37.23,37.23,36.9501,36.9501,351,0
ACU.US,5,20251210,215500,37.26,37.26,37.26,37.26,100,0
ACU.US,5,20251211,174000,37.2824,37.2824,37.2824,37.2824,100,0
ACU.US,5,20251211,174500,37.3149,37.3149,37.3149,37.3149,300,0
ACU.US,5,20251211,180000,37.455,37.455,37.455,37.455,100,0
ACU.US,5,20251211,182000,37.71,37.71,37.71,37.71,100,0
ACU.US,5,20251211,183500,37.39,37.39,37.39,37.39,100,0
ACU.US,5,20251211,193000,37.8799,37.8799,37.8799,37.8799,250,0
ACU.US,5,20251211,195500,37.71,37.86,37.71,37.86,200,0
ACU.US,5,20251211,200000,37.88,37.88,37.87,37.87,200,0
ACU.US,5,20251211,200500,37.895697,37.895697,37.895697,37.895697,1050,0
ACU.US,5,20251211,201000,37.888092,37.888092,37.888092,37.888092,750,0
ACU.US,5,20251211,202000,37.87,37.87,37.87,37.87,100,0
ACU.US,5,20251211,203500,37.87,37.87,37.87,37.87,100,0
ACU.US,5,20251211,204500,37.835,37.835,37.835,37.835,100,0
ACU.US,5,20251211,210000,37.98,38.38,37.98,38.36,1261,0
ACU.US,5,20251211,214500,38.7,38.7,38.7,38.7,100,0
ACU.US,5,20251211,215500,38.81,38.87,38.81,38.87,1971,0
ACU.US,5,20251212,170000,38.99,38.99,38.99,38.99,100,0
ACU.US,5,20251212,175500,38.9999,38.9999,38.9999,38.9999,250,0
ACU.US,5,20251212,180500,38.9999,39,38.585,38.9999,945,0
ACU.US,5,20251212,181000,39,40.0999,38.99,39.545,2750,0
ACU.US,5,20251212,181500,39.585,39.585,39.585,39.585,118,0
ACU.US,5,20251212,191000,39.99,39.99,39.99,39.99,100,0
ACU.US,5,20251212,192500,40.2206,40.2206,40.2206,40.2206,188,0
ACU.US,5,20251212,194000,40.16,40.16,40.16,40.16,100,0
ACU.US,5,20251212,203000,40.34,40.34,40.34,40.34,100,0
ACU.US,5,20251212,212000,40.32,40.32,40.32,40.32,100,0
ACU.US,5,20251212,212500,40.13,40.33,40.13,40.33,700,0
ACU.US,5,20251212,213000,40.43,40.43,40.43,40.43,112,0
ACU.US,5,20251212,213500,40.39,40.45,40.39,40.45,200,0
ACU.US,5,20251212,215500,40.68,40.68,40.46,40.46,2258,0
ACU.US,5,20251215,171000,40.05,40.05,40.05,40.05,101,0
ACU.US,5,20251215,181500,40.295,40.295,40.295,40.295,140,0
ACU.US,5,20251215,182000,39.915,39.915,39.915,39.915,100,0
ACU.US,5,20251215,182500,40.3245,40.3245,40.3245,40.3245,230,0
ACU.US,5,20251215,183500,40.6,40.6,40.6,40.6,100,0
ACU.US,5,20251215,201500,40.9046,40.9046,40.9046,40.9046,153,0
ACU.US,5,20251215,202000,40.81,40.81,40.81,40.81,100,0
ACU.US,5,20251215,204500,40.56,40.56,40.56,40.56,100,0
ACU.US,5,20251215,211500,40.37,40.37,40.37,40.37,129,0
ACU.US,5,20251215,212500,40.85,40.85,40.85,40.85,100,0
ACU.US,5,20251215,215500,41.13,41.13,40.78,40.8,2284,0
ACU.US,5,20251216,163000,40.385,40.385,40.385,40.385,130,0
ACU.US,5,20251216,164000,40.38,40.38,40.38,40.38,500,0
ACU.US,5,20251216,170500,40.4658,40.627042,40.4658,40.627042,368,0
ACU.US,5,20251216,173000,40.8,40.8,40.8,40.8,200,0
ACU.US,5,20251216,201000,41.54,42.3267,41.54,42.3267,300,0
ACU.US,5,20251216,201500,41.75,41.8521,41.7,41.7,581,0
ACU.US,5,20251216,215000,41.69,41.85,41.69,41.85,437,0
ACU.US,5,20251216,215500,41.84,41.84,41.84,41.84,1134,0
ACU.US,5,20251217,154500,41.84,41.84,41.84,41.84,200,0
ACU.US,5,20251217,164500,41.42,41.42,41.27,41.27,300,0
ACU.US,5,20251217,172000,41.7705,41.7705,41.655,41.655,200,0
ACU.US,5,20251217,174000,42.0399,42.0399,41.655,41.655,237,0
ACU.US,5,20251217,180500,41.65,41.65,41.65,41.65,315,0
ACU.US,5,20251217,183500,41.65,41.65,41.65,41.65,371,0
ACU.US,5,20251217,202000,42.74,42.74,42.74,42.74,201,0
ACU.US,5,20251217,205500,41.925,41.925,41.925,41.925,100,0
ACU.US,5,20251217,215500,42.39,42.39,42.39,42.39,1106,0
ACU.US,5,20251218,163500,41.5601,41.5601,41.5601,41.5601,200,0
ACU.US,5,20251218,171000,42.64,42.64,42.64,42.64,100,0
ACU.US,5,20251218,171500,41.6599,41.6599,41.6599,41.6599,100,0
ACU.US,5,20251218,172500,41.76,41.76,41.76,41.76,100,0
ACU.US,5,20251218,180000,41.96,41.96,41.96,41.96,200,0
ACU.US,5,20251218,184000,42.25,42.25,42.25,42.25,100,0
ACU.US,5,20251218,192000,41.95,41.95,41.95,41.95,100,0
ACU.US,5,20251218,194000,42.64,42.65,42.64,42.65,200,0
ACU.US,5,20251218,204000,42.64,42.64,42.64,42.64,100,0
ACU.US,5,20251218,212500,42.65,42.65,42.63,42.65,300,0
ACU.US,5,20251218,215500,42.24,42.24,42.18,42.18,1415,0
ACU.US,5,20251219,155000,42.415,42.415,42.415,42.415,100,0
ACU.US,5,20251219,183500,42.18,42.18,41.665,41.665,1361,0
ACU.US,5,20251219,191500,41.69,41.69,41.69,41.69,215,0
ACU.US,5,20251219,194000,41.5,41.5,41.5,41.5,100,0
ACU.US,5,20251219,213500,41.28,41.49,41.28,41.49,800,0
ACU.US,5,20251219,215500,42.01,42.62,42.01,42.61,857,0
ACU.US,5,20251222,161500,41.606,41.606,41.606,41.606,100,0
ACU.US,5,20251222,163500,41.6,41.6,41.6,41.6,100,0
ACU.US,5,20251222,172500,41.8658,41.8658,41.8658,41.8658,125,0
ACU.US,5,20251222,180000,41.69,41.69,41.69,41.69,794,0
ACU.US,5,20251222,195500,41.145,41.145,41.145,41.145,109,0
ACU.US,5,20251222,202500,41.2,41.2,41.2,41.2,100,0
ACU.US,5,20251222,211500,41.39,41.48,41.37,41.38,1008,0
ACU.US,5,20251222,212000,41.7,41.95,41.7,41.95,1021,0
ACU.US,5,20251222,215500,42.06,42.06,41.56,41.56,836,0
