<TICKER>,<PER>,<DATE>,<TIME>,<OPEN>,<HIGH>,<LOW>,<CLOSE>,<VOL>,<OPENINT>
MGLD.US,5,20250728,155000,0.8462,0.849,0.8425,0.8425,487,0
MGLD.US,5,20250728,155500,0.8499,0.8499,0.8499,0.8499,200,0
MGLD.US,5,20250728,161500,0.8462,0.8462,0.8462,0.8462,945,0
MGLD.US,5,20250728,162000,0.8498,0.8499,0.8462,0.8462,3244,0
MGLD.US,5,20250728,170000,0.845,0.845,0.845,0.845,4400,0
MGLD.US,5,20250728,195000,0.8449,0.845,0.8387,0.8387,8651,0
MGLD.US,5,20250728,195500,0.8449,0.845,0.8449,0.845,1600,0
MGLD.US,5,20250728,200000,0.845,0.845,0.838701,0.845,1782,0
MGLD.US,5,20250728,201000,0.8449,0.8449,0.8449,0.8449,1000,0
MGLD.US,5,20250728,204500,0.8449,0.8449,0.8449,0.8449,500,0
MGLD.US,5,20250728,213500,0.8324,0.8324,0.8324,0.8324,500,0
MGLD.US,5,20250728,214000,0.8324,0.8324,0.8324,0.8324,500,0
MGLD.US,5,20250729,205500,0.857,0.857,0.857,0.857,100,0
MGLD.US,5,20250729,210500,0.8324,0.8577,0.8324,0.8577,5360,0
MGLD.US,5,20250729,211500,0.8577,0.8577,0.857,0.857,600,0
MGLD.US,5,20250729,213000,0.85735,0.8577,0.857,0.8577,342,0
MGLD.US,5,20250729,214000,0.8796,0.8796,0.8796,0.8796,400,0
MGLD.US,5,20250729,214500,0.8796,0.8796,0.8796,0.8796,360,0
MGLD.US,5,20250729,215500,0.8796,0.8796,0.879,0.879,874,0
MGLD.US,5,20250730,155000,0.8489,0.8489,0.8489,0.8489,114,0
MGLD.US,5,20250730,175000,0.8814,0.8814,0.8814,0.8814,986,0
MGLD.US,5,20250731,154000,0.8409,0.841,0.8408,0.8408,2319,0
MGLD.US,5,20250731,160000,0.821,0.8413,0.82,0.82,2581,0
MGLD.US,5,20250731,205000,0.875,0.875,0.831,0.84,1000,0
MGLD.US,5,20250731,211000,0.84,0.84,0.84,0.84,100,0
MGLD.US,5,20250801,153500,0.8287,0.8449,0.8287,0.8365,1471,0
MGLD.US,5,20250801,154000,0.832449,0.84,0.832449,0.84,1962,0
MGLD.US,5,20250801,155000,0.82,0.83245,0.82,0.83245,300,0
MGLD.US,5,20250801,155500,0.8275,0.8275,0.81,0.81,4000,0
MGLD.US,5,20250801,170500,0.828,0.828,0.828,0.828,100,0
MGLD.US,5,20250801,174500,0.8228,0.8449,0.8228,0.8228,319,0
MGLD.US,5,20250805,204000,0.82,0.82,0.82,0.82,500,0
MGLD.US,5,20250805,205000,0.82,0.82,0.82,0.82,200,0
MGLD.US,5,20250806,153000,0.8449,0.8449,0.827452,0.827452,600,0
MGLD.US,5,20250806,160000,0.8122,0.8449,0.8122,0.8449,1107,0
MGLD.US,5,20250806,174000,0.82,0.82,0.81,0.81,4700,0
MGLD.US,5,20250806,180500,0.8129,0.8129,0.8129,0.8129,400,0
MGLD.US,5,20250806,181000,0.8129,0.8129,0.8129,0.8129,459,0
MGLD.US,5,20250806,211000,0.82,0.82,0.82,0.82,204,0
MGLD.US,5,20250806,213000,0.8268,0.8268,0.8268,0.8268,1500,0
MGLD.US,5,20250806,215500,0.82,0.82,0.82,0.82,200,0
MGLD.US,5,20250807,183000,0.86345,0.86345,0.86345,0.86345,138,0
MGLD.US,5,20250807,193000,0.8199,0.8199,0.8199,0.8199,169,0
MGLD.US,5,20250808,155000,0.8292,0.8292,0.8292,0.8292,200,0
MGLD.US,5,20250811,155000,0.8203,0.8203,0.8203,0.8203,200,0
MGLD.US,5,20250811,182000,0.817,0.817,0.817,0.817,100,0
MGLD.US,5,20250811,184500,0.817,0.817,0.8,0.8,4700,0
MGLD.US,5,20250811,185500,0.8,0.8,0.8,0.8,3343,0
MGLD.US,5,20250811,195500,0.7791,0.7791,0.7791,0.7791,100,0
MGLD.US,5,20250811,214500,0.7805,0.7805,0.7805,0.7805,2102,0
MGLD.US,5,20250811,215000,0.75,0.75,0.75,0.75,5729,0
MGLD.US,5,20250811,215500,0.75,0.75,0.738,0.738,6222,0
MGLD.US,5,20250812,153000,0.76,0.76,0.76,0.76,600,0
MGLD.US,5,20250812,153500,0.76,0.76,0.76,0.76,200,0
MGLD.US,5,20250812,155500,0.7007,0.7102,0.7,0.7,808,0
MGLD.US,5,20250812,160000,0.7,0.7,0.7,0.7,986,0
MGLD.US,5,20250812,160500,0.71,0.71,0.71,0.71,800,0
MGLD.US,5,20250812,162000,0.71,0.7998,0.7,0.7994,3076,0
MGLD.US,5,20250812,190000,0.7994,0.7994,0.7994,0.7994,800,0
MGLD.US,5,20250812,212500,0.76,0.76,0.76,0.76,120,0
MGLD.US,5,20250812,215500,0.721,0.721,0.721,0.721,1000,0
MGLD.US,5,20250813,155000,0.721,0.721,0.721,0.721,800,0
MGLD.US,5,20250813,155500,0.721,0.721,0.721,0.721,1599,0
MGLD.US,5,20250813,160500,0.721,0.721,0.7,0.7,600,0
MGLD.US,5,20250813,161500,0.7,0.7,0.7,0.7,300,0
MGLD.US,5,20250813,162000,0.6417,0.7193,0.6417,0.6417,3808,0
MGLD.US,5,20250813,162500,0.67,0.67,0.66,0.66,3175,0
MGLD.US,5,20250813,165000,0.7249,0.7249,0.7249,0.7249,550,0
MGLD.US,5,20250813,165500,0.66,0.66,0.66,0.66,700,0
MGLD.US,5,20250813,171000,0.7898,0.7898,0.7898,0.7898,500,0
MGLD.US,5,20250813,171500,0.6601,0.67,0.65,0.65,4381,0
MGLD.US,5,20250813,172500,0.653,0.653,0.653,0.653,299,0
MGLD.US,5,20250813,174000,0.6617,0.6617,0.6617,0.6617,200,0
MGLD.US,5,20250813,181500,0.6724,0.6724,0.6724,0.6724,200,0
MGLD.US,5,20250813,182500,0.7842,0.7842,0.7,0.7,5700,0
MGLD.US,5,20250813,183000,0.701,0.701,0.701,0.701,200,0
MGLD.US,5,20250813,184000,0.71,0.71,0.71,0.71,200,0
MGLD.US,5,20250813,185500,0.71,0.71,0.71,0.71,200,0
MGLD.US,5,20250813,191000,0.715,0.715,0.715,0.715,100,0
MGLD.US,5,20250813,192500,0.7151,0.7151,0.7151,0.7151,300,0
MGLD.US,5,20250813,193000,0.7151,0.7151,0.7151,0.7151,100,0
MGLD.US,5,20250813,193500,0.7151,0.7151,0.7151,0.7151,106,0
MGLD.US,5,20250813,214500,0.715101,0.715101,0.7045,0.7115,7700,0
MGLD.US,5,20250813,215000,0.68,0.7151,0.68,0.697552,3224,0
MGLD.US,5,20250813,215500,0.701,0.7499,0.6801,0.7499,5148,0
MGLD.US,5,20250814,183000,0.749899,0.749899,0.749899,0.749899,1562,0
MGLD.US,5,20250814,201500,0.703801,0.703801,0.703801,0.703801,500,0
MGLD.US,5,20250814,211500,0.7492,0.7492,0.7492,0.7492,500,0
MGLD.US,5,20250814,215000,0.7388,0.7388,0.7388,0.7388,1000,0
MGLD.US,5,20250815,161500,0.75,0.75,0.75,0.75,116,0
MGLD.US,5,20250815,180500,0.7897,0.7897,0.7897,0.7897,140,0
MGLD.US,5,20250815,201500,0.7896,0.7896,0.7896,0.7896,1000,0
MGLD.US,5,20250815,203500,0.7895,0.7895,0.7895,0.7895,500,0
MGLD.US,5,20250815,213000,0.7429,0.7553,0.7429,0.7553,1400,0
MGLD.US,5,20250818,153500,0.7868,0.7868,0.7868,0.7868,150,0
MGLD.US,5,20250818,154500,0.7497,0.7497,0.7497,0.7497,100,0
MGLD.US,5,20250818,155000,0.74,0.74,0.74,0.74,100,0
MGLD.US,5,20250818,164000,0.74,0.74,0.74,0.74,891,0
MGLD.US,5,20250818,172000,0.704,0.704,0.704,0.704,100,0
MGLD.US,5,20250818,173000,0.695,0.695,0.6722,0.6737,1211,0
MGLD.US,5,20250818,174000,0.7071,0.7199,0.7071,0.7199,2000,0
MGLD.US,5,20250818,180500,0.72,0.72,0.72,0.72,1000,0
MGLD.US,5,20250818,191500,0.7199,0.7199,0.6722,0.6722,608,0
MGLD.US,5,20250818,195500,0.6747,0.6747,0.6747,0.6747,1229,0
MGLD.US,5,20250818,210500,0.6802,0.6802,0.68,0.68,1199,0
MGLD.US,5,20250818,214000,0.7,0.7,0.7,0.7,100,0
MGLD.US,5,20250818,214500,0.68,0.68,0.68,0.68,1075,0
MGLD.US,5,20250818,215500,0.68,0.6801,0.68,0.6801,1118,0
MGLD.US,5,20250819,153500,0.691,0.691,0.691,0.691,100,0
MGLD.US,5,20250819,160500,0.7718,0.7718,0.718,0.718,245,0
MGLD.US,5,20250819,161000,0.681701,0.681701,0.681701,0.681701,300,0
MGLD.US,5,20250819,161500,0.7696,0.7696,0.7696,0.7696,100,0
MGLD.US,5,20250819,162000,0.7796,0.7796,0.7796,0.7796,150,0
MGLD.US,5,20250819,162500,0.7348,0.7348,0.7348,0.7348,150,0
MGLD.US,5,20250819,163000,0.7796,0.7796,0.6827,0.6827,2650,0
MGLD.US,5,20250819,164500,0.7879,0.7879,0.7879,0.7879,2000,0
MGLD.US,5,20250819,171000,0.7781,0.7781,0.7452,0.7452,323,0
MGLD.US,5,20250819,175000,0.7318,0.7318,0.7318,0.7318,135,0
MGLD.US,5,20250819,192000,0.7027,0.7027,0.7027,0.7027,1000,0
MGLD.US,5,20250820,153000,0.7043,0.7044,0.7043,0.7044,2000,0
MGLD.US,5,20250820,153500,0.687,0.687,0.687,0.687,100,0
MGLD.US,5,20250820,154000,0.7044,0.7044,0.7044,0.7044,400,0
MGLD.US,5,20250820,154500,0.695499,0.695499,0.6866,0.6866,1114,0
MGLD.US,5,20250820,155000,0.684799,0.684799,0.684799,0.684799,900,0
MGLD.US,5,20250820,155500,0.704,0.7044,0.704,0.7044,1752,0
MGLD.US,5,20250820,163000,0.7248,0.7248,0.7248,0.7248,201,0
MGLD.US,5,20250820,172000,0.7635,0.7635,0.7635,0.7635,108,0
MGLD.US,5,20250820,172500,0.7248,0.7248,0.7248,0.7248,105,0
MGLD.US,5,20250820,173500,0.7635,0.7635,0.7314,0.7314,992,0
MGLD.US,5,20250820,174000,0.7522,0.7522,0.7522,0.7522,108,0
MGLD.US,5,20250820,180000,0.7522,0.7522,0.7522,0.7522,105,0
MGLD.US,5,20250820,180500,0.7522,0.7522,0.7522,0.7522,105,0
MGLD.US,5,20250820,182500,0.7522,0.7522,0.7522,0.7522,108,0
MGLD.US,5,20250820,183500,0.7662,0.7662,0.7662,0.7662,210,0
MGLD.US,5,20250820,185000,0.7662,0.7662,0.7662,0.7662,192,0
MGLD.US,5,20250820,190500,0.7662,0.7729,0.7662,0.7729,310,0
MGLD.US,5,20250820,191500,0.7662,0.7662,0.7662,0.7662,198,0
MGLD.US,5,20250820,192500,0.7789,0.7789,0.7789,0.7789,1250,0
MGLD.US,5,20250820,193000,0.7796,0.7796,0.7796,0.7796,192,0
MGLD.US,5,20250820,194000,0.7852,0.7852,0.7852,0.7852,200,0
MGLD.US,5,20250820,194500,0.7898,0.7898,0.7898,0.7898,192,0
MGLD.US,5,20250820,200000,0.7898,0.7898,0.78,0.78,501,0
MGLD.US,5,20250820,201500,0.7986,0.7986,0.7986,0.7986,210,0
MGLD.US,5,20250820,203000,0.82,0.82,0.82,0.82,192,0
MGLD.US,5,20250820,203500,0.819,0.82,0.819,0.8195,481,0
MGLD.US,5,20250820,204000,0.82,0.82,0.82,0.82,200,0
MGLD.US,5,20250820,205000,0.82,0.82,0.8191,0.8191,3240,0
MGLD.US,5,20250820,210500,0.8108,0.8108,0.8108,0.8108,210,0
MGLD.US,5,20250820,212500,0.7753,0.7753,0.7753,0.7753,216,0
MGLD.US,5,20250820,215000,0.8006,0.8038,0.8006,0.8038,200,0
MGLD.US,5,20250820,215500,0.785,0.8108,0.785,0.8108,988,0
MGLD.US,5,20250821,154000,0.8108,0.8108,0.8108,0.8108,100,0
MGLD.US,5,20250821,174000,0.8108,0.8108,0.8108,0.8108,192,0
MGLD.US,5,20250821,175000,0.8108,0.8108,0.8108,0.8108,210,0
MGLD.US,5,20250821,180000,0.8108,0.8108,0.8108,0.8108,216,0
MGLD.US,5,20250821,181000,0.8107,0.8107,0.8107,0.8107,192,0
MGLD.US,5,20250821,182000,0.8108,0.8108,0.8108,0.8108,198,0
MGLD.US,5,20250821,183000,0.8103,0.8103,0.8103,0.8103,192,0
MGLD.US,5,20250821,184000,0.8103,0.8103,0.8103,0.8103,198,0
MGLD.US,5,20250821,185000,0.7217,0.8008,0.7217,0.8008,1608,0
MGLD.US,5,20250821,185500,0.74,0.74,0.74,0.74,100,0
MGLD.US,5,20250821,190000,0.8108,0.8108,0.8108,0.8108,216,0
MGLD.US,5,20250821,191000,0.8108,0.8108,0.8108,0.8108,192,0
MGLD.US,5,20250821,192500,0.8008,0.8008,0.8008,0.8008,138,0
MGLD.US,5,20250821,193500,0.8108,0.8108,0.8108,0.8108,198,0
MGLD.US,5,20250821,194500,0.8108,0.8108,0.8108,0.8108,192,0
MGLD.US,5,20250821,195000,0.7409,0.7409,0.7409,0.7409,800,0
MGLD.US,5,20250821,195500,0.8108,0.8108,0.8108,0.8108,198,0
MGLD.US,5,20250821,200500,0.8108,0.8108,0.8108,0.8108,1050,0
MGLD.US,5,20250821,201500,0.82,0.82,0.82,0.82,210,0
MGLD.US,5,20250821,203000,0.833,0.833,0.833,0.833,100,0
MGLD.US,5,20250821,204500,0.8504,0.8504,0.8504,0.8504,100,0
MGLD.US,5,20250821,205500,0.8504,0.8504,0.8504,0.8504,198,0
MGLD.US,5,20250821,211000,0.8373,0.8373,0.8373,0.8373,192,0
MGLD.US,5,20250821,212500,0.8373,0.8373,0.8373,0.8373,198,0
MGLD.US,5,20250821,213500,0.8373,0.8373,0.8373,0.8373,192,0
MGLD.US,5,20250821,215500,0.8497,0.8497,0.8497,0.8497,198,0
MGLD.US,5,20250822,172500,0.879,0.879,0.879,0.879,108,0
MGLD.US,5,20250822,174000,0.88,0.88,0.88,0.88,108,0
MGLD.US,5,20250822,175000,0.89,0.89,0.89,0.89,192,0
MGLD.US,5,20250822,180000,0.89,0.89,0.89,0.89,320,0
MGLD.US,5,20250822,181000,0.89,0.89,0.89,0.89,192,0
MGLD.US,5,20250822,182500,0.89,0.89,0.89,0.89,198,0
MGLD.US,5,20250822,183500,0.88,0.88,0.88,0.88,192,0
MGLD.US,5,20250822,184500,0.89,0.89,0.7963,0.7963,992,0
MGLD.US,5,20250822,185500,0.89,0.89,0.89,0.89,192,0
MGLD.US,5,20250822,190000,0.89,0.89,0.89,0.89,1000,0
MGLD.US,5,20250822,191000,0.89,0.89,0.89,0.89,216,0
MGLD.US,5,20250822,192500,0.89,0.89,0.89,0.89,198,0
MGLD.US,5,20250822,194000,0.8806,0.8806,0.8806,0.8806,198,0
MGLD.US,5,20250822,195500,0.89,0.89,0.89,0.89,216,0
MGLD.US,5,20250822,201000,0.89,0.89,0.8899,0.8899,1610,0
MGLD.US,5,20250822,202000,0.8696,0.8696,0.8696,0.8696,130,0
MGLD.US,5,20250822,202500,0.89,0.89,0.89,0.89,192,0
MGLD.US,5,20250822,203500,0.89,0.89,0.89,0.89,216,0
MGLD.US,5,20250822,205000,0.89,0.89,0.89,0.89,192,0
MGLD.US,5,20250822,210500,0.89,0.89,0.89,0.89,198,0
MGLD.US,5,20250822,212000,0.89,0.89,0.89,0.89,210,0
MGLD.US,5,20250822,213500,0.89,0.89,0.89,0.89,210,0
MGLD.US,5,20250822,214500,0.89,0.89,0.89,0.89,198,0
MGLD.US,5,20250822,215500,0.89,0.91,0.89,0.91,409,0
MGLD.US,5,20250825,173000,0.91,0.91,0.91,0.91,105,0
MGLD.US,5,20250825,173500,0.91,0.91,0.91,0.91,243,0
MGLD.US,5,20250825,174500,0.9,0.91,0.9,0.91,1042,0
MGLD.US,5,20250825,175000,0.91,0.91,0.91,0.91,216,0
MGLD.US,5,20250825,180500,0.91,0.91,0.91,0.91,216,0
MGLD.US,5,20250825,181500,0.91,0.91,0.91,0.91,216,0
MGLD.US,5,20250825,183000,0.91,0.91,0.91,0.91,216,0
MGLD.US,5,20250825,183500,0.8713,0.8713,0.8713,0.8713,400,0
MGLD.US,5,20250825,184000,0.91,0.91,0.91,0.91,192,0
MGLD.US,5,20250825,185000,0.91,0.91,0.91,0.91,906,0
MGLD.US,5,20250825,185500,0.95,0.95,0.95,0.95,210,0
MGLD.US,5,20250825,190500,0.9026,0.9026,0.9026,0.9026,1000,0
MGLD.US,5,20250825,191000,0.95,0.95,0.95,0.95,210,0
MGLD.US,5,20250825,192500,0.95,0.95,0.95,0.95,210,0
MGLD.US,5,20250825,193500,0.95,0.95,0.95,0.95,198,0
MGLD.US,5,20250825,195000,0.95,0.95,0.95,0.95,404,0
MGLD.US,5,20250825,200000,0.95,0.95,0.95,0.95,192,0
MGLD.US,5,20250825,201500,0.95,0.95,0.95,0.95,198,0
MGLD.US,5,20250825,202500,0.95,0.95,0.95,0.95,210,0
MGLD.US,5,20250825,204000,0.95,0.95,0.95,0.95,210,0
MGLD.US,5,20250825,205500,0.95,0.95,0.95,0.95,216,0
MGLD.US,5,20250825,211000,0.95,0.95,0.95,0.95,192,0
MGLD.US,5,20250825,212500,0.95,0.95,0.95,0.95,210,0
MGLD.US,5,20250825,214000,0.95,0.95,0.95,0.95,198,0
MGLD.US,5,20250825,215000,0.95,0.95,0.95,0.95,210,0
MGLD.US,5,20250825,215500,0.95,0.95,0.95,0.95,144,0
MGLD.US,5,20250826,153000,0.910651,0.910651,0.910651,0.910651,167,0
MGLD.US,5,20250826,155500,0.95,0.95,0.95,0.95,105,0
MGLD.US,5,20250826,161000,0.9107,0.9107,0.9107,0.9107,4480,0
MGLD.US,5,20250826,162000,0.95,0.95,0.95,0.95,105,0
MGLD.US,5,20250826,162500,0.95,0.95,0.95,0.95,100,0
MGLD.US,5,20250826,163500,0.95,0.95,0.95,0.95,108,0
MGLD.US,5,20250826,165000,0.935,0.935,0.935,0.935,200,0
MGLD.US,5,20250826,170000,0.95,0.95,0.95,0.95,105,0
MGLD.US,5,20250826,170500,0.92,0.92,0.92,0.92,9200,0
MGLD.US,5,20250826,173500,0.9107,0.9107,0.9107,0.9107,1400,0
MGLD.US,5,20250826,175000,0.91065,0.91065,0.91065,0.91065,104,0
MGLD.US,5,20250826,180000,0.91065,0.91065,0.91065,0.91065,100,0
MGLD.US,5,20250826,180500,0.9107,0.9107,0.9107,0.9107,600,0
MGLD.US,5,20250826,183000,0.9086,0.9086,0.9086,0.9086,100,0
MGLD.US,5,20250826,183500,0.9086,0.9086,0.9086,0.9086,100,0
MGLD.US,5,20250826,184000,0.9086,0.9086,0.9086,0.9086,100,0
MGLD.US,5,20250826,190500,0.90565,0.90565,0.90565,0.90565,108,0
MGLD.US,5,20250826,193500,0.90565,0.90565,0.90565,0.90565,108,0
MGLD.US,5,20250826,194500,0.9056,0.9056,0.9056,0.9056,105,0
MGLD.US,5,20250826,200000,0.9056,0.9056,0.9056,0.9056,108,0
MGLD.US,5,20250826,201500,0.872,0.872,0.872,0.872,112,0
MGLD.US,5,20250826,203500,0.89,0.89,0.8714,0.8714,1483,0
MGLD.US,5,20250826,204500,0.88065,0.88065,0.88065,0.88065,101,0
MGLD.US,5,20250826,205000,0.89,0.89,0.89,0.89,107,0
MGLD.US,5,20250826,210000,0.8713,0.8713,0.8713,0.8713,113,0
MGLD.US,5,20250826,210500,0.88065,0.88065,0.88065,0.88065,100,0
MGLD.US,5,20250826,211500,0.8713,0.8713,0.8713,0.8713,900,0
MGLD.US,5,20250826,212000,0.8713,0.8713,0.8713,0.8713,1000,0
MGLD.US,5,20250826,212500,0.8713,0.8713,0.8713,0.8713,200,0
MGLD.US,5,20250826,213000,0.8621,0.8621,0.8455,0.8455,4043,0
MGLD.US,5,20250826,214500,0.8677,0.8677,0.867,0.867,1467,0
MGLD.US,5,20250826,215000,0.9,0.9,0.9,0.9,105,0
MGLD.US,5,20250826,215500,0.86,0.86,0.85,0.8501,2796,0
MGLD.US,5,20250827,153500,0.8384,0.8384,0.8384,0.8384,100,0
MGLD.US,5,20250827,173500,0.8501,0.8501,0.8501,0.8501,108,0
MGLD.US,5,20250827,174500,0.8501,0.8501,0.8501,0.8501,105,0
MGLD.US,5,20250827,175000,0.8501,0.8501,0.8501,0.8501,192,0
MGLD.US,5,20250827,180000,0.8725,0.8725,0.8725,0.8725,192,0
MGLD.US,5,20250827,181000,0.872,0.8725,0.872,0.8725,205,0
MGLD.US,5,20250827,182500,0.872,0.872,0.872,0.872,100,0
MGLD.US,5,20250827,183500,0.872,0.872,0.872,0.872,100,0
MGLD.US,5,20250827,185000,0.8725,0.8725,0.8725,0.8725,210,0
MGLD.US,5,20250827,190000,0.8725,0.8725,0.8725,0.8725,100,0
MGLD.US,5,20250827,191000,0.8725,0.8725,0.8725,0.8725,192,0
MGLD.US,5,20250827,192000,0.8725,0.9099,0.8725,0.9099,298,0
MGLD.US,5,20250827,193500,0.9035,0.9035,0.9035,0.9035,192,0
MGLD.US,5,20250827,194500,0.9035,0.9035,0.9035,0.9035,210,0
MGLD.US,5,20250827,200000,0.9099,0.9099,0.9099,0.9099,192,0
MGLD.US,5,20250827,201000,0.9099,0.9099,0.9099,0.9099,192,0
MGLD.US,5,20250827,202000,0.9035,0.9099,0.9035,0.9099,492,0
MGLD.US,5,20250827,203500,0.9099,0.9099,0.9099,0.9099,198,0
MGLD.US,5,20250827,204500,0.9138,0.9138,0.9138,0.9138,210,0
MGLD.US,5,20250827,210000,0.9138,0.9138,0.9138,0.9138,192,0
MGLD.US,5,20250827,211500,0.92,0.92,0.92,0.92,216,0
MGLD.US,5,20250827,213500,0.919,0.919,0.919,0.919,100,0
MGLD.US,5,20250827,214000,0.92,0.92,0.92,0.92,170,0
MGLD.US,5,20250827,214500,0.92,0.92,0.92,0.92,100,0
MGLD.US,5,20250828,153000,0.8476,0.8476,0.8476,0.8476,150,0
MGLD.US,5,20250828,153500,0.8776,0.8776,0.8776,0.8776,100,0
MGLD.US,5,20250828,161000,0.92,0.92,0.92,0.92,105,0
MGLD.US,5,20250828,172500,0.875,0.92,0.875,0.92,465,0
MGLD.US,5,20250828,174000,0.92,0.92,0.92,0.92,108,0
MGLD.US,5,20250828,181500,0.92,0.92,0.92,0.92,108,0
MGLD.US,5,20250828,182000,0.92,0.92,0.92,0.92,105,0
MGLD.US,5,20250828,183500,0.92,0.92,0.92,0.92,108,0
MGLD.US,5,20250828,193500,0.92,0.92,0.92,0.92,108,0
MGLD.US,5,20250828,194500,0.92,0.92,0.92,0.92,108,0
MGLD.US,5,20250828,195000,0.92,0.92,0.92,0.92,105,0
MGLD.US,5,20250828,195500,0.92,0.92,0.92,0.92,105,0
MGLD.US,5,20250828,200500,0.92,0.92,0.92,0.92,192,0
MGLD.US,5,20250828,201000,0.87,0.87,0.87,0.87,300,0
MGLD.US,5,20250828,202000,0.85,0.85,0.85,0.85,209,0
MGLD.US,5,20250828,203000,0.8499,0.8499,0.8499,0.8499,131,0
MGLD.US,5,20250828,203500,0.85,0.85,0.85,0.85,210,0
MGLD.US,5,20250828,205000,0.85,0.85,0.85,0.85,105,0
MGLD.US,5,20250828,205500,0.85,0.85,0.85,0.85,105,0
MGLD.US,5,20250828,210500,0.85,0.85,0.85,0.85,105,0
MGLD.US,5,20250828,211500,0.85,0.85,0.85,0.85,105,0
MGLD.US,5,20250828,215000,0.85,0.85,0.85,0.85,108,0
MGLD.US,5,20250828,215500,0.85,0.85,0.8301,0.8301,468,0
MGLD.US,5,20250829,160500,0.8308,0.8308,0.8301,0.8301,7412,0
MGLD.US,5,20250829,175500,0.858,0.858,0.858,0.858,100,0
MGLD.US,5,20250829,181000,0.9,0.9,0.9,0.9,108,0
MGLD.US,5,20250829,181500,0.899,0.899,0.899,0.899,100,0
MGLD.US,5,20250829,182000,0.8721,0.8721,0.8721,0.8721,180,0
MGLD.US,5,20250829,183000,0.8856,0.8856,0.8856,0.8856,192,0
MGLD.US,5,20250829,184000,0.8856,0.8856,0.8856,0.8856,192,0
MGLD.US,5,20250829,185000,0.8856,0.8856,0.8856,0.8856,192,0
MGLD.US,5,20250829,190000,0.8856,0.8856,0.8856,0.8856,192,0
MGLD.US,5,20250829,191500,0.8848,0.8848,0.8848,0.8848,210,0
MGLD.US,5,20250829,192500,0.8848,0.8848,0.8848,0.8848,192,0
MGLD.US,5,20250829,193500,0.8848,0.8848,0.8848,0.8848,216,0
MGLD.US,5,20250829,194500,0.8848,0.8848,0.8848,0.8848,192,0
MGLD.US,5,20250829,201000,0.9,0.9,0.9,0.9,198,0
MGLD.US,5,20250829,202000,0.92,0.92,0.92,0.92,100,0
MGLD.US,5,20250829,203000,0.92,0.92,0.92,0.92,198,0
MGLD.US,5,20250829,204000,0.92,0.92,0.92,0.92,192,0
MGLD.US,5,20250829,210000,0.892,0.8924,0.892,0.8924,205,0
MGLD.US,5,20250829,211500,0.892,0.8924,0.892,0.8924,205,0
MGLD.US,5,20250829,212500,0.8924,0.8924,0.8924,0.8924,192,0
MGLD.US,5,20250829,214000,0.92,0.92,0.92,0.92,216,0
MGLD.US,5,20250829,215000,0.919,0.919,0.919,0.919,100,0
MGLD.US,5,20250829,215500,0.919,0.919,0.919,0.919,100,0
MGLD.US,5,20250903,154000,0.881,0.881,0.881,0.881,100,0
MGLD.US,5,20250903,155500,0.8414,0.8414,0.8414,0.8414,100,0
MGLD.US,5,20250903,185000,0.8997,0.8997,0.8997,0.8997,100,0
MGLD.US,5,20250903,192000,0.8415,0.8415,0.8414,0.8414,300,0
MGLD.US,5,20250903,202000,0.8995,0.8995,0.8995,0.8995,120,0
MGLD.US,5,20250903,203500,0.899,0.89925,0.899,0.899,300,0
MGLD.US,5,20250903,204500,0.9189,0.9189,0.8414,0.8414,749,0
MGLD.US,5,20250903,210000,0.9189,0.9189,0.9189,0.9189,600,0
MGLD.US,5,20250903,211000,0.9189,0.9189,0.9189,0.9189,600,0
MGLD.US,5,20250903,212000,0.9189,0.92,0.918,0.92,1821,0
MGLD.US,5,20250903,212500,0.92,0.92,0.86,0.92,1200,0
MGLD.US,5,20250903,213000,0.92,0.92,0.92,0.92,400,0
MGLD.US,5,20250903,213500,0.92,0.92,0.92,0.92,600,0
MGLD.US,5,20250903,214000,0.8414,0.8414,0.8414,0.8414,100,0
MGLD.US,5,20250903,214500,0.92,0.92,0.8957,0.8957,1144,0
MGLD.US,5,20250903,215000,0.92,0.92,0.92,0.92,1033,0
MGLD.US,5,20250903,215500,0.86,1.15,0.86,1.15,62591,0
MGLD.US,5,20250904,153000,1.071,1.071,1.071,1.071,7000,0
MGLD.US,5,20250904,155000,1.08,1.08,1.08,1.08,100,0
MGLD.US,5,20250904,162000,1.03,1.03,1.03,1.03,5000,0
MGLD.US,5,20250904,163500,1.07,1.07,1.07,1.07,202,0
MGLD.US,5,20250904,171000,1.07,1.07,1.07,1.07,288,0
MGLD.US,5,20250904,171500,1.045,1.045,1.045,1.045,100,0
MGLD.US,5,20250904,172500,1.07,1.07,1.07,1.07,105,0
MGLD.US,5,20250904,173000,1.07,1.07,1.07,1.07,108,0
MGLD.US,5,20250904,174500,1.07,1.07,1.07,1.07,108,0
MGLD.US,5,20250904,175000,1.0403,1.0403,1.0403,1.0403,490,0
MGLD.US,5,20250904,175500,1.07,1.07,1.07,1.07,192,0
MGLD.US,5,20250904,180500,1.07,1.07,1.07,1.07,6552,0
MGLD.US,5,20250904,181000,1.08,1.08,1.08,1.08,5200,0
MGLD.US,5,20250904,181500,1.09,1.09,1.09,1.09,216,0
MGLD.US,5,20250904,182000,1.09,1.09,1.09,1.09,500,0
MGLD.US,5,20250904,183000,1.09,1.09,1.07,1.07,408,0
MGLD.US,5,20250904,184000,1.07,1.07,1.07,1.07,192,0
MGLD.US,5,20250904,185000,1.07,1.07,1.06,1.06,200,0
MGLD.US,5,20250904,185500,1.06,1.06,1.06,1.06,108,0
MGLD.US,5,20250904,190000,1.06,1.06,1.06,1.06,500,0
MGLD.US,5,20250904,190500,1.06,1.06,1.06,1.06,105,0
MGLD.US,5,20250904,192000,1.07,1.07,1.07,1.07,100,0
MGLD.US,5,20250904,192500,1.08,1.08,1.08,1.08,100,0
MGLD.US,5,20250904,194000,1.075,1.075,1.075,1.075,100,0
MGLD.US,5,20250904,200000,1.065,1.065,1.065,1.065,105,0
MGLD.US,5,20250904,200500,1.06,1.06,1.06,1.06,190,0
MGLD.US,5,20250904,202000,1.05,1.065,1.05,1.055,1305,0
MGLD.US,5,20250904,203000,1.055,1.055,1.055,1.055,100,0
MGLD.US,5,20250904,203500,1.055,1.055,1.055,1.055,100,0
MGLD.US,5,20250904,204000,1.055,1.055,1.055,1.055,100,0
MGLD.US,5,20250904,204500,1.055,1.055,1.055,1.055,400,0
MGLD.US,5,20250904,210000,1.04,1.04,1.04,1.04,100,0
MGLD.US,5,20250904,211500,1.04,1.04,1.04,1.04,210,0
MGLD.US,5,20250904,213000,1.04,1.04,1.04,1.04,192,0
MGLD.US,5,20250904,214500,1.04,1.04,1.04,1.04,100,0
MGLD.US,5,20250904,215500,1.05,1.05,1.0001,1.02,2544,0
MGLD.US,5,20250905,153000,1.04,1.04,1.04,1.04,110,0
MGLD.US,5,20250905,155500,1.05,1.05,1.05,1.05,105,0
MGLD.US,5,20250905,161500,1.05,1.05,1.05,1.05,108,0
MGLD.US,5,20250905,163000,1.05,1.05,1.05,1.05,108,0
MGLD.US,5,20250905,164500,1.04,1.04,1.04,1.04,119,0
MGLD.US,5,20250905,165500,1.05,1.05,1.05,1.05,608,0
MGLD.US,5,20250905,171000,1.05,1.05,1.05,1.05,108,0
MGLD.US,5,20250905,171500,1.04,1.04,1.04,1.04,100,0
MGLD.US,5,20250905,174000,1.03,1.03,1.03,1.03,108,0
MGLD.US,5,20250905,175000,1.03,1.03,1.03,1.03,105,0
MGLD.US,5,20250905,175500,1.03,1.03,1.03,1.03,105,0
MGLD.US,5,20250905,182500,1.01,1.01,1.01,1.01,108,0
MGLD.US,5,20250905,184000,1.05,1.05,1.05,1.05,105,0
MGLD.US,5,20250905,184500,1.05,1.05,1.05,1.05,105,0
MGLD.US,5,20250905,193500,1.03,1.03,1.03,1.03,105,0
MGLD.US,5,20250905,194000,1.03,1.03,1.03,1.03,105,0
MGLD.US,5,20250905,203500,1.05,1.05,1.05,1.05,105,0
MGLD.US,5,20250905,204000,1.04,1.04,1.04,1.04,105,0
MGLD.US,5,20250905,205000,1.04,1.04,1.04,1.04,108,0
MGLD.US,5,20250905,212000,1.04,1.04,1.04,1.04,105,0
MGLD.US,5,20250905,213000,1.04,1.0499,1.04,1.0499,605,0
MGLD.US,5,20250905,215000,1.05,1.05,1.05,1.05,100,0
MGLD.US,5,20250905,215500,1.04,1.04,1.04,1.04,1357,0
MGLD.US,5,20250908,155000,1.04,1.04,1.04,1.04,200,0
MGLD.US,5,20250908,161500,1.03,1.05,1.03,1.05,5045,0
MGLD.US,5,20250908,162000,0.98,0.98,0.98,0.98,100,0
MGLD.US,5,20250908,162500,1.0101,1.0101,1.0101,1.0101,150,0
MGLD.US,5,20250908,163500,1.04,1.04,1.04,1.04,100,0
MGLD.US,5,20250908,170000,1.04,1.04,1.04,1.04,100,0
MGLD.US,5,20250908,180500,1.05,1.05,1.05,1.05,100,0
MGLD.US,5,20250908,181000,1.05,1.05,1.05,1.05,100,0
MGLD.US,5,20250908,183000,1.04,1.04,1.04,1.04,100,0
MGLD.US,5,20250908,192500,1.05,1.05,1.05,1.05,100,0
MGLD.US,5,20250908,195000,1.05,1.05,1.05,1.05,100,0
MGLD.US,5,20250908,203000,1.05,1.05,1.05,1.05,100,0
MGLD.US,5,20250908,205000,1.05,1.05,1.05,1.05,100,0
MGLD.US,5,20250908,211000,1.05,1.05,1.05,1.05,100,0
MGLD.US,5,20250908,212000,1.0485,1.0485,1.0485,1.0485,399,0
MGLD.US,5,20250908,212500,1.05,1.05,1.05,1.05,702,0
MGLD.US,5,20250908,213000,1.05,1.05,1.05,1.05,100,0
MGLD.US,5,20250908,213500,1.03,1.03,1.03,1.03,100,0
MGLD.US,5,20250908,214000,1.05,1.05,1.05,1.05,100,0
MGLD.US,5,20250908,215000,1.05,1.05,1.03,1.03,403,0
MGLD.US,5,20250908,215500,1.05,1.05,1.05,1.05,608,0
MGLD.US,5,20250909,153000,1.05,1.05,1.04,1.04,200,0
MGLD.US,5,20250909,155000,1.05,1.05,1.05,1.05,200,0
MGLD.US,5,20250909,161000,1.02,1.02,1.02,1.02,400,0
MGLD.US,5,20250909,165000,1.05,1.05,1.05,1.05,200,0
MGLD.US,5,20250909,170000,1.05,1.05,1.05,1.05,116,0
MGLD.US,5,20250909,174000,1.05,1.05,1.05,1.05,100,0
MGLD.US,5,20250909,175000,1.05,1.05,1.05,1.05,200,0
MGLD.US,5,20250909,180000,1.05,1.05,1.05,1.05,100,0
MGLD.US,5,20250909,182000,1.05,1.05,1.05,1.05,100,0
MGLD.US,5,20250909,183500,1.0337,1.0337,1.0337,1.0337,123,0
MGLD.US,5,20250909,185000,1.05,1.05,1.05,1.05,200,0
MGLD.US,5,20250909,191000,1.05,1.05,1.05,1.05,100,0
MGLD.US,5,20250909,194500,1.05,1.05,1.05,1.05,100,0
MGLD.US,5,20250909,195000,1.05,1.05,1.05,1.05,185,0
MGLD.US,5,20250909,200000,1.05,1.05,1.05,1.05,100,0
MGLD.US,5,20250909,202000,1.05,1.05,1.05,1.05,100,0
MGLD.US,5,20250909,202500,1.0232,1.0232,1.0232,1.0232,165,0
MGLD.US,5,20250909,203500,1.035,1.035,1.035,1.035,111,0
MGLD.US,5,20250909,204500,1.05,1.05,1.05,1.05,100,0
MGLD.US,5,20250909,210500,1.05,1.05,1.05,1.05,100,0
MGLD.US,5,20250909,212000,1.05,1.05,1.05,1.05,100,0
MGLD.US,5,20250909,213500,1.05,1.05,1.05,1.05,218,0
MGLD.US,5,20250909,214500,1.05,1.05,1.05,1.05,117,0
MGLD.US,5,20250909,215000,1.05,1.05,1.05,1.05,105,0
MGLD.US,5,20250909,215500,1.05,1.05,1.05,1.05,333,0
MGLD.US,5,20250910,153000,1.06,1.0796,1.06,1.0796,4045,0
MGLD.US,5,20250910,153500,1.05,1.05,1.05,1.05,500,0
MGLD.US,5,20250910,174000,1.0647,1.0647,1.0647,1.0647,186,0
MGLD.US,5,20250910,175500,1.07,1.07,1.07,1.07,100,0
MGLD.US,5,20250910,182500,1.07,1.07,1.07,1.07,100,0
MGLD.US,5,20250910,185000,1.07,1.07,1.07,1.07,100,0
MGLD.US,5,20250910,191500,1.07,1.07,1.07,1.07,100,0
MGLD.US,5,20250910,201000,1.08,1.08,1.08,1.08,100,0
MGLD.US,5,20250910,203500,1.08,1.08,1.08,1.08,100,0
MGLD.US,5,20250910,210000,1.08,1.08,1.08,1.08,100,0
MGLD.US,5,20250910,212500,1.05,1.05,1.02,1.02,2123,0
MGLD.US,5,20250910,213000,1.0072,1.06,1.0072,1.06,2034,0
MGLD.US,5,20250910,214000,1.07,1.07,1.07,1.07,100,0
MGLD.US,5,20250910,215500,1.08,1.09,1.08,1.09,204,0
MGLD.US,5,20250911,165500,1.0452,1.05,1.0452,1.05,600,0
MGLD.US,5,20250911,172000,1.08,1.08,1.08,1.08,100,0
MGLD.US,5,20250911,174000,1.09,1.09,1.09,1.09,100,0
MGLD.US,5,20250911,180000,1.09,1.09,1.09,1.09,100,0
MGLD.US,5,20250911,182000,1.0401,1.0401,1.0401,1.0401,100,0
MGLD.US,5,20250911,182500,1.09,1.09,1.09,1.09,100,0
MGLD.US,5,20250911,185500,1.09,1.09,1.09,1.09,100,0
MGLD.US,5,20250911,192500,1.09,1.09,1.09,1.09,100,0
MGLD.US,5,20250911,195000,1.09,1.09,1.09,1.09,100,0
MGLD.US,5,20250911,202000,1.09,1.09,1.09,1.09,100,0
MGLD.US,5,20250911,210500,1.09,1.09,1.09,1.09,100,0
MGLD.US,5,20250911,212500,1.09,1.09,1.09,1.09,100,0
MGLD.US,5,20250911,214000,1.09,1.09,1.09,1.09,100,0
MGLD.US,5,20250911,215000,1.07,1.07,1.07,1.07,422,0
MGLD.US,5,20250911,215500,1.09,1.09,1.06,1.06,702,0
MGLD.US,5,20250912,161000,1.04,1.04,1.04,1.04,266,0
MGLD.US,5,20250912,163500,1.06,1.06,1.06,1.06,100,0
MGLD.US,5,20250912,173000,1.04,1.04,1.04,1.04,100,0
MGLD.US,5,20250912,191500,1.01,1.01,1.01,1.01,120,0
MGLD.US,5,20250912,213500,1.04,1.04,1.04,1.04,100,0
MGLD.US,5,20250915,190000,1.08,1.08,1.08,1.08,120,0
MGLD.US,5,20250915,203000,1.07,1.07,1.07,1.07,120,0
MGLD.US,5,20250915,205500,1.07,1.07,1.07,1.07,120,0
MGLD.US,5,20250915,211000,1.06,1.06,1.06,1.06,100,0
MGLD.US,5,20250915,212000,1.07,1.07,1.07,1.07,102,0
MGLD.US,5,20250915,213000,1.04,1.04,1.04,1.04,100,0
MGLD.US,5,20250915,213500,1.04,1.07,1.04,1.07,220,0
MGLD.US,5,20250915,215000,1.07,1.07,1.07,1.07,124,0
MGLD.US,5,20250915,215500,1.07,1.07,1.07,1.07,1013,0
MGLD.US,5,20250916,153500,1.03,1.03,1.03,1.03,175,0
MGLD.US,5,20250916,163000,1.02,1.02,1.02,1.02,100,0
MGLD.US,5,20250917,153500,1.03,1.03,1,1,7339,0
MGLD.US,5,20250917,161000,1.0313,1.0313,1.0313,1.0313,100,0
MGLD.US,5,20250917,164000,1.0313,1.0313,1.0313,1.0313,100,0
MGLD.US,5,20250917,170500,1.0213,1.0213,1.0213,1.0213,100,0
MGLD.US,5,20250917,171000,1.05,1.05,1.05,1.05,100,0
MGLD.US,5,20250917,171500,1.0482,1.0482,1.0482,1.0482,900,0
MGLD.US,5,20250917,175000,1.035,1.05,1.035,1.05,534,0
MGLD.US,5,20250917,181500,1.045,1.045,1.045,1.045,100,0
MGLD.US,5,20250917,184500,1.045,1.045,1.045,1.045,100,0
MGLD.US,5,20250917,185000,1.05,1.05,1.0491,1.05,400,0
MGLD.US,5,20250917,195000,1.0324,1.0324,1.0324,1.0324,200,0
MGLD.US,5,20250917,210000,1.07,1.07,1.07,1.07,120,0
MGLD.US,5,20250917,211500,1.07,1.07,1.07,1.07,121,0
MGLD.US,5,20250917,213000,1.07,1.07,1.07,1.07,122,0
MGLD.US,5,20250917,214000,1.07,1.07,1.07,1.07,220,0
MGLD.US,5,20250917,214500,1.05,1.05,1.03,1.03,10107,0
MGLD.US,5,20250917,215000,1.03,1.03,1.0105,1.03,3547,0
MGLD.US,5,20250917,215500,1.03,1.03,1.02,1.02,4182,0
MGLD.US,5,20250918,170000,1.06,1.06,1.06,1.06,100,0
MGLD.US,5,20250918,171500,1.07,1.07,1.07,1.07,120,0
MGLD.US,5,20250918,183500,1.02,1.02,1.02,1.02,200,0
MGLD.US,5,20250919,170000,1.07,1.07,1.07,1.07,233,0
MGLD.US,5,20250919,171000,1.02,1.02,1.02,1.02,100,0
MGLD.US,5,20250919,172000,1.07,1.07,1.07,1.07,253,0
MGLD.US,5,20250919,173000,1.07,1.07,1.07,1.07,235,0
MGLD.US,5,20250919,174500,1.07,1.07,1.07,1.07,233,0
MGLD.US,5,20250919,180000,1.06,1.07,1.06,1.07,200,0
MGLD.US,5,20250919,181500,1.07,1.07,1.07,1.07,258,0
MGLD.US,5,20250919,183000,1.07,1.07,1.07,1.07,206,0
MGLD.US,5,20250919,184000,1.06,1.06,1.06,1.06,100,0
MGLD.US,5,20250919,185000,1.06,1.06,1.06,1.06,100,0
MGLD.US,5,20250919,190000,1.06,1.06,1.06,1.06,100,0
MGLD.US,5,20250919,191500,1.06,1.06,1.06,1.06,173,0
MGLD.US,5,20250919,193000,1.06,1.06,1.06,1.06,164,0
MGLD.US,5,20250919,194500,1.06,1.06,1.06,1.06,146,0
MGLD.US,5,20250919,200000,1.09,1.09,1.09,1.09,252,0
MGLD.US,5,20250919,200500,0.985,0.985,0.985,0.985,110,0
MGLD.US,5,20250919,201500,1.09,1.09,1.09,1.09,232,0
MGLD.US,5,20250919,203000,1.09,1.09,1.09,1.09,228,0
MGLD.US,5,20250919,204500,1.09,1.09,1.09,1.09,221,0
MGLD.US,5,20250919,205500,1.0374,1.0374,1.0374,1.0374,126,0
MGLD.US,5,20250919,211000,1.08,1.08,1.08,1.08,100,0
MGLD.US,5,20250919,212000,1.08,1.08,1.08,1.08,100,0
MGLD.US,5,20250919,213500,1.09,1.09,1.09,1.09,270,0
MGLD.US,5,20250919,214000,1.09,1.09,1.09,1.09,289,0
MGLD.US,5,20250919,214500,1.09,1.09,1.09,1.09,269,0
MGLD.US,5,20250919,215000,1.09,1.09,1.09,1.09,646,0
MGLD.US,5,20250919,215500,1.07,1.07,1.07,1.07,34860,0
MGLD.US,5,20250922,154000,0.9891,0.9991,0.9891,0.9991,342,0
MGLD.US,5,20250922,215500,1.06,1.09,1.06,1.09,1048,0
MGLD.US,5,20250923,155500,1.055,1.055,1.055,1.055,187,0
MGLD.US,5,20250923,180500,1.02,1.02,1.02,1.02,100,0
MGLD.US,5,20250923,201000,1.04,1.04,1.04,1.04,200,0
MGLD.US,5,20250923,215500,1.07,1.07,1.05,1.05,630,0
MGLD.US,5,20250924,153000,1.07,1.07,1.07,1.07,200,0
MGLD.US,5,20250924,154000,1.0559,1.0674,1.0559,1.0674,7500,0
MGLD.US,5,20250924,191500,1.044,1.044,1.044,1.044,600,0
MGLD.US,5,20250924,193000,1.03,1.03,1.03,1.03,126,0
MGLD.US,5,20250924,214000,1.0502,1.0502,1.0502,1.0502,400,0
MGLD.US,5,20250924,215500,1.07,1.07,1.07,1.07,244,0
MGLD.US,5,20250925,164000,1.03,1.03,1.03,1.03,700,0
MGLD.US,5,20250925,164500,1.05,1.05,1.05,1.05,1200,0
MGLD.US,5,20250925,165000,1.0535,1.0535,1.0535,1.0535,1000,0
MGLD.US,5,20250925,171000,1.07,1.07,1.07,1.07,100,0
MGLD.US,5,20250925,192500,1.07,1.07,1.07,1.07,100,0
MGLD.US,5,20250925,215500,1.05,1.05,1.05,1.05,120,0
MGLD.US,5,20250926,164000,1.04,1.05,1.03,1.05,4872,0
MGLD.US,5,20250926,165000,1.0488,1.0488,1.0488,1.0488,1300,0
MGLD.US,5,20250926,172500,1.06,1.06,1.06,1.06,100,0
MGLD.US,5,20250926,175000,1.06,1.06,1.06,1.06,400,0
MGLD.US,5,20250926,182000,1.0599,1.0599,1.0599,1.0599,100,0
MGLD.US,5,20250926,185000,1.06,1.06,1.06,1.06,131,0
MGLD.US,5,20250926,192500,1.05,1.05,1.05,1.05,1479,0
MGLD.US,5,20250926,193000,1.0599,1.07,1.0599,1.07,1781,0
MGLD.US,5,20250926,214500,1.06,1.06,1.06,1.06,364,0
MGLD.US,5,20250926,215500,1.07,1.07,1.07,1.07,456,0
MGLD.US,5,20250929,153000,1.07,1.07,1.06,1.06,2900,0
MGLD.US,5,20250929,154500,1.07,1.07,1.07,1.07,986,0
MGLD.US,5,20250929,160000,1.0743,1.0743,1.0743,1.0743,2500,0
MGLD.US,5,20250929,163500,1.08,1.08,1.08,1.08,100,0
MGLD.US,5,20250929,181500,1.07,1.07,1.07,1.07,771,0
MGLD.US,5,20250929,210000,1.0701,1.0701,1.0701,1.0701,120,0
MGLD.US,5,20250929,212500,1.08,1.08,1.08,1.08,102,0
MGLD.US,5,20250929,214500,1.075,1.075,1.07,1.07,2600,0
MGLD.US,5,20250929,215500,1.08,1.08,1.08,1.08,225,0
MGLD.US,5,20250930,192000,1.06,1.07,1.05,1.07,1124,0
MGLD.US,5,20250930,215500,1.07,1.07,1.07,1.07,180,0
MGLD.US,5,20251001,203500,1.0795,1.0795,1.0795,1.0795,100,0
MGLD.US,5,20251001,215500,1.07,1.07,1.07,1.07,306,0
MGLD.US,5,20251002,171000,1.05,1.05,1.05,1.05,2500,0
MGLD.US,5,20251002,194500,1.0629,1.0629,1.0629,1.0629,140,0
MGLD.US,5,20251002,201000,1.033,1.033,1.033,1.033,5000,0
MGLD.US,5,20251002,205500,1.065,1.065,1.065,1.065,126,0
MGLD.US,5,20251003,154000,1.0405,1.0405,1.0405,1.0405,1939,0
MGLD.US,5,20251003,155000,1.06,1.06,1.0485,1.0485,900,0
MGLD.US,5,20251003,160000,1.06,1.06,1.06,1.06,100,0
MGLD.US,5,20251003,164500,1.06,1.06,1.06,1.06,100,0
MGLD.US,5,20251003,165500,1.0441,1.0441,1.0441,1.0441,700,0
MGLD.US,5,20251003,171000,1.06,1.06,1.06,1.06,100,0
MGLD.US,5,20251003,190500,1.04,1.04,1.0301,1.0301,500,0
MGLD.US,5,20251003,192000,1.06,1.06,1.06,1.06,100,0
MGLD.US,5,20251003,192500,1.0486,1.0486,1.0486,1.0486,401,0
MGLD.US,5,20251006,161500,1.0635,1.0635,1.0635,1.0635,380,0
MGLD.US,5,20251006,164000,1.1,1.1,1.1,1.1,100,0
MGLD.US,5,20251006,173500,1.06,1.06,1.06,1.06,100,0
MGLD.US,5,20251006,184500,1.057,1.057,1.057,1.057,1250,0
MGLD.US,5,20251007,161500,1.054,1.054,1.054,1.054,100,0
MGLD.US,5,20251007,164000,1.1,1.1,1.1,1.1,100,0
MGLD.US,5,20251007,212000,1.09,1.09,1.09,1.09,461,0
MGLD.US,5,20251007,214000,1.065,1.065,1.065,1.065,100,0
MGLD.US,5,20251008,153500,1.1,1.1,1.1,1.1,100,0
MGLD.US,5,20251008,173000,1.07,1.07,1.07,1.07,100,0
MGLD.US,5,20251008,180000,1.05,1.05,1.05,1.05,210,0
MGLD.US,5,20251008,181500,1.07,1.07,1.07,1.07,100,0
MGLD.US,5,20251008,182000,1.03,1.03,1.03,1.03,201,0
MGLD.US,5,20251008,183000,1.0373,1.0373,1.0373,1.0373,100,0
MGLD.US,5,20251008,185000,1.07,1.07,1.07,1.07,100,0
MGLD.US,5,20251008,204000,1.03,1.0698,1.03,1.0698,200,0
MGLD.US,5,20251008,204500,1.06,1.06,1.06,1.06,100,0
MGLD.US,5,20251010,171000,1.05,1.05,1.05,1.05,100,0
MGLD.US,5,20251010,173000,1.0458,1.0458,1.0458,1.0458,125,0
MGLD.US,5,20251010,174000,1.1,1.1,1.1,1.1,100,0
MGLD.US,5,20251010,184500,1.1,1.1,1.1,1.1,500,0
MGLD.US,5,20251010,190000,1.07,1.07,1.07,1.07,100,0
MGLD.US,5,20251013,161000,1.0999,1.0999,1.0999,1.0999,199,0
MGLD.US,5,20251013,162500,1.1,1.1,1.1,1.1,500,0
MGLD.US,5,20251013,170500,1.0999,1.0999,1.0999,1.0999,136,0
MGLD.US,5,20251013,173500,1.06,1.06,1.06,1.06,244,0
MGLD.US,5,20251014,155500,1.0439,1.0439,1.0439,1.0439,136,0
MGLD.US,5,20251014,162500,1.06,1.06,1.06,1.06,100,0
MGLD.US,5,20251014,165500,1.064,1.064,1.064,1.064,1000,0
MGLD.US,5,20251014,201500,1.0918,1.1,1.0918,1.1,2320,0
MGLD.US,5,20251014,211000,1.1,1.1,1.1,1.1,100,0
MGLD.US,5,20251014,212000,1.02,1.06,1.02,1.06,996,0
MGLD.US,5,20251014,213500,1.09,1.09,1.09,1.09,100,0
MGLD.US,5,20251015,153000,1.03,1.03,1.03,1.03,787,0
MGLD.US,5,20251015,154500,1.0219,1.0219,1.0219,1.0219,200,0
MGLD.US,5,20251015,163000,1.06,1.06,1.06,1.06,109,0
MGLD.US,5,20251015,183500,1.08,1.08,1.08,1.08,100,0
MGLD.US,5,20251016,155000,1.0201,1.0201,1.0201,1.0201,249,0
MGLD.US,5,20251017,155000,1.0001,1.0001,1.0001,1.0001,200,0
MGLD.US,5,20251017,183000,1.0891,1.0891,1.0891,1.0891,300,0
MGLD.US,5,20251017,191000,1.05,1.05,1.05,1.05,519,0
MGLD.US,5,20251017,193500,1.0123,1.0123,1.0123,1.0123,200,0
MGLD.US,5,20251020,162000,0.9801,0.9801,0.98,0.98,1125,0
MGLD.US,5,20251020,163500,1.0472,1.0472,0.9801,0.9801,400,0
MGLD.US,5,20251020,201500,1.02,1.02,0.98,0.98,3906,0
MGLD.US,5,20251020,202000,1,1,0.9899,0.9899,5682,0
MGLD.US,5,20251020,211000,1.03,1.03,1.03,1.03,300,0
MGLD.US,5,20251020,211500,1.03,1.03,1.03,1.03,400,0
MGLD.US,5,20251020,212000,1.03,1.03,1.03,1.03,600,0
MGLD.US,5,20251020,212500,1.03,1.03,1.03,1.03,700,0
MGLD.US,5,20251020,213000,1.03,1.06,1.03,1.06,700,0
MGLD.US,5,20251020,213500,1.025,1.035,1.025,1.035,500,0
MGLD.US,5,20251020,214000,1.035,1.04,1.035,1.04,400,0
MGLD.US,5,20251020,214500,1.07,1.07,1.07,1.07,1600,0
MGLD.US,5,20251020,215000,1.06,1.07,1.06,1.07,986,0
MGLD.US,5,20251020,215500,1.07,1.07,1.06,1.06,2022,0
MGLD.US,5,20251021,175000,1.0167,1.0167,1.0167,1.0167,1300,0
MGLD.US,5,20251021,185000,1,1,1,1,542,0
MGLD.US,5,20251021,200000,1.0211,1.0211,1.0211,1.0211,150,0
MGLD.US,5,20251021,200500,1.04,1.04,1.04,1.04,150,0
MGLD.US,5,20251021,211000,1.04,1.04,1.04,1.04,3600,0
MGLD.US,5,20251023,153000,1.0187,1.0187,1.0187,1.0187,1449,0
MGLD.US,5,20251023,181500,1.02,1.03,1.02,1.03,1000,0
MGLD.US,5,20251024,182000,1.0418,1.0418,1.0418,1.0418,100,0
MGLD.US,5,20251024,192000,1.0406,1.0406,1.0406,1.0406,137,0
MGLD.US,5,20251027,190000,1.04,1.04,1.04,1.04,100,0
MGLD.US,5,20251027,190500,1.04,1.1,1.04,1.0999,9787,0
MGLD.US,5,20251027,201500,1.0395,1.0395,1.0395,1.0395,300,0
MGLD.US,5,20251028,185000,1.0899,1.0899,1.0899,1.0899,100,0
MGLD.US,5,20251029,164000,1.0352,1.0352,1.0352,1.0352,250,0
MGLD.US,5,20251029,200500,1.01,1.01,0.99,0.99,7101,0
MGLD.US,5,20251029,201000,0.986,0.99,0.986,0.986,12914,0
MGLD.US,5,20251029,201500,0.99,0.99,0.985001,0.985001,5080,0
MGLD.US,5,20251029,205500,1,1,1,1,121,0
MGLD.US,5,20251030,191000,1.001,1.001,0.995,1,7493,0
MGLD.US,5,20251030,191500,1,1,0.9967,1,9003,0
MGLD.US,5,20251030,192000,0.9976,1.02,0.9976,0.9976,1914,0
MGLD.US,5,20251030,205500,0.995,1,0.995,0.995,821,0
MGLD.US,5,20251031,145000,1,1,1,1,200,0
MGLD.US,5,20251031,172000,1.0058,1.0058,1.0058,1.0058,211,0
MGLD.US,5,20251031,205000,1.05,1.05,1.05,1.05,352,0
MGLD.US,5,20251031,205500,1.05,1.07,1.05,1.07,561,0
MGLD.US,5,20251103,153000,1,1,1,1,100,0
MGLD.US,5,20251103,155000,1.0117,1.0117,1.01,1.01,1135,0
MGLD.US,5,20251103,162500,1.03,1.03,1.01,1.01,300,0
MGLD.US,5,20251103,174000,1.015,1.015,0.998,0.998,2680,0
MGLD.US,5,20251103,175000,0.998,1.01,0.998,1.01,650,0
MGLD.US,5,20251103,181500,1.01,1.01,1.01,1.01,100,0
MGLD.US,5,20251103,185000,1.02,1.02,1.02,1.02,200,0
MGLD.US,5,20251103,185500,1.0198,1.0199,1.01,1.0199,1000,0
MGLD.US,5,20251103,191500,1.02,1.02,1.009,1.009,600,0
MGLD.US,5,20251103,192000,1,1,1,1,100,0
MGLD.US,5,20251103,192500,1.02,1.02,1.02,1.02,500,0
MGLD.US,5,20251103,215500,1.05,1.07,1.049,1.07,749,0
MGLD.US,5,20251104,173000,1.06,1.06,1.06,1.06,100,0
MGLD.US,5,20251104,184000,1,1.02,0.9987,1,6034,0
MGLD.US,5,20251104,184500,1,1,0.999,0.999,2423,0
MGLD.US,5,20251104,185000,1,1,1,1,1600,0
MGLD.US,5,20251104,190500,1,1,1,1,5000,0
MGLD.US,5,20251104,191000,0.9981,0.9981,0.9981,0.9981,278,0
MGLD.US,5,20251104,193000,1,1,1,1,200,0
MGLD.US,5,20251104,195000,1,1,1,1,200,0
MGLD.US,5,20251104,204000,0.998,0.998,0.998,0.998,2518,0
MGLD.US,5,20251104,213000,1,1.01,0.998,0.998,1756,0
MGLD.US,5,20251104,213500,0.9968,0.9968,0.9968,0.9968,213,0
MGLD.US,5,20251104,215000,1,1,0.99,0.99,4293,0
MGLD.US,5,20251104,215500,0.99,0.99,0.99,0.99,201,0
MGLD.US,5,20251105,153000,1.0397,1.0397,1.0397,1.0397,362,0
MGLD.US,5,20251105,171000,1.015,1.015,1.015,1.015,500,0
MGLD.US,5,20251107,153000,1.01,1.01,1.01,1.01,130,0
MGLD.US,5,20251107,160000,1.02,1.02,1.02,1.02,274,0
MGLD.US,5,20251107,203000,1.03,1.03,1.03,1.03,100,0
MGLD.US,5,20251110,161000,1,1,1,1,1000,0
MGLD.US,5,20251110,164500,0.9889,1,0.9889,0.9889,1008,0
MGLD.US,5,20251110,185500,1.02,1.02,1.02,1.02,450,0
MGLD.US,5,20251111,215500,1.04,1.04,1.04,1.04,147,0
MGLD.US,5,20251112,203500,0.995,0.995,0.995,0.995,294,0
MGLD.US,5,20251112,215500,0.995,0.995,0.995,0.995,660,0
MGLD.US,5,20251114,164000,1.0177,1.0177,1.0177,1.0177,1000,0
MGLD.US,5,20251114,165500,1.03,1.03,1.03,1.03,100,0
MGLD.US,5,20251114,173000,1.0123,1.0123,1.0123,1.0123,200,0
MGLD.US,5,20251114,184500,0.995,0.995,0.9899,0.99,1430,0
MGLD.US,5,20251114,192000,0.9405,0.9405,0.9,0.9,3000,0
MGLD.US,5,20251114,192500,0.9899,0.9899,0.9899,0.9899,1000,0
MGLD.US,5,20251114,195500,0.9515,0.9515,0.9515,0.9515,1000,0
MGLD.US,5,20251114,203500,0.9578,0.99,0.9578,0.982,1750,0
MGLD.US,5,20251114,205000,0.99,0.99,0.99,0.99,1011,0
MGLD.US,5,20251114,211000,0.99,0.99,0.99,0.99,609,0
MGLD.US,5,20251114,211500,0.99,0.99,0.99,0.99,2000,0
MGLD.US,5,20251114,212500,0.9821,0.99,0.9821,0.99,2100,0
MGLD.US,5,20251114,213000,0.99,0.99,0.99,0.99,209,0
MGLD.US,5,20251114,213500,0.9899,0.9899,0.9899,0.9899,300,0
MGLD.US,5,20251114,215000,0.99,0.99,0.99,0.99,100,0
MGLD.US,5,20251114,215500,0.9629,0.9629,0.9629,0.9629,422,0
MGLD.US,5,20251117,155000,1.01,1.01,1.01,1.01,100,0
MGLD.US,5,20251117,190000,1.0198,1.02,1.0198,1.02,200,0
MGLD.US,5,20251117,195500,1.01,1.01,1.01,1.01,500,0
MGLD.US,5,20251117,213000,0.91,0.91,0.91,0.91,482,0
MGLD.US,5,20251118,171000,0.9999,0.9999,0.9999,0.9999,100,0
MGLD.US,5,20251118,173000,0.91,0.91,0.91,0.91,182,0
MGLD.US,5,20251118,200500,1,1,1,1,110,0
MGLD.US,5,20251118,201000,1,1,1,1,110,0
MGLD.US,5,20251118,201500,1,1,1,1,120,0
MGLD.US,5,20251118,202000,1,1,1,1,110,0
MGLD.US,5,20251118,202500,1,1,1,1,360,0
MGLD.US,5,20251118,203500,1,1,1,1,200,0
MGLD.US,5,20251118,204000,1,1,1,1,270,0
MGLD.US,5,20251118,204500,1,1,1,1,360,0
MGLD.US,5,20251118,205500,1,1,1,1,450,0
MGLD.US,5,20251118,210500,0.99,0.99,0.99,0.99,400,0
MGLD.US,5,20251118,211500,1,1,1,1,499,0
MGLD.US,5,20251118,213000,1,1,1,1,450,0
MGLD.US,5,20251118,214000,1,1,0.99,1,400,0
MGLD.US,5,20251118,215000,1,1,1,1,480,0
MGLD.US,5,20251118,215500,1,1,0.99,0.99,273,0
MGLD.US,5,20251120,155000,0.968,0.99,0.968,0.99,440,0
MGLD.US,5,20251120,155500,0.99,1,0.99,1,254,0
MGLD.US,5,20251120,160500,1.01,1.01,1.01,1.01,600,0
MGLD.US,5,20251120,164000,1.05,1.05,1.05,1.05,100,0
MGLD.US,5,20251120,164500,1.05,1.05,1.05,1.05,227,0
MGLD.US,5,20251120,171000,1.05,1.05,1.05,1.05,400,0
MGLD.US,5,20251120,172500,1.0026,1.0026,1.0026,1.0026,100,0
MGLD.US,5,20251120,174000,1.07,1.07,1.07,1.07,200,0
MGLD.US,5,20251120,175000,1.08,1.08,1.08,1.08,800,0
MGLD.US,5,20251120,180000,1.07,1.07,1.07,1.07,100,0
MGLD.US,5,20251120,181500,1.07,1.07,1.07,1.07,300,0
MGLD.US,5,20251120,183000,1.08,1.08,1.08,1.08,100,0
MGLD.US,5,20251120,184000,1.07,1.07,1.07,1.07,200,0
MGLD.US,5,20251120,184500,1.08,1.08,1.08,1.08,300,0
MGLD.US,5,20251120,185000,1.08,1.08,1.08,1.08,500,0
MGLD.US,5,20251120,190000,1.09,1.09,1.09,1.09,700,0
MGLD.US,5,20251120,192000,1.09,1.09,1.09,1.09,587,0
MGLD.US,5,20251120,193000,1.09,1.1,1.09,1.1,1000,0
MGLD.US,5,20251120,200000,1.1,1.1,1.1,1.1,1018,0
MGLD.US,5,20251120,200500,1.06,1.06,1.05,1.05,2828,0
MGLD.US,5,20251120,201000,1.05,1.05,1.05,1.05,1000,0
MGLD.US,5,20251120,201500,1.05,1.05,1.05,1.05,900,0
MGLD.US,5,20251120,202000,1.05,1.05,1,1,13209,0
MGLD.US,5,20251120,203500,1.01,1.01,1.01,1.01,500,0
MGLD.US,5,20251120,204000,1.03,1.05,1.03,1.05,700,0
MGLD.US,5,20251120,204500,1.0442,1.05,1.0442,1.05,280,0
MGLD.US,5,20251120,205000,1.05,1.05,1.05,1.05,100,0
MGLD.US,5,20251120,205500,1.05,1.05,1.05,1.05,100,0
MGLD.US,5,20251120,214000,1.0259,1.0259,1.0259,1.0259,1750,0
MGLD.US,5,20251121,175000,1,1.01,1,1.01,399,0
MGLD.US,5,20251121,185000,1.01,1.07,1.01,1.07,5027,0
MGLD.US,5,20251121,205500,1.02,1.02,1.02,1.02,100,0
MGLD.US,5,20251121,212000,1.0373,1.0373,1.0373,1.0373,300,0
MGLD.US,5,20251121,215500,1.05,1.05,1.01,1.01,263,0
MGLD.US,5,20251124,155000,1.01,1.01,0.965,0.965,4767,0
MGLD.US,5,20251124,190500,0.92,0.92,0.92,0.92,200,0
MGLD.US,5,20251124,194000,1,1.0297,1,1.0297,1500,0
MGLD.US,5,20251124,195000,1.0289,1.0289,1.0289,1.0289,132,0
MGLD.US,5,20251124,201000,1.03,1.03,1.03,1.03,200,0
MGLD.US,5,20251124,203000,1.02,1.02,1.02,1.02,100,0
MGLD.US,5,20251124,203500,1.03,1.03,1.03,1.03,1370,0
MGLD.US,5,20251124,204000,0.9682,0.9682,0.9682,0.9682,150,0
MGLD.US,5,20251124,215500,1.0281,1.03,1.0133,1.0133,4100,0
MGLD.US,5,20251125,163000,1.01,1.01,1,1.01,1200,0
MGLD.US,5,20251125,164000,1.0099,1.0099,1.0099,1.0099,1000,0
MGLD.US,5,20251125,164500,1.005,1.005,1.005,1.005,1000,0
MGLD.US,5,20251125,165000,1.01,1.01,1,1.01,5400,0
MGLD.US,5,20251125,165500,1.03,1.11,1.03,1.11,8659,0
MGLD.US,5,20251125,171500,1.1,1.1,1.1,1.1,279,0
MGLD.US,5,20251125,172000,1.01,1.02,1,1,4699,0
MGLD.US,5,20251125,173500,1,1,1,1,200,0
MGLD.US,5,20251125,174000,1.01,1.01,1,1,400,0
MGLD.US,5,20251125,175000,1.02,1.02,1.02,1.02,200,0
MGLD.US,5,20251125,185000,1.02,1.02,1.02,1.02,100,0
MGLD.US,5,20251125,213000,1.05,1.05,1.05,1.05,300,0
MGLD.US,5,20251125,214500,1.08,1.08,1.08,1.08,100,0
MGLD.US,5,20251126,153500,1.06,1.06,1.06,1.06,299,0
MGLD.US,5,20251126,161000,1.04,1.04,1.04,1.04,100,0
MGLD.US,5,20251126,185500,1.07,1.07,1.07,1.07,100,0
MGLD.US,5,20251126,190000,1.06,1.06,1.03,1.03,399,0
MGLD.US,5,20251126,191500,1.03,1.07,1.015,1.07,3825,0
MGLD.US,5,20251126,195000,1.1,1.1,1.1,1.1,116,0
MGLD.US,5,20251126,205000,1.1,1.1,1.1,1.1,200,0
MGLD.US,5,20251126,213500,1.1,1.1,1.1,1.1,306,0
MGLD.US,5,20251126,214500,1.08,1.08,1.08,1.08,100,0
MGLD.US,5,20251126,215500,1.02,1.02,1.02,1.02,392,0
MGLD.US,5,20251201,172000,1.0274,1.0274,1.0274,1.0274,100,0
MGLD.US,5,20251202,155000,1.02,1.02,1.02,1.02,200,0
MGLD.US,5,20251202,161500,1.0553,1.0553,1.0553,1.0553,500,0
MGLD.US,5,20251202,193500,1,1,1,1,1017,0
MGLD.US,5,20251202,201000,0.9977,0.9977,0.9977,0.9977,1594,0
MGLD.US,5,20251202,204000,0.9948,0.9948,0.9948,0.9948,100,0
MGLD.US,5,20251202,205000,1,1,1,1,598,0
MGLD.US,5,20251202,215000,1,1,0.9924,0.9924,3892,0
MGLD.US,5,20251202,215500,1.02,1.02,0.9925,0.9925,400,0
MGLD.US,5,20251203,153500,1.03,1.0677,1.03,1.0677,751,0
MGLD.US,5,20251203,154000,1.02,1.04,1.02,1.04,969,0
MGLD.US,5,20251203,154500,1.04,1.04,1.04,1.04,100,0
MGLD.US,5,20251203,161000,1,1.03,1,1,13103,0
MGLD.US,5,20251203,162500,1,1,1,1,100,0
MGLD.US,5,20251203,164000,1,1,1,1,275,0
MGLD.US,5,20251203,165000,1.02,1.02,1.02,1.02,200,0
MGLD.US,5,20251203,170000,1.02,1.02,1.02,1.02,602,0
MGLD.US,5,20251203,175000,1.02,1.04,1.02,1.04,400,0
MGLD.US,5,20251203,201000,1,1,1,1,100,0
MGLD.US,5,20251203,202500,1.06,1.06,1.06,1.06,200,0
MGLD.US,5,20251203,210000,1.0525,1.055,1.0525,1.055,501,0
MGLD.US,5,20251203,214500,1.05,1.055,1.05,1.055,400,0
MGLD.US,5,20251203,215000,1.05,1.05,1.05,1.05,100,0
MGLD.US,5,20251203,215500,1.05,1.05,1.05,1.05,202,0
MGLD.US,5,20251204,160500,1.11,1.11,1.11,1.11,300,0
MGLD.US,5,20251204,162500,1.11,1.11,1.11,1.11,100,0
MGLD.US,5,20251204,165500,1.09,1.09,1.09,1.09,493,0
MGLD.US,5,20251204,174000,1.0987,1.0987,1.0987,1.0987,400,0
MGLD.US,5,20251204,174500,1.11,1.11,1.11,1.11,436,0
MGLD.US,5,20251204,185000,1.06,1.06,1.04,1.04,4857,0
MGLD.US,5,20251204,193000,1.04,1.04,1.04,1.04,542,0
MGLD.US,5,20251205,153500,1.04,1.04,1.04,1.04,900,0
MGLD.US,5,20251205,160000,0.9875,0.9875,0.9875,0.9875,605,0
MGLD.US,5,20251205,161000,0.9879,0.9879,0.9879,0.9879,2348,0
MGLD.US,5,20251205,161500,0.9879,0.9879,0.974,0.9879,2524,0
MGLD.US,5,20251205,162000,0.9879,0.9879,0.983716,0.9879,2998,0
MGLD.US,5,20251205,162500,0.9879,0.9879,0.978951,0.978951,2494,0
MGLD.US,5,20251205,165000,0.9879,0.9879,0.9879,0.9879,200,0
MGLD.US,5,20251205,170000,0.9781,0.9781,0.9781,0.9781,385,0
MGLD.US,5,20251205,171500,0.97,0.97,0.97,0.97,100,0
MGLD.US,5,20251205,175000,0.9879,0.9879,0.9879,0.9879,200,0
MGLD.US,5,20251205,190000,0.97,0.97,0.97,0.97,100,0
MGLD.US,5,20251205,195000,0.9879,0.9879,0.9879,0.9879,153,0
MGLD.US,5,20251205,204500,0.97,0.97,0.97,0.97,100,0
MGLD.US,5,20251205,205000,0.9879,0.9879,0.9879,0.9879,200,0
MGLD.US,5,20251205,210500,0.978951,0.978951,0.978951,0.978951,110,0
MGLD.US,5,20251205,211000,0.979,0.979,0.97,0.97,2432,0
MGLD.US,5,20251205,212000,0.97,0.97,0.9471,0.95,2019,0
MGLD.US,5,20251205,214000,0.935,0.935,0.935,0.935,500,0
MGLD.US,5,20251205,214500,0.935,0.9353,0.935,0.935,1602,0
MGLD.US,5,20251205,215000,0.91,0.91,0.91,0.91,848,0
MGLD.US,5,20251205,215500,0.91,0.91,0.91,0.91,624,0
MGLD.US,5,20251208,173500,0.92,0.9201,0.92,0.9201,672,0
MGLD.US,5,20251208,183000,0.99,0.99,0.99,0.99,100,0
MGLD.US,5,20251208,183500,0.98,0.98,0.98,0.98,211,0
MGLD.US,5,20251208,184000,0.98,0.98,0.98,0.98,100,0
MGLD.US,5,20251208,191000,0.9111,0.9111,0.9111,0.9111,200,0
MGLD.US,5,20251208,194500,0.9664,0.9664,0.9664,0.9664,100,0
MGLD.US,5,20251208,215500,0.9664,0.9664,0.9664,0.9664,101,0
MGLD.US,5,20251209,153000,0.9666,0.9666,0.9666,0.9666,495,0
MGLD.US,5,20251209,160000,0.99,0.99,0.99,0.99,101,0
MGLD.US,5,20251209,170000,1.01,1.01,1.01,1.01,101,0
MGLD.US,5,20251209,173500,0.985,0.985,0.985,0.985,130,0
MGLD.US,5,20251209,180500,0.99,0.99,0.99,0.99,100,0
MGLD.US,5,20251209,184500,1,1,0.96,0.96,260,0
MGLD.US,5,20251209,190000,0.99,0.99,0.99,0.99,100,0
MGLD.US,5,20251209,194500,0.9224,0.9224,0.9224,0.9224,1852,0
MGLD.US,5,20251209,203500,0.9221,0.9224,0.9221,0.9224,2838,0
MGLD.US,5,20251209,204500,0.9203,0.9203,0.911,0.911,3556,0
MGLD.US,5,20251209,211000,0.91,0.91,0.91,0.91,1590,0
MGLD.US,5,20251209,211500,0.91,0.91,0.91,0.91,261,0
MGLD.US,5,20251209,213000,0.91,0.91,0.9086,0.9099,4600,0
MGLD.US,5,20251209,213500,0.91,0.91,0.91,0.91,4438,0
MGLD.US,5,20251209,214000,0.91,0.91,0.91,0.91,289,0
MGLD.US,5,20251209,214500,0.91,0.92,0.9099,0.92,424,0
MGLD.US,5,20251209,215000,0.9208,0.9208,0.92,0.92,700,0
MGLD.US,5,20251209,215500,0.91,0.91,0.91,0.91,404,0
MGLD.US,5,20251210,153000,0.9184,0.92,0.9184,0.92,14452,0
MGLD.US,5,20251210,153500,0.92,0.9372,0.92,0.9372,10502,0
MGLD.US,5,20251210,160500,0.93,0.94,0.93,0.94,300,0
MGLD.US,5,20251210,163000,0.94,0.94,0.94,0.94,1498,0
MGLD.US,5,20251210,165000,0.9489,0.9489,0.9489,0.9489,100,0
MGLD.US,5,20251210,170000,0.9489,0.9489,0.9489,0.9489,110,0
MGLD.US,5,20251210,172500,0.95,0.95,0.95,0.95,100,0
MGLD.US,5,20251210,173000,0.95,0.95,0.95,0.95,100,0
MGLD.US,5,20251210,175000,0.95,0.95,0.95,0.95,100,0
MGLD.US,5,20251210,181500,0.9489,0.9489,0.9489,0.9489,100,0
MGLD.US,5,20251210,183500,0.9489,0.9489,0.9489,0.9489,100,0
MGLD.US,5,20251210,190000,0.95,0.95,0.95,0.95,100,0
MGLD.US,5,20251210,192500,0.95,0.95,0.95,0.95,100,0
MGLD.US,5,20251210,194000,0.95,0.95,0.95,0.95,100,0
MGLD.US,5,20251210,201500,0.95,0.95,0.93,0.93,200,0
MGLD.US,5,20251210,204500,0.95,0.95,0.95,0.95,100,0
MGLD.US,5,20251210,210000,0.95,0.95,0.95,0.95,100,0
MGLD.US,5,20251210,211500,0.95,0.95,0.95,0.95,100,0
MGLD.US,5,20251210,212000,0.95,0.95,0.95,0.95,444,0
MGLD.US,5,20251210,213000,0.95,0.95,0.95,0.95,100,0
MGLD.US,5,20251210,213500,0.95,0.95,0.95,0.95,300,0
MGLD.US,5,20251210,214000,0.95,0.95,0.95,0.95,1356,0
MGLD.US,5,20251210,214500,0.95,0.9856,0.95,0.9856,460,0
MGLD.US,5,20251210,215500,0.92,0.96,0.92,0.96,442,0
MGLD.US,5,20251211,170000,0.9317,0.9317,0.9317,0.9317,250,0
MGLD.US,5,20251211,215500,0.99,0.99,0.99,0.99,170,0
MGLD.US,5,20251212,153500,0.97,0.97,0.97,0.97,543,0
MGLD.US,5,20251212,181000,1,1,1,1,150,0
MGLD.US,5,20251212,185500,1.0868,1.0868,1.0868,1.0868,1000,0
MGLD.US,5,20251212,195500,1.04,1.0899,0.9751,1.01,4856,0
MGLD.US,5,20251212,203500,1.0197,1.0197,1.0197,1.0197,325,0
MGLD.US,5,20251212,210000,1.09,1.09,1.09,1.09,200,0
MGLD.US,5,20251212,213500,1.0329,1.0329,1.0329,1.0329,200,0
MGLD.US,5,20251212,214000,1.018,1.018,1,1,2099,0
MGLD.US,5,20251212,215000,1,1,1,1,700,0
MGLD.US,5,20251212,215500,0.9975,0.9988,0.97,0.97,3413,0
MGLD.US,5,20251215,153000,0.97,1.0199,0.912,0.9999,11203,0
MGLD.US,5,20251215,153500,1,1,1,1,535,0
MGLD.US,5,20251215,154000,0.9794,0.9999,0.9794,0.9999,200,0
MGLD.US,5,20251215,155000,0.9794,0.9794,0.9794,0.9794,100,0
MGLD.US,5,20251215,160000,1,1,1,1,129,0
MGLD.US,5,20251215,161500,0.922,0.922,0.922,0.922,100,0
MGLD.US,5,20251215,163500,0.9216,0.9216,0.9216,0.9216,200,0
MGLD.US,5,20251215,170500,0.9999,0.9999,0.9999,0.9999,113,0
MGLD.US,5,20251215,171500,0.948,0.948,0.948,0.948,100,0
MGLD.US,5,20251215,173000,0.965984,0.9799,0.965984,0.9799,200,0
MGLD.US,5,20251215,191000,0.9799,0.9799,0.9799,0.9799,100,0
MGLD.US,5,20251215,193500,0.93,0.93,0.93,0.93,100,0
MGLD.US,5,20251215,194000,0.9799,0.9799,0.9799,0.9799,100,0
MGLD.US,5,20251215,194500,0.9799,0.9799,0.9799,0.9799,100,0
MGLD.US,5,20251215,195000,0.9799,0.9799,0.96925,0.96925,200,0
MGLD.US,5,20251215,195500,0.974,0.974,0.93,0.9301,500,0
MGLD.US,5,20251215,214500,0.9862,0.9862,0.9862,0.9862,254,0
MGLD.US,5,20251215,215000,0.97,0.97,0.97,0.97,250,0
MGLD.US,5,20251215,215500,0.9322,0.9322,0.91,0.91,6207,0
MGLD.US,5,20251216,164500,0.94,0.94,0.94,0.94,110,0
MGLD.US,5,20251216,171000,0.9101,0.9101,0.9101,0.9101,100,0
MGLD.US,5,20251216,171500,0.91,0.91,0.91,0.91,500,0
MGLD.US,5,20251216,173000,0.91,0.91,0.91,0.91,178,0
MGLD.US,5,20251216,175000,0.91,0.91,0.91,0.91,100,0
MGLD.US,5,20251216,191000,0.91,0.91,0.91,0.91,535,0
MGLD.US,5,20251216,195500,0.9101,0.9101,0.91,0.91,200,0
MGLD.US,5,20251216,212500,0.9399,0.9399,0.9399,0.9399,100,0
MGLD.US,5,20251216,214500,0.91,0.91,0.91,0.91,100,0
MGLD.US,5,20251216,215500,0.9013,0.9013,0.9011,0.9011,553,0
MGLD.US,5,20251217,153000,0.9011,0.9011,0.9011,0.9011,100,0
MGLD.US,5,20251217,211500,0.902,0.902,0.9011,0.9011,300,0
MGLD.US,5,20251217,215500,0.92,0.92,0.92,0.92,138,0
MGLD.US,5,20251218,154000,0.89198,0.89198,0.89198,0.89198,100,0
MGLD.US,5,20251218,175000,0.8781,0.8781,0.8781,0.8781,405,0
MGLD.US,5,20251218,211000,0.900551,0.900551,0.871101,0.8712,1937,0
MGLD.US,5,20251218,215500,0.8656,0.8656,0.8656,0.8656,210,0
MGLD.US,5,20251219,154000,0.857,0.857,0.855249,0.855249,1400,0
MGLD.US,5,20251219,155000,0.854009,0.854009,0.854009,0.854009,350,0
MGLD.US,5,20251219,163000,0.8568,0.8568,0.8568,0.8568,100,0
MGLD.US,5,20251219,181500,0.855,0.855,0.855,0.855,116,0
MGLD.US,5,20251219,183500,0.8625,0.863499,0.86,0.86,1100,0
MGLD.US,5,20251219,184000,0.86,0.86,0.86,0.86,100,0
MGLD.US,5,20251219,190000,0.86,0.86,0.86,0.86,200,0
MGLD.US,5,20251219,193500,0.86,0.86,0.86,0.86,190,0
MGLD.US,5,20251219,195500,0.856,0.856,0.856,0.856,100,0
MGLD.US,5,20251219,200500,0.855,0.855,0.855,0.855,116,0
MGLD.US,5,20251219,202000,0.855,0.855,0.855,0.855,662,0
MGLD.US,5,20251219,205500,0.854,0.8569,0.854,0.8569,400,0
MGLD.US,5,20251219,210000,0.8655,0.919,0.8655,0.919,1562,0
MGLD.US,5,20251219,210500,0.8971,0.957,0.8971,0.9195,1031,0
MGLD.US,5,20251219,211000,0.9577,0.962,0.9577,0.9619,701,0
MGLD.US,5,20251219,211500,0.9619,0.9619,0.9619,0.9619,400,0
MGLD.US,5,20251219,212000,0.9619,0.962,0.9271,0.9446,1913,0
MGLD.US,5,20251219,212500,0.962,0.962,0.962,0.962,600,0
MGLD.US,5,20251219,213000,0.962,0.962,0.9577,0.9577,799,0
MGLD.US,5,20251219,213500,0.9577,0.962,0.9577,0.962,1102,0
MGLD.US,5,20251219,214000,0.962,0.9762,0.962,0.9755,700,0
MGLD.US,5,20251219,214500,0.9621,0.989,0.9621,0.9889,1597,0
MGLD.US,5,20251219,215000,0.989,1.03,0.989,1.01,1420,0
MGLD.US,5,20251219,215500,0.966,1.02,0.966,0.9725,929,0
MGLD.US,5,20251222,153000,1.04,1.04,1.04,1.04,100,0
MGLD.US,5,20251222,173500,0.924,0.924,0.924,0.924,127,0
MGLD.US,5,20251222,180500,0.924,0.924,0.9165,0.9235,1235,0
MGLD.US,5,20251222,210500,0.9165,0.9235,0.9165,0.9235,1101,0
MGLD.US,5,20251222,211000,0.9235,0.9235,0.9235,0.9235,150,0
