<TICKER>,<PER>,<DATE>,<TIME>,<OPEN>,<HIGH>,<LOW>,<CLOSE>,<VOL>,<OPENINT>
RGNT.US,5,20251204,165000,7.5,7.5,7,7.34,18240,0
RGNT.US,5,20251204,165500,7.4,7.4,7,7,24171,0
RGNT.US,5,20251204,170000,7.13,7.25,7.02,7.05,5313,0
RGNT.US,5,20251204,170500,7.0301,7.25,7.03,7.1001,3195,0
RGNT.US,5,20251204,171000,7.1,7.175,7.0501,7.0501,2857,0
RGNT.US,5,20251204,171500,7.085,7.155,7.05,7.06,6328,0
RGNT.US,5,20251204,172000,7.155,7.4,7.155,7.18,6101,0
RGNT.US,5,20251204,172500,7.215,7.215,7.05,7.06,7673,0
RGNT.US,5,20251204,173000,7.0601,7.3,7.0601,7.215,653,0
RGNT.US,5,20251204,173500,7.215,7.225,7.215,7.215,658,0
RGNT.US,5,20251204,174000,7.3,7.4,7.275,7.4,3719,0
RGNT.US,5,20251204,174500,7.4,7.4,7.35,7.35,5271,0
RGNT.US,5,20251204,175000,7.35,7.4,7.35,7.35,3268,0
RGNT.US,5,20251204,175500,7.3792,7.3792,7.3792,7.3792,300,0
RGNT.US,5,20251204,180000,7.345,7.345,7.285,7.345,4296,0
RGNT.US,5,20251204,180500,7.3001,7.345,7.3001,7.345,418,0
RGNT.US,5,20251204,181000,7.34,7.34,7.34,7.34,200,0
RGNT.US,5,20251204,181500,7.34,7.34,7.325,7.325,1200,0
RGNT.US,5,20251204,182000,7.3,7.31,7.19,7.265,10408,0
RGNT.US,5,20251204,182500,7.25,7.25,7.13,7.1301,2199,0
RGNT.US,5,20251204,183000,7.14,7.25,7.1301,7.25,3277,0
RGNT.US,5,20251204,183500,7.29,7.29,7.25,7.28,1180,0
RGNT.US,5,20251204,184000,7.27,7.27,7.225,7.25,1140,0
RGNT.US,5,20251204,184500,7.2,7.21,7.1,7.1,11158,0
RGNT.US,5,20251204,185000,7.12,7.12,6.985,7,7463,0
RGNT.US,5,20251204,185500,6.96,7.1,6.955,7.0001,1716,0
RGNT.US,5,20251204,190000,7.0001,7.045,7.0001,7.045,200,0
RGNT.US,5,20251204,190500,7.09,7.09,7.06,7.06,743,0
RGNT.US,5,20251204,191000,7.13,7.13,7.0701,7.0701,1467,0
RGNT.US,5,20251204,191500,7.2,7.2,7.1001,7.145,1450,0
RGNT.US,5,20251204,192500,7.1,7.14,7.1,7.14,510,0
RGNT.US,5,20251204,193000,7.1101,7.13,7.1101,7.12,993,0
RGNT.US,5,20251204,193500,7.1001,7.14,7.1001,7.14,3151,0
RGNT.US,5,20251204,194000,7.1001,7.1001,7.07,7.07,8677,0
RGNT.US,5,20251204,194500,7.07,7.08,7.07,7.08,1769,0
RGNT.US,5,20251204,195000,7.07,7.1,7.045,7.05,2030,0
RGNT.US,5,20251204,195500,7.1,7.1,7.0101,7.1,1254,0
RGNT.US,5,20251204,200000,7.1,7.15,7.045,7.15,1455,0
RGNT.US,5,20251204,200500,7.085,7.15,7.0201,7.085,1913,0
RGNT.US,5,20251204,201000,7.15,7.3974,7.1001,7.3974,1650,0
RGNT.US,5,20251204,201500,7.25,7.27,7.25,7.27,400,0
RGNT.US,5,20251204,202000,7.27,7.27,7.27,7.27,200,0
RGNT.US,5,20251204,202500,7.14,7.2122,7.14,7.2122,627,0
RGNT.US,5,20251204,203000,7.3012,7.3012,7.2001,7.2001,1014,0
RGNT.US,5,20251204,203500,7.2,7.349,7.2,7.349,878,0
RGNT.US,5,20251204,204000,7.2501,7.2501,7.25,7.25,992,0
RGNT.US,5,20251204,204500,7.2101,7.2101,7.2101,7.2101,200,0
RGNT.US,5,20251204,205000,7.21,7.21,7.21,7.21,380,0
RGNT.US,5,20251204,205500,7.3203,7.3203,7.2201,7.2201,500,0
RGNT.US,5,20251204,210000,7.2201,7.35,7.22,7.35,1770,0
RGNT.US,5,20251204,210500,7.25,7.25,7.25,7.25,100,0
RGNT.US,5,20251204,211000,7.25,7.2501,7.25,7.2501,1063,0
RGNT.US,5,20251204,211500,7.2501,7.26,7.2501,7.26,728,0
RGNT.US,5,20251204,212000,7.26,7.2601,7.26,7.26,1001,0
RGNT.US,5,20251204,212500,7.26,7.2601,7.26,7.2601,1978,0
RGNT.US,5,20251204,213000,7.2601,7.2601,7.26,7.2601,1297,0
RGNT.US,5,20251204,213500,7.26,7.27,7.25,7.25,1188,0
RGNT.US,5,20251204,214000,7.25,7.27,7.25,7.2605,2978,0
RGNT.US,5,20251204,214500,7.26,7.295,7.25,7.295,2809,0
RGNT.US,5,20251204,215000,7.34,7.34,7.25,7.27,3979,0
RGNT.US,5,20251204,215500,7.2501,7.5,7.25,7.5,21183,0
RGNT.US,5,20251205,153000,7.29,7.3,7.29,7.29,700,0
RGNT.US,5,20251205,153500,7.35,7.36,7.35,7.36,265,0
RGNT.US,5,20251205,155000,7.3,7.3,7.3,7.3,448,0
RGNT.US,5,20251205,155500,7.35,7.35,7.35,7.35,100,0
RGNT.US,5,20251205,160000,7.425,7.425,7.425,7.425,143,0
RGNT.US,5,20251205,160500,7.4601,7.4602,7.36,7.36,867,0
RGNT.US,5,20251205,161000,7.43,7.6485,7.43,7.6485,4160,0
RGNT.US,5,20251205,161500,7.6129,7.63,7.5,7.5531,6855,0
RGNT.US,5,20251205,162000,7.53,7.56,7.53,7.56,500,0
RGNT.US,5,20251205,162500,7.575,7.575,7.575,7.575,1000,0
RGNT.US,5,20251205,163000,7.65,7.65,7.65,7.65,250,0
RGNT.US,5,20251205,163500,7.65,7.65,7.65,7.65,100,0
RGNT.US,5,20251205,164500,7.675,7.675,7.6,7.6,1600,0
RGNT.US,5,20251205,165000,7.675,7.6932,7.6,7.6932,649,0
RGNT.US,5,20251205,165500,7.65,7.65,7.65,7.65,100,0
RGNT.US,5,20251205,170000,7.65,7.65,7.552,7.552,344,0
RGNT.US,5,20251205,170500,7.58,7.65,7.5,7.5,7644,0
RGNT.US,5,20251205,171000,7.575,7.575,7.5675,7.5675,800,0
RGNT.US,5,20251205,171500,7.575,7.575,7.575,7.575,200,0
RGNT.US,5,20251205,172000,7.575,7.575,7.5,7.575,500,0
RGNT.US,5,20251205,172500,7.5001,7.575,7.5,7.575,1792,0
RGNT.US,5,20251205,173000,7.575,7.575,7.575,7.575,200,0
RGNT.US,5,20251205,173500,7.535,7.535,7.535,7.535,200,0
RGNT.US,5,20251205,174000,7.535,7.57,7.5,7.5,5196,0
RGNT.US,5,20251205,174500,7.5,7.6979,7.28,7.6979,6700,0
RGNT.US,5,20251205,175000,7.6066,7.675,7.43,7.43,1900,0
RGNT.US,5,20251205,181000,7.5,7.5,7.5,7.5,200,0
RGNT.US,5,20251205,181500,7.5,7.515,7.47,7.5,1307,0
RGNT.US,5,20251205,183500,7.495,7.5,7.48,7.5,300,0
RGNT.US,5,20251205,184500,7.48,7.48,7.48,7.48,500,0
RGNT.US,5,20251205,185000,7.402,7.44,7.4006,7.4006,2200,0
RGNT.US,5,20251205,190000,7.48,7.48,7.48,7.48,200,0
RGNT.US,5,20251205,190500,7.56,7.56,7.55,7.56,410,0
RGNT.US,5,20251205,191500,7.5,7.5,7.5,7.5,150,0
RGNT.US,5,20251205,192000,7.5,7.5,7.5,7.5,200,0
RGNT.US,5,20251205,192500,7.55,7.55,7.5,7.5,900,0
RGNT.US,5,20251205,193000,7.5,7.5,7.5,7.5,200,0
RGNT.US,5,20251205,193500,7.5,7.5,7.5,7.5,200,0
RGNT.US,5,20251205,194000,7.5,7.5,7.5,7.5,450,0
RGNT.US,5,20251205,194500,7.49,7.505,7.48,7.48,1004,0
RGNT.US,5,20251205,200000,7.46,7.46,7.46,7.46,100,0
RGNT.US,5,20251205,200500,7.3928,7.3928,7.3928,7.3928,100,0
RGNT.US,5,20251205,201000,7.46,7.46,7.46,7.46,380,0
RGNT.US,5,20251205,201500,7.38,7.38,7.38,7.38,137,0
RGNT.US,5,20251205,202000,7.46,7.46,7.46,7.46,320,0
RGNT.US,5,20251205,203000,7.46,7.48,7.46,7.48,756,0
RGNT.US,5,20251205,204000,7.5,7.5,7.5,7.5,440,0
RGNT.US,5,20251205,204500,7.39,7.39,7.39,7.39,200,0
RGNT.US,5,20251205,205000,7.49,7.49,7.4,7.4,400,0
RGNT.US,5,20251205,205500,7.49,7.49,7.49,7.49,200,0
RGNT.US,5,20251205,211500,7.41,7.41,7.41,7.41,100,0
RGNT.US,5,20251205,212500,7.4343,7.4343,7.4343,7.4343,100,0
RGNT.US,5,20251205,215000,7.416,7.416,7.3,7.3,3000,0
RGNT.US,5,20251205,215500,7.35,7.49,7.35,7.49,743,0
RGNT.US,5,20251208,155000,7.3799,7.3799,7.3799,7.3799,100,0
RGNT.US,5,20251208,155500,7.06,7.06,7.06,7.06,123,0
RGNT.US,5,20251208,160000,7.205,7.205,7.205,7.205,200,0
RGNT.US,5,20251208,161000,7.08,7.156,7.0506,7.0601,2600,0
RGNT.US,5,20251208,163500,7.3128,7.3128,7.3128,7.3128,200,0
RGNT.US,5,20251208,164000,7.12,7.12,7.12,7.12,100,0
RGNT.US,5,20251208,171000,7.22,7.22,7.2,7.2,200,0
RGNT.US,5,20251208,171500,7.22,7.22,7.16,7.16,900,0
RGNT.US,5,20251208,172000,7.1873,7.1873,7.1873,7.1873,1356,0
RGNT.US,5,20251208,173500,7.38,7.38,7.38,7.38,278,0
RGNT.US,5,20251208,174000,7.26,7.26,7.25,7.26,500,0
RGNT.US,5,20251208,174500,7.25,7.25,7.25,7.25,100,0
RGNT.US,5,20251208,180500,7.25,7.25,7.25,7.25,100,0
RGNT.US,5,20251208,184500,7.23,7.23,7.23,7.23,100,0
RGNT.US,5,20251208,194000,7.28,7.29,7.28,7.28,900,0
RGNT.US,5,20251208,215000,7.37,7.37,7.37,7.37,190,0
RGNT.US,5,20251208,215500,7.33,7.33,7.33,7.33,209,0
RGNT.US,5,20251209,153000,7.26,7.26,7.25,7.25,500,0
RGNT.US,5,20251209,154500,7.26,7.2887,7.26,7.2887,328,0
RGNT.US,5,20251209,160500,7.26,7.26,7.25,7.25,10885,0
RGNT.US,5,20251209,164500,7.323,7.323,7.323,7.323,250,0
RGNT.US,5,20251209,173000,7.28,7.28,7.27,7.27,300,0
RGNT.US,5,20251209,191000,7.35,7.35,7.35,7.35,122,0
RGNT.US,5,20251209,193500,7.25,7.25,7.25,7.25,140,0
RGNT.US,5,20251209,201500,7.2501,7.2501,7.2501,7.2501,100,0
RGNT.US,5,20251209,211000,7.39,7.39,7.325,7.325,500,0
RGNT.US,5,20251209,213000,7.48,7.5,7.48,7.5,600,0
RGNT.US,5,20251210,154000,7.2,7.2,7.2,7.2,100,0
RGNT.US,5,20251210,155500,7.2,7.2,7.2,7.2,100,0
RGNT.US,5,20251210,162500,7.19,7.19,7.19,7.19,100,0
RGNT.US,5,20251210,164000,7.157,7.157,7.1295,7.1295,978,0
RGNT.US,5,20251210,165000,7.1515,7.1515,7.1515,7.1515,209,0
RGNT.US,5,20251210,173000,7.15,7.15,7.15,7.15,230,0
RGNT.US,5,20251210,201000,7.1,7.1,7.05,7.05,987,0
RGNT.US,5,20251210,205000,7.2,7.2,7.2,7.2,100,0
RGNT.US,5,20251210,215000,7.2,7.2,7.2,7.2,200,0
RGNT.US,5,20251210,215500,7.1,7.1,7.1,7.1,100,0
RGNT.US,5,20251211,153500,7.18,7.2,7.18,7.19,620,0
RGNT.US,5,20251211,162500,7.19,7.19,7.19,7.19,100,0
RGNT.US,5,20251211,172000,7.14,7.14,7.14,7.14,121,0
RGNT.US,5,20251211,175000,7.1,7.1,7.06,7.06,400,0
RGNT.US,5,20251211,180500,7.07,7.07,7.07,7.07,137,0
RGNT.US,5,20251211,182000,7.07,7.07,7.07,7.07,151,0
RGNT.US,5,20251211,195000,7.07,7.1,7.07,7.1,680,0
RGNT.US,5,20251211,202500,7.18,7.18,7.15,7.15,200,0
RGNT.US,5,20251211,203000,7.15,7.15,7.15,7.15,208,0
RGNT.US,5,20251211,210500,7.15,7.15,7.14,7.14,302,0
RGNT.US,5,20251212,174500,7.17,7.17,7.17,7.17,100,0
RGNT.US,5,20251212,175000,7.18,7.18,7.18,7.18,200,0
RGNT.US,5,20251212,180000,7.18,7.18,7.175,7.18,1730,0
RGNT.US,5,20251212,215500,7.18,7.18,7.18,7.18,100,0
RGNT.US,5,20251215,162500,7.2671,7.2671,7.2671,7.2671,100,0
RGNT.US,5,20251215,165000,7.05,7.08,7,7,16286,0
RGNT.US,5,20251215,184500,6.9,6.91,6.9,6.91,1100,0
RGNT.US,5,20251215,190500,6.81,6.81,6.801,6.801,822,0
RGNT.US,5,20251215,191000,7,7,7,7,100,0
RGNT.US,5,20251215,204500,6.905,6.905,6.905,6.905,100,0
RGNT.US,5,20251215,210000,6.8898,6.8898,6.8898,6.8898,200,0
RGNT.US,5,20251216,153000,6.81,6.81,6.81,6.81,100,0
RGNT.US,5,20251216,153500,6.8,6.8,6.8,6.8,100,0
RGNT.US,5,20251216,154000,6.8,6.8737,6.72,6.8737,500,0
RGNT.US,5,20251216,154500,6.72,6.72,6.69,6.69,200,0
RGNT.US,5,20251216,155000,6.65,6.65,6.32,6.32,300,0
RGNT.US,5,20251216,155500,6.62,6.62,6.62,6.62,100,0
RGNT.US,5,20251216,160000,6.14,6.14,6.14,6.14,100,0
RGNT.US,5,20251216,161000,5.76,6.156,5.75,6.156,426,0
RGNT.US,5,20251216,161500,5.76,5.935,5.76,5.935,300,0
RGNT.US,5,20251216,162000,5.913,6.05,5.913,6.05,8553,0
RGNT.US,5,20251216,162500,6.1,6.1,6.05,6.0882,800,0
RGNT.US,5,20251216,163000,6.12,6.12,6.12,6.12,250,0
RGNT.US,5,20251216,164000,6.01,6.01,6.01,6.01,100,0
RGNT.US,5,20251216,164500,6.025,6.025,6.025,6.025,100,0
RGNT.US,5,20251216,165000,6.02,6.02,6.02,6.02,100,0
RGNT.US,5,20251216,165500,6.025,6.104,6.025,6.104,600,0
RGNT.US,5,20251216,170000,6.0692,6.1699,6.05,6.1699,2394,0
RGNT.US,5,20251216,170500,6.18,6.18,6.18,6.18,300,0
RGNT.US,5,20251216,171000,6.18,6.18,6.18,6.18,124,0
RGNT.US,5,20251216,171500,6.1646,6.1646,6.1646,6.1646,1000,0
RGNT.US,5,20251216,172000,6.2,6.2568,6.19,6.2568,600,0
RGNT.US,5,20251216,172500,6.1015,6.175,6.1015,6.175,324,0
RGNT.US,5,20251216,173500,6.12,6.25,6.12,6.25,500,0
RGNT.US,5,20251216,175000,6.13,6.13,6.13,6.13,100,0
RGNT.US,5,20251216,175500,6.13,6.13,6.13,6.13,100,0
RGNT.US,5,20251216,180000,6.1127,6.13,6.1127,6.13,2253,0
RGNT.US,5,20251216,180500,6.13,6.13,6.13,6.13,100,0
RGNT.US,5,20251216,181000,6.13,6.13,6.13,6.13,100,0
RGNT.US,5,20251216,181500,6.13,6.13,6.13,6.13,100,0
RGNT.US,5,20251216,182000,6.13,6.2005,6.13,6.2005,600,0
RGNT.US,5,20251216,182500,6.11,6.13,6.11,6.13,200,0
RGNT.US,5,20251216,183000,6.189,6.189,6.12,6.12,600,0
RGNT.US,5,20251216,183500,6.115,6.115,6.115,6.115,100,0
RGNT.US,5,20251216,185000,6.11,6.12,6.1,6.1,3412,0
RGNT.US,5,20251216,185500,6.1,6.195,6.1,6.195,1100,0
RGNT.US,5,20251216,190000,6.1,6.1,6.1,6.1,100,0
RGNT.US,5,20251216,190500,6.11,6.11,6.11,6.11,100,0
RGNT.US,5,20251216,191000,6.1,6.11,6.1,6.11,200,0
RGNT.US,5,20251216,191500,6.11,6.11,6.11,6.11,100,0
RGNT.US,5,20251216,192000,6.11,6.11,6.11,6.11,100,0
RGNT.US,5,20251216,192500,6.11,6.15,6.11,6.15,800,0
RGNT.US,5,20251216,194000,6.12,6.12,6.12,6.12,100,0
RGNT.US,5,20251216,194500,6.11,6.15,6.1,6.1,466,0
RGNT.US,5,20251216,195500,6.11,6.15,6.11,6.12,700,0
RGNT.US,5,20251216,201000,6.12,6.12,6.12,6.12,100,0
RGNT.US,5,20251216,201500,6.11,6.11,6.11,6.11,100,0
RGNT.US,5,20251216,202000,6.1,6.1,6.1,6.1,100,0
RGNT.US,5,20251216,202500,6.1,6.19,6.1,6.1,300,0
RGNT.US,5,20251216,203000,6.1,6.1,6.1,6.1,100,0
RGNT.US,5,20251216,203500,6.11,6.11,6.11,6.11,100,0
RGNT.US,5,20251216,204000,6.15,6.18,6.11,6.18,600,0
RGNT.US,5,20251216,204500,6.11,6.11,6.11,6.11,100,0
RGNT.US,5,20251216,205000,6.125,6.18,6.125,6.18,950,0
RGNT.US,5,20251216,205500,6.11,6.12,6.1,6.1,400,0
RGNT.US,5,20251216,210000,6.18,6.18,6.18,6.18,400,0
RGNT.US,5,20251216,210500,6.19,6.19,6.19,6.19,300,0
RGNT.US,5,20251216,212500,6.11,6.11,6.1,6.1,300,0
RGNT.US,5,20251216,213000,6.11,6.15,6.11,6.13,800,0
RGNT.US,5,20251216,213500,6.11,6.11,6.11,6.11,100,0
RGNT.US,5,20251216,214000,6.11,6.11,6.1,6.1,200,0
RGNT.US,5,20251216,214500,6.1,6.1329,6.1,6.1329,450,0
RGNT.US,5,20251216,215000,6.1,6.16,6.1,6.1,2800,0
RGNT.US,5,20251216,215500,6.1,6.11,6.05,6.05,3388,0
RGNT.US,5,20251217,174000,6.335,6.335,6.3,6.3,400,0
RGNT.US,5,20251217,174500,6.29,6.29,6.29,6.29,200,0
RGNT.US,5,20251217,175000,6.27,6.27,6.26,6.26,300,0
RGNT.US,5,20251217,182000,6.265,6.265,6.265,6.265,200,0
RGNT.US,5,20251217,201500,6.25,6.25,6.25,6.25,160,0
RGNT.US,5,20251217,204000,6.14,6.195,6.13,6.195,700,0
RGNT.US,5,20251217,214000,6.34,6.34,6.34,6.34,500,0
RGNT.US,5,20251217,215500,6.16,6.16,6.1501,6.1501,200,0
RGNT.US,5,20251218,174500,6.3149,6.3149,6.3149,6.3149,123,0
RGNT.US,5,20251218,180500,6.25,6.25,6.25,6.25,100,0
RGNT.US,5,20251218,181500,6.25,6.25,6.25,6.25,200,0
RGNT.US,5,20251218,190000,6.3962,6.3962,6.3962,6.3962,350,0
RGNT.US,5,20251219,154500,6.5,6.5,6.48,6.48,400,0
RGNT.US,5,20251219,195000,6.21,6.21,6.1,6.1,325,0
RGNT.US,5,20251222,164000,6.135,6.135,6.135,6.135,100,0
RGNT.US,5,20251222,172000,6.14,6.14,6.14,6.14,164,0
RGNT.US,5,20251222,183500,6.13,6.13,6.13,6.13,300,0
RGNT.US,5,20251222,185000,6.02,6.02,6.02,6.02,100,0
RGNT.US,5,20251222,190000,6,6,6,6,1000,0
RGNT.US,5,20251222,191000,6.0901,6.0901,6.0901,6.0901,250,0
RGNT.US,5,20251222,200000,6.17,6.18,6.05,6.05,400,0
RGNT.US,5,20251222,200500,6.05,6.15,6.05,6.14,1600,0
RGNT.US,5,20251222,201000,6.14,6.39,6.14,6.3,5954,0
RGNT.US,5,20251222,201500,6.43,6.43,6.4,6.4,494,0
RGNT.US,5,20251222,202000,6.39,6.39,6.38,6.38,641,0
RGNT.US,5,20251222,202500,6.85,6.95,6.7,6.7,8658,0
RGNT.US,5,20251222,203000,6.8,6.8,6.7,6.7,1856,0
RGNT.US,5,20251222,204000,6.7,6.72,6.7,6.7,800,0
RGNT.US,5,20251222,204500,6.72,6.75,6.65,6.69,1600,0
RGNT.US,5,20251222,212000,6.35,6.35,6.35,6.35,100,0
RGNT.US,5,20251222,212500,6.85,6.85,6.85,6.85,100,0
RGNT.US,5,20251222,214000,6.65,6.65,6.65,6.65,100,0
