<TICKER>,<PER>,<DATE>,<TIME>,<OPEN>,<HIGH>,<LOW>,<CLOSE>,<VOL>,<OPENINT>
AGM_D.US,5,20250728,161000,21.7006,21.7006,21.7006,21.7006,795,0
AGM_D.US,5,20250728,165000,21.7999,21.7999,21.7999,21.7999,1000,0
AGM_D.US,5,20250728,172500,21.8,21.8,21.6993,21.745,2369,0
AGM_D.US,5,20250728,175000,21.77,21.77,21.77,21.77,100,0
AGM_D.US,5,20250728,175500,21.84,21.84,21.84,21.84,100,0
AGM_D.US,5,20250728,212000,21.77,21.77,21.77,21.77,377,0
AGM_D.US,5,20250728,212500,21.77,21.77,21.77,21.77,1050,0
AGM_D.US,5,20250729,164500,21.79,21.79,21.69,21.69,644,0
AGM_D.US,5,20250729,170500,21.79,21.79,21.79,21.79,100,0
AGM_D.US,5,20250729,205000,21.83,21.83,21.83,21.83,100,0
AGM_D.US,5,20250729,214000,21.85,21.85,21.85,21.85,100,0
AGM_D.US,5,20250730,165500,21.7134,21.7134,21.7134,21.7134,161,0
AGM_D.US,5,20250730,182000,21.809,21.809,21.809,21.809,100,0
AGM_D.US,5,20250730,190000,21.8999,21.8999,21.8999,21.8999,100,0
AGM_D.US,5,20250730,203500,21.9,21.9,21.9,21.9,250,0
AGM_D.US,5,20250730,205000,21.8447,21.8447,21.8447,21.8447,200,0
AGM_D.US,5,20250730,212000,21.8953,21.8953,21.8953,21.8953,1018,0
AGM_D.US,5,20250730,213000,21.8107,21.8107,21.8107,21.8107,360,0
AGM_D.US,5,20250730,213500,21.85,21.85,21.85,21.85,100,0
AGM_D.US,5,20250731,153500,21.91,21.91,21.91,21.91,100,0
AGM_D.US,5,20250731,193000,21.85,21.85,21.85,21.85,200,0
AGM_D.US,5,20250731,202500,21.87,21.87,21.85,21.85,390,0
AGM_D.US,5,20250731,203000,21.85,21.85,21.69,21.69,573,0
AGM_D.US,5,20250731,203500,21.8,21.8,21.8,21.8,270,0
AGM_D.US,5,20250731,211500,21.7851,21.7851,21.7851,21.7851,2700,0
AGM_D.US,5,20250801,164500,21.88,21.88,21.88,21.88,100,0
AGM_D.US,5,20250801,165000,21.85,21.85,21.85,21.85,100,0
AGM_D.US,5,20250801,192000,21.95,21.96,21.95,21.96,400,0
AGM_D.US,5,20250801,192500,21.97,21.99,21.97,21.99,1024,0
AGM_D.US,5,20250801,193500,21.9899,21.9899,21.9899,21.9899,300,0
AGM_D.US,5,20250801,195500,21.97,21.97,21.97,21.97,100,0
AGM_D.US,5,20250804,153500,21.785,21.99,21.785,21.99,400,0
AGM_D.US,5,20250804,154000,22,22,22,22,100,0
AGM_D.US,5,20250804,161500,22,22,22,22,808,0
AGM_D.US,5,20250804,194000,22.24,22.37,22.24,22.312,800,0
AGM_D.US,5,20250804,194500,22.24,22.27,22.235,22.235,300,0
AGM_D.US,5,20250804,200000,22.2,22.2,22.2,22.2,100,0
AGM_D.US,5,20250804,205500,22.2,22.2,22.2,22.2,233,0
AGM_D.US,5,20250804,210500,22.3099,22.3099,22.24,22.275,1600,0
AGM_D.US,5,20250804,211500,22.31,22.31,22.31,22.31,100,0
AGM_D.US,5,20250804,212000,22.31,22.31,22.31,22.31,498,0
AGM_D.US,5,20250804,214000,22.31,22.31,22.31,22.31,1515,0
AGM_D.US,5,20250805,171500,22.38,22.38,22.38,22.38,400,0
AGM_D.US,5,20250805,184000,22.38,22.38,22.38,22.38,100,0
AGM_D.US,5,20250805,184500,22.29,22.31,22.29,22.31,500,0
AGM_D.US,5,20250805,211000,22.33,22.33,22.33,22.33,100,0
AGM_D.US,5,20250805,211500,22.38,22.38,22.38,22.38,100,0
AGM_D.US,5,20250805,212000,22.38,22.39,22.3462,22.39,2180,0
AGM_D.US,5,20250805,215500,22.22,22.22,22.22,22.22,100,0
AGM_D.US,5,20250806,154500,22.0168,22.0168,22.0168,22.0168,191,0
AGM_D.US,5,20250806,160000,22.33,22.33,22.33,22.33,100,0
AGM_D.US,5,20250806,170000,22.25,22.25,22.23,22.23,300,0
AGM_D.US,5,20250806,172500,22.3288,22.3288,22.3288,22.3288,600,0
AGM_D.US,5,20250806,194500,22.27,22.27,22.27,22.27,100,0
AGM_D.US,5,20250806,195000,22.27,22.27,22.27,22.27,100,0
AGM_D.US,5,20250806,212000,22.26,22.2601,22.26,22.2601,1200,0
AGM_D.US,5,20250806,213500,22.3899,22.3899,22.3899,22.3899,200,0
AGM_D.US,5,20250807,165500,22.3999,22.3999,22.3999,22.3999,2000,0
AGM_D.US,5,20250807,181000,22.31,22.31,22.31,22.31,712,0
AGM_D.US,5,20250807,181500,22.1799,22.1799,22.1799,22.1799,230,0
AGM_D.US,5,20250807,182000,22.32,22.32,22.32,22.32,600,0
AGM_D.US,5,20250807,184500,22.3054,22.3054,22.3054,22.3054,1000,0
AGM_D.US,5,20250807,185500,22.4,22.4,22.39,22.4,900,0
AGM_D.US,5,20250807,195500,22.49,22.49,22.49,22.49,100,0
AGM_D.US,5,20250808,153000,22.61,22.61,22.61,22.61,100,0
AGM_D.US,5,20250808,173000,22.46,22.46,22.46,22.46,100,0
AGM_D.US,5,20250811,174000,22.39,22.39,22.39,22.39,235,0
AGM_D.US,5,20250811,175500,22.39,22.4,22.26,22.26,2165,0
AGM_D.US,5,20250811,180500,22.4,22.4,22.4,22.4,100,0
AGM_D.US,5,20250812,154500,22.39,22.39,22.39,22.39,100,0
AGM_D.US,5,20250812,160000,22.255,22.255,22.255,22.255,200,0
AGM_D.US,5,20250812,164000,22.37,22.37,22.37,22.37,100,0
AGM_D.US,5,20250812,171500,22.37,22.37,22.37,22.37,100,0
AGM_D.US,5,20250812,180000,22.36,22.36,22.36,22.36,100,0
AGM_D.US,5,20250812,181000,22.1332,22.1332,22.1332,22.1332,625,0
AGM_D.US,5,20250812,184000,22.4,22.4,22.4,22.4,200,0
AGM_D.US,5,20250812,185000,22.4,22.4,22.27,22.4,500,0
AGM_D.US,5,20250812,194500,22.45,22.45,22.45,22.45,100,0
AGM_D.US,5,20250812,201500,22.3442,22.3442,22.3442,22.3442,250,0
AGM_D.US,5,20250812,204000,22.45,22.45,22.45,22.45,100,0
AGM_D.US,5,20250812,215500,22.4312,22.4312,22.335,22.335,200,0
AGM_D.US,5,20250813,163500,22.4431,22.46,22.4431,22.4599,550,0
AGM_D.US,5,20250813,165500,22.28,22.28,22.28,22.28,100,0
AGM_D.US,5,20250813,181000,22.34,22.34,22.34,22.34,1600,0
AGM_D.US,5,20250813,195000,22.46,22.46,22.46,22.46,2055,0
AGM_D.US,5,20250813,195500,22.45,22.45,22.4488,22.4488,200,0
AGM_D.US,5,20250813,200500,22.44,22.44,22.44,22.44,100,0
AGM_D.US,5,20250813,213500,22.4999,22.5,22.4999,22.5,487,0
AGM_D.US,5,20250813,215500,22.5,22.5,22.5,22.5,115,0
AGM_D.US,5,20250814,190500,22.39,22.39,22.28,22.2801,1337,0
AGM_D.US,5,20250814,212000,22.425,22.425,22.425,22.425,1761,0
AGM_D.US,5,20250815,161500,22.4,22.4,22.4,22.4,200,0
AGM_D.US,5,20250815,181000,22.2999,22.3,22.2999,22.2999,700,0
AGM_D.US,5,20250815,181500,22.28,22.28,22.28,22.28,207,0
AGM_D.US,5,20250815,182500,22.23,22.23,22.23,22.23,644,0
AGM_D.US,5,20250815,185500,22.29,22.29,22.29,22.29,2957,0
AGM_D.US,5,20250815,190000,22.2986,22.2986,22.2986,22.2986,800,0
AGM_D.US,5,20250815,211500,22.2939,22.2939,22.2939,22.2939,257,0
AGM_D.US,5,20250818,160500,22.19,22.335,22.19,22.335,901,0
AGM_D.US,5,20250818,163500,22.37,22.37,22.37,22.37,100,0
AGM_D.US,5,20250818,175000,22.1701,22.1701,22.1701,22.1701,109,0
AGM_D.US,5,20250818,175500,22.19,22.19,22.17,22.19,800,0
AGM_D.US,5,20250818,180000,22.17,22.45,22.17,22.2133,536,0
AGM_D.US,5,20250818,180500,22.16,22.16,22.16,22.16,500,0
AGM_D.US,5,20250818,181000,22.09,22.175,22.06,22.175,1034,0
AGM_D.US,5,20250818,181500,22.07,22.1,22.07,22.1,416,0
AGM_D.US,5,20250818,183000,22.29,22.29,22.29,22.29,100,0
AGM_D.US,5,20250818,185000,22.2,22.2,22.2,22.2,1500,0
AGM_D.US,5,20250818,185500,22.24,22.24,22.24,22.24,100,0
AGM_D.US,5,20250818,190500,22.2,22.2,22.2,22.2,436,0
AGM_D.US,5,20250818,192000,22.19,22.19,22.19,22.19,100,0
AGM_D.US,5,20250818,203000,22.2368,22.2368,22.2368,22.2368,100,0
AGM_D.US,5,20250818,212500,22.1401,22.1401,22.1401,22.1401,300,0
AGM_D.US,5,20250818,213500,22.2,22.2,22.2,22.2,100,0
AGM_D.US,5,20250818,215500,22.17,22.17,22.17,22.17,273,0
AGM_D.US,5,20250819,162500,22.34,22.34,22.34,22.34,100,0
AGM_D.US,5,20250819,194000,22.41,22.4299,22.41,22.42,1750,0
AGM_D.US,5,20250819,204000,22.42,22.44,22.42,22.44,765,0
AGM_D.US,5,20250819,204500,22.44,22.44,22.44,22.44,1424,0
AGM_D.US,5,20250819,211500,22.44,22.44,22.4399,22.44,600,0
AGM_D.US,5,20250819,212000,22.44,22.44,22.44,22.44,1300,0
AGM_D.US,5,20250819,214000,22.5,22.5,22.5,22.5,425,0
AGM_D.US,5,20250820,155500,22.5,22.52,22.5,22.52,201,0
AGM_D.US,5,20250820,161000,22.72,22.72,22.72,22.72,100,0
AGM_D.US,5,20250820,165500,22.6816,22.6816,22.6816,22.6816,525,0
AGM_D.US,5,20250820,171500,22.72,22.72,22.72,22.72,105,0
AGM_D.US,5,20250820,184500,22.7,22.77,22.7,22.77,400,0
AGM_D.US,5,20250820,190000,22.79,22.79,22.78,22.78,200,0
AGM_D.US,5,20250820,191000,22.78,22.78,22.78,22.78,100,0
AGM_D.US,5,20250820,193000,22.94,22.94,22.94,22.94,100,0
AGM_D.US,5,20250820,194000,22.79,22.79,22.79,22.79,100,0
AGM_D.US,5,20250820,195500,22.94,22.94,22.94,22.94,100,0
AGM_D.US,5,20250820,205500,22.9,22.9,22.9,22.9,100,0
AGM_D.US,5,20250820,212000,22.9,22.93,22.8999,22.93,1200,0
AGM_D.US,5,20250820,214000,22.8,22.8,22.8,22.8,100,0
AGM_D.US,5,20250821,160500,22.87,22.87,22.87,22.87,100,0
AGM_D.US,5,20250821,165500,22.81,22.828,22.81,22.81,400,0
AGM_D.US,5,20250821,172000,22.86,22.86,22.86,22.86,360,0
AGM_D.US,5,20250821,173000,22.75,22.75,22.75,22.75,200,0
AGM_D.US,5,20250821,174000,22.8583,22.8583,22.8583,22.8583,1000,0
AGM_D.US,5,20250821,174500,22.8599,22.8599,22.8599,22.8599,372,0
AGM_D.US,5,20250821,190000,22.76,22.76,22.76,22.76,100,0
AGM_D.US,5,20250821,211500,22.8499,22.86,22.8499,22.8499,1183,0
AGM_D.US,5,20250822,153000,22.88,22.89,22.88,22.89,200,0
AGM_D.US,5,20250822,154000,22.9,22.92,22.9,22.92,800,0
AGM_D.US,5,20250822,160500,22.9,22.9,22.9,22.9,152,0
AGM_D.US,5,20250822,165000,22.825,22.825,22.825,22.825,100,0
AGM_D.US,5,20250822,193000,22.85,22.85,22.85,22.85,596,0
AGM_D.US,5,20250822,201500,22.85,22.85,22.85,22.85,100,0
AGM_D.US,5,20250822,212500,22.78,22.78,22.7711,22.7711,300,0
AGM_D.US,5,20250825,155000,22.6322,22.6322,22.6322,22.6322,821,0
AGM_D.US,5,20250825,162500,22.65,22.7433,22.65,22.7433,1050,0
AGM_D.US,5,20250825,184500,22.8499,22.8499,22.8499,22.8499,200,0
AGM_D.US,5,20250825,185000,22.8499,22.8499,22.8499,22.8499,300,0
AGM_D.US,5,20250826,172500,22.65,22.7,22.65,22.7,530,0
AGM_D.US,5,20250826,173000,22.7,22.7,22.7,22.7,100,0
AGM_D.US,5,20250826,182000,22.7,22.7,22.7,22.7,1470,0
AGM_D.US,5,20250826,212000,22.76,22.76,22.635,22.635,3056,0
AGM_D.US,5,20250827,172000,22.59,22.59,22.59,22.59,225,0
AGM_D.US,5,20250827,212000,22.7773,22.7773,22.7773,22.7773,200,0
AGM_D.US,5,20250828,153500,22.77,22.77,22.77,22.77,100,0
AGM_D.US,5,20250828,160500,22.71,22.71,22.71,22.71,105,0
AGM_D.US,5,20250828,161000,22.83,22.84,22.83,22.84,200,0
AGM_D.US,5,20250828,163000,22.5663,22.5663,22.5663,22.5663,1000,0
AGM_D.US,5,20250828,165000,22.73,22.73,22.73,22.73,200,0
AGM_D.US,5,20250828,170000,22.74,22.75,22.73,22.75,600,0
AGM_D.US,5,20250828,171500,22.75,22.75,22.54,22.54,400,0
AGM_D.US,5,20250828,174500,22.75,22.75,22.75,22.75,100,0
AGM_D.US,5,20250828,180000,22.7499,22.7499,22.7499,22.7499,100,0
AGM_D.US,5,20250828,181500,22.75,22.75,22.75,22.75,100,0
AGM_D.US,5,20250828,185500,22.75,22.75,22.75,22.75,100,0
AGM_D.US,5,20250828,193000,22.75,22.75,22.75,22.75,100,0
AGM_D.US,5,20250828,195500,22.75,22.75,22.75,22.75,100,0
AGM_D.US,5,20250828,202000,22.75,22.75,22.75,22.75,100,0
AGM_D.US,5,20250828,203500,22.52,22.525,22.52,22.52,444,0
AGM_D.US,5,20250828,210500,22.74,22.74,22.74,22.74,100,0
AGM_D.US,5,20250828,211500,22.7078,22.75,22.7078,22.75,1895,0
AGM_D.US,5,20250828,212000,22.75,22.75,22.635,22.635,1546,0
AGM_D.US,5,20250828,215500,22.73,22.73,22.73,22.73,100,0
AGM_D.US,5,20250829,153000,22.4401,22.4401,22.4401,22.4401,500,0
AGM_D.US,5,20250829,161000,22.7499,22.7499,22.7499,22.7499,100,0
AGM_D.US,5,20250829,163500,22.5013,22.5013,22.5013,22.5013,200,0
AGM_D.US,5,20250829,174500,22.7499,22.75,22.72,22.7499,4654,0
AGM_D.US,5,20250829,175000,22.85,22.85,22.85,22.85,1495,0
AGM_D.US,5,20250829,175500,22.7959,22.7959,22.7959,22.7959,100,0
AGM_D.US,5,20250829,180500,22.75,22.75,22.75,22.75,100,0
AGM_D.US,5,20250829,193500,22.75,22.75,22.75,22.75,214,0
AGM_D.US,5,20250829,212000,22.7863,22.7863,22.7863,22.7863,865,0
AGM_D.US,5,20250829,215000,22.85,22.85,22.85,22.85,300,0
AGM_D.US,5,20250829,215500,22.85,22.85,22.85,22.85,122,0
AGM_D.US,5,20250902,153000,22.62,22.62,22.62,22.62,100,0
AGM_D.US,5,20250902,154500,22.62,22.62,22.62,22.62,100,0
AGM_D.US,5,20250902,171500,22.6512,22.6512,22.6512,22.6512,100,0
AGM_D.US,5,20250902,173000,22.65,22.6501,22.65,22.6501,1162,0
AGM_D.US,5,20250902,173500,22.5008,22.5008,22.5008,22.5008,819,0
AGM_D.US,5,20250902,183000,22.65,22.65,22.65,22.65,200,0
AGM_D.US,5,20250902,201000,22.7699,22.7699,22.7699,22.7699,375,0
AGM_D.US,5,20250902,201500,22.77,22.77,22.68,22.68,1881,0
AGM_D.US,5,20250902,202500,22.66,22.66,22.66,22.66,1600,0
AGM_D.US,5,20250902,205500,22.71,22.71,22.71,22.71,200,0
AGM_D.US,5,20250902,212500,22.76,22.76,22.76,22.76,900,0
AGM_D.US,5,20250902,215500,22.76,22.76,22.76,22.76,106,0
AGM_D.US,5,20250903,153500,22.6356,22.7251,22.61,22.7251,500,0
AGM_D.US,5,20250903,154000,22.76,22.76,22.61,22.7251,600,0
AGM_D.US,5,20250903,160500,22.65,22.65,22.65,22.65,200,0
AGM_D.US,5,20250903,161000,22.7251,22.77,22.61,22.7699,1748,0
AGM_D.US,5,20250903,165500,22.7293,22.7293,22.7293,22.7293,300,0
AGM_D.US,5,20250903,172000,22.72,22.72,22.72,22.72,500,0
AGM_D.US,5,20250903,174000,22.635,22.77,22.635,22.7318,2994,0
AGM_D.US,5,20250903,174500,22.64,22.7318,22.635,22.64,600,0
AGM_D.US,5,20250903,195500,22.64,22.64,22.64,22.64,1000,0
AGM_D.US,5,20250903,201000,22.7,22.7,22.7,22.7,100,0
AGM_D.US,5,20250903,202000,22.7,22.7,22.7,22.7,200,0
AGM_D.US,5,20250903,204000,22.77,22.77,22.7699,22.7699,750,0
AGM_D.US,5,20250903,211000,22.77,22.77,22.77,22.77,295,0
AGM_D.US,5,20250903,214500,22.77,22.77,22.77,22.77,118,0
AGM_D.US,5,20250903,215000,22.765,22.765,22.765,22.765,600,0
AGM_D.US,5,20250904,155000,22.6179,22.6179,22.6179,22.6179,560,0
AGM_D.US,5,20250904,160000,22.76,22.76,22.76,22.76,100,0
AGM_D.US,5,20250904,164500,22.75,22.75,22.75,22.75,100,0
AGM_D.US,5,20250904,173000,22.6409,22.6409,22.6409,22.6409,300,0
AGM_D.US,5,20250904,175500,22.6413,22.6413,22.6413,22.6413,1000,0
AGM_D.US,5,20250904,184000,22.77,22.77,22.77,22.77,772,0
AGM_D.US,5,20250904,190500,22.77,22.77,22.77,22.77,100,0
AGM_D.US,5,20250904,194500,22.77,22.77,22.77,22.77,200,0
AGM_D.US,5,20250904,201500,22.77,22.77,22.77,22.77,100,0
AGM_D.US,5,20250904,202500,22.7332,22.7332,22.73,22.73,500,0
AGM_D.US,5,20250904,212500,22.7298,22.795,22.7298,22.795,1646,0
AGM_D.US,5,20250905,160500,22.85,22.85,22.85,22.85,219,0
AGM_D.US,5,20250905,195500,22.815,22.815,22.8,22.8,484,0
AGM_D.US,5,20250905,202000,22.8,22.8,22.8,22.8,317,0
AGM_D.US,5,20250905,204500,22.8,22.85,22.8,22.8499,1070,0
AGM_D.US,5,20250908,160000,22.825,22.88,22.825,22.88,2543,0
AGM_D.US,5,20250908,165000,22.97,22.97,22.97,22.97,100,0
AGM_D.US,5,20250908,173500,22.8101,22.8101,22.8101,22.8101,191,0
AGM_D.US,5,20250908,192000,22.875,22.875,22.875,22.875,110,0
AGM_D.US,5,20250908,212000,22.875,22.875,22.875,22.875,667,0
AGM_D.US,5,20250908,215500,22.9,23.02,22.9,23.02,200,0
AGM_D.US,5,20250909,162500,23,23,23,23,103,0
AGM_D.US,5,20250909,165500,22.84,22.84,22.84,22.84,200,0
AGM_D.US,5,20250909,182000,22.9499,22.9499,22.9499,22.9499,250,0
AGM_D.US,5,20250909,183000,22.8301,22.8301,22.8301,22.8301,100,0
AGM_D.US,5,20250909,190000,22.95,22.95,22.95,22.95,100,0
AGM_D.US,5,20250909,200500,22.99,23.01,22.99,23.01,200,0
AGM_D.US,5,20250909,201000,23,23.0499,22.942,22.942,2110,0
AGM_D.US,5,20250909,210500,22.96,22.96,22.96,22.96,100,0
AGM_D.US,5,20250909,212000,22.9401,22.995,22.9401,22.995,1330,0
AGM_D.US,5,20250910,154500,23.05,23.1,23.05,23.1,649,0
AGM_D.US,5,20250910,163500,23.05,23.05,23.05,23.05,173,0
AGM_D.US,5,20250910,173000,23.23,23.24,23.11,23.21,1100,0
AGM_D.US,5,20250910,175000,23.2001,23.2001,23.2001,23.2001,121,0
AGM_D.US,5,20250910,183000,23.07,23.07,23.07,23.07,200,0
AGM_D.US,5,20250910,183500,23.07,23.07,23.07,23.07,317,0
AGM_D.US,5,20250910,185500,23.1787,23.1787,23.1787,23.1787,110,0
AGM_D.US,5,20250910,200500,23.15,23.15,23.15,23.15,300,0
AGM_D.US,5,20250910,210000,23.1017,23.12,23.095,23.12,1500,0
AGM_D.US,5,20250910,212500,23.07,23.07,23.06,23.06,335,0
AGM_D.US,5,20250910,213000,23.0677,23.0677,23.0677,23.0677,200,0
AGM_D.US,5,20250910,215000,23.01,23.01,23.01,23.01,200,0
AGM_D.US,5,20250911,153500,23.3499,23.3499,23.3499,23.3499,150,0
AGM_D.US,5,20250911,171500,23.25,23.25,23.22,23.22,400,0
AGM_D.US,5,20250911,172000,23.16,23.21,23.16,23.21,400,0
AGM_D.US,5,20250911,183500,23.24,23.35,23.24,23.3499,722,0
AGM_D.US,5,20250911,202500,23.35,23.35,23.285,23.285,691,0
AGM_D.US,5,20250911,211500,23.27,23.27,23.2601,23.2601,855,0
AGM_D.US,5,20250911,215000,23.37,23.37,23.37,23.37,300,0
AGM_D.US,5,20250911,215500,23.37,23.37,23.37,23.37,100,0
AGM_D.US,5,20250912,160500,23.3,23.3,23.3,23.3,500,0
AGM_D.US,5,20250912,165500,23.3255,23.3255,23.3001,23.3001,200,0
AGM_D.US,5,20250912,203500,23.5099,23.5099,23.5099,23.5099,500,0
AGM_D.US,5,20250915,153000,23.47,23.47,23.47,23.47,414,0
AGM_D.US,5,20250915,171500,23.7062,23.7062,23.7062,23.7062,100,0
AGM_D.US,5,20250915,184500,23.71,23.71,23.71,23.71,394,0
AGM_D.US,5,20250915,190500,23.71,23.71,23.71,23.71,400,0
AGM_D.US,5,20250915,201500,23.635,23.635,23.635,23.635,500,0
AGM_D.US,5,20250916,173500,23.85,23.85,23.8,23.8,586,0
AGM_D.US,5,20250916,174000,23.8999,23.8999,23.8999,23.8999,500,0
AGM_D.US,5,20250916,180500,23.9,23.9,23.89,23.89,950,0
AGM_D.US,5,20250916,183000,23.8941,23.8941,23.8941,23.8941,500,0
AGM_D.US,5,20250916,185000,23.8992,23.8992,23.8992,23.8992,1200,0
AGM_D.US,5,20250916,190500,23.5,23.5,23.5,23.5,1100,0
AGM_D.US,5,20250916,195000,23.775,23.775,23.775,23.775,100,0
AGM_D.US,5,20250916,200500,23.77,23.77,23.77,23.77,100,0
AGM_D.US,5,20250916,201000,23.85,23.85,23.85,23.85,100,0
AGM_D.US,5,20250916,210000,23.65,23.68,23.65,23.68,635,0
AGM_D.US,5,20250916,211000,23.75,23.75,23.75,23.75,100,0
AGM_D.US,5,20250916,211500,23.725,23.725,23.725,23.725,200,0
AGM_D.US,5,20250916,212500,23.75,23.75,23.75,23.75,1200,0
AGM_D.US,5,20250917,172000,23.41,23.79,23.36,23.79,700,0
AGM_D.US,5,20250917,180500,23.48,23.48,23.48,23.48,101,0
AGM_D.US,5,20250917,181500,23.3175,23.3175,23.3175,23.3175,250,0
AGM_D.US,5,20250917,192500,23.32,23.32,23.31,23.31,300,0
AGM_D.US,5,20250917,201000,23.4,23.4,23.4,23.4,199,0
AGM_D.US,5,20250917,210500,23.44,23.44,23.44,23.44,100,0
AGM_D.US,5,20250917,213000,23.31,23.31,22.92,23.01,1250,0
AGM_D.US,5,20250917,215000,22.9201,22.9201,22.9201,22.9201,100,0
AGM_D.US,5,20250917,215500,23.39,23.39,23.39,23.39,100,0
AGM_D.US,5,20250918,155500,23.2999,23.2999,23.2999,23.2999,250,0
AGM_D.US,5,20250918,170000,23.27,23.28,23.26,23.28,384,0
AGM_D.US,5,20250918,183500,23.33,23.33,23.33,23.33,300,0
AGM_D.US,5,20250918,202500,23.37,23.37,23.37,23.37,100,0
AGM_D.US,5,20250918,212500,23.435,23.435,23.435,23.435,149,0
AGM_D.US,5,20250919,161000,23.28,23.28,23.25,23.25,600,0
AGM_D.US,5,20250919,181000,23.26,23.26,23.26,23.26,300,0
AGM_D.US,5,20250919,181500,23.28,23.28,23.26,23.27,300,0
AGM_D.US,5,20250919,194500,23.28,23.28,23.26,23.26,600,0
AGM_D.US,5,20250919,205500,23.28,23.28,23.28,23.28,100,0
AGM_D.US,5,20250919,210000,23.28,23.28,23.28,23.28,100,0
AGM_D.US,5,20250922,154500,23.44,23.46,23.44,23.46,300,0
AGM_D.US,5,20250922,170500,23.3,23.46,23.28,23.46,1500,0
AGM_D.US,5,20250922,200000,23.46,23.5,23.41,23.41,404,0
AGM_D.US,5,20250922,202000,23.4838,23.4838,23.4838,23.4838,120,0
AGM_D.US,5,20250922,211000,23.48,23.5,23.48,23.5,200,0
AGM_D.US,5,20250922,212000,23.5,23.5,23.4999,23.4999,1121,0
AGM_D.US,5,20250923,181000,23.26,23.26,23.26,23.26,100,0
AGM_D.US,5,20250923,182000,23.4999,23.4999,23.4999,23.4999,100,0
AGM_D.US,5,20250923,184500,23.5,23.5,23.5,23.5,200,0
AGM_D.US,5,20250923,194500,23.26,23.26,23.26,23.26,200,0
AGM_D.US,5,20250923,212000,23.3594,23.3594,23.3594,23.3594,128,0
AGM_D.US,5,20250924,162500,23.375,23.375,23.375,23.375,100,0
AGM_D.US,5,20250924,171000,23.49,23.49,23.49,23.49,100,0
AGM_D.US,5,20250924,175000,23.375,23.375,23.3117,23.375,500,0
AGM_D.US,5,20250924,194500,23.49,23.49,23.49,23.49,100,0
AGM_D.US,5,20250924,205000,23.4546,23.4546,23.4546,23.4546,200,0
AGM_D.US,5,20250924,212000,23.5,23.5,23.4087,23.4087,740,0
AGM_D.US,5,20250925,175500,23.4,23.4,23.4,23.4,300,0
AGM_D.US,5,20250925,212000,23.4852,23.5,23.4852,23.5,259,0
AGM_D.US,5,20250925,212500,23.49,23.49,23.49,23.49,700,0
AGM_D.US,5,20250925,215500,23.5,23.5,23.5,23.5,200,0
AGM_D.US,5,20250926,171000,23.4899,23.4899,23.4899,23.4899,500,0
AGM_D.US,5,20250926,190000,23.5,23.5,23.4998,23.4998,4416,0
AGM_D.US,5,20250926,190500,23.4702,23.4702,23.4702,23.4702,400,0
AGM_D.US,5,20250926,191000,23.485,23.485,23.485,23.485,200,0
AGM_D.US,5,20250926,194500,23.5,23.5,23.5,23.5,100,0
AGM_D.US,5,20250926,214000,23.5,23.5,23.5,23.5,800,0
AGM_D.US,5,20250926,214500,23.47,23.47,23.4,23.4,264,0
AGM_D.US,5,20250929,161000,23.5,23.5,23.5,23.5,100,0
AGM_D.US,5,20250929,170000,23.5,23.5,23.5,23.5,100,0
AGM_D.US,5,20250929,185500,23.402,23.5,23.402,23.5,452,0
AGM_D.US,5,20250929,193000,23.36,23.36,23.36,23.36,100,0
AGM_D.US,5,20250929,204500,23.36,23.3601,23.34,23.34,911,0
AGM_D.US,5,20250929,205000,23.34,23.34,23.34,23.34,300,0
AGM_D.US,5,20250929,205500,23.34,23.34,23.34,23.34,100,0
AGM_D.US,5,20250929,210500,23.4,23.4,23.4,23.4,400,0
AGM_D.US,5,20250929,212000,23.4148,23.4148,23.39,23.39,623,0
AGM_D.US,5,20250929,212500,23.33,23.33,23.33,23.33,154,0
AGM_D.US,5,20250929,214000,23.45,23.45,23.45,23.45,100,0
AGM_D.US,5,20250930,164000,23.27,23.27,23.27,23.27,750,0
AGM_D.US,5,20250930,212000,23.4295,23.4295,23.4175,23.4175,2379,0
AGM_D.US,5,20250930,215500,23.5,23.5,23.5,23.5,200,0
AGM_D.US,5,20251001,155000,23.2,23.2,23.2,23.2,100,0
AGM_D.US,5,20251001,160000,23.23,23.23,23.23,23.23,111,0
AGM_D.US,5,20251001,212000,23.345,23.345,23.345,23.345,650,0
AGM_D.US,5,20251001,213500,23.37,23.37,23.37,23.37,500,0
AGM_D.US,5,20251002,155500,23.5,23.5,23.5,23.5,100,0
AGM_D.US,5,20251002,185500,23.4999,23.4999,23.4999,23.4999,375,0
AGM_D.US,5,20251002,190500,23.3918,23.3918,23.3918,23.3918,1000,0
AGM_D.US,5,20251002,212000,23.48,23.49,23.48,23.49,585,0
AGM_D.US,5,20251003,155500,23.5,23.5,23.5,23.5,100,0
AGM_D.US,5,20251003,211500,23.43,23.43,23.43,23.43,200,0
AGM_D.US,5,20251003,213500,23.43,23.43,23.43,23.43,440,0
AGM_D.US,5,20251006,155500,23.49,23.49,23.49,23.49,100,0
AGM_D.US,5,20251006,171500,23.37,23.37,23.37,23.37,200,0
AGM_D.US,5,20251006,174000,23.27,23.2701,23.2508,23.2508,1441,0
AGM_D.US,5,20251006,190500,23.49,23.49,23.49,23.49,100,0
AGM_D.US,5,20251006,203000,23.49,23.49,23.49,23.49,100,0
AGM_D.US,5,20251006,215500,23.48,23.49,23.48,23.49,900,0
AGM_D.US,5,20251007,154000,23.4999,23.4999,23.4999,23.4999,200,0
AGM_D.US,5,20251007,161000,23.375,23.375,23.375,23.375,1320,0
AGM_D.US,5,20251007,163500,23.25,23.25,23.25,23.25,550,0
AGM_D.US,5,20251007,164500,23.3,23.49,23.255,23.27,949,0
AGM_D.US,5,20251007,165000,23.21,23.42,23.21,23.31,1800,0
AGM_D.US,5,20251007,165500,23.35,23.35,23.35,23.35,100,0
AGM_D.US,5,20251007,172000,23.37,23.37,23.37,23.37,100,0
AGM_D.US,5,20251007,182500,23.25,23.25,23.25,23.25,300,0
AGM_D.US,5,20251007,185000,23.35,23.35,23.3,23.3,1000,0
AGM_D.US,5,20251007,200000,23.45,23.45,23.45,23.45,100,0
AGM_D.US,5,20251008,182500,23.13,23.15,23.12,23.12,1900,0
AGM_D.US,5,20251008,183000,23.05,23.07,22.59,22.7,4371,0
AGM_D.US,5,20251008,183500,22.72,22.78,22.72,22.74,3826,0
AGM_D.US,5,20251008,184000,22.66,22.67,22.32,22.32,4800,0
AGM_D.US,5,20251008,184500,22.42,22.42,22.38,22.39,1000,0
AGM_D.US,5,20251008,192500,22.65,22.65,22.63,22.63,2000,0
AGM_D.US,5,20251008,193000,22.63,22.65,22.63,22.65,1300,0
AGM_D.US,5,20251008,193500,22.64,22.64,22.63,22.63,300,0
AGM_D.US,5,20251008,194500,22.63,22.64,22.63,22.63,1500,0
AGM_D.US,5,20251008,201000,22.5629,22.5629,22.5629,22.5629,863,0
AGM_D.US,5,20251008,201500,22.65,22.69,22.63,22.63,1416,0
AGM_D.US,5,20251008,204000,22.62,22.65,22.62,22.65,200,0
AGM_D.US,5,20251008,204500,22.67,22.72,22.65,22.72,1360,0
AGM_D.US,5,20251008,205000,22.72,22.72,22.7,22.72,700,0
AGM_D.US,5,20251008,211500,22.702,22.702,22.702,22.702,225,0
AGM_D.US,5,20251008,212500,22.69,22.7,22.68,22.68,870,0
AGM_D.US,5,20251008,215000,22.67,22.67,22.67,22.67,217,0
AGM_D.US,5,20251009,154000,22.57,22.58,22.57,22.58,200,0
AGM_D.US,5,20251009,164000,22.65,22.65,22.65,22.65,200,0
AGM_D.US,5,20251009,164500,22.85,22.85,22.85,22.85,100,0
AGM_D.US,5,20251009,165000,22.85,22.85,22.8151,22.8151,300,0
AGM_D.US,5,20251009,165500,22.6601,22.6601,22.6601,22.6601,100,0
AGM_D.US,5,20251009,172500,22.79,22.79,22.79,22.79,115,0
AGM_D.US,5,20251009,173500,22.75,22.75,22.75,22.75,100,0
AGM_D.US,5,20251009,174000,22.67,22.67,22.67,22.67,1150,0
AGM_D.US,5,20251009,180000,22.7499,22.7499,22.7499,22.7499,125,0
AGM_D.US,5,20251009,180500,22.71,22.71,22.71,22.71,300,0
AGM_D.US,5,20251009,181000,22.67,22.68,22.67,22.68,200,0
AGM_D.US,5,20251009,181500,22.68,22.68,22.67,22.67,1000,0
AGM_D.US,5,20251009,183000,22.6788,22.6788,22.6788,22.6788,200,0
AGM_D.US,5,20251009,183500,22.685,22.685,22.685,22.685,200,0
AGM_D.US,5,20251009,184500,22.64,22.6401,22.64,22.6401,400,0
AGM_D.US,5,20251009,190500,22.53,22.53,22.53,22.53,100,0
AGM_D.US,5,20251009,194000,22.53,22.53,22.53,22.53,100,0
AGM_D.US,5,20251009,213500,22.6899,22.6899,22.6899,22.6899,100,0
AGM_D.US,5,20251009,214000,22.5941,22.61,22.5941,22.61,600,0
AGM_D.US,5,20251009,215500,22.89,22.89,22.89,22.89,113,0
AGM_D.US,5,20251010,211000,22.36,22.41,22.31,22.41,3117,0
AGM_D.US,5,20251010,212000,22.34,22.34,22.34,22.34,250,0
AGM_D.US,5,20251010,213000,22.4012,22.42,22.34,22.42,2000,0
AGM_D.US,5,20251010,215500,22.33,22.33,22.33,22.33,304,0
AGM_D.US,5,20251013,154000,22.17,22.17,22.17,22.17,300,0
AGM_D.US,5,20251013,162500,22.2,22.2,22.19,22.2,4140,0
AGM_D.US,5,20251013,173500,22.3213,22.3213,22.3213,22.3213,580,0
AGM_D.US,5,20251013,182500,22.3224,22.3224,22.18,22.18,300,0
AGM_D.US,5,20251013,183000,22.18,22.4299,22.18,22.3224,2600,0
AGM_D.US,5,20251013,183500,22.4014,22.4299,22.18,22.305,1713,0
AGM_D.US,5,20251013,192000,22.2,22.2,22.2,22.2,100,0
AGM_D.US,5,20251013,194000,22.43,22.43,22.43,22.43,125,0
AGM_D.US,5,20251013,212000,22.32,22.32,22.32,22.32,200,0
AGM_D.US,5,20251013,212500,22.32,22.33,22.32,22.32,2196,0
AGM_D.US,5,20251014,162000,22.3,22.32,22.3,22.32,300,0
AGM_D.US,5,20251014,170500,22.2128,22.345,22.21,22.345,2250,0
AGM_D.US,5,20251014,171000,22.31,22.31,22.31,22.31,100,0
AGM_D.US,5,20251014,172500,22.2001,22.21,22.2,22.2,600,0
AGM_D.US,5,20251014,174000,22.2,22.3,22.2,22.3,200,0
AGM_D.US,5,20251014,210500,22.35,22.35,22.35,22.35,400,0
AGM_D.US,5,20251014,213500,22.28,22.28,22.28,22.28,100,0
AGM_D.US,5,20251014,214500,22.4299,22.4299,22.4299,22.4299,850,0
AGM_D.US,5,20251015,173000,22.3,22.35,22.3,22.35,900,0
AGM_D.US,5,20251015,174000,22.205,22.205,22.205,22.205,3250,0
AGM_D.US,5,20251015,175500,22.34,22.34,22.34,22.34,200,0
AGM_D.US,5,20251015,193000,22.19,22.19,22.19,22.19,220,0
AGM_D.US,5,20251015,193500,22.25,22.25,22.25,22.25,131,0
AGM_D.US,5,20251015,201000,22.21,22.21,22.1227,22.1227,2642,0
AGM_D.US,5,20251015,201500,22.2699,22.2699,22.2699,22.2699,500,0
AGM_D.US,5,20251015,212500,22.2699,22.27,22.25,22.2699,810,0
AGM_D.US,5,20251015,214500,22.27,22.27,22.27,22.27,100,0
AGM_D.US,5,20251016,174000,22.4151,22.4151,22.4151,22.4151,130,0
AGM_D.US,5,20251016,181000,22.34,22.34,22.33,22.33,300,0
AGM_D.US,5,20251016,181500,22.4899,22.4899,22.4899,22.4899,500,0
AGM_D.US,5,20251016,202000,22.45,22.45,22.44,22.44,222,0
AGM_D.US,5,20251016,210000,22.35,22.35,22.35,22.35,100,0
AGM_D.US,5,20251016,212500,22.355,22.4,22.355,22.4,3631,0
AGM_D.US,5,20251017,153000,22.38,22.38,22.37,22.37,200,0
AGM_D.US,5,20251017,155000,22.45,22.45,22.45,22.45,100,0
AGM_D.US,5,20251017,160000,22.36,22.48,22.36,22.48,396,0
AGM_D.US,5,20251017,162500,22.43,22.43,22.43,22.43,100,0
AGM_D.US,5,20251017,171500,22.42,22.42,22.42,22.42,100,0
AGM_D.US,5,20251017,184500,22.39,22.39,22.39,22.39,100,0
AGM_D.US,5,20251017,185000,22.38,22.38,22.38,22.38,159,0
AGM_D.US,5,20251017,190500,22.2447,22.2447,22.2447,22.2447,1000,0
AGM_D.US,5,20251017,192000,22.38,22.38,22.38,22.38,100,0
AGM_D.US,5,20251017,195500,22.1701,22.1701,22.1701,22.1701,240,0
AGM_D.US,5,20251017,201000,22.265,22.265,22.265,22.265,1976,0
AGM_D.US,5,20251017,212000,22.35,22.35,22.35,22.35,132,0
AGM_D.US,5,20251020,181500,22.35,22.35,22.35,22.35,100,0
AGM_D.US,5,20251020,182500,22.29,22.4,22.29,22.4,300,0
AGM_D.US,5,20251020,183000,22.3,22.3,22.3,22.3,100,0
AGM_D.US,5,20251020,184000,22.4,22.4,22.4,22.4,100,0
AGM_D.US,5,20251020,185000,22.29,22.29,22.29,22.29,100,0
AGM_D.US,5,20251020,211000,22.3,22.46,22.3,22.46,987,0
AGM_D.US,5,20251020,214500,22.35,22.35,22.35,22.35,100,0
AGM_D.US,5,20251020,215500,22.35,22.35,22.17,22.35,400,0
AGM_D.US,5,20251021,181000,22.54,22.57,22.42,22.42,2111,0
AGM_D.US,5,20251021,193000,22.3,22.3,22.3,22.3,100,0
AGM_D.US,5,20251021,195500,22.31,22.31,22.31,22.31,100,0
AGM_D.US,5,20251021,204500,22.3,22.3,22.3,22.3,283,0
AGM_D.US,5,20251021,210000,22.3,22.3,22.3,22.3,1763,0
AGM_D.US,5,20251021,211000,22.3,22.3,22.2606,22.2606,1995,0
AGM_D.US,5,20251021,212000,22.26,22.26,22.26,22.26,140,0
AGM_D.US,5,20251021,214000,22.26,22.26,22.26,22.26,100,0
AGM_D.US,5,20251021,215500,22.43,22.43,22.43,22.43,102,0
AGM_D.US,5,20251022,171000,22.31,22.31,22.31,22.31,300,0
AGM_D.US,5,20251022,191000,22.41,22.41,22.41,22.41,100,0
AGM_D.US,5,20251022,203000,22.38,22.38,22.3065,22.3065,456,0
AGM_D.US,5,20251022,203500,22.315,22.315,22.315,22.315,400,0
AGM_D.US,5,20251022,213500,22.355,22.355,22.355,22.355,2450,0
AGM_D.US,5,20251023,174000,22.5899,22.5899,22.5899,22.5899,500,0
AGM_D.US,5,20251023,183500,22.48,22.53,22.48,22.53,579,0
AGM_D.US,5,20251023,202000,22.28,22.28,22.26,22.26,200,0
AGM_D.US,5,20251023,212000,22.4885,22.4885,22.4885,22.4885,391,0
AGM_D.US,5,20251024,161000,22.6499,22.6499,22.6499,22.6499,275,0
AGM_D.US,5,20251024,191000,22.52,22.52,22.52,22.52,100,0
AGM_D.US,5,20251024,194500,22.34,22.52,22.34,22.52,297,0
AGM_D.US,5,20251024,201000,22.3426,22.47,22.3426,22.47,280,0
AGM_D.US,5,20251027,165000,22.39,22.39,22.39,22.39,350,0
AGM_D.US,5,20251027,192500,22.39,22.39,22.39,22.39,200,0
AGM_D.US,5,20251027,195500,22.3104,22.3104,22.3104,22.3104,200,0
AGM_D.US,5,20251028,151000,22.37,22.49,22.36,22.49,868,0
AGM_D.US,5,20251028,153500,22.48,22.48,22.48,22.48,169,0
AGM_D.US,5,20251028,161500,22.5999,22.5999,22.5999,22.5999,350,0
AGM_D.US,5,20251028,181500,22.4094,22.4094,22.4094,22.4094,200,0
AGM_D.US,5,20251028,201500,22.36,22.45,22.36,22.45,550,0
AGM_D.US,5,20251028,204500,22.37,22.37,22.37,22.37,100,0
AGM_D.US,5,20251028,205000,22.37,22.37,22.37,22.37,432,0
AGM_D.US,5,20251029,150000,22.3616,22.3616,22.3616,22.3616,232,0
AGM_D.US,5,20251029,153000,22.3688,22.3688,22.3688,22.3688,600,0
AGM_D.US,5,20251029,154000,22.37,22.37,22.37,22.37,100,0
AGM_D.US,5,20251029,155500,22.3718,22.3718,22.3718,22.3718,100,0
AGM_D.US,5,20251029,181500,22.4,22.4,22.4,22.4,700,0
AGM_D.US,5,20251030,162000,22.27,22.27,22.25,22.25,200,0
AGM_D.US,5,20251030,162500,22.4599,22.4599,22.4599,22.4599,600,0
AGM_D.US,5,20251030,164500,22.1863,22.1863,22.1863,22.1863,137,0
AGM_D.US,5,20251030,170000,22.4699,22.4699,22.4699,22.4699,400,0
AGM_D.US,5,20251030,184000,22.331,22.331,22.331,22.331,275,0
AGM_D.US,5,20251030,191000,22.4,22.4,22.4,22.4,1200,0
AGM_D.US,5,20251031,155500,22.41,22.41,22.41,22.41,1105,0
AGM_D.US,5,20251031,163000,22.41,22.41,22.41,22.41,100,0
AGM_D.US,5,20251031,165500,22.17,22.17,22.15,22.15,1200,0
AGM_D.US,5,20251031,181500,22.15,22.15,22.15,22.15,1237,0
AGM_D.US,5,20251031,182000,22.27,22.27,22.27,22.27,200,0
AGM_D.US,5,20251031,182500,22.2801,22.2801,22.2801,22.2801,400,0
AGM_D.US,5,20251031,183000,22.15,22.15,22,22,1830,0
AGM_D.US,5,20251031,183500,22.015,22.07,21.97,21.97,3339,0
AGM_D.US,5,20251031,184000,21.9601,21.98,21.96,21.96,800,0
AGM_D.US,5,20251031,184500,21.95,21.95,21.95,21.95,200,0
AGM_D.US,5,20251031,185500,21.96,21.995,21.96,21.995,400,0
AGM_D.US,5,20251031,190000,22.1,22.3,22.1,22.3,700,0
AGM_D.US,5,20251031,191500,22.01,22.01,22,22,200,0
AGM_D.US,5,20251031,192500,22,22.02,22,22.02,200,0
AGM_D.US,5,20251031,194000,22.03,22.03,22.03,22.03,200,0
AGM_D.US,5,20251031,194500,22.02,22.02,22.02,22.02,100,0
AGM_D.US,5,20251031,195000,22,22,21.995,21.995,200,0
AGM_D.US,5,20251031,200500,22.0685,22.0685,21.93,21.93,545,0
AGM_D.US,5,20251031,201000,21.92,21.92,21.92,21.92,200,0
AGM_D.US,5,20251031,201500,21.93,21.93,21.92,21.92,200,0
AGM_D.US,5,20251031,203000,21.95,21.95,21.95,21.95,200,0
AGM_D.US,5,20251031,204000,21.96,21.96,21.96,21.96,200,0
AGM_D.US,5,20251031,204500,21.95,21.95,21.95,21.95,811,0
AGM_D.US,5,20251031,205000,21.96,21.96,21.96,21.96,100,0
AGM_D.US,5,20251031,205500,21.99,22.02,21.99,22.02,8769,0
AGM_D.US,5,20251103,163000,21.91,21.91,21.9,21.9,2800,0
AGM_D.US,5,20251103,164000,21.905,21.905,21.905,21.905,500,0
AGM_D.US,5,20251103,174000,21.9,21.9,21.63,21.63,9844,0
AGM_D.US,5,20251103,181000,21.77,21.77,21.77,21.77,300,0
AGM_D.US,5,20251103,183500,21.859,21.859,21.859,21.859,228,0
AGM_D.US,5,20251103,191500,21.82,21.82,21.82,21.82,100,0
AGM_D.US,5,20251103,193500,21.79,21.825,21.79,21.825,1514,0
AGM_D.US,5,20251103,200500,21.87,21.87,21.87,21.87,429,0
AGM_D.US,5,20251103,212500,21.8754,21.8754,21.8754,21.8754,400,0
AGM_D.US,5,20251103,213000,21.865,21.865,21.865,21.865,199,0
AGM_D.US,5,20251103,215500,21.93,21.93,21.93,21.93,100,0
AGM_D.US,5,20251104,165000,21.8,21.8,21.8,21.8,500,0
AGM_D.US,5,20251104,173500,21.7796,21.7796,21.7796,21.7796,573,0
AGM_D.US,5,20251104,181500,21.73,21.73,21.72,21.72,300,0
AGM_D.US,5,20251104,200000,21.63,21.63,21.63,21.63,100,0
AGM_D.US,5,20251104,203500,21.63,21.63,21.63,21.63,200,0
AGM_D.US,5,20251104,215500,21.7,21.7,21.7,21.7,100,0
AGM_D.US,5,20251105,162500,21.6178,21.6178,21.6178,21.6178,213,0
AGM_D.US,5,20251105,194500,21.9199,21.9199,21.9199,21.9199,350,0
AGM_D.US,5,20251105,203000,21.84,21.84,21.84,21.84,104,0
AGM_D.US,5,20251105,203500,21.85,21.85,21.85,21.85,200,0
AGM_D.US,5,20251105,211500,21.85,21.85,21.85,21.85,511,0
AGM_D.US,5,20251106,160000,21.9268,21.9268,21.9268,21.9268,100,0
AGM_D.US,5,20251106,184500,21.8022,21.8022,21.8022,21.8022,650,0
AGM_D.US,5,20251106,202500,21.7398,21.7398,21.7398,21.7398,100,0
AGM_D.US,5,20251107,175000,21.65,21.65,21.65,21.65,200,0
AGM_D.US,5,20251107,184000,21.6872,21.6872,21.6872,21.6872,200,0
AGM_D.US,5,20251107,192000,21.65,21.66,21.65,21.66,478,0
AGM_D.US,5,20251107,210000,21.5891,21.5891,21.5891,21.5891,4866,0
AGM_D.US,5,20251107,210500,21.59,21.59,21.59,21.59,200,0
AGM_D.US,5,20251107,212500,21.55,21.56,21.51,21.51,2292,0
AGM_D.US,5,20251107,213500,21.42,21.42,21.42,21.42,100,0
AGM_D.US,5,20251107,215500,21.56,21.56,21.56,21.56,100,0
AGM_D.US,5,20251110,171500,21.46,21.46,21.46,21.46,1200,0
AGM_D.US,5,20251110,201500,21.5,21.5,21.5,21.5,100,0
AGM_D.US,5,20251110,210000,21.5352,21.62,21.5,21.62,1583,0
AGM_D.US,5,20251110,211000,21.56,21.6,21.55,21.57,2400,0
AGM_D.US,5,20251110,213500,21.57,21.57,21.57,21.57,100,0
AGM_D.US,5,20251110,214500,21.5932,21.5932,21.5932,21.5932,500,0
AGM_D.US,5,20251110,215000,21.4601,21.57,21.4601,21.57,936,0
AGM_D.US,5,20251110,215500,21.6,21.6,21.6,21.6,100,0
AGM_D.US,5,20251111,153500,21.6,21.6,21.6,21.6,100,0
AGM_D.US,5,20251111,161500,21.55,21.57,21.52,21.56,1800,0
AGM_D.US,5,20251111,163500,21.5225,21.5225,21.5225,21.5225,500,0
AGM_D.US,5,20251111,164000,21.65,21.66,21.65,21.66,500,0
AGM_D.US,5,20251111,193000,21.55,21.55,21.55,21.55,100,0
AGM_D.US,5,20251111,201500,21.6,21.6,21.6,21.6,500,0
AGM_D.US,5,20251111,211500,21.6599,21.6599,21.6599,21.6599,375,0
AGM_D.US,5,20251111,214000,21.55,21.55,21.55,21.55,200,0
AGM_D.US,5,20251111,215000,21.6,21.6,21.6,21.6,100,0
AGM_D.US,5,20251111,215500,21.69,21.69,21.69,21.69,465,0
AGM_D.US,5,20251112,154000,21.65,21.65,21.65,21.65,480,0
AGM_D.US,5,20251112,161000,21.57,21.77,21.56,21.56,1320,0
AGM_D.US,5,20251112,163000,21.7699,21.7699,21.7699,21.7699,400,0
AGM_D.US,5,20251112,172000,21.66,21.66,21.66,21.66,2294,0
AGM_D.US,5,20251112,180000,21.72,21.72,21.72,21.72,500,0
AGM_D.US,5,20251112,181000,21.735,21.745,21.72,21.74,1000,0
AGM_D.US,5,20251112,182000,21.74,21.74,21.74,21.74,100,0
AGM_D.US,5,20251112,184500,21.66,21.7,21.66,21.7,5100,0
AGM_D.US,5,20251112,194000,21.6999,21.6999,21.6999,21.6999,125,0
AGM_D.US,5,20251112,202500,21.65,21.65,21.65,21.65,150,0
AGM_D.US,5,20251112,210000,21.645,21.65,21.645,21.645,600,0
AGM_D.US,5,20251112,211500,21.59,21.59,21.59,21.59,100,0
AGM_D.US,5,20251112,212000,21.6107,21.6107,21.6107,21.6107,175,0
AGM_D.US,5,20251112,213500,21.6,21.64,21.6,21.6197,900,0
AGM_D.US,5,20251113,154000,21.42,21.42,21.42,21.42,100,0
AGM_D.US,5,20251113,154500,21.44,21.6,21.4,21.4,1100,0
AGM_D.US,5,20251113,155000,21.4408,21.4408,21.4408,21.4408,2000,0
AGM_D.US,5,20251113,161500,21.43,21.43,21.43,21.43,100,0
AGM_D.US,5,20251113,164000,21.45,21.45,21.45,21.45,100,0
AGM_D.US,5,20251113,171500,21.46,21.46,21.45,21.45,200,0
AGM_D.US,5,20251113,173500,21.46,21.46,21.46,21.46,100,0
AGM_D.US,5,20251113,180000,21.49,21.49,21.49,21.49,1000,0
AGM_D.US,5,20251113,193000,21.46,21.46,21.46,21.46,100,0
AGM_D.US,5,20251113,194000,21.45,21.45,21.45,21.45,323,0
AGM_D.US,5,20251113,194500,21.45,21.45,21.45,21.45,4778,0
AGM_D.US,5,20251113,200000,21.415,21.45,21.415,21.44,800,0
AGM_D.US,5,20251113,201500,21.42,21.42,21.4,21.42,400,0
AGM_D.US,5,20251113,202000,21.43,21.44,21.35,21.35,400,0
AGM_D.US,5,20251113,205500,21.35,21.35,21.35,21.35,100,0
AGM_D.US,5,20251113,212500,21.4,21.4,21.4,21.4,1623,0
AGM_D.US,5,20251113,214000,21.43,21.43,21.43,21.43,100,0
AGM_D.US,5,20251114,153000,21.45,21.45,21.45,21.45,600,0
AGM_D.US,5,20251114,154000,21.5,21.51,21.5,21.5,1400,0
AGM_D.US,5,20251114,161500,21.45,21.45,21.45,21.45,1000,0
AGM_D.US,5,20251114,165500,21.45,21.475,21.45,21.45,1000,0
AGM_D.US,5,20251114,180000,21.4995,21.5,21.4995,21.5,744,0
AGM_D.US,5,20251114,182000,21.45,21.45,21.45,21.45,100,0
AGM_D.US,5,20251114,184500,21.41,21.41,21.41,21.41,800,0
AGM_D.US,5,20251114,190000,21.41,21.41,21.41,21.41,247,0
AGM_D.US,5,20251114,190500,21.4,21.4,21.4,21.4,1901,0
AGM_D.US,5,20251114,203000,21.4,21.4,21.4,21.4,1201,0
AGM_D.US,5,20251114,203500,21.4,21.4,21.4,21.4,446,0
AGM_D.US,5,20251114,205000,21.4,21.4,21.4,21.4,100,0
AGM_D.US,5,20251114,210000,21.4,21.4,21.4,21.4,100,0
AGM_D.US,5,20251114,210500,21.422,21.422,21.422,21.422,2434,0
AGM_D.US,5,20251114,212000,21.4,21.4,21.4,21.4,200,0
AGM_D.US,5,20251114,213500,21.4,21.4,21.4,21.4,367,0
AGM_D.US,5,20251114,214000,21.44,21.44,21.44,21.44,100,0
AGM_D.US,5,20251117,153500,21.41,21.41,21.4003,21.4003,1000,0
AGM_D.US,5,20251117,155000,21.41,21.41,21.41,21.41,217,0
AGM_D.US,5,20251117,161000,21.495,21.495,21.495,21.495,500,0
AGM_D.US,5,20251117,161500,21.44,21.44,21.44,21.44,163,0
AGM_D.US,5,20251117,182000,21.48,21.48,21.48,21.48,500,0
AGM_D.US,5,20251117,190000,21.48,21.48,21.48,21.48,100,0
AGM_D.US,5,20251117,202000,21.405,21.41,21.4,21.4,1361,0
AGM_D.US,5,20251117,202500,21.44,21.44,21.43,21.43,1200,0
AGM_D.US,5,20251117,203000,21.43,21.44,21.395,21.44,400,0
AGM_D.US,5,20251117,204000,21.44,21.44,21.44,21.44,100,0
AGM_D.US,5,20251117,212500,21.41,21.44,21.4,21.4,500,0
AGM_D.US,5,20251117,215000,21.4,21.4,21.4,21.4,200,0
AGM_D.US,5,20251118,160000,21.45,21.45,21.45,21.45,100,0
AGM_D.US,5,20251118,163500,21.44,21.44,21.44,21.44,100,0
AGM_D.US,5,20251118,175000,21.42,21.42,21.42,21.42,1200,0
AGM_D.US,5,20251118,181500,21.405,21.405,21.405,21.405,116,0
AGM_D.US,5,20251118,184500,21.43,21.43,21.43,21.43,100,0
AGM_D.US,5,20251118,195000,21.41,21.41,21.41,21.41,1728,0
AGM_D.US,5,20251118,203500,21.43,21.43,21.43,21.43,100,0
AGM_D.US,5,20251118,204000,21.4,21.4001,21.4,21.4001,1400,0
AGM_D.US,5,20251118,204500,21.43,21.43,21.43,21.43,260,0
AGM_D.US,5,20251118,211000,21.4,21.4,21.4,21.4,100,0
AGM_D.US,5,20251118,214000,21.43,21.43,21.415,21.415,200,0
AGM_D.US,5,20251119,154500,21.43,21.43,21.43,21.43,100,0
AGM_D.US,5,20251119,155000,21.4,21.4,21.4,21.4,300,0
AGM_D.US,5,20251119,165500,21.4,21.4035,21.4,21.4035,1000,0
AGM_D.US,5,20251119,172500,21.4,21.4,21.4,21.4,400,0
AGM_D.US,5,20251119,195500,21.37,21.37,21.36,21.3602,1900,0
AGM_D.US,5,20251119,211000,21.4158,21.4158,21.4158,21.4158,106,0
AGM_D.US,5,20251119,212500,21.43,21.43,21.43,21.43,442,0
AGM_D.US,5,20251120,161000,21.37,21.37,21.3601,21.3601,200,0
AGM_D.US,5,20251120,200500,21.4064,21.4064,21.4064,21.4064,1000,0
AGM_D.US,5,20251120,202000,21.4048,21.4048,21.4048,21.4048,400,0
AGM_D.US,5,20251120,211500,21.44,21.44,21.44,21.44,200,0
AGM_D.US,5,20251120,213500,21.38,21.3801,21.38,21.38,400,0
AGM_D.US,5,20251121,153000,21.44,21.44,21.44,21.44,525,0
AGM_D.US,5,20251121,164500,21.38,21.38,21.38,21.38,500,0
AGM_D.US,5,20251121,171500,21.3701,21.38,21.3701,21.38,500,0
AGM_D.US,5,20251121,183000,21.4,21.4,21.4,21.4,300,0
AGM_D.US,5,20251121,185000,21.4,21.4,21.38,21.38,200,0
AGM_D.US,5,20251121,191000,21.4,21.4,21.4,21.4,200,0
AGM_D.US,5,20251121,191500,21.37,21.37,21.37,21.37,483,0
AGM_D.US,5,20251121,192000,21.37,21.37,21.37,21.37,1000,0
AGM_D.US,5,20251121,193500,21.4,21.4,21.4,21.4,690,0
AGM_D.US,5,20251121,195000,21.37,21.405,21.37,21.405,600,0
AGM_D.US,5,20251121,195500,21.37,21.37,21.37,21.37,100,0
AGM_D.US,5,20251121,202500,21.36,21.36,21.36,21.36,1100,0
AGM_D.US,5,20251121,212000,21.4,21.4,21.4,21.4,645,0
AGM_D.US,5,20251124,171500,21.426,21.5,21.4,21.5,21483,0
AGM_D.US,5,20251124,173500,21.51,21.53,21.5001,21.51,900,0
AGM_D.US,5,20251124,174000,21.5001,21.5001,21.5001,21.5001,600,0
AGM_D.US,5,20251124,174500,21.5,21.5,21.5,21.5,100,0
AGM_D.US,5,20251124,182500,21.55,21.55,21.55,21.55,100,0
AGM_D.US,5,20251124,190000,21.44,21.44,21.44,21.44,300,0
AGM_D.US,5,20251124,190500,21.53,21.53,21.53,21.53,100,0
AGM_D.US,5,20251124,195500,21.44,21.44,21.44,21.44,1000,0
AGM_D.US,5,20251124,210500,21.46,21.46,21.45,21.45,1800,0
AGM_D.US,5,20251124,213500,21.46,21.46,21.45,21.45,500,0
AGM_D.US,5,20251124,215000,21.45,21.45,21.43,21.43,300,0
AGM_D.US,5,20251124,215500,21.43,21.43,21.43,21.43,200,0
AGM_D.US,5,20251125,162000,21.4001,21.4007,21.36,21.38,1799,0
AGM_D.US,5,20251125,173500,21.4,21.4,21.37,21.3701,2200,0
AGM_D.US,5,20251125,174000,21.37,21.37,21.36,21.36,200,0
AGM_D.US,5,20251125,174500,21.36,21.3601,21.36,21.3601,1371,0
AGM_D.US,5,20251125,180000,21.39,21.39,21.37,21.37,600,0
AGM_D.US,5,20251125,203500,21.4,21.4,21.4,21.4,700,0
AGM_D.US,5,20251125,205500,21.4,21.4,21.4,21.4,600,0
AGM_D.US,5,20251125,210500,21.4699,21.4699,21.4699,21.4699,952,0
AGM_D.US,5,20251125,215000,21.38,21.38,21.38,21.38,700,0
AGM_D.US,5,20251126,154000,21.4,21.4,21.4,21.4,700,0
AGM_D.US,5,20251126,155500,21.4,21.4,21.4,21.4,700,0
AGM_D.US,5,20251126,160500,21.38,21.38,21.36,21.36,1700,0
AGM_D.US,5,20251126,161000,21.36,21.38,21.36,21.36,2883,0
AGM_D.US,5,20251126,162000,21.3999,21.3999,21.3999,21.3999,600,0
AGM_D.US,5,20251126,163000,21.389,21.389,21.389,21.389,100,0
AGM_D.US,5,20251126,164500,21.4,21.4,21.4,21.4,200,0
AGM_D.US,5,20251126,165000,21.39,21.39,21.39,21.39,1101,0
AGM_D.US,5,20251126,170500,21.41,21.43,21.41,21.43,720,0
AGM_D.US,5,20251126,205000,21.44,21.44,21.41,21.41,2000,0
AGM_D.US,5,20251126,215500,21.46,21.48,21.46,21.48,200,0
AGM_D.US,5,20251128,153500,21.44,21.44,21.43,21.43,317,0
AGM_D.US,5,20251128,154000,21.45,21.47,21.45,21.47,468,0
AGM_D.US,5,20251128,162500,21.4601,21.4601,21.39,21.445,1189,0
AGM_D.US,5,20251128,185500,21.412,21.412,21.412,21.412,114,0
AGM_D.US,5,20251201,161000,21.36,21.36,21.36,21.36,200,0
AGM_D.US,5,20251201,162500,21.36,21.36,21.36,21.36,100,0
AGM_D.US,5,20251201,170500,21.33,21.34,21.31,21.33,1099,0
AGM_D.US,5,20251201,172500,21.31,21.31,21.31,21.31,700,0
AGM_D.US,5,20251201,174500,21.35,21.366,21.35,21.356,587,0
AGM_D.US,5,20251201,181000,21.35,21.35,21.35,21.35,600,0
AGM_D.US,5,20251201,182000,21.32,21.32,21.32,21.32,1000,0
AGM_D.US,5,20251201,183000,21.31,21.33,21.31,21.33,200,0
AGM_D.US,5,20251201,215000,21.32,21.32,21.32,21.32,683,0
AGM_D.US,5,20251201,215500,21.32,21.32,21.32,21.32,319,0
AGM_D.US,5,20251202,162000,21.34,21.34,21.26,21.26,564,0
AGM_D.US,5,20251202,165000,21.3,21.3,21.3,21.3,1000,0
AGM_D.US,5,20251202,172000,21.3299,21.3299,21.3299,21.3299,1100,0
AGM_D.US,5,20251202,173500,21.29,21.29,21.29,21.29,330,0
AGM_D.US,5,20251202,175000,21.3,21.3,21.3,21.3,100,0
AGM_D.US,5,20251202,175500,21.29,21.29,21.285,21.285,222,0
AGM_D.US,5,20251202,202500,21.26,21.27,21.26,21.2602,625,0
AGM_D.US,5,20251202,210000,21.26,21.26,21.26,21.26,200,0
AGM_D.US,5,20251202,211000,21.2601,21.2601,21.2601,21.2601,200,0
AGM_D.US,5,20251203,184000,21.3,21.3,21.3,21.3,400,0
AGM_D.US,5,20251203,192500,21.31,21.31,21.31,21.31,1400,0
AGM_D.US,5,20251203,211000,21.2301,21.2301,21.2301,21.2301,800,0
AGM_D.US,5,20251203,214000,21.3,21.3,21.2501,21.2501,880,0
AGM_D.US,5,20251203,214500,21.25,21.25,21.25,21.25,300,0
AGM_D.US,5,20251203,215500,21.3,21.31,21.3,21.31,700,0
AGM_D.US,5,20251204,153000,21.2201,21.2201,21.2201,21.2201,331,0
AGM_D.US,5,20251204,175000,21.24,21.24,21.24,21.24,10000,0
AGM_D.US,5,20251204,180000,21.24,21.24,21.24,21.24,10000,0
AGM_D.US,5,20251204,214000,21.285,21.285,21.285,21.285,700,0
AGM_D.US,5,20251205,163000,21.26,21.26,21.26,21.26,1000,0
AGM_D.US,5,20251205,164000,21.22,21.25,21.16,21.25,1800,0
AGM_D.US,5,20251205,165500,21.2432,21.2432,21.2432,21.2432,689,0
AGM_D.US,5,20251205,181500,21.294,21.294,21.294,21.294,464,0
AGM_D.US,5,20251205,183000,21.3,21.3,21.3,21.3,490,0
AGM_D.US,5,20251205,192000,21.2999,21.2999,21.2999,21.2999,700,0
AGM_D.US,5,20251205,194000,21.275,21.2999,21.275,21.2999,300,0
AGM_D.US,5,20251205,210500,21.2962,21.2962,21.2962,21.2962,283,0
AGM_D.US,5,20251205,211500,21.25,21.25,21.25,21.25,200,0
AGM_D.US,5,20251205,212000,21.25,21.25,21.25,21.25,100,0
AGM_D.US,5,20251205,212500,21.25,21.25,21.25,21.25,300,0
AGM_D.US,5,20251205,213000,21.25,21.3,21.25,21.28,1490,0
AGM_D.US,5,20251205,213500,21.25,21.25,21.25,21.25,200,0
AGM_D.US,5,20251205,214500,21.24,21.24,21.24,21.24,200,0
AGM_D.US,5,20251205,215000,21.24,21.24,21.24,21.24,770,0
AGM_D.US,5,20251205,215500,21.24,21.24,21.24,21.24,113,0
AGM_D.US,5,20251208,193000,21.2,21.2001,21.1601,21.1601,411,0
AGM_D.US,5,20251208,195000,21.27,21.27,21.27,21.27,920,0
AGM_D.US,5,20251208,205500,21.2,21.2,21.2,21.2,400,0
AGM_D.US,5,20251208,214000,21.2193,21.2193,21.19,21.19,1100,0
AGM_D.US,5,20251208,215000,21.1955,21.1955,21.18,21.18,375,0
AGM_D.US,5,20251208,215500,21.16,21.23,21.16,21.23,200,0
AGM_D.US,5,20251209,161000,21.2,21.2,21.2,21.2,100,0
AGM_D.US,5,20251209,164500,21.3699,21.3699,21.3699,21.3699,350,0
AGM_D.US,5,20251209,170000,21.29,21.3699,21.29,21.3699,350,0
AGM_D.US,5,20251209,181000,21.3168,21.35,21.31,21.3236,1492,0
AGM_D.US,5,20251209,183000,21.22,21.22,21.22,21.22,100,0
AGM_D.US,5,20251209,192500,21.22,21.22,21.22,21.22,100,0
AGM_D.US,5,20251209,204500,21.21,21.21,21.21,21.21,800,0
AGM_D.US,5,20251209,215500,21.3,21.3,21.3,21.3,100,0
AGM_D.US,5,20251210,155500,21.2855,21.2855,21.275,21.275,300,0
AGM_D.US,5,20251210,184500,21.28,21.28,21.28,21.28,202,0
AGM_D.US,5,20251210,193000,21.325,21.325,21.325,21.325,285,0
AGM_D.US,5,20251210,204000,21.3295,21.3295,21.3295,21.3295,400,0
AGM_D.US,5,20251210,205500,21.354,21.354,21.354,21.354,214,0
AGM_D.US,5,20251210,211500,21.35,21.35,21.35,21.35,100,0
AGM_D.US,5,20251210,212000,21.325,21.36,21.325,21.36,900,0
AGM_D.US,5,20251210,213000,21.37,21.37,21.35,21.36,304,0
AGM_D.US,5,20251210,215000,21.3281,21.3517,21.3281,21.3517,2611,0
AGM_D.US,5,20251211,184500,21.4365,21.4365,21.4365,21.4365,200,0
AGM_D.US,5,20251211,201500,21.42,21.42,21.42,21.42,1000,0
AGM_D.US,5,20251211,205500,21.33,21.33,21.32,21.33,700,0
AGM_D.US,5,20251211,210500,21.33,21.3301,21.3102,21.3102,700,0
AGM_D.US,5,20251211,211000,21.39,21.47,21.39,21.4699,5836,0
AGM_D.US,5,20251212,163000,21.32,21.32,21.3001,21.3001,500,0
AGM_D.US,5,20251212,171000,21.35,21.35,21.35,21.35,700,0
AGM_D.US,5,20251212,210500,21.32,21.32,21.3,21.3101,1060,0
AGM_D.US,5,20251212,215500,21.3,21.3,21.3,21.3,100,0
AGM_D.US,5,20251215,180500,21.3734,21.3734,21.3734,21.3734,300,0
AGM_D.US,5,20251215,183000,21.34,21.34,21.34,21.34,1000,0
AGM_D.US,5,20251215,214500,21.3003,21.3003,21.3,21.3,400,0
AGM_D.US,5,20251216,161500,21.26,21.26,21.26,21.26,855,0
AGM_D.US,5,20251216,171000,21.29,21.29,21.0515,21.0515,1860,0
AGM_D.US,5,20251216,174500,21.07,21.07,21.0601,21.0601,399,0
AGM_D.US,5,20251216,185500,21.1,21.15,21.1,21.15,1100,0
AGM_D.US,5,20251216,202000,21.12,21.135,21.09,21.09,400,0
AGM_D.US,5,20251216,211000,21.0901,21.1,21.09,21.09,1210,0
AGM_D.US,5,20251216,215500,21.12,21.12,21.11,21.11,575,0
AGM_D.US,5,20251217,161000,21.2,21.2,21.2,21.2,500,0
AGM_D.US,5,20251217,191000,21.17,21.17,21.14,21.14,704,0
AGM_D.US,5,20251217,193500,21.17,21.18,21.17,21.17,500,0
AGM_D.US,5,20251217,194500,21.17,21.17,21.17,21.17,100,0
AGM_D.US,5,20251217,195500,21.14,21.14,21.14,21.14,300,0
AGM_D.US,5,20251217,201000,21.17,21.17,21.17,21.17,100,0
AGM_D.US,5,20251217,202500,21.16,21.16,21.14,21.14,500,0
AGM_D.US,5,20251217,203000,21.1533,21.1533,21.1533,21.1533,221,0
AGM_D.US,5,20251217,211000,21.1448,21.1448,21.1448,21.1448,1000,0
AGM_D.US,5,20251217,215000,21.1,21.1102,21.09,21.1102,1400,0
AGM_D.US,5,20251218,154000,21.195,21.195,21.195,21.195,150,0
AGM_D.US,5,20251218,155000,21.1803,21.195,21.1803,21.195,471,0
AGM_D.US,5,20251218,160000,21.1,21.1,21.1,21.1,1825,0
AGM_D.US,5,20251218,164500,21.19,21.21,21.14,21.21,900,0
AGM_D.US,5,20251218,173000,21.2899,21.2899,21.2,21.2,700,0
AGM_D.US,5,20251218,174500,21.2,21.2,21.2,21.2,1000,0
AGM_D.US,5,20251218,181000,21.15,21.29,21.15,21.29,275,0
AGM_D.US,5,20251218,184500,21.27,21.2899,21.27,21.2899,1000,0
AGM_D.US,5,20251218,191000,21.26,21.29,21.26,21.29,400,0
AGM_D.US,5,20251218,210000,21.2,21.2001,21.1,21.1,8768,0
AGM_D.US,5,20251218,210500,21.19,21.2399,21.17,21.17,4117,0
AGM_D.US,5,20251218,215000,21.2,21.2,21.11,21.11,360,0
AGM_D.US,5,20251218,215500,21.155,21.19,21.155,21.19,600,0
AGM_D.US,5,20251219,171000,21.1,21.1,21.1,21.1,170,0
AGM_D.US,5,20251219,191000,21.09,21.16,21.01,21.045,5976,0
AGM_D.US,5,20251219,191500,21.01,21.01,20.93,20.98,4114,0
AGM_D.US,5,20251219,192500,21.01,21.01,21.01,21.01,200,0
AGM_D.US,5,20251219,193000,21.05,21.05,21.05,21.05,100,0
AGM_D.US,5,20251219,200500,21.01,21.08,21,21.08,3415,0
AGM_D.US,5,20251219,204500,21.0501,21.0501,21.0501,21.0501,1200,0
AGM_D.US,5,20251219,210500,21.074,21.074,21.074,21.074,220,0
AGM_D.US,5,20251219,212000,21.07,21.07,21.07,21.07,150,0
AGM_D.US,5,20251222,155000,21.1476,21.1476,21.1476,21.1476,237,0
AGM_D.US,5,20251222,160500,21.12,21.12,21.12,21.12,236,0
AGM_D.US,5,20251222,163500,21.1,21.12,21.1,21.12,500,0
AGM_D.US,5,20251222,171500,21.115,21.115,21.115,21.115,125,0
AGM_D.US,5,20251222,175000,21.115,21.15,21.1,21.15,1401,0
AGM_D.US,5,20251222,175500,21.15,21.15,21.14,21.14,279,0
AGM_D.US,5,20251222,180000,21.16,21.16,21.16,21.16,515,0
AGM_D.US,5,20251222,180500,21.2399,21.2399,21.2399,21.2399,125,0
AGM_D.US,5,20251222,181000,21.16,21.16,21.16,21.16,127,0
AGM_D.US,5,20251222,182000,21.2392,21.2392,21.2392,21.2392,1000,0
AGM_D.US,5,20251222,182500,21.18,21.2399,21.18,21.2399,965,0
AGM_D.US,5,20251222,183500,21.2,21.23,21.2,21.23,1000,0
AGM_D.US,5,20251222,184500,21.21,21.24,21.195,21.195,2043,0
AGM_D.US,5,20251222,193500,21.2,21.2,21.2,21.2,300,0
AGM_D.US,5,20251222,194000,21.2,21.2,21.2,21.2,100,0
AGM_D.US,5,20251222,201000,21.21,21.21,21.21,21.21,800,0
AGM_D.US,5,20251222,205500,21.18,21.22,21.18,21.22,2100,0
AGM_D.US,5,20251222,210500,21.18,21.1801,21.18,21.1801,860,0
