<TICKER>,<PER>,<DATE>,<TIME>,<OPEN>,<HIGH>,<LOW>,<CLOSE>,<VOL>,<OPENINT>
ASB_E.US,5,20250728,164500,21.01,21.01,21.01,21.01,600,0
ASB_E.US,5,20250728,181000,20.97,20.98,20.97,20.98,300,0
ASB_E.US,5,20250728,200500,20.99,20.99,20.99,20.99,1605,0
ASB_E.US,5,20250728,201000,20.9,20.9,20.9,20.9,200,0
ASB_E.US,5,20250728,203500,20.9,20.9,20.9,20.9,200,0
ASB_E.US,5,20250728,204000,20.89,20.89,20.89,20.89,497,0
ASB_E.US,5,20250728,204500,20.81,20.81,20.8,20.8,597,0
ASB_E.US,5,20250728,205000,20.87,20.87,20.87,20.87,100,0
ASB_E.US,5,20250728,215500,20.7501,20.7501,20.75,20.75,1125,0
ASB_E.US,5,20250729,160500,20.8577,20.8577,20.8577,20.8577,500,0
ASB_E.US,5,20250729,161000,20.89,20.89,20.85,20.85,400,0
ASB_E.US,5,20250729,164500,21.0999,21.0999,21.0999,21.0999,2000,0
ASB_E.US,5,20250729,170500,20.9,20.9,20.9,20.9,100,0
ASB_E.US,5,20250730,193500,20.89,20.89,20.89,20.89,600,0
ASB_E.US,5,20250731,181500,20.91,20.91,20.91,20.91,118,0
ASB_E.US,5,20250731,204500,20.8599,20.8599,20.8599,20.8599,425,0
ASB_E.US,5,20250731,205000,20.825,20.86,20.825,20.8344,1400,0
ASB_E.US,5,20250801,163500,20.8084,20.8084,20.8084,20.8084,190,0
ASB_E.US,5,20250801,174000,20.7385,20.7385,20.7385,20.7385,500,0
ASB_E.US,5,20250801,200000,20.7104,20.75,20.7104,20.7499,900,0
ASB_E.US,5,20250801,214500,20.95,21.03,20.95,21.03,400,0
ASB_E.US,5,20250804,164500,21,21,21,21,1700,0
ASB_E.US,5,20250804,165500,21,21,21,21,100,0
ASB_E.US,5,20250804,171500,20.9571,20.9878,20.935,20.9878,2000,0
ASB_E.US,5,20250804,172500,20.9878,20.9878,20.9878,20.9878,500,0
ASB_E.US,5,20250804,173500,20.93,20.9504,20.93,20.9504,1000,0
ASB_E.US,5,20250804,175000,20.99,21,20.9899,20.9991,1997,0
ASB_E.US,5,20250804,175500,20.9991,21,20.995,21,3983,0
ASB_E.US,5,20250804,180000,21,21.01,20.99,21.01,1100,0
ASB_E.US,5,20250804,181000,21.01,21.01,21.0027,21.0027,1000,0
ASB_E.US,5,20250804,182000,21.0034,21.01,21.0004,21.0004,1300,0
ASB_E.US,5,20250804,182500,21.0034,21.01,21.0027,21.0027,1900,0
ASB_E.US,5,20250804,183000,21.06,21.06,21.06,21.06,100,0
ASB_E.US,5,20250804,192500,21.12,21.12,21.12,21.12,100,0
ASB_E.US,5,20250804,201000,21.13,21.13,21.13,21.13,216,0
ASB_E.US,5,20250804,210000,21.22,21.22,21.22,21.22,100,0
ASB_E.US,5,20250804,215500,21.17,21.17,21.16,21.16,219,0
ASB_E.US,5,20250805,162500,21.2009,21.2009,21.2009,21.2009,100,0
ASB_E.US,5,20250805,163500,21.27,21.29,21.24,21.29,965,0
ASB_E.US,5,20250805,192500,21.21,21.21,21.21,21.21,500,0
ASB_E.US,5,20250805,200500,21.29,21.29,21.21,21.21,1000,0
ASB_E.US,5,20250805,212000,21.29,21.29,21.22,21.29,1100,0
ASB_E.US,5,20250806,153000,21.2871,21.2871,21.2871,21.2871,450,0
ASB_E.US,5,20250806,155500,21.26,21.26,21.26,21.26,100,0
ASB_E.US,5,20250806,162000,21.31,21.32,21.31,21.3199,1500,0
ASB_E.US,5,20250806,180500,21.45,21.47,21.41,21.47,1400,0
ASB_E.US,5,20250806,194000,21.41,21.41,21.41,21.41,100,0
ASB_E.US,5,20250806,200000,21.41,21.41,21.41,21.41,300,0
ASB_E.US,5,20250807,163000,21.45,21.5,21.45,21.5,1246,0
ASB_E.US,5,20250807,170500,21.43,21.43,21.42,21.42,1700,0
ASB_E.US,5,20250807,172000,21.27,21.28,21.26,21.26,1500,0
ASB_E.US,5,20250807,200000,21.32,21.32,21.32,21.32,100,0
ASB_E.US,5,20250807,213000,21.1,21.1,21.07,21.07,1100,0
ASB_E.US,5,20250807,213500,20.95,20.95,20.95,20.95,100,0
ASB_E.US,5,20250807,214500,20.9,20.9,20.9,20.9,120,0
ASB_E.US,5,20250807,215000,20.92,20.92,20.91,20.91,200,0
ASB_E.US,5,20250807,215500,20.91,20.92,20.91,20.92,400,0
ASB_E.US,5,20250808,160000,21.08,21.08,21.08,21.08,1000,0
ASB_E.US,5,20250808,171000,21.07,21.07,21.06,21.06,300,0
ASB_E.US,5,20250811,165500,21.165,21.165,21.165,21.165,250,0
ASB_E.US,5,20250811,170000,21.165,21.165,21.165,21.165,250,0
ASB_E.US,5,20250811,194500,21.2777,21.2777,21.2777,21.2777,250,0
ASB_E.US,5,20250811,195000,21.05,21.05,21.05,21.05,150,0
ASB_E.US,5,20250812,153500,21.05,21.05,21.05,21.05,100,0
ASB_E.US,5,20250812,190000,21.39,21.39,21.39,21.39,136,0
ASB_E.US,5,20250812,191000,21.3899,21.3899,21.3899,21.3899,275,0
ASB_E.US,5,20250812,200000,21.1,21.1,21.1,21.1,200,0
ASB_E.US,5,20250812,200500,21.1001,21.1001,21.1001,21.1001,500,0
ASB_E.US,5,20250812,201000,21.1001,21.1001,21.1001,21.1001,950,0
ASB_E.US,5,20250812,210000,21.12,21.12,21.1,21.1,1400,0
ASB_E.US,5,20250812,215000,21.255,21.255,21.255,21.255,200,0
ASB_E.US,5,20250813,182000,21.3,21.3,21.3,21.3,100,0
ASB_E.US,5,20250813,195500,21.45,21.46,21.45,21.46,466,0
ASB_E.US,5,20250813,211000,21.5,21.5,21.5,21.5,100,0
ASB_E.US,5,20250813,214000,21.52,21.52,21.52,21.52,150,0
ASB_E.US,5,20250813,215500,21.51,21.54,21.5,21.5,334,0
ASB_E.US,5,20250814,182500,21.4899,21.4899,21.4899,21.4899,1000,0
ASB_E.US,5,20250815,153000,21.2,21.2,21.2,21.2,500,0
ASB_E.US,5,20250815,155000,21.49,21.49,21.49,21.49,100,0
ASB_E.US,5,20250815,191000,21.395,21.395,21.395,21.395,196,0
ASB_E.US,5,20250818,161500,21.4,21.4,21.3999,21.3999,900,0
ASB_E.US,5,20250818,163500,21.4,21.46,21.4,21.46,800,0
ASB_E.US,5,20250818,172000,21.46,21.46,21.4599,21.4599,350,0
ASB_E.US,5,20250818,183000,21.46,21.46,21.46,21.46,100,0
ASB_E.US,5,20250818,193000,21.46,21.46,21.46,21.46,300,0
ASB_E.US,5,20250818,200000,21.41,21.41,21.41,21.41,800,0
ASB_E.US,5,20250818,212500,21.448,21.448,21.448,21.448,333,0
ASB_E.US,5,20250818,215500,21.49,21.49,21.46,21.46,396,0
ASB_E.US,5,20250819,162500,21.4599,21.4599,21.4599,21.4599,400,0
ASB_E.US,5,20250819,165000,21.46,21.478,21.45,21.478,1279,0
ASB_E.US,5,20250819,172000,21.49,21.49,21.49,21.49,3839,0
ASB_E.US,5,20250819,203000,21.68,21.68,21.64,21.64,300,0
ASB_E.US,5,20250819,211000,21.6997,21.6997,21.67,21.67,1452,0
ASB_E.US,5,20250820,160000,21.71,21.71,21.71,21.71,200,0
ASB_E.US,5,20250820,160500,21.71,21.71,21.71,21.71,200,0
ASB_E.US,5,20250820,182000,21.7074,21.7074,21.7074,21.7074,200,0
ASB_E.US,5,20250820,205500,21.645,21.645,21.645,21.645,100,0
ASB_E.US,5,20250821,174500,21.7,21.7,21.7,21.7,100,0
ASB_E.US,5,20250821,175000,21.7,21.7,21.7,21.7,189,0
ASB_E.US,5,20250821,180500,21.73,21.73,21.73,21.73,398,0
ASB_E.US,5,20250821,181000,21.73,21.73,21.7044,21.7044,870,0
ASB_E.US,5,20250821,182500,21.66,21.66,21.66,21.66,100,0
ASB_E.US,5,20250821,185500,21.73,21.73,21.7299,21.7299,800,0
ASB_E.US,5,20250821,200000,21.695,21.695,21.695,21.695,150,0
ASB_E.US,5,20250821,200500,21.695,21.695,21.695,21.695,100,0
ASB_E.US,5,20250822,170500,21.9,21.9,21.9,21.9,100,0
ASB_E.US,5,20250822,172000,21.9,21.9,21.9,21.9,250,0
ASB_E.US,5,20250822,174500,21.885,21.885,21.87,21.87,200,0
ASB_E.US,5,20250822,182500,21.885,21.885,21.88,21.885,800,0
ASB_E.US,5,20250822,183500,21.885,21.885,21.885,21.885,100,0
ASB_E.US,5,20250822,191000,21.8914,21.8914,21.8914,21.8914,1000,0
ASB_E.US,5,20250822,202000,21.885,21.885,21.885,21.885,100,0
ASB_E.US,5,20250822,205000,21.9,22,21.9,21.9999,1180,0
ASB_E.US,5,20250822,212000,22,22,21.9999,21.9999,840,0
ASB_E.US,5,20250825,164500,22.04,22.055,21.98,21.98,1300,0
ASB_E.US,5,20250825,183000,22.0268,22.065,21.8517,21.8517,1361,0
ASB_E.US,5,20250825,205500,21.7658,21.7658,21.7658,21.7658,229,0
ASB_E.US,5,20250825,213500,21.94,21.94,21.94,21.94,100,0
ASB_E.US,5,20250826,153500,22,22,22,22,1600,0
ASB_E.US,5,20250826,170000,21.9999,21.9999,21.9999,21.9999,1000,0
ASB_E.US,5,20250826,173500,21.94,21.94,21.9,21.9,600,0
ASB_E.US,5,20250826,175000,21.9799,21.9799,21.9,21.9,210,0
ASB_E.US,5,20250826,183500,21.84,21.84,21.84,21.84,100,0
ASB_E.US,5,20250826,190500,21.65,21.65,21.65,21.65,100,0
ASB_E.US,5,20250826,195000,21.864,21.864,21.864,21.864,500,0
ASB_E.US,5,20250826,210500,21.86,21.86,21.86,21.86,1673,0
ASB_E.US,5,20250826,215000,21.84,21.91,21.81,21.91,3100,0
ASB_E.US,5,20250827,161500,21.75,21.75,21.75,21.75,1254,0
ASB_E.US,5,20250827,163000,21.7,21.7,21.7,21.7,200,0
ASB_E.US,5,20250827,163500,21.71,21.71,21.71,21.71,400,0
ASB_E.US,5,20250827,165500,21.65,21.65,21.6,21.6,600,0
ASB_E.US,5,20250827,170000,21.65,21.65,21.65,21.65,799,0
ASB_E.US,5,20250827,175500,21.71,21.71,21.71,21.71,500,0
ASB_E.US,5,20250827,180500,21.71,21.71,21.71,21.71,100,0
ASB_E.US,5,20250827,183500,21.66,21.66,21.66,21.66,750,0
ASB_E.US,5,20250827,190000,21.65,21.65,21.65,21.65,1200,0
ASB_E.US,5,20250827,191500,21.69,21.69,21.69,21.69,200,0
ASB_E.US,5,20250827,215000,21.68,21.68,21.67,21.68,700,0
ASB_E.US,5,20250828,163000,21.8799,21.8799,21.8799,21.8799,175,0
ASB_E.US,5,20250828,172500,21.6811,21.6811,21.6811,21.6811,200,0
ASB_E.US,5,20250828,174000,21.74,21.74,21.74,21.74,1000,0
ASB_E.US,5,20250828,175500,21.72,21.72,21.72,21.72,800,0
ASB_E.US,5,20250828,190500,21.72,21.72,21.6001,21.6001,1000,0
ASB_E.US,5,20250828,195500,21.84,21.84,21.84,21.84,200,0
ASB_E.US,5,20250828,200000,21.72,21.72,21.6,21.705,1200,0
ASB_E.US,5,20250829,162500,21.63,21.63,21.6,21.6,200,0
ASB_E.US,5,20250829,163500,21.7,21.7,21.7,21.7,300,0
ASB_E.US,5,20250829,165000,21.6,21.6001,21.6,21.6001,500,0
ASB_E.US,5,20250829,185500,21.59,21.59,21.59,21.59,500,0
ASB_E.US,5,20250829,212500,21.52,21.52,21.52,21.52,100,0
ASB_E.US,5,20250829,214500,21.68,21.68,21.68,21.68,250,0
ASB_E.US,5,20250829,215000,21.69,21.69,21.68,21.69,749,0
ASB_E.US,5,20250829,215500,21.68,21.68,21.68,21.68,104,0
ASB_E.US,5,20250903,153500,21.48,21.48,21.48,21.48,156,0
ASB_E.US,5,20250903,164500,21.6,21.6,21.6,21.6,1250,0
ASB_E.US,5,20250903,165000,21.57,21.57,21.57,21.57,200,0
ASB_E.US,5,20250903,214500,21.55,21.55,21.55,21.55,100,0
ASB_E.US,5,20250904,153000,21.32,21.32,21.32,21.32,100,0
ASB_E.US,5,20250904,201500,21.63,21.63,21.63,21.63,200,0
ASB_E.US,5,20250904,210500,21.65,21.65,21.65,21.65,327,0
ASB_E.US,5,20250905,155000,21.612,21.7,21.612,21.612,3177,0
ASB_E.US,5,20250905,175500,21.8501,21.8501,21.8501,21.8501,500,0
ASB_E.US,5,20250905,215500,21.99,21.99,21.99,21.99,179,0
ASB_E.US,5,20250908,171000,22.26,22.26,22.26,22.26,100,0
ASB_E.US,5,20250908,171500,22.1,22.1,22.1,22.1,2260,0
ASB_E.US,5,20250908,185000,22.2,22.2,22.2,22.2,600,0
ASB_E.US,5,20250908,193000,22.2523,22.2523,22.2523,22.2523,200,0
ASB_E.US,5,20250908,211000,22.21,22.21,22.21,22.21,100,0
ASB_E.US,5,20250908,212000,22.16,22.16,22.16,22.16,300,0
ASB_E.US,5,20250908,212500,22.21,22.29,22.16,22.16,1486,0
ASB_E.US,5,20250908,213000,22.16,22.16,22.08,22.08,1000,0
ASB_E.US,5,20250908,214000,22.1937,22.1937,22.1937,22.1937,1000,0
ASB_E.US,5,20250908,215500,21.85,21.85,21.85,21.85,1150,0
ASB_E.US,5,20250909,154000,22.26,22.26,22.26,22.26,100,0
ASB_E.US,5,20250909,161500,22.25,22.25,22.25,22.25,100,0
ASB_E.US,5,20250909,170000,22.11,22.11,22.11,22.11,375,0
ASB_E.US,5,20250909,170500,22.02,22.02,21.95,21.95,900,0
ASB_E.US,5,20250909,173500,22.14,22.14,22.14,22.14,100,0
ASB_E.US,5,20250909,174000,22.085,22.085,22.085,22.085,1000,0
ASB_E.US,5,20250909,183000,22.08,22.13,22.08,22.13,500,0
ASB_E.US,5,20250909,190000,22.1,22.1,22.1,22.1,100,0
ASB_E.US,5,20250909,193500,22.15,22.15,22.15,22.15,100,0
ASB_E.US,5,20250909,200500,22.15,22.15,22.15,22.15,200,0
ASB_E.US,5,20250909,203000,22.15,22.15,22.15,22.15,100,0
ASB_E.US,5,20250909,203500,22.15,22.15,22.15,22.15,300,0
ASB_E.US,5,20250909,215500,22.27,22.32,22.27,22.32,1500,0
ASB_E.US,5,20250910,173000,22.28,22.28,22.28,22.28,400,0
ASB_E.US,5,20250910,213500,22.17,22.33,22.17,22.33,260,0
ASB_E.US,5,20250911,171000,22.4899,22.4899,22.4899,22.4899,100,0
ASB_E.US,5,20250911,172500,22.42,22.42,22.35,22.42,1947,0
ASB_E.US,5,20250911,182000,22.4383,22.4383,22.4383,22.4383,500,0
ASB_E.US,5,20250911,184000,22.48,22.54,22.48,22.54,538,0
ASB_E.US,5,20250911,184500,22.3717,22.5399,22.3717,22.455,1400,0
ASB_E.US,5,20250911,204000,22.41,22.41,22.41,22.41,567,0
ASB_E.US,5,20250911,205000,22.41,22.41,22.41,22.41,3136,0
ASB_E.US,5,20250911,214500,22.54,22.54,22.54,22.54,100,0
ASB_E.US,5,20250912,161000,22.35,22.35,22.35,22.35,600,0
ASB_E.US,5,20250912,181500,22.559647,22.559647,22.559647,22.559647,150,0
ASB_E.US,5,20250912,190000,22.57,22.57,22.57,22.57,100,0
ASB_E.US,5,20250912,191500,22.595,22.595,22.595,22.595,100,0
ASB_E.US,5,20250912,192500,22.57,22.57,22.57,22.57,100,0
ASB_E.US,5,20250912,193000,22.595,22.595,22.595,22.595,101,0
ASB_E.US,5,20250912,210500,22.64,22.64,22.64,22.64,700,0
ASB_E.US,5,20250912,212000,22.68,22.68,22.64,22.64,203,0
ASB_E.US,5,20250915,160000,22.7128,22.7128,22.7128,22.7128,270,0
ASB_E.US,5,20250915,163000,22.52,22.52,22.52,22.52,100,0
ASB_E.US,5,20250915,193500,22.6,22.6,22.6,22.6,625,0
ASB_E.US,5,20250915,194000,22.615,22.615,22.595,22.595,200,0
ASB_E.US,5,20250915,201000,22.7,22.7,22.7,22.7,200,0
ASB_E.US,5,20250915,201500,22.635,22.635,22.635,22.635,100,0
ASB_E.US,5,20250915,205000,22.635,22.635,22.635,22.635,100,0
ASB_E.US,5,20250916,172500,22.75,22.7699,22.71,22.71,1003,0
ASB_E.US,5,20250916,193500,22.745,22.745,22.745,22.745,100,0
ASB_E.US,5,20250916,194000,22.78,22.97,22.78,22.97,300,0
ASB_E.US,5,20250916,200500,22.9,22.9,22.9,22.9,110,0
ASB_E.US,5,20250916,211500,22.82,22.82,22.82,22.82,100,0
ASB_E.US,5,20250916,215500,22.85,22.85,22.85,22.85,229,0
ASB_E.US,5,20250917,195500,22.6893,22.6893,22.6893,22.6893,200,0
ASB_E.US,5,20250918,153500,22.8,22.8,22.8,22.8,1000,0
ASB_E.US,5,20250918,180000,22.67,22.67,22.66,22.66,300,0
ASB_E.US,5,20250918,185000,22.685,22.685,22.685,22.685,169,0
ASB_E.US,5,20250919,185500,22.8,22.8,22.8,22.8,1000,0
ASB_E.US,5,20250919,193500,22.89,22.9,22.89,22.9,1590,0
ASB_E.US,5,20250919,195000,22.94,22.94,22.94,22.94,100,0
ASB_E.US,5,20250919,202500,22.938,22.938,22.93,22.93,910,0
ASB_E.US,5,20250919,204000,22.92,22.92,22.9,22.9,300,0
ASB_E.US,5,20250919,205000,22.81,22.81,22.81,22.81,100,0
ASB_E.US,5,20250919,214000,22.9,22.9,22.9,22.9,200,0
ASB_E.US,5,20250919,215500,22.9,22.9,22.9,22.9,100,0
ASB_E.US,5,20250922,181500,22.65,22.65,22.65,22.65,100,0
ASB_E.US,5,20250922,183500,22.69,22.69,22.69,22.69,100,0
ASB_E.US,5,20250922,191000,22.95,22.95,22.95,22.95,100,0
ASB_E.US,5,20250923,154500,22.91,22.91,22.91,22.91,100,0
ASB_E.US,5,20250923,185500,22.93,22.93,22.93,22.93,975,0
ASB_E.US,5,20250923,192500,22.95,22.95,22.95,22.95,435,0
ASB_E.US,5,20250923,194500,22.95,22.95,22.95,22.95,1447,0
ASB_E.US,5,20250923,205000,22.89,22.89,22.89,22.89,1800,0
ASB_E.US,5,20250923,214000,23.0099,23.0099,23.0099,23.0099,475,0
ASB_E.US,5,20250925,165000,22.99,22.99,22.99,22.99,1500,0
ASB_E.US,5,20250925,184500,22.61,22.61,22.61,22.61,200,0
ASB_E.US,5,20250925,185000,22.59,22.61,22.59,22.61,500,0
ASB_E.US,5,20250925,191000,22.6,22.6,22.6,22.6,100,0
ASB_E.US,5,20250925,195000,22.53,22.53,22.5,22.5,575,0
ASB_E.US,5,20250925,202500,22.47,22.47,22.46,22.46,200,0
ASB_E.US,5,20250925,203000,22.55,22.55,22.55,22.55,100,0
ASB_E.US,5,20250926,162000,22.46,22.54,22.46,22.54,500,0
ASB_E.US,5,20250930,153000,22.5,22.5,22.5,22.5,100,0
ASB_E.US,5,20250930,160500,22.5999,22.5999,22.5999,22.5999,1400,0
ASB_E.US,5,20250930,162000,22.55,22.55,22.55,22.55,825,0
ASB_E.US,5,20250930,162500,22.52,22.52,22.44,22.44,800,0
ASB_E.US,5,20250930,163500,22.4,22.4,22.4,22.4,800,0
ASB_E.US,5,20250930,172000,22.38,22.38,22.38,22.38,224,0
ASB_E.US,5,20250930,190500,22.3,22.3,22.26,22.26,300,0
ASB_E.US,5,20250930,215000,22.23,22.23,22.22,22.22,500,0
ASB_E.US,5,20250930,215500,22.23,22.23,22.23,22.23,460,0
ASB_E.US,5,20251001,174000,22.3,22.3,22.3,22.3,108,0
ASB_E.US,5,20251001,181500,22.1189,22.1189,22.1189,22.1189,200,0
ASB_E.US,5,20251001,190500,22.195,22.195,22.195,22.195,200,0
ASB_E.US,5,20251001,195000,22.29,22.3,22.29,22.3,300,0
ASB_E.US,5,20251001,195500,22.395,22.395,22.395,22.395,100,0
ASB_E.US,5,20251001,204500,22.46,22.48,22.46,22.48,500,0
ASB_E.US,5,20251001,205500,22.515,22.515,22.515,22.515,200,0
ASB_E.US,5,20251001,211000,22.455,22.455,22.42,22.42,300,0
ASB_E.US,5,20251001,211500,22.38,22.38,22.38,22.38,100,0
ASB_E.US,5,20251001,212000,22.385,22.385,22.385,22.385,100,0
ASB_E.US,5,20251001,213500,22.3937,22.3937,22.3937,22.3937,200,0
ASB_E.US,5,20251001,214000,22.41,22.41,22.41,22.41,100,0
ASB_E.US,5,20251001,215000,22.4,22.4,22.39,22.39,500,0
ASB_E.US,5,20251001,215500,22.42,22.42,22.16,22.16,1600,0
ASB_E.US,5,20251002,172000,22.43,22.43,22.43,22.43,250,0
ASB_E.US,5,20251002,191000,22.4227,22.4227,22.4227,22.4227,100,0
ASB_E.US,5,20251002,213000,22.4,22.4,22.4,22.4,675,0
ASB_E.US,5,20251003,165500,22.39,22.39,22.37,22.37,248,0
ASB_E.US,5,20251003,180500,22.3499,22.3499,22.3499,22.3499,300,0
ASB_E.US,5,20251003,195000,22.25,22.25,22.25,22.25,660,0
ASB_E.US,5,20251003,212000,22.25,22.25,22.25,22.25,750,0
ASB_E.US,5,20251006,161000,22.5499,22.5499,22.5499,22.5499,400,0
ASB_E.US,5,20251006,164500,22.11,22.11,22.11,22.11,100,0
ASB_E.US,5,20251006,190000,22.31,22.31,22.31,22.31,400,0
ASB_E.US,5,20251007,162500,22.38,22.41,22.36,22.41,3119,0
ASB_E.US,5,20251007,163000,22.39,22.39,22.39,22.39,100,0
ASB_E.US,5,20251007,163500,22.39,22.39,22.39,22.39,100,0
ASB_E.US,5,20251007,170500,22.42,22.49,22.42,22.4201,400,0
ASB_E.US,5,20251007,171000,22.4207,22.4207,22.35,22.35,700,0
ASB_E.US,5,20251007,173000,22.4,22.4,22.4,22.4,100,0
ASB_E.US,5,20251007,174500,22.4,22.55,22.4,22.4001,2200,0
ASB_E.US,5,20251007,180000,22.475,22.475,22.475,22.475,100,0
ASB_E.US,5,20251007,192500,22.42,22.42,22.42,22.42,100,0
ASB_E.US,5,20251007,195000,22.42,22.42,22.42,22.42,100,0
ASB_E.US,5,20251007,204500,22.42,22.42,22.42,22.42,100,0
ASB_E.US,5,20251007,211000,22.42,22.42,22.42,22.42,100,0
ASB_E.US,5,20251007,213000,22.42,22.42,22.42,22.42,100,0
ASB_E.US,5,20251007,214500,22.42,22.42,22.42,22.42,100,0
ASB_E.US,5,20251007,215500,22.53,22.53,22.4,22.4,400,0
ASB_E.US,5,20251008,204500,22.42,22.42,22.42,22.42,100,0
ASB_E.US,5,20251008,211000,22.42,22.42,22.42,22.42,100,0
ASB_E.US,5,20251008,214500,22.42,22.42,22.42,22.42,100,0
ASB_E.US,5,20251009,163000,22.43,22.43,22.43,22.43,100,0
ASB_E.US,5,20251009,172000,22.42,22.42,22.42,22.42,100,0
ASB_E.US,5,20251009,174500,22.42,22.42,22.42,22.42,100,0
ASB_E.US,5,20251009,180000,22.4799,22.4799,22.4799,22.4799,125,0
ASB_E.US,5,20251009,181500,22.4799,22.4799,22.42,22.42,200,0
ASB_E.US,5,20251009,183500,22.42,22.42,22.42,22.42,708,0
ASB_E.US,5,20251009,184000,22.42,22.42,22.42,22.42,700,0
ASB_E.US,5,20251009,184500,22.42,22.42,22.42,22.42,300,0
ASB_E.US,5,20251009,185000,22.42,22.42,22.42,22.42,200,0
ASB_E.US,5,20251009,185500,22.42,22.42,22.42,22.42,1000,0
ASB_E.US,5,20251009,191500,22.42,22.42,22.42,22.42,1700,0
ASB_E.US,5,20251009,195000,22.42,22.42,22.42,22.42,977,0
ASB_E.US,5,20251009,202500,22.24,22.24,22.24,22.24,100,0
ASB_E.US,5,20251009,205500,22.24,22.24,22.24,22.24,100,0
ASB_E.US,5,20251009,212000,22.24,22.24,22.24,22.24,100,0
ASB_E.US,5,20251009,214000,22.24,22.24,22.24,22.24,100,0
ASB_E.US,5,20251009,215500,22.29,22.31,22.29,22.31,401,0
ASB_E.US,5,20251010,161500,22.31,22.31,22.2401,22.2401,794,0
ASB_E.US,5,20251010,162500,22.26,22.26,22.26,22.26,100,0
ASB_E.US,5,20251010,165000,22.25,22.25,22.25,22.25,100,0
ASB_E.US,5,20251010,170000,22.19,22.19,22.19,22.19,100,0
ASB_E.US,5,20251010,171500,22.12,22.12,22.12,22.12,100,0
ASB_E.US,5,20251010,174000,22.06,22.06,22.06,22.06,100,0
ASB_E.US,5,20251010,181000,21.99,21.99,21.99,21.99,100,0
ASB_E.US,5,20251010,184500,22,22,22,22,100,0
ASB_E.US,5,20251010,191500,21.96,21.96,21.96,21.96,100,0
ASB_E.US,5,20251010,195000,21.97,21.97,21.97,21.97,100,0
ASB_E.US,5,20251010,215000,22.03,22.03,22.03,22.03,300,0
ASB_E.US,5,20251010,215500,22.01,22.01,22.01,22.01,650,0
ASB_E.US,5,20251013,170500,22.53,22.53,22.53,22.53,500,0
ASB_E.US,5,20251013,214500,22.08,22.08,22.08,22.08,200,0
ASB_E.US,5,20251014,160500,21.98,22.245,21.97,21.9701,3410,0
ASB_E.US,5,20251014,162500,21.98,21.98,21.97,21.97,1644,0
ASB_E.US,5,20251014,165500,22,22,22,22,455,0
ASB_E.US,5,20251014,171500,22,22,22,22,100,0
ASB_E.US,5,20251014,191000,21.91,21.91,21.91,21.91,100,0
ASB_E.US,5,20251014,194000,21.95,21.95,21.95,21.95,100,0
ASB_E.US,5,20251014,210500,21.95,22.01,21.95,22.01,653,0
ASB_E.US,5,20251014,214500,21.89,21.89,21.89,21.89,100,0
ASB_E.US,5,20251014,215500,21.88,21.88,21.88,21.88,100,0
ASB_E.US,5,20251015,164500,21.92,21.92,21.92,21.92,100,0
ASB_E.US,5,20251015,165500,21.975,21.975,21.975,21.975,5411,0
ASB_E.US,5,20251015,170500,21.9,21.9,21.9,21.9,100,0
ASB_E.US,5,20251015,175500,21.88,21.88,21.88,21.88,100,0
ASB_E.US,5,20251015,183000,21.88,21.88,21.88,21.88,100,0
ASB_E.US,5,20251015,185500,21.88,21.88,21.88,21.88,100,0
ASB_E.US,5,20251015,192500,21.95,21.95,21.95,21.95,100,0
ASB_E.US,5,20251015,193000,21.88,21.925,21.83,21.925,3140,0
ASB_E.US,5,20251015,204500,21.82,21.82,21.82,21.82,100,0
ASB_E.US,5,20251015,210000,21.82,21.82,21.82,21.82,100,0
ASB_E.US,5,20251015,211500,21.82,21.9647,21.82,21.9647,1100,0
ASB_E.US,5,20251015,214000,21.82,21.82,21.82,21.82,100,0
ASB_E.US,5,20251015,214500,21.83,21.83,21.83,21.83,100,0
ASB_E.US,5,20251015,215000,21.83,21.83,21.83,21.83,100,0
ASB_E.US,5,20251015,215500,21.92,21.92,21.82,21.82,700,0
ASB_E.US,5,20251016,153000,22.34,22.39,22.34,22.34,750,0
ASB_E.US,5,20251016,153500,21.85,21.85,21.85,21.85,200,0
ASB_E.US,5,20251016,183000,21.85,21.85,21.85,21.85,100,0
ASB_E.US,5,20251016,190000,21.85,21.85,21.85,21.85,100,0
ASB_E.US,5,20251016,194500,21.905,21.905,21.905,21.905,500,0
ASB_E.US,5,20251016,201500,21.86,21.86,21.86,21.86,100,0
ASB_E.US,5,20251016,202500,21.85,21.86,21.6,21.6,1237,0
ASB_E.US,5,20251016,203000,21.56,21.68,21.56,21.68,300,0
ASB_E.US,5,20251016,203500,21.63,21.63,21.5763,21.5763,475,0
ASB_E.US,5,20251016,212500,21.52,21.6,21.52,21.53,400,0
ASB_E.US,5,20251016,213000,21.6,21.6,21.55,21.55,600,0
ASB_E.US,5,20251016,213500,21.46,21.46,21.46,21.46,100,0
ASB_E.US,5,20251017,164500,21.6,21.675,21.6,21.675,350,0
ASB_E.US,5,20251017,165000,21.75,21.75,21.6,21.6,1526,0
ASB_E.US,5,20251017,165500,21.6,21.6,21.51,21.51,200,0
ASB_E.US,5,20251017,173500,21.51,21.52,21.51,21.52,300,0
ASB_E.US,5,20251017,175000,21.51,21.51,21.51,21.51,100,0
ASB_E.US,5,20251017,181000,21.52,21.52,21.52,21.52,100,0
ASB_E.US,5,20251017,183000,21.52,21.52,21.52,21.52,100,0
ASB_E.US,5,20251017,185000,21.52,21.52,21.52,21.52,100,0
ASB_E.US,5,20251017,191000,21.46,21.46,21.46,21.46,100,0
ASB_E.US,5,20251017,193000,21.46,21.46,21.46,21.46,100,0
ASB_E.US,5,20251017,194500,21.46,21.46,21.46,21.46,100,0
ASB_E.US,5,20251017,200500,21.47,21.47,21.47,21.47,100,0
ASB_E.US,5,20251017,203000,21.5,21.5,21.5,21.5,100,0
ASB_E.US,5,20251017,205000,21.51,21.51,21.51,21.51,100,0
ASB_E.US,5,20251017,210500,21.51,21.61,21.51,21.61,2390,0
ASB_E.US,5,20251017,212000,21.53,21.53,21.53,21.53,100,0
ASB_E.US,5,20251017,213500,21.51,21.51,21.51,21.51,420,0
ASB_E.US,5,20251020,162000,21.55,21.55,21.55,21.55,100,0
ASB_E.US,5,20251020,173000,21.685,21.685,21.685,21.685,500,0
ASB_E.US,5,20251020,190000,21.59,21.59,21.59,21.59,100,0
ASB_E.US,5,20251020,191000,21.74,21.74,21.74,21.74,200,0
ASB_E.US,5,20251020,191500,21.68,21.68,21.68,21.68,200,0
ASB_E.US,5,20251020,192500,21.6,21.73,21.6,21.73,200,0
ASB_E.US,5,20251020,193500,21.72,21.72,21.72,21.72,100,0
ASB_E.US,5,20251020,194500,21.61,21.71,21.61,21.71,300,0
ASB_E.US,5,20251020,201000,21.61,21.61,21.61,21.61,100,0
ASB_E.US,5,20251020,203500,21.61,21.61,21.61,21.61,100,0
ASB_E.US,5,20251020,205500,21.61,21.61,21.61,21.61,100,0
ASB_E.US,5,20251020,211000,21.62,21.62,21.62,21.62,100,0
ASB_E.US,5,20251020,213000,21.62,21.62,21.62,21.62,100,0
ASB_E.US,5,20251020,214000,21.62,21.62,21.62,21.62,100,0
ASB_E.US,5,20251020,215000,21.58,21.58,21.58,21.58,100,0
ASB_E.US,5,20251020,215500,21.66,21.72,21.59,21.59,636,0
ASB_E.US,5,20251021,163000,21.62,21.62,21.62,21.62,100,0
ASB_E.US,5,20251021,163500,21.7,21.7,21.7,21.7,100,0
ASB_E.US,5,20251021,164000,21.6929,21.6929,21.6929,21.6929,206,0
ASB_E.US,5,20251021,165000,21.58,21.58,21.58,21.58,100,0
ASB_E.US,5,20251021,165500,21.7199,21.7199,21.68,21.7,800,0
ASB_E.US,5,20251021,173000,21.58,21.58,21.58,21.58,100,0
ASB_E.US,5,20251021,181500,21.67,21.7,21.67,21.68,2200,0
ASB_E.US,5,20251021,182000,21.59,21.59,21.59,21.59,100,0
ASB_E.US,5,20251021,184500,21.64,21.64,21.64,21.64,472,0
ASB_E.US,5,20251021,190500,21.68,21.68,21.68,21.68,100,0
ASB_E.US,5,20251021,193000,21.64,21.64,21.64,21.64,100,0
ASB_E.US,5,20251021,195000,21.64,21.64,21.64,21.64,100,0
ASB_E.US,5,20251021,201500,21.64,21.64,21.64,21.64,100,0
ASB_E.US,5,20251021,210000,21.64,21.64,21.64,21.64,100,0
ASB_E.US,5,20251021,211500,21.64,21.64,21.64,21.64,100,0
ASB_E.US,5,20251021,214500,21.6477,21.6477,21.6477,21.6477,400,0
ASB_E.US,5,20251021,215500,21.65,21.65,21.65,21.65,200,0
ASB_E.US,5,20251022,154000,21.72,21.72,21.72,21.72,450,0
ASB_E.US,5,20251022,154500,21.648,21.648,21.648,21.648,230,0
ASB_E.US,5,20251022,160500,21.56,21.56,21.56,21.56,100,0
ASB_E.US,5,20251022,162000,21.65,21.66,21.65,21.65,600,0
ASB_E.US,5,20251022,163500,21.65,21.65,21.65,21.65,100,0
ASB_E.US,5,20251022,165500,21.65,21.65,21.65,21.65,100,0
ASB_E.US,5,20251022,170000,21.685,21.685,21.685,21.685,1000,0
ASB_E.US,5,20251022,171000,21.65,21.65,21.65,21.65,100,0
ASB_E.US,5,20251022,173000,21.65,21.65,21.65,21.65,100,0
ASB_E.US,5,20251022,175500,21.65,21.65,21.65,21.65,100,0
ASB_E.US,5,20251022,182000,21.65,21.65,21.65,21.65,100,0
ASB_E.US,5,20251022,184500,21.6,21.6,21.6,21.6,100,0
ASB_E.US,5,20251022,185500,21.65,21.65,21.65,21.65,600,0
ASB_E.US,5,20251022,190000,21.65,21.65,21.65,21.65,1364,0
ASB_E.US,5,20251022,190500,21.56,21.56,21.56,21.56,100,0
ASB_E.US,5,20251022,204000,21.55,21.55,21.55,21.55,100,0
ASB_E.US,5,20251022,210000,21.55,21.55,21.54,21.54,200,0
ASB_E.US,5,20251022,212000,21.54,21.54,21.54,21.54,100,0
ASB_E.US,5,20251022,213500,21.54,21.54,21.54,21.54,100,0
ASB_E.US,5,20251022,215000,21.54,21.54,21.54,21.54,100,0
ASB_E.US,5,20251022,215500,21.54,21.54,21.49,21.49,300,0
ASB_E.US,5,20251023,163500,21.55,21.55,21.4525,21.4525,1932,0
ASB_E.US,5,20251023,171000,21.641,21.641,21.5629,21.5629,900,0
ASB_E.US,5,20251023,175500,21.6585,21.6585,21.6585,21.6585,250,0
ASB_E.US,5,20251023,182500,21.6,21.6,21.6,21.6,600,0
ASB_E.US,5,20251023,184500,21.6,21.6,21.6,21.6,500,0
ASB_E.US,5,20251023,185500,21.55,21.55,21.55,21.55,100,0
ASB_E.US,5,20251023,190000,21.5999,21.5999,21.59,21.59,500,0
ASB_E.US,5,20251023,211500,21.45,21.45,21.45,21.45,100,0
ASB_E.US,5,20251024,165000,21.63,21.6301,21.6,21.6001,1200,0
ASB_E.US,5,20251024,172000,21.78,21.78,21.78,21.78,250,0
ASB_E.US,5,20251024,193500,21.63,21.63,21.63,21.63,100,0
ASB_E.US,5,20251024,194500,21.63,21.63,21.63,21.63,100,0
ASB_E.US,5,20251024,195500,21.63,21.63,21.63,21.63,100,0
ASB_E.US,5,20251024,201000,21.63,21.63,21.63,21.63,100,0
ASB_E.US,5,20251024,202000,21.63,21.63,21.63,21.63,100,0
ASB_E.US,5,20251024,203500,21.63,21.63,21.63,21.63,100,0
ASB_E.US,5,20251024,204500,21.63,21.63,21.63,21.63,100,0
ASB_E.US,5,20251024,205000,21.63,21.63,21.63,21.63,100,0
ASB_E.US,5,20251024,205500,21.61,21.61,21.6,21.6,229,0
ASB_E.US,5,20251024,215000,21.65,21.65,21.65,21.65,695,0
ASB_E.US,5,20251027,153500,22.0052,22.0052,22.0052,22.0052,500,0
ASB_E.US,5,20251027,163500,21.74,21.75,21.74,21.75,300,0
ASB_E.US,5,20251027,164000,21.72,21.72,21.72,21.72,100,0
ASB_E.US,5,20251027,170500,21.77,21.77,21.77,21.77,100,0
ASB_E.US,5,20251027,172000,21.79,21.79,21.79,21.79,400,0
ASB_E.US,5,20251027,173500,21.771,21.82,21.771,21.82,570,0
ASB_E.US,5,20251027,174500,21.7701,21.7701,21.7701,21.7701,250,0
ASB_E.US,5,20251027,175000,21.77,21.77,21.77,21.77,100,0
ASB_E.US,5,20251027,180000,21.87,21.87,21.87,21.87,325,0
ASB_E.US,5,20251027,181000,21.77,21.77,21.77,21.77,100,0
ASB_E.US,5,20251027,183500,21.77,21.77,21.77,21.77,100,0
ASB_E.US,5,20251027,185000,21.77,21.77,21.77,21.77,100,0
ASB_E.US,5,20251027,192000,21.77,21.77,21.77,21.77,100,0
ASB_E.US,5,20251027,192500,21.81,21.81,21.81,21.81,785,0
ASB_E.US,5,20251027,194500,21.77,21.77,21.77,21.77,100,0
ASB_E.US,5,20251027,200500,21.81,21.8196,21.81,21.8196,1500,0
ASB_E.US,5,20251027,204000,21.79,21.81,21.79,21.81,200,0
ASB_E.US,5,20251027,204500,21.815,21.815,21.815,21.815,500,0
ASB_E.US,5,20251027,205500,21.77,21.77,21.77,21.77,100,0
ASB_E.US,5,20251028,164000,21.7921,21.7921,21.7921,21.7921,800,0
ASB_E.US,5,20251028,171500,21.745,21.745,21.745,21.745,100,0
ASB_E.US,5,20251028,190500,21.760569,21.760569,21.760569,21.760569,1000,0
ASB_E.US,5,20251028,194500,21.6634,21.6634,21.6634,21.6634,250,0
ASB_E.US,5,20251028,202500,21.68,21.68,21.68,21.68,100,0
ASB_E.US,5,20251029,151500,21.66,21.66,21.66,21.66,100,0
ASB_E.US,5,20251029,153500,21.66,21.66,21.66,21.66,100,0
ASB_E.US,5,20251029,155500,21.66,21.66,21.66,21.66,100,0
ASB_E.US,5,20251029,161500,21.66,21.66,21.66,21.66,100,0
ASB_E.US,5,20251029,163000,21.66,21.66,21.66,21.66,100,0
ASB_E.US,5,20251029,163500,21.66,21.66,21.66,21.66,100,0
ASB_E.US,5,20251029,170000,21.75,21.75,21.75,21.75,100,0
ASB_E.US,5,20251029,172500,21.76,21.76,21.76,21.76,100,0
ASB_E.US,5,20251029,173000,21.66,21.66,21.66,21.66,100,0
ASB_E.US,5,20251029,180000,21.66,21.66,21.66,21.66,100,0
ASB_E.US,5,20251029,183000,21.66,21.66,21.66,21.66,100,0
ASB_E.US,5,20251029,184500,21.66,21.66,21.66,21.66,300,0
ASB_E.US,5,20251029,190000,21.7,21.7,21.7,21.7,100,0
ASB_E.US,5,20251029,191500,21.7,21.7,21.7,21.7,100,0
ASB_E.US,5,20251029,193000,21.7,21.7,21.7,21.7,100,0
ASB_E.US,5,20251029,193500,21.7,21.7,21.7,21.7,1600,0
ASB_E.US,5,20251029,194500,21.67,21.67,21.67,21.67,123,0
ASB_E.US,5,20251029,195000,21.56,21.56,21.56,21.56,100,0
ASB_E.US,5,20251029,202000,21.58,21.6799,21.58,21.6799,300,0
ASB_E.US,5,20251029,203000,21.62,21.62,21.62,21.62,100,0
ASB_E.US,5,20251029,203500,21.62,21.62,21.62,21.62,100,0
ASB_E.US,5,20251029,205000,21.62,21.62,21.62,21.62,100,0
ASB_E.US,5,20251029,205500,21.57,21.57,21.57,21.57,100,0
ASB_E.US,5,20251030,154500,21.88,21.88,21.88,21.88,650,0
ASB_E.US,5,20251030,164000,21.45,21.45,21.45,21.45,100,0
ASB_E.US,5,20251030,170500,21.45,21.45,21.45,21.45,500,0
ASB_E.US,5,20251030,181000,21.45,21.45,21.45,21.45,100,0
ASB_E.US,5,20251030,184000,21.49,21.49,21.45,21.45,1200,0
ASB_E.US,5,20251030,190000,21.45,21.45,21.45,21.45,200,0
ASB_E.US,5,20251030,190500,21.4,21.49,21.4,21.45,3300,0
ASB_E.US,5,20251030,192500,21.37,21.37,21.37,21.37,300,0
ASB_E.US,5,20251030,193000,21.37,21.37,21.32,21.32,2395,0
ASB_E.US,5,20251030,193500,21.4487,21.4487,21.4487,21.4487,1000,0
ASB_E.US,5,20251030,195000,21.3,21.3,21.26,21.26,200,0
ASB_E.US,5,20251030,205500,21.3,21.3,21.3,21.3,200,0
ASB_E.US,5,20251031,144500,21.59,21.59,21.59,21.59,200,0
ASB_E.US,5,20251031,151500,21.3,21.3,21.3,21.3,2000,0
ASB_E.US,5,20251031,163500,21.3,21.3,21.3,21.3,100,0
ASB_E.US,5,20251031,172500,21.25,21.25,21.25,21.25,100,0
ASB_E.US,5,20251031,180500,21.25,21.25,21.25,21.25,100,0
ASB_E.US,5,20251031,182500,21.25,21.25,21.25,21.25,100,0
ASB_E.US,5,20251031,184500,21.26,21.26,21.26,21.26,100,0
ASB_E.US,5,20251031,192000,21.395,21.395,21.395,21.395,300,0
ASB_E.US,5,20251031,193000,21.27,21.27,21.27,21.27,100,0
ASB_E.US,5,20251031,195000,21.27,21.27,21.27,21.27,100,0
ASB_E.US,5,20251031,200500,21.27,21.27,21.27,21.27,100,0
ASB_E.US,5,20251031,202500,21.3,21.3,21.3,21.3,100,0
ASB_E.US,5,20251031,204000,21.31,21.31,21.31,21.31,100,0
ASB_E.US,5,20251031,205000,21.33,21.33,21.33,21.33,100,0
ASB_E.US,5,20251031,205500,21.43,21.45,21.43,21.45,905,0
ASB_E.US,5,20251103,155000,21.4612,21.4612,21.4612,21.4612,2000,0
ASB_E.US,5,20251103,160000,21.46,21.46,21.46,21.46,458,0
ASB_E.US,5,20251103,162500,21.36,21.36,21.36,21.36,151,0
ASB_E.US,5,20251103,164000,21.56,21.56,21.52,21.52,1400,0
ASB_E.US,5,20251103,164500,21.56,21.63,21.56,21.63,300,0
ASB_E.US,5,20251103,192500,21.49,21.49,21.47,21.47,502,0
ASB_E.US,5,20251103,202500,21.5,21.5,21.5,21.5,200,0
ASB_E.US,5,20251103,203000,21.5,21.5,21.5,21.5,100,0
ASB_E.US,5,20251103,204000,21.53,21.53,21.53,21.53,200,0
ASB_E.US,5,20251103,211000,21.53,21.53,21.53,21.53,100,0
ASB_E.US,5,20251103,212500,21.51,21.51,21.51,21.51,100,0
ASB_E.US,5,20251103,213500,21.55,21.55,21.55,21.55,100,0
ASB_E.US,5,20251103,214500,21.55,21.55,21.55,21.55,100,0
ASB_E.US,5,20251103,215000,21.55,21.55,21.55,21.55,100,0
ASB_E.US,5,20251103,215500,21.55,21.55,21.55,21.55,200,0
ASB_E.US,5,20251104,153000,21.46,21.49,21.46,21.49,400,0
ASB_E.US,5,20251104,153500,21.48,21.48,21.46,21.46,400,0
ASB_E.US,5,20251104,165500,21.5,21.5,21.4983,21.5,544,0
ASB_E.US,5,20251104,170500,21.5,21.5,21.5,21.5,400,0
ASB_E.US,5,20251104,173000,21.45,21.499,21.45,21.499,782,0
ASB_E.US,5,20251104,173500,21.5,21.5,21.5,21.5,200,0
ASB_E.US,5,20251104,201000,21.53,21.53,21.53,21.53,100,0
ASB_E.US,5,20251104,205000,21.54,21.54,21.54,21.54,492,0
ASB_E.US,5,20251104,205500,21.54,21.54,21.54,21.54,508,0
ASB_E.US,5,20251104,214500,21.6,21.6,21.6,21.6,100,0
ASB_E.US,5,20251105,182000,21.6,21.6,21.6,21.6,100,0
ASB_E.US,5,20251105,193500,21.68,21.7023,21.68,21.7023,749,0
ASB_E.US,5,20251105,215500,21.63,21.63,21.63,21.63,100,0
ASB_E.US,5,20251106,153000,21.6,21.6,21.6,21.6,100,0
ASB_E.US,5,20251107,194000,21.57,21.57,21.57,21.57,100,0
ASB_E.US,5,20251107,211000,21.5035,21.5035,21.5035,21.5035,1000,0
ASB_E.US,5,20251107,215500,21.505,21.505,21.505,21.505,350,0
ASB_E.US,5,20251110,154000,21.6,21.6,21.59,21.6,1019,0
ASB_E.US,5,20251110,165000,21.75,21.75,21.75,21.75,100,0
ASB_E.US,5,20251110,180000,21.74,21.74,21.74,21.74,100,0
ASB_E.US,5,20251110,193000,21.72,21.72,21.72,21.72,100,0
ASB_E.US,5,20251110,201500,21.74,21.74,21.74,21.74,100,0
ASB_E.US,5,20251110,212000,21.71,21.71,21.71,21.71,100,0
ASB_E.US,5,20251110,213000,21.72,21.75,21.72,21.75,400,0
ASB_E.US,5,20251110,213500,21.75,21.78,21.75,21.78,1860,0
ASB_E.US,5,20251110,214000,21.83,21.83,21.83,21.83,1120,0
ASB_E.US,5,20251110,214500,21.95,21.95,21.95,21.95,1300,0
ASB_E.US,5,20251110,215500,21.96,21.97,21.96,21.97,300,0
ASB_E.US,5,20251111,173500,21.7189,21.7189,21.7189,21.7189,200,0
ASB_E.US,5,20251111,175000,21.9,21.9,21.9,21.9,500,0
ASB_E.US,5,20251111,190000,21.99,22,21.99,22,460,0
ASB_E.US,5,20251111,191000,22,22.02,22,22.02,1800,0
ASB_E.US,5,20251111,202500,21.9595,21.9595,21.9595,21.9595,100,0
ASB_E.US,5,20251111,213000,22.06,22.06,22.06,22.06,100,0
ASB_E.US,5,20251112,155000,22.03,22.03,22.03,22.03,182,0
ASB_E.US,5,20251112,170000,21.91,21.92,21.91,21.92,200,0
ASB_E.US,5,20251113,164000,22,22,22,22,100,0
ASB_E.US,5,20251113,164500,22,22.08,22,22.08,481,0
ASB_E.US,5,20251113,173000,22.01,22.01,22.01,22.01,200,0
ASB_E.US,5,20251113,175000,21.95,21.95,21.93,21.93,708,0
ASB_E.US,5,20251113,175500,21.8472,21.8472,21.8472,21.8472,600,0
ASB_E.US,5,20251113,181000,21.85,21.92,21.66,21.66,1217,0
ASB_E.US,5,20251113,210500,21.75,21.75,21.75,21.75,100,0
ASB_E.US,5,20251113,211000,21.67,21.68,21.67,21.6701,500,0
ASB_E.US,5,20251114,153000,21.775,21.775,21.775,21.775,250,0
ASB_E.US,5,20251114,171500,21.8275,21.8275,21.8275,21.8275,200,0
ASB_E.US,5,20251114,184000,21.79,21.79,21.79,21.79,210,0
ASB_E.US,5,20251114,190000,21.79,21.79,21.79,21.79,100,0
ASB_E.US,5,20251114,205500,21.818,21.818,21.74,21.74,500,0
ASB_E.US,5,20251114,211000,21.8,21.87,21.71,21.855,4016,0
ASB_E.US,5,20251114,211500,21.855,21.855,21.71,21.71,2200,0
ASB_E.US,5,20251117,155500,21.68,21.72,21.68,21.68,669,0
ASB_E.US,5,20251117,174500,21.67,21.67,21.67,21.67,200,0
ASB_E.US,5,20251117,194000,21.585,21.585,21.585,21.585,725,0
ASB_E.US,5,20251118,153500,21.77,21.77,21.77,21.77,200,0
ASB_E.US,5,20251118,160500,21.75,21.75,21.75,21.75,1000,0
ASB_E.US,5,20251118,182500,21.7999,21.7999,21.7999,21.7999,230,0
ASB_E.US,5,20251118,211500,21.6,21.8,21.56,21.8,1000,0
ASB_E.US,5,20251118,212000,21.7187,21.7187,21.7187,21.7187,1300,0
ASB_E.US,5,20251118,213000,21.8,21.8,21.8,21.8,1000,0
ASB_E.US,5,20251119,162500,21.72,21.72,21.72,21.72,500,0
ASB_E.US,5,20251119,205500,21.73,21.73,21.73,21.73,500,0
ASB_E.US,5,20251119,210500,21.79,21.79,21.79,21.79,100,0
ASB_E.US,5,20251119,214000,21.73,21.75,21.73,21.75,2015,0
ASB_E.US,5,20251119,215000,21.73,21.73,21.73,21.73,200,0
ASB_E.US,5,20251119,215500,21.73,21.73,21.73,21.73,200,0
ASB_E.US,5,20251120,180000,21.69,21.69,21.69,21.69,463,0
ASB_E.US,5,20251120,213500,21.6,21.63,21.6,21.63,837,0
ASB_E.US,5,20251121,161500,21.63,21.63,21.55,21.56,300,0
ASB_E.US,5,20251121,165500,21.54,21.54,21.54,21.54,451,0
ASB_E.US,5,20251121,195000,21.5223,21.5223,21.5223,21.5223,182,0
ASB_E.US,5,20251124,164500,21.71,21.71,21.71,21.71,100,0
ASB_E.US,5,20251124,190500,21.68,21.68,21.68,21.68,1000,0
ASB_E.US,5,20251124,192500,21.52,21.52,21.52,21.52,100,0
ASB_E.US,5,20251125,155000,21.6133,21.6133,21.6133,21.6133,100,0
ASB_E.US,5,20251125,163500,21.6,21.6,21.6,21.6,100,0
ASB_E.US,5,20251125,164500,21.64,21.7,21.64,21.68,700,0
ASB_E.US,5,20251125,165000,21.69,21.69,21.6605,21.6605,923,0
ASB_E.US,5,20251125,165500,21.68,21.71,21.68,21.7099,1000,0
ASB_E.US,5,20251125,211500,21.62,21.62,21.62,21.62,100,0
ASB_E.US,5,20251125,212500,21.66,21.66,21.66,21.66,100,0
ASB_E.US,5,20251125,214000,21.62,21.66,21.62,21.64,600,0
ASB_E.US,5,20251126,170500,21.64,21.64,21.64,21.64,700,0
ASB_E.US,5,20251126,202000,21.79,21.8,21.79,21.8,379,0
ASB_E.US,5,20251126,210500,21.885,21.885,21.885,21.885,100,0
ASB_E.US,5,20251126,211000,21.88,21.88,21.88,21.88,210,0
ASB_E.US,5,20251126,212500,21.895,21.895,21.895,21.895,200,0
ASB_E.US,5,20251126,214000,21.8461,21.8599,21.82,21.8201,2168,0
ASB_E.US,5,20251126,214500,21.82,21.95,21.8,21.9049,1900,0
ASB_E.US,5,20251128,160000,21.805,21.805,21.805,21.805,2665,0
ASB_E.US,5,20251128,161500,21.8,21.8,21.8,21.8,100,0
ASB_E.US,5,20251128,184000,21.84,21.84,21.84,21.84,100,0
ASB_E.US,5,20251201,161000,21.43,21.47,21.43,21.47,640,0
ASB_E.US,5,20251201,163500,21.5834,21.5834,21.5834,21.5834,151,0
ASB_E.US,5,20251201,171500,21.46,21.46,21.46,21.46,100,0
ASB_E.US,5,20251201,195000,21.44,21.44,21.43,21.43,200,0
ASB_E.US,5,20251201,195500,21.454,21.46,21.454,21.46,645,0
ASB_E.US,5,20251201,203500,21.6154,21.6154,21.6154,21.6154,315,0
ASB_E.US,5,20251201,204500,21.5,21.5,21.45,21.45,700,0
ASB_E.US,5,20251201,210000,21.45,21.45,21.45,21.45,250,0
ASB_E.US,5,20251202,164500,21.5,21.5,21.5,21.5,100,0
ASB_E.US,5,20251202,190000,21.5,21.5,21.5,21.5,100,0
ASB_E.US,5,20251202,195000,21.5,21.5,21.5,21.5,450,0
ASB_E.US,5,20251202,213500,21.55,21.55,21.55,21.55,100,0
ASB_E.US,5,20251203,162500,21.45,21.45,21.45,21.45,550,0
ASB_E.US,5,20251203,164000,21.5447,21.5447,21.5447,21.5447,1250,0
ASB_E.US,5,20251204,180500,21.54,21.54,21.54,21.54,100,0
ASB_E.US,5,20251204,190000,21.54,21.54,21.54,21.54,100,0
ASB_E.US,5,20251205,173500,21.537,21.537,21.537,21.537,800,0
ASB_E.US,5,20251205,182500,21.56,21.56,21.52,21.52,451,0
ASB_E.US,5,20251205,183500,21.57,21.57,21.57,21.57,630,0
ASB_E.US,5,20251205,193000,21.5315,21.5315,21.5315,21.5315,450,0
ASB_E.US,5,20251205,200500,21.53,21.53,21.53,21.53,100,0
ASB_E.US,5,20251205,202000,21.53,21.53,21.53,21.53,100,0
ASB_E.US,5,20251205,213500,21.53,21.53,21.53,21.53,614,0
ASB_E.US,5,20251208,160000,21.54,21.54,21.54,21.54,100,0
ASB_E.US,5,20251208,165500,21.4852,21.4852,21.4852,21.4852,183,0
ASB_E.US,5,20251208,190500,21.56,21.56,21.56,21.56,100,0
ASB_E.US,5,20251208,215500,21.55,21.56,21.51,21.56,5636,0
ASB_E.US,5,20251209,153000,21.57,21.57,21.57,21.57,200,0
ASB_E.US,5,20251209,153500,21.56,21.56,21.56,21.56,100,0
ASB_E.US,5,20251209,154500,21.57,21.57,21.57,21.57,350,0
ASB_E.US,5,20251209,155000,21.56,21.56,21.56,21.56,200,0
ASB_E.US,5,20251209,161500,21.57,21.57,21.5699,21.57,1000,0
ASB_E.US,5,20251209,165000,21.56,21.56,21.56,21.56,2200,0
ASB_E.US,5,20251209,171000,21.56,21.56,21.56,21.56,100,0
ASB_E.US,5,20251209,174000,21.57,21.63,21.5699,21.5699,860,0
ASB_E.US,5,20251209,175000,21.6128,21.6128,21.6128,21.6128,500,0
ASB_E.US,5,20251209,211000,21.58,21.58,21.57,21.57,800,0
ASB_E.US,5,20251210,153000,21.59,21.63,21.59,21.63,200,0
ASB_E.US,5,20251210,161500,21.595,21.595,21.595,21.595,400,0
ASB_E.US,5,20251210,170000,21.63,21.63,21.6296,21.6296,1070,0
ASB_E.US,5,20251210,170500,21.5705,21.5705,21.5705,21.5705,1000,0
ASB_E.US,5,20251210,173500,21.57,21.57,21.57,21.57,100,0
ASB_E.US,5,20251210,175500,21.56,21.56,21.56,21.56,464,0
ASB_E.US,5,20251210,190000,21.595,21.595,21.595,21.595,277,0
ASB_E.US,5,20251210,200500,21.5715,21.5715,21.5715,21.5715,600,0
ASB_E.US,5,20251210,211000,21.64,21.64,21.55,21.64,2600,0
ASB_E.US,5,20251211,213500,21.48,21.48,21.47,21.4701,2000,0
ASB_E.US,5,20251212,165000,21.46,21.46,21.46,21.46,1220,0
ASB_E.US,5,20251212,170000,21.4886,21.4886,21.4886,21.4886,100,0
ASB_E.US,5,20251212,171000,21.6122,21.6122,21.6122,21.6122,900,0
ASB_E.US,5,20251212,174000,21.612,21.612,21.612,21.612,675,0
ASB_E.US,5,20251212,182000,21.559152,21.559152,21.559152,21.559152,112,0
ASB_E.US,5,20251212,182500,21.5612,21.5612,21.5612,21.5612,1000,0
ASB_E.US,5,20251212,192000,21.5613,21.5613,21.5613,21.5613,700,0
ASB_E.US,5,20251212,200000,21.6,21.6,21.6,21.6,100,0
ASB_E.US,5,20251215,163000,21.6,21.6,21.6,21.6,100,0
ASB_E.US,5,20251215,182500,21.6899,21.6899,21.6899,21.6899,550,0
ASB_E.US,5,20251215,183500,21.62,21.62,21.55,21.55,1650,0
ASB_E.US,5,20251215,192500,21.575,21.575,21.575,21.575,225,0
ASB_E.US,5,20251215,203500,21.67,21.67,21.67,21.67,100,0
ASB_E.US,5,20251216,153000,21.555,21.5725,21.555,21.555,3000,0
ASB_E.US,5,20251216,155500,21.48,21.66,21.45,21.66,4799,0
ASB_E.US,5,20251216,161000,21.55,21.55,21.55,21.55,100,0
ASB_E.US,5,20251216,191000,21.48,21.48,21.47,21.47,400,0
ASB_E.US,5,20251216,191500,21.56,21.56,21.56,21.56,100,0
ASB_E.US,5,20251216,211500,21.55,21.55,21.55,21.55,100,0
ASB_E.US,5,20251216,215500,21.5882,21.5882,21.56,21.56,840,0
ASB_E.US,5,20251217,163500,21.55,21.55,21.55,21.55,100,0
ASB_E.US,5,20251217,193500,21.49,21.49,21.49,21.49,300,0
ASB_E.US,5,20251217,213000,21.49,21.49,21.49,21.49,100,0
ASB_E.US,5,20251218,190500,21.555,21.555,21.555,21.555,257,0
ASB_E.US,5,20251219,182000,21.65,21.65,21.65,21.65,400,0
ASB_E.US,5,20251219,185000,21.5,21.51,21.5,21.505,1300,0
ASB_E.US,5,20251219,193000,21.575,21.575,21.575,21.575,750,0
ASB_E.US,5,20251219,195000,21.575,21.575,21.5,21.5001,1750,0
ASB_E.US,5,20251219,195500,21.575,21.575,21.5,21.5,800,0
ASB_E.US,5,20251219,203500,21.55,21.55,21.55,21.55,100,0
ASB_E.US,5,20251219,204500,21.56,21.56,21.56,21.56,200,0
ASB_E.US,5,20251219,215000,21.5201,21.5665,21.52,21.52,1300,0
ASB_E.US,5,20251222,175500,21.55,21.55,21.55,21.55,100,0
ASB_E.US,5,20251222,180000,21.64,21.64,21.64,21.64,100,0
ASB_E.US,5,20251222,180500,21.6499,21.6499,21.6499,21.6499,125,0
ASB_E.US,5,20251222,205000,21.56,21.56,21.56,21.56,200,0
ASB_E.US,5,20251222,215000,21.46,21.46,21.46,21.46,100,0
ASB_E.US,5,20251222,215500,21.51,21.51,21.51,21.51,841,0
