<TICKER>,<PER>,<DATE>,<TIME>,<OPEN>,<HIGH>,<LOW>,<CLOSE>,<VOL>,<OPENINT>
BIPJ.US,5,20250728,162000,24.655,24.655,24.655,24.655,100,0
BIPJ.US,5,20250728,164500,24.8,24.8,24.8,24.8,100,0
BIPJ.US,5,20250728,165000,24.735,24.735,24.735,24.735,200,0
BIPJ.US,5,20250728,180500,24.74,24.74,24.74,24.74,300,0
BIPJ.US,5,20250728,182500,24.78,24.78,24.78,24.78,100,0
BIPJ.US,5,20250728,204500,24.75,24.8,24.75,24.8,1133,0
BIPJ.US,5,20250728,205000,24.75,24.7501,24.75,24.7501,2734,0
BIPJ.US,5,20250728,205500,24.71,24.75,24.71,24.74,400,0
BIPJ.US,5,20250728,212000,24.75,24.75,24.75,24.75,100,0
BIPJ.US,5,20250728,214000,24.75,24.75,24.58,24.58,5500,0
BIPJ.US,5,20250728,214500,24.66,24.66,24.66,24.66,662,0
BIPJ.US,5,20250729,155000,24.6919,24.6919,24.6919,24.6919,1000,0
BIPJ.US,5,20250729,160000,24.658,24.658,24.658,24.658,100,0
BIPJ.US,5,20250729,160500,24.7127,24.7127,24.7127,24.7127,405,0
BIPJ.US,5,20250729,162000,24.81,24.81,24.81,24.81,309,0
BIPJ.US,5,20250729,175000,24.7,24.7,24.681,24.681,300,0
BIPJ.US,5,20250729,175500,24.735,24.735,24.735,24.735,750,0
BIPJ.US,5,20250729,180500,24.7312,24.7312,24.7312,24.7312,100,0
BIPJ.US,5,20250729,181500,24.79,24.79,24.79,24.79,100,0
BIPJ.US,5,20250729,183000,24.7506,24.7506,24.7506,24.7506,2000,0
BIPJ.US,5,20250729,194000,24.71,24.71,24.65,24.65,800,0
BIPJ.US,5,20250729,195500,24.63,24.64,24.63,24.6399,1046,0
BIPJ.US,5,20250729,205000,24.75,24.77,24.74,24.74,1053,0
BIPJ.US,5,20250729,214500,24.69,24.69,24.69,24.69,100,0
BIPJ.US,5,20250729,215500,24.68,24.68,24.68,24.68,162,0
BIPJ.US,5,20250730,153500,24.6299,24.6299,24.6299,24.6299,130,0
BIPJ.US,5,20250730,154000,24.3375,24.357,24.27,24.27,600,0
BIPJ.US,5,20250730,155000,24.465,24.63,24.465,24.6299,1584,0
BIPJ.US,5,20250730,164000,24.565,24.565,24.565,24.565,100,0
BIPJ.US,5,20250730,165500,24.62,24.62,24.62,24.62,100,0
BIPJ.US,5,20250730,180000,24.63,24.63,24.63,24.63,100,0
BIPJ.US,5,20250730,182500,24.585,24.585,24.585,24.585,100,0
BIPJ.US,5,20250730,184500,24.62,24.62,24.62,24.62,100,0
BIPJ.US,5,20250730,203500,24.5921,24.5921,24.5921,24.5921,150,0
BIPJ.US,5,20250730,210000,24.55,24.55,24.55,24.55,200,0
BIPJ.US,5,20250731,161000,24.63,24.63,24.62,24.63,1470,0
BIPJ.US,5,20250731,162000,24.5735,24.5735,24.5735,24.5735,100,0
BIPJ.US,5,20250731,164000,24.635,24.635,24.635,24.635,100,0
BIPJ.US,5,20250731,174500,24.56,24.56,24.56,24.56,100,0
BIPJ.US,5,20250731,182500,24.51,24.51,24.51,24.51,100,0
BIPJ.US,5,20250731,183500,24.51,24.62,24.51,24.62,585,0
BIPJ.US,5,20250731,184000,24.53,24.53,24.53,24.53,300,0
BIPJ.US,5,20250731,185500,24.5,24.5,24.5,24.5,500,0
BIPJ.US,5,20250731,191000,24.5,24.5,24.5,24.5,100,0
BIPJ.US,5,20250731,191500,24.5,24.5,24.5,24.5,2231,0
BIPJ.US,5,20250731,192000,24.59,24.59,24.59,24.59,200,0
BIPJ.US,5,20250731,193500,24.52,24.52,24.52,24.52,300,0
BIPJ.US,5,20250731,194000,24.52,24.52,24.52,24.52,119,0
BIPJ.US,5,20250731,204000,24.33,24.33,24.32,24.32,339,0
BIPJ.US,5,20250731,204500,24.365,24.365,24.365,24.365,735,0
BIPJ.US,5,20250731,205000,24.4,24.4,24.4,24.4,100,0
BIPJ.US,5,20250731,210000,24.42,24.43,24.42,24.42,1001,0
BIPJ.US,5,20250731,210500,24.43,24.43,24.43,24.43,400,0
BIPJ.US,5,20250731,215500,24.3772,24.3772,24.3672,24.3672,1600,0
BIPJ.US,5,20250801,153000,24.34,24.34,24.33,24.33,400,0
BIPJ.US,5,20250801,153500,24.33,24.33,24.32,24.32,2200,0
BIPJ.US,5,20250801,160500,24.35,24.35,24.35,24.35,100,0
BIPJ.US,5,20250801,163000,24.35,24.35,24.35,24.35,100,0
BIPJ.US,5,20250801,165500,24.39,24.39,24.39,24.39,100,0
BIPJ.US,5,20250801,171500,24.4,24.4,24.4,24.4,100,0
BIPJ.US,5,20250801,180000,24.405,24.405,24.405,24.405,208,0
BIPJ.US,5,20250801,185500,24.41,24.41,24.41,24.41,400,0
BIPJ.US,5,20250801,204500,24.3779,24.3779,24.3779,24.3779,1000,0
BIPJ.US,5,20250804,153000,24.58,24.58,24.58,24.58,100,0
BIPJ.US,5,20250804,155500,24.59,24.59,24.59,24.59,112,0
BIPJ.US,5,20250804,170500,24.58,24.58,24.58,24.58,100,0
BIPJ.US,5,20250804,182000,24.57,24.57,24.57,24.57,100,0
BIPJ.US,5,20250804,184500,24.55,24.59,24.55,24.59,400,0
BIPJ.US,5,20250804,190000,24.5396,24.5396,24.5396,24.5396,1213,0
BIPJ.US,5,20250804,191000,24.59,24.59,24.59,24.59,100,0
BIPJ.US,5,20250804,191500,24.5101,24.5101,24.5,24.5001,3600,0
BIPJ.US,5,20250804,194000,24.545,24.545,24.545,24.545,1000,0
BIPJ.US,5,20250804,201000,24.59,24.59,24.545,24.59,500,0
BIPJ.US,5,20250804,202000,24.6,24.6,24.6,24.6,600,0
BIPJ.US,5,20250804,202500,24.6,24.6,24.6,24.6,100,0
BIPJ.US,5,20250804,203500,24.6,24.6,24.6,24.6,480,0
BIPJ.US,5,20250804,211500,24.6,24.6,24.6,24.6,100,0
BIPJ.US,5,20250804,212000,24.6,24.6,24.6,24.6,624,0
BIPJ.US,5,20250804,212500,24.55,24.5505,24.55,24.5505,200,0
BIPJ.US,5,20250805,154000,24.59,24.59,24.59,24.59,100,0
BIPJ.US,5,20250805,155000,24.6,24.6,24.6,24.6,1488,0
BIPJ.US,5,20250805,155500,24.5893,24.5893,24.5893,24.5893,625,0
BIPJ.US,5,20250805,160000,24.5888,24.6,24.5888,24.6,400,0
BIPJ.US,5,20250805,183500,24.6,24.6,24.6,24.6,2100,0
BIPJ.US,5,20250805,184000,24.6,24.6,24.6,24.6,100,0
BIPJ.US,5,20250806,165500,24.575,24.575,24.575,24.575,466,0
BIPJ.US,5,20250806,171000,24.6,24.6,24.6,24.6,200,0
BIPJ.US,5,20250806,173500,24.6,24.6,24.5999,24.5999,1874,0
BIPJ.US,5,20250806,174500,24.6,24.6,24.585,24.585,300,0
BIPJ.US,5,20250806,185000,24.6,24.6,24.6,24.6,500,0
BIPJ.US,5,20250806,185500,24.6,24.6,24.6,24.6,600,0
BIPJ.US,5,20250806,191000,24.6,24.6,24.6,24.6,1000,0
BIPJ.US,5,20250806,192000,24.6,24.6,24.6,24.6,978,0
BIPJ.US,5,20250806,203000,24.59,24.59,24.58,24.5801,2400,0
BIPJ.US,5,20250806,205500,24.5805,24.6,24.5805,24.5805,2096,0
BIPJ.US,5,20250806,213500,24.6,24.6,24.6,24.6,100,0
BIPJ.US,5,20250807,153000,24.6,24.74,24.6,24.74,304,0
BIPJ.US,5,20250807,161500,24.74,24.74,24.74,24.74,100,0
BIPJ.US,5,20250807,162000,24.62,24.62,24.62,24.62,106,0
BIPJ.US,5,20250807,170000,24.6,24.6,24.6,24.6,5366,0
BIPJ.US,5,20250807,170500,24.6,24.6,24.6,24.6,100,0
BIPJ.US,5,20250807,173000,24.62,24.62,24.62,24.62,100,0
BIPJ.US,5,20250807,175000,24.73,24.74,24.73,24.74,300,0
BIPJ.US,5,20250807,182000,24.7169,24.74,24.7169,24.74,200,0
BIPJ.US,5,20250807,194000,24.6968,24.74,24.6968,24.74,200,0
BIPJ.US,5,20250807,204500,24.7399,24.74,24.739,24.74,500,0
BIPJ.US,5,20250807,211000,24.7,24.7001,24.62,24.62,3275,0
BIPJ.US,5,20250807,213500,24.66,24.66,24.62,24.62,400,0
BIPJ.US,5,20250807,214500,24.65,24.65,24.65,24.65,100,0
BIPJ.US,5,20250807,215000,24.5101,24.65,24.5,24.65,680,0
BIPJ.US,5,20250808,170000,24.58,24.58,24.58,24.58,100,0
BIPJ.US,5,20250808,181000,24.58,24.58,24.5716,24.5716,1000,0
BIPJ.US,5,20250808,182500,24.5001,24.5001,24.5001,24.5001,220,0
BIPJ.US,5,20250808,183500,24.65,24.65,24.65,24.65,100,0
BIPJ.US,5,20250808,191500,24.58,24.6599,24.58,24.6599,300,0
BIPJ.US,5,20250808,200000,24.5292,24.5292,24.5292,24.5292,100,0
BIPJ.US,5,20250808,215500,24.65,24.65,24.65,24.65,145,0
BIPJ.US,5,20250811,153500,24.66,24.66,24.66,24.66,100,0
BIPJ.US,5,20250811,164000,24.65,24.65,24.65,24.65,412,0
BIPJ.US,5,20250811,165000,24.61,24.61,24.61,24.61,400,0
BIPJ.US,5,20250811,170500,24.585,24.66,24.56,24.56,988,0
BIPJ.US,5,20250811,171500,24.5784,24.5784,24.5784,24.5784,100,0
BIPJ.US,5,20250811,174000,24.56,24.56,24.5,24.55,1135,0
BIPJ.US,5,20250811,181000,24.6,24.6,24.6,24.6,1000,0
BIPJ.US,5,20250811,183000,24.5001,24.5001,24.5001,24.5001,1000,0
BIPJ.US,5,20250812,161000,24.637,24.637,24.637,24.637,100,0
BIPJ.US,5,20250812,162000,24.65,24.65,24.65,24.65,800,0
BIPJ.US,5,20250812,165000,24.7424,24.76,24.7424,24.76,1000,0
BIPJ.US,5,20250812,181000,24.8,24.8,24.79,24.79,300,0
BIPJ.US,5,20250812,184500,24.89,24.9,24.88,24.9,800,0
BIPJ.US,5,20250812,202000,24.86,24.86,24.86,24.86,100,0
BIPJ.US,5,20250812,202500,24.855,24.855,24.855,24.855,1000,0
BIPJ.US,5,20250812,204500,24.855,24.855,24.855,24.855,100,0
BIPJ.US,5,20250812,205000,24.81,24.8101,24.71,24.71,2660,0
BIPJ.US,5,20250812,215500,24.72,24.81,24.71,24.81,891,0
BIPJ.US,5,20250813,165500,24.98,24.98,24.98,24.98,400,0
BIPJ.US,5,20250813,171000,24.98,24.98,24.97,24.97,300,0
BIPJ.US,5,20250813,172000,24.98,24.98,24.98,24.98,100,0
BIPJ.US,5,20250813,175500,24.9786,24.9786,24.9786,24.9786,100,0
BIPJ.US,5,20250813,181500,24.98,24.98,24.98,24.98,100,0
BIPJ.US,5,20250813,190500,24.9327,24.9327,24.9327,24.9327,2000,0
BIPJ.US,5,20250813,191000,24.98,24.98,24.98,24.98,100,0
BIPJ.US,5,20250813,195000,24.98,24.98,24.98,24.98,200,0
BIPJ.US,5,20250813,195500,24.9703,24.9703,24.9703,24.9703,121,0
BIPJ.US,5,20250813,205000,24.97,24.98,24.97,24.98,648,0
BIPJ.US,5,20250813,210000,24.98,24.98,24.98,24.98,108,0
BIPJ.US,5,20250813,211500,24.97,24.97,24.97,24.97,200,0
BIPJ.US,5,20250813,215000,24.99,24.99,24.99,24.99,200,0
BIPJ.US,5,20250814,153500,24.93,24.93,24.93,24.93,1000,0
BIPJ.US,5,20250814,161000,24.92,24.92,24.92,24.92,400,0
BIPJ.US,5,20250814,161500,24.92,24.92,24.92,24.92,100,0
BIPJ.US,5,20250814,162500,24.92,24.92,24.92,24.92,100,0
BIPJ.US,5,20250814,163000,24.92,24.92,24.92,24.92,100,0
BIPJ.US,5,20250814,171500,24.97,24.98,24.96,24.96,959,0
BIPJ.US,5,20250814,181500,24.98,24.99,24.98,24.99,1131,0
BIPJ.US,5,20250814,183500,24.985,24.985,24.985,24.985,100,0
BIPJ.US,5,20250814,184000,24.99,24.99,24.99,24.99,400,0
BIPJ.US,5,20250814,185000,24.99,24.99,24.99,24.99,200,0
BIPJ.US,5,20250814,190000,24.9816,24.9816,24.9816,24.9816,100,0
BIPJ.US,5,20250814,190500,24.9835,24.9835,24.9835,24.9835,160,0
BIPJ.US,5,20250814,194000,24.99,24.99,24.9899,24.9899,600,0
BIPJ.US,5,20250814,195000,24.99,24.99,24.99,24.99,200,0
BIPJ.US,5,20250814,195500,24.99,24.99,24.99,24.99,100,0
BIPJ.US,5,20250814,205000,24.99,25.02,24.99,25.02,2284,0
BIPJ.US,5,20250814,210000,24.99,24.99,24.99,24.99,300,0
BIPJ.US,5,20250815,155000,25.11,25.11,25.11,25.11,200,0
BIPJ.US,5,20250815,164000,25.04,25.04,24.95,24.95,940,0
BIPJ.US,5,20250815,164500,24.95,24.95,24.935,24.935,2599,0
BIPJ.US,5,20250815,165500,24.98,24.98,24.98,24.98,100,0
BIPJ.US,5,20250815,170000,25.06,25.07,25.06,25.07,400,0
BIPJ.US,5,20250815,171000,25.015,25.015,25.015,25.015,1000,0
BIPJ.US,5,20250815,171500,25.11,25.11,25.11,25.11,200,0
BIPJ.US,5,20250815,173000,25.11,25.11,25.11,25.11,100,0
BIPJ.US,5,20250815,173500,25.11,25.11,25.11,25.11,100,0
BIPJ.US,5,20250815,174000,25.11,25.11,25.11,25.11,169,0
BIPJ.US,5,20250815,175500,25.11,25.13,25.11,25.13,400,0
BIPJ.US,5,20250815,180000,24.87,24.87,24.87,24.87,100,0
BIPJ.US,5,20250815,183500,25.004,25.004,25.004,25.004,1000,0
BIPJ.US,5,20250815,184000,25.0385,25.0385,25.0385,25.0385,671,0
BIPJ.US,5,20250815,190000,25.13,25.13,25.13,25.13,500,0
BIPJ.US,5,20250818,153000,25.16,25.16,25.16,25.16,100,0
BIPJ.US,5,20250818,153500,25.24,25.24,25.24,25.24,581,0
BIPJ.US,5,20250818,160500,25.215,25.215,25.215,25.215,913,0
BIPJ.US,5,20250818,170000,25.25,25.32,25.25,25.32,1147,0
BIPJ.US,5,20250818,170500,25.37,25.58,25.37,25.49,3840,0
BIPJ.US,5,20250818,174500,25.384,25.384,25.384,25.384,225,0
BIPJ.US,5,20250818,175000,25.48,25.5,25.3,25.31,5916,0
BIPJ.US,5,20250818,175500,25.4136,25.4136,25.4136,25.4136,1000,0
BIPJ.US,5,20250818,183000,25.48,25.48,25.48,25.48,200,0
BIPJ.US,5,20250818,184500,25.43,25.48,25.43,25.47,675,0
BIPJ.US,5,20250818,185000,25.48,25.48,25.48,25.48,566,0
BIPJ.US,5,20250818,191000,25.58,25.58,25.495,25.495,950,0
BIPJ.US,5,20250818,191500,25.4695,25.4695,25.4695,25.4695,1000,0
BIPJ.US,5,20250818,192500,25.58,25.58,25.58,25.58,100,0
BIPJ.US,5,20250818,193000,25.58,25.59,25.58,25.59,652,0
BIPJ.US,5,20250818,193500,25.59,25.59,25.55,25.57,763,0
BIPJ.US,5,20250818,194000,25.69,25.69,25.69,25.69,223,0
BIPJ.US,5,20250818,194500,25.64,25.64,25.64,25.64,200,0
BIPJ.US,5,20250818,202500,25.61,25.61,25.61,25.61,100,0
BIPJ.US,5,20250818,203000,25.58,25.58,25.55,25.55,364,0
BIPJ.US,5,20250818,205500,25.41,25.41,25.39,25.39,400,0
BIPJ.US,5,20250818,210500,25.33,25.37,25.31,25.37,3000,0
BIPJ.US,5,20250818,212500,25.36,25.36,25.36,25.36,100,0
BIPJ.US,5,20250818,214000,25.38,25.54,25.38,25.425,2400,0
BIPJ.US,5,20250818,214500,25.49,25.49,25.49,25.49,100,0
BIPJ.US,5,20250819,153000,25.55,25.55,25.55,25.55,100,0
BIPJ.US,5,20250819,161500,25.47,25.47,25.47,25.47,372,0
BIPJ.US,5,20250819,162000,25.55,25.55,25.55,25.55,202,0
BIPJ.US,5,20250819,163500,25.53,25.53,25.51,25.51,1231,0
BIPJ.US,5,20250819,164000,25.51,25.51,25.51,25.51,299,0
BIPJ.US,5,20250819,172500,25.5,25.5,25.49,25.49,254,0
BIPJ.US,5,20250819,173000,25.51,25.51,25.51,25.51,100,0
BIPJ.US,5,20250819,174500,25.5,25.5,25.49,25.49,600,0
BIPJ.US,5,20250819,180000,25.5,25.5,25.5,25.5,100,0
BIPJ.US,5,20250819,180500,25.46,25.485,25.46,25.485,1000,0
BIPJ.US,5,20250819,182500,25.51,25.51,25.51,25.51,100,0
BIPJ.US,5,20250819,185000,25.51,25.51,25.51,25.51,100,0
BIPJ.US,5,20250819,190000,25.46,25.46,25.46,25.46,128,0
BIPJ.US,5,20250819,191000,25.51,25.51,25.4,25.4,300,0
BIPJ.US,5,20250819,192000,25.4001,25.4001,25.4001,25.4001,2000,0
BIPJ.US,5,20250819,192500,25.439,25.439,25.41,25.41,2100,0
BIPJ.US,5,20250819,193000,25.4,25.4,25.4,25.4,200,0
BIPJ.US,5,20250819,195000,25.41,25.41,25.41,25.41,100,0
BIPJ.US,5,20250819,195500,25.54,25.54,25.54,25.54,100,0
BIPJ.US,5,20250819,201000,25.41,25.41,25.41,25.41,100,0
BIPJ.US,5,20250819,202500,25.41,25.41,25.41,25.41,100,0
BIPJ.US,5,20250819,203000,25.48,25.48,25.48,25.48,100,0
BIPJ.US,5,20250819,204500,25.51,25.51,25.51,25.51,100,0
BIPJ.US,5,20250819,205500,25.42,25.42,25.42,25.42,100,0
BIPJ.US,5,20250819,210000,25.48,25.48,25.48,25.48,200,0
BIPJ.US,5,20250819,212500,25.42,25.48,25.41,25.41,7387,0
BIPJ.US,5,20250819,214000,25.42,25.42,25.42,25.42,100,0
BIPJ.US,5,20250819,214500,25.41,25.41,25.41,25.41,100,0
BIPJ.US,5,20250819,215000,25.41,25.41,25.41,25.41,100,0
BIPJ.US,5,20250819,215500,25.41,25.41,25.41,25.41,200,0
BIPJ.US,5,20250820,161500,25.47,25.47,25.47,25.47,585,0
BIPJ.US,5,20250820,170500,25.29,25.29,25.24,25.28,2000,0
BIPJ.US,5,20250820,175500,25.24,25.24,25.2,25.2,1087,0
BIPJ.US,5,20250820,182000,25.24,25.24,25.24,25.24,228,0
BIPJ.US,5,20250820,184000,25.26,25.26,25.26,25.26,3000,0
BIPJ.US,5,20250820,192500,25.34,25.34,25.34,25.34,100,0
BIPJ.US,5,20250820,201500,25.3,25.36,25.279,25.36,1002,0
BIPJ.US,5,20250820,215000,25.33,25.37,25.33,25.37,584,0
BIPJ.US,5,20250820,215500,25.5,25.5,25.36,25.36,451,0
BIPJ.US,5,20250821,171000,25.315,25.315,25.315,25.315,3434,0
BIPJ.US,5,20250821,214500,25.3992,25.3992,25.36,25.36,487,0
BIPJ.US,5,20250821,215500,25.33,25.34,25.32,25.34,1628,0
BIPJ.US,5,20250822,153500,25.49,25.49,25.49,25.49,150,0
BIPJ.US,5,20250822,161500,25.32,25.3249,25.23,25.23,2392,0
BIPJ.US,5,20250822,163000,25.24,25.26,25.24,25.24,921,0
BIPJ.US,5,20250822,172000,25.24,25.25,25.17,25.17,2860,0
BIPJ.US,5,20250822,172500,25.17,25.17,25.1,25.1,500,0
BIPJ.US,5,20250822,213000,25.33,25.33,25.33,25.33,149,0
BIPJ.US,5,20250825,163500,25.19,25.19,25.19,25.19,287,0
BIPJ.US,5,20250825,165000,25.18,25.38,25.18,25.38,1337,0
BIPJ.US,5,20250825,174500,25.2974,25.2974,25.2974,25.2974,600,0
BIPJ.US,5,20250825,175000,25.3999,25.3999,25.3999,25.3999,1000,0
BIPJ.US,5,20250825,184000,25.38,25.39,25.38,25.38,700,0
BIPJ.US,5,20250825,201500,25.3241,25.3241,25.3241,25.3241,295,0
BIPJ.US,5,20250825,210000,25.36,25.36,25.36,25.36,800,0
BIPJ.US,5,20250826,164500,25.23,25.23,25.23,25.23,200,0
BIPJ.US,5,20250826,170000,25.16,25.23,25.16,25.23,303,0
BIPJ.US,5,20250826,174500,25.19,25.345,25.19,25.345,897,0
BIPJ.US,5,20250826,193500,25.235,25.3599,25.235,25.3599,600,0
BIPJ.US,5,20250826,203000,25.235,25.235,25.12,25.12,2114,0
BIPJ.US,5,20250826,210500,25.11,25.3599,25.11,25.11,1500,0
BIPJ.US,5,20250826,214000,25.235,25.235,25.235,25.235,497,0
BIPJ.US,5,20250826,215000,25.32,25.32,25.32,25.32,200,0
BIPJ.US,5,20250827,153500,25.16,25.16,25.135,25.135,200,0
BIPJ.US,5,20250827,161000,25.32,25.35,25.32,25.35,500,0
BIPJ.US,5,20250827,162000,25.35,25.36,25.35,25.3599,1411,0
BIPJ.US,5,20250827,163000,25.36,25.36,25.36,25.36,200,0
BIPJ.US,5,20250827,165000,25.36,25.5,25.35,25.35,945,0
BIPJ.US,5,20250827,180000,25.26,25.26,25.26,25.26,400,0
BIPJ.US,5,20250827,183000,25.5,25.5,25.5,25.5,100,0
BIPJ.US,5,20250827,195500,25.4482,25.4482,25.4482,25.4482,100,0
BIPJ.US,5,20250827,210500,25.47,25.5,25.47,25.5,1000,0
BIPJ.US,5,20250827,213000,25.5298,25.7499,25.5124,25.5124,3000,0
BIPJ.US,5,20250828,170000,25.4338,25.4338,25.4338,25.4338,1000,0
BIPJ.US,5,20250828,170500,25.46,25.46,25.45,25.45,783,0
BIPJ.US,5,20250828,171500,25.45,25.46,25.3656,25.3656,2257,0
BIPJ.US,5,20250828,174000,25.35,25.35,25.35,25.35,1973,0
BIPJ.US,5,20250828,181000,25.45,25.45,25.45,25.45,100,0
BIPJ.US,5,20250828,182500,25.3988,25.4038,25.3988,25.4038,1850,0
BIPJ.US,5,20250828,191000,25.549,25.67,25.549,25.67,983,0
BIPJ.US,5,20250828,202500,25.35,25.49,25.34,25.4001,1201,0
BIPJ.US,5,20250828,215000,25.4721,25.4721,25.4721,25.4721,500,0
BIPJ.US,5,20250829,153500,25.69,25.69,25.69,25.69,100,0
BIPJ.US,5,20250829,154000,25.6,25.6,25.55,25.55,200,0
BIPJ.US,5,20250829,160500,25.67,25.67,25.67,25.67,100,0
BIPJ.US,5,20250829,163000,25.67,25.67,25.67,25.67,100,0
BIPJ.US,5,20250829,170500,25.65,25.65,25.65,25.65,200,0
BIPJ.US,5,20250829,180000,25.565,25.565,25.565,25.565,100,0
BIPJ.US,5,20250829,190000,25.6,25.6,25.6,25.6,100,0
BIPJ.US,5,20250829,211000,25.55,25.55,25.44,25.45,722,0
BIPJ.US,5,20250829,211500,25.44,25.44,25.44,25.44,107,0
BIPJ.US,5,20250829,212000,25.44,25.44,25.44,25.44,200,0
BIPJ.US,5,20250829,212500,25.47,25.47,25.44,25.44,1853,0
BIPJ.US,5,20250829,214500,25.4172,25.4172,25.4172,25.4172,500,0
BIPJ.US,5,20250829,215000,25.52,25.55,25.35,25.35,2146,0
BIPJ.US,5,20250829,215500,25.35,25.59,25.35,25.59,5668,0
BIPJ.US,5,20250902,163500,25.54,25.54,25.54,25.54,100,0
BIPJ.US,5,20250902,171500,25.5,25.5,25.49,25.49,718,0
BIPJ.US,5,20250902,172000,25.46,25.46,25.44,25.44,364,0
BIPJ.US,5,20250902,172500,25.41,25.41,25.41,25.41,500,0
BIPJ.US,5,20250902,173000,25.46,25.46,25.38,25.38,200,0
BIPJ.US,5,20250902,174000,25.48,25.48,25.48,25.48,100,0
BIPJ.US,5,20250902,183000,25.32,25.32,25.14,25.16,5315,0
BIPJ.US,5,20250902,183500,25.19,25.24,25.19,25.24,700,0
BIPJ.US,5,20250902,185000,25.25,25.25,25.25,25.25,100,0
BIPJ.US,5,20250902,192500,25.25,25.25,25.25,25.25,100,0
BIPJ.US,5,20250902,194000,25.25,25.25,25.25,25.25,200,0
BIPJ.US,5,20250902,204000,25.24,25.24,25.24,25.24,100,0
BIPJ.US,5,20250902,205500,25.2,25.24,25.15,25.24,2205,0
BIPJ.US,5,20250902,213500,25.15,25.15,25.1,25.1,2800,0
BIPJ.US,5,20250902,214000,25.24,25.24,25.17,25.17,200,0
BIPJ.US,5,20250902,214500,25.21,25.2493,25.17,25.2,6825,0
BIPJ.US,5,20250903,153000,25.35,25.35,25.2875,25.2875,1100,0
BIPJ.US,5,20250903,171000,25.52,25.52,25.52,25.52,100,0
BIPJ.US,5,20250903,172000,25.5,25.5,25.5,25.5,100,0
BIPJ.US,5,20250903,174500,25.28,25.28,25.25,25.25,278,0
BIPJ.US,5,20250903,183000,25.28,25.28,25.26,25.26,440,0
BIPJ.US,5,20250903,183500,25.47,25.47,25.47,25.47,100,0
BIPJ.US,5,20250903,184000,25.28,25.28,25.25,25.25,400,0
BIPJ.US,5,20250903,184500,25.485,25.485,25.388,25.388,600,0
BIPJ.US,5,20250903,185500,25.31,25.31,25.25,25.25,400,0
BIPJ.US,5,20250903,190000,25.25,25.25,25.25,25.25,253,0
BIPJ.US,5,20250903,191000,25.25,25.25,25.25,25.25,100,0
BIPJ.US,5,20250903,194500,25.22,25.2201,25.2,25.2,900,0
BIPJ.US,5,20250903,195000,25.25,25.25,25.25,25.25,100,0
BIPJ.US,5,20250903,201000,25.25,25.25,25.25,25.25,100,0
BIPJ.US,5,20250903,212500,25.21,25.25,25.21,25.25,1041,0
BIPJ.US,5,20250903,215000,25.25,25.25,25.25,25.25,125,0
BIPJ.US,5,20250903,215500,25.24,25.25,25.24,25.25,200,0
BIPJ.US,5,20250904,153000,25.28,25.28,25.28,25.28,1242,0
BIPJ.US,5,20250904,163000,25.38,25.38,25.38,25.38,100,0
BIPJ.US,5,20250904,171000,25.36,25.38,25.36,25.38,396,0
BIPJ.US,5,20250904,172500,25.295,25.295,25.295,25.295,100,0
BIPJ.US,5,20250904,181000,25.38,25.38,25.38,25.38,100,0
BIPJ.US,5,20250904,182000,25.38,25.38,25.37,25.37,2000,0
BIPJ.US,5,20250904,183000,25.3799,25.3799,25.3469,25.3469,900,0
BIPJ.US,5,20250904,184000,25.35,25.35,25.35,25.35,100,0
BIPJ.US,5,20250904,185000,25.38,25.38,25.38,25.38,100,0
BIPJ.US,5,20250904,202500,25.38,25.38,25.38,25.38,100,0
BIPJ.US,5,20250904,211500,25.3208,25.3208,25.3208,25.3208,300,0
BIPJ.US,5,20250904,212000,25.36,25.36,25.36,25.36,100,0
BIPJ.US,5,20250904,215000,25.4,25.4,25.4,25.4,100,0
BIPJ.US,5,20250905,155000,25.4,25.4,25.4,25.4,100,0
BIPJ.US,5,20250905,160000,25.4,25.4,25.4,25.4,214,0
BIPJ.US,5,20250905,162500,25.4,25.4,25.4,25.4,300,0
BIPJ.US,5,20250905,165000,25.39,25.4,25.39,25.4,277,0
BIPJ.US,5,20250905,170000,25.39,25.39,25.39,25.39,100,0
BIPJ.US,5,20250905,185500,25.33,25.33,25.33,25.33,300,0
BIPJ.US,5,20250905,190500,25.2974,25.2974,25.2974,25.2974,1000,0
BIPJ.US,5,20250905,202000,25.31,25.31,25.31,25.31,631,0
BIPJ.US,5,20250905,214000,25.39,25.4,25.39,25.4,869,0
BIPJ.US,5,20250905,214500,25.41,25.41,25.4,25.4,1000,0
BIPJ.US,5,20250905,215500,25.5001,25.5001,25.5,25.5,896,0
BIPJ.US,5,20250908,153500,25.55,25.55,25.55,25.55,300,0
BIPJ.US,5,20250908,154500,25.5927,25.5927,25.5927,25.5927,280,0
BIPJ.US,5,20250908,170500,25.5088,25.5088,25.5088,25.5088,195,0
BIPJ.US,5,20250908,172500,25.41,25.41,25.41,25.41,100,0
BIPJ.US,5,20250908,175500,25.42,25.42,25.41,25.41,307,0
BIPJ.US,5,20250908,182000,25.42,25.42,25.42,25.42,300,0
BIPJ.US,5,20250908,184000,25.4556,25.4556,25.4,25.4,700,0
BIPJ.US,5,20250908,190000,25.4,25.4,25.4,25.4,391,0
BIPJ.US,5,20250908,191500,25.26,25.26,25.24,25.24,299,0
BIPJ.US,5,20250908,195000,25.24,25.26,25.24,25.26,300,0
BIPJ.US,5,20250908,201500,25.31,25.31,25.31,25.31,100,0
BIPJ.US,5,20250908,202500,25.26,25.26,25.24,25.24,218,0
BIPJ.US,5,20250908,205000,25.25,25.25,25.24,25.24,300,0
BIPJ.US,5,20250908,205500,25.25,25.25,25.25,25.25,100,0
BIPJ.US,5,20250908,210500,25.29,25.31,25.29,25.31,449,0
BIPJ.US,5,20250908,211000,25.29,25.29,25.29,25.29,100,0
BIPJ.US,5,20250908,212500,25.25,25.25,25.25,25.25,100,0
BIPJ.US,5,20250908,213000,25.25,25.25,25.25,25.25,100,0
BIPJ.US,5,20250908,214000,25.25,25.25,25.25,25.25,100,0
BIPJ.US,5,20250908,214500,25.29,25.32,25.29,25.29,300,0
BIPJ.US,5,20250908,215500,25.29,25.34,25.29,25.34,479,0
BIPJ.US,5,20250909,160000,25.25,25.25,25.25,25.25,1500,0
BIPJ.US,5,20250909,175000,25.26,25.27,25.19,25.19,2662,0
BIPJ.US,5,20250909,180000,25.2491,25.2491,25.2491,25.2491,300,0
BIPJ.US,5,20250909,190500,25.14,25.14,25.14,25.14,200,0
BIPJ.US,5,20250909,204500,25.15,25.16,25.15,25.15,847,0
BIPJ.US,5,20250909,212000,25.15,25.15,25.15,25.15,251,0
BIPJ.US,5,20250909,212500,25.15,25.15,25.15,25.15,200,0
BIPJ.US,5,20250909,214000,25.14,25.1405,25.14,25.1405,543,0
BIPJ.US,5,20250909,214500,25.1772,25.1772,25.1772,25.1772,283,0
BIPJ.US,5,20250909,215000,25.249,25.249,25.2,25.21,1100,0
BIPJ.US,5,20250909,215500,25.2203,25.24,25.2203,25.24,953,0
BIPJ.US,5,20250910,193000,25.3,25.3,25.3,25.3,200,0
BIPJ.US,5,20250910,203500,25.3,25.3,25.3,25.3,250,0
BIPJ.US,5,20250910,211500,25.2509,25.7399,25.17,25.5,7618,0
BIPJ.US,5,20250910,214000,25.49,25.49,25.42,25.42,200,0
BIPJ.US,5,20250910,214500,25.36,25.36,25.36,25.36,200,0
BIPJ.US,5,20250910,215500,25.5611,25.57,25.46,25.57,2446,0
BIPJ.US,5,20250911,154500,25.43,25.43,25.43,25.43,100,0
BIPJ.US,5,20250911,155000,25.5,25.5305,25.43,25.5305,2683,0
BIPJ.US,5,20250911,165000,25.43,25.43,25.43,25.43,200,0
BIPJ.US,5,20250911,175000,25.43,25.585,25.43,25.43,1250,0
BIPJ.US,5,20250911,180500,25.56,25.56,25.56,25.56,119,0
BIPJ.US,5,20250911,181000,25.58,25.58,25.43,25.43,200,0
BIPJ.US,5,20250911,181500,25.43,25.43,25.43,25.43,100,0
BIPJ.US,5,20250911,182000,25.56,25.58,25.44,25.44,603,0
BIPJ.US,5,20250911,182500,25.44,25.44,25.42,25.44,300,0
BIPJ.US,5,20250911,183000,25.42,25.42,25.42,25.42,369,0
BIPJ.US,5,20250911,184500,25.43,25.43,25.43,25.43,100,0
BIPJ.US,5,20250911,185500,25.41,25.41,25.41,25.41,100,0
BIPJ.US,5,20250911,193500,25.4,25.41,25.4,25.4,435,0
BIPJ.US,5,20250911,202000,25.36,25.36,25.36,25.36,100,0
BIPJ.US,5,20250911,203500,25.3,25.3,25.3,25.3,100,0
BIPJ.US,5,20250911,204000,25.27,25.27,25.25,25.25,400,0
BIPJ.US,5,20250911,204500,25.27,25.27,25.27,25.27,100,0
BIPJ.US,5,20250911,205500,25.26,25.4,25.26,25.38,400,0
BIPJ.US,5,20250911,210000,25.3,25.3,25.3,25.3,100,0
BIPJ.US,5,20250911,210500,25.28,25.4,25.28,25.4,500,0
BIPJ.US,5,20250911,211000,25.3,25.3,25.3,25.3,100,0
BIPJ.US,5,20250911,211500,25.3,25.3,25.3,25.3,100,0
BIPJ.US,5,20250911,212000,25.31,25.31,25.31,25.31,100,0
BIPJ.US,5,20250911,212500,25.31,25.35,25.31,25.31,700,0
BIPJ.US,5,20250911,213500,25.33,25.33,25.33,25.33,100,0
BIPJ.US,5,20250911,214000,25.3,25.3,25.3,25.3,100,0
BIPJ.US,5,20250911,214500,25.3,25.3,25.3,25.3,200,0
BIPJ.US,5,20250911,215000,25.27,25.27,25.27,25.27,100,0
BIPJ.US,5,20250911,215500,25.27,25.29,25.27,25.27,913,0
BIPJ.US,5,20250912,164500,25.32,25.32,25.32,25.32,1000,0
BIPJ.US,5,20250912,173000,25.32,25.32,25.32,25.32,100,0
BIPJ.US,5,20250912,175500,25.32,25.32,25.32,25.32,200,0
BIPJ.US,5,20250912,180500,25.32,25.32,25.32,25.32,200,0
BIPJ.US,5,20250912,182000,25.4,25.4,25.22,25.22,399,0
BIPJ.US,5,20250912,182500,25.32,25.32,25.32,25.32,200,0
BIPJ.US,5,20250912,190500,25.292,25.36,25.292,25.3,1560,0
BIPJ.US,5,20250912,191000,25.32,25.32,25.3,25.3,541,0
BIPJ.US,5,20250912,202000,25.37,25.37,25.37,25.37,100,0
BIPJ.US,5,20250912,204500,25.39,25.39,25.37,25.37,523,0
BIPJ.US,5,20250912,205000,25.29,25.29,25.29,25.29,100,0
BIPJ.US,5,20250912,212000,25.34,25.37,25.34,25.37,470,0
BIPJ.US,5,20250912,214000,25.37,25.37,25.37,25.37,100,0
BIPJ.US,5,20250912,215500,25.6299,25.6299,25.27,25.27,900,0
BIPJ.US,5,20250915,155000,24.99,24.99,24.99,24.99,100,0
BIPJ.US,5,20250915,165000,24.81,24.81,24.81,24.81,100,0
BIPJ.US,5,20250915,170500,24.95,24.95,24.95,24.95,100,0
BIPJ.US,5,20250915,175500,24.875,24.875,24.875,24.875,100,0
BIPJ.US,5,20250915,180000,24.942,24.942,24.942,24.942,500,0
BIPJ.US,5,20250915,181000,24.95,24.99,24.95,24.99,899,0
BIPJ.US,5,20250915,182000,24.98,24.98,24.87,24.88,600,0
BIPJ.US,5,20250915,183500,24.98,24.98,24.98,24.98,100,0
BIPJ.US,5,20250915,184000,25.02,25.02,25.02,25.02,100,0
BIPJ.US,5,20250915,184500,24.88,24.88,24.88,24.88,100,0
BIPJ.US,5,20250915,185500,24.98,24.98,24.95,24.95,500,0
BIPJ.US,5,20250915,190500,24.95,25.01,24.87,24.95,2100,0
BIPJ.US,5,20250915,191000,25.03,25.03,25.02,25.02,200,0
BIPJ.US,5,20250915,192000,24.93,25.01,24.88,25.01,400,0
BIPJ.US,5,20250915,193000,25.03,25.03,25,25,200,0
BIPJ.US,5,20250915,194000,25.02,25.02,25.02,25.02,100,0
BIPJ.US,5,20250915,195000,25,25,25,25,200,0
BIPJ.US,5,20250915,195500,24.935,24.935,24.935,24.935,100,0
BIPJ.US,5,20250915,200000,25,25,25,25,100,0
BIPJ.US,5,20250915,200500,24.9285,24.99,24.9114,24.9114,300,0
BIPJ.US,5,20250915,201000,25,25,25,25,100,0
BIPJ.US,5,20250915,201500,24.89,24.89,24.87,24.89,760,0
BIPJ.US,5,20250915,202000,25,25,25,25,100,0
BIPJ.US,5,20250915,203000,24.99,24.99,24.99,24.99,100,0
BIPJ.US,5,20250915,203500,24.99,25,24.99,25,200,0
BIPJ.US,5,20250915,204500,25,25,25,25,100,0
BIPJ.US,5,20250915,205000,24.92,24.99,24.92,24.99,200,0
BIPJ.US,5,20250915,205500,25,25,25,25,100,0
BIPJ.US,5,20250915,210000,25,25,25,25,100,0
BIPJ.US,5,20250915,210500,25,25,25,25,100,0
BIPJ.US,5,20250915,211000,25,25,25,25,100,0
BIPJ.US,5,20250915,211500,25,25.03,25,25.03,5165,0
BIPJ.US,5,20250915,212000,24.9662,25.049,24.9662,25.026,3536,0
BIPJ.US,5,20250915,212500,25.05,25.05,25.05,25.05,223,0
BIPJ.US,5,20250915,213500,25.05,25.05,25.05,25.05,291,0
BIPJ.US,5,20250915,214000,25.01,25.01,25.01,25.01,100,0
BIPJ.US,5,20250915,214500,25.05,25.05,25.05,25.05,200,0
BIPJ.US,5,20250915,215000,25.05,25.05,25.01,25.05,500,0
BIPJ.US,5,20250915,215500,25.05,25.05,25.04,25.04,700,0
BIPJ.US,5,20250916,153000,24.95,24.95,24.95,24.95,200,0
BIPJ.US,5,20250916,161000,24.95,24.95,24.95,24.95,200,0
BIPJ.US,5,20250916,161500,24.95,24.95,24.931,24.95,1375,0
BIPJ.US,5,20250916,162000,24.95,24.95,24.95,24.95,100,0
BIPJ.US,5,20250916,162500,24.95,24.95,24.95,24.95,1200,0
BIPJ.US,5,20250916,163000,24.9247,24.9247,24.9247,24.9247,1313,0
BIPJ.US,5,20250916,164500,25.08,25.08,25.08,25.08,100,0
BIPJ.US,5,20250916,165500,25.08,25.08,25.08,25.08,100,0
BIPJ.US,5,20250916,170000,25.01,25.01,25,25,251,0
BIPJ.US,5,20250916,171000,25.01,25.01,25.01,25.01,100,0
BIPJ.US,5,20250916,172000,24.9784,24.9784,24.9784,24.9784,165,0
BIPJ.US,5,20250916,172500,25,25.05,24.98,25.05,3359,0
BIPJ.US,5,20250916,173500,25.05,25.05,25.05,25.05,100,0
BIPJ.US,5,20250916,175000,25.05,25.05,25.05,25.05,1000,0
BIPJ.US,5,20250916,180500,25.05,25.05,25.05,25.05,100,0
BIPJ.US,5,20250916,181000,25.05,25.05,24.96,24.97,1100,0
BIPJ.US,5,20250916,182500,25.05,25.05,25,25,234,0
BIPJ.US,5,20250916,184000,25.05,25.05,25.05,25.05,100,0
BIPJ.US,5,20250916,184500,24.97,24.97,24.97,24.97,100,0
BIPJ.US,5,20250916,185000,25.05,25.09,25.05,25.0899,1611,0
BIPJ.US,5,20250916,190000,24.98,24.98,24.98,24.98,200,0
BIPJ.US,5,20250916,191500,25.07,25.15,25.02,25.15,442,0
BIPJ.US,5,20250916,192000,25.0635,25.1899,25.0635,25.1899,2000,0
BIPJ.US,5,20250916,193000,25.17,25.17,25.17,25.17,100,0
BIPJ.US,5,20250916,193500,25.18,25.18,25.18,25.18,100,0
BIPJ.US,5,20250916,194500,25.059,25.059,25.059,25.059,300,0
BIPJ.US,5,20250916,195000,25.15,25.15,25.15,25.15,100,0
BIPJ.US,5,20250916,200500,24.9601,25.03,24.9601,24.97,1700,0
BIPJ.US,5,20250916,202000,25.03,25.03,25.03,25.03,100,0
BIPJ.US,5,20250916,203500,25.03,25.03,25.03,25.03,300,0
BIPJ.US,5,20250916,205000,25.03,25.09,25.03,25.03,1000,0
BIPJ.US,5,20250916,205500,25.03,25.03,25.03,25.03,100,0
BIPJ.US,5,20250916,210000,24.96,24.98,24.96,24.96,500,0
BIPJ.US,5,20250916,211000,25.03,25.09,25.03,25.07,933,0
BIPJ.US,5,20250916,212000,25.07,25.07,25.07,25.07,100,0
BIPJ.US,5,20250916,212500,25.005,25.005,25.005,25.005,2127,0
BIPJ.US,5,20250916,213000,25.04,25.04,25.04,25.04,100,0
BIPJ.US,5,20250916,213500,25.04,25.04,25.04,25.04,100,0
BIPJ.US,5,20250916,214500,25.005,25.07,25.005,25.07,300,0
BIPJ.US,5,20250916,215000,25.1,25.16,25.1,25.16,200,0
BIPJ.US,5,20250916,215500,25.15,25.15,25.03,25.03,480,0
BIPJ.US,5,20250917,154000,25.17,25.17,25.17,25.17,100,0
BIPJ.US,5,20250917,155500,25.1451,25.1451,24.91,24.9301,2600,0
BIPJ.US,5,20250917,162500,24.95,24.95,24.95,24.95,1000,0
BIPJ.US,5,20250917,163500,25.13,25.14,25.07,25.07,945,0
BIPJ.US,5,20250917,165000,25.0718,25.0718,25.0718,25.0718,1000,0
BIPJ.US,5,20250917,165500,25.18,25.19,25.1,25.19,1738,0
BIPJ.US,5,20250917,172000,25.1565,25.2499,25.08,25.08,4400,0
BIPJ.US,5,20250917,175500,25.165,25.165,25.165,25.165,100,0
BIPJ.US,5,20250917,180000,25.22,25.22,25.22,25.22,100,0
BIPJ.US,5,20250917,185500,25.17,25.17,25.17,25.17,100,0
BIPJ.US,5,20250917,190000,25.25,25.25,25.25,25.25,100,0
BIPJ.US,5,20250917,194000,25.22,25.22,25.22,25.22,100,0
BIPJ.US,5,20250917,200500,25.25,25.25,25.2499,25.25,900,0
BIPJ.US,5,20250917,201000,25.25,25.25,25.25,25.25,100,0
BIPJ.US,5,20250917,202500,25.25,25.25,25.17,25.17,200,0
BIPJ.US,5,20250917,204000,25.11,25.12,25.11,25.12,400,0
BIPJ.US,5,20250917,210500,25.12,25.12,25.12,25.12,100,0
BIPJ.US,5,20250917,213000,25.2,25.22,25.2,25.22,500,0
BIPJ.US,5,20250917,215500,25.18,25.18,25.11,25.11,207,0
BIPJ.US,5,20250918,154000,25.35,25.35,25.35,25.35,100,0
BIPJ.US,5,20250918,160000,25.1,25.1,25.06,25.06,200,0
BIPJ.US,5,20250918,161000,25.11,25.31,25.1,25.31,400,0
BIPJ.US,5,20250918,161500,25.24,25.24,25.24,25.24,100,0
BIPJ.US,5,20250918,163000,25.13,25.13,25.13,25.13,100,0
BIPJ.US,5,20250918,165500,25.1,25.19,25.1,25.19,1010,0
BIPJ.US,5,20250918,171000,25.12,25.12,25.12,25.12,100,0
BIPJ.US,5,20250918,173000,25.2,25.2,25.2,25.2,100,0
BIPJ.US,5,20250918,175000,25.2,25.2,25.2,25.2,100,0
BIPJ.US,5,20250918,175500,25.21,25.21,25.2,25.2,200,0
BIPJ.US,5,20250918,181000,25.24,25.24,25.24,25.24,100,0
BIPJ.US,5,20250918,182000,25.167,25.167,25.167,25.167,400,0
BIPJ.US,5,20250918,184000,25.25,25.25,25.25,25.25,100,0
BIPJ.US,5,20250918,193000,25.19,25.19,25.19,25.19,100,0
BIPJ.US,5,20250918,193500,25.27,25.27,25.27,25.27,100,0
BIPJ.US,5,20250918,195000,25.12,25.13,25.11,25.13,900,0
BIPJ.US,5,20250918,202000,25.15,25.15,25.12,25.13,975,0
BIPJ.US,5,20250918,205500,25.2799,25.2799,25.181,25.181,1200,0
BIPJ.US,5,20250918,215500,25.17,25.17,25.17,25.17,489,0
BIPJ.US,5,20250919,201000,25.23,25.23,25.23,25.23,400,0
BIPJ.US,5,20250919,201500,25.17,25.17,25.16,25.16,200,0
BIPJ.US,5,20250919,203500,25.23,25.23,25.23,25.23,192,0
BIPJ.US,5,20250919,204000,25.17,25.17,25.17,25.17,100,0
BIPJ.US,5,20250919,212000,25.165,25.165,25.16,25.16,300,0
BIPJ.US,5,20250919,214500,25.16,25.16,25.16,25.16,100,0
BIPJ.US,5,20250919,215000,25.22,25.22,25.22,25.22,100,0
BIPJ.US,5,20250919,215500,25.1,25.1,25.1,25.1,200,0
BIPJ.US,5,20250922,153000,25.09,25.09,25.03,25.04,978,0
BIPJ.US,5,20250922,154000,25.06,25.07,25.06,25.07,300,0
BIPJ.US,5,20250922,154500,25.2,25.2,25.2,25.2,189,0
BIPJ.US,5,20250922,155000,25.28,25.28,25.28,25.28,100,0
BIPJ.US,5,20250922,155500,25.09,25.1,25.09,25.1,1011,0
BIPJ.US,5,20250922,160000,25.2,25.2,25.2,25.2,100,0
BIPJ.US,5,20250922,163000,25.16,25.16,25.16,25.16,100,0
BIPJ.US,5,20250922,170000,25.115,25.115,25.107,25.1105,1200,0
BIPJ.US,5,20250922,173000,25.15,25.15,25.15,25.15,100,0
BIPJ.US,5,20250922,175000,25.095,25.095,25.095,25.095,100,0
BIPJ.US,5,20250922,175500,25.08,25.14,25.04,25.04,2614,0
BIPJ.US,5,20250922,180000,25.04,25.04,25.04,25.04,100,0
BIPJ.US,5,20250922,181000,25.04,25.0411,25.04,25.0411,694,0
BIPJ.US,5,20250922,181500,25.04,25.04,25.04,25.04,100,0
BIPJ.US,5,20250922,182500,25.05,25.05,25.05,25.05,100,0
BIPJ.US,5,20250922,183000,25.04,25.04,25.04,25.04,100,0
BIPJ.US,5,20250922,184000,25.04,25.04,24.96,24.96,1200,0
BIPJ.US,5,20250922,184500,24.8981,24.8981,24.8981,24.8981,400,0
BIPJ.US,5,20250922,185000,24.98,24.98,24.98,24.98,100,0
BIPJ.US,5,20250922,185500,24.83,24.83,24.81,24.81,501,0
BIPJ.US,5,20250922,190500,24.84,24.94,24.84,24.94,200,0
BIPJ.US,5,20250922,191000,24.85,24.85,24.85,24.85,100,0
BIPJ.US,5,20250922,192000,24.85,24.93,24.85,24.9246,1200,0
BIPJ.US,5,20250922,193000,24.85,24.85,24.85,24.85,100,0
BIPJ.US,5,20250922,193500,24.85,24.85,24.85,24.85,100,0
BIPJ.US,5,20250922,194500,24.85,24.86,24.78,24.78,2843,0
BIPJ.US,5,20250922,195000,24.8,24.8,24.8,24.8,100,0
BIPJ.US,5,20250922,200000,24.81,24.81,24.81,24.81,300,0
BIPJ.US,5,20250922,200500,24.82,24.82,24.82,24.82,100,0
BIPJ.US,5,20250922,201000,24.85,25.01,24.85,25.01,329,0
BIPJ.US,5,20250922,201500,24.87,24.87,24.77,24.79,2700,0
BIPJ.US,5,20250922,202000,24.72,24.72,24.72,24.72,200,0
BIPJ.US,5,20250922,203000,24.855,24.855,24.72,24.72,400,0
BIPJ.US,5,20250922,203500,24.72,24.72,24.72,24.72,100,0
BIPJ.US,5,20250922,204000,24.72,24.72,24.72,24.72,100,0
BIPJ.US,5,20250922,205000,24.85,24.855,24.72,24.72,1800,0
BIPJ.US,5,20250922,210000,24.73,24.82,24.73,24.82,200,0
BIPJ.US,5,20250922,210500,24.83,24.83,24.83,24.83,100,0
BIPJ.US,5,20250922,211000,24.8,24.8,24.8,24.8,100,0
BIPJ.US,5,20250922,211500,24.74,24.74,24.73,24.73,792,0
BIPJ.US,5,20250922,212000,24.73,24.73,24.73,24.73,100,0
BIPJ.US,5,20250922,212500,24.78,24.83,24.78,24.83,200,0
BIPJ.US,5,20250922,213000,24.76,24.76,24.75,24.75,800,0
BIPJ.US,5,20250922,213500,24.75,24.75,24.75,24.75,100,0
BIPJ.US,5,20250922,214000,24.75,24.75,24.75,24.75,400,0
BIPJ.US,5,20250922,214500,24.75,24.75,24.75,24.75,500,0
BIPJ.US,5,20250922,215000,24.67,24.99,24.67,24.82,500,0
BIPJ.US,5,20250922,215500,24.71,24.77,24.66,24.77,722,0
BIPJ.US,5,20250923,153000,24.77,24.82,24.77,24.82,200,0
BIPJ.US,5,20250923,155500,24.66,24.66,24.66,24.66,900,0
BIPJ.US,5,20250923,161000,24.65,24.65,24.55,24.55,4200,0
BIPJ.US,5,20250923,163500,24.55,24.55,24.55,24.55,1439,0
BIPJ.US,5,20250923,170000,24.5,24.5,24.46,24.4887,4899,0
BIPJ.US,5,20250923,171000,24.49,24.49,24.49,24.49,255,0
BIPJ.US,5,20250923,171500,24.441,24.49,24.441,24.49,400,0
BIPJ.US,5,20250923,172000,24.56,24.56,24.56,24.56,250,0
BIPJ.US,5,20250923,172500,24.59,24.59,24.545,24.545,356,0
BIPJ.US,5,20250923,173000,24.5,24.5,24.5,24.5,100,0
BIPJ.US,5,20250923,175500,24.5,24.5,24.4711,24.4711,328,0
BIPJ.US,5,20250923,180500,24.51,24.51,24.51,24.51,100,0
BIPJ.US,5,20250923,181000,24.48,24.53,24.48,24.53,600,0
BIPJ.US,5,20250923,184500,24.5,24.5,24.5,24.5,100,0
BIPJ.US,5,20250923,190000,24.42,24.42,24.4185,24.4185,1500,0
BIPJ.US,5,20250923,195500,24.4,24.4,24.4,24.4,100,0
BIPJ.US,5,20250923,201000,24.45,24.45,24.45,24.45,500,0
BIPJ.US,5,20250923,205500,24.43,24.43,24.43,24.43,200,0
BIPJ.US,5,20250923,210500,24.43,24.43,24.37,24.4264,1848,0
BIPJ.US,5,20250923,213500,24.49,24.49,24.49,24.49,100,0
BIPJ.US,5,20250923,214500,24.6,24.6,24.6,24.6,500,0
BIPJ.US,5,20250923,215500,24.62,24.66,24.59,24.59,800,0
BIPJ.US,5,20250924,165500,24.42,24.8099,24.42,24.8099,900,0
BIPJ.US,5,20250924,171000,24.59,24.68,24.59,24.68,900,0
BIPJ.US,5,20250924,173500,24.48,24.61,24.48,24.61,500,0
BIPJ.US,5,20250924,181500,24.63,24.65,24.63,24.63,600,0
BIPJ.US,5,20250924,184500,24.61,24.61,24.61,24.61,400,0
BIPJ.US,5,20250924,193500,24.5958,24.5971,24.5958,24.5971,2000,0
BIPJ.US,5,20250924,200500,24.57,24.57,24.57,24.57,100,0
BIPJ.US,5,20250924,201500,24.6,24.6,24.6,24.6,200,0
BIPJ.US,5,20250924,202000,24.59,24.59,24.59,24.59,100,0
BIPJ.US,5,20250924,202500,24.59,24.59,24.59,24.59,100,0
BIPJ.US,5,20250924,205000,24.61,24.61,24.61,24.61,300,0
BIPJ.US,5,20250924,211000,24.53,24.78,24.53,24.53,4600,0
BIPJ.US,5,20250924,213000,24.61,24.61,24.61,24.61,110,0
BIPJ.US,5,20250924,214000,24.8098,24.82,24.73,24.73,1200,0
BIPJ.US,5,20250924,214500,24.66,24.66,24.65,24.65,300,0
BIPJ.US,5,20250924,215000,24.71,24.71,24.7,24.7,200,0
BIPJ.US,5,20250924,215500,24.8,24.8,24.695,24.72,4575,0
BIPJ.US,5,20250925,153500,24.65,24.65,24.65,24.65,100,0
BIPJ.US,5,20250925,160500,24.54,24.54,24.54,24.54,100,0
BIPJ.US,5,20250925,165500,24.54,24.54,24.54,24.54,600,0
BIPJ.US,5,20250925,170000,24.5,24.65,24.5,24.622,4211,0
BIPJ.US,5,20250925,172000,24.675,24.675,24.64,24.65,500,0
BIPJ.US,5,20250925,173000,24.64,24.68,24.63,24.68,1400,0
BIPJ.US,5,20250925,180500,24.6476,24.6476,24.6476,24.6476,1000,0
BIPJ.US,5,20250925,183000,24.63,24.63,24.63,24.63,214,0
BIPJ.US,5,20250925,185000,24.63,24.63,24.63,24.63,210,0
BIPJ.US,5,20250925,190000,24.6582,24.6582,24.6582,24.6582,1000,0
BIPJ.US,5,20250925,190500,24.63,24.64,24.63,24.63,600,0
BIPJ.US,5,20250925,193000,24.56,24.56,24.56,24.56,200,0
BIPJ.US,5,20250925,193500,24.65,24.65,24.64,24.65,1055,0
BIPJ.US,5,20250925,194000,24.65,24.65,24.65,24.65,100,0
BIPJ.US,5,20250925,194500,24.61,24.61,24.6,24.6,332,0
BIPJ.US,5,20250925,195000,24.69,24.69,24.69,24.69,159,0
BIPJ.US,5,20250925,195500,24.74,24.75,24.74,24.75,200,0
BIPJ.US,5,20250925,200500,24.73,24.75,24.73,24.75,300,0
BIPJ.US,5,20250925,201500,24.74,24.74,24.74,24.74,200,0
BIPJ.US,5,20250925,202000,24.8,24.8,24.79,24.79,318,0
BIPJ.US,5,20250925,202500,24.62,24.62,24.61,24.62,400,0
BIPJ.US,5,20250925,203000,24.81,24.81,24.81,24.81,307,0
BIPJ.US,5,20250925,204000,24.79,24.81,24.79,24.81,300,0
BIPJ.US,5,20250925,204500,24.79,24.79,24.7,24.7,600,0
BIPJ.US,5,20250925,205500,24.79,24.79,24.79,24.79,200,0
BIPJ.US,5,20250925,210500,24.83,24.83,24.83,24.83,420,0
BIPJ.US,5,20250925,211000,24.82,24.82,24.82,24.82,300,0
BIPJ.US,5,20250925,212000,24.82,24.83,24.82,24.83,310,0
BIPJ.US,5,20250925,212500,24.83,24.83,24.82,24.82,351,0
BIPJ.US,5,20250925,213500,24.82,24.82,24.82,24.82,480,0
BIPJ.US,5,20250925,214000,24.81,24.81,24.81,24.81,400,0
BIPJ.US,5,20250925,214500,24.81,24.82,24.75,24.82,900,0
BIPJ.US,5,20250925,215000,24.82,24.83,24.81,24.82,1000,0
BIPJ.US,5,20250925,215500,24.83,24.84,24.74,24.74,1206,0
BIPJ.US,5,20250926,155000,24.98,24.98,24.66,24.81,1331,0
BIPJ.US,5,20250926,161500,24.72,24.72,24.72,24.72,100,0
BIPJ.US,5,20250926,162500,24.9,24.9,24.9,24.9,2277,0
BIPJ.US,5,20250926,165000,24.77,24.77,24.77,24.77,100,0
BIPJ.US,5,20250926,165500,24.86,24.9,24.86,24.9,3300,0
BIPJ.US,5,20250926,174500,24.8,24.8,24.8,24.8,100,0
BIPJ.US,5,20250926,182000,24.81,24.81,24.8,24.8,1691,0
BIPJ.US,5,20250926,182500,24.8,24.8,24.8,24.8,300,0
BIPJ.US,5,20250926,185000,24.78,24.78,24.78,24.78,100,0
BIPJ.US,5,20250926,192000,24.855,24.855,24.855,24.855,100,0
BIPJ.US,5,20250926,192500,24.82,24.82,24.82,24.82,100,0
BIPJ.US,5,20250926,202000,24.91,24.91,24.91,24.91,100,0
BIPJ.US,5,20250926,205000,24.88,24.89,24.85,24.85,1497,0
BIPJ.US,5,20250926,205500,24.9,24.9,24.85,24.855,400,0
BIPJ.US,5,20250926,210500,24.8653,24.8653,24.8653,24.8653,200,0
BIPJ.US,5,20250926,214000,24.85,24.85,24.85,24.85,624,0
BIPJ.US,5,20250926,215000,24.9,24.9,24.9,24.9,100,0
BIPJ.US,5,20250926,215500,24.9,24.9,24.88,24.88,227,0
BIPJ.US,5,20250929,160000,24.68,24.68,24.68,24.68,200,0
BIPJ.US,5,20250929,160500,24.6,24.68,24.6,24.6101,4384,0
BIPJ.US,5,20250929,162500,24.61,24.62,24.59,24.61,2117,0
BIPJ.US,5,20250929,163500,24.61,24.61,24.61,24.61,391,0
BIPJ.US,5,20250929,164000,24.54,24.54,24.54,24.54,100,0
BIPJ.US,5,20250929,165000,24.5413,24.5413,24.5413,24.5413,100,0
BIPJ.US,5,20250929,171500,24.54,24.54,24.54,24.54,1000,0
BIPJ.US,5,20250929,175000,24.55,24.55,24.55,24.55,300,0
BIPJ.US,5,20250929,180500,24.55,24.55,24.55,24.55,100,0
BIPJ.US,5,20250929,182000,24.56,24.56,24.56,24.56,799,0
BIPJ.US,5,20250929,183500,24.56,24.56,24.56,24.56,100,0
BIPJ.US,5,20250929,190000,24.63,24.68,24.54,24.68,1196,0
BIPJ.US,5,20250929,191000,24.56,24.56,24.54,24.55,840,0
BIPJ.US,5,20250929,192000,24.61,24.61,24.61,24.61,500,0
BIPJ.US,5,20250929,194500,24.61,24.61,24.61,24.61,100,0
BIPJ.US,5,20250929,195000,24.58,24.58,24.54,24.54,1100,0
BIPJ.US,5,20250929,200000,24.54,24.54,24.54,24.54,461,0
BIPJ.US,5,20250929,201000,24.52,24.52,24.52,24.52,200,0
BIPJ.US,5,20250929,201500,24.5,24.5,24.5,24.5,100,0
BIPJ.US,5,20250929,202000,24.46,24.46,24.46,24.46,100,0
BIPJ.US,5,20250929,202500,24.47,24.47,24.46,24.47,700,0
BIPJ.US,5,20250929,204500,24.52,24.52,24.52,24.52,100,0
BIPJ.US,5,20250929,205000,24.6,24.6,24.6,24.6,100,0
BIPJ.US,5,20250929,211000,24.54,24.54,24.54,24.54,300,0
BIPJ.US,5,20250929,212000,24.6,24.6,24.6,24.6,100,0
BIPJ.US,5,20250929,213500,24.54,24.6,24.53,24.53,1924,0
BIPJ.US,5,20250929,214000,24.57,24.59,24.48,24.5444,2597,0
BIPJ.US,5,20250929,215000,24.58,24.58,24.58,24.58,100,0
BIPJ.US,5,20250929,215500,24.48,24.53,24.48,24.53,472,0
BIPJ.US,5,20250930,161500,24.68,24.68,24.66,24.66,547,0
BIPJ.US,5,20250930,162500,24.64,24.66,24.64,24.64,1300,0
BIPJ.US,5,20250930,164000,24.47,24.569,24.39,24.44,1041,0
BIPJ.US,5,20250930,164500,24.39,24.63,24.39,24.63,372,0
BIPJ.US,5,20250930,165500,24.61,24.61,24.55,24.55,200,0
BIPJ.US,5,20250930,170500,24.42,24.63,24.41,24.41,2200,0
BIPJ.US,5,20250930,171000,24.41,24.63,24.4,24.53,2360,0
BIPJ.US,5,20250930,171500,24.39,24.51,24.37,24.51,1660,0
BIPJ.US,5,20250930,172000,24.41,24.65,24.41,24.6,10640,0
BIPJ.US,5,20250930,172500,24.65,24.65,24.6,24.6,3635,0
BIPJ.US,5,20250930,173000,24.6,24.65,24.51,24.65,6999,0
BIPJ.US,5,20250930,173500,24.496,24.496,24.44,24.45,2300,0
BIPJ.US,5,20250930,174000,24.46,24.46,24.45,24.45,1000,0
BIPJ.US,5,20250930,174500,24.46,24.46,24.45,24.45,1800,0
BIPJ.US,5,20250930,175000,24.46,24.46,24.37,24.45,1470,0
BIPJ.US,5,20250930,175500,24.45,24.47,24.38,24.47,1200,0
BIPJ.US,5,20250930,180000,24.45,24.45,24.45,24.45,888,0
BIPJ.US,5,20250930,180500,24.45,24.45,24.42,24.42,1757,0
BIPJ.US,5,20250930,181000,24.43,24.43,24.43,24.43,900,0
BIPJ.US,5,20250930,181500,24.43,24.45,24.42,24.44,2000,0
BIPJ.US,5,20250930,182000,24.44,24.45,24.44,24.45,1250,0
BIPJ.US,5,20250930,182500,24.45,24.55,24.45,24.5,2353,0
BIPJ.US,5,20250930,183000,24.49,24.5,24.44,24.45,1700,0
BIPJ.US,5,20250930,183500,24.45,24.45,24.44,24.45,751,0
BIPJ.US,5,20250930,184000,24.45,24.5,24.45,24.46,1100,0
BIPJ.US,5,20250930,184500,24.46,24.46,24.43,24.46,1600,0
BIPJ.US,5,20250930,185000,24.46,24.46,24.45,24.46,721,0
BIPJ.US,5,20250930,190000,24.528,24.56,24.46,24.46,1004,0
BIPJ.US,5,20250930,191000,24.46,24.46,24.46,24.46,100,0
BIPJ.US,5,20250930,191500,24.53,24.53,24.46,24.46,200,0
BIPJ.US,5,20250930,192500,24.46,24.46,24.46,24.46,100,0
BIPJ.US,5,20250930,193000,24.46,24.46,24.46,24.46,100,0
BIPJ.US,5,20250930,193500,24.46,24.46,24.46,24.46,100,0
BIPJ.US,5,20250930,194500,24.46,24.46,24.46,24.46,100,0
BIPJ.US,5,20250930,195000,24.46,24.46,24.46,24.46,100,0
BIPJ.US,5,20250930,195500,24.46,24.46,24.46,24.46,100,0
BIPJ.US,5,20250930,200500,24.46,24.46,24.46,24.46,100,0
BIPJ.US,5,20250930,201000,24.48,24.48,24.48,24.48,100,0
BIPJ.US,5,20250930,201500,24.48,24.5,24.48,24.5,200,0
BIPJ.US,5,20250930,202000,24.5,24.5,24.5,24.5,300,0
BIPJ.US,5,20250930,202500,24.5,24.5,24.5,24.5,200,0
BIPJ.US,5,20250930,203000,24.5,24.5,24.5,24.5,100,0
BIPJ.US,5,20250930,203500,24.5,24.51,24.5,24.5,700,0
BIPJ.US,5,20250930,204000,24.5,24.5,24.5,24.5,1300,0
BIPJ.US,5,20250930,204500,24.5,24.5,24.5,24.5,300,0
BIPJ.US,5,20250930,205000,24.5,24.53,24.5,24.5,2200,0
BIPJ.US,5,20250930,205500,24.55,24.63,24.55,24.63,1200,0
BIPJ.US,5,20250930,210000,24.6,24.6,24.6,24.6,300,0
BIPJ.US,5,20250930,210500,24.6,24.6,24.6,24.6,300,0
BIPJ.US,5,20250930,211000,24.6,24.6,24.6,24.6,310,0
BIPJ.US,5,20250930,211500,24.6,24.61,24.6,24.61,300,0
BIPJ.US,5,20250930,212000,24.6,24.6,24.6,24.6,300,0
BIPJ.US,5,20250930,212500,24.6,24.61,24.6,24.61,450,0
BIPJ.US,5,20250930,213000,24.61,24.63,24.61,24.63,300,0
BIPJ.US,5,20250930,213500,24.6,24.75,24.6,24.75,2875,0
BIPJ.US,5,20250930,214500,24.695,24.695,24.65,24.65,200,0
BIPJ.US,5,20250930,215000,24.66,24.66,24.65,24.65,993,0
BIPJ.US,5,20250930,215500,24.53,24.53,24.5,24.5,98931,0
BIPJ.US,5,20251001,153000,24.67,24.67,24.6501,24.6501,600,0
BIPJ.US,5,20251001,155000,24.46,24.46,24.46,24.46,100,0
BIPJ.US,5,20251001,155500,24.5608,24.5608,24.5608,24.5608,200,0
BIPJ.US,5,20251001,160500,24.4834,24.55,24.4834,24.55,400,0
BIPJ.US,5,20251001,165500,24.53,24.58,24.51,24.55,3002,0
BIPJ.US,5,20251001,172000,24.55,24.55,24.55,24.55,500,0
BIPJ.US,5,20251001,172500,24.46,24.46,24.46,24.46,500,0
BIPJ.US,5,20251001,180000,24.55,24.55,24.55,24.55,100,0
BIPJ.US,5,20251001,191000,24.59,24.59,24.5857,24.5857,1200,0
BIPJ.US,5,20251001,192500,24.82,24.82,24.82,24.82,231,0
BIPJ.US,5,20251001,195000,24.82,24.82,24.82,24.82,500,0
BIPJ.US,5,20251001,195500,24.82,24.82,24.79,24.79,431,0
BIPJ.US,5,20251001,210000,24.77,24.98,24.66,24.8151,2439,0
BIPJ.US,5,20251001,211500,24.74,24.84,24.6901,24.84,4932,0
BIPJ.US,5,20251002,204000,24.865,24.865,24.865,24.865,172,0
BIPJ.US,5,20251002,204500,24.84,24.84,24.83,24.83,400,0
BIPJ.US,5,20251002,215500,24.83,24.83,24.83,24.83,100,0
BIPJ.US,5,20251003,175500,24.96,24.96,24.96,24.96,400,0
BIPJ.US,5,20251003,180500,24.805,24.805,24.805,24.805,200,0
BIPJ.US,5,20251003,183500,24.7864,24.805,24.7864,24.805,1500,0
BIPJ.US,5,20251003,185500,24.89,24.89,24.88,24.88,500,0
BIPJ.US,5,20251003,192500,24.89,24.94,24.87,24.94,1982,0
BIPJ.US,5,20251003,193500,24.9212,24.9212,24.9212,24.9212,400,0
BIPJ.US,5,20251003,194000,24.9,24.9,24.9,24.9,677,0
BIPJ.US,5,20251003,195000,24.89,24.92,24.89,24.92,400,0
BIPJ.US,5,20251003,200000,24.8883,24.8883,24.8883,24.8883,450,0
BIPJ.US,5,20251003,203000,24.84,24.84,24.84,24.84,100,0
BIPJ.US,5,20251006,161000,24.95,24.95,24.95,24.95,100,0
BIPJ.US,5,20251006,162000,24.9164,24.9164,24.9164,24.9164,121,0
BIPJ.US,5,20251006,180000,24.9416,25.06,24.89,24.95,2949,0
BIPJ.US,5,20251006,184500,24.95,24.95,24.95,24.95,154,0
BIPJ.US,5,20251006,185500,24.9836,24.9836,24.9836,24.9836,200,0
BIPJ.US,5,20251006,193500,24.9205,24.98,24.91,24.91,1200,0
BIPJ.US,5,20251006,194000,24.945,24.945,24.945,24.945,100,0
BIPJ.US,5,20251006,195000,24.95,24.95,24.95,24.95,100,0
BIPJ.US,5,20251006,200500,24.95,24.95,24.95,24.95,300,0
BIPJ.US,5,20251006,201000,24.95,24.95,24.95,24.95,100,0
BIPJ.US,5,20251006,202500,24.98,24.98,24.98,24.98,100,0
BIPJ.US,5,20251006,204500,24.95,24.98,24.95,24.9785,1500,0
BIPJ.US,5,20251006,205000,24.95,25.01,24.95,25.01,1467,0
BIPJ.US,5,20251006,211500,25.03,25.03,25.03,25.03,100,0
BIPJ.US,5,20251006,212000,25.0141,25.0141,25.0105,25.0105,400,0
BIPJ.US,5,20251006,215000,25.03,25.03,25.03,25.03,1029,0
BIPJ.US,5,20251006,215500,25.03,25.03,25.03,25.03,366,0
BIPJ.US,5,20251007,172500,25.07,25.1,25.05,25.1,1219,0
BIPJ.US,5,20251007,174000,25.06,25.06,25.06,25.06,100,0
BIPJ.US,5,20251007,175000,25.1,25.1,25.1,25.1,1000,0
BIPJ.US,5,20251007,180000,25.075,25.075,25.075,25.075,500,0
BIPJ.US,5,20251007,180500,25,25,25,25,100,0
BIPJ.US,5,20251007,181000,25,25,25,25,100,0
BIPJ.US,5,20251007,181500,25.01,25.01,25.01,25.01,100,0
BIPJ.US,5,20251007,182500,25.075,25.14,25.075,25.14,900,0
BIPJ.US,5,20251007,184000,25.05,25.05,25.01,25.01,1100,0
BIPJ.US,5,20251007,200500,25.02,25.02,25.02,25.02,100,0
BIPJ.US,5,20251007,201500,25.02,25.02,25.02,25.02,100,0
BIPJ.US,5,20251007,203000,25.02,25.02,25,25,480,0
BIPJ.US,5,20251007,205000,25,25,25,25,100,0
BIPJ.US,5,20251007,210000,25,25,25,25,100,0
BIPJ.US,5,20251007,211000,25,25,25,25,100,0
BIPJ.US,5,20251007,212000,25,25,25,25,100,0
BIPJ.US,5,20251007,213000,25.075,25.09,25.075,25.075,839,0
BIPJ.US,5,20251007,215000,25.02,25.03,25.02,25.03,267,0
BIPJ.US,5,20251007,215500,25.02,25.1,25.02,25.08,345,0
BIPJ.US,5,20251008,164000,25.08,25.1,25.08,25.1,400,0
BIPJ.US,5,20251008,174500,25.1,25.1,25.09,25.09,300,0
BIPJ.US,5,20251008,180500,25.09,25.1,25.01,25.1,3850,0
BIPJ.US,5,20251008,181000,25.1,25.1,25.04,25.04,800,0
BIPJ.US,5,20251008,185500,25.11,25.11,25.11,25.11,100,0
BIPJ.US,5,20251008,190500,25,25.03,25,25.03,500,0
BIPJ.US,5,20251008,202000,25.045,25.045,25.045,25.045,100,0
BIPJ.US,5,20251008,204500,25.03,25.03,25.03,25.03,200,0
BIPJ.US,5,20251008,211000,25.045,25.045,25.045,25.045,100,0
BIPJ.US,5,20251008,211500,25.0405,25.0405,25.0405,25.0405,250,0
BIPJ.US,5,20251008,212000,25.045,25.0451,25.03,25.0451,303,0
BIPJ.US,5,20251008,212500,25,25.0001,25,25.0001,800,0
BIPJ.US,5,20251008,213500,25,25,25,25,100,0
BIPJ.US,5,20251008,215500,25,25.03,25,25.03,588,0
BIPJ.US,5,20251009,153500,25.06,25.06,25.06,25.06,100,0
BIPJ.US,5,20251009,154500,25.06,25.06,25.06,25.06,100,0
BIPJ.US,5,20251009,160000,25.06,25.06,25.06,25.06,164,0
BIPJ.US,5,20251009,162000,25.06,25.09,25.06,25.09,966,0
BIPJ.US,5,20251009,163000,25,25,25,25,400,0
BIPJ.US,5,20251009,163500,25.0373,25.0373,25.0373,25.0373,100,0
BIPJ.US,5,20251009,170000,25.025,25.025,25.025,25.025,365,0
BIPJ.US,5,20251009,175000,25,25,25,25,100,0
BIPJ.US,5,20251009,175500,25.05,25.05,25.02,25.02,900,0
BIPJ.US,5,20251009,183000,25.05,25.05,25.05,25.05,300,0
BIPJ.US,5,20251009,184000,25.08,25.08,25.08,25.08,298,0
BIPJ.US,5,20251009,190500,25.08,25.09,25.08,25.09,701,0
BIPJ.US,5,20251009,191000,25.065,25.065,25.04,25.04,1428,0
BIPJ.US,5,20251009,191500,25.03,25.03,25.03,25.03,100,0
BIPJ.US,5,20251009,201000,25.04,25.04,25.04,25.04,500,0
BIPJ.US,5,20251009,202000,25.04,25.04,25.04,25.04,800,0
BIPJ.US,5,20251009,203000,25.04,25.04,25.04,25.04,2100,0
BIPJ.US,5,20251009,203500,25.03,25.03,25.0299,25.0299,2000,0
BIPJ.US,5,20251009,204000,25.02,25.0201,25,25,5100,0
BIPJ.US,5,20251009,204500,25.0317,25.0317,25.0317,25.0317,400,0
BIPJ.US,5,20251009,205000,25,25,25,25,100,0
BIPJ.US,5,20251009,212500,25.04,25.04,25.04,25.04,777,0
BIPJ.US,5,20251009,215500,25.04,25.04,25.04,25.04,100,0
BIPJ.US,5,20251010,153000,25.04,25.04,25.04,25.04,2943,0
BIPJ.US,5,20251010,155000,25.0301,25.0301,25.0301,25.0301,200,0
BIPJ.US,5,20251010,162000,25.0692,25.0692,25.0692,25.0692,229,0
BIPJ.US,5,20251010,163000,25.03,25.03,25.03,25.03,123,0
BIPJ.US,5,20251010,170000,25.02,25.02,25,25,500,0
BIPJ.US,5,20251010,171000,25.0378,25.05,25.0378,25.05,913,0
BIPJ.US,5,20251010,175000,25.01,25.01,25,25,1100,0
BIPJ.US,5,20251010,175500,25,25,25,25,1300,0
BIPJ.US,5,20251010,182000,25.045,25.045,25.045,25.045,500,0
BIPJ.US,5,20251010,190000,25.09,25.09,25.09,25.09,200,0
BIPJ.US,5,20251010,202500,25.01,25.01,25.01,25.01,100,0
BIPJ.US,5,20251010,211500,25.02,25.02,25,25.01,400,0
BIPJ.US,5,20251010,212500,25.09,25.1,25.01,25.01,602,0
BIPJ.US,5,20251010,213500,25.01,25.01,25,25,409,0
BIPJ.US,5,20251010,215000,25.05,25.05,25.05,25.05,1000,0
BIPJ.US,5,20251013,155000,25.01,25.01,25.01,25.01,200,0
BIPJ.US,5,20251013,164000,25.01,25.01,25.01,25.01,2031,0
BIPJ.US,5,20251013,173500,25.0299,25.0299,25.0299,25.0299,400,0
BIPJ.US,5,20251013,181500,25.06,25.12,25.06,25.12,1998,0
BIPJ.US,5,20251013,183000,25.03,25.03,25.02,25.0201,3000,0
BIPJ.US,5,20251013,184500,25.03,25.03,25.03,25.03,100,0
BIPJ.US,5,20251013,192500,25.075,25.075,25.0201,25.075,500,0
BIPJ.US,5,20251013,194500,25.13,25.13,25.13,25.13,100,0
BIPJ.US,5,20251013,203500,25.075,25.075,25.03,25.03,200,0
BIPJ.US,5,20251013,210500,25.1,25.1,25.1,25.1,1422,0
BIPJ.US,5,20251013,212500,25.1,25.1,25.1,25.1,2400,0
BIPJ.US,5,20251013,215500,25.02,25.1,25,25.1,2702,0
BIPJ.US,5,20251014,160500,25.01,25.01,25.01,25.01,499,0
BIPJ.US,5,20251014,161500,25.025,25.025,25.025,25.025,100,0
BIPJ.US,5,20251014,163000,25.0422,25.0422,25.0422,25.0422,2000,0
BIPJ.US,5,20251014,163500,25.02,25.0414,25,25,6801,0
BIPJ.US,5,20251014,165000,25,25,25,25,500,0
BIPJ.US,5,20251014,170000,25,25,25,25,500,0
BIPJ.US,5,20251014,174500,25.045,25.045,25.045,25.045,1000,0
BIPJ.US,5,20251014,183500,25.09,25.09,25.06,25.06,300,0
BIPJ.US,5,20251014,185500,25.05,25.05,25.05,25.05,100,0
BIPJ.US,5,20251014,190000,25.05,25.05,25.0396,25.0396,1810,0
BIPJ.US,5,20251014,193500,25.05,25.0503,25,25,3299,0
BIPJ.US,5,20251014,204500,25.0336,25.0336,25,25,4902,0
BIPJ.US,5,20251014,214000,25.09,25.09,25.05,25.09,2300,0
BIPJ.US,5,20251014,215000,25.0377,25.09,25,25.09,2208,0
BIPJ.US,5,20251014,215500,25.04,25.04,25.04,25.04,210,0
BIPJ.US,5,20251015,153000,25.12,25.12,25.11,25.12,600,0
BIPJ.US,5,20251015,165500,25.065,25.065,25.065,25.065,200,0
BIPJ.US,5,20251015,170000,25.1189,25.1189,25.1189,25.1189,180,0
BIPJ.US,5,20251015,170500,25.1072,25.1072,25.1072,25.1072,800,0
BIPJ.US,5,20251015,174500,25.02,25.0201,25.01,25.0101,2800,0
BIPJ.US,5,20251015,201500,25.11,25.11,25.065,25.065,1000,0
BIPJ.US,5,20251015,215500,25.05,25.05,25.05,25.05,111,0
BIPJ.US,5,20251016,153500,25.05,25.05,25.05,25.05,100,0
BIPJ.US,5,20251016,165000,25.022,25.022,25.022,25.022,1000,0
BIPJ.US,5,20251016,165500,25.0225,25.025,25.0225,25.025,400,0
BIPJ.US,5,20251016,182000,25,25,25,25,500,0
BIPJ.US,5,20251016,183000,25,25,25,25,1536,0
BIPJ.US,5,20251016,184000,25.025,25.0499,25.0175,25.025,4200,0
BIPJ.US,5,20251016,203000,25.025,25.05,25.025,25.0375,5676,0
BIPJ.US,5,20251016,203500,25.05,25.05,25.05,25.05,108,0
BIPJ.US,5,20251016,210500,25.12,25.12,25.12,25.12,400,0
BIPJ.US,5,20251016,211500,25.085,25.085,25.085,25.085,250,0
BIPJ.US,5,20251016,212000,25.1199,25.1199,25.1199,25.1199,400,0
BIPJ.US,5,20251016,213500,25.11,25.11,25.11,25.11,250,0
BIPJ.US,5,20251016,215500,25.1,25.1186,25.07,25.07,2881,0
BIPJ.US,5,20251017,154500,25.1,25.1,25.1,25.1,106,0
BIPJ.US,5,20251017,155000,25.0927,25.0927,25.0927,25.0927,997,0
BIPJ.US,5,20251017,161000,25.1035,25.1035,25.1035,25.1035,100,0
BIPJ.US,5,20251017,161500,25.06,25.0601,25.06,25.0601,200,0
BIPJ.US,5,20251017,171000,25.1095,25.11,25.1095,25.11,900,0
BIPJ.US,5,20251017,181500,25.1095,25.1095,25.1095,25.1095,250,0
BIPJ.US,5,20251017,194000,25.1149,25.1149,25.1149,25.1149,200,0
BIPJ.US,5,20251017,201000,25.0976,25.12,25.0976,25.12,4600,0
BIPJ.US,5,20251017,202500,25.14,25.14,25.14,25.14,100,0
BIPJ.US,5,20251017,204500,25.12,25.14,25.12,25.13,816,0
BIPJ.US,5,20251017,210000,25.14,25.14,25.14,25.14,100,0
BIPJ.US,5,20251017,211000,25.11,25.14,25.11,25.14,200,0
BIPJ.US,5,20251017,212000,25.09,25.09,25.09,25.09,100,0
BIPJ.US,5,20251017,212500,25.13,25.18,25.13,25.14,300,0
BIPJ.US,5,20251017,213500,25.09,25.09,25.09,25.09,100,0
BIPJ.US,5,20251020,162500,25.13,25.28,25.13,25.28,3062,0
BIPJ.US,5,20251020,163000,25.3,25.3,25.09,25.13,5774,0
BIPJ.US,5,20251020,164500,25.15,25.15,25.15,25.15,100,0
BIPJ.US,5,20251020,172500,25.1006,25.1006,25.1006,25.1006,1494,0
BIPJ.US,5,20251020,174500,25.11,25.1101,25.11,25.1101,600,0
BIPJ.US,5,20251020,175000,25.1275,25.1275,25.1275,25.1275,400,0
BIPJ.US,5,20251020,181000,25.1494,25.22,25.1494,25.22,1000,0
BIPJ.US,5,20251020,183000,25.22,25.22,25.22,25.22,100,0
BIPJ.US,5,20251020,190000,25.215,25.22,25.15,25.15,320,0
BIPJ.US,5,20251020,192000,25.15,25.15,25.15,25.15,100,0
BIPJ.US,5,20251020,192500,25.15,25.15,25.15,25.15,200,0
BIPJ.US,5,20251020,202500,25.1839,25.1839,25.1839,25.1839,1000,0
BIPJ.US,5,20251020,214000,25.16,25.16,25.16,25.16,600,0
BIPJ.US,5,20251020,215500,25.18,25.18,25.18,25.18,122,0
BIPJ.US,5,20251021,162000,25.089,25.089,25.089,25.089,289,0
BIPJ.US,5,20251021,162500,25.1254,25.1254,25.1254,25.1254,1000,0
BIPJ.US,5,20251021,185500,25.16,25.1799,25.16,25.17,3051,0
BIPJ.US,5,20251021,203500,25.08,25.0801,25.06,25.0801,1472,0
BIPJ.US,5,20251021,215500,25.15,25.15,25.14,25.14,200,0
BIPJ.US,5,20251022,162500,25.1,25.1,25.1,25.1,1000,0
BIPJ.US,5,20251022,180000,25.0845,25.0845,25.0845,25.0845,900,0
BIPJ.US,5,20251022,193500,25.05,25.05,25.05,25.05,1113,0
BIPJ.US,5,20251022,200500,25.05,25.05,25.05,25.05,2362,0
BIPJ.US,5,20251022,210000,25.1,25.1,25,25,1000,0
BIPJ.US,5,20251022,214000,25.12,25.12,25.065,25.11,1200,0
BIPJ.US,5,20251022,215500,25,25,25,25,163,0
BIPJ.US,5,20251023,191000,25.0285,25.0285,25.0285,25.0285,2000,0
BIPJ.US,5,20251024,170500,25.24,25.24,25.24,25.24,100,0
BIPJ.US,5,20251024,182500,25.21,25.21,25.21,25.21,108,0
BIPJ.US,5,20251024,184000,25.22,25.22,25.22,25.22,100,0
BIPJ.US,5,20251024,193000,25.24,25.25,25.2,25.25,2288,0
BIPJ.US,5,20251024,203000,25.24,25.24,25.24,25.24,100,0
BIPJ.US,5,20251024,210500,25.2,25.2,25.2,25.2,100,0
BIPJ.US,5,20251024,214000,25.1285,25.1285,25.1285,25.1285,100,0
BIPJ.US,5,20251024,215500,25.1,25.1,25.1,25.1,100,0
BIPJ.US,5,20251027,154500,25.11,25.13,25.11,25.13,200,0
BIPJ.US,5,20251027,162500,25.0037,25.0037,25.0037,25.0037,434,0
BIPJ.US,5,20251027,172500,25.105,25.105,25.105,25.105,125,0
BIPJ.US,5,20251027,180000,25.1,25.1,25.1,25.1,200,0
BIPJ.US,5,20251027,181000,25.055,25.055,25.055,25.055,200,0
BIPJ.US,5,20251027,181500,25.1,25.1,25.1,25.1,100,0
BIPJ.US,5,20251027,183500,25.03,25.03,25.02,25.03,700,0
BIPJ.US,5,20251027,185500,25.02,25.0235,25.01,25.0235,1157,0
BIPJ.US,5,20251028,145500,25.05,25.05,25.05,25.05,191,0
BIPJ.US,5,20251028,150500,25.09,25.09,25.09,25.09,100,0
BIPJ.US,5,20251028,155500,25.01,25.01,25.01,25.01,100,0
BIPJ.US,5,20251028,165000,25.09,25.09,25.09,25.09,226,0
BIPJ.US,5,20251028,174500,25.0523,25.0523,25.0523,25.0523,300,0
BIPJ.US,5,20251028,181000,25.09,25.11,25.09,25.11,4536,0
BIPJ.US,5,20251028,182000,25.095,25.095,25.095,25.095,400,0
BIPJ.US,5,20251028,190000,25.06,25.06,25,25,1914,0
BIPJ.US,5,20251028,194500,25.02,25.0201,25.01,25.0101,2000,0
BIPJ.US,5,20251028,195500,25.03,25.03,25,25,1286,0
BIPJ.US,5,20251028,200500,25.1,25.13,25.1,25.13,600,0
BIPJ.US,5,20251028,203000,25.1,25.12,25.1,25.12,925,0
BIPJ.US,5,20251028,204000,25.1,25.1,25.1,25.1,315,0
BIPJ.US,5,20251029,143500,25.05,25.05,25.05,25.05,200,0
BIPJ.US,5,20251029,151500,25.13,25.13,25.13,25.13,798,0
BIPJ.US,5,20251029,155000,25.15,25.15,25.12,25.12,200,0
BIPJ.US,5,20251029,160500,25.12,25.12,25.085,25.085,500,0
BIPJ.US,5,20251029,173000,25.08,25.08,25.08,25.08,1996,0
BIPJ.US,5,20251029,184500,25.0695,25.0695,25.065,25.065,300,0
BIPJ.US,5,20251029,185000,25.0605,25.08,25.0605,25.08,436,0
BIPJ.US,5,20251029,190000,25.08,25.08,25.0799,25.0799,600,0
BIPJ.US,5,20251029,190500,25.08,25.08,25.045,25.045,496,0
BIPJ.US,5,20251029,200000,25.045,25.07,25.045,25.07,400,0
BIPJ.US,5,20251029,200500,25.0464,25.0464,25.0464,25.0464,300,0
BIPJ.US,5,20251029,203000,25.04,25.04,25.04,25.04,200,0
BIPJ.US,5,20251029,204000,25.04,25.04,25.04,25.04,200,0
BIPJ.US,5,20251030,153000,25.1732,25.1732,25.1732,25.1732,500,0
BIPJ.US,5,20251030,155500,25.1672,25.1672,25.1672,25.1672,1000,0
BIPJ.US,5,20251030,175000,25.19,25.19,25.19,25.19,1000,0
BIPJ.US,5,20251030,181500,25.19,25.19,25.19,25.19,500,0
BIPJ.US,5,20251030,183000,25.105,25.105,25.105,25.105,200,0
BIPJ.US,5,20251030,190500,25.05,25.05,25.05,25.05,2000,0
BIPJ.US,5,20251030,192500,25.025,25.025,25.025,25.025,1497,0
BIPJ.US,5,20251030,194000,25.05,25.05,25.05,25.05,400,0
BIPJ.US,5,20251031,150000,25.1,25.1,25.1,25.1,722,0
BIPJ.US,5,20251031,150500,25.1,25.1,25.1,25.1,100,0
BIPJ.US,5,20251031,155000,25.2211,25.2211,25.2211,25.2211,100,0
BIPJ.US,5,20251031,165000,25.101,25.1011,24.75,24.75,3413,0
BIPJ.US,5,20251031,165500,24.85,24.85,24.76,24.7601,1900,0
BIPJ.US,5,20251031,174000,25.08,25.08,25.08,25.08,100,0
BIPJ.US,5,20251031,205000,24.76,24.77,24.76,24.76,1100,0
BIPJ.US,5,20251031,205500,24.78,25.17,24.78,25.17,1201,0
BIPJ.US,5,20251103,160000,24.96,24.96,24.96,24.96,162,0
BIPJ.US,5,20251103,163000,25.01,25.01,25.01,25.01,100,0
BIPJ.US,5,20251103,173500,25.01,25.01,25.01,25.01,100,0
BIPJ.US,5,20251103,215500,24.95,24.95,24.95,24.95,200,0
BIPJ.US,5,20251104,164000,24.88,24.88,24.88,24.88,100,0
BIPJ.US,5,20251104,170500,24.8999,24.8999,24.8999,24.8999,2000,0
BIPJ.US,5,20251104,172000,24.76,24.76,24.75,24.75,1900,0
BIPJ.US,5,20251104,184000,24.705,24.705,24.705,24.705,200,0
BIPJ.US,5,20251104,194000,24.68,24.68,24.68,24.68,200,0
BIPJ.US,5,20251104,201500,24.65,24.65,24.65,24.65,100,0
BIPJ.US,5,20251104,211000,24.68,24.68,24.68,24.68,100,0
BIPJ.US,5,20251104,212000,24.7215,24.7215,24.7215,24.7215,1000,0
BIPJ.US,5,20251104,213000,24.66,24.66,24.66,24.66,100,0
BIPJ.US,5,20251104,214500,24.6837,24.88,24.6837,24.87,3438,0
BIPJ.US,5,20251104,215000,24.775,24.87,24.775,24.83,2050,0
BIPJ.US,5,20251104,215500,24.87,24.88,24.8125,24.8125,1150,0
BIPJ.US,5,20251105,162000,24.7339,24.7339,24.7339,24.7339,400,0
BIPJ.US,5,20251105,162500,24.7385,24.7385,24.7385,24.7385,100,0
BIPJ.US,5,20251105,165000,24.81,24.81,24.78,24.8099,998,0
BIPJ.US,5,20251105,171500,24.7255,24.8,24.7255,24.8,1217,0
BIPJ.US,5,20251105,173500,24.88,24.949,24.88,24.949,1830,0
BIPJ.US,5,20251105,174000,25.005,25.005,25.005,25.005,143,0
BIPJ.US,5,20251105,201500,25.02,25.02,25.02,25.02,100,0
BIPJ.US,5,20251105,202500,25.02,25.02,25.02,25.02,200,0
BIPJ.US,5,20251105,203000,25.02,25.02,25.02,25.02,200,0
BIPJ.US,5,20251105,203500,25.02,25.02,25.01,25.01,200,0
BIPJ.US,5,20251105,204500,25.02,25.02,25.02,25.02,200,0
BIPJ.US,5,20251105,205000,25.02,25.02,25.02,25.02,1400,0
BIPJ.US,5,20251105,205500,25.02,25.15,25.02,25.15,300,0
BIPJ.US,5,20251105,210000,25.1,25.14,25.1,25.14,300,0
BIPJ.US,5,20251105,210500,25.14,25.14,25.14,25.14,300,0
BIPJ.US,5,20251105,211000,25.14,25.14,25.06,25.14,600,0
BIPJ.US,5,20251105,211500,25.15,25.15,25.15,25.15,300,0
BIPJ.US,5,20251105,212000,25.15,25.15,25.15,25.15,200,0
BIPJ.US,5,20251105,212500,25.27,25.27,25.13,25.14,600,0
BIPJ.US,5,20251105,213000,25.14,25.14,25.14,25.14,1000,0
BIPJ.US,5,20251105,213500,25.14,25.14,25.14,25.14,500,0
BIPJ.US,5,20251105,214000,25.14,25.14,25.14,25.14,600,0
BIPJ.US,5,20251105,214500,25.15,25.15,25.14,25.14,800,0
BIPJ.US,5,20251105,215000,25.15,25.16,25.14,25.16,1500,0
BIPJ.US,5,20251105,215500,25.16,25.17,25.16,25.17,2900,0
BIPJ.US,5,20251106,170500,24.8697,24.89,24.8697,24.89,800,0
BIPJ.US,5,20251106,173500,24.962,24.962,24.681,24.681,2154,0
BIPJ.US,5,20251106,184000,25,25,25,25,400,0
BIPJ.US,5,20251106,185000,25.0739,25.0739,25.0739,25.0739,200,0
BIPJ.US,5,20251106,191000,25.0465,25.0465,25.0465,25.0465,400,0
BIPJ.US,5,20251106,202000,25.11,25.11,25.11,25.11,200,0
BIPJ.US,5,20251107,153500,25,25,25,25,100,0
BIPJ.US,5,20251107,154000,25.01,25.01,25,25.01,1941,0
BIPJ.US,5,20251107,160000,25.28,25.28,25.14,25.28,500,0
BIPJ.US,5,20251107,200000,25.23,25.23,25.23,25.23,100,0
BIPJ.US,5,20251107,205000,25.15,25.15,25.15,25.15,100,0
BIPJ.US,5,20251107,212000,25.18,25.18,25.18,25.18,500,0
BIPJ.US,5,20251110,153000,25.28,25.28,25.28,25.28,328,0
BIPJ.US,5,20251110,162500,25.11,25.11,25.11,25.11,152,0
BIPJ.US,5,20251110,170500,25.24,25.24,25.24,25.24,100,0
BIPJ.US,5,20251110,183500,25.125,25.125,25.125,25.125,200,0
BIPJ.US,5,20251110,184000,25.24,25.24,25.24,25.24,100,0
BIPJ.US,5,20251110,184500,25.125,25.125,25.125,25.125,600,0
BIPJ.US,5,20251110,191000,25.18,25.18,25.18,25.18,100,0
BIPJ.US,5,20251110,191500,25.0945,25.18,25.0945,25.18,1000,0
BIPJ.US,5,20251110,200000,25.18,25.18,25.18,25.18,100,0
BIPJ.US,5,20251110,204000,25.18,25.18,25.18,25.18,100,0
BIPJ.US,5,20251110,213000,25.18,25.21,25.1,25.1,2000,0
BIPJ.US,5,20251110,213500,25.1775,25.1775,25.1775,25.1775,800,0
BIPJ.US,5,20251110,215000,25.25,25.25,25.25,25.25,100,0
BIPJ.US,5,20251111,195000,25.19,25.36,25.19,25.36,2000,0
BIPJ.US,5,20251111,195500,25.245,25.245,25.245,25.245,200,0
BIPJ.US,5,20251111,204500,25.245,25.245,25.245,25.245,1000,0
BIPJ.US,5,20251111,215500,25.25,25.25,25.24,25.25,300,0
BIPJ.US,5,20251112,154500,25.21,25.21,25.21,25.21,100,0
BIPJ.US,5,20251112,161000,25.23,25.23,25.15,25.15,769,0
BIPJ.US,5,20251112,162500,25.19,25.25,25.19,25.2,2265,0
BIPJ.US,5,20251112,163500,25.19,25.21,25.19,25.19,400,0
BIPJ.US,5,20251112,202000,25.2,25.2,25.2,25.2,200,0
BIPJ.US,5,20251112,202500,25.2,25.2,25.2,25.2,300,0
BIPJ.US,5,20251112,203000,25.2,25.2,25.2,25.2,100,0
BIPJ.US,5,20251112,204000,25.31,25.33,25.31,25.33,200,0
BIPJ.US,5,20251112,204500,25.32,25.33,25.32,25.33,200,0
BIPJ.US,5,20251112,205000,25.21,25.21,25.21,25.21,600,0
BIPJ.US,5,20251112,205500,25.21,25.21,25.21,25.21,400,0
BIPJ.US,5,20251112,210000,25.21,25.21,25.102,25.21,500,0
BIPJ.US,5,20251112,210500,25.21,25.21,25.21,25.21,300,0
BIPJ.US,5,20251112,211000,25.21,25.21,25.21,25.21,300,0
BIPJ.US,5,20251112,212000,25.33,25.33,25.33,25.33,100,0
BIPJ.US,5,20251112,212500,25.22,25.22,25.22,25.22,300,0
BIPJ.US,5,20251112,213000,25.22,25.33,25.22,25.22,400,0
BIPJ.US,5,20251112,213500,25.22,25.22,25.22,25.22,500,0
BIPJ.US,5,20251112,214000,25.22,25.22,25.22,25.22,400,0
BIPJ.US,5,20251112,214500,25.22,25.23,25.22,25.23,700,0
BIPJ.US,5,20251112,215000,25.23,25.23,25.23,25.23,1600,0
BIPJ.US,5,20251112,215500,25.23,25.35,25.23,25.35,2000,0
BIPJ.US,5,20251113,164500,25.2,25.2,25.2,25.2,100,0
BIPJ.US,5,20251113,165000,25.17,25.25,25.17,25.25,905,0
BIPJ.US,5,20251113,170000,25.25,25.25,25.25,25.25,150,0
BIPJ.US,5,20251113,184500,25.25,25.25,25.25,25.25,254,0
BIPJ.US,5,20251113,185000,25.25,25.25,25.25,25.25,250,0
BIPJ.US,5,20251113,205500,25.25,25.25,25.25,25.25,206,0
BIPJ.US,5,20251113,214000,25.265,25.29,25.25,25.265,1108,0
BIPJ.US,5,20251113,214500,25.26,25.26,25.26,25.26,500,0
BIPJ.US,5,20251113,215000,25.34,25.34,25.34,25.34,528,0
BIPJ.US,5,20251114,171000,25.26,25.26,25.253,25.26,600,0
BIPJ.US,5,20251114,212000,25.12,25.12,25.12,25.12,100,0
BIPJ.US,5,20251114,212500,25.12,25.12,25.1,25.11,447,0
BIPJ.US,5,20251114,213000,25,25.03,25,25,1706,0
BIPJ.US,5,20251117,160000,25.28,25.28,25.28,25.28,600,0
BIPJ.US,5,20251117,163000,25.04,25.05,25.04,25.05,200,0
BIPJ.US,5,20251117,170500,25.08,25.08,25.08,25.08,100,0
BIPJ.US,5,20251117,172000,25.05,25.05,25.05,25.05,100,0
BIPJ.US,5,20251117,173500,25.06,25.06,25.06,25.06,100,0
BIPJ.US,5,20251117,175500,25.03,25.075,25,25.03,500,0
BIPJ.US,5,20251117,181000,25.04,25.04,25.04,25.04,100,0
BIPJ.US,5,20251117,181500,25.11,25.11,25.11,25.11,100,0
BIPJ.US,5,20251117,182000,25.05,25.05,25.05,25.05,1000,0
BIPJ.US,5,20251117,182500,25.08,25.08,25.08,25.08,300,0
BIPJ.US,5,20251117,183000,25.02,25.02,25.02,25.02,100,0
BIPJ.US,5,20251117,183500,25.08,25.08,25.08,25.08,100,0
BIPJ.US,5,20251117,184000,25.08,25.08,25.01,25.01,1400,0
BIPJ.US,5,20251117,185500,24.97,24.97,24.97,24.97,100,0
BIPJ.US,5,20251117,191000,24.949,24.949,24.86,24.86,244,0
BIPJ.US,5,20251117,192000,24.8201,24.8201,24.81,24.81,600,0
BIPJ.US,5,20251117,193000,24.8,24.8,24.8,24.8,200,0
BIPJ.US,5,20251117,200000,24.8,24.8,24.72,24.72,2000,0
BIPJ.US,5,20251117,200500,24.72,24.72,24.7199,24.72,700,0
BIPJ.US,5,20251117,201000,24.65,24.65,24.65,24.65,556,0
BIPJ.US,5,20251117,201500,24.67,24.67,24.65,24.65,1400,0
BIPJ.US,5,20251117,202000,24.65,24.67,24.65,24.65,1015,0
BIPJ.US,5,20251117,203000,24.65,24.65,24.65,24.65,200,0
BIPJ.US,5,20251117,211500,24.65,24.65,24.65,24.65,100,0
BIPJ.US,5,20251117,212500,24.65,24.65,24.65,24.65,500,0
BIPJ.US,5,20251117,215500,24.57,24.57,24.56,24.57,665,0
BIPJ.US,5,20251118,155000,24.74,24.79,24.74,24.79,300,0
BIPJ.US,5,20251118,155500,24.8,24.8,24.8,24.8,116,0
BIPJ.US,5,20251118,161000,24.5,24.5,24.5,24.5,100,0
BIPJ.US,5,20251118,162000,24.65,24.65,24.65,24.65,100,0
BIPJ.US,5,20251118,163000,24.6,24.6,24.6,24.6,1542,0
BIPJ.US,5,20251118,170000,24.55,24.55,24.525,24.525,1200,0
BIPJ.US,5,20251118,172500,24.52,24.52,24.52,24.52,100,0
BIPJ.US,5,20251118,173500,24.52,24.52,24.52,24.52,100,0
BIPJ.US,5,20251118,175000,24.5,24.51,24.5,24.51,1153,0
BIPJ.US,5,20251118,180000,24.52,24.54,24.465,24.465,8180,0
BIPJ.US,5,20251118,180500,24.41,24.41,24.41,24.41,1000,0
BIPJ.US,5,20251118,182500,24.371,24.371,24.371,24.371,100,0
BIPJ.US,5,20251118,183500,24.38,24.38,24.38,24.38,300,0
BIPJ.US,5,20251118,184000,24.35,24.68,24.35,24.61,2446,0
BIPJ.US,5,20251118,190500,24.65,24.74,24.6201,24.74,1600,0
BIPJ.US,5,20251118,192500,24.68,24.68,24.68,24.68,100,0
BIPJ.US,5,20251118,200000,24.81,24.9,24.73,24.89,1709,0
BIPJ.US,5,20251118,201000,24.81,24.81,24.81,24.81,390,0
BIPJ.US,5,20251118,201500,25,25,25,25,2000,0
BIPJ.US,5,20251118,202000,24.91,24.91,24.91,24.91,100,0
BIPJ.US,5,20251118,202500,24.89,24.99,24.87,24.89,2787,0
BIPJ.US,5,20251118,203000,24.95,24.99,24.805,24.99,1037,0
BIPJ.US,5,20251118,203500,24.88,24.99,24.88,24.88,832,0
BIPJ.US,5,20251118,204000,24.805,24.99,24.7865,24.99,2222,0
BIPJ.US,5,20251118,215500,24.79,24.79,24.79,24.79,222,0
BIPJ.US,5,20251119,154000,24.98,25,24.98,25,1200,0
BIPJ.US,5,20251119,154500,24.8407,24.8407,24.8407,24.8407,1200,0
BIPJ.US,5,20251119,160500,25,25,25,25,987,0
BIPJ.US,5,20251119,164000,24.9,24.9,24.9,24.9,250,0
BIPJ.US,5,20251119,174500,24.9,24.985,24.9,24.985,1550,0
BIPJ.US,5,20251119,175000,24.98,24.98,24.98,24.98,100,0
BIPJ.US,5,20251119,180000,24.9225,24.9225,24.9,24.9225,870,0
BIPJ.US,5,20251119,181000,24.99,24.99,24.99,24.99,100,0
BIPJ.US,5,20251119,182000,24.9494,24.9494,24.9494,24.9494,400,0
BIPJ.US,5,20251119,184000,24.95,24.99,24.9,24.9899,2400,0
BIPJ.US,5,20251119,184500,24.99,25,24.99,25,200,0
BIPJ.US,5,20251119,195000,25,25.14,24.99,25.14,5766,0
BIPJ.US,5,20251119,212000,25.15,25.15,25.15,25.15,1000,0
BIPJ.US,5,20251119,212500,25.15,25.15,25,25.1,4019,0
BIPJ.US,5,20251119,213000,25.03,25.03,25.03,25.03,100,0
BIPJ.US,5,20251119,214500,24.9809,24.9809,24.9809,24.9809,1000,0
BIPJ.US,5,20251120,174500,25.01,25.01,25.01,25.01,126,0
BIPJ.US,5,20251120,175000,25.01,25.01,25.01,25.01,200,0
BIPJ.US,5,20251120,175500,25,25,24.9,24.95,3380,0
BIPJ.US,5,20251120,180000,24.95,24.95,24.95,24.95,3970,0
BIPJ.US,5,20251120,180500,24.95,24.95,24.95,24.95,756,0
BIPJ.US,5,20251120,183500,25.09,25.11,25.09,25.11,200,0
BIPJ.US,5,20251120,184500,25.0501,25.12,25.0501,25.12,200,0
BIPJ.US,5,20251120,185000,25.18,25.19,25.18,25.18,300,0
BIPJ.US,5,20251120,194000,25.17,25.17,25.17,25.17,100,0
BIPJ.US,5,20251120,195000,25.15,25.19,25.15,25.19,200,0
BIPJ.US,5,20251120,200000,25.07,25.07,25.06,25.06,200,0
BIPJ.US,5,20251120,201000,25.05,25.05,25.05,25.05,100,0
BIPJ.US,5,20251120,201500,24.62,24.82,24.62,24.64,500,0
BIPJ.US,5,20251120,203500,24.62,25.04,24.62,24.69,1734,0
BIPJ.US,5,20251120,204500,24.99,24.99,24.99,24.99,100,0
BIPJ.US,5,20251120,210000,24.8,24.8,24.63,24.64,1775,0
BIPJ.US,5,20251120,212000,24.95,24.95,24.95,24.95,100,0
BIPJ.US,5,20251120,212500,24.93,24.93,24.93,24.93,100,0
BIPJ.US,5,20251120,213000,24.71,24.8,24.64,24.64,500,0
BIPJ.US,5,20251120,213500,24.8,24.8,24.8,24.8,400,0
BIPJ.US,5,20251120,214000,24.81,25.1,24.73,24.75,1168,0
BIPJ.US,5,20251120,214500,24.67,24.67,24.66,24.66,400,0
BIPJ.US,5,20251120,215000,24.68,25.05,24.62,24.63,1300,0
BIPJ.US,5,20251120,215500,24.69,25,24.64,24.91,4443,0
BIPJ.US,5,20251121,154500,24.68,24.68,24.68,24.68,200,0
BIPJ.US,5,20251121,155000,24.93,25.08,24.7,24.95,1776,0
BIPJ.US,5,20251121,171500,24.57,24.7701,24.57,24.7701,300,0
BIPJ.US,5,20251121,172500,24.77,24.93,24.58,24.73,4800,0
BIPJ.US,5,20251121,173000,24.75,24.83,24.75,24.83,253,0
BIPJ.US,5,20251121,174500,24.82,24.82,24.82,24.82,100,0
BIPJ.US,5,20251121,180500,24.835,25.25,24.82,25.08,1816,0
BIPJ.US,5,20251121,193000,24.84,24.84,24.84,24.84,300,0
BIPJ.US,5,20251121,194500,24.94,24.94,24.94,24.94,200,0
BIPJ.US,5,20251121,202500,24.86,24.86,24.86,24.86,100,0
BIPJ.US,5,20251121,215500,25,25,25,25,449,0
BIPJ.US,5,20251124,154500,25.07,25.07,25.04,25.04,600,0
BIPJ.US,5,20251124,160000,25.04,25.1693,25.04,25.1693,500,0
BIPJ.US,5,20251124,162500,25.1,25.1,25.1,25.1,673,0
BIPJ.US,5,20251124,164500,25.24,25.24,25.21,25.21,297,0
BIPJ.US,5,20251124,170000,25.22,25.22,25.17,25.17,211,0
BIPJ.US,5,20251124,171000,25.2,25.24,25.2,25.24,1959,0
BIPJ.US,5,20251124,172000,25.16,25.16,25.15,25.15,300,0
BIPJ.US,5,20251124,172500,25.15,25.15,25.15,25.15,100,0
BIPJ.US,5,20251124,174000,25.245,25.245,25.245,25.245,700,0
BIPJ.US,5,20251124,175500,25.16,25.16,25.15,25.15,824,0
BIPJ.US,5,20251124,180000,25.21,25.22,25.21,25.22,2000,0
BIPJ.US,5,20251124,180500,25.15,25.15,25.15,25.15,100,0
BIPJ.US,5,20251124,215000,25.04,25.05,24.863,24.863,1009,0
BIPJ.US,5,20251125,154000,24.97,24.97,24.97,24.97,631,0
BIPJ.US,5,20251125,154500,24.9958,24.9958,24.9958,24.9958,310,0
BIPJ.US,5,20251125,162000,24.94,24.94,24.94,24.94,100,0
BIPJ.US,5,20251125,165500,25.05,25.05,25.05,25.05,500,0
BIPJ.US,5,20251125,170000,24.8394,25.03,24.8394,25.03,3400,0
BIPJ.US,5,20251125,172500,25.05,25.05,25.05,25.05,100,0
BIPJ.US,5,20251125,194500,25.05,25.05,25.05,25.05,560,0
BIPJ.US,5,20251125,195500,25.05,25.05,25.05,25.05,1493,0
BIPJ.US,5,20251125,205000,25.15,25.15,25.15,25.15,100,0
BIPJ.US,5,20251125,210500,25.005,25.005,25.005,25.005,867,0
BIPJ.US,5,20251125,215500,25.12,25.12,25.075,25.075,200,0
BIPJ.US,5,20251126,160000,25.2414,25.2414,25.2414,25.2414,626,0
BIPJ.US,5,20251126,162500,25.22,25.34,25.22,25.34,1746,0
BIPJ.US,5,20251126,163000,25.3,25.3,25.29,25.29,300,0
BIPJ.US,5,20251126,163500,25.29,25.29,25.29,25.29,100,0
BIPJ.US,5,20251126,164000,25.175,25.175,25.175,25.175,200,0
BIPJ.US,5,20251126,164500,25.2212,25.2212,25.2212,25.2212,300,0
BIPJ.US,5,20251126,171500,25.23,25.23,25.23,25.23,498,0
BIPJ.US,5,20251126,172000,25.23,25.23,25.23,25.23,600,0
BIPJ.US,5,20251126,172500,25.31,25.31,25.31,25.31,100,0
BIPJ.US,5,20251126,173500,25.195,25.195,25.195,25.195,100,0
BIPJ.US,5,20251126,174000,25.195,25.195,25.195,25.195,200,0
BIPJ.US,5,20251126,175500,25.195,25.195,25.195,25.195,100,0
BIPJ.US,5,20251126,181500,25.195,25.195,25.195,25.195,100,0
BIPJ.US,5,20251126,183000,25.2,25.2,25.195,25.195,722,0
BIPJ.US,5,20251126,183500,25.2,25.2,25.2,25.2,100,0
BIPJ.US,5,20251126,190000,25.195,25.195,25.195,25.195,100,0
BIPJ.US,5,20251126,192000,25.195,25.195,25.195,25.195,100,0
BIPJ.US,5,20251126,193500,25.195,25.195,25.195,25.195,200,0
BIPJ.US,5,20251126,194000,25.195,25.195,25.195,25.195,300,0
BIPJ.US,5,20251126,200000,25.23,25.24,25.23,25.24,608,0
BIPJ.US,5,20251126,202000,25.2,25.24,25.2,25.24,500,0
BIPJ.US,5,20251126,202500,25.24,25.24,25.24,25.24,132,0
BIPJ.US,5,20251126,203500,25.2,25.2,25.2,25.2,100,0
BIPJ.US,5,20251126,213000,25.24,25.24,25.24,25.24,100,0
BIPJ.US,5,20251126,215500,25.24,25.275,25.24,25.275,318,0
BIPJ.US,5,20251128,154000,25.25,25.25,25.25,25.25,100,0
BIPJ.US,5,20251128,164500,25.25,25.25,25.25,25.25,293,0
BIPJ.US,5,20251128,173000,25.25,25.25,25.25,25.25,100,0
BIPJ.US,5,20251128,174000,25.2,25.2,25.2,25.2,956,0
BIPJ.US,5,20251128,185000,25.03,25.14,25,25,753,0
BIPJ.US,5,20251128,185500,25.0464,25.15,24.99,24.99,1322,0
BIPJ.US,5,20251128,190000,24.91,24.91,24.91,24.91,5608,0
BIPJ.US,5,20251201,154000,25.06,25.06,25.06,25.06,100,0
BIPJ.US,5,20251201,160000,25.11,25.25,25.11,25.23,3100,0
BIPJ.US,5,20251201,161000,25.13,25.23,25.12,25.23,999,0
BIPJ.US,5,20251201,172000,25.23,25.23,25.22,25.22,499,0
BIPJ.US,5,20251201,172500,25.218,25.218,25.218,25.218,1000,0
BIPJ.US,5,20251201,174000,25.23,25.23,25.23,25.23,350,0
BIPJ.US,5,20251201,182500,25.2814,25.2814,25.2814,25.2814,150,0
BIPJ.US,5,20251201,193500,25.35,25.35,25.35,25.35,250,0
BIPJ.US,5,20251201,215500,25.23,25.23,25.23,25.23,387,0
BIPJ.US,5,20251202,163000,25.295,25.295,25.26,25.26,935,0
BIPJ.US,5,20251202,163500,25.295,25.295,25.295,25.295,100,0
BIPJ.US,5,20251202,164500,25.26,25.31,25.26,25.31,200,0
BIPJ.US,5,20251202,165000,25.26,25.26,25.26,25.26,1718,0
BIPJ.US,5,20251202,170000,25.2815,25.3399,25.2815,25.3,2475,0
BIPJ.US,5,20251202,171000,25.27,25.27,25.27,25.27,2000,0
BIPJ.US,5,20251202,173500,25.3,25.3,25.3,25.3,100,0
BIPJ.US,5,20251202,174500,25.3,25.3,25.28,25.3,600,0
BIPJ.US,5,20251202,175500,25.283,25.283,25.28,25.28,1246,0
BIPJ.US,5,20251202,194500,25.295,25.295,25.28,25.28,900,0
BIPJ.US,5,20251202,204000,25.34,25.34,25.34,25.34,124,0
BIPJ.US,5,20251202,210000,25.28,25.33,25.28,25.33,904,0
BIPJ.US,5,20251202,210500,25.34,25.34,25.34,25.34,116,0
BIPJ.US,5,20251202,213000,25.29,25.34,25.29,25.29,2060,0
BIPJ.US,5,20251202,214000,25.34,25.34,25.34,25.34,117,0
BIPJ.US,5,20251202,215000,25.3,25.3,25.3,25.3,100,0
BIPJ.US,5,20251203,153500,25.36,25.36,25.23,25.23,300,0
BIPJ.US,5,20251203,154000,25.3,25.36,25.3,25.36,1996,0
BIPJ.US,5,20251203,154500,25.38,25.38,25.31,25.31,700,0
BIPJ.US,5,20251203,155000,25.3,25.38,25.3,25.38,1000,0
BIPJ.US,5,20251203,155500,25.38,25.38,25.31,25.31,652,0
BIPJ.US,5,20251203,160500,25.31,25.31,25.31,25.31,300,0
BIPJ.US,5,20251203,161500,25.37,25.37,25.31,25.31,200,0
BIPJ.US,5,20251203,185500,25.3174,25.3174,25.3174,25.3174,145,0
BIPJ.US,5,20251203,190500,25.31,25.39,25.31,25.39,300,0
BIPJ.US,5,20251203,192500,25.31,25.31,25.31,25.31,250,0
BIPJ.US,5,20251203,193500,25.38,25.38,25.3005,25.3005,508,0
BIPJ.US,5,20251203,194500,25.3,25.3,25.3,25.3,500,0
BIPJ.US,5,20251203,195000,25.38,25.38,25.38,25.38,100,0
BIPJ.US,5,20251203,200000,25.32,25.32,25.32,25.32,100,0
BIPJ.US,5,20251203,201000,25.38,25.38,25.38,25.38,100,0
BIPJ.US,5,20251203,201500,25.32,25.32,25.32,25.32,100,0
BIPJ.US,5,20251203,202000,25.31,25.31,25.31,25.31,100,0
BIPJ.US,5,20251203,204000,25.38,25.38,25.32,25.32,200,0
BIPJ.US,5,20251203,215000,25.38,25.38,25.32,25.32,200,0
BIPJ.US,5,20251203,215500,25.39,25.39,25.32,25.32,200,0
BIPJ.US,5,20251204,160000,25.37,25.37,25.37,25.37,181,0
BIPJ.US,5,20251204,163000,25.295,25.32,25.27,25.3,2364,0
BIPJ.US,5,20251204,165500,25.3,25.3,25.3,25.3,1109,0
BIPJ.US,5,20251204,181000,25.3,25.3,25.3,25.3,200,0
BIPJ.US,5,20251204,181500,25.3,25.3,25.24,25.24,900,0
BIPJ.US,5,20251204,212000,25.12,25.12,25.12,25.12,1500,0
BIPJ.US,5,20251205,154000,25.34,25.3899,25.195,25.3899,4375,0
BIPJ.US,5,20251205,155000,25.2145,25.2145,25.2145,25.2145,306,0
BIPJ.US,5,20251205,172000,25.18,25.18,25.18,25.18,100,0
BIPJ.US,5,20251205,173500,25.17,25.17,25.17,25.17,300,0
BIPJ.US,5,20251205,195000,25.1755,25.1755,25.1755,25.1755,1000,0
BIPJ.US,5,20251205,203500,25.35,25.35,25.3,25.35,884,0
BIPJ.US,5,20251205,211500,25.28,25.28,25.28,25.28,100,0
BIPJ.US,5,20251205,213000,25.31,25.31,25.31,25.31,100,0
BIPJ.US,5,20251205,214000,25.31,25.31,25.31,25.31,200,0
BIPJ.US,5,20251205,215500,25.28,25.31,25.28,25.31,700,0
BIPJ.US,5,20251208,165000,25.2935,25.2935,25.2935,25.2935,1000,0
BIPJ.US,5,20251208,175500,25.2855,25.2855,25.2855,25.2855,1000,0
BIPJ.US,5,20251208,182500,25.3235,25.3235,25.2855,25.2855,2000,0
BIPJ.US,5,20251208,183500,25.31,25.31,25.31,25.31,200,0
BIPJ.US,5,20251208,191500,25.31,25.31,25.31,25.31,100,0
BIPJ.US,5,20251208,202000,25.3471,25.3471,25.3471,25.3471,200,0
BIPJ.US,5,20251208,203000,25.345,25.345,25.345,25.345,100,0
BIPJ.US,5,20251208,204000,25.38,25.38,25.38,25.38,100,0
BIPJ.US,5,20251208,204500,25.345,25.345,25.345,25.345,200,0
BIPJ.US,5,20251208,211000,25.3766,25.3766,25.3766,25.3766,200,0
BIPJ.US,5,20251208,215000,25.32,25.32,25.32,25.32,200,0
BIPJ.US,5,20251209,153000,25.32,25.32,25.32,25.32,100,0
BIPJ.US,5,20251209,153500,25.39,25.39,25.32,25.32,300,0
BIPJ.US,5,20251209,154500,25.32,25.39,25.32,25.39,1600,0
BIPJ.US,5,20251209,155500,25.33,25.33,25.33,25.33,120,0
BIPJ.US,5,20251209,162000,25.33,25.33,25.33,25.33,200,0
BIPJ.US,5,20251209,162500,25.39,25.39,25.39,25.39,100,0
BIPJ.US,5,20251209,164000,25.33,25.33,25.33,25.33,1000,0
BIPJ.US,5,20251209,170500,25.35,25.39,25.35,25.36,1200,0
BIPJ.US,5,20251209,171500,25.38,25.38,25.38,25.38,100,0
BIPJ.US,5,20251209,174500,25.38,25.38,25.38,25.38,100,0
BIPJ.US,5,20251209,191500,25.35,25.35,25.35,25.35,1000,0
BIPJ.US,5,20251209,195000,25.38,25.38,25.38,25.38,100,0
BIPJ.US,5,20251209,201500,25.32,25.34,25.32,25.34,865,0
BIPJ.US,5,20251209,202500,25.37,25.37,25.37,25.37,100,0
BIPJ.US,5,20251209,204000,25.346,25.35,25.34,25.35,2690,0
BIPJ.US,5,20251209,205500,25.34,25.34,25.34,25.34,600,0
BIPJ.US,5,20251209,211000,25.39,25.39,25.39,25.39,100,0
BIPJ.US,5,20251209,211500,25.3485,25.35,25.31,25.35,2200,0
BIPJ.US,5,20251209,214000,25.346,25.38,25.34,25.38,1200,0
BIPJ.US,5,20251209,215000,25.31,25.39,25.31,25.39,600,0
BIPJ.US,5,20251209,215500,25.3,25.35,25.3,25.35,400,0
BIPJ.US,5,20251210,164000,25.38,25.38,25.34,25.34,975,0
BIPJ.US,5,20251210,171000,25.2421,25.2421,25.2421,25.2421,550,0
BIPJ.US,5,20251210,182000,25.245,25.245,25.245,25.245,140,0
BIPJ.US,5,20251210,201500,25.22,25.22,25.2,25.2,369,0
BIPJ.US,5,20251210,203500,25.32,25.32,25.32,25.32,100,0
BIPJ.US,5,20251210,213000,25.35,25.35,25.35,25.35,100,0
BIPJ.US,5,20251211,160500,25.15,25.15,25.15,25.15,1000,0
BIPJ.US,5,20251211,170000,25.16,25.295,25.16,25.295,200,0
BIPJ.US,5,20251211,170500,25.16,25.16,25.16,25.16,200,0
BIPJ.US,5,20251211,171000,25.15,25.15,25.15,25.15,200,0
BIPJ.US,5,20251211,171500,25.15,25.15,25.15,25.15,200,0
BIPJ.US,5,20251211,172000,25.15,25.35,25.15,25.35,200,0
BIPJ.US,5,20251211,172500,25.16,25.16,25.15,25.15,200,0
BIPJ.US,5,20251211,173000,25.15,25.32,25.15,25.32,200,0
BIPJ.US,5,20251211,173500,25.15,25.16,25.15,25.16,200,0
BIPJ.US,5,20251211,174000,25.17,25.17,25.17,25.17,100,0
BIPJ.US,5,20251211,174500,25.295,25.295,25.15,25.15,858,0
BIPJ.US,5,20251211,175000,25.15,25.3,25.15,25.3,300,0
BIPJ.US,5,20251211,180000,25.18,25.18,25.18,25.18,200,0
BIPJ.US,5,20251211,180500,25.17,25.27,25.17,25.27,200,0
BIPJ.US,5,20251211,181000,25.16,25.17,25.16,25.17,200,0
BIPJ.US,5,20251211,181500,25.28,25.3,25.28,25.3,400,0
BIPJ.US,5,20251211,182000,25.18,25.18,25.18,25.18,100,0
BIPJ.US,5,20251211,182500,25.18,25.18,25.18,25.18,100,0
BIPJ.US,5,20251211,183500,25.28,25.28,25.19,25.19,200,0
BIPJ.US,5,20251211,184000,25.286,25.3,25.19,25.21,1400,0
BIPJ.US,5,20251211,184500,25.22,25.22,25.22,25.22,100,0
BIPJ.US,5,20251211,185000,25.21,25.21,25.21,25.21,100,0
BIPJ.US,5,20251211,185500,25.19,25.19,25.19,25.19,200,0
BIPJ.US,5,20251211,190000,25.26,25.26,25.19,25.19,200,0
BIPJ.US,5,20251211,190500,25.2,25.2,25.2,25.2,100,0
BIPJ.US,5,20251211,191000,25.22,25.22,25.22,25.22,100,0
BIPJ.US,5,20251211,191500,25.2,25.2,25.2,25.2,100,0
BIPJ.US,5,20251211,192000,25.2,25.2,25.2,25.2,100,0
BIPJ.US,5,20251211,192500,25.19,25.19,25.19,25.19,100,0
BIPJ.US,5,20251211,193000,25.19,25.2,25.19,25.2,2100,0
BIPJ.US,5,20251211,193500,25.2,25.2,25.2,25.2,100,0
BIPJ.US,5,20251211,194000,25.2,25.2,25.2,25.2,100,0
BIPJ.US,5,20251211,194500,25.19,25.19,25.19,25.19,100,0
BIPJ.US,5,20251211,195000,25.19,25.265,25.19,25.265,300,0
BIPJ.US,5,20251211,200000,25.2,25.2,25.2,25.2,100,0
BIPJ.US,5,20251211,200500,25.22,25.22,25.18,25.18,200,0
BIPJ.US,5,20251211,201000,25.22,25.22,25.22,25.22,308,0
BIPJ.US,5,20251211,201500,25.16,25.22,25.16,25.22,200,0
BIPJ.US,5,20251211,202000,25.16,25.18,25.16,25.18,200,0
BIPJ.US,5,20251211,202500,25.16,25.16,25.16,25.16,200,0
BIPJ.US,5,20251211,203000,25.22,25.22,25.22,25.22,200,0
BIPJ.US,5,20251211,204000,25.16,25.16,25.16,25.16,200,0
BIPJ.US,5,20251211,204500,25.16,25.19,25.16,25.19,200,0
BIPJ.US,5,20251211,205000,25.16,25.16,25.16,25.16,1100,0
BIPJ.US,5,20251211,205500,25.16,25.16,25.16,25.16,200,0
BIPJ.US,5,20251211,210000,25.22,25.22,25.19,25.19,300,0
BIPJ.US,5,20251211,210500,25.16,25.16,25.16,25.16,200,0
BIPJ.US,5,20251211,211000,25.16,25.22,25.16,25.22,600,0
BIPJ.US,5,20251211,211500,25.16,25.16,25.16,25.16,200,0
BIPJ.US,5,20251211,212000,25.16,25.16,25.16,25.16,200,0
BIPJ.US,5,20251211,212500,25.16,25.2235,25.16,25.22,600,0
BIPJ.US,5,20251211,213000,25.16,25.16,25.16,25.16,200,0
BIPJ.US,5,20251211,213500,25.16,25.16,25.16,25.16,300,0
BIPJ.US,5,20251211,214000,25.17,25.17,25.16,25.16,200,0
BIPJ.US,5,20251211,214500,25.16,25.17,25.16,25.16,400,0
BIPJ.US,5,20251211,215000,25.28,25.28,25.17,25.17,400,0
BIPJ.US,5,20251211,215500,25.18,25.22,25.16,25.22,710,0
BIPJ.US,5,20251212,172000,25.21,25.31,25.21,25.31,3687,0
BIPJ.US,5,20251215,162000,25.23,25.23,25.23,25.23,200,0
BIPJ.US,5,20251215,162500,25.14,25.14,25.14,25.14,100,0
BIPJ.US,5,20251215,170000,25.15,25.15,25.15,25.15,700,0
BIPJ.US,5,20251215,180000,25.39,25.39,25.39,25.39,200,0
BIPJ.US,5,20251215,181000,25.35,25.35,25.32,25.32,200,0
BIPJ.US,5,20251215,184500,25.35,25.35,25.35,25.35,200,0
BIPJ.US,5,20251215,190000,25.39,25.4,25.39,25.4,200,0
BIPJ.US,5,20251215,192000,25.35,25.35,25.35,25.35,200,0
BIPJ.US,5,20251215,194000,25.35,25.35,25.35,25.35,100,0
BIPJ.US,5,20251215,195500,25.35,25.39,25.35,25.39,200,0
BIPJ.US,5,20251215,201500,25.4,25.4,25.35,25.35,200,0
BIPJ.US,5,20251215,202500,25.2856,25.2856,25.2856,25.2856,200,0
BIPJ.US,5,20251215,203000,25.4,25.4,25.35,25.35,200,0
BIPJ.US,5,20251215,204500,25.35,25.4,25.35,25.4,200,0
BIPJ.US,5,20251215,210000,25.35,25.4,25.35,25.4,200,0
BIPJ.US,5,20251215,210500,25.35,25.35,25.35,25.35,100,0
BIPJ.US,5,20251215,211500,25.35,25.38,25.35,25.38,400,0
BIPJ.US,5,20251215,213000,25.35,25.38,25.35,25.38,200,0
BIPJ.US,5,20251215,214000,25.35,25.35,25.35,25.35,100,0
BIPJ.US,5,20251215,214500,25.39,25.4,25.35,25.4,1099,0
BIPJ.US,5,20251215,215000,25.35,25.36,25.35,25.36,350,0
BIPJ.US,5,20251215,215500,25.36,25.37,25.36,25.36,534,0
BIPJ.US,5,20251216,160500,24.85,24.85,24.85,24.85,1200,0
BIPJ.US,5,20251216,170000,24.9236,24.9236,24.9236,24.9236,500,0
BIPJ.US,5,20251216,171500,25.1,25.1,25.1,25.1,171,0
BIPJ.US,5,20251216,172500,24.8748,24.88,24.8748,24.88,1300,0
BIPJ.US,5,20251216,181500,24.88,24.88,24.88,24.88,1000,0
BIPJ.US,5,20251216,185500,25.0999,25.0999,25.0999,25.0999,500,0
BIPJ.US,5,20251216,193000,25.1,25.1,24.9439,24.9439,1700,0
BIPJ.US,5,20251216,193500,25.01,25.1,24.88,25.06,1650,0
BIPJ.US,5,20251216,215500,25.01,25.06,24.95,24.95,691,0
BIPJ.US,5,20251217,153500,25.09,25.09,25.09,25.09,400,0
BIPJ.US,5,20251217,154000,25.05,25.05,25.05,25.05,101,0
BIPJ.US,5,20251217,182000,25.07,25.07,25.07,25.07,100,0
BIPJ.US,5,20251217,194000,25.09,25.09,24.96,24.96,386,0
BIPJ.US,5,20251217,204000,25.04,25.05,24.9,25.05,996,0
BIPJ.US,5,20251217,205000,25.04,25.09,24.94,24.94,2932,0
BIPJ.US,5,20251217,205500,24.93,24.93,24.93,24.93,270,0
BIPJ.US,5,20251217,210500,25.05,25.05,25,25,870,0
BIPJ.US,5,20251217,213000,25.04,25.04,25.04,25.04,100,0
BIPJ.US,5,20251218,164500,25.07,25.07,25,25.07,400,0
BIPJ.US,5,20251218,175000,25.09,25.09,25.09,25.09,100,0
BIPJ.US,5,20251218,200500,24.945,24.95,24.8029,24.8029,986,0
BIPJ.US,5,20251218,212500,24.9433,25.07,24.9433,25.07,200,0
BIPJ.US,5,20251218,215500,24.95,24.95,24.95,24.95,100,0
BIPJ.US,5,20251219,173000,25.09,25.09,25.0899,25.0899,400,0
BIPJ.US,5,20251219,191000,24.95,24.95,24.95,24.95,300,0
BIPJ.US,5,20251219,194500,24.93,24.93,24.93,24.93,300,0
BIPJ.US,5,20251219,200500,24.93,24.93,24.93,24.93,100,0
BIPJ.US,5,20251219,203500,24.94,24.94,24.94,24.94,200,0
BIPJ.US,5,20251219,204000,24.94,24.94,24.94,24.94,300,0
BIPJ.US,5,20251219,204500,24.93,24.93,24.93,24.93,921,0
BIPJ.US,5,20251219,205000,24.93,24.93,24.93,24.93,200,0
BIPJ.US,5,20251219,211500,24.99,24.99,24.99,24.99,200,0
BIPJ.US,5,20251222,153000,24.99,24.99,24.99,24.99,100,0
BIPJ.US,5,20251222,155000,24.9,24.9,24.9,24.9,200,0
BIPJ.US,5,20251222,163000,24.8625,24.88,24.85,24.8501,2900,0
BIPJ.US,5,20251222,170500,24.7225,24.7225,24.7225,24.7225,2016,0
BIPJ.US,5,20251222,172500,24.79,24.79,24.79,24.79,100,0
BIPJ.US,5,20251222,181000,24.686,24.875,24.686,24.743,3300,0
BIPJ.US,5,20251222,182000,24.75,24.75,24.75,24.75,1084,0
BIPJ.US,5,20251222,182500,24.77,24.77,24.77,24.77,700,0
BIPJ.US,5,20251222,183000,24.71,24.79,24.65,24.79,4800,0
BIPJ.US,5,20251222,185500,24.8391,24.8391,24.8391,24.8391,1000,0
BIPJ.US,5,20251222,193000,24.84,24.85,24.79,24.8,600,0
BIPJ.US,5,20251222,194000,24.67,24.67,24.67,24.67,200,0
BIPJ.US,5,20251222,200500,24.78,25.05,24.78,25.05,1135,0
BIPJ.US,5,20251222,210500,24.875,24.875,24.875,24.875,600,0
BIPJ.US,5,20251222,212500,24.74,24.7601,24.73,24.73,700,0
BIPJ.US,5,20251222,215000,24.76,24.8875,24.73,24.83,1890,0
BIPJ.US,5,20251222,215500,24.73,24.83,24.73,24.83,677,0
