<TICKER>,<PER>,<DATE>,<TIME>,<OPEN>,<HIGH>,<LOW>,<CLOSE>,<VOL>,<OPENINT>
CIM_A.US,5,20250728,153000,22.32,22.32,22.32,22.32,492,0
CIM_A.US,5,20250728,154000,22.33,22.33,22.33,22.33,200,0
CIM_A.US,5,20250728,160500,22.285,22.285,22.285,22.285,100,0
CIM_A.US,5,20250728,162000,22.28,22.3,22.25,22.3,400,0
CIM_A.US,5,20250728,164500,22.32,22.32,22.31,22.31,300,0
CIM_A.US,5,20250728,175000,22.4,22.4,22.4,22.4,100,0
CIM_A.US,5,20250728,184000,22.3999,22.3999,22.3999,22.3999,100,0
CIM_A.US,5,20250728,191000,22.315,22.315,22.315,22.315,550,0
CIM_A.US,5,20250728,194500,22.35,22.35,22.35,22.35,100,0
CIM_A.US,5,20250728,210500,22.35,22.35,22.35,22.35,200,0
CIM_A.US,5,20250729,155000,22.3985,22.3985,22.3985,22.3985,125,0
CIM_A.US,5,20250729,173500,22.3428,22.3428,22.3428,22.3428,500,0
CIM_A.US,5,20250729,175000,22.3001,22.345,22.3001,22.345,1060,0
CIM_A.US,5,20250729,181000,22.3399,22.3399,22.3399,22.3399,200,0
CIM_A.US,5,20250729,191000,22.34,22.34,22.34,22.34,768,0
CIM_A.US,5,20250729,191500,22.32,22.3351,22.32,22.3351,1300,0
CIM_A.US,5,20250729,192000,22.32,22.32,22.32,22.32,100,0
CIM_A.US,5,20250729,192500,22.32,22.32,22.32,22.32,100,0
CIM_A.US,5,20250729,195000,22.32,22.32,22.32,22.32,200,0
CIM_A.US,5,20250729,202500,22.3193,22.3193,22.3193,22.3193,100,0
CIM_A.US,5,20250729,203000,22.3147,22.3147,22.3147,22.3147,100,0
CIM_A.US,5,20250729,205000,22.3256,22.3256,22.3256,22.3256,1200,0
CIM_A.US,5,20250729,205500,22.3397,22.3397,22.3397,22.3397,150,0
CIM_A.US,5,20250729,210500,22.324,22.324,22.324,22.324,250,0
CIM_A.US,5,20250729,211500,22.3103,22.3103,22.3103,22.3103,1350,0
CIM_A.US,5,20250730,154500,22.24,22.24,21.8,21.99,1219,0
CIM_A.US,5,20250730,155000,22.11,22.13,21.91,21.91,1868,0
CIM_A.US,5,20250730,155500,22.05,22.05,21.91,21.91,600,0
CIM_A.US,5,20250730,160000,22.05,22.185,22.05,22.1784,696,0
CIM_A.US,5,20250730,172000,22.17,22.17,22.17,22.17,100,0
CIM_A.US,5,20250730,183500,22.2195,22.2195,22.2195,22.2195,200,0
CIM_A.US,5,20250730,185000,22.23,22.27,22.225,22.23,900,0
CIM_A.US,5,20250730,193000,22.22,22.22,22.22,22.22,100,0
CIM_A.US,5,20250730,202000,22.29,22.29,22.27,22.27,205,0
CIM_A.US,5,20250730,204000,22.27,22.27,22.27,22.27,252,0
CIM_A.US,5,20250730,205500,22.3009,22.32,22.27,22.27,3593,0
CIM_A.US,5,20250730,210000,22.25,22.27,22.25,22.27,450,0
CIM_A.US,5,20250730,210500,22.3,22.3,22.3,22.3,1300,0
CIM_A.US,5,20250730,211000,22.22,22.3,22.22,22.3,700,0
CIM_A.US,5,20250730,211500,22.2301,22.2301,22.2301,22.2301,125,0
CIM_A.US,5,20250730,212000,22.2301,22.2301,22.2301,22.2301,1309,0
CIM_A.US,5,20250730,214000,22.3,22.3,22.3,22.3,300,0
CIM_A.US,5,20250730,214500,22.3,22.31,22.22,22.3,1708,0
CIM_A.US,5,20250730,215000,22.34,22.34,22.34,22.34,301,0
CIM_A.US,5,20250730,215500,22.34,22.34,22.34,22.34,212,0
CIM_A.US,5,20250731,153500,22.1,22.1,22.1,22.1,246,0
CIM_A.US,5,20250731,154000,22,22.02,21.95,21.98,1200,0
CIM_A.US,5,20250731,154500,22.16,22.16,22.02,22.04,800,0
CIM_A.US,5,20250731,164500,22.16,22.16,22.16,22.16,100,0
CIM_A.US,5,20250731,165000,22.2248,22.2248,22.2248,22.2248,100,0
CIM_A.US,5,20250731,165500,22.22,22.22,22.22,22.22,1636,0
CIM_A.US,5,20250731,174000,22.1149,22.1149,22.1149,22.1149,1091,0
CIM_A.US,5,20250731,174500,22.2836,22.2836,22.2836,22.2836,200,0
CIM_A.US,5,20250731,183500,22.2,22.2,22.11,22.12,501,0
CIM_A.US,5,20250731,184000,22.2,22.2,22.1004,22.2,1773,0
CIM_A.US,5,20250731,184500,22.1001,22.1001,22.1001,22.1001,100,0
CIM_A.US,5,20250731,193500,22.15,22.15,22.15,22.15,200,0
CIM_A.US,5,20250731,194000,22.15,22.15,22.15,22.15,200,0
CIM_A.US,5,20250731,194500,22.15,22.15,22.07,22.07,1300,0
CIM_A.US,5,20250731,195000,22.23,22.23,22.23,22.23,100,0
CIM_A.US,5,20250731,195500,22.15,22.15,22.15,22.15,200,0
CIM_A.US,5,20250731,200000,22.15,22.17,22.09,22.16,1978,0
CIM_A.US,5,20250731,200500,22.16,22.16,22.16,22.16,200,0
CIM_A.US,5,20250731,201000,22.09,22.2,22.07,22.07,1300,0
CIM_A.US,5,20250731,201500,22.08,22.13,22.08,22.13,1011,0
CIM_A.US,5,20250731,210000,22.2,22.25,22.2,22.25,330,0
CIM_A.US,5,20250731,213500,22.2,22.2,21.9801,21.9801,982,0
CIM_A.US,5,20250731,215000,22.0928,22.0928,22.0001,22.0001,3116,0
CIM_A.US,5,20250801,153500,22.23,22.23,21.95,21.95,1000,0
CIM_A.US,5,20250801,154000,21.96,22.18,21.94,22.07,1800,0
CIM_A.US,5,20250801,154500,21.98,22.1768,21.96,22.1768,1900,0
CIM_A.US,5,20250801,155000,22.12,22.13,22.12,22.12,500,0
CIM_A.US,5,20250801,155500,22,22,21.8,21.8,874,0
CIM_A.US,5,20250801,160000,22,22,22,22,200,0
CIM_A.US,5,20250801,174500,22.25,22.25,22.25,22.25,150,0
CIM_A.US,5,20250801,184000,22.25,22.25,22.25,22.25,300,0
CIM_A.US,5,20250801,185000,22.24,22.24,22.11,22.15,700,0
CIM_A.US,5,20250801,193500,22.15,22.15,22.15,22.15,500,0
CIM_A.US,5,20250801,194000,22.24,22.25,22.24,22.25,200,0
CIM_A.US,5,20250801,211000,22.19,22.19,22.19,22.19,221,0
CIM_A.US,5,20250801,215500,22.18,22.18,22.18,22.18,226,0
CIM_A.US,5,20250804,153500,22.21,22.21,21.9,21.96,2252,0
CIM_A.US,5,20250804,154000,22,22,21.95,21.95,500,0
CIM_A.US,5,20250804,154500,22.13,22.16,21.96,22.06,1300,0
CIM_A.US,5,20250804,155000,21.98,21.98,21.98,21.98,200,0
CIM_A.US,5,20250804,155500,22.04,22.04,22,22,665,0
CIM_A.US,5,20250804,161000,22.16,22.16,22.16,22.16,222,0
CIM_A.US,5,20250804,170000,22.07,22.14,22.07,22.12,1100,0
CIM_A.US,5,20250804,171000,22.13,22.13,22.1236,22.1236,400,0
CIM_A.US,5,20250804,172500,22.13,22.13,22.13,22.13,100,0
CIM_A.US,5,20250804,175500,22.15,22.15,22.15,22.15,100,0
CIM_A.US,5,20250804,185000,22.0033,22.0033,22.0033,22.0033,1786,0
CIM_A.US,5,20250804,193000,22.12,22.12,22.06,22.06,600,0
CIM_A.US,5,20250804,195000,22.12,22.12,22.12,22.12,100,0
CIM_A.US,5,20250804,201000,22.15,22.15,22.15,22.15,100,0
CIM_A.US,5,20250804,204000,22.25,22.26,22.24,22.26,862,0
CIM_A.US,5,20250804,205000,22.3,22.3,22.29,22.29,255,0
CIM_A.US,5,20250804,205500,22.295,22.295,22.26,22.29,800,0
CIM_A.US,5,20250804,210000,22.34,22.34,22.32,22.32,337,0
CIM_A.US,5,20250804,211000,22.305,22.305,22.305,22.305,100,0
CIM_A.US,5,20250804,212000,22.33,22.33,22.33,22.33,1000,0
CIM_A.US,5,20250804,213000,22.33,22.33,22.33,22.33,200,0
CIM_A.US,5,20250804,213500,22.3,22.3,22.3,22.3,200,0
CIM_A.US,5,20250804,215500,22.34,22.34,22.34,22.34,302,0
CIM_A.US,5,20250805,153000,22.27,22.27,22.22,22.22,200,0
CIM_A.US,5,20250805,154000,22.22,22.3003,22.22,22.3003,448,0
CIM_A.US,5,20250805,160500,22.3228,22.34,22.32,22.3387,3800,0
CIM_A.US,5,20250805,161000,22.34,22.34,22.28,22.28,700,0
CIM_A.US,5,20250805,161500,22.3,22.3,22.3,22.3,200,0
CIM_A.US,5,20250805,162000,22.26,22.26,22.26,22.26,100,0
CIM_A.US,5,20250805,162500,22.25,22.25,22.22,22.22,1200,0
CIM_A.US,5,20250805,163000,22.3,22.3,22.3,22.3,510,0
CIM_A.US,5,20250805,163500,22.28,22.28,22.28,22.28,100,0
CIM_A.US,5,20250805,164000,22.3008,22.3008,22.3008,22.3008,300,0
CIM_A.US,5,20250805,170000,22.2586,22.2586,22.2586,22.2586,120,0
CIM_A.US,5,20250805,173500,22.2299,22.2299,22.2299,22.2299,100,0
CIM_A.US,5,20250805,174000,22.23,22.25,22.2288,22.2288,800,0
CIM_A.US,5,20250805,175500,22.2117,22.22,22.18,22.2117,600,0
CIM_A.US,5,20250805,180500,22.1932,22.22,22.1932,22.22,200,0
CIM_A.US,5,20250805,183000,22.18,22.18,22.18,22.18,100,0
CIM_A.US,5,20250805,184000,22.22,22.22,22.22,22.22,350,0
CIM_A.US,5,20250805,184500,22.1617,22.1617,22.1617,22.1617,242,0
CIM_A.US,5,20250805,190500,22.1401,22.17,22.1401,22.17,1100,0
CIM_A.US,5,20250805,192500,22.1999,22.1999,22.1999,22.1999,500,0
CIM_A.US,5,20250805,202500,22.1999,22.1999,22.1999,22.1999,250,0
CIM_A.US,5,20250805,204000,22.2,22.2,22.18,22.18,735,0
CIM_A.US,5,20250805,205000,22.1892,22.1892,22.1892,22.1892,100,0
CIM_A.US,5,20250805,214500,22.2,22.2,22.2,22.2,100,0
CIM_A.US,5,20250806,154000,22.2,22.2,22.2,22.2,100,0
CIM_A.US,5,20250806,163500,22.25,22.25,22.25,22.25,100,0
CIM_A.US,5,20250806,164500,22.21,22.22,22.07,22.19,2300,0
CIM_A.US,5,20250806,165000,22.15,22.18,22.15,22.18,200,0
CIM_A.US,5,20250806,172000,22.2162,22.2162,22.2162,22.2162,100,0
CIM_A.US,5,20250806,173000,22.25,22.25,22.21,22.21,200,0
CIM_A.US,5,20250806,174000,22.22,22.22,22.22,22.22,100,0
CIM_A.US,5,20250806,191000,22.3,22.3,22.3,22.3,289,0
CIM_A.US,5,20250806,193000,22.2,22.2,22.2,22.2,300,0
CIM_A.US,5,20250806,202500,22.31,22.31,22.31,22.31,269,0
CIM_A.US,5,20250806,205500,22.2875,22.34,22.2767,22.2918,900,0
CIM_A.US,5,20250806,210000,22.2767,22.3071,22.27,22.2767,1000,0
CIM_A.US,5,20250806,214500,22.29,22.29,22.29,22.29,100,0
CIM_A.US,5,20250806,215000,22.26,22.288,22.26,22.288,300,0
CIM_A.US,5,20250806,215500,22.3104,22.3104,22.3104,22.3104,1000,0
CIM_A.US,5,20250807,160500,22.3,22.3,22.3,22.3,100,0
CIM_A.US,5,20250807,162000,22.2994,22.2994,22.2827,22.2827,570,0
CIM_A.US,5,20250807,162500,22.3,22.3,22.3,22.3,1200,0
CIM_A.US,5,20250807,163000,22.27,22.28,22.27,22.27,1100,0
CIM_A.US,5,20250807,164500,22.27,22.29,22.25,22.29,4914,0
CIM_A.US,5,20250807,165000,22.245,22.28,22.245,22.28,500,0
CIM_A.US,5,20250807,165500,22.245,22.279,22.21,22.21,2300,0
CIM_A.US,5,20250807,170000,22.0556,22.2,21.9648,22.135,1500,0
CIM_A.US,5,20250807,170500,22.1411,22.1411,22.1329,22.135,600,0
CIM_A.US,5,20250807,171000,22.17,22.22,22.17,22.2,500,0
CIM_A.US,5,20250807,173000,22.245,22.245,22.245,22.245,275,0
CIM_A.US,5,20250807,173500,22.29,22.29,22.2119,22.2119,382,0
CIM_A.US,5,20250807,175000,22.25,22.25,22.25,22.25,195,0
CIM_A.US,5,20250807,180000,22.28,22.3,22.28,22.2882,2300,0
CIM_A.US,5,20250807,182500,22.28,22.2818,22.2506,22.2506,900,0
CIM_A.US,5,20250807,183000,22.2506,22.31,22.2506,22.28,800,0
CIM_A.US,5,20250807,185000,22.26,22.26,22.26,22.26,100,0
CIM_A.US,5,20250807,185500,22.26,22.27,22.25,22.25,803,0
CIM_A.US,5,20250807,192500,22.2,22.2,22.2,22.2,1700,0
CIM_A.US,5,20250807,194000,22.24,22.24,22.24,22.24,100,0
CIM_A.US,5,20250807,195500,22.2,22.2,22.2,22.2,100,0
CIM_A.US,5,20250807,200000,22.24,22.24,22.24,22.24,200,0
CIM_A.US,5,20250807,202000,22.19,22.19,22.19,22.19,100,0
CIM_A.US,5,20250807,203000,22.234,22.234,22.234,22.234,1000,0
CIM_A.US,5,20250807,213000,22.2209,22.2209,22.2209,22.2209,200,0
CIM_A.US,5,20250807,213500,22.26,22.26,22.26,22.26,180,0
CIM_A.US,5,20250807,214500,22.2893,22.2893,22.2893,22.2893,300,0
CIM_A.US,5,20250807,215000,22.29,22.31,22.29,22.31,950,0
CIM_A.US,5,20250808,162500,22.2991,22.3,22.2716,22.2716,1400,0
CIM_A.US,5,20250808,163500,22.2539,22.273,22.2539,22.273,700,0
CIM_A.US,5,20250808,164000,22.273,22.273,22.273,22.273,100,0
CIM_A.US,5,20250808,170000,22.3,22.32,22.3,22.32,771,0
CIM_A.US,5,20250808,172000,22.3124,22.3124,22.3124,22.3124,270,0
CIM_A.US,5,20250808,174500,22.2801,22.303,22.28,22.29,1600,0
CIM_A.US,5,20250808,182000,22.3316,22.3316,22.3316,22.3316,305,0
CIM_A.US,5,20250808,183000,22.3088,22.3088,22.3088,22.3088,400,0
CIM_A.US,5,20250808,184000,22.3011,22.3011,22.3011,22.3011,246,0
CIM_A.US,5,20250808,184500,22.31,22.31,22.31,22.31,3000,0
CIM_A.US,5,20250808,195500,22.33,22.34,22.33,22.34,555,0
CIM_A.US,5,20250808,200500,22.32,22.32,22.32,22.32,400,0
CIM_A.US,5,20250808,201000,22.3256,22.3256,22.3256,22.3256,428,0
CIM_A.US,5,20250808,202500,22.3125,22.3125,22.3125,22.3125,105,0
CIM_A.US,5,20250808,204500,22.34,22.34,22.34,22.34,406,0
CIM_A.US,5,20250808,215000,22.3216,22.3216,22.3216,22.3216,500,0
CIM_A.US,5,20250808,215500,22.33,22.34,22.33,22.34,212,0
CIM_A.US,5,20250811,153000,22.25,22.25,22.25,22.25,400,0
CIM_A.US,5,20250811,153500,22.22,22.22,22.19,22.19,600,0
CIM_A.US,5,20250811,164500,22.2,22.21,22.2,22.21,300,0
CIM_A.US,5,20250811,165000,22.25,22.29,22.25,22.29,404,0
CIM_A.US,5,20250811,170500,22.33,22.33,22.33,22.33,300,0
CIM_A.US,5,20250811,171500,22.2706,22.2706,22.2706,22.2706,500,0
CIM_A.US,5,20250811,181500,22.3299,22.33,22.3299,22.33,1432,0
CIM_A.US,5,20250811,182000,22.32,22.32,22.32,22.32,100,0
CIM_A.US,5,20250811,183000,22.33,22.34,22.305,22.305,900,0
CIM_A.US,5,20250811,191500,22.34,22.34,22.34,22.34,268,0
CIM_A.US,5,20250811,192500,22.3332,22.3332,22.3332,22.3332,2051,0
CIM_A.US,5,20250811,193500,22.2902,22.2902,22.2902,22.2902,309,0
CIM_A.US,5,20250811,194500,22.34,22.34,22.34,22.34,100,0
CIM_A.US,5,20250811,200000,22.3399,22.3399,22.3399,22.3399,400,0
CIM_A.US,5,20250811,205500,22.301,22.32,22.301,22.32,700,0
CIM_A.US,5,20250811,210000,22.3092,22.3092,22.3092,22.3092,100,0
CIM_A.US,5,20250811,211000,22.3039,22.3039,22.3039,22.3039,150,0
CIM_A.US,5,20250812,154500,22.34,22.34,22.34,22.34,100,0
CIM_A.US,5,20250812,162000,22.33,22.33,22.33,22.33,400,0
CIM_A.US,5,20250812,171500,22.34,22.34,22.34,22.34,100,0
CIM_A.US,5,20250812,181500,22.34,22.34,22.34,22.34,397,0
CIM_A.US,5,20250812,182000,22.34,22.34,22.34,22.34,382,0
CIM_A.US,5,20250812,184000,22.33,22.33,22.33,22.33,1322,0
CIM_A.US,5,20250812,185000,22.329,22.34,22.329,22.34,500,0
CIM_A.US,5,20250812,185500,22.34,22.34,22.34,22.34,300,0
CIM_A.US,5,20250812,192500,22.34,22.405,22.34,22.37,5442,0
CIM_A.US,5,20250812,193000,22.45,22.45,22.45,22.45,180,0
CIM_A.US,5,20250812,203500,22.3764,22.4,22.36,22.36,1280,0
CIM_A.US,5,20250812,204000,22.4015,22.4015,22.36,22.36,200,0
CIM_A.US,5,20250812,210000,22.395,22.3951,22.3872,22.3872,700,0
CIM_A.US,5,20250812,214500,22.38,22.437,22.38,22.43,2114,0
CIM_A.US,5,20250813,164500,22.3879,22.39,22.3879,22.39,362,0
CIM_A.US,5,20250813,165000,22.39,22.39,22.39,22.39,500,0
CIM_A.US,5,20250813,165500,22.42,22.42,22.42,22.42,200,0
CIM_A.US,5,20250813,172000,22.41,22.41,22.41,22.41,249,0
CIM_A.US,5,20250813,174000,22.42,22.42,22.42,22.42,200,0
CIM_A.US,5,20250813,181500,22.39,22.39,22.39,22.39,930,0
CIM_A.US,5,20250813,183000,22.4077,22.4077,22.3988,22.4077,400,0
CIM_A.US,5,20250813,183500,22.39,22.4077,22.39,22.39,600,0
CIM_A.US,5,20250813,184500,22.39,22.39,22.39,22.39,102,0
CIM_A.US,5,20250813,185500,22.39,22.39,22.39,22.39,100,0
CIM_A.US,5,20250813,191000,22.39,22.4,22.39,22.4,700,0
CIM_A.US,5,20250813,193000,22.4,22.4049,22.4,22.4049,290,0
CIM_A.US,5,20250813,193500,22.395,22.395,22.39,22.39,335,0
CIM_A.US,5,20250813,194000,22.4,22.4,22.4,22.4,356,0
CIM_A.US,5,20250813,195000,22.4,22.4,22.4,22.4,306,0
CIM_A.US,5,20250813,204500,22.4,22.4,22.4,22.4,300,0
CIM_A.US,5,20250813,211500,22.4,22.4,22.4,22.4,196,0
CIM_A.US,5,20250813,212500,22.38,22.38,22.38,22.38,621,0
CIM_A.US,5,20250813,213500,22.4,22.4,22.38,22.38,320,0
CIM_A.US,5,20250814,154000,22.36,22.36,22.36,22.36,200,0
CIM_A.US,5,20250814,173000,22.38,22.38,22.3764,22.3764,500,0
CIM_A.US,5,20250814,193500,22.4,22.4082,22.4,22.4082,490,0
CIM_A.US,5,20250814,202000,22.4132,22.4325,22.4132,22.4325,1170,0
CIM_A.US,5,20250814,202500,22.4,22.4,22.4,22.4,400,0
CIM_A.US,5,20250815,153500,22.4314,22.4314,22.4314,22.4314,171,0
CIM_A.US,5,20250815,163000,22.4,22.42,22.4,22.4,500,0
CIM_A.US,5,20250815,173500,22.385,22.385,22.385,22.385,205,0
CIM_A.US,5,20250815,174000,22.4299,22.4299,22.385,22.385,450,0
CIM_A.US,5,20250815,175000,22.3577,22.3577,22.3577,22.3577,500,0
CIM_A.US,5,20250815,182500,22.3401,22.3401,22.3401,22.3401,100,0
CIM_A.US,5,20250815,183000,22.3525,22.3525,22.3525,22.3525,300,0
CIM_A.US,5,20250815,183500,22.353,22.353,22.353,22.353,500,0
CIM_A.US,5,20250815,190500,22.36,22.36,22.36,22.36,100,0
CIM_A.US,5,20250815,195500,22.36,22.36,22.36,22.36,293,0
CIM_A.US,5,20250815,200000,22.38,22.38,22.38,22.38,200,0
CIM_A.US,5,20250815,210000,22.4,22.4,22.4,22.4,200,0
CIM_A.US,5,20250815,215500,22.43,22.43,22.43,22.43,100,0
CIM_A.US,5,20250818,154000,22.415,22.415,22.415,22.415,240,0
CIM_A.US,5,20250818,155500,22.4,22.4,22.4,22.4,130,0
CIM_A.US,5,20250818,161000,22.3922,22.415,22.3922,22.415,200,0
CIM_A.US,5,20250818,163000,22.41,22.43,22.39,22.4,999,0
CIM_A.US,5,20250818,165000,22.4591,22.4591,22.4591,22.4591,100,0
CIM_A.US,5,20250818,173000,22.38,22.4691,22.38,22.4691,300,0
CIM_A.US,5,20250818,181000,22.403,22.4299,22.38,22.38,300,0
CIM_A.US,5,20250818,183500,22.39,22.39,22.3809,22.3809,935,0
CIM_A.US,5,20250818,191500,22.415,22.415,22.41,22.41,340,0
CIM_A.US,5,20250818,215500,22.41,22.41,22.41,22.41,400,0
CIM_A.US,5,20250819,154500,22.41,22.41,22.41,22.41,200,0
CIM_A.US,5,20250819,155500,22.421,22.421,22.421,22.421,400,0
CIM_A.US,5,20250819,160000,22.4329,22.435,22.4329,22.435,950,0
CIM_A.US,5,20250819,164000,22.435,22.4378,22.4313,22.4378,700,0
CIM_A.US,5,20250819,165000,22.41,22.41,22.41,22.41,200,0
CIM_A.US,5,20250819,165500,22.43,22.43,22.41,22.43,900,0
CIM_A.US,5,20250819,171500,22.4102,22.4102,22.4102,22.4102,633,0
CIM_A.US,5,20250819,172000,22.42,22.42,22.42,22.42,424,0
CIM_A.US,5,20250819,173000,22.41,22.41,22.41,22.41,873,0
CIM_A.US,5,20250819,195000,22.41,22.41,22.41,22.41,120,0
CIM_A.US,5,20250819,203000,22.43,22.43,22.43,22.43,378,0
CIM_A.US,5,20250819,204500,22.4299,22.4299,22.4299,22.4299,400,0
CIM_A.US,5,20250819,211500,22.41,22.46,22.41,22.42,1676,0
CIM_A.US,5,20250819,214500,22.4167,22.4167,22.4167,22.4167,100,0
CIM_A.US,5,20250820,153000,22.43,22.43,22.43,22.43,100,0
CIM_A.US,5,20250820,153500,22.42,22.4492,22.36,22.36,1300,0
CIM_A.US,5,20250820,170000,22.45,22.45,22.45,22.45,175,0
CIM_A.US,5,20250820,170500,22.45,22.45,22.45,22.45,300,0
CIM_A.US,5,20250820,174000,22.445,22.445,22.445,22.445,200,0
CIM_A.US,5,20250820,184500,22.45,22.45,22.42,22.45,1200,0
CIM_A.US,5,20250820,185000,22.4414,22.4414,22.4414,22.4414,275,0
CIM_A.US,5,20250820,192500,22.42,22.42,22.39,22.39,617,0
CIM_A.US,5,20250820,205500,22.35,22.35,22.35,22.35,937,0
CIM_A.US,5,20250820,210500,22.39,22.39,22.39,22.39,100,0
CIM_A.US,5,20250820,212500,22.4,22.46,22.4,22.46,500,0
CIM_A.US,5,20250820,213500,22.46,22.46,22.43,22.44,11317,0
CIM_A.US,5,20250820,214000,22.45,22.4599,22.45,22.4599,583,0
CIM_A.US,5,20250820,215500,22.46,22.46,22.46,22.46,473,0
CIM_A.US,5,20250821,170500,22.3601,22.43,22.3601,22.43,500,0
CIM_A.US,5,20250821,175000,22.43,22.43,22.43,22.43,200,0
CIM_A.US,5,20250821,175500,22.4141,22.4141,22.4141,22.4141,166,0
CIM_A.US,5,20250821,180500,22.415,22.415,22.415,22.415,500,0
CIM_A.US,5,20250821,183500,22.4195,22.4195,22.4195,22.4195,550,0
CIM_A.US,5,20250821,195000,22.42,22.42,22.42,22.42,200,0
CIM_A.US,5,20250821,200500,22.42,22.42,22.42,22.42,100,0
CIM_A.US,5,20250821,205500,22.4,22.4,22.4,22.4,175,0
CIM_A.US,5,20250821,215000,22.405,22.405,22.405,22.405,100,0
CIM_A.US,5,20250822,154000,22.41,22.42,22.4,22.42,2000,0
CIM_A.US,5,20250822,160000,22.45,22.45,22.45,22.45,909,0
CIM_A.US,5,20250822,161000,22.495,22.495,22.44,22.44,500,0
CIM_A.US,5,20250822,162000,22.48,22.5,22.48,22.5,806,0
CIM_A.US,5,20250822,162500,22.58,22.58,22.58,22.58,400,0
CIM_A.US,5,20250822,163000,22.56,22.56,22.55,22.55,600,0
CIM_A.US,5,20250822,163500,22.58,22.58,22.58,22.58,200,0
CIM_A.US,5,20250822,164000,22.54,22.58,22.54,22.58,554,0
CIM_A.US,5,20250822,174000,22.5168,22.5285,22.5168,22.5285,500,0
CIM_A.US,5,20250822,183000,22.52,22.52,22.52,22.52,100,0
CIM_A.US,5,20250822,193500,22.5006,22.5006,22.5006,22.5006,517,0
CIM_A.US,5,20250822,194500,22.5001,22.5001,22.5001,22.5001,1500,0
CIM_A.US,5,20250822,205500,22.5143,22.52,22.5143,22.52,500,0
CIM_A.US,5,20250822,210000,22.51,22.51,22.51,22.51,100,0
CIM_A.US,5,20250822,215000,22.509,22.515,22.5063,22.51,1794,0
CIM_A.US,5,20250822,215500,22.5127,22.5609,22.5127,22.55,1505,0
CIM_A.US,5,20250825,153500,22.55,22.58,22.55,22.5798,940,0
CIM_A.US,5,20250825,154000,22.58,22.58,22.58,22.58,358,0
CIM_A.US,5,20250825,154500,22.65,22.66,22.65,22.66,527,0
CIM_A.US,5,20250825,160000,22.7,22.7,22.7,22.7,100,0
CIM_A.US,5,20250825,160500,22.65,22.65,22.5869,22.65,400,0
CIM_A.US,5,20250825,161000,22.6469,22.6501,22.55,22.55,1445,0
CIM_A.US,5,20250825,162500,22.6142,22.6142,22.6142,22.6142,134,0
CIM_A.US,5,20250825,163000,22.6366,22.675,22.6366,22.675,500,0
CIM_A.US,5,20250825,163500,22.64,22.64,22.64,22.64,200,0
CIM_A.US,5,20250825,164000,22.6785,22.6785,22.6785,22.6785,200,0
CIM_A.US,5,20250825,174500,22.61,22.61,22.61,22.61,300,0
CIM_A.US,5,20250825,181500,22.7,22.7,22.655,22.655,800,0
CIM_A.US,5,20250825,193500,22.7499,22.7499,22.68,22.68,622,0
CIM_A.US,5,20250825,201500,22.7045,22.7045,22.7045,22.7045,100,0
CIM_A.US,5,20250825,202500,22.75,22.75,22.75,22.75,100,0
CIM_A.US,5,20250825,210500,22.73,22.73,22.73,22.73,300,0
CIM_A.US,5,20250825,212000,22.72,22.75,22.72,22.75,500,0
CIM_A.US,5,20250825,213500,22.75,22.75,22.75,22.75,200,0
CIM_A.US,5,20250825,214000,22.83,22.83,22.75,22.75,400,0
CIM_A.US,5,20250825,214500,22.75,22.75,22.75,22.75,100,0
CIM_A.US,5,20250826,154500,22.75,22.835,22.75,22.835,400,0
CIM_A.US,5,20250826,161500,22.715,22.715,22.715,22.715,125,0
CIM_A.US,5,20250826,162500,22.7002,22.7002,22.7002,22.7002,150,0
CIM_A.US,5,20250826,185500,22.705,22.705,22.705,22.705,190,0
CIM_A.US,5,20250826,194000,22.725,22.725,22.7,22.725,1800,0
CIM_A.US,5,20250826,195000,22.7,22.7,22.7,22.7,100,0
CIM_A.US,5,20250826,204000,22.711,22.711,22.711,22.711,500,0
CIM_A.US,5,20250826,212500,22.7418,22.7418,22.7418,22.7418,400,0
CIM_A.US,5,20250826,213500,22.72,22.72,22.72,22.72,116,0
CIM_A.US,5,20250826,215000,22.72,22.72,22.72,22.72,100,0
CIM_A.US,5,20250827,153500,22.72,22.72,22.72,22.72,672,0
CIM_A.US,5,20250827,155000,22.717,22.717,22.717,22.717,403,0
CIM_A.US,5,20250827,164000,22.75,22.75,22.75,22.75,150,0
CIM_A.US,5,20250827,164500,22.71,22.7101,22.68,22.68,4250,0
CIM_A.US,5,20250827,182500,22.68,22.68,22.68,22.68,200,0
CIM_A.US,5,20250827,214000,22.6886,22.6886,22.6886,22.6886,512,0
CIM_A.US,5,20250827,214500,22.75,22.75,22.75,22.75,493,0
CIM_A.US,5,20250828,154500,22.715,22.715,22.715,22.715,2000,0
CIM_A.US,5,20250828,155000,22.7206,22.7206,22.5,22.65,2800,0
CIM_A.US,5,20250828,160000,22.5,22.5,22.5,22.5,100,0
CIM_A.US,5,20250828,160500,22.6977,22.6977,22.6977,22.6977,1000,0
CIM_A.US,5,20250828,161500,22.75,22.75,22.7,22.75,2668,0
CIM_A.US,5,20250828,163000,22.68,22.68,22.68,22.68,500,0
CIM_A.US,5,20250828,165500,22.69,22.7,22.69,22.69,1366,0
CIM_A.US,5,20250828,174000,22.7429,22.7429,22.725,22.725,1200,0
CIM_A.US,5,20250828,185500,22.7356,22.7356,22.7356,22.7356,150,0
CIM_A.US,5,20250828,190000,22.7401,22.75,22.7401,22.75,300,0
CIM_A.US,5,20250828,190500,22.75,22.75,22.7281,22.7281,3378,0
CIM_A.US,5,20250828,192000,22.9,22.9,22.9,22.9,200,0
CIM_A.US,5,20250828,192500,22.89,22.89,22.83,22.88,400,0
CIM_A.US,5,20250828,194500,22.85,22.85,22.8499,22.85,486,0
CIM_A.US,5,20250828,200000,22.85,22.88,22.85,22.88,500,0
CIM_A.US,5,20250828,203000,22.7615,22.7615,22.7615,22.7615,600,0
CIM_A.US,5,20250828,203500,22.75,22.7501,22.75,22.7501,4000,0
CIM_A.US,5,20250828,210000,22.81,22.8101,22.81,22.8101,600,0
CIM_A.US,5,20250828,214500,22.8,22.8,22.8,22.8,100,0
CIM_A.US,5,20250829,153500,22.9,22.9,22.82,22.82,300,0
CIM_A.US,5,20250829,154500,22.84,22.84,22.84,22.84,234,0
CIM_A.US,5,20250829,155000,22.79,22.83,22.79,22.83,400,0
CIM_A.US,5,20250829,163000,22.79,22.79,22.79,22.79,100,0
CIM_A.US,5,20250829,171000,22.685,22.685,22.62,22.62,900,0
CIM_A.US,5,20250829,172000,22.66,22.66,22.66,22.66,500,0
CIM_A.US,5,20250829,174000,22.73,22.83,22.72,22.83,800,0
CIM_A.US,5,20250829,174500,22.73,22.82,22.7032,22.79,900,0
CIM_A.US,5,20250829,181000,22.9644,22.9644,22.9644,22.9644,197,0
CIM_A.US,5,20250829,191000,22.8,22.8,22.8,22.8,300,0
CIM_A.US,5,20250829,191500,22.9298,22.93,22.91,22.91,300,0
CIM_A.US,5,20250829,193500,22.87,22.87,22.87,22.87,100,0
CIM_A.US,5,20250829,213000,22.895,22.895,22.895,22.895,100,0
CIM_A.US,5,20250829,214000,22.82,22.97,22.82,22.97,300,0
CIM_A.US,5,20250829,214500,22.885,22.885,22.885,22.885,300,0
CIM_A.US,5,20250829,215500,22.8015,22.9,22.8015,22.9,929,0
CIM_A.US,5,20250902,153500,22.55,22.72,22.55,22.72,300,0
CIM_A.US,5,20250902,155000,22.5,22.5,22.5,22.5,1000,0
CIM_A.US,5,20250902,155500,22.5,22.5,22.47,22.47,600,0
CIM_A.US,5,20250902,160000,22.14,22.4,22.14,22.4,1050,0
CIM_A.US,5,20250902,160500,22.4,22.4,22.4,22.4,100,0
CIM_A.US,5,20250902,161000,22.4,22.4,22.4,22.4,500,0
CIM_A.US,5,20250902,165000,22.35,22.35,22.25,22.25,300,0
CIM_A.US,5,20250902,165500,22.31,22.31,22.31,22.31,100,0
CIM_A.US,5,20250902,170000,22.34,22.35,22.34,22.35,600,0
CIM_A.US,5,20250902,174000,22.325,22.325,22.325,22.325,125,0
CIM_A.US,5,20250902,180500,22.33,22.34,22.33,22.34,213,0
CIM_A.US,5,20250902,181000,22.3001,22.3001,22.3,22.3,300,0
CIM_A.US,5,20250902,183000,22.2744,22.2744,22.2744,22.2744,200,0
CIM_A.US,5,20250902,185000,22.33,22.33,22.33,22.33,500,0
CIM_A.US,5,20250902,190500,22.3558,22.3558,22.3558,22.3558,530,0
CIM_A.US,5,20250902,191000,22.375,22.375,22.36,22.36,794,0
CIM_A.US,5,20250902,191500,22.3501,22.4,22.3501,22.3501,1753,0
CIM_A.US,5,20250902,202000,22.3501,22.37,22.35,22.36,1314,0
CIM_A.US,5,20250902,203000,22.35,22.35,22.35,22.35,322,0
CIM_A.US,5,20250902,205500,22.35,22.35,22.35,22.35,1000,0
CIM_A.US,5,20250902,210500,22.3113,22.3113,22.3113,22.3113,1340,0
CIM_A.US,5,20250902,211500,22.32,22.32,22.31,22.31,300,0
CIM_A.US,5,20250902,212000,22.3075,22.31,22.3,22.3075,734,0
CIM_A.US,5,20250902,213000,22.2838,22.2838,22.2838,22.2838,132,0
CIM_A.US,5,20250902,215000,22.3,22.3,22.3,22.3,200,0
CIM_A.US,5,20250903,153000,22.25,22.25,22.25,22.25,300,0
CIM_A.US,5,20250903,160500,22.25,22.25,22.25,22.25,1558,0
CIM_A.US,5,20250903,161000,22.24,22.24,22.24,22.24,500,0
CIM_A.US,5,20250903,161500,22.24,22.24,22.24,22.24,200,0
CIM_A.US,5,20250903,162000,22.2232,22.25,22.2232,22.25,300,0
CIM_A.US,5,20250903,170000,22.24,22.24,22.24,22.24,400,0
CIM_A.US,5,20250903,192500,22.2285,22.2285,22.2285,22.2285,200,0
CIM_A.US,5,20250903,194000,22.215,22.215,22.2001,22.2001,573,0
CIM_A.US,5,20250903,204000,22.21,22.21,22.2,22.21,1311,0
CIM_A.US,5,20250903,212000,22.2201,22.2201,22.21,22.2101,1930,0
CIM_A.US,5,20250903,215000,22.29,22.29,22.29,22.29,200,0
CIM_A.US,5,20250903,215500,22.29,22.29,22.29,22.29,100,0
CIM_A.US,5,20250904,160500,22.26,22.3,22.26,22.2708,4700,0
CIM_A.US,5,20250904,162500,22.3,22.3,22.2708,22.2708,562,0
CIM_A.US,5,20250904,164000,22.273,22.273,22.273,22.273,100,0
CIM_A.US,5,20250904,170500,22.26,22.26,22.2501,22.2501,994,0
CIM_A.US,5,20250904,183000,22.279,22.279,22.279,22.279,347,0
CIM_A.US,5,20250904,183500,22.25,22.25,22.25,22.25,400,0
CIM_A.US,5,20250904,191500,22.2998,22.2998,22.2998,22.2998,498,0
CIM_A.US,5,20250904,204500,22.26,22.26,22.26,22.26,100,0
CIM_A.US,5,20250904,205000,22.2566,22.3,22.2566,22.3,329,0
CIM_A.US,5,20250904,210000,22.3,22.3,22.3,22.3,100,0
CIM_A.US,5,20250904,211500,22.2938,22.2938,22.2938,22.2938,200,0
CIM_A.US,5,20250904,214500,22.2906,22.2906,22.2906,22.2906,100,0
CIM_A.US,5,20250904,215000,22.3,22.31,22.3,22.31,1429,0
CIM_A.US,5,20250905,153000,22.35,22.35,22.35,22.35,800,0
CIM_A.US,5,20250905,154500,22.48,22.5,22.48,22.5,461,0
CIM_A.US,5,20250905,155000,22.475,22.51,22.3,22.3,6635,0
CIM_A.US,5,20250905,155500,22.275,22.275,22.275,22.275,500,0
CIM_A.US,5,20250905,160000,22.3,22.56,22.2817,22.56,3600,0
CIM_A.US,5,20250905,162000,22.53,22.645,22.53,22.645,205,0
CIM_A.US,5,20250905,162500,22.57,22.57,22.57,22.57,200,0
CIM_A.US,5,20250905,173500,22.4,22.4,22.4,22.4,180,0
CIM_A.US,5,20250905,174000,22.3001,22.3565,22.3001,22.3565,1172,0
CIM_A.US,5,20250905,191000,22.4725,22.4725,22.4725,22.4725,555,0
CIM_A.US,5,20250905,191500,22.4745,22.4745,22.4745,22.4745,511,0
CIM_A.US,5,20250905,193000,22.4565,22.4565,22.4565,22.4565,200,0
CIM_A.US,5,20250905,201500,22.4918,22.4918,22.4918,22.4918,100,0
CIM_A.US,5,20250905,211500,22.49,22.49,22.49,22.49,100,0
CIM_A.US,5,20250905,212000,22.5,22.5,22.5,22.5,100,0
CIM_A.US,5,20250905,213000,22.4946,22.5,22.4946,22.5,400,0
CIM_A.US,5,20250905,213500,22.5,22.5,22.5,22.5,538,0
CIM_A.US,5,20250905,215000,22.51,22.51,22.5,22.5,1000,0
CIM_A.US,5,20250905,215500,22.51,22.55,22.5,22.55,1900,0
CIM_A.US,5,20250908,154000,22.55,22.55,22.55,22.55,1000,0
CIM_A.US,5,20250908,161500,22.5493,22.5493,22.5493,22.5493,2000,0
CIM_A.US,5,20250908,164000,22.5397,22.5397,22.5397,22.5397,100,0
CIM_A.US,5,20250908,164500,22.55,22.55,22.5482,22.5482,1418,0
CIM_A.US,5,20250908,181500,22.6,22.6,22.6,22.6,1000,0
CIM_A.US,5,20250908,183000,22.585,22.585,22.585,22.585,100,0
CIM_A.US,5,20250908,192000,22.5748,22.5748,22.5748,22.5748,186,0
CIM_A.US,5,20250908,194500,22.6,22.6,22.595,22.595,1000,0
CIM_A.US,5,20250908,200500,22.595,22.595,22.57,22.57,660,0
CIM_A.US,5,20250908,205500,22.57,22.57,22.57,22.57,800,0
CIM_A.US,5,20250908,210000,22.56,22.5602,22.56,22.56,1742,0
CIM_A.US,5,20250908,210500,22.56,22.56,22.54,22.5402,3228,0
CIM_A.US,5,20250909,153500,22.54,22.54,22.54,22.54,171,0
CIM_A.US,5,20250909,154000,22.69,22.69,22.69,22.69,100,0
CIM_A.US,5,20250909,154500,22.69,22.7,22.6416,22.7,1250,0
CIM_A.US,5,20250909,160500,22.64,22.64,22.64,22.64,100,0
CIM_A.US,5,20250909,161500,22.73,22.73,22.73,22.73,100,0
CIM_A.US,5,20250909,164500,22.75,22.75,22.75,22.75,100,0
CIM_A.US,5,20250909,170500,22.75,22.75,22.75,22.75,200,0
CIM_A.US,5,20250909,180000,22.695,22.695,22.65,22.6501,1014,0
CIM_A.US,5,20250909,183000,22.64,22.73,22.64,22.73,400,0
CIM_A.US,5,20250909,185000,22.74,22.74,22.74,22.74,100,0
CIM_A.US,5,20250909,192500,22.74,22.74,22.74,22.74,100,0
CIM_A.US,5,20250909,194500,22.7,22.7,22.7,22.7,100,0
CIM_A.US,5,20250909,200500,22.65,22.65,22.65,22.65,171,0
CIM_A.US,5,20250909,202500,22.7,22.7,22.7,22.7,100,0
CIM_A.US,5,20250909,203000,22.725,22.725,22.71,22.71,400,0
CIM_A.US,5,20250909,203500,22.72,22.7209,22.72,22.7209,292,0
CIM_A.US,5,20250909,204000,22.7245,22.75,22.72,22.75,1850,0
CIM_A.US,5,20250909,210000,22.75,22.75,22.71,22.71,675,0
CIM_A.US,5,20250909,210500,22.685,22.6851,22.685,22.6851,200,0
CIM_A.US,5,20250909,211000,22.685,22.685,22.685,22.685,100,0
CIM_A.US,5,20250909,213000,22.64,22.7,22.64,22.7,200,0
CIM_A.US,5,20250909,213500,22.6586,22.6586,22.6586,22.6586,200,0
CIM_A.US,5,20250909,215500,22.66,22.67,22.66,22.67,868,0
CIM_A.US,5,20250910,154000,22.6915,22.705,22.6915,22.705,200,0
CIM_A.US,5,20250910,162000,22.7491,22.7491,22.7491,22.7491,300,0
CIM_A.US,5,20250910,163000,22.705,22.705,22.705,22.705,100,0
CIM_A.US,5,20250910,165000,22.723,22.75,22.723,22.75,200,0
CIM_A.US,5,20250910,165500,22.6946,22.6946,22.6946,22.6946,601,0
CIM_A.US,5,20250910,171000,22.7025,22.7025,22.7025,22.7025,100,0
CIM_A.US,5,20250910,181000,22.69,22.69,22.69,22.69,420,0
CIM_A.US,5,20250910,190000,22.738,22.738,22.738,22.738,100,0
CIM_A.US,5,20250910,194500,22.7616,22.7616,22.7616,22.7616,180,0
CIM_A.US,5,20250910,201500,22.7699,22.7699,22.7699,22.7699,750,0
CIM_A.US,5,20250910,202500,22.6701,22.6701,22.6701,22.6701,300,0
CIM_A.US,5,20250910,203000,22.6701,22.6701,22.6701,22.6701,121,0
CIM_A.US,5,20250911,155000,22.7799,22.79,22.7799,22.79,1023,0
CIM_A.US,5,20250911,155500,22.79,22.8,22.79,22.8,700,0
CIM_A.US,5,20250911,160000,22.81,22.81,22.79,22.8,500,0
CIM_A.US,5,20250911,161000,22.8052,22.8052,22.8052,22.8052,200,0
CIM_A.US,5,20250911,161500,22.8052,22.8052,22.8052,22.8052,200,0
CIM_A.US,5,20250911,162500,22.81,22.8168,22.81,22.8168,400,0
CIM_A.US,5,20250911,163000,22.8001,22.8001,22.8,22.8001,400,0
CIM_A.US,5,20250911,171500,22.8076,22.8076,22.8076,22.8076,150,0
CIM_A.US,5,20250911,182500,22.8034,22.84,22.8034,22.84,1976,0
CIM_A.US,5,20250911,185500,22.846,22.846,22.846,22.846,500,0
CIM_A.US,5,20250911,193500,22.863,22.863,22.863,22.863,446,0
CIM_A.US,5,20250911,195000,22.8001,22.8001,22.8001,22.8001,1000,0
CIM_A.US,5,20250911,201000,22.8201,22.8201,22.8201,22.8201,270,0
CIM_A.US,5,20250911,203500,22.8536,22.9,22.8536,22.9,2100,0
CIM_A.US,5,20250911,204000,22.945,22.945,22.9362,22.945,600,0
CIM_A.US,5,20250911,204500,23,23,22.99,22.99,500,0
CIM_A.US,5,20250911,205000,22.945,22.945,22.9362,22.9362,200,0
CIM_A.US,5,20250911,205500,22.945,22.945,22.945,22.945,100,0
CIM_A.US,5,20250911,210000,22.945,22.945,22.945,22.945,100,0
CIM_A.US,5,20250911,211000,22.93,22.93,22.93,22.93,100,0
CIM_A.US,5,20250911,211500,22.93,22.96,22.93,22.9536,500,0
CIM_A.US,5,20250911,212500,22.96,22.96,22.96,22.96,100,0
CIM_A.US,5,20250911,214500,22.96,22.96,22.96,22.96,100,0
CIM_A.US,5,20250912,153500,23.21,23.21,23.21,23.21,100,0
CIM_A.US,5,20250912,154500,23.15,23.15,23.15,23.15,100,0
CIM_A.US,5,20250912,155000,23.02,23.02,23.02,23.02,200,0
CIM_A.US,5,20250912,161000,23.02,23.02,23.02,23.02,1098,0
CIM_A.US,5,20250912,164000,23.04,23.04,23.04,23.04,100,0
CIM_A.US,5,20250912,170000,22.9001,23.0825,22.9001,23.0825,500,0
CIM_A.US,5,20250912,172500,23.02,23.02,23.02,23.02,100,0
CIM_A.US,5,20250912,173500,22.9998,22.9998,22.9998,22.9998,112,0
CIM_A.US,5,20250912,174000,23.0101,23.06,23.0101,23.06,200,0
CIM_A.US,5,20250912,174500,23.0504,23.0504,23.0504,23.0504,100,0
CIM_A.US,5,20250912,175000,22.93,22.9572,22.93,22.9572,200,0
CIM_A.US,5,20250912,204000,23.025,23.07,23.025,23.07,500,0
CIM_A.US,5,20250912,211500,23.03,23.03,23.03,23.03,128,0
CIM_A.US,5,20250912,213500,23.03,23.0735,23.03,23.0678,600,0
CIM_A.US,5,20250912,214000,23.03,23.0301,23.03,23.0301,200,0
CIM_A.US,5,20250915,153000,23,23,23,23,400,0
CIM_A.US,5,20250915,163500,22.96,22.96,22.9,22.9,200,0
CIM_A.US,5,20250915,164000,22.9,23.06,22.9,23.06,900,0
CIM_A.US,5,20250915,164500,23.01,23.2099,23,23.02,900,0
CIM_A.US,5,20250915,165000,23.01,23.01,23.01,23.01,100,0
CIM_A.US,5,20250915,170500,22.96,22.96,22.96,22.96,100,0
CIM_A.US,5,20250915,182500,22.81,22.81,22.8,22.8,500,0
CIM_A.US,5,20250915,210000,22.85,22.85,22.85,22.85,200,0
CIM_A.US,5,20250916,161500,22.99,22.99,22.99,22.99,791,0
CIM_A.US,5,20250916,165500,23.142,23.142,23.142,23.142,331,0
CIM_A.US,5,20250916,170500,22.9,22.9,22.9,22.9,100,0
CIM_A.US,5,20250916,171000,23.0227,23.0227,23.0227,23.0227,270,0
CIM_A.US,5,20250916,171500,23.02,23.02,23.02,23.02,500,0
CIM_A.US,5,20250916,174500,22.96,22.96,22.96,22.96,125,0
CIM_A.US,5,20250916,190000,23.1,23.1,23.1,23.1,157,0
CIM_A.US,5,20250916,195500,22.85,22.85,22.85,22.85,300,0
CIM_A.US,5,20250917,155500,22.9,22.9,22.9,22.9,500,0
CIM_A.US,5,20250917,160000,22.86,22.86,22.825,22.825,1200,0
CIM_A.US,5,20250917,160500,22.8275,22.8275,22.8275,22.8275,100,0
CIM_A.US,5,20250917,161500,22.831,22.831,22.831,22.831,450,0
CIM_A.US,5,20250917,162000,22.8,22.8,22.8,22.8,200,0
CIM_A.US,5,20250917,162500,22.8,22.8,22.8,22.8,300,0
CIM_A.US,5,20250917,171500,22.85,22.9,22.85,22.9,900,0
CIM_A.US,5,20250917,172000,22.88,22.88,22.88,22.88,100,0
CIM_A.US,5,20250917,180000,22.9033,22.9033,22.9033,22.9033,750,0
CIM_A.US,5,20250917,185000,22.87,22.88,22.87,22.88,506,0
CIM_A.US,5,20250917,203000,22.83,22.83,22.83,22.83,100,0
CIM_A.US,5,20250918,154000,22.85,22.85,22.85,22.85,100,0
CIM_A.US,5,20250918,160500,22.8101,22.8101,22.8,22.8,439,0
CIM_A.US,5,20250918,161000,22.94,22.94,22.94,22.94,500,0
CIM_A.US,5,20250918,165500,23.07,23.08,23.07,23.08,400,0
CIM_A.US,5,20250918,170500,22.95,22.9501,22.9,22.9001,2000,0
CIM_A.US,5,20250918,175500,23,23,23,23,700,0
CIM_A.US,5,20250918,184000,23.06,23.06,23.06,23.06,200,0
CIM_A.US,5,20250918,185000,23.2475,23.25,23.15,23.15,1135,0
CIM_A.US,5,20250918,190500,23.15,23.1501,23.15,23.1501,200,0
CIM_A.US,5,20250918,191000,23.1632,23.1632,23.1632,23.1632,170,0
CIM_A.US,5,20250918,191500,23.1483,23.1483,23.1483,23.1483,181,0
CIM_A.US,5,20250918,192000,23.15,23.1501,23.06,23.0601,2600,0
CIM_A.US,5,20250918,192500,23.06,23.0601,23.06,23.0601,4000,0
CIM_A.US,5,20250918,194500,23.06,23.0602,23.06,23.0602,1438,0
CIM_A.US,5,20250918,195500,23.01,23.0258,23.01,23.0205,1334,0
CIM_A.US,5,20250918,201000,23.04,23.04,23.025,23.025,1700,0
CIM_A.US,5,20250918,212000,23.02,23.02,23.02,23.02,100,0
CIM_A.US,5,20250918,213000,22.932,22.932,22.932,22.932,464,0
CIM_A.US,5,20250918,215000,22.9756,22.9756,22.9756,22.9756,2400,0
CIM_A.US,5,20250918,215500,23.04,23.04,23.04,23.04,510,0
CIM_A.US,5,20250919,162000,23.15,23.15,23.15,23.15,200,0
CIM_A.US,5,20250919,162500,23.06,23.06,23,23,400,0
CIM_A.US,5,20250919,171500,22.9,22.94,22.9,22.92,1200,0
CIM_A.US,5,20250919,175500,22.87,22.87,22.87,22.87,1000,0
CIM_A.US,5,20250919,180500,22.92,22.92,22.92,22.92,2086,0
CIM_A.US,5,20250919,181000,22.99,22.99,22.95,22.95,600,0
CIM_A.US,5,20250919,184000,22.8962,22.8962,22.8962,22.8962,1000,0
CIM_A.US,5,20250919,191000,22.96,22.96,22.96,22.96,100,0
CIM_A.US,5,20250919,204500,22.95,22.95,22.95,22.95,100,0
CIM_A.US,5,20250922,160000,22.9,22.9,22.8523,22.8523,500,0
CIM_A.US,5,20250922,160500,22.8685,22.8685,22.8685,22.8685,350,0
CIM_A.US,5,20250922,161000,22.87,22.87,22.87,22.87,100,0
CIM_A.US,5,20250922,164000,22.845,22.845,22.845,22.845,235,0
CIM_A.US,5,20250922,164500,22.8471,22.8471,22.8471,22.8471,675,0
CIM_A.US,5,20250922,171000,22.85,22.8573,22.85,22.8573,800,0
CIM_A.US,5,20250922,173500,22.85,22.8573,22.85,22.8573,200,0
CIM_A.US,5,20250922,180000,22.85,22.85,22.85,22.85,100,0
CIM_A.US,5,20250922,184000,22.8201,22.8201,22.8201,22.8201,100,0
CIM_A.US,5,20250922,184500,22.835,22.835,22.835,22.835,100,0
CIM_A.US,5,20250922,191000,22.85,22.85,22.85,22.85,100,0
CIM_A.US,5,20250922,192500,22.8469,22.8469,22.8469,22.8469,277,0
CIM_A.US,5,20250922,193000,22.85,22.85,22.84,22.84,300,0
CIM_A.US,5,20250922,194500,22.85,22.85,22.85,22.85,100,0
CIM_A.US,5,20250922,200500,22.855,22.855,22.855,22.855,677,0
CIM_A.US,5,20250922,204000,22.84,22.84,22.84,22.84,200,0
CIM_A.US,5,20250922,214500,22.8301,22.8301,22.8301,22.8301,1000,0
CIM_A.US,5,20250923,161000,22.8,22.85,22.66,22.75,1200,0
CIM_A.US,5,20250923,161500,22.47,22.7,22.415,22.7,1478,0
CIM_A.US,5,20250923,162500,22.65,22.67,22.65,22.67,1062,0
CIM_A.US,5,20250923,163000,22.66,22.66,22.66,22.66,200,0
CIM_A.US,5,20250923,172500,22.61,22.61,22.61,22.61,150,0
CIM_A.US,5,20250923,180500,22.595,22.595,22.595,22.595,450,0
CIM_A.US,5,20250923,201000,22.67,22.67,22.67,22.67,100,0
CIM_A.US,5,20250924,153500,22.65,22.65,22.65,22.65,100,0
CIM_A.US,5,20250924,171000,22.4,22.42,22.4,22.42,300,0
CIM_A.US,5,20250924,171500,22.6,22.6,22.3265,22.3265,2097,0
CIM_A.US,5,20250924,172000,22.42,22.48,22.3555,22.48,400,0
CIM_A.US,5,20250924,181000,22.5076,22.5076,22.5076,22.5076,100,0
CIM_A.US,5,20250924,205000,22.43,22.43,22.42,22.4201,700,0
CIM_A.US,5,20250924,211000,22.5382,22.5382,22.5382,22.5382,100,0
CIM_A.US,5,20250924,212000,22.5431,22.5431,22.5431,22.5431,225,0
CIM_A.US,5,20250924,214000,22.5,22.5,22.5,22.5,100,0
CIM_A.US,5,20250925,153500,22.46,22.555,22.46,22.555,700,0
CIM_A.US,5,20250925,164500,22.5782,22.5782,22.5782,22.5782,885,0
CIM_A.US,5,20250925,171500,22.555,22.555,22.555,22.555,325,0
CIM_A.US,5,20250925,212500,22.58,22.58,22.56,22.56,321,0
CIM_A.US,5,20250925,213000,22.59,22.59,22.59,22.59,1327,0
CIM_A.US,5,20250925,213500,22.5503,22.5503,22.5503,22.5503,100,0
CIM_A.US,5,20250925,215500,22.47,22.47,22.46,22.46,298,0
CIM_A.US,5,20250926,154500,22.35,22.35,22.13,22.22,500,0
CIM_A.US,5,20250926,155000,22.04,22.24,22.04,22.24,1442,0
CIM_A.US,5,20250926,160000,22.42,22.42,22.42,22.42,100,0
CIM_A.US,5,20250926,163000,22.41,22.45,22.35,22.35,300,0
CIM_A.US,5,20250926,164000,22.355,22.355,22.355,22.355,100,0
CIM_A.US,5,20250926,164500,22.42,22.45,22.29,22.31,1451,0
CIM_A.US,5,20250926,165000,22.37,22.37,22.35,22.35,200,0
CIM_A.US,5,20250926,165500,22.35,22.35,22.312,22.312,755,0
CIM_A.US,5,20250926,170000,22.35,22.35,22.35,22.35,100,0
CIM_A.US,5,20250926,172500,22.5103,22.5103,22.5103,22.5103,500,0
CIM_A.US,5,20250926,214000,22.63,22.63,22.63,22.63,100,0
CIM_A.US,5,20250926,215500,22.65,22.65,22.65,22.65,100,0
CIM_A.US,5,20250929,163000,22.58,22.58,22.58,22.58,100,0
CIM_A.US,5,20250929,164500,22.6,22.6,22.6,22.6,100,0
CIM_A.US,5,20250929,165500,22.6,22.6,22.5994,22.5994,1400,0
CIM_A.US,5,20250929,170500,22.6,22.6,22.59,22.59,200,0
CIM_A.US,5,20250929,173500,22.6,22.6,22.6,22.6,100,0
CIM_A.US,5,20250929,180000,22.6,22.6,22.555,22.555,451,0
CIM_A.US,5,20250929,194000,22.5,22.5,22.49,22.5,613,0
CIM_A.US,5,20250929,194500,22.52,22.52,22.49,22.49,411,0
CIM_A.US,5,20250929,195000,22.49,22.53,22.49,22.53,300,0
CIM_A.US,5,20250929,211000,22.59,22.59,22.59,22.59,100,0
CIM_A.US,5,20250929,215000,22.5205,22.5205,22.5205,22.5205,100,0
CIM_A.US,5,20250930,153000,22.45,22.5,22.45,22.45,588,0
CIM_A.US,5,20250930,155000,22.45,22.45,22.45,22.45,200,0
CIM_A.US,5,20250930,162000,22.4701,22.6,22.4701,22.58,2413,0
CIM_A.US,5,20250930,163500,22.5,22.5,22.5,22.5,100,0
CIM_A.US,5,20250930,164000,22.5,22.5,22.5,22.5,100,0
CIM_A.US,5,20250930,165500,22.51,22.53,22.5,22.53,700,0
CIM_A.US,5,20250930,170500,22.45,22.45,22.45,22.45,116,0
CIM_A.US,5,20250930,191500,22.33,22.33,22.33,22.33,200,0
CIM_A.US,5,20250930,192500,22.33,22.33,22.32,22.32,200,0
CIM_A.US,5,20250930,193500,22.33,22.33,22.33,22.33,200,0
CIM_A.US,5,20250930,194500,22.33,22.33,22.33,22.33,100,0
CIM_A.US,5,20250930,195000,22.33,22.33,22.33,22.33,100,0
CIM_A.US,5,20250930,200000,22.3,22.33,22.3,22.33,346,0
CIM_A.US,5,20250930,200500,22.33,22.33,22.33,22.33,100,0
CIM_A.US,5,20250930,201500,22.3,22.3,22.3,22.3,200,0
CIM_A.US,5,20250930,202500,22.3,22.3,22.3,22.3,100,0
CIM_A.US,5,20250930,203500,22.28,22.28,22.28,22.28,100,0
CIM_A.US,5,20250930,204000,22.28,22.28,22.28,22.28,100,0
CIM_A.US,5,20250930,204500,22.26,22.26,22.26,22.26,100,0
CIM_A.US,5,20250930,205500,22.305,22.305,22.26,22.26,1100,0
CIM_A.US,5,20250930,210500,22.17,22.17,22.16,22.16,200,0
CIM_A.US,5,20250930,211500,22.18,22.18,22.16,22.16,200,0
CIM_A.US,5,20250930,212500,22.17,22.17,22.16,22.16,200,0
CIM_A.US,5,20250930,213000,22.17,22.17,22.17,22.17,140,0
CIM_A.US,5,20250930,213500,22.16,22.16,22.16,22.16,169,0
CIM_A.US,5,20250930,215000,22.17,22.17,22.02,22.02,500,0
CIM_A.US,5,20250930,215500,22.44,22.44,22.13,22.13,10139,0
CIM_A.US,5,20251001,160500,22.33,22.33,22.33,22.33,200,0
CIM_A.US,5,20251001,170000,22.29,22.29,22.29,22.29,200,0
CIM_A.US,5,20251001,170500,22.29,22.29,22.28,22.28,300,0
CIM_A.US,5,20251001,173500,22.32,22.32,22.32,22.32,100,0
CIM_A.US,5,20251001,174500,22.23,22.23,22.23,22.23,100,0
CIM_A.US,5,20251001,175500,22.24,22.24,22.24,22.24,111,0
CIM_A.US,5,20251001,182000,22.295,22.295,22.295,22.295,225,0
CIM_A.US,5,20251001,203000,22.29,22.29,22.29,22.29,100,0
CIM_A.US,5,20251001,205500,22.35,22.35,22.35,22.35,1691,0
CIM_A.US,5,20251001,213000,22.3393,22.3393,22.33,22.33,450,0
CIM_A.US,5,20251001,215500,22.33,22.33,22.33,22.33,728,0
CIM_A.US,5,20251002,180000,22.4,22.4,22.4,22.4,100,0
CIM_A.US,5,20251002,192500,22.39,22.4,22.39,22.39,1332,0
CIM_A.US,5,20251002,211000,22.38,22.38,22.38,22.38,597,0
CIM_A.US,5,20251002,211500,22.38,22.38,22.38,22.38,300,0
CIM_A.US,5,20251002,212000,22.33,22.33,22.33,22.33,100,0
CIM_A.US,5,20251002,213500,22.4,22.4,22.4,22.4,200,0
CIM_A.US,5,20251002,215000,22.4,22.4,22.4,22.4,100,0
CIM_A.US,5,20251002,215500,22.4,22.41,22.38,22.38,1800,0
CIM_A.US,5,20251003,161500,22.425,22.425,22.425,22.425,624,0
CIM_A.US,5,20251003,162500,22.43,22.43,22.3632,22.3632,498,0
CIM_A.US,5,20251003,163500,22.45,22.45,22.45,22.45,200,0
CIM_A.US,5,20251003,165000,22.5,22.5,22.37,22.44,2076,0
CIM_A.US,5,20251003,172500,22.45,22.45,22.44,22.44,926,0
CIM_A.US,5,20251003,185000,22.32,22.32,22.28,22.28,300,0
CIM_A.US,5,20251003,191000,22.2501,22.2501,22.2501,22.2501,280,0
CIM_A.US,5,20251003,201500,22.33,22.3301,22.3,22.3,300,0
CIM_A.US,5,20251003,215000,22.3,22.4151,22.29,22.4151,412,0
CIM_A.US,5,20251006,174500,22.32,22.33,22.31,22.33,637,0
CIM_A.US,5,20251006,200000,22.4,22.4,22.4,22.4,285,0
CIM_A.US,5,20251006,201000,22.485,22.485,22.4,22.4008,3618,0
CIM_A.US,5,20251006,204500,22.4,22.4,22.4,22.4,149,0
CIM_A.US,5,20251006,215500,22.5,22.5,22.5,22.5,410,0
CIM_A.US,5,20251007,162000,22.47,22.47,22.47,22.47,200,0
CIM_A.US,5,20251007,171000,22.5999,22.5999,22.5999,22.5999,450,0
CIM_A.US,5,20251007,192500,22.48,22.48,22.41,22.41,200,0
CIM_A.US,5,20251007,202500,22.4112,22.4112,22.4112,22.4112,1200,0
CIM_A.US,5,20251008,154000,22.51,22.51,22.5,22.5,216,0
CIM_A.US,5,20251008,154500,22.5001,22.55,22.5001,22.55,1024,0
CIM_A.US,5,20251008,160000,22.35,22.35,22.35,22.35,100,0
CIM_A.US,5,20251008,164500,22.3806,22.3806,22.3806,22.3806,400,0
CIM_A.US,5,20251008,165500,22.3616,22.3616,22.3616,22.3616,1100,0
CIM_A.US,5,20251008,193500,22.39,22.39,22.36,22.36,801,0
CIM_A.US,5,20251009,164500,22.4,22.4,22.4,22.4,200,0
CIM_A.US,5,20251009,182500,22.49,22.49,22.45,22.46,460,0
CIM_A.US,5,20251009,185500,22.5,22.5,22.5,22.5,129,0
CIM_A.US,5,20251009,190500,22.45,22.49,22.45,22.49,296,0
CIM_A.US,5,20251009,191000,22.5,22.5,22.5,22.5,608,0
CIM_A.US,5,20251009,193500,22.46,22.46,22.46,22.46,100,0
CIM_A.US,5,20251009,195000,22.46,22.46,22.46,22.46,500,0
CIM_A.US,5,20251009,201500,22.46,22.46,22.46,22.46,100,0
CIM_A.US,5,20251009,202000,22.46,22.46,22.46,22.46,400,0
CIM_A.US,5,20251009,202500,22.46,22.46,22.46,22.46,100,0
CIM_A.US,5,20251009,204000,22.42,22.42,22.42,22.42,200,0
CIM_A.US,5,20251009,204500,22.42,22.42,22.42,22.42,100,0
CIM_A.US,5,20251009,205000,22.39,22.39,22.39,22.39,200,0
CIM_A.US,5,20251009,210500,22.42,22.42,22.42,22.42,200,0
CIM_A.US,5,20251009,211000,22.39,22.39,22.16,22.25,1203,0
CIM_A.US,5,20251009,212000,22.325,22.325,22.325,22.325,100,0
CIM_A.US,5,20251009,212500,22.36,22.36,22.36,22.36,100,0
CIM_A.US,5,20251009,213000,22.42,22.42,22.4,22.4,400,0
CIM_A.US,5,20251009,213500,22.42,22.42,22.3905,22.3905,800,0
CIM_A.US,5,20251009,214500,22.4,22.42,22.4,22.42,200,0
CIM_A.US,5,20251009,215500,22.38,22.38,22.34,22.34,600,0
CIM_A.US,5,20251010,154500,22.4,22.4,22.4,22.4,100,0
CIM_A.US,5,20251010,160000,22.4,22.4,22.4,22.4,114,0
CIM_A.US,5,20251010,165000,22.4,22.4,22.4,22.4,200,0
CIM_A.US,5,20251010,170500,22.35,22.35,22.35,22.35,133,0
CIM_A.US,5,20251010,173000,22.27,22.27,22.27,22.27,200,0
CIM_A.US,5,20251010,181000,22.34,22.34,22.34,22.34,200,0
CIM_A.US,5,20251010,182000,22.28,22.28,22.28,22.28,126,0
CIM_A.US,5,20251010,183000,22.33,22.33,22.33,22.33,100,0
CIM_A.US,5,20251010,184500,22.21,22.21,22.21,22.21,100,0
CIM_A.US,5,20251010,185500,22.305,22.305,22.305,22.305,183,0
CIM_A.US,5,20251010,190000,22.3,22.3,22.3,22.3,100,0
CIM_A.US,5,20251010,191000,22.29,22.29,22.29,22.29,112,0
CIM_A.US,5,20251010,193000,22.3,22.3,22.2,22.2,200,0
CIM_A.US,5,20251010,194000,22.3,22.3,22.3,22.3,100,0
CIM_A.US,5,20251010,195500,22.29,22.4091,22.29,22.3,1745,0
CIM_A.US,5,20251010,201500,22.4,22.4,22.4,22.4,200,0
CIM_A.US,5,20251010,212500,22.305,22.305,22.305,22.305,100,0
CIM_A.US,5,20251010,213000,22.31,22.31,22.3,22.3,300,0
CIM_A.US,5,20251010,213500,22.3,22.3,22.3,22.3,100,0
CIM_A.US,5,20251010,214000,22.3,22.3,22.3,22.3,100,0
CIM_A.US,5,20251010,214500,22.3,22.3,22.3,22.3,200,0
CIM_A.US,5,20251010,215000,22.305,22.3299,22.2001,22.2021,1141,0
CIM_A.US,5,20251010,215500,22.19,22.26,22.19,22.21,1335,0
CIM_A.US,5,20251013,165500,22.28,22.3,22.2,22.26,1000,0
CIM_A.US,5,20251013,170000,22.26,22.29,22.26,22.29,400,0
CIM_A.US,5,20251013,183000,22.253,22.253,22.253,22.253,237,0
CIM_A.US,5,20251013,185000,22.3,22.3,22.3,22.3,180,0
CIM_A.US,5,20251013,204500,22.21,22.2101,22.21,22.2101,722,0
CIM_A.US,5,20251014,155000,22.13,22.13,22.1,22.1,600,0
CIM_A.US,5,20251014,155500,22.1,22.1,21.988,22.098,350,0
CIM_A.US,5,20251014,160000,21.97,22.05,21.97,22.05,300,0
CIM_A.US,5,20251014,162500,22.1,22.1,22.1,22.1,300,0
CIM_A.US,5,20251014,173500,22.1,22.3,22.1,22.1,4544,0
CIM_A.US,5,20251014,174500,22.0687,22.18,22.0687,22.1386,1452,0
CIM_A.US,5,20251014,175000,22.28,22.28,22.28,22.28,500,0
CIM_A.US,5,20251014,175500,22.33,22.33,22.33,22.33,200,0
CIM_A.US,5,20251014,180000,22.36,22.36,22.2,22.21,600,0
CIM_A.US,5,20251014,181000,22.31,22.31,22.31,22.31,100,0
CIM_A.US,5,20251015,163000,22.45,22.45,22.45,22.45,100,0
CIM_A.US,5,20251015,165000,22.3854,22.3854,22.3854,22.3854,103,0
CIM_A.US,5,20251015,170000,22.39,22.39,22.39,22.39,1085,0
CIM_A.US,5,20251015,171000,22.32,22.39,22.32,22.39,400,0
CIM_A.US,5,20251015,174000,22.31,22.31,22.31,22.31,100,0
CIM_A.US,5,20251015,181000,22.4,22.4,22.4,22.4,100,0
CIM_A.US,5,20251015,182500,22.39,22.39,22.31,22.31,328,0
CIM_A.US,5,20251015,184000,22.38,22.38,22.38,22.38,110,0
CIM_A.US,5,20251015,191500,22.3,22.3,22.3,22.3,200,0
CIM_A.US,5,20251015,200000,22.3,22.3,22.3,22.3,200,0
CIM_A.US,5,20251015,203000,22.3116,22.3116,22.3116,22.3116,223,0
CIM_A.US,5,20251015,210500,22.25,22.25,22.2001,22.2001,476,0
CIM_A.US,5,20251016,164000,22.33,22.33,22.27,22.27,358,0
CIM_A.US,5,20251016,170000,22.279,22.279,22.279,22.279,500,0
CIM_A.US,5,20251016,170500,22.24,22.27,22.24,22.27,912,0
CIM_A.US,5,20251016,185000,22.19,22.19,22.19,22.19,221,0
CIM_A.US,5,20251016,185500,22.15,22.15,22.15,22.15,950,0
CIM_A.US,5,20251016,191500,22.2199,22.2199,22.2199,22.2199,100,0
CIM_A.US,5,20251016,201500,22.1999,22.1999,22.1999,22.1999,300,0
CIM_A.US,5,20251016,204500,22.1,22.1,22.1,22.1,112,0
CIM_A.US,5,20251016,215500,22.1799,22.1799,22.1799,22.1799,150,0
CIM_A.US,5,20251017,162500,22.1,22.1,22,22,5896,0
CIM_A.US,5,20251017,163000,21.9,21.9999,21.88,21.998,5960,0
CIM_A.US,5,20251017,163500,21.998,21.9999,21.89,21.9999,500,0
CIM_A.US,5,20251017,164000,21.9,21.9,21.75,21.88,16911,0
CIM_A.US,5,20251017,165500,21.913,21.913,21.675,21.8318,800,0
CIM_A.US,5,20251017,170000,21.85,21.85,21.85,21.85,542,0
CIM_A.US,5,20251017,170500,21.84,21.85,21.84,21.85,400,0
CIM_A.US,5,20251017,171000,21.85,21.97,21.85,21.97,400,0
CIM_A.US,5,20251017,171500,21.968,21.968,21.8484,21.8484,300,0
CIM_A.US,5,20251017,172000,21.83,21.9215,21.83,21.9215,200,0
CIM_A.US,5,20251017,172500,21.9672,21.9672,21.83,21.8484,400,0
CIM_A.US,5,20251017,181000,21.72,21.72,21.72,21.72,100,0
CIM_A.US,5,20251017,181500,21.84,21.84,21.84,21.84,100,0
CIM_A.US,5,20251017,194000,21.9115,21.9115,21.9,21.9,200,0
CIM_A.US,5,20251017,200000,21.92,21.92,21.92,21.92,100,0
CIM_A.US,5,20251017,202500,21.9799,21.9799,21.9799,21.9799,200,0
CIM_A.US,5,20251017,210000,21.979,21.979,21.979,21.979,1000,0
CIM_A.US,5,20251017,210500,21.975,21.975,21.9505,21.975,1500,0
CIM_A.US,5,20251017,211000,21.9618,21.966,21.95,21.966,1100,0
CIM_A.US,5,20251017,211500,21.9768,21.9768,21.95,21.95,923,0
CIM_A.US,5,20251017,212000,21.95,21.95,21.95,21.95,100,0
CIM_A.US,5,20251017,212500,21.95,21.95,21.95,21.95,349,0
CIM_A.US,5,20251017,214000,21.99,21.99,21.95,21.95,242,0
CIM_A.US,5,20251017,214500,21.99,22,21.95,22,9702,0
CIM_A.US,5,20251020,154500,22.12,22.12,22.0525,22.0525,2000,0
CIM_A.US,5,20251020,161000,22.03,22.03,22.03,22.03,100,0
CIM_A.US,5,20251020,164500,22.002,22.002,22.002,22.002,350,0
CIM_A.US,5,20251020,165000,22.025,22.025,22.025,22.025,100,0
CIM_A.US,5,20251020,165500,22.05,22.05,22.05,22.05,317,0
CIM_A.US,5,20251020,170000,22.06,22.0601,22.06,22.0601,600,0
CIM_A.US,5,20251020,170500,22.056,22.056,22.056,22.056,200,0
CIM_A.US,5,20251020,175000,22.05,22.05,22.05,22.05,263,0
CIM_A.US,5,20251020,180500,22.0557,22.0557,22.0557,22.0557,430,0
CIM_A.US,5,20251020,181500,22.0569,22.0569,22.0569,22.0569,200,0
CIM_A.US,5,20251020,203000,22.09,22.1,22.09,22.09,1400,0
CIM_A.US,5,20251020,204000,22.0598,22.0598,22.0598,22.0598,290,0
CIM_A.US,5,20251020,211500,22.02,22.1499,22.02,22.0915,1300,0
CIM_A.US,5,20251020,212500,22.06,22.1093,22.06,22.1093,475,0
CIM_A.US,5,20251020,213000,22.14,22.19,22.13,22.13,2484,0
CIM_A.US,5,20251020,213500,22.09,22.09,22.09,22.09,100,0
CIM_A.US,5,20251020,214000,22.2396,22.2396,22.2396,22.2396,400,0
CIM_A.US,5,20251020,214500,22.26,22.26,22.2,22.26,820,0
CIM_A.US,5,20251021,155500,22.28,22.28,22.28,22.28,100,0
CIM_A.US,5,20251021,160000,22.29,22.29,22.23,22.23,200,0
CIM_A.US,5,20251021,170000,22.36,22.36,22.3,22.32,500,0
CIM_A.US,5,20251021,170500,22.26,22.36,22.26,22.31,984,0
CIM_A.US,5,20251021,171500,22.18,22.18,22.18,22.18,100,0
CIM_A.US,5,20251021,175500,22.24,22.24,22.24,22.24,284,0
CIM_A.US,5,20251021,182000,22.2398,22.2398,22.2398,22.2398,902,0
CIM_A.US,5,20251021,184500,22.245,22.245,22.245,22.245,100,0
CIM_A.US,5,20251021,191500,22.2779,22.2779,22.2779,22.2779,179,0
CIM_A.US,5,20251021,200000,22.25,22.25,22.25,22.25,123,0
CIM_A.US,5,20251021,212000,22.2,22.2,22.2,22.2,100,0
CIM_A.US,5,20251021,212500,22.16,22.16,22.16,22.16,100,0
CIM_A.US,5,20251021,213000,22.1862,22.1862,22.1862,22.1862,112,0
CIM_A.US,5,20251022,161500,22.28,22.28,22.2,22.2,206,0
CIM_A.US,5,20251022,174000,22.22,22.22,22.22,22.22,200,0
CIM_A.US,5,20251022,174500,22.1,22.1,22.1,22.1,194,0
CIM_A.US,5,20251022,181000,22.1,22.11,22.1,22.11,300,0
CIM_A.US,5,20251022,184500,22.1,22.11,22.1,22.1,500,0
CIM_A.US,5,20251022,185000,22.2587,22.2587,22.2587,22.2587,175,0
CIM_A.US,5,20251022,185500,22.26,22.26,22.26,22.26,110,0
CIM_A.US,5,20251022,191000,22.2587,22.2587,22.2587,22.2587,100,0
CIM_A.US,5,20251022,194000,22.185,22.185,22.185,22.185,100,0
CIM_A.US,5,20251022,200500,22.185,22.185,22.185,22.185,275,0
CIM_A.US,5,20251022,202000,22.08,22.08,22.07,22.07,600,0
CIM_A.US,5,20251022,210500,22.08,22.1,22.08,22.1,700,0
CIM_A.US,5,20251022,212500,22.05,22.05,22.05,22.05,700,0
CIM_A.US,5,20251022,213500,22.07,22.08,22.07,22.07,600,0
CIM_A.US,5,20251022,215000,22.07,22.07,22.07,22.07,217,0
CIM_A.US,5,20251022,215500,22.07,22.2,22.07,22.2,700,0
CIM_A.US,5,20251023,161000,22.25,22.25,22.21,22.2112,402,0
CIM_A.US,5,20251023,163500,22.2534,22.2534,22.2534,22.2534,300,0
CIM_A.US,5,20251023,172000,22.2209,22.2209,22.2209,22.2209,100,0
CIM_A.US,5,20251023,172500,22.2213,22.2213,22.2213,22.2213,100,0
CIM_A.US,5,20251023,173000,22.2719,22.2719,22.2719,22.2719,100,0
CIM_A.US,5,20251023,185000,22.2364,22.2364,22.2364,22.2364,100,0
CIM_A.US,5,20251023,193500,22.21,22.21,22.21,22.21,462,0
CIM_A.US,5,20251023,194000,22.29,22.29,22.21,22.21,200,0
CIM_A.US,5,20251023,195500,22.2001,22.2001,22.2001,22.2001,922,0
CIM_A.US,5,20251023,200000,22.21,22.2249,22.2,22.2,750,0
CIM_A.US,5,20251023,202000,22.15,22.15,22.15,22.15,500,0
CIM_A.US,5,20251023,203000,22.12,22.12,22.1,22.1,530,0
CIM_A.US,5,20251023,203500,22.1,22.11,22.1,22.11,200,0
CIM_A.US,5,20251023,204500,22.1,22.1,22.1,22.1,100,0
CIM_A.US,5,20251023,212500,22.1,22.1,22.1,22.1,2200,0
CIM_A.US,5,20251023,215500,22.1,22.1,22.09,22.1,334,0
CIM_A.US,5,20251024,154500,22.34,22.34,22.305,22.305,201,0
CIM_A.US,5,20251024,155000,22.305,22.305,22.305,22.305,100,0
CIM_A.US,5,20251024,161500,22.18,22.305,22.18,22.305,400,0
CIM_A.US,5,20251024,165000,22.305,22.305,22.305,22.305,100,0
CIM_A.US,5,20251024,165500,22.4275,22.4275,22.4275,22.4275,100,0
CIM_A.US,5,20251024,195500,22.3866,22.3866,22.3866,22.3866,100,0
CIM_A.US,5,20251024,201000,22.35,22.35,22.32,22.35,1705,0
CIM_A.US,5,20251024,203500,22.35,22.37,22.35,22.35,300,0
CIM_A.US,5,20251024,214500,22.39,22.39,22.39,22.39,100,0
CIM_A.US,5,20251027,143000,22.3,22.3,22.0601,22.0601,2076,0
CIM_A.US,5,20251027,155000,22.3099,22.31,22.28,22.28,2150,0
CIM_A.US,5,20251027,160500,22.3064,22.3064,22.295,22.295,1000,0
CIM_A.US,5,20251027,162500,22.2332,22.2332,22.2332,22.2332,410,0
CIM_A.US,5,20251027,165000,22.3899,22.3899,22.3899,22.3899,540,0
CIM_A.US,5,20251027,170500,22.34,22.34,22.34,22.34,124,0
CIM_A.US,5,20251027,171000,22.2837,22.2837,22.2837,22.2837,100,0
CIM_A.US,5,20251027,174500,22.2473,22.2473,22.2473,22.2473,160,0
CIM_A.US,5,20251027,191500,22.2677,22.2677,22.2677,22.2677,100,0
CIM_A.US,5,20251027,194000,22.2914,22.34,22.2914,22.34,386,0
CIM_A.US,5,20251027,194500,22.3168,22.3168,22.3168,22.3168,200,0
CIM_A.US,5,20251027,202500,22.3165,22.3165,22.3165,22.3165,363,0
CIM_A.US,5,20251027,205000,22.3345,22.3345,22.3345,22.3345,100,0
CIM_A.US,5,20251027,205500,22.27,22.27,22.27,22.27,535,0
CIM_A.US,5,20251028,143000,22.28,22.28,22.28,22.28,140,0
CIM_A.US,5,20251028,150500,22.3254,22.35,22.3254,22.34,500,0
CIM_A.US,5,20251028,151000,22.3899,22.3899,22.3899,22.3899,500,0
CIM_A.US,5,20251028,163500,22.334,22.334,22.334,22.334,1400,0
CIM_A.US,5,20251028,171500,22.29,22.29,22.285,22.29,300,0
CIM_A.US,5,20251028,180500,22.32,22.32,22.32,22.32,100,0
CIM_A.US,5,20251028,184000,22.36,22.36,22.36,22.36,100,0
CIM_A.US,5,20251028,184500,22.32,22.32,22.295,22.32,1152,0
CIM_A.US,5,20251028,192000,22.28,22.28,22.28,22.28,500,0
CIM_A.US,5,20251028,202500,22.27,22.27,22.16,22.2335,2800,0
CIM_A.US,5,20251029,154500,22.1755,22.1755,22.1755,22.1755,100,0
CIM_A.US,5,20251029,160000,22.2442,22.2442,22.2442,22.2442,100,0
CIM_A.US,5,20251029,160500,22.1665,22.1665,22.1665,22.1665,466,0
CIM_A.US,5,20251029,171500,22.1401,22.1401,22.1401,22.1401,198,0
CIM_A.US,5,20251029,174000,22.17,22.17,22.17,22.17,130,0
CIM_A.US,5,20251029,174500,22.14,22.1401,22.1,22.14,1600,0
CIM_A.US,5,20251029,175000,22.12,22.12,22.12,22.12,140,0
CIM_A.US,5,20251029,183000,22.1878,22.1878,22.1878,22.1878,100,0
CIM_A.US,5,20251029,183500,22.18,22.18,22.14,22.14,500,0
CIM_A.US,5,20251029,184000,22.19,22.19,22.182,22.182,1600,0
CIM_A.US,5,20251029,191000,22.175,22.175,22.175,22.175,900,0
CIM_A.US,5,20251029,195000,22.175,22.175,22.175,22.175,1338,0
CIM_A.US,5,20251029,200000,22.15,22.1779,22.1301,22.1779,2215,0
CIM_A.US,5,20251029,201000,22.1498,22.1498,22.1498,22.1498,121,0
CIM_A.US,5,20251029,202000,22.1799,22.1799,22.1799,22.1799,400,0
CIM_A.US,5,20251029,205000,22.13,22.1309,22.1,22.1,1168,0
CIM_A.US,5,20251029,205500,22.05,22.06,22.01,22.02,1121,0
CIM_A.US,5,20251030,153500,22.0149,22.0149,22.0149,22.0149,197,0
CIM_A.US,5,20251030,155000,22.1,22.1,22.1,22.1,299,0
CIM_A.US,5,20251030,163000,22.01,22.01,22.01,22.01,139,0
CIM_A.US,5,20251030,175000,22.15,22.15,22.15,22.15,100,0
CIM_A.US,5,20251030,185000,22.15,22.15,22.15,22.15,100,0
CIM_A.US,5,20251030,200500,22.16,22.25,22.16,22.25,1088,0
CIM_A.US,5,20251031,152000,22.37,22.37,22.37,22.37,100,0
CIM_A.US,5,20251031,162500,22.3123,22.37,22.2142,22.2142,600,0
CIM_A.US,5,20251031,172500,22.38,22.38,22.38,22.38,100,0
CIM_A.US,5,20251031,174500,22.273,22.273,22.273,22.273,400,0
CIM_A.US,5,20251031,182500,22.3,22.3,22.3,22.3,150,0
CIM_A.US,5,20251031,192000,22.37,22.37,22.37,22.37,100,0
CIM_A.US,5,20251031,193500,22.37,22.38,22.37,22.38,503,0
CIM_A.US,5,20251031,194500,22.28,22.28,22.28,22.28,100,0
CIM_A.US,5,20251031,195000,22.28,22.28,22.28,22.28,102,0
CIM_A.US,5,20251031,195500,22.3,22.3,22.3,22.3,970,0
CIM_A.US,5,20251031,201000,22.2381,22.26,22.2371,22.2492,1100,0
CIM_A.US,5,20251031,205500,22.27,22.27,22.27,22.27,176,0
CIM_A.US,5,20251103,161000,22.19,22.2,22.19,22.2,400,0
CIM_A.US,5,20251103,162500,22.12,22.12,22.12,22.12,146,0
CIM_A.US,5,20251103,191500,22.16,22.16,22.15,22.15,940,0
CIM_A.US,5,20251103,192000,22.2499,22.2499,22.2499,22.2499,100,0
CIM_A.US,5,20251103,200000,22.17,22.17,22.17,22.17,298,0
CIM_A.US,5,20251103,212500,22.2099,22.2099,22.2099,22.2099,600,0
CIM_A.US,5,20251104,155000,22.13,22.13,22.0516,22.0516,624,0
CIM_A.US,5,20251104,164500,22.2,22.2,22.2,22.2,400,0
CIM_A.US,5,20251104,170500,22.19,22.19,22.19,22.19,380,0
CIM_A.US,5,20251104,175500,22.0701,22.0701,22.0701,22.0701,534,0
CIM_A.US,5,20251104,190000,22.07,22.07,22.07,22.07,100,0
CIM_A.US,5,20251104,193500,22.11,22.11,22.11,22.11,185,0
CIM_A.US,5,20251104,210500,22.115,22.115,22.115,22.115,453,0
CIM_A.US,5,20251105,153500,22.13,22.1635,22.1201,22.1201,1275,0
CIM_A.US,5,20251105,154500,22.13,22.13,22.13,22.13,100,0
CIM_A.US,5,20251105,155500,22.13,22.13,22.13,22.13,102,0
CIM_A.US,5,20251105,160000,22.13,22.13,22.12,22.13,586,0
CIM_A.US,5,20251105,162000,22.07,22.073,22.02,22.073,450,0
CIM_A.US,5,20251105,175000,22.2,22.2,22.2,22.2,224,0
CIM_A.US,5,20251105,190000,22.158,22.158,22.158,22.158,300,0
CIM_A.US,5,20251105,202500,22.24,22.25,22.23,22.25,700,0
CIM_A.US,5,20251106,162500,22.28,22.28,22.28,22.28,400,0
CIM_A.US,5,20251106,164500,22.19,22.19,22.19,22.19,100,0
CIM_A.US,5,20251106,165000,22.185,22.19,22.185,22.19,200,0
CIM_A.US,5,20251106,171000,22.19,22.19,22.19,22.19,100,0
CIM_A.US,5,20251106,171500,22.1,22.1,22.08,22.08,200,0
CIM_A.US,5,20251106,172000,22.15,22.2,22.15,22.2,200,0
CIM_A.US,5,20251106,172500,22.15,22.15,22.15,22.15,100,0
CIM_A.US,5,20251106,173000,22.14,22.14,22.14,22.14,100,0
CIM_A.US,5,20251106,173500,22.15,22.15,22.09,22.09,800,0
CIM_A.US,5,20251106,181000,22.07,22.07,22,22,1387,0
CIM_A.US,5,20251106,185500,22,22,22,22,100,0
CIM_A.US,5,20251106,191000,22.171,22.1899,22,22.0883,1400,0
CIM_A.US,5,20251106,191500,22.171,22.1881,22.095,22.1881,500,0
CIM_A.US,5,20251107,155000,22.1475,22.1475,22.1475,22.1475,100,0
CIM_A.US,5,20251107,160000,22,22,22,22,100,0
CIM_A.US,5,20251107,162500,22.03,22.03,22,22.01,2723,0
CIM_A.US,5,20251107,164000,22.1978,22.1978,22.1978,22.1978,100,0
CIM_A.US,5,20251107,172500,22.15,22.15,22.15,22.15,100,0
CIM_A.US,5,20251107,173500,22.15,22.15,22.09,22.09,507,0
CIM_A.US,5,20251107,190000,22.15,22.15,22.15,22.15,225,0
CIM_A.US,5,20251107,193500,22.1,22.1001,22,22,1057,0
CIM_A.US,5,20251107,202000,22.02,22.02,22,22.01,1260,0
CIM_A.US,5,20251107,214500,22.14,22.19,22.14,22.19,200,0
CIM_A.US,5,20251107,215000,22.16,22.16,22.16,22.16,100,0
CIM_A.US,5,20251107,215500,22.16,22.16,22.16,22.16,100,0
CIM_A.US,5,20251110,154000,22.18,22.18,22.18,22.18,245,0
CIM_A.US,5,20251110,155000,22.16,22.1814,22.16,22.1814,1300,0
CIM_A.US,5,20251110,155500,22.1604,22.1707,22.16,22.1703,600,0
CIM_A.US,5,20251110,160500,22.16,22.16,22.16,22.16,299,0
CIM_A.US,5,20251110,161000,22.1688,22.1734,22.16,22.1684,1300,0
CIM_A.US,5,20251110,164500,22.1999,22.1999,22.1999,22.1999,175,0
CIM_A.US,5,20251110,165000,22.18,22.2,22.18,22.18,1036,0
CIM_A.US,5,20251110,171500,22.2,22.2,22.18,22.18,200,0
CIM_A.US,5,20251110,173500,22.2,22.2,22.1999,22.1999,800,0
CIM_A.US,5,20251110,175500,22.174,22.174,22.174,22.174,500,0
CIM_A.US,5,20251110,184000,22.2,22.2,22.2,22.2,100,0
CIM_A.US,5,20251110,184500,22.1889,22.1889,22.1889,22.1889,450,0
CIM_A.US,5,20251110,195000,22.2044,22.2044,22.2044,22.2044,400,0
CIM_A.US,5,20251110,205000,22.19,22.19,22.19,22.19,200,0
CIM_A.US,5,20251110,210500,22.22,22.22,22.22,22.22,100,0
CIM_A.US,5,20251110,214000,22.2,22.2,22.2,22.2,200,0
CIM_A.US,5,20251111,153500,22.21,22.21,22.21,22.21,300,0
CIM_A.US,5,20251111,160000,22.26,22.26,22.26,22.26,100,0
CIM_A.US,5,20251111,160500,22.2699,22.2699,22.2699,22.2699,400,0
CIM_A.US,5,20251111,163000,22.27,22.27,22.27,22.27,100,0
CIM_A.US,5,20251111,164500,22.32,22.36,22.32,22.34,500,0
CIM_A.US,5,20251111,171000,22.38,22.38,22.38,22.38,400,0
CIM_A.US,5,20251111,171500,22.38,22.38,22.38,22.38,1200,0
CIM_A.US,5,20251111,180500,22.4,22.4,22.4,22.4,100,0
CIM_A.US,5,20251111,183000,22.3959,22.3959,22.3959,22.3959,1000,0
CIM_A.US,5,20251111,185000,22.39,22.39,22.39,22.39,100,0
CIM_A.US,5,20251111,191000,22.3431,22.3431,22.3431,22.3431,500,0
CIM_A.US,5,20251111,194500,22.4,22.4,22.39,22.4,2158,0
CIM_A.US,5,20251111,203000,22.39,22.39,22.39,22.39,100,0
CIM_A.US,5,20251111,204000,22.4,22.4,22.4,22.4,147,0
CIM_A.US,5,20251111,211000,22.2786,22.2786,22.2786,22.2786,400,0
CIM_A.US,5,20251112,171000,22.3564,22.3564,22.3564,22.3564,100,0
CIM_A.US,5,20251112,181500,22.43,22.43,22.43,22.43,300,0
CIM_A.US,5,20251112,200000,22.46,22.48,22.46,22.48,600,0
CIM_A.US,5,20251112,200500,22.45,22.5,22.45,22.5,600,0
CIM_A.US,5,20251112,201500,22.5425,22.5425,22.51,22.51,300,0
CIM_A.US,5,20251112,202000,22.51,22.51,22.51,22.51,300,0
CIM_A.US,5,20251112,204000,22.525,22.5499,22.525,22.5499,450,0
CIM_A.US,5,20251112,205500,22.5318,22.5318,22.5318,22.5318,130,0
CIM_A.US,5,20251112,212000,22.515,22.52,22.43,22.43,2246,0
CIM_A.US,5,20251112,212500,22.4412,22.4412,22.4412,22.4412,150,0
CIM_A.US,5,20251112,213000,22.4505,22.4505,22.4505,22.4505,216,0
CIM_A.US,5,20251113,171500,22.345,22.345,22.345,22.345,100,0
CIM_A.US,5,20251113,172500,22.35,22.35,22.35,22.35,310,0
CIM_A.US,5,20251113,173000,22.35,22.35,22.27,22.332,1500,0
CIM_A.US,5,20251113,180500,22.3201,22.3201,22.3201,22.3201,800,0
CIM_A.US,5,20251113,182000,22.35,22.35,22.35,22.35,100,0
CIM_A.US,5,20251113,183000,22.35,22.38,22.35,22.38,3100,0
CIM_A.US,5,20251113,191500,22.3521,22.3521,22.3521,22.3521,300,0
CIM_A.US,5,20251113,193000,22.38,22.38,22.38,22.38,200,0
CIM_A.US,5,20251113,194500,22.34,22.34,22.34,22.34,100,0
CIM_A.US,5,20251113,200000,22.3203,22.3206,22.32,22.3206,1490,0
CIM_A.US,5,20251113,203000,22.35,22.38,22.35,22.36,1535,0
CIM_A.US,5,20251114,175000,22.425,22.49,22.3625,22.3625,938,0
CIM_A.US,5,20251114,194500,22.49,22.49,22.3,22.3,1434,0
CIM_A.US,5,20251114,200000,22.3854,22.3854,22.3854,22.3854,178,0
CIM_A.US,5,20251117,160500,22.35,22.35,22.35,22.35,900,0
CIM_A.US,5,20251117,163500,22.41,22.41,22.41,22.41,437,0
CIM_A.US,5,20251117,164000,22.36,22.36,22.36,22.36,300,0
CIM_A.US,5,20251117,170500,22.425,22.48,22.41,22.48,1300,0
CIM_A.US,5,20251117,174000,22.47,22.47,22.47,22.47,1000,0
CIM_A.US,5,20251117,193000,22.5,22.5,22.5,22.5,429,0
CIM_A.US,5,20251117,200000,22.43,22.43,22.36,22.36,700,0
CIM_A.US,5,20251117,203000,22.369,22.369,22.369,22.369,100,0
CIM_A.US,5,20251117,203500,22.4306,22.4306,22.4236,22.4236,800,0
CIM_A.US,5,20251117,204000,22.4048,22.43,22.369,22.4235,600,0
CIM_A.US,5,20251117,212000,22.42,22.42,22.42,22.42,407,0
CIM_A.US,5,20251118,153000,22.41,22.41,22.31,22.4,310,0
CIM_A.US,5,20251118,154000,22.45,22.45,22.45,22.45,200,0
CIM_A.US,5,20251118,162000,22.6499,22.6499,22.6499,22.6499,2472,0
CIM_A.US,5,20251118,162500,22.4239,22.4239,22.4239,22.4239,900,0
CIM_A.US,5,20251118,181500,22.4715,22.4715,22.4715,22.4715,383,0
CIM_A.US,5,20251118,195500,22.4738,22.4738,22.4738,22.4738,195,0
CIM_A.US,5,20251118,214000,22.434,22.434,22.434,22.434,104,0
CIM_A.US,5,20251118,215500,22.43,22.43,22.43,22.43,204,0
CIM_A.US,5,20251119,174500,22.35,22.35,22.35,22.35,100,0
CIM_A.US,5,20251119,180000,22.38,22.38,22.35,22.35,200,0
CIM_A.US,5,20251119,195000,22.3115,22.3115,22.28,22.28,964,0
CIM_A.US,5,20251119,201500,22.23,22.23,22.23,22.23,500,0
CIM_A.US,5,20251119,202500,22.2106,22.228,22.2106,22.228,400,0
CIM_A.US,5,20251119,204000,22.21,22.21,22.2,22.2,2630,0
CIM_A.US,5,20251119,205500,22.1,22.19,22.1,22.19,600,0
CIM_A.US,5,20251119,214000,22.07,22.07,22.07,22.07,100,0
CIM_A.US,5,20251119,214500,22.06,22.06,22.06,22.06,200,0
CIM_A.US,5,20251119,215500,22.08,22.08,22.08,22.08,187,0
CIM_A.US,5,20251120,160000,22.02,22.02,22.02,22.02,100,0
CIM_A.US,5,20251120,164500,22.06,22.06,22.06,22.06,168,0
CIM_A.US,5,20251120,165000,22.09,22.09,22.0301,22.0301,1983,0
CIM_A.US,5,20251120,165500,22.033,22.0401,22.033,22.04,1484,0
CIM_A.US,5,20251120,170500,22.03,22.03,22.03,22.03,406,0
CIM_A.US,5,20251120,172000,22.05,22.05,22.05,22.05,100,0
CIM_A.US,5,20251120,173500,22.05,22.05,22.05,22.05,100,0
CIM_A.US,5,20251120,174500,22.03,22.03,22.03,22.03,228,0
CIM_A.US,5,20251120,192000,22.28,22.28,22.165,22.28,500,0
CIM_A.US,5,20251120,201000,22.165,22.165,22.165,22.165,200,0
CIM_A.US,5,20251120,202500,22.0378,22.0378,22.0378,22.0378,131,0
CIM_A.US,5,20251120,211500,22.0301,22.3,22.0301,22.3,900,0
CIM_A.US,5,20251120,213500,22.0374,22.0899,22.0374,22.0899,300,0
CIM_A.US,5,20251121,154500,22,22,21.94,21.94,1212,0
CIM_A.US,5,20251121,155000,21.8438,21.99,21.625,21.7026,800,0
CIM_A.US,5,20251121,155500,21.98,21.98,21.625,21.795,1200,0
CIM_A.US,5,20251121,160000,21.805,21.805,21.805,21.805,401,0
CIM_A.US,5,20251121,161000,21.8071,21.8071,21.8071,21.8071,100,0
CIM_A.US,5,20251121,164000,21.79,21.79,21.79,21.79,100,0
CIM_A.US,5,20251121,164500,21.8,21.8,21.8,21.8,200,0
CIM_A.US,5,20251121,165000,21.803,21.8155,21.75,21.75,400,0
CIM_A.US,5,20251121,165500,21.75,21.7998,21.75,21.75,500,0
CIM_A.US,5,20251121,170500,21.65,21.65,21.65,21.65,100,0
CIM_A.US,5,20251121,171500,21.71,21.71,21.71,21.71,100,0
CIM_A.US,5,20251121,172000,21.8,21.84,21.775,21.775,400,0
CIM_A.US,5,20251121,172500,21.7,21.775,21.7,21.775,1900,0
CIM_A.US,5,20251121,174000,21.75,21.96,21.75,21.895,4776,0
CIM_A.US,5,20251121,174500,21.915,21.915,21.83,21.83,300,0
CIM_A.US,5,20251121,175000,21.915,21.9397,21.8971,21.9392,500,0
CIM_A.US,5,20251121,175500,22.025,22.025,21.9669,21.9885,400,0
CIM_A.US,5,20251121,180000,21.9964,22.075,21.9,21.943,1400,0
CIM_A.US,5,20251121,180500,22.035,22.035,21.9517,21.9857,700,0
CIM_A.US,5,20251121,181000,21.9947,21.9947,21.9947,21.9947,100,0
CIM_A.US,5,20251121,182000,22.055,22.055,22.055,22.055,200,0
CIM_A.US,5,20251121,183000,22,22,22,22,400,0
CIM_A.US,5,20251121,184000,22.1,22.1,22.1,22.1,100,0
CIM_A.US,5,20251121,192500,21.96,21.96,21.96,21.96,100,0
CIM_A.US,5,20251121,195000,22.1,22.1,22.1,22.1,100,0
CIM_A.US,5,20251121,200000,21.95,21.9595,21.939,21.939,400,0
CIM_A.US,5,20251121,200500,21.915,21.9599,21.915,21.9599,375,0
CIM_A.US,5,20251121,201500,21.95,21.95,21.95,21.95,100,0
CIM_A.US,5,20251121,212500,21.92,21.92,21.92,21.92,100,0
CIM_A.US,5,20251121,213000,21.9,21.92,21.9,21.9,400,0
CIM_A.US,5,20251121,213500,21.93,21.93,21.93,21.93,228,0
CIM_A.US,5,20251121,214000,21.94,21.9432,21.9,21.925,800,0
CIM_A.US,5,20251121,214500,22.01,22.01,22,22,200,0
CIM_A.US,5,20251121,215000,21.9733,22,21.958,21.9838,700,0
CIM_A.US,5,20251121,215500,21.9945,22.0028,21.9945,22.0028,200,0
CIM_A.US,5,20251124,153000,22,22,22,22,100,0
CIM_A.US,5,20251124,153500,22,22,21.95,21.95,227,0
CIM_A.US,5,20251124,155500,22,22,22,22,100,0
CIM_A.US,5,20251124,160500,21.95,21.95,21.95,21.95,118,0
CIM_A.US,5,20251124,164000,22.1,22.1,22.05,22.05,200,0
CIM_A.US,5,20251124,165000,22.224,22.224,22.224,22.224,281,0
CIM_A.US,5,20251124,173500,22.05,22.05,22,22,200,0
CIM_A.US,5,20251124,174000,21.995,21.995,21.995,21.995,100,0
CIM_A.US,5,20251124,181500,21.99,21.99,21.99,21.99,200,0
CIM_A.US,5,20251124,190000,22.0158,22.0158,22.0158,22.0158,100,0
CIM_A.US,5,20251124,191500,22,22,22,22,500,0
CIM_A.US,5,20251124,202500,21.985,21.985,21.985,21.985,200,0
CIM_A.US,5,20251124,203500,21.98,21.98,21.98,21.98,400,0
CIM_A.US,5,20251124,205000,21.99,21.99,21.99,21.99,100,0
CIM_A.US,5,20251124,213500,22.02,22.02,22.02,22.02,250,0
CIM_A.US,5,20251124,214000,22.09,22.09,22.09,22.09,100,0
CIM_A.US,5,20251124,214500,22.09,22.2499,22.09,22.2477,388,0
CIM_A.US,5,20251124,215000,22.1,22.1,22.1,22.1,100,0
CIM_A.US,5,20251124,215500,22.135,22.14,22.135,22.14,626,0
CIM_A.US,5,20251125,154500,22.01,22.0256,22.01,22.0256,699,0
CIM_A.US,5,20251125,155000,22.095,22.095,22.0771,22.0771,923,0
CIM_A.US,5,20251125,163500,22.14,22.14,22.14,22.14,200,0
CIM_A.US,5,20251125,164500,22.19,22.22,22.19,22.22,220,0
CIM_A.US,5,20251125,165000,22.2619,22.2619,22.2619,22.2619,130,0
CIM_A.US,5,20251125,165500,22.18,22.18,22.18,22.18,100,0
CIM_A.US,5,20251125,175000,22.255,22.255,22.255,22.255,250,0
CIM_A.US,5,20251125,181500,22.3138,22.3138,22.3138,22.3138,500,0
CIM_A.US,5,20251125,182500,22.2827,22.2827,22.2827,22.2827,100,0
CIM_A.US,5,20251125,184000,22.255,22.255,22.255,22.255,100,0
CIM_A.US,5,20251125,185500,22.255,22.255,22.255,22.255,400,0
CIM_A.US,5,20251125,190500,22.3234,22.3495,22.16,22.18,2400,0
CIM_A.US,5,20251125,192500,22.18,22.18,22.18,22.18,100,0
CIM_A.US,5,20251125,195000,22.2756,22.2756,22.2756,22.2756,638,0
CIM_A.US,5,20251125,195500,22.29,22.29,22.29,22.29,600,0
CIM_A.US,5,20251125,201000,22.3,22.3,22.26,22.29,1531,0
CIM_A.US,5,20251125,201500,22.32,22.32,22.3,22.3,646,0
CIM_A.US,5,20251125,210500,22.19,22.19,22.19,22.19,100,0
CIM_A.US,5,20251125,212500,22.3,22.3,22.3,22.3,200,0
CIM_A.US,5,20251125,213000,22.22,22.22,22.22,22.22,100,0
CIM_A.US,5,20251125,213500,22.31,22.31,22.31,22.31,100,0
CIM_A.US,5,20251125,215500,22.31,22.31,22.31,22.31,100,0
CIM_A.US,5,20251126,162000,22.24,22.24,22.24,22.24,100,0
CIM_A.US,5,20251126,163500,22.3316,22.3316,22.3316,22.3316,100,0
CIM_A.US,5,20251126,194500,22.2705,22.2705,22.2705,22.2705,300,0
CIM_A.US,5,20251126,212000,22.33,22.33,22.3241,22.3241,515,0
CIM_A.US,5,20251126,213000,22.35,22.35,22.35,22.35,775,0
CIM_A.US,5,20251128,164000,22.7,22.75,22.7,22.75,700,0
CIM_A.US,5,20251128,165000,22.8,22.8,22.62,22.62,600,0
CIM_A.US,5,20251128,170500,22.6,22.6819,22.6,22.6819,2100,0
CIM_A.US,5,20251128,171000,22.6835,22.6835,22.6835,22.6835,100,0
CIM_A.US,5,20251128,185500,22.75,22.7501,22.75,22.7501,400,0
CIM_A.US,5,20251201,161000,22.6138,22.6138,22.6138,22.6138,428,0
CIM_A.US,5,20251201,162000,22.3555,22.3555,22.3555,22.3555,1000,0
CIM_A.US,5,20251201,162500,22.25,22.25,22.25,22.25,975,0
CIM_A.US,5,20251201,163500,22.12,22.1599,22.12,22.1599,400,0
CIM_A.US,5,20251201,170500,22.15,22.15,22.15,22.15,118,0
CIM_A.US,5,20251201,172000,22.18,22.18,22.18,22.18,1200,0
CIM_A.US,5,20251201,180500,22.16,22.16,22.16,22.16,100,0
CIM_A.US,5,20251201,181500,22.205,22.205,22.205,22.205,310,0
CIM_A.US,5,20251201,193500,22.24,22.24,22.24,22.24,100,0
CIM_A.US,5,20251201,212000,22.241,22.243,22.241,22.243,250,0
CIM_A.US,5,20251202,165000,22.215,22.215,22.215,22.215,500,0
CIM_A.US,5,20251202,170500,22.2185,22.2185,22.2185,22.2185,300,0
CIM_A.US,5,20251202,171500,22.2326,22.235,22.22,22.235,898,0
CIM_A.US,5,20251202,172500,22.2103,22.2103,22.2103,22.2103,210,0
CIM_A.US,5,20251202,174500,22.18,22.21,22.18,22.21,200,0
CIM_A.US,5,20251202,184500,22.215,22.215,22.215,22.215,750,0
CIM_A.US,5,20251202,191500,22.19,22.19,22.18,22.19,1700,0
CIM_A.US,5,20251202,192000,22.2,22.2,22.18,22.18,334,0
CIM_A.US,5,20251202,192500,22.18,22.18,22.18,22.18,100,0
CIM_A.US,5,20251202,194500,22.18,22.18,22.18,22.18,100,0
CIM_A.US,5,20251202,195500,22.18,22.21,22.18,22.18,400,0
CIM_A.US,5,20251202,200000,22.18,22.21,22.18,22.18,300,0
CIM_A.US,5,20251202,201500,22.12,22.12,22,22.01,926,0
CIM_A.US,5,20251202,202000,22.02,22.02,22.02,22.02,100,0
CIM_A.US,5,20251202,204500,22.0001,22.0001,22.0001,22.0001,400,0
CIM_A.US,5,20251202,205500,22.02,22.02,22.02,22.02,100,0
CIM_A.US,5,20251202,210500,22.1279,22.1279,22.1279,22.1279,550,0
CIM_A.US,5,20251202,211000,22.02,22.1,21.75,22.058,2276,0
CIM_A.US,5,20251202,212500,22,22.088,22,22.088,480,0
CIM_A.US,5,20251202,213000,22.1,22.1,22.1,22.1,692,0
CIM_A.US,5,20251203,154000,21.7501,21.7501,21.7501,21.7501,453,0
CIM_A.US,5,20251203,154500,22,22,22,22,100,0
CIM_A.US,5,20251203,161500,22,22,22,22,100,0
CIM_A.US,5,20251203,163000,22,22,22,22,100,0
CIM_A.US,5,20251203,171500,22.09,22.09,21.9,22.01,2034,0
CIM_A.US,5,20251203,172000,21.99,21.99,21.9,21.9,700,0
CIM_A.US,5,20251203,181000,22.02,22.02,22.02,22.02,100,0
CIM_A.US,5,20251203,185000,21.9482,21.9482,21.9482,21.9482,100,0
CIM_A.US,5,20251203,191000,22.03,22.03,22.03,22.03,100,0
CIM_A.US,5,20251204,153500,21.95,21.95,21.95,21.95,200,0
CIM_A.US,5,20251204,155500,21.8015,21.8015,21.8015,21.8015,217,0
CIM_A.US,5,20251204,160000,21.8804,21.8804,21.8804,21.8804,227,0
CIM_A.US,5,20251204,182500,21.9,21.9,21.85,21.85,300,0
CIM_A.US,5,20251204,183500,21.98,21.98,21.91,21.91,1000,0
CIM_A.US,5,20251204,184500,21.96,21.96,21.96,21.96,200,0
CIM_A.US,5,20251204,190000,21.93,21.93,21.93,21.93,200,0
CIM_A.US,5,20251204,190500,21.89,21.91,21.89,21.91,400,0
CIM_A.US,5,20251204,191000,21.98,21.98,21.9,21.9,500,0
CIM_A.US,5,20251204,194000,21.955,21.955,21.955,21.955,400,0
CIM_A.US,5,20251204,195500,21.94,21.94,21.94,21.94,100,0
CIM_A.US,5,20251204,200000,21.94,21.94,21.94,21.94,100,0
CIM_A.US,5,20251204,203500,21.98,21.98,21.98,21.98,685,0
CIM_A.US,5,20251204,204000,21.97,21.97,21.9,21.9,200,0
CIM_A.US,5,20251205,161000,21.98,21.98,21.98,21.98,100,0
CIM_A.US,5,20251205,163000,21.98,21.98,21.98,21.98,100,0
CIM_A.US,5,20251205,173500,21.85,21.85,21.85,21.85,100,0
CIM_A.US,5,20251205,181500,21.87,21.87,21.87,21.87,200,0
CIM_A.US,5,20251205,191000,21.9,21.9,21.9,21.9,100,0
CIM_A.US,5,20251208,153000,21.9,21.9,21.9,21.9,500,0
CIM_A.US,5,20251208,160500,21.9,21.9,21.9,21.9,100,0
CIM_A.US,5,20251208,172500,21.9,21.9,21.9,21.9,100,0
CIM_A.US,5,20251208,174000,21.944,21.944,21.944,21.944,500,0
CIM_A.US,5,20251208,175000,21.94,21.94,21.905,21.905,200,0
CIM_A.US,5,20251208,184000,21.94,21.94,21.89,21.89,3851,0
CIM_A.US,5,20251208,185500,21.81,21.81,21.75,21.81,1000,0
CIM_A.US,5,20251208,194000,21.8,21.8,21.8,21.8,100,0
CIM_A.US,5,20251208,205000,21.81,21.81,21.81,21.81,110,0
CIM_A.US,5,20251208,211500,21.89,21.89,21.89,21.89,100,0
CIM_A.US,5,20251208,215500,21.87,21.87,21.87,21.87,200,0
CIM_A.US,5,20251209,155000,21.92,21.92,21.92,21.92,278,0
CIM_A.US,5,20251209,160000,21.75,21.75,21.75,21.75,1000,0
CIM_A.US,5,20251209,172500,21.85,21.98,21.85,21.98,200,0
CIM_A.US,5,20251209,183000,22,22,22,22,450,0
CIM_A.US,5,20251209,184000,21.976,21.976,21.976,21.976,250,0
CIM_A.US,5,20251209,185000,21.88,21.88,21.88,21.88,100,0
CIM_A.US,5,20251209,191000,21.89,21.95,21.89,21.9402,2450,0
CIM_A.US,5,20251209,191500,21.94,21.94,21.94,21.94,896,0
CIM_A.US,5,20251209,192000,21.94,21.94,21.94,21.94,400,0
CIM_A.US,5,20251209,192500,21.91,21.91,21.91,21.91,275,0
CIM_A.US,5,20251209,194500,21.88,21.88,21.88,21.88,100,0
CIM_A.US,5,20251209,195000,21.88,21.88,21.88,21.88,500,0
CIM_A.US,5,20251209,201500,21.9,21.9099,21.84,21.9099,557,0
CIM_A.US,5,20251209,202500,21.8,21.8,21.8,21.8,100,0
CIM_A.US,5,20251209,210500,21.87,21.87,21.82,21.82,1000,0
CIM_A.US,5,20251209,212500,21.8,21.8,21.8,21.8,100,0
CIM_A.US,5,20251209,213000,21.8636,21.8636,21.8636,21.8636,500,0
CIM_A.US,5,20251209,213500,21.8,21.8,21.8,21.8,500,0
CIM_A.US,5,20251209,214000,21.8586,21.8586,21.8586,21.8586,200,0
CIM_A.US,5,20251210,164500,21.948,21.948,21.948,21.948,100,0
CIM_A.US,5,20251210,172500,21.93,21.93,21.93,21.93,288,0
CIM_A.US,5,20251210,180000,21.83,21.83,21.83,21.83,200,0
CIM_A.US,5,20251210,190000,21.83,21.83,21.83,21.83,100,0
CIM_A.US,5,20251210,201000,21.76,21.76,21.68,21.76,663,0
CIM_A.US,5,20251210,211500,21.79,21.8,21.79,21.8,400,0
CIM_A.US,5,20251210,213000,21.8299,21.83,21.8299,21.83,1708,0
CIM_A.US,5,20251210,215000,21.86,21.885,21.86,21.885,200,0
CIM_A.US,5,20251211,160500,22.11,22.11,22.11,22.11,100,0
CIM_A.US,5,20251211,161500,22,22,22,22,200,0
CIM_A.US,5,20251211,162000,22,22,22,22,200,0
CIM_A.US,5,20251211,163000,22,22,22,22,200,0
CIM_A.US,5,20251211,171000,22.0905,22.0905,22.0905,22.0905,250,0
CIM_A.US,5,20251211,182000,22.05,22.05,22,22,2411,0
CIM_A.US,5,20251211,182500,22.0231,22.0231,22.0231,22.0231,577,0
CIM_A.US,5,20251211,183000,22.07,22.07,22.03,22.03,200,0
CIM_A.US,5,20251211,184500,22.08,22.2,22.08,22.11,800,0
CIM_A.US,5,20251211,205500,22.11,22.11,22.11,22.11,189,0
CIM_A.US,5,20251211,210500,22.132,22.132,22.12,22.12,500,0
CIM_A.US,5,20251212,162500,22.05,22.05,22.05,22.05,300,0
CIM_A.US,5,20251212,172500,21.99,21.99,21.99,21.99,400,0
CIM_A.US,5,20251212,180500,21.92,21.94,21.92,21.94,300,0
CIM_A.US,5,20251212,181000,22,22,22,22,301,0
CIM_A.US,5,20251212,190500,22.01,22.01,21.9,21.9,1695,0
CIM_A.US,5,20251212,191000,21.9854,21.9854,21.9854,21.9854,100,0
CIM_A.US,5,20251212,201000,21.9,21.9,21.9,21.9,100,0
CIM_A.US,5,20251212,202000,21.9,21.9174,21.9,21.9,1800,0
CIM_A.US,5,20251212,203500,21.9,21.9,21.9,21.9,100,0
CIM_A.US,5,20251212,210500,21.9,21.9,21.8,21.8,795,0
CIM_A.US,5,20251212,214000,21.85,21.85,21.85,21.85,300,0
CIM_A.US,5,20251215,154000,21.85,21.85,21.85,21.85,977,0
CIM_A.US,5,20251215,174000,21.8332,21.8332,21.8332,21.8332,100,0
CIM_A.US,5,20251215,175000,21.84,21.84,21.84,21.84,100,0
CIM_A.US,5,20251215,195500,21.828,21.828,21.828,21.828,500,0
CIM_A.US,5,20251215,205500,21.85,21.85,21.85,21.85,490,0
CIM_A.US,5,20251215,213500,21.82,21.82,21.82,21.82,1000,0
CIM_A.US,5,20251215,214500,21.82,21.82,21.82,21.82,600,0
CIM_A.US,5,20251216,162000,21.78,21.78,21.5,21.5,3056,0
CIM_A.US,5,20251216,163000,21.5684,21.5684,21.5684,21.5684,381,0
CIM_A.US,5,20251216,170000,21.65,21.65,21.65,21.65,200,0
CIM_A.US,5,20251216,172000,21.65,21.65,21.65,21.65,100,0
CIM_A.US,5,20251216,172500,21.62,21.62,21.62,21.62,100,0
CIM_A.US,5,20251216,173500,21.6335,21.6335,21.6335,21.6335,230,0
CIM_A.US,5,20251216,180500,21.7609,21.7609,21.7056,21.7056,200,0
CIM_A.US,5,20251216,182000,21.53,21.53,21.51,21.53,496,0
CIM_A.US,5,20251216,194500,21.5332,21.5332,21.5332,21.5332,260,0
CIM_A.US,5,20251216,211000,21.75,21.79,21.675,21.77,1100,0
CIM_A.US,5,20251216,215500,21.7,21.7,21.7,21.7,262,0
CIM_A.US,5,20251217,160000,21.57,21.85,21.55,21.85,2902,0
CIM_A.US,5,20251217,163500,21.58,21.58,21.58,21.58,200,0
CIM_A.US,5,20251217,165000,21.6,21.6,21.6,21.6,200,0
CIM_A.US,5,20251217,171500,21.56,21.6799,21.56,21.614,1000,0
CIM_A.US,5,20251217,183000,21.5801,21.5801,21.5801,21.5801,250,0
CIM_A.US,5,20251217,194000,21.58,21.58,21.55,21.55,935,0
CIM_A.US,5,20251217,194500,21.58,21.58,21.555,21.5582,900,0
CIM_A.US,5,20251217,195500,21.5686,21.5686,21.5686,21.5686,200,0
CIM_A.US,5,20251217,203000,21.565,21.565,21.565,21.565,150,0
CIM_A.US,5,20251217,203500,21.58,21.58,21.58,21.58,100,0
CIM_A.US,5,20251217,204000,21.5556,21.5556,21.55,21.55,250,0
CIM_A.US,5,20251217,205000,21.56,21.56,21.55,21.56,396,0
CIM_A.US,5,20251217,205500,21.56,21.5601,21.47,21.47,2916,0
CIM_A.US,5,20251217,211500,21.4123,21.4123,21.4123,21.4123,134,0
CIM_A.US,5,20251217,214000,21.4166,21.4166,21.35,21.35,1634,0
CIM_A.US,5,20251217,215000,21.35,21.35,21.35,21.35,100,0
CIM_A.US,5,20251217,215500,21.33,21.44,21.3001,21.44,2595,0
CIM_A.US,5,20251218,153000,21.39,21.39,21.39,21.39,100,0
CIM_A.US,5,20251218,155000,21.2845,21.3055,21.2845,21.3055,300,0
CIM_A.US,5,20251218,162000,21.23,21.23,21.23,21.23,1997,0
CIM_A.US,5,20251218,163000,21.316,21.316,21.316,21.316,100,0
CIM_A.US,5,20251218,163500,21.3,21.324,21.3,21.324,200,0
CIM_A.US,5,20251218,164500,21.3,21.3,21.3,21.3,200,0
CIM_A.US,5,20251218,165000,21.3,21.31,21.3,21.31,300,0
CIM_A.US,5,20251218,165500,21.3484,21.35,21.3484,21.35,1300,0
CIM_A.US,5,20251218,170500,21.35,21.35,21.35,21.35,100,0
CIM_A.US,5,20251218,173000,21.4,21.4,21.4,21.4,100,0
CIM_A.US,5,20251218,173500,21.4,21.4,21.4,21.4,1720,0
CIM_A.US,5,20251218,174000,21.49,21.58,21.49,21.58,500,0
CIM_A.US,5,20251218,174500,21.45,21.45,21.45,21.45,100,0
CIM_A.US,5,20251218,180500,21.41,21.41,21.41,21.41,100,0
CIM_A.US,5,20251218,181000,21.41,21.6,21.38,21.38,354,0
CIM_A.US,5,20251218,191000,21.55,21.59,21.55,21.59,426,0
CIM_A.US,5,20251218,201000,21.65,21.65,21.65,21.65,600,0
CIM_A.US,5,20251218,202500,21.675,21.675,21.675,21.675,100,0
CIM_A.US,5,20251218,203000,21.7,21.7,21.7,21.7,600,0
CIM_A.US,5,20251218,203500,21.5,21.5,21.5,21.5,100,0
CIM_A.US,5,20251218,204000,21.5,21.5,21.5,21.5,200,0
CIM_A.US,5,20251218,211500,21.5,21.5,21.5,21.5,100,0
CIM_A.US,5,20251218,213000,21.5607,21.58,21.5607,21.57,3044,0
CIM_A.US,5,20251218,213500,21.4701,21.4701,21.4701,21.4701,400,0
CIM_A.US,5,20251219,160000,21.679,21.6866,21.5,21.5,400,0
CIM_A.US,5,20251219,171000,21.64,21.64,21.64,21.64,105,0
CIM_A.US,5,20251219,171500,21.51,21.67,21.51,21.67,200,0
CIM_A.US,5,20251219,174000,21.5116,21.5116,21.5116,21.5116,396,0
CIM_A.US,5,20251219,182000,21.59,21.59,21.59,21.59,200,0
CIM_A.US,5,20251219,185000,21.52,21.52,21.52,21.52,100,0
CIM_A.US,5,20251219,190000,21.59,21.59,21.59,21.59,200,0
CIM_A.US,5,20251219,194500,21.555,21.555,21.5455,21.5455,300,0
CIM_A.US,5,20251219,195000,21.555,21.5611,21.55,21.5567,700,0
CIM_A.US,5,20251219,195500,21.51,21.51,21.51,21.51,100,0
CIM_A.US,5,20251219,200000,21.55,21.55,21.55,21.55,200,0
CIM_A.US,5,20251219,202500,21.555,21.555,21.555,21.555,400,0
CIM_A.US,5,20251219,205000,21.5357,21.5357,21.5357,21.5357,300,0
CIM_A.US,5,20251219,211000,21.55,21.55,21.55,21.55,100,0
CIM_A.US,5,20251219,211500,21.545,21.545,21.2001,21.51,1143,0
CIM_A.US,5,20251219,212500,21.415,21.5,21.2301,21.25,3121,0
CIM_A.US,5,20251219,214000,21.26,21.4,21.26,21.33,400,0
CIM_A.US,5,20251219,214500,21.3322,21.3322,21.3322,21.3322,100,0
CIM_A.US,5,20251222,153500,21.505,21.505,21.505,21.505,100,0
CIM_A.US,5,20251222,162000,21.45,21.45,21.45,21.45,100,0
CIM_A.US,5,20251222,164000,21.3487,21.3487,21.3487,21.3487,150,0
CIM_A.US,5,20251222,170500,21.31,21.35,21.31,21.35,500,0
CIM_A.US,5,20251222,171000,21.34,21.36,21.34,21.3556,700,0
CIM_A.US,5,20251222,174000,21.31,21.31,21.31,21.31,100,0
CIM_A.US,5,20251222,180000,21.35,21.35,21.35,21.35,257,0
CIM_A.US,5,20251222,182500,21.32,21.32,21.32,21.32,100,0
CIM_A.US,5,20251222,183500,21.31,21.32,21.31,21.32,301,0
CIM_A.US,5,20251222,185000,21.33,21.33,21.33,21.33,100,0
CIM_A.US,5,20251222,185500,21.33,21.33,21.33,21.33,100,0
CIM_A.US,5,20251222,190000,21.323,21.323,21.323,21.323,300,0
CIM_A.US,5,20251222,193500,21.29,21.3299,21.28,21.3299,910,0
CIM_A.US,5,20251222,194500,21.33,21.33,21.33,21.33,300,0
CIM_A.US,5,20251222,214500,21.43,21.43,21.43,21.43,600,0
CIM_A.US,5,20251222,215000,21.43,21.43,21.43,21.43,200,0
