<TICKER>,<PER>,<DATE>,<TIME>,<OPEN>,<HIGH>,<LOW>,<CLOSE>,<VOL>,<OPENINT>
ECCU.US,5,20250728,170000,24.8439,24.8439,24.8439,24.8439,500,0
ECCU.US,5,20250728,172500,24.84,24.84,24.84,24.84,200,0
ECCU.US,5,20250728,173500,24.78,24.78,24.78,24.78,200,0
ECCU.US,5,20250728,180000,24.79,24.8,24.7841,24.7999,1200,0
ECCU.US,5,20250728,180500,24.8,24.8,24.7841,24.785,900,0
ECCU.US,5,20250728,184000,24.77,24.8,24.77,24.8,800,0
ECCU.US,5,20250728,185500,24.7999,24.7999,24.7999,24.7999,200,0
ECCU.US,5,20250728,191000,24.784,24.7999,24.784,24.7999,350,0
ECCU.US,5,20250728,200500,24.76,24.775,24.76,24.775,500,0
ECCU.US,5,20250728,203500,24.75,24.76,24.75,24.75,3536,0
ECCU.US,5,20250728,204000,24.7101,24.7101,24.7101,24.7101,300,0
ECCU.US,5,20250728,205500,24.73,24.74,24.73,24.74,200,0
ECCU.US,5,20250728,210000,24.76,24.76,24.73,24.73,200,0
ECCU.US,5,20250728,211000,24.76,24.76,24.76,24.76,100,0
ECCU.US,5,20250728,211500,24.772,24.772,24.772,24.772,100,0
ECCU.US,5,20250728,214500,24.7643,24.7643,24.7643,24.7643,202,0
ECCU.US,5,20250728,215000,24.76,24.76,24.76,24.76,200,0
ECCU.US,5,20250729,153000,24.785,24.785,24.785,24.785,125,0
ECCU.US,5,20250729,161000,24.8,24.8,24.8,24.8,200,0
ECCU.US,5,20250729,172500,24.9,24.9,24.891,24.891,1100,0
ECCU.US,5,20250729,184000,24.8925,24.8925,24.8925,24.8925,602,0
ECCU.US,5,20250729,184500,24.9,24.9,24.8999,24.9,1135,0
ECCU.US,5,20250729,191500,24.9,24.9,24.8918,24.8918,1704,0
ECCU.US,5,20250729,192000,24.9,24.9,24.8995,24.8995,1704,0
ECCU.US,5,20250729,200500,24.8934,24.8934,24.8934,24.8934,100,0
ECCU.US,5,20250729,205000,24.88,24.89,24.88,24.8801,1500,0
ECCU.US,5,20250729,210500,24.85,24.86,24.85,24.85,404,0
ECCU.US,5,20250729,211500,24.85,24.86,24.85,24.86,800,0
ECCU.US,5,20250730,171000,24.872,24.872,24.872,24.872,100,0
ECCU.US,5,20250730,171500,24.8301,24.8687,24.83,24.8687,500,0
ECCU.US,5,20250730,174500,24.9,24.9,24.9,24.9,500,0
ECCU.US,5,20250730,183000,24.95,24.95,24.95,24.95,230,0
ECCU.US,5,20250730,184000,24.9333,24.9333,24.9333,24.9333,240,0
ECCU.US,5,20250730,192000,24.9274,24.9274,24.9274,24.9274,400,0
ECCU.US,5,20250730,201000,24.95,24.95,24.95,24.95,400,0
ECCU.US,5,20250730,204500,24.92,24.92,24.92,24.92,152,0
ECCU.US,5,20250730,205500,24.92,24.9201,24.9149,24.9149,1474,0
ECCU.US,5,20250730,210000,24.95,24.95,24.9001,24.9001,504,0
ECCU.US,5,20250730,211500,24.9,24.9002,24.9,24.9002,314,0
ECCU.US,5,20250730,212000,24.9165,24.9165,24.9165,24.9165,983,0
ECCU.US,5,20250730,212500,24.9,24.9002,24.9,24.9002,200,0
ECCU.US,5,20250730,213000,24.9,24.9002,24.9,24.9002,900,0
ECCU.US,5,20250730,215500,24.85,24.85,24.85,24.85,200,0
ECCU.US,5,20250731,160000,24.93,24.93,24.93,24.93,250,0
ECCU.US,5,20250731,163000,24.93,24.93,24.93,24.93,200,0
ECCU.US,5,20250731,165500,24.8601,24.8601,24.8601,24.8601,500,0
ECCU.US,5,20250731,170000,24.86,24.86,24.8,24.8,760,0
ECCU.US,5,20250731,172500,24.87,24.87,24.87,24.87,100,0
ECCU.US,5,20250731,181500,24.97,24.99,24.87,24.87,1003,0
ECCU.US,5,20250731,195000,24.9,24.9,24.9,24.9,200,0
ECCU.US,5,20250731,195500,24.8856,24.8856,24.8856,24.8856,350,0
ECCU.US,5,20250731,201000,24.88,24.8801,24.88,24.8801,200,0
ECCU.US,5,20250731,204000,24.8933,24.8933,24.8933,24.8933,150,0
ECCU.US,5,20250731,212500,24.87,24.87,24.87,24.87,442,0
ECCU.US,5,20250801,153500,24.86,24.86,24.86,24.86,130,0
ECCU.US,5,20250801,154500,24.73,24.75,24.73,24.75,1825,0
ECCU.US,5,20250801,195500,24.821,24.8211,24.821,24.8211,1640,0
ECCU.US,5,20250801,204500,24.821,24.8211,24.821,24.8211,398,0
ECCU.US,5,20250801,205500,24.91,24.91,24.91,24.91,280,0
ECCU.US,5,20250801,212000,24.9235,24.9235,24.9235,24.9235,200,0
ECCU.US,5,20250801,215500,24.865,24.89,24.865,24.89,1321,0
ECCU.US,5,20250804,160000,24.88,24.948,24.78,24.948,2767,0
ECCU.US,5,20250804,160500,24.9,24.9,24.9,24.9,100,0
ECCU.US,5,20250804,161500,24.9999,24.9999,24.9999,24.9999,100,0
ECCU.US,5,20250804,162500,24.9,24.9,24.9,24.9,100,0
ECCU.US,5,20250804,163000,24.9,24.9465,24.9,24.9465,300,0
ECCU.US,5,20250804,170500,24.9439,24.9439,24.9439,24.9439,200,0
ECCU.US,5,20250804,174500,24.9,24.9,24.9,24.9,100,0
ECCU.US,5,20250804,183000,24.9,24.9,24.9,24.9,100,0
ECCU.US,5,20250804,190000,24.9499,24.9499,24.9,24.9,300,0
ECCU.US,5,20250804,191500,24.9001,24.9001,24.9,24.9001,1703,0
ECCU.US,5,20250804,193000,24.82,24.82,24.82,24.82,100,0
ECCU.US,5,20250804,195500,24.885,24.885,24.85,24.85,200,0
ECCU.US,5,20250804,201500,24.8966,24.8966,24.8966,24.8966,1000,0
ECCU.US,5,20250804,215500,24.9,24.9,24.9,24.9,154,0
ECCU.US,5,20250805,153000,24.885,24.885,24.885,24.885,100,0
ECCU.US,5,20250805,160000,24.8,24.8,24.8,24.8,100,0
ECCU.US,5,20250805,161000,24.81,24.81,24.81,24.81,300,0
ECCU.US,5,20250805,162500,24.82,24.82,24.82,24.82,100,0
ECCU.US,5,20250805,174000,24.85,24.85,24.85,24.85,100,0
ECCU.US,5,20250805,183500,24.9374,24.9374,24.9374,24.9374,400,0
ECCU.US,5,20250805,191000,24.95,24.95,24.95,24.95,400,0
ECCU.US,5,20250805,201500,24.9999,24.9999,24.9999,24.9999,200,0
ECCU.US,5,20250805,212000,24.95,24.95,24.95,24.95,100,0
ECCU.US,5,20250805,212500,24.97,24.97,24.97,24.97,300,0
ECCU.US,5,20250806,154500,24.92,24.92,24.92,24.92,250,0
ECCU.US,5,20250806,155000,24.93,24.93,24.93,24.93,120,0
ECCU.US,5,20250806,160500,24.9382,24.9382,24.9382,24.9382,100,0
ECCU.US,5,20250806,165000,24.85,24.85,24.85,24.85,500,0
ECCU.US,5,20250806,170500,24.918,24.918,24.918,24.918,100,0
ECCU.US,5,20250806,175000,24.9,24.9,24.9,24.9,1000,0
ECCU.US,5,20250806,175500,24.913,24.913,24.913,24.913,300,0
ECCU.US,5,20250806,181500,24.91,24.91,24.91,24.91,1000,0
ECCU.US,5,20250806,184500,24.9218,24.9218,24.9218,24.9218,200,0
ECCU.US,5,20250806,190500,24.94,24.975,24.94,24.975,993,0
ECCU.US,5,20250806,191500,24.95,24.95,24.95,24.95,1300,0
ECCU.US,5,20250806,200000,24.95,24.9501,24.95,24.9501,1040,0
ECCU.US,5,20250806,203000,24.99,24.99,24.99,24.99,755,0
ECCU.US,5,20250807,165000,24.926,24.926,24.926,24.926,500,0
ECCU.US,5,20250807,173500,24.9,24.9,24.85,24.85,593,0
ECCU.US,5,20250807,192000,24.862,24.87,24.86,24.87,2000,0
ECCU.US,5,20250808,170500,24.95,24.95,24.95,24.95,400,0
ECCU.US,5,20250808,175500,24.8701,24.8701,24.8701,24.8701,750,0
ECCU.US,5,20250808,180000,24.87,24.87,24.87,24.87,300,0
ECCU.US,5,20250808,180500,24.84,24.8401,24.84,24.8401,300,0
ECCU.US,5,20250808,183000,24.84,24.8402,24.83,24.83,1250,0
ECCU.US,5,20250808,190500,24.79,24.7901,24.79,24.7901,1000,0
ECCU.US,5,20250808,191500,24.82,24.82,24.82,24.82,200,0
ECCU.US,5,20250808,200000,24.8299,24.8299,24.8299,24.8299,201,0
ECCU.US,5,20250808,200500,24.76,24.7601,24.76,24.7601,1182,0
ECCU.US,5,20250808,202500,24.79,24.79,24.79,24.79,200,0
ECCU.US,5,20250808,212000,24.75,24.75,24.75,24.75,350,0
ECCU.US,5,20250808,212500,24.7454,24.7454,24.7454,24.7454,1000,0
ECCU.US,5,20250808,213000,24.7465,24.7465,24.72,24.7465,600,0
ECCU.US,5,20250808,213500,24.71,24.71,24.71,24.71,100,0
ECCU.US,5,20250808,214000,24.72,24.72,24.699,24.699,800,0
ECCU.US,5,20250808,214500,24.6897,24.6897,24.6897,24.6897,400,0
ECCU.US,5,20250808,215000,24.66,24.66,24.66,24.66,100,0
ECCU.US,5,20250808,215500,24.72,24.72,24.72,24.72,293,0
ECCU.US,5,20250811,155500,24.75,24.76,24.75,24.76,300,0
ECCU.US,5,20250811,162500,24.77,24.77,24.76,24.77,425,0
ECCU.US,5,20250811,163000,24.74,24.788,24.72,24.788,1375,0
ECCU.US,5,20250811,164500,24.84,24.84,24.84,24.84,300,0
ECCU.US,5,20250811,170000,24.71,24.71,24.71,24.71,150,0
ECCU.US,5,20250811,174500,24.73,24.73,24.73,24.73,300,0
ECCU.US,5,20250811,175000,24.7499,24.7738,24.7499,24.7738,1232,0
ECCU.US,5,20250811,175500,24.751,24.751,24.751,24.751,420,0
ECCU.US,5,20250811,180500,24.751,24.86,24.751,24.86,860,0
ECCU.US,5,20250811,181000,24.8372,24.8372,24.805,24.805,1933,0
ECCU.US,5,20250811,182500,24.8003,24.8003,24.8003,24.8003,150,0
ECCU.US,5,20250811,183000,24.8135,24.8299,24.8135,24.8299,900,0
ECCU.US,5,20250811,183500,24.8165,24.8165,24.8165,24.8165,200,0
ECCU.US,5,20250811,185000,24.8,24.8001,24.8,24.8001,300,0
ECCU.US,5,20250811,185500,24.8,24.802,24.8,24.802,569,0
ECCU.US,5,20250811,190500,24.75,24.75,24.75,24.75,200,0
ECCU.US,5,20250811,191000,24.82,24.82,24.82,24.82,100,0
ECCU.US,5,20250811,200000,24.82,24.82,24.785,24.8199,1545,0
ECCU.US,5,20250811,202500,24.785,24.785,24.785,24.785,185,0
ECCU.US,5,20250811,213500,24.7875,24.8,24.7875,24.8,1565,0
ECCU.US,5,20250811,214000,24.8,24.8,24.8,24.8,400,0
ECCU.US,5,20250811,214500,24.8,24.8,24.8,24.8,913,0
ECCU.US,5,20250811,215500,24.82,24.82,24.82,24.82,387,0
ECCU.US,5,20250812,162000,24.91,24.9101,24.895,24.895,608,0
ECCU.US,5,20250812,163500,24.92,24.92,24.89,24.89,800,0
ECCU.US,5,20250812,165500,24.895,24.895,24.8401,24.8401,200,0
ECCU.US,5,20250812,170000,24.87,24.8992,24.87,24.8992,900,0
ECCU.US,5,20250812,173500,24.885,24.885,24.87,24.87,200,0
ECCU.US,5,20250812,174000,24.885,24.885,24.85,24.8699,500,0
ECCU.US,5,20250812,174500,24.8201,24.8201,24.82,24.82,282,0
ECCU.US,5,20250812,181000,24.8001,24.8001,24.8001,24.8001,700,0
ECCU.US,5,20250812,181500,24.85,24.85,24.85,24.85,400,0
ECCU.US,5,20250812,192500,24.85,24.86,24.85,24.86,793,0
ECCU.US,5,20250812,193000,24.8853,24.8853,24.8853,24.8853,7292,0
ECCU.US,5,20250812,194000,24.91,24.92,24.91,24.92,3713,0
ECCU.US,5,20250812,204000,24.925,24.925,24.92,24.92,1200,0
ECCU.US,5,20250812,211000,24.92,24.9201,24.92,24.9201,1240,0
ECCU.US,5,20250812,212000,24.9001,24.9001,24.9001,24.9001,200,0
ECCU.US,5,20250812,213000,24.92,24.92,24.92,24.92,1000,0
ECCU.US,5,20250812,214000,24.925,24.925,24.92,24.92,747,0
ECCU.US,5,20250812,214500,24.925,24.925,24.925,24.925,335,0
ECCU.US,5,20250813,175000,24.85,24.85,24.85,24.85,160,0
ECCU.US,5,20250813,180000,24.8606,24.8606,24.8606,24.8606,500,0
ECCU.US,5,20250813,181000,24.8501,24.8501,24.85,24.85,600,0
ECCU.US,5,20250813,181500,24.8557,24.8557,24.8557,24.8557,400,0
ECCU.US,5,20250813,182000,24.8597,24.8597,24.85,24.85,200,0
ECCU.US,5,20250813,182500,24.83,24.83,24.81,24.81,700,0
ECCU.US,5,20250813,190500,24.83,24.83,24.8,24.8,800,0
ECCU.US,5,20250813,191000,24.7948,24.8,24.7948,24.8,550,0
ECCU.US,5,20250813,193500,24.75,24.772,24.75,24.772,1211,0
ECCU.US,5,20250813,194500,24.77,24.77,24.77,24.77,287,0
ECCU.US,5,20250813,201000,24.8,24.84,24.7827,24.84,1600,0
ECCU.US,5,20250813,202500,24.772,24.786,24.772,24.772,1000,0
ECCU.US,5,20250813,204000,24.7701,24.7701,24.7701,24.7701,1000,0
ECCU.US,5,20250813,210000,24.8063,24.8063,24.8063,24.8063,400,0
ECCU.US,5,20250813,211000,24.8164,24.8164,24.8164,24.8164,300,0
ECCU.US,5,20250813,211500,24.8162,24.85,24.8162,24.85,550,0
ECCU.US,5,20250813,212500,24.8162,24.8164,24.8162,24.8164,600,0
ECCU.US,5,20250813,213000,24.85,24.85,24.85,24.85,400,0
ECCU.US,5,20250814,160000,24.8495,24.8495,24.8495,24.8495,500,0
ECCU.US,5,20250814,164000,24.85,24.85,24.85,24.85,100,0
ECCU.US,5,20250814,171500,24.81,24.81,24.8,24.8,300,0
ECCU.US,5,20250814,174500,24.85,24.85,24.85,24.85,120,0
ECCU.US,5,20250814,181000,24.85,24.85,24.8,24.8,701,0
ECCU.US,5,20250814,185500,24.8621,24.8621,24.85,24.85,997,0
ECCU.US,5,20250814,191000,24.8999,24.8999,24.8999,24.8999,500,0
ECCU.US,5,20250814,203000,24.81,24.81,24.8,24.8001,1449,0
ECCU.US,5,20250814,203500,24.8,24.8001,24.8,24.8001,680,0
ECCU.US,5,20250814,205500,24.76,24.76,24.76,24.76,449,0
ECCU.US,5,20250814,210000,24.76,24.7746,24.76,24.7746,902,0
ECCU.US,5,20250814,212000,24.75,24.75,24.71,24.71,303,0
ECCU.US,5,20250814,213000,24.72,24.72,24.71,24.71,1015,0
ECCU.US,5,20250814,214000,24.7173,24.7173,24.7173,24.7173,200,0
ECCU.US,5,20250814,214500,24.75,24.76,24.75,24.76,700,0
ECCU.US,5,20250814,215000,24.79,24.79,24.749,24.75,1700,0
ECCU.US,5,20250814,215500,24.7,24.75,24.7,24.75,1100,0
ECCU.US,5,20250815,162500,24.85,24.8502,24.85,24.8502,440,0
ECCU.US,5,20250815,165500,24.92,24.97,24.92,24.97,400,0
ECCU.US,5,20250815,173500,24.9215,24.9215,24.9215,24.9215,100,0
ECCU.US,5,20250815,174000,24.9401,24.9401,24.94,24.94,200,0
ECCU.US,5,20250815,181000,24.927,24.94,24.927,24.94,455,0
ECCU.US,5,20250815,183000,24.92,24.92,24.85,24.85,1000,0
ECCU.US,5,20250815,190000,24.8601,24.8601,24.85,24.8501,972,0
ECCU.US,5,20250815,191000,24.85,24.8501,24.85,24.8501,1200,0
ECCU.US,5,20250815,191500,24.92,24.9202,24.92,24.9202,1728,0
ECCU.US,5,20250815,215500,24.88,24.88,24.88,24.88,300,0
ECCU.US,5,20250818,154000,24.916,24.916,24.7895,24.8082,1354,0
ECCU.US,5,20250818,154500,24.8405,24.8405,24.8405,24.8405,150,0
ECCU.US,5,20250818,175000,24.8,24.81,24.8,24.81,475,0
ECCU.US,5,20250818,184000,24.84,24.8401,24.84,24.8401,800,0
ECCU.US,5,20250818,184500,24.89,24.89,24.8717,24.8717,1000,0
ECCU.US,5,20250818,190000,25,25,24.98,25,759,0
ECCU.US,5,20250818,192000,25,25,24.9806,24.9987,1400,0
ECCU.US,5,20250818,201000,24.96,25,24.96,25,240,0
ECCU.US,5,20250818,205500,25,25.49,25,25.49,3323,0
ECCU.US,5,20250818,211000,25.2123,25.2123,25.2123,25.2123,100,0
ECCU.US,5,20250818,215500,25,25,25,25,300,0
ECCU.US,5,20250819,153500,24.865,24.875,24.865,24.875,200,0
ECCU.US,5,20250819,171500,24.81,24.86,24.81,24.86,400,0
ECCU.US,5,20250819,182000,24.83,24.83,24.81,24.81,900,0
ECCU.US,5,20250819,182500,24.84,24.84,24.84,24.84,200,0
ECCU.US,5,20250819,192500,24.95,24.95,24.95,24.95,400,0
ECCU.US,5,20250819,195000,24.8363,24.8363,24.8363,24.8363,130,0
ECCU.US,5,20250819,195500,24.9037,24.9037,24.9037,24.9037,402,0
ECCU.US,5,20250819,213500,24.89,24.89,24.89,24.89,100,0
ECCU.US,5,20250819,215500,24.85,24.855,24.8001,24.85,11598,0
ECCU.US,5,20250820,154000,24.865,24.865,24.865,24.865,200,0
ECCU.US,5,20250820,160500,24.83,24.84,24.83,24.8399,500,0
ECCU.US,5,20250820,161000,24.85,24.85,24.85,24.85,1006,0
ECCU.US,5,20250820,171500,24.9078,24.9078,24.9005,24.9005,1000,0
ECCU.US,5,20250820,173500,24.8745,24.8745,24.8745,24.8745,320,0
ECCU.US,5,20250820,174000,24.86,24.86,24.86,24.86,885,0
ECCU.US,5,20250820,175000,24.85,24.85,24.85,24.85,100,0
ECCU.US,5,20250820,175500,24.8549,24.8549,24.82,24.8201,3649,0
ECCU.US,5,20250820,180000,24.81,24.82,24.81,24.82,650,0
ECCU.US,5,20250820,181500,24.8173,24.8173,24.8173,24.8173,280,0
ECCU.US,5,20250820,182500,24.8,24.8,24.8,24.8,100,0
ECCU.US,5,20250820,190000,24.8319,24.8319,24.8,24.8001,3725,0
ECCU.US,5,20250820,190500,24.8103,24.8103,24.8103,24.8103,500,0
ECCU.US,5,20250820,192500,24.82,24.82,24.8199,24.8199,1400,0
ECCU.US,5,20250820,193000,24.8,24.8,24.8,24.8,100,0
ECCU.US,5,20250820,193500,24.8,24.825,24.8,24.8,1456,0
ECCU.US,5,20250820,194000,24.8,24.8,24.8,24.8,300,0
ECCU.US,5,20250820,194500,24.8182,24.8182,24.8,24.8,1522,0
ECCU.US,5,20250820,200500,24.8,24.8,24.8,24.8,280,0
ECCU.US,5,20250820,202000,24.8111,24.83,24.8,24.8,1786,0
ECCU.US,5,20250820,202500,24.8001,24.8291,24.8,24.8,1120,0
ECCU.US,5,20250820,204500,24.8,24.8,24.8,24.8,100,0
ECCU.US,5,20250820,211500,24.8353,24.8353,24.8353,24.8353,524,0
ECCU.US,5,20250820,212000,24.8,24.8,24.8,24.8,1300,0
ECCU.US,5,20250820,212500,24.8,24.81,24.8,24.8,1612,0
ECCU.US,5,20250820,214000,24.7838,24.7862,24.7838,24.7862,504,0
ECCU.US,5,20250820,214500,24.7862,24.7862,24.7862,24.7862,404,0
ECCU.US,5,20250820,215500,24.8,24.8,24.7862,24.7992,504,0
ECCU.US,5,20250821,160000,24.85,24.85,24.795,24.8038,1200,0
ECCU.US,5,20250821,160500,24.85,24.85,24.8499,24.8499,200,0
ECCU.US,5,20250821,164500,24.85,24.85,24.8477,24.8477,904,0
ECCU.US,5,20250821,172000,25.0512,25.0512,25.0512,25.0512,402,0
ECCU.US,5,20250821,173000,24.9724,24.9724,24.9724,24.9724,800,0
ECCU.US,5,20250821,181500,24.9693,24.9693,24.9693,24.9693,402,0
ECCU.US,5,20250821,191500,24.9284,24.9284,24.9284,24.9284,600,0
ECCU.US,5,20250821,200500,25.01,25.01,24.99,25.01,999,0
ECCU.US,5,20250821,203500,24.97,24.97,24.97,24.97,100,0
ECCU.US,5,20250821,205000,24.97,24.9701,24.97,24.9701,1000,0
ECCU.US,5,20250821,215500,24.97,24.99,24.97,24.99,269,0
ECCU.US,5,20250822,155000,24.8,24.8,24.8,24.8,403,0
ECCU.US,5,20250822,173000,24.84,24.84,24.83,24.83,1000,0
ECCU.US,5,20250822,173500,24.84,24.84,24.84,24.84,100,0
ECCU.US,5,20250822,175000,24.88,24.88,24.88,24.88,200,0
ECCU.US,5,20250822,200500,24.87,24.87,24.87,24.87,100,0
ECCU.US,5,20250822,201000,24.86,24.87,24.86,24.87,500,0
ECCU.US,5,20250822,203000,24.95,24.95,24.93,24.93,400,0
ECCU.US,5,20250822,205000,24.9165,24.9478,24.91,24.91,900,0
ECCU.US,5,20250822,214500,24.88,24.89,24.85,24.85,721,0
ECCU.US,5,20250825,153000,24.852,24.86,24.852,24.852,1006,0
ECCU.US,5,20250825,155500,25.02,25.02,25.02,25.02,100,0
ECCU.US,5,20250825,162000,25.0101,25.0101,24.9997,24.9997,1314,0
ECCU.US,5,20250825,162500,24.95,24.95,24.95,24.95,400,0
ECCU.US,5,20250825,163500,24.95,24.95,24.95,24.95,100,0
ECCU.US,5,20250825,171500,24.9501,24.9501,24.95,24.95,1900,0
ECCU.US,5,20250825,175500,24.9548,24.99,24.9548,24.99,802,0
ECCU.US,5,20250825,180000,24.9999,24.9999,24.9548,24.9548,1300,0
ECCU.US,5,20250825,181500,24.9585,24.9585,24.9585,24.9585,203,0
ECCU.US,5,20250825,191500,24.965,24.965,24.965,24.965,275,0
ECCU.US,5,20250825,211000,24.96,24.96,24.96,24.96,100,0
ECCU.US,5,20250825,212500,24.98,24.98,24.98,24.98,388,0
ECCU.US,5,20250825,213000,24.9601,24.9601,24.9601,24.9601,100,0
ECCU.US,5,20250825,213500,25,25,24.96,24.96,700,0
ECCU.US,5,20250826,162500,24.97,25.008,24.96,24.96,1566,0
ECCU.US,5,20250826,164000,25,25,25,25,100,0
ECCU.US,5,20250826,172000,25.0833,25.0833,25.0833,25.0833,250,0
ECCU.US,5,20250826,194000,25.093,25.093,25.093,25.093,100,0
ECCU.US,5,20250826,195500,25.095,25.095,25.095,25.095,300,0
ECCU.US,5,20250826,202500,25.12,25.12,25.12,25.12,100,0
ECCU.US,5,20250826,203500,25.12,25.12,25.04,25.04,442,0
ECCU.US,5,20250827,171500,25.14,25.14,25.1399,25.1399,200,0
ECCU.US,5,20250827,193500,25.1,25.1,25.1,25.1,500,0
ECCU.US,5,20250827,194500,25.1,25.1,25.1,25.1,5100,0
ECCU.US,5,20250827,205500,25.0968,25.0968,25.0968,25.0968,400,0
ECCU.US,5,20250827,214000,25.1,25.1,25.1,25.1,100,0
ECCU.US,5,20250827,215500,25.16,25.16,25.16,25.16,159,0
ECCU.US,5,20250828,163000,25.0931,25.0931,25.07,25.07,200,0
ECCU.US,5,20250828,173500,25.14,25.1499,25.1267,25.1487,704,0
ECCU.US,5,20250828,175000,25.123,25.123,25.123,25.123,200,0
ECCU.US,5,20250828,210500,25.11,25.1101,25.11,25.1101,600,0
ECCU.US,5,20250828,215000,25.149,25.149,25.149,25.149,100,0
ECCU.US,5,20250829,160500,25.1195,25.1195,25.1195,25.1195,200,0
ECCU.US,5,20250829,165000,25.15,25.15,25.15,25.15,200,0
ECCU.US,5,20250829,172500,25.19,25.19,25.18,25.18,545,0
ECCU.US,5,20250829,190500,25.1439,25.1439,25.1439,25.1439,400,0
ECCU.US,5,20250829,195000,25.15,25.15,25.15,25.15,100,0
ECCU.US,5,20250829,200500,25.165,25.165,25.15,25.1502,900,0
ECCU.US,5,20250829,202500,25.1605,25.1605,25.1605,25.1605,200,0
ECCU.US,5,20250829,203500,25.15,25.15,25.09,25.09,777,0
ECCU.US,5,20250829,210500,25.185,25.185,25.185,25.185,100,0
ECCU.US,5,20250902,154500,25.21,25.24,25.21,25.24,300,0
ECCU.US,5,20250902,160500,25.2543,25.2543,25.2543,25.2543,899,0
ECCU.US,5,20250902,162000,25.26,25.26,25.24,25.2599,500,0
ECCU.US,5,20250902,164000,25.2,25.2222,25.19,25.2222,450,0
ECCU.US,5,20250902,164500,25.19,25.26,25.19,25.2599,500,0
ECCU.US,5,20250902,165500,25.26,25.26,25.19,25.19,600,0
ECCU.US,5,20250902,174500,25.2114,25.2114,25.2114,25.2114,400,0
ECCU.US,5,20250902,175000,25.2103,25.2199,25.2103,25.2199,500,0
ECCU.US,5,20250902,175500,25.19,25.22,25.19,25.22,400,0
ECCU.US,5,20250902,180000,25.16,25.16,25.16,25.16,400,0
ECCU.US,5,20250902,182000,25.22,25.22,25.22,25.22,200,0
ECCU.US,5,20250902,182500,25.105,25.1632,25.105,25.1632,250,0
ECCU.US,5,20250902,191500,25.11,25.11,25.11,25.11,265,0
ECCU.US,5,20250902,202000,25.1807,25.1807,25.1807,25.1807,800,0
ECCU.US,5,20250902,214500,25.22,25.22,25.22,25.22,200,0
ECCU.US,5,20250903,153000,25.1395,25.1395,25.1395,25.1395,198,0
ECCU.US,5,20250903,160000,25.11,25.11,25.11,25.11,100,0
ECCU.US,5,20250903,173500,25.16,25.16,25.16,25.16,100,0
ECCU.US,5,20250903,184500,25.18,25.21,25.18,25.21,219,0
ECCU.US,5,20250903,185000,25.18,25.18,25.18,25.18,100,0
ECCU.US,5,20250903,193000,25.2125,25.2125,25.2125,25.2125,891,0
ECCU.US,5,20250903,215000,25.2068,25.2068,25.2068,25.2068,240,0
ECCU.US,5,20250904,160000,25.2068,25.2068,25.17,25.17,200,0
ECCU.US,5,20250904,170500,25.2,25.2,25.2,25.2,100,0
ECCU.US,5,20250904,173500,25.2,25.2,25.2,25.2,100,0
ECCU.US,5,20250904,181000,25.25,25.25,25.2499,25.2499,600,0
ECCU.US,5,20250904,183000,25.25,25.25,25.2499,25.2499,200,0
ECCU.US,5,20250904,185000,25.25,25.25,25.2375,25.2375,665,0
ECCU.US,5,20250904,212500,25.235,25.235,25.235,25.235,200,0
ECCU.US,5,20250904,214000,25.22,25.2201,25.22,25.2201,200,0
ECCU.US,5,20250905,154500,25.25,25.25,25.165,25.165,550,0
ECCU.US,5,20250905,155000,25.1582,25.25,25.1582,25.25,400,0
ECCU.US,5,20250905,161000,25.1751,25.1751,25.1751,25.1751,100,0
ECCU.US,5,20250905,171000,25.25,25.25,25.25,25.25,100,0
ECCU.US,5,20250905,181500,25.23,25.23,25.23,25.23,2000,0
ECCU.US,5,20250905,183000,25.23,25.23,25.21,25.23,2440,0
ECCU.US,5,20250905,213500,25.21,25.23,25.21,25.23,1150,0
ECCU.US,5,20250905,214000,25.23,25.23,25.23,25.23,200,0
ECCU.US,5,20250908,161000,25.23,25.23,25.23,25.23,100,0
ECCU.US,5,20250908,163000,25.245,25.245,25.245,25.245,1900,0
ECCU.US,5,20250908,164500,25.26,25.26,25.26,25.26,325,0
ECCU.US,5,20250908,185500,25.25,25.25,25.2499,25.25,600,0
ECCU.US,5,20250908,201000,25.26,25.26,25.2599,25.2599,666,0
ECCU.US,5,20250908,205000,25.285,25.285,25.26,25.26,450,0
ECCU.US,5,20250908,210500,25.309,25.309,25.309,25.309,100,0
ECCU.US,5,20250909,165500,25.21,25.21,25.21,25.21,800,0
ECCU.US,5,20250909,171000,25.21,25.21,25.21,25.21,400,0
ECCU.US,5,20250909,172000,25.2295,25.2295,25.2295,25.2295,300,0
ECCU.US,5,20250909,180500,25.2205,25.2205,25.21,25.21,400,0
ECCU.US,5,20250909,185500,25.24,25.25,25.2399,25.25,800,0
ECCU.US,5,20250909,190000,25.302,25.302,25.302,25.302,140,0
ECCU.US,5,20250909,195000,25.3272,25.3272,25.32,25.32,265,0
ECCU.US,5,20250909,212000,25.3246,25.3246,25.3246,25.3246,400,0
ECCU.US,5,20250909,213000,25.32,25.32,25.32,25.32,100,0
ECCU.US,5,20250909,214000,25.33,25.33,25.33,25.33,142,0
ECCU.US,5,20250909,215500,25.39,25.39,25.39,25.39,164,0
ECCU.US,5,20250910,154000,25.2109,25.2109,25.21,25.2109,1295,0
ECCU.US,5,20250910,160500,25.25,25.25,25.24,25.24,200,0
ECCU.US,5,20250910,162500,25.2999,25.2999,25.255,25.255,2400,0
ECCU.US,5,20250910,163000,25.255,25.255,25.21,25.2482,2810,0
ECCU.US,5,20250910,174500,25.2751,25.2751,25.2751,25.2751,1350,0
ECCU.US,5,20250910,185500,25.28,25.28,25.28,25.28,450,0
ECCU.US,5,20250911,153500,25.3,25.3,25.3,25.3,691,0
ECCU.US,5,20250911,173000,25.31,25.31,25.31,25.31,400,0
ECCU.US,5,20250911,195500,25.3415,25.3415,25.3415,25.3415,133,0
ECCU.US,5,20250911,204500,25.31,25.31,25.31,25.31,424,0
ECCU.US,5,20250911,205000,25.25,25.25,25.25,25.25,774,0
ECCU.US,5,20250911,205500,25.273,25.2999,25.2675,25.273,600,0
ECCU.US,5,20250912,162000,25.3,25.3,25.3,25.3,3993,0
ECCU.US,5,20250912,174500,25.449,25.449,25.449,25.449,127,0
ECCU.US,5,20250912,180500,25.4,25.4,25.4,25.4,100,0
ECCU.US,5,20250912,211000,25.384,25.384,25.384,25.384,175,0
ECCU.US,5,20250912,215000,25.36,25.36,25.36,25.36,300,0
ECCU.US,5,20250915,153000,25.45,25.5,25,25,750,0
ECCU.US,5,20250915,154000,25.2475,25.2475,25,25,871,0
ECCU.US,5,20250915,154500,25.001,25.001,25,25,255,0
ECCU.US,5,20250915,155000,25.05,25.2249,25,25,620,0
ECCU.US,5,20250915,155500,24.9946,24.9946,24.99,24.9901,420,0
ECCU.US,5,20250915,160500,25.1804,25.45,24.936,25.45,800,0
ECCU.US,5,20250915,161000,24.936,25.2575,24.9001,24.93,700,0
ECCU.US,5,20250915,161500,25.2025,25.207,24.9055,24.92,900,0
ECCU.US,5,20250915,163000,24.95,25.45,24.9125,24.94,1700,0
ECCU.US,5,20250915,163500,25.2275,25.45,24.94,24.94,750,0
ECCU.US,5,20250915,164000,25.207,25.45,24.9101,24.9101,1100,0
ECCU.US,5,20250915,164500,24.925,25.45,24.925,24.94,450,0
ECCU.US,5,20250915,165000,24.9154,24.9501,24.9154,24.95,650,0
ECCU.US,5,20250915,173000,24.99,24.99,24.99,24.99,100,0
ECCU.US,5,20250915,174500,24.98,24.98,24.97,24.9701,500,0
ECCU.US,5,20250915,175000,25,25.01,25,25.01,500,0
ECCU.US,5,20250915,180500,25,25.0849,25,25,1001,0
ECCU.US,5,20250915,182000,24.98,24.98,24.98,24.98,410,0
ECCU.US,5,20250915,184000,24.98,24.98,24.98,24.98,100,0
ECCU.US,5,20250915,184500,25.083,25.083,25.083,25.083,800,0
ECCU.US,5,20250915,190500,24.98,24.98,24.98,24.98,100,0
ECCU.US,5,20250915,200500,24.99,24.99,24.99,24.99,436,0
ECCU.US,5,20250916,153000,25.2662,25.311,25.23,25.311,700,0
ECCU.US,5,20250916,155000,24.98,24.98,24.98,24.98,100,0
ECCU.US,5,20250916,160500,25.005,25.005,25.005,25.005,100,0
ECCU.US,5,20250916,164500,25.15,25.15,25.15,25.15,1000,0
ECCU.US,5,20250916,170000,25.1825,25.1825,25.1825,25.1825,200,0
ECCU.US,5,20250916,172500,25.02,25.02,25.02,25.02,100,0
ECCU.US,5,20250916,173000,25.01,25.01,25.01,25.01,100,0
ECCU.US,5,20250916,180000,25.02,25.02,25.01,25.01,600,0
ECCU.US,5,20250916,185500,25.03,25.1049,25,25.1049,418,0
ECCU.US,5,20250916,194000,25.01,25.0101,25,25.0002,1630,0
ECCU.US,5,20250916,194500,25.081,25.081,25.081,25.081,198,0
ECCU.US,5,20250916,203500,25.09,25.09,25.09,25.09,398,0
ECCU.US,5,20250916,210500,25.1,25.1,25.1,25.1,1700,0
ECCU.US,5,20250916,211000,25.1,25.1,25.1,25.1,452,0
ECCU.US,5,20250916,211500,25.09,25.09,25.09,25.09,2000,0
ECCU.US,5,20250916,214500,25.09,25.09,25.08,25.08,300,0
ECCU.US,5,20250917,154000,25.1354,25.1354,25.1,25.1,800,0
ECCU.US,5,20250917,161000,25.11,25.1101,25.11,25.1101,200,0
ECCU.US,5,20250917,163000,25.11,25.11,25.1,25.11,400,0
ECCU.US,5,20250917,164500,25.1,25.1001,25.1,25.1001,200,0
ECCU.US,5,20250917,165500,25.1,25.1,25.1,25.1,100,0
ECCU.US,5,20250917,172500,25.1,25.1,25.08,25.08,457,0
ECCU.US,5,20250917,174500,25.08,25.08,25.08,25.08,200,0
ECCU.US,5,20250917,183000,25.0999,25.1,25.0927,25.1,1581,0
ECCU.US,5,20250917,190000,25.08,25.08,25.08,25.08,100,0
ECCU.US,5,20250917,191000,25.08,25.091,25.08,25.0802,2100,0
ECCU.US,5,20250917,191500,25.08,25.08,25.08,25.08,1378,0
ECCU.US,5,20250917,202500,25.068,25.068,25.068,25.068,288,0
ECCU.US,5,20250917,210000,25.0628,25.0628,25.0628,25.0628,500,0
ECCU.US,5,20250917,210500,25.066,25.066,25.04,25.04,300,0
ECCU.US,5,20250918,154500,25.03,25.03,25.03,25.03,200,0
ECCU.US,5,20250918,162500,25.04,25.04,25.04,25.04,612,0
ECCU.US,5,20250918,163000,25,25,25,25,100,0
ECCU.US,5,20250918,175000,25.01,25.01,25,25,3378,0
ECCU.US,5,20250918,175500,25,25,25,25,143,0
ECCU.US,5,20250918,201000,25.0002,25.0002,25,25,200,0
ECCU.US,5,20250919,153000,25.108,25.108,25.108,25.108,100,0
ECCU.US,5,20250919,160000,25.09,25.09,25.09,25.09,114,0
ECCU.US,5,20250919,185000,25.002,25.002,25.002,25.002,125,0
ECCU.US,5,20250919,194000,25.01,25.0101,25,25.0002,1550,0
ECCU.US,5,20250919,201500,25,25,25,25,200,0
ECCU.US,5,20250919,203000,25.1086,25.1086,25.1086,25.1086,200,0
ECCU.US,5,20250922,155000,25.1,25.1,25.1,25.1,300,0
ECCU.US,5,20250922,163000,25.1685,25.2,25.11,25.1101,900,0
ECCU.US,5,20250922,175500,25.11,25.1102,25.11,25.1102,1000,0
ECCU.US,5,20250922,180000,25.1,25.1,25.1,25.1,100,0
ECCU.US,5,20250922,183500,25.1,25.1,25.1,25.1,100,0
ECCU.US,5,20250922,215500,25.1,25.1,25.1,25.1,200,0
ECCU.US,5,20250923,173500,25.07,25.07,25.07,25.07,100,0
ECCU.US,5,20250923,182500,25.07,25.07,25.07,25.07,100,0
ECCU.US,5,20250923,193500,25.08,25.08,25.08,25.08,681,0
ECCU.US,5,20250923,194000,25.01,25.01,25.01,25.01,100,0
ECCU.US,5,20250923,205500,25.1,25.1,25.1,25.1,300,0
ECCU.US,5,20250924,153000,25.336,25.336,25.15,25.2832,1000,0
ECCU.US,5,20250924,153500,25.2425,25.3011,25.11,25.11,550,0
ECCU.US,5,20250924,155000,25.12,25.12,25.12,25.12,100,0
ECCU.US,5,20250924,165500,25.3287,25.3287,25.0501,25.0501,452,0
ECCU.US,5,20250924,172000,25.16,25.16,25.14,25.16,1332,0
ECCU.US,5,20250924,175000,25.05,25.05,25.05,25.05,100,0
ECCU.US,5,20250924,205500,25.06,25.06,25.06,25.06,100,0
ECCU.US,5,20250924,210000,25.07,25.07,25.07,25.07,100,0
ECCU.US,5,20250924,215500,25.09,25.09,25.09,25.09,183,0
ECCU.US,5,20250925,160500,25.29,25.3,25.06,25.3,1400,0
ECCU.US,5,20250925,161500,25.15,25.15,25.15,25.15,300,0
ECCU.US,5,20250925,165500,25.1969,25.1969,25.1969,25.1969,100,0
ECCU.US,5,20250925,173000,25.2055,25.2055,25.165,25.165,236,0
ECCU.US,5,20250925,174500,25.04,25.04,25.03,25.03,204,0
ECCU.US,5,20250925,183000,25.04,25.0482,25.03,25.0301,2462,0
ECCU.US,5,20250925,184000,25.03,25.03,25.03,25.03,200,0
ECCU.US,5,20250925,185500,25.03,25.03,25.03,25.03,104,0
ECCU.US,5,20250925,193000,25.0376,25.044,25.0376,25.044,800,0
ECCU.US,5,20250925,193500,25.03,25.03,25.03,25.03,100,0
ECCU.US,5,20250925,194500,25.03,25.03,25.03,25.03,400,0
ECCU.US,5,20250925,203500,25.026,25.0621,25.026,25.0621,200,0
ECCU.US,5,20250925,205500,25,25,25,25,100,0
ECCU.US,5,20250925,214500,25.1,25.1,25.1,25.1,100,0
ECCU.US,5,20250926,153500,25.02,25.02,25.02,25.02,200,0
ECCU.US,5,20250926,154000,25.03,25.03,25.03,25.03,100,0
ECCU.US,5,20250926,154500,25.095,25.0989,25.03,25.03,1000,0
ECCU.US,5,20250926,155000,25.02,25.08,25.02,25.08,400,0
ECCU.US,5,20250926,162000,25.01,25.01,25.01,25.01,300,0
ECCU.US,5,20250926,172500,24.93,24.93,24.9,24.9,800,0
ECCU.US,5,20250926,173000,24.88,24.88,24.88,24.88,100,0
ECCU.US,5,20250926,190000,25.11,25.14,25.11,25.14,200,0
ECCU.US,5,20250926,204000,25.107,25.107,25.107,25.107,100,0
ECCU.US,5,20250926,212000,25.09,25.09,25.09,25.09,100,0
ECCU.US,5,20250929,160500,24.9301,24.9301,24.9301,24.9301,100,0
ECCU.US,5,20250929,192500,25.08,25.08,25.08,25.08,200,0
ECCU.US,5,20250929,195500,25.08,25.08,25.08,25.08,100,0
ECCU.US,5,20250929,201500,25,25,25,25,100,0
ECCU.US,5,20250929,204500,25.0872,25.0872,25.0872,25.0872,500,0
ECCU.US,5,20250930,155500,25.09,25.09,25.09,25.09,440,0
ECCU.US,5,20250930,161500,24.94,25.04,24.94,25.04,302,0
ECCU.US,5,20250930,190500,25.1599,25.1599,25.1599,25.1599,200,0
ECCU.US,5,20250930,201000,25.035,25.035,25.035,25.035,200,0
ECCU.US,5,20250930,203000,25.09,25.09,25.09,25.09,240,0
ECCU.US,5,20250930,210000,25.1085,25.1085,25.1085,25.1085,240,0
ECCU.US,5,20250930,211500,25.0451,25.12,25.0451,25.1199,720,0
ECCU.US,5,20250930,214000,25.04,25.04,25.04,25.04,600,0
ECCU.US,5,20251001,172000,25.075,25.075,25.075,25.075,100,0
ECCU.US,5,20251001,173000,25.075,25.075,25.075,25.075,100,0
ECCU.US,5,20251001,194500,25.02,25.02,25,25,505,0
ECCU.US,5,20251001,200000,25,25,25,25,140,0
ECCU.US,5,20251001,205500,25.0553,25.0553,25.0553,25.0553,1350,0
ECCU.US,5,20251002,154000,25.093,25.093,25.093,25.093,240,0
ECCU.US,5,20251002,192000,25.05,25.05,25.05,25.05,100,0
ECCU.US,5,20251002,195000,25.06,25.06,25.06,25.06,178,0
ECCU.US,5,20251002,202000,25.01,25.0606,25.01,25.0606,249,0
ECCU.US,5,20251002,211000,25.06,25.06,25.06,25.06,400,0
ECCU.US,5,20251003,180000,25.15,25.15,25.15,25.15,1000,0
ECCU.US,5,20251003,195500,25.1485,25.1485,25.1485,25.1485,100,0
ECCU.US,5,20251006,162000,25.25,25.25,25.25,25.25,100,0
ECCU.US,5,20251006,165000,25.056,25.056,25.056,25.056,400,0
ECCU.US,5,20251006,165500,25.1,25.1,25.1,25.1,600,0
ECCU.US,5,20251006,171000,25.1693,25.1693,25.1693,25.1693,400,0
ECCU.US,5,20251006,171500,25.12,25.16,25.12,25.12,500,0
ECCU.US,5,20251006,172000,25.1481,25.1481,25.1481,25.1481,125,0
ECCU.US,5,20251006,172500,25.12,25.12,25.12,25.12,100,0
ECCU.US,5,20251007,153500,25.22,25.2315,25.12,25.12,500,0
ECCU.US,5,20251007,202000,25.13,25.13,25.12,25.12,200,0
ECCU.US,5,20251007,203000,25.2487,25.2487,25.2487,25.2487,400,0
ECCU.US,5,20251007,204000,25.24,25.24,25.24,25.24,300,0
ECCU.US,5,20251007,212500,25.198,25.198,25.13,25.13,1100,0
ECCU.US,5,20251007,214500,25.13,25.186,25.12,25.186,1145,0
ECCU.US,5,20251008,173000,25.1915,25.1915,25.1915,25.1915,100,0
ECCU.US,5,20251008,190500,25.19,25.19,25.19,25.19,293,0
ECCU.US,5,20251008,191000,25.19,25.19,25.19,25.19,100,0
ECCU.US,5,20251008,195500,25.223,25.223,25.223,25.223,100,0
ECCU.US,5,20251008,200000,25.25,25.25,25.223,25.223,200,0
ECCU.US,5,20251009,172000,25.133,25.133,25.133,25.133,501,0
ECCU.US,5,20251009,172500,25.12,25.12,25.12,25.12,100,0
ECCU.US,5,20251009,175000,25.12,25.12,25.12,25.12,113,0
ECCU.US,5,20251009,212000,25.113,25.113,25.113,25.113,400,0
ECCU.US,5,20251010,153000,25.1,25.1,25.08,25.08,275,0
ECCU.US,5,20251010,162000,25.18,25.18,25.18,25.18,500,0
ECCU.US,5,20251010,195500,25.089,25.089,25.089,25.089,100,0
ECCU.US,5,20251010,205000,25.05,25.05,25.05,25.05,100,0
ECCU.US,5,20251010,211000,25.05,25.05,25.04,25.04,523,0
ECCU.US,5,20251010,212000,25.0315,25.0315,25.0315,25.0315,200,0
ECCU.US,5,20251013,153500,25.1104,25.1104,25.1104,25.1104,100,0
ECCU.US,5,20251013,162000,25.05,25.06,25.05,25.05,700,0
ECCU.US,5,20251013,173000,25.14,25.14,25.14,25.14,100,0
ECCU.US,5,20251013,173500,25.14,25.14,25.14,25.14,100,0
ECCU.US,5,20251013,193000,25.14,25.14,25.14,25.14,100,0
ECCU.US,5,20251013,194000,25.14,25.14,25.14,25.14,100,0
ECCU.US,5,20251013,215000,25.0896,25.0896,25.0896,25.0896,150,0
ECCU.US,5,20251014,192000,25.06,25.06,25.06,25.06,100,0
ECCU.US,5,20251014,202000,25.0616,25.13,25.0616,25.0699,1500,0
ECCU.US,5,20251014,210000,25.05,25.05,25.05,25.05,300,0
ECCU.US,5,20251014,214500,25.06,25.06,25.05,25.05,200,0
ECCU.US,5,20251015,153500,25.08,25.08,25.08,25.08,145,0
ECCU.US,5,20251015,160000,25.12,25.2,25.1199,25.1199,802,0
ECCU.US,5,20251015,171000,25.2,25.2,25.2,25.2,100,0
ECCU.US,5,20251015,174500,25.115,25.1413,25.115,25.1413,500,0
ECCU.US,5,20251015,180000,25.14,25.14,25.14,25.14,100,0
ECCU.US,5,20251015,190500,25.08,25.09,25.08,25.09,885,0
ECCU.US,5,20251015,191000,25.05,25.065,25.05,25.065,600,0
ECCU.US,5,20251015,203000,25.065,25.08,25.065,25.069,600,0
ECCU.US,5,20251015,204000,25.115,25.115,25.115,25.115,111,0
ECCU.US,5,20251015,204500,25.115,25.15,25.115,25.1244,1750,0
ECCU.US,5,20251015,212500,25.12,25.18,25.1198,25.1797,1000,0
ECCU.US,5,20251015,213500,25.132,25.132,25.132,25.132,114,0
ECCU.US,5,20251016,192500,25.2837,25.2837,25.2837,25.2837,600,0
ECCU.US,5,20251016,193500,25.2775,25.3,25.2775,25.3,565,0
ECCU.US,5,20251016,194000,25.25,25.25,25.25,25.25,100,0
ECCU.US,5,20251016,211000,25.2289,25.2289,25.2289,25.2289,100,0
ECCU.US,5,20251016,211500,25.2067,25.3,25.18,25.3,700,0
ECCU.US,5,20251016,215500,25.16,25.16,25.16,25.16,126,0
ECCU.US,5,20251017,154500,25.3,25.3,25.3,25.3,100,0
ECCU.US,5,20251017,165000,25.3,25.3,25.3,25.3,100,0
ECCU.US,5,20251017,175000,25.2675,25.2675,25.2675,25.2675,189,0
ECCU.US,5,20251017,194000,25.3,25.3,25.3,25.3,100,0
ECCU.US,5,20251017,194500,25.2505,25.2505,25.2505,25.2505,100,0
ECCU.US,5,20251017,210000,25.25,25.3,25.25,25.25,500,0
ECCU.US,5,20251017,210500,25.18,25.18,25.18,25.18,300,0
ECCU.US,5,20251017,214000,25.18,25.18,25.18,25.18,200,0
ECCU.US,5,20251017,215500,25.22,25.22,25.22,25.22,124,0
ECCU.US,5,20251020,153500,25.234,25.234,25.234,25.234,100,0
ECCU.US,5,20251020,171000,25.171,25.171,25.171,25.171,500,0
ECCU.US,5,20251020,173500,25.16,25.16,25.16,25.16,100,0
ECCU.US,5,20251020,181500,25.1725,25.1725,25.1725,25.1725,100,0
ECCU.US,5,20251020,182000,25.15,25.15,25.15,25.15,428,0
ECCU.US,5,20251020,183000,25.0976,25.0976,25.0976,25.0976,800,0
ECCU.US,5,20251020,191000,25.137,25.137,25.137,25.137,500,0
ECCU.US,5,20251020,212500,25.1,25.1,25.1,25.1,100,0
ECCU.US,5,20251020,213000,25.1,25.1,25.1,25.1,300,0
ECCU.US,5,20251020,213500,25.1069,25.1069,25.1069,25.1069,100,0
ECCU.US,5,20251021,161500,25.2194,25.2194,25.2194,25.2194,1166,0
ECCU.US,5,20251021,192000,25.1,25.1,25.01,25.01,5228,0
ECCU.US,5,20251021,193000,25.01,25.01,25.0099,25.0099,200,0
ECCU.US,5,20251021,193500,25.01,25.01,25,25,300,0
ECCU.US,5,20251021,195000,25,25,25,25,3470,0
ECCU.US,5,20251021,195500,25,25,25,25,714,0
ECCU.US,5,20251021,205000,25.005,25.01,25.0044,25.0044,1919,0
ECCU.US,5,20251021,210000,25.01,25.01,25,25,3998,0
ECCU.US,5,20251021,215500,25,25,25,25,123,0
ECCU.US,5,20251022,153000,25.168,25.168,25.001,25.001,550,0
ECCU.US,5,20251022,154500,25.01,25.01,25,25,200,0
ECCU.US,5,20251022,164000,25.02,25.02,25.02,25.02,100,0
ECCU.US,5,20251022,174500,25.04,25.0401,25.02,25.02,707,0
ECCU.US,5,20251022,175500,25.0201,25.0201,25.0201,25.0201,401,0
ECCU.US,5,20251022,192500,25.2972,25.2972,25.2972,25.2972,300,0
ECCU.US,5,20251022,194000,25.021,25.021,25.02,25.02,450,0
ECCU.US,5,20251022,201000,25.102,25.102,25.102,25.102,100,0
ECCU.US,5,20251022,201500,25.1,25.1,25.1,25.1,150,0
ECCU.US,5,20251022,202000,25.212,25.212,25.212,25.212,300,0
ECCU.US,5,20251022,202500,25.25,25.2699,25.23,25.23,1310,0
ECCU.US,5,20251022,203000,25.29,25.29,25.15,25.1501,600,0
ECCU.US,5,20251022,203500,25.215,25.215,25.215,25.215,100,0
ECCU.US,5,20251022,215500,25.15,25.15,25.15,25.15,300,0
ECCU.US,5,20251023,153000,25.118,25.118,25.1,25.1,256,0
ECCU.US,5,20251023,161500,25.11,25.11,25.11,25.11,200,0
ECCU.US,5,20251024,161500,25.2475,25.2475,25.2475,25.2475,418,0
ECCU.US,5,20251024,170500,25.2289,25.2289,25.2289,25.2289,500,0
ECCU.US,5,20251024,175500,25.2999,25.2999,25.2999,25.2999,594,0
ECCU.US,5,20251024,184000,25.2025,25.2025,25.2025,25.2025,250,0
ECCU.US,5,20251024,195000,25.22,25.22,25.22,25.22,176,0
ECCU.US,5,20251024,202500,25.272,25.272,25.272,25.272,100,0
ECCU.US,5,20251024,203500,25.2545,25.2545,25.23,25.23,800,0
ECCU.US,5,20251024,204000,25.23,25.2545,25.23,25.2545,300,0
ECCU.US,5,20251024,215500,25.22,25.22,25.22,25.22,119,0
ECCU.US,5,20251027,143500,25.22,25.22,25.22,25.22,300,0
ECCU.US,5,20251027,163500,25.2258,25.23,25.2258,25.23,1000,0
ECCU.US,5,20251027,164500,25.22,25.22,25.22,25.22,100,0
ECCU.US,5,20251027,171500,25.22,25.2201,25.22,25.2201,240,0
ECCU.US,5,20251027,173000,25.22,25.2201,25.22,25.2201,290,0
ECCU.US,5,20251027,205500,25.17,25.17,25.17,25.17,118,0
ECCU.US,5,20251028,193000,25.299,25.299,25.299,25.299,100,0
ECCU.US,5,20251028,202500,25.2,25.2,25.2,25.2,100,0
ECCU.US,5,20251028,203000,25.2,25.256,25.2,25.256,300,0
ECCU.US,5,20251029,154500,25.19,25.3,25.19,25.3,200,0
ECCU.US,5,20251029,160000,25.25,25.25,25.25,25.25,460,0
ECCU.US,5,20251029,162500,25.2,25.21,25.2,25.21,300,0
ECCU.US,5,20251029,163000,25.21,25.21,25.1,25.1,400,0
ECCU.US,5,20251029,180000,25.1,25.12,25.0976,25.0976,600,0
ECCU.US,5,20251029,183000,25.115,25.115,25,25,3883,0
ECCU.US,5,20251029,183500,25,25,24.9505,24.9505,450,0
ECCU.US,5,20251029,184000,25,25,24.9485,24.9651,2350,0
ECCU.US,5,20251029,185000,24.948,24.948,24.948,24.948,250,0
ECCU.US,5,20251029,190500,25,25,25,25,4121,0
ECCU.US,5,20251030,163000,25.085,25.085,25.085,25.085,200,0
ECCU.US,5,20251030,175500,25.069,25.08,25.069,25.08,300,0
ECCU.US,5,20251030,180000,25.1,25.1,25.1,25.1,500,0
ECCU.US,5,20251030,191500,25.09,25.09,25.09,25.09,184,0
ECCU.US,5,20251030,203500,25.08,25.08,25.08,25.08,600,0
ECCU.US,5,20251031,144500,25.1,25.1,25.1,25.1,400,0
ECCU.US,5,20251031,152000,25.1499,25.1499,25.1499,25.1499,100,0
ECCU.US,5,20251031,153500,25.1,25.1001,25.1,25.1001,400,0
ECCU.US,5,20251031,154000,25.1,25.1,25.1,25.1,425,0
ECCU.US,5,20251031,160500,25.11,25.11,25.11,25.11,127,0
ECCU.US,5,20251031,170000,25.1045,25.149,25.1045,25.1192,1262,0
ECCU.US,5,20251031,171500,25.0888,25.0888,25.0888,25.0888,100,0
ECCU.US,5,20251031,172000,25.087,25.1,25.08,25.08,1895,0
ECCU.US,5,20251031,195500,25.07,25.1,25.07,25.1,500,0
ECCU.US,5,20251031,205000,25.0572,25.0572,25.0572,25.0572,295,0
ECCU.US,5,20251031,205500,25.0415,25.0415,25.0415,25.0415,150,0
ECCU.US,5,20251103,154000,25.1599,25.1599,25.1599,25.1599,100,0
ECCU.US,5,20251103,164000,25.08,25.08,25.08,25.08,1600,0
ECCU.US,5,20251103,174000,25.08,25.08,25.08,25.08,200,0
ECCU.US,5,20251103,180500,25.08,25.13,25.08,25.13,335,0
ECCU.US,5,20251103,181000,25.06,25.06,25.06,25.06,150,0
ECCU.US,5,20251103,185000,25.1,25.1,25.1,25.1,200,0
ECCU.US,5,20251103,190000,25.14,25.14,25.1,25.12,3175,0
ECCU.US,5,20251103,190500,25.12,25.2396,25.12,25.22,2251,0
ECCU.US,5,20251103,192500,25.145,25.145,25.145,25.145,300,0
ECCU.US,5,20251103,211000,25.105,25.15,25.105,25.15,808,0
ECCU.US,5,20251103,212000,25.1801,25.258,25.1801,25.258,250,0
ECCU.US,5,20251103,215000,25.11,25.12,25.08,25.08,1200,0
ECCU.US,5,20251104,180000,25.08,25.0801,25.08,25.0801,200,0
ECCU.US,5,20251104,190000,25.19,25.19,25.19,25.19,300,0
ECCU.US,5,20251105,153000,25.0601,25.0601,25.0601,25.0601,200,0
ECCU.US,5,20251105,153500,25.07,25.08,24.95,24.95,1269,0
ECCU.US,5,20251105,160000,25.13,25.15,25.072,25.1499,450,0
ECCU.US,5,20251105,171500,25.28,25.28,25.28,25.28,900,0
ECCU.US,5,20251105,190500,25.08,25.09,25.08,25.08,723,0
ECCU.US,5,20251105,191000,25.07,25.07,25.07,25.07,600,0
ECCU.US,5,20251105,191500,25.07,25.07,25.06,25.06,400,0
ECCU.US,5,20251105,192000,25.05,25.06,25.04,25.05,533,0
ECCU.US,5,20251105,192500,25.06,25.06,25.06,25.06,233,0
ECCU.US,5,20251105,193000,25.05,25.06,25.02,25.02,925,0
ECCU.US,5,20251105,193500,25.02,25.02,25.02,25.02,200,0
ECCU.US,5,20251105,194000,25.01,25.046,25.01,25.02,650,0
ECCU.US,5,20251105,194500,25.02,25.02,25.02,25.02,300,0
ECCU.US,5,20251105,195000,25.01,25.01,25.01,25.01,300,0
ECCU.US,5,20251105,195500,25.02,25.02,25.01,25.01,299,0
ECCU.US,5,20251105,200000,25.01,25.01,25.01,25.01,300,0
ECCU.US,5,20251105,200500,25.01,25.01,25.01,25.01,200,0
ECCU.US,5,20251105,202000,25.01,25.01,25,25.0002,700,0
ECCU.US,5,20251105,202500,25,25.01,25,25.01,650,0
ECCU.US,5,20251105,205000,25,25.02,25,25.02,417,0
ECCU.US,5,20251105,211000,25.01,25.01,25.01,25.01,200,0
ECCU.US,5,20251105,211500,25.02,25.02,25.0199,25.0199,400,0
ECCU.US,5,20251105,212000,25.009,25.01,25.007,25.01,400,0
ECCU.US,5,20251105,212500,25.02,25.02,25.02,25.02,600,0
ECCU.US,5,20251105,213000,25.01,25.01,25.01,25.01,300,0
ECCU.US,5,20251105,213500,25.01,25.01,25.01,25.01,700,0
ECCU.US,5,20251105,214000,25.0525,25.08,25.03,25.03,2000,0
ECCU.US,5,20251105,215500,25.03,25.03,25.03,25.03,200,0
ECCU.US,5,20251106,160000,25.06,25.06,25.05,25.05,200,0
ECCU.US,5,20251106,162500,25.08,25.08,25.08,25.08,226,0
ECCU.US,5,20251106,174000,25.03,25.03,25.03,25.03,100,0
ECCU.US,5,20251106,174500,25.03,25.03,25.03,25.03,100,0
ECCU.US,5,20251106,192000,25.066,25.09,25.0518,25.0797,800,0
ECCU.US,5,20251106,201000,25.06,25.06,25.0332,25.0487,2300,0
ECCU.US,5,20251106,201500,25.0612,25.0612,25.0612,25.0612,240,0
ECCU.US,5,20251106,204500,25.09,25.09,25.0698,25.0698,220,0
ECCU.US,5,20251106,213500,25.02,25.0595,25.02,25.0595,1075,0
ECCU.US,5,20251106,214000,25.055,25.0991,25.055,25.0991,200,0
ECCU.US,5,20251107,155000,25.12,25.12,25.12,25.12,110,0
ECCU.US,5,20251107,213500,25.09,25.09,25.09,25.09,358,0
ECCU.US,5,20251110,161500,25.09,25.09,25.09,25.09,100,0
ECCU.US,5,20251110,173500,25.08,25.08,25.08,25.08,100,0
ECCU.US,5,20251110,174000,25.07,25.07,25.07,25.07,100,0
ECCU.US,5,20251110,181000,25.06,25.06,25.05,25.05,1228,0
ECCU.US,5,20251110,182000,25.05,25.05,25.05,25.05,100,0
ECCU.US,5,20251110,182500,25.09,25.09,25.07,25.076,700,0
ECCU.US,5,20251110,194000,25.072,25.072,25.072,25.072,438,0
ECCU.US,5,20251110,204000,25.09,25.09,25.09,25.09,300,0
ECCU.US,5,20251110,210000,25.0725,25.09,25.0725,25.09,300,0
ECCU.US,5,20251110,210500,25.05,25.05,25.0401,25.0405,558,0
ECCU.US,5,20251110,211000,25.0401,25.0405,25.04,25.0405,800,0
ECCU.US,5,20251110,212500,25.08,25.0803,25.04,25.04,1000,0
ECCU.US,5,20251110,213000,25.04,25.0405,25.04,25.0405,200,0
ECCU.US,5,20251110,214000,25.06,25.0603,25.06,25.06,400,0
ECCU.US,5,20251111,154000,25.04,25.05,25.03,25.03,1803,0
ECCU.US,5,20251111,154500,25.035,25.0641,25.035,25.0641,400,0
ECCU.US,5,20251111,160000,25.037,25.037,25.037,25.037,400,0
ECCU.US,5,20251111,170000,25.028,25.028,25.028,25.028,100,0
ECCU.US,5,20251111,170500,25.05,25.05,25.028,25.05,1100,0
ECCU.US,5,20251111,173000,25.0525,25.08,25.0475,25.08,455,0
ECCU.US,5,20251111,184500,25.08,25.08,25.08,25.08,200,0
ECCU.US,5,20251111,193500,25.09,25.09,25.09,25.09,200,0
ECCU.US,5,20251111,212500,25.05,25.1,25.05,25.1,594,0
ECCU.US,5,20251111,215500,25.03,25.03,25.03,25.03,200,0
ECCU.US,5,20251112,171500,25.065,25.065,25.065,25.065,100,0
ECCU.US,5,20251112,174500,25.09,25.09,25.065,25.065,700,0
ECCU.US,5,20251112,200000,25.04,25.04,25.04,25.04,109,0
ECCU.US,5,20251113,154500,25.085,25.085,25.085,25.085,300,0
ECCU.US,5,20251113,155500,25.08,25.08,25.08,25.08,100,0
ECCU.US,5,20251113,160000,25.07,25.07,25.07,25.07,150,0
ECCU.US,5,20251113,162000,25.08,25.08,25.08,25.08,160,0
ECCU.US,5,20251113,165000,25.1,25.1,25.1,25.1,300,0
ECCU.US,5,20251113,174000,25.06,25.06,25.06,25.06,400,0
ECCU.US,5,20251113,175000,25.12,25.13,25.12,25.13,700,0
ECCU.US,5,20251113,204000,25.17,25.17,25.17,25.17,100,0
ECCU.US,5,20251114,171500,25.23,25.23,25.23,25.23,100,0
ECCU.US,5,20251114,172000,25.197,25.197,25.197,25.197,200,0
ECCU.US,5,20251114,172500,25.2,25.2,25.2,25.2,100,0
ECCU.US,5,20251117,154500,25.2,25.2,25.2,25.2,100,0
ECCU.US,5,20251117,155000,25.2,25.2,25.2,25.2,100,0
ECCU.US,5,20251117,160500,25.23,25.23,25.2299,25.2299,800,0
ECCU.US,5,20251117,170000,25.24,25.24,25.24,25.24,100,0
ECCU.US,5,20251117,180500,25.29,25.3,25.276,25.3,2300,0
ECCU.US,5,20251117,181000,25.2724,25.3,25.2724,25.2724,593,0
ECCU.US,5,20251117,195500,25.26,25.26,25.26,25.26,405,0
ECCU.US,5,20251117,201000,25.2499,25.2499,25.2499,25.2499,600,0
ECCU.US,5,20251117,202000,25.24,25.2494,25.24,25.2494,1676,0
ECCU.US,5,20251117,204000,25.2675,25.2675,25.2675,25.2675,103,0
ECCU.US,5,20251117,204500,25.28,25.28,25.2799,25.2799,400,0
ECCU.US,5,20251117,210000,25.24,25.24,25.24,25.24,850,0
ECCU.US,5,20251117,210500,25.23,25.23,25.23,25.23,2509,0
ECCU.US,5,20251117,212000,25.23,25.23,25.23,25.23,1650,0
ECCU.US,5,20251117,215000,25.25,25.25,25.239,25.239,437,0
ECCU.US,5,20251118,161000,25.24,25.2604,25.24,25.2604,1000,0
ECCU.US,5,20251118,172500,25.3,25.3,25.3,25.3,100,0
ECCU.US,5,20251118,180500,25.3,25.3,25.3,25.3,200,0
ECCU.US,5,20251118,181500,25.24,25.24,25.24,25.24,200,0
ECCU.US,5,20251118,182000,25.24,25.24,25.24,25.24,300,0
ECCU.US,5,20251118,182500,25.24,25.24,25.24,25.24,200,0
ECCU.US,5,20251118,183000,25.24,25.24,25.24,25.24,200,0
ECCU.US,5,20251118,183500,25.24,25.24,25.24,25.24,200,0
ECCU.US,5,20251118,184000,25.24,25.24,25.24,25.24,200,0
ECCU.US,5,20251118,184500,25.24,25.24,25.24,25.24,100,0
ECCU.US,5,20251118,185000,25.24,25.24,25.24,25.24,200,0
ECCU.US,5,20251118,185500,25.24,25.24,25.24,25.24,200,0
ECCU.US,5,20251118,190000,25.24,25.24,25.24,25.24,200,0
ECCU.US,5,20251118,190500,25.24,25.24,25.24,25.24,100,0
ECCU.US,5,20251118,191000,25.24,25.24,25.24,25.24,100,0
ECCU.US,5,20251118,191500,25.23,25.23,25.23,25.23,200,0
ECCU.US,5,20251118,192000,25.23,25.23,25.23,25.23,200,0
ECCU.US,5,20251118,192500,25.23,25.23,25.23,25.23,300,0
ECCU.US,5,20251118,193500,25.23,25.23,25.23,25.23,100,0
ECCU.US,5,20251118,194500,25.17,25.17,25.17,25.17,200,0
ECCU.US,5,20251118,195000,25.17,25.17,25.17,25.17,200,0
ECCU.US,5,20251118,195500,25.17,25.17,25.17,25.17,200,0
ECCU.US,5,20251118,200000,25.17,25.17,25.17,25.17,300,0
ECCU.US,5,20251118,200500,25.17,25.17,25.17,25.17,200,0
ECCU.US,5,20251118,201000,25.17,25.17,25.17,25.17,100,0
ECCU.US,5,20251118,201500,25.17,25.17,25.17,25.17,200,0
ECCU.US,5,20251118,202000,25.17,25.17,25.17,25.17,200,0
ECCU.US,5,20251118,202500,25.17,25.17,25.17,25.17,200,0
ECCU.US,5,20251118,203000,25.17,25.17,25.17,25.17,200,0
ECCU.US,5,20251118,203500,25.17,25.17,25.17,25.17,300,0
ECCU.US,5,20251118,204000,25.17,25.17,25.17,25.17,200,0
ECCU.US,5,20251118,204500,25.17,25.17,25.17,25.17,200,0
ECCU.US,5,20251118,205000,25.17,25.17,25.17,25.17,300,0
ECCU.US,5,20251118,205500,25.17,25.17,25.17,25.17,300,0
ECCU.US,5,20251118,210000,25.17,25.17,25.17,25.17,200,0
ECCU.US,5,20251118,210500,25.17,25.17,25.17,25.17,300,0
ECCU.US,5,20251118,211000,25.17,25.17,25.17,25.17,300,0
ECCU.US,5,20251118,211500,25.17,25.17,25.17,25.17,300,0
ECCU.US,5,20251118,212000,25.17,25.17,25.17,25.17,400,0
ECCU.US,5,20251118,212500,25.17,25.17,25.17,25.17,300,0
ECCU.US,5,20251118,213000,25.17,25.2438,25.17,25.17,625,0
ECCU.US,5,20251118,213500,25.17,25.17,25.17,25.17,300,0
ECCU.US,5,20251118,214000,25.17,25.17,25.17,25.17,500,0
ECCU.US,5,20251118,214500,25.17,25.17,25.17,25.17,600,0
ECCU.US,5,20251118,215000,25.17,25.17,25.17,25.17,1100,0
ECCU.US,5,20251118,215500,25.17,25.17,25.17,25.17,2200,0
ECCU.US,5,20251119,154000,25.17,25.29,25.1699,25.23,2261,0
ECCU.US,5,20251119,161000,25.2545,25.2545,25.2545,25.2545,200,0
ECCU.US,5,20251119,172500,25.25,25.25,25.25,25.25,124,0
ECCU.US,5,20251120,173500,25.22,25.22,25.2199,25.2199,600,0
ECCU.US,5,20251120,175000,25.272,25.272,25.272,25.272,100,0
ECCU.US,5,20251120,191000,25.2363,25.2363,25.2363,25.2363,200,0
ECCU.US,5,20251120,192500,25.27,25.27,25.27,25.27,100,0
ECCU.US,5,20251121,155000,25.2122,25.2122,25.2122,25.2122,1243,0
ECCU.US,5,20251121,160000,25.241,25.241,25.241,25.241,500,0
ECCU.US,5,20251121,175000,25.22,25.22,25.22,25.22,104,0
ECCU.US,5,20251121,215000,25.22,25.22,25.22,25.22,100,0
ECCU.US,5,20251124,154000,25.17,25.17,25.17,25.17,100,0
ECCU.US,5,20251124,154500,25.18,25.19,25.18,25.19,1000,0
ECCU.US,5,20251124,160500,25.18,25.18,25.18,25.18,100,0
ECCU.US,5,20251124,161000,25.18,25.22,25.17,25.17,1300,0
ECCU.US,5,20251124,164000,25.185,25.185,25.17,25.17,1000,0
ECCU.US,5,20251124,165500,25.17,25.22,25.17,25.22,1000,0
ECCU.US,5,20251124,172000,25.1913,25.1913,25.1802,25.1802,1000,0
ECCU.US,5,20251124,174500,25.181,25.225,25.18,25.18,600,0
ECCU.US,5,20251124,184000,25.18,25.181,25.18,25.1801,2967,0
ECCU.US,5,20251124,184500,25.25,25.25,25.24,25.24,296,0
ECCU.US,5,20251124,191500,25.25,25.25,25.25,25.25,300,0
ECCU.US,5,20251124,210000,25.17,25.26,25.17,25.26,960,0
ECCU.US,5,20251125,155000,25.2136,25.2136,25.2136,25.2136,400,0
ECCU.US,5,20251125,163500,25.18,25.19,25.18,25.19,207,0
ECCU.US,5,20251125,170500,25.22,25.22,25.22,25.22,100,0
ECCU.US,5,20251125,191500,25.25,25.26,25.25,25.26,268,0
ECCU.US,5,20251125,200000,25.24,25.24,25.24,25.24,100,0
ECCU.US,5,20251125,213500,25.25,25.27,25.25,25.2514,3452,0
ECCU.US,5,20251126,153000,25.25,25.25,25.25,25.25,200,0
ECCU.US,5,20251126,161500,25.275,25.275,25.275,25.275,300,0
ECCU.US,5,20251126,162000,25.25,25.25,25.25,25.25,500,0
ECCU.US,5,20251126,162500,25.25,25.25,25.24,25.24,967,0
ECCU.US,5,20251126,163000,25.24,25.24,25.24,25.24,300,0
ECCU.US,5,20251126,163500,25.22,25.22,25.22,25.22,300,0
ECCU.US,5,20251126,165000,25.22,25.22,25.2,25.2,500,0
ECCU.US,5,20251126,165500,25.2,25.2,25.2,25.2,400,0
ECCU.US,5,20251126,174000,25.205,25.205,25.205,25.205,500,0
ECCU.US,5,20251126,180500,25.205,25.205,25.205,25.205,400,0
ECCU.US,5,20251126,200500,25.205,25.205,25.205,25.205,500,0
ECCU.US,5,20251126,202000,25.221,25.23,25.205,25.205,3100,0
ECCU.US,5,20251126,202500,25.1875,25.1875,25.1875,25.1875,1000,0
ECCU.US,5,20251126,203500,25.228,25.23,25.205,25.21,1100,0
ECCU.US,5,20251126,212500,25.19,25.19,25.19,25.19,1000,0
ECCU.US,5,20251128,154500,25.2833,25.2833,25.2833,25.2833,1000,0
ECCU.US,5,20251128,170500,25.2585,25.2585,25.2585,25.2585,200,0
ECCU.US,5,20251201,153000,25.3,25.3,25.3,25.3,100,0
ECCU.US,5,20251201,161500,25.33,25.33,25.33,25.33,117,0
ECCU.US,5,20251201,165000,25.36,25.36,25.36,25.36,100,0
ECCU.US,5,20251201,171500,25.34,25.36,25.3399,25.3399,620,0
ECCU.US,5,20251201,173000,25.36,25.36,25.36,25.36,100,0
ECCU.US,5,20251201,174000,25.31,25.36,25.3,25.36,1188,0
ECCU.US,5,20251201,183000,25.36,25.36,25.36,25.36,200,0
ECCU.US,5,20251201,213500,25.28,25.28,25.28,25.28,400,0
ECCU.US,5,20251202,180000,25.315,25.32,25.315,25.32,500,0
ECCU.US,5,20251202,182000,25.31,25.31,25.31,25.31,100,0
ECCU.US,5,20251202,200000,25.31,25.31,25.31,25.31,108,0
ECCU.US,5,20251202,203000,25.3316,25.3316,25.3316,25.3316,110,0
ECCU.US,5,20251202,205000,25.3365,25.3365,25.3365,25.3365,2000,0
ECCU.US,5,20251202,215500,25.28,25.28,25.28,25.28,218,0
ECCU.US,5,20251203,164500,25.36,25.36,25.36,25.36,100,0
ECCU.US,5,20251203,171000,25.3,25.3,25.3,25.3,300,0
ECCU.US,5,20251203,171500,25.3,25.3,25.3,25.3,600,0
ECCU.US,5,20251203,172000,25.3,25.3,25.28,25.28,300,0
ECCU.US,5,20251203,172500,25.28,25.28,25.28,25.28,500,0
ECCU.US,5,20251203,173000,25.28,25.3,25.24,25.25,400,0
ECCU.US,5,20251203,173500,25.24,25.24,25.24,25.24,400,0
ECCU.US,5,20251203,174000,25.24,25.24,25.21,25.21,400,0
ECCU.US,5,20251203,174500,25.21,25.21,25.21,25.21,100,0
ECCU.US,5,20251203,181500,25.22,25.22,25.22,25.22,100,0
ECCU.US,5,20251203,182000,25.22,25.24,25.22,25.24,400,0
ECCU.US,5,20251203,182500,25.22,25.22,25.22,25.22,300,0
ECCU.US,5,20251203,183000,25.22,25.22,25.22,25.22,400,0
ECCU.US,5,20251203,183500,25.22,25.22,25.22,25.22,400,0
ECCU.US,5,20251203,184000,25.22,25.22,25.22,25.22,300,0
ECCU.US,5,20251203,184500,25.22,25.22,25.22,25.22,400,0
ECCU.US,5,20251203,185000,25.22,25.22,25.22,25.22,300,0
ECCU.US,5,20251203,185500,25.22,25.22,25.22,25.22,400,0
ECCU.US,5,20251203,190000,25.22,25.22,25.22,25.22,100,0
ECCU.US,5,20251203,191500,25.22,25.23,25.22,25.22,300,0
ECCU.US,5,20251203,192000,25.23,25.23,25.23,25.23,300,0
ECCU.US,5,20251203,192500,25.23,25.23,25.22,25.22,400,0
ECCU.US,5,20251203,193000,25.22,25.22,25.22,25.22,400,0
ECCU.US,5,20251203,193500,25.22,25.22,25.22,25.22,100,0
ECCU.US,5,20251203,204500,25.22,25.22,25.22,25.22,100,0
ECCU.US,5,20251203,205000,25.2,25.2,25.2,25.2,100,0
ECCU.US,5,20251203,210000,25.2,25.2,25.2,25.2,100,0
ECCU.US,5,20251203,211500,25.24,25.24,25.24,25.24,300,0
ECCU.US,5,20251203,212000,25.24,25.24,25.24,25.24,100,0
ECCU.US,5,20251203,215500,25.19,25.19,25.19,25.19,131,0
ECCU.US,5,20251204,171500,25.32,25.32,25.32,25.32,100,0
ECCU.US,5,20251204,194500,25.22,25.24,25.22,25.23,2030,0
ECCU.US,5,20251204,195000,25.19,25.19,25.19,25.19,385,0
ECCU.US,5,20251204,195500,25.2,25.2,25.2,25.2,600,0
ECCU.US,5,20251204,200000,25.19,25.19,25.19,25.19,195,0
ECCU.US,5,20251204,200500,25.17,25.17,25.17,25.17,618,0
ECCU.US,5,20251204,201000,25.17,25.17,25.17,25.17,400,0
ECCU.US,5,20251204,201500,25.17,25.18,25.17,25.18,700,0
ECCU.US,5,20251204,202000,25.17,25.17,25.17,25.17,400,0
ECCU.US,5,20251204,202500,25.18,25.18,25.17,25.17,700,0
ECCU.US,5,20251204,203000,25.17,25.17,25.17,25.17,400,0
ECCU.US,5,20251204,203500,25.2,25.2,25.2,25.2,400,0
ECCU.US,5,20251204,204000,25.21,25.21,25.2,25.2,600,0
ECCU.US,5,20251204,204500,25.2,25.2,25.2,25.2,400,0
ECCU.US,5,20251204,205000,25.2,25.2,25.2,25.2,800,0
ECCU.US,5,20251204,205500,25.17,25.17,25.17,25.17,800,0
ECCU.US,5,20251204,210000,25.18,25.18,25.18,25.18,300,0
ECCU.US,5,20251204,210500,25.17,25.17,25.17,25.17,800,0
ECCU.US,5,20251204,211000,25.17,25.17,25.17,25.17,400,0
ECCU.US,5,20251204,211500,25.18,25.18,25.17,25.17,900,0
ECCU.US,5,20251204,212000,25.17,25.17,25.17,25.17,400,0
ECCU.US,5,20251204,212500,25.17,25.17,25.17,25.17,900,0
ECCU.US,5,20251204,213000,25.17,25.17,25.17,25.17,500,0
ECCU.US,5,20251204,213500,25.17,25.17,25.17,25.17,1000,0
ECCU.US,5,20251204,214000,25.17,25.17,25.17,25.17,1000,0
ECCU.US,5,20251204,214500,25.17,25.17,25.17,25.17,1182,0
ECCU.US,5,20251204,215000,25.17,25.17,25.17,25.17,939,0
ECCU.US,5,20251204,215500,25.17,25.18,25.17,25.17,2894,0
ECCU.US,5,20251205,155000,25.27,25.27,25.27,25.27,121,0
ECCU.US,5,20251205,182000,25.22,25.22,25.22,25.22,200,0
ECCU.US,5,20251205,202500,25.21,25.21,25.21,25.21,100,0
ECCU.US,5,20251205,212500,25.24,25.25,25.24,25.25,300,0
ECCU.US,5,20251205,215500,25.21,25.21,25.21,25.21,147,0
ECCU.US,5,20251208,153000,25.2,25.21,25.2,25.21,389,0
ECCU.US,5,20251208,155500,25.25,25.25,25.25,25.25,100,0
ECCU.US,5,20251208,174500,25.3,25.3,25.3,25.3,300,0
ECCU.US,5,20251208,181000,25.28,25.28,25.25,25.2506,2115,0
ECCU.US,5,20251208,182000,25.283,25.31,25.2815,25.3085,1525,0
ECCU.US,5,20251208,183000,25.31,25.31,25.31,25.31,100,0
ECCU.US,5,20251208,190500,25.31,25.31,25.31,25.31,100,0
ECCU.US,5,20251208,191000,25.26,25.26,25.25,25.25,890,0
ECCU.US,5,20251208,192500,25.3,25.3,25.3,25.3,100,0
ECCU.US,5,20251208,200500,25.3,25.3,25.3,25.3,100,0
ECCU.US,5,20251208,210000,25.3,25.3,25.3,25.3,100,0
ECCU.US,5,20251208,215500,25.25,25.25,25.25,25.25,212,0
ECCU.US,5,20251209,170000,25.3,25.3,25.3,25.3,100,0
ECCU.US,5,20251209,194000,25.26,25.2799,25.26,25.2601,1720,0
ECCU.US,5,20251209,205000,25.28,25.28,25.28,25.28,1675,0
ECCU.US,5,20251209,210000,25.279,25.279,25.279,25.279,1650,0
ECCU.US,5,20251210,153000,25.2615,25.2615,25.25,25.25,200,0
ECCU.US,5,20251210,154000,25.25,25.25,25.25,25.25,200,0
ECCU.US,5,20251210,160000,25.25,25.25,25.25,25.25,100,0
ECCU.US,5,20251210,162500,25.2902,25.2902,25.2902,25.2902,200,0
ECCU.US,5,20251210,174500,25.3,25.3,25.3,25.3,100,0
ECCU.US,5,20251210,182500,25.27,25.27,25.27,25.27,200,0
ECCU.US,5,20251210,183500,25.2674,25.29,25.2674,25.2732,2086,0
ECCU.US,5,20251210,184500,25.29,25.29,25.29,25.29,100,0
ECCU.US,5,20251210,190000,25.2601,25.29,25.2601,25.29,300,0
ECCU.US,5,20251210,195000,25.2725,25.2725,25.2725,25.2725,300,0
ECCU.US,5,20251210,202500,25.2899,25.29,25.2899,25.2899,498,0
ECCU.US,5,20251210,203000,25.3,25.3,25.3,25.3,200,0
ECCU.US,5,20251210,204000,25.35,25.35,25.35,25.35,100,0
ECCU.US,5,20251211,161500,25.34,25.34,25.34,25.34,100,0
ECCU.US,5,20251211,162000,25.23,25.28,25.22,25.22,3700,0
ECCU.US,5,20251211,163000,25.28,25.28,25.28,25.28,100,0
ECCU.US,5,20251211,164500,25.28,25.28,25.28,25.28,500,0
ECCU.US,5,20251211,165500,25.3,25.3,25.3,25.3,100,0
ECCU.US,5,20251211,170500,25.32,25.32,25.29,25.29,200,0
ECCU.US,5,20251211,172500,25.3,25.32,25.3,25.3,1700,0
ECCU.US,5,20251211,173000,25.32,25.32,25.32,25.32,100,0
ECCU.US,5,20251211,174000,25.32,25.34,25.3199,25.34,900,0
ECCU.US,5,20251211,180000,25.3365,25.3365,25.3365,25.3365,300,0
ECCU.US,5,20251211,181500,25.35,25.35,25.35,25.35,100,0
ECCU.US,5,20251211,190500,25.3716,25.38,25.3716,25.38,600,0
ECCU.US,5,20251211,194000,25.38,25.38,25.38,25.38,100,0
ECCU.US,5,20251211,195500,25.33,25.3301,25.32,25.3201,3600,0
ECCU.US,5,20251211,202000,25.37,25.42,25.37,25.42,1673,0
ECCU.US,5,20251211,203500,25.367,25.367,25.367,25.367,400,0
ECCU.US,5,20251211,204000,25.39,25.39,25.39,25.39,100,0
ECCU.US,5,20251211,210500,25.367,25.367,25.367,25.367,200,0
ECCU.US,5,20251211,211000,25.3402,25.3402,25.34,25.34,400,0
ECCU.US,5,20251211,212000,25.39,25.39,25.39,25.39,100,0
ECCU.US,5,20251211,215500,25.37,25.37,25.37,25.37,141,0
ECCU.US,5,20251212,164000,25.3,25.3,25.3,25.3,400,0
ECCU.US,5,20251212,172500,25.39,25.39,25.39,25.39,100,0
ECCU.US,5,20251212,183500,25.34,25.3402,25.34,25.34,1300,0
ECCU.US,5,20251212,185000,25.3,25.31,25.3,25.31,200,0
ECCU.US,5,20251212,190000,25.3,25.3,25.3,25.3,200,0
ECCU.US,5,20251212,194500,25.34,25.34,25.3399,25.3399,200,0
ECCU.US,5,20251212,195000,25.339,25.339,25.339,25.339,178,0
ECCU.US,5,20251212,201500,25.34,25.34,25.3399,25.3399,12004,0
ECCU.US,5,20251212,203000,25.33,25.33,25.33,25.33,200,0
ECCU.US,5,20251212,203500,25.33,25.33,25.33,25.33,130,0
ECCU.US,5,20251212,211500,25.33,25.33,25.32,25.3201,1886,0
ECCU.US,5,20251212,213000,25.32,25.32,25.32,25.32,100,0
ECCU.US,5,20251212,214000,25.32,25.45,25.3199,25.41,12394,0
ECCU.US,5,20251215,153000,25.08,25.08,25.08,25.08,2500,0
ECCU.US,5,20251215,153500,25.14,25.14,25.1,25.1,325,0
ECCU.US,5,20251215,154000,25.1105,25.1195,25.1105,25.1195,3000,0
ECCU.US,5,20251215,154500,25.1001,25.1149,25.1001,25.1149,440,0
ECCU.US,5,20251215,155000,25.102,25.102,25.102,25.102,600,0
ECCU.US,5,20251215,160000,25.102,25.1134,25.102,25.1134,1300,0
ECCU.US,5,20251215,160500,25.1,25.1195,25.08,25.08,7165,0
ECCU.US,5,20251215,161000,25.08,25.0801,25.08,25.0801,1240,0
ECCU.US,5,20251215,161500,25.08,25.0801,25.08,25.0801,3200,0
ECCU.US,5,20251215,162500,25.0731,25.0768,25.05,25.0501,3014,0
ECCU.US,5,20251215,164500,25.08,25.08,25.08,25.08,100,0
ECCU.US,5,20251215,170000,25.1056,25.1056,25.1,25.1,800,0
ECCU.US,5,20251215,170500,25.08,25.08,25.08,25.08,199,0
ECCU.US,5,20251215,171500,25.05,25.05,25.05,25.05,100,0
ECCU.US,5,20251215,175000,25.06,25.06,25.06,25.06,100,0
ECCU.US,5,20251215,175500,25.052,25.052,25.052,25.052,200,0
ECCU.US,5,20251215,180000,25.05,25.0752,25.05,25.0752,1500,0
ECCU.US,5,20251215,181000,25.06,25.06,25.06,25.06,100,0
ECCU.US,5,20251215,183500,25.09,25.09,25.09,25.09,199,0
ECCU.US,5,20251215,184000,25.0899,25.09,25.0898,25.0898,2200,0
ECCU.US,5,20251215,184500,25.0642,25.07,25.06,25.07,2500,0
ECCU.US,5,20251215,185000,25.06,25.06,25.06,25.06,100,0
ECCU.US,5,20251215,191000,25.06,25.06,25.06,25.06,1295,0
ECCU.US,5,20251215,192000,25.05,25.05,25.05,25.05,100,0
ECCU.US,5,20251215,202500,25.06,25.06,25.055,25.06,1105,0
ECCU.US,5,20251215,203500,25.075,25.075,25.05,25.05,7420,0
ECCU.US,5,20251215,211500,25.06,25.06,25.06,25.06,1165,0
ECCU.US,5,20251215,212000,25.06,25.06,25.05,25.05,415,0
ECCU.US,5,20251215,215500,25.05,25.05,25.05,25.05,908,0
ECCU.US,5,20251216,153500,25.08,25.08,25.06,25.06,200,0
ECCU.US,5,20251216,155000,25.06,25.06,25.06,25.06,100,0
ECCU.US,5,20251216,155500,25.07,25.0701,25.07,25.0701,400,0
ECCU.US,5,20251216,161500,25.0809,25.0809,25.07,25.0701,1200,0
ECCU.US,5,20251216,163000,25.07,25.07,25.07,25.07,100,0
ECCU.US,5,20251216,164500,25.077,25.077,25.077,25.077,199,0
ECCU.US,5,20251216,165000,25.07,25.0701,25.07,25.0701,700,0
ECCU.US,5,20251216,171000,25.07,25.07,25.07,25.07,100,0
ECCU.US,5,20251216,173500,25.0899,25.0899,25.07,25.07,200,0
ECCU.US,5,20251216,175500,25.09,25.09,25.09,25.09,100,0
ECCU.US,5,20251216,180500,25.09,25.09,25.0899,25.0899,1699,0
ECCU.US,5,20251216,191500,25.0701,25.0701,25.07,25.07,1100,0
ECCU.US,5,20251216,193500,25.07,25.07,25.07,25.07,100,0
ECCU.US,5,20251216,200000,25.07,25.07,25.07,25.07,300,0
ECCU.US,5,20251216,200500,25.07,25.07,25.0699,25.0699,800,0
ECCU.US,5,20251216,213000,25.0434,25.0434,25.0434,25.0434,800,0
ECCU.US,5,20251216,213500,25.06,25.06,25.06,25.06,190,0
ECCU.US,5,20251216,215500,25.04,25.04,25.04,25.04,160,0
ECCU.US,5,20251217,153500,25.072,25.072,25.072,25.072,100,0
ECCU.US,5,20251217,160500,25.0601,25.0601,25.06,25.06,200,0
ECCU.US,5,20251217,163000,25.1299,25.13,25.1299,25.13,1000,0
ECCU.US,5,20251217,171500,25.097,25.103,25.097,25.1,450,0
ECCU.US,5,20251217,172000,25.07,25.07,25.07,25.07,150,0
ECCU.US,5,20251217,183500,25.08,25.08,25.08,25.08,100,0
ECCU.US,5,20251217,202500,25.1111,25.1111,25.1111,25.1111,571,0
ECCU.US,5,20251217,215500,25.08,25.1,25.08,25.1,350,0
ECCU.US,5,20251218,160500,25.1142,25.1142,25.08,25.1099,300,0
ECCU.US,5,20251218,171500,25.0964,25.0964,25.0964,25.0964,1200,0
ECCU.US,5,20251218,173000,25.109,25.11,25.109,25.11,1104,0
ECCU.US,5,20251218,210500,25.0925,25.0925,25.0925,25.0925,100,0
ECCU.US,5,20251218,211000,25.09,25.09,25.09,25.09,200,0
ECCU.US,5,20251218,215500,25.08,25.08,25.08,25.08,207,0
ECCU.US,5,20251219,153000,25.122,25.122,25.122,25.122,100,0
ECCU.US,5,20251219,154000,25.1257,25.1257,25.1257,25.1257,100,0
ECCU.US,5,20251219,154500,25.1,25.1,25.1,25.1,100,0
ECCU.US,5,20251219,163500,25.14,25.14,25.1399,25.1399,306,0
ECCU.US,5,20251219,172500,25.1,25.1199,25.1,25.114,1975,0
ECCU.US,5,20251219,180500,25.1,25.1,25.1,25.1,610,0
ECCU.US,5,20251219,194000,25.0601,25.0949,25.0601,25.0949,200,0
ECCU.US,5,20251219,194500,25.13,25.13,25.13,25.13,100,0
ECCU.US,5,20251219,201000,25.0888,25.1,25.0888,25.0999,1300,0
ECCU.US,5,20251219,204000,25.08,25.08,25.08,25.08,100,0
ECCU.US,5,20251219,214000,25.1,25.1,25.1,25.1,120,0
ECCU.US,5,20251219,215000,25.0999,25.1,25.09,25.09,402,0
ECCU.US,5,20251222,160000,25.14,25.14,25.14,25.14,500,0
ECCU.US,5,20251222,164000,25.12,25.12,25.12,25.12,100,0
ECCU.US,5,20251222,164500,25.14,25.14,25.14,25.14,743,0
ECCU.US,5,20251222,171000,25.1401,25.1401,25.1401,25.1401,100,0
ECCU.US,5,20251222,171500,25.1625,25.165,25.14,25.1401,600,0
ECCU.US,5,20251222,173000,25.14,25.1649,25.14,25.1649,300,0
ECCU.US,5,20251222,173500,25.17,25.17,25.14,25.1625,400,0
ECCU.US,5,20251222,174000,25.1727,25.1727,25.1727,25.1727,200,0
ECCU.US,5,20251222,174500,25.15,25.1644,25.15,25.1644,2300,0
ECCU.US,5,20251222,175000,25.15,25.1584,25.15,25.1584,205,0
ECCU.US,5,20251222,175500,25.1587,25.1587,25.1587,25.1587,101,0
ECCU.US,5,20251222,180000,25.15,25.16,25.15,25.15,700,0
ECCU.US,5,20251222,181500,25.1558,25.1558,25.1558,25.1558,318,0
ECCU.US,5,20251222,182500,25.155,25.155,25.155,25.155,120,0
ECCU.US,5,20251222,184000,25.15,25.1501,25.15,25.1501,380,0
ECCU.US,5,20251222,184500,25.15,25.15,25.15,25.15,200,0
ECCU.US,5,20251222,185000,25.15,25.15,25.15,25.15,926,0
ECCU.US,5,20251222,192500,25.16,25.16,25.16,25.16,200,0
ECCU.US,5,20251222,193000,25.15,25.15,25.15,25.15,100,0
ECCU.US,5,20251222,194000,25.1555,25.1555,25.15,25.15,350,0
ECCU.US,5,20251222,194500,25.15,25.15,25.15,25.15,100,0
ECCU.US,5,20251222,200000,25.15,25.1534,25.15,25.1534,1686,0
ECCU.US,5,20251222,204000,25.15,25.15,25.15,25.15,361,0
ECCU.US,5,20251222,204500,25.1199,25.1199,25.1199,25.1199,100,0
ECCU.US,5,20251222,205000,25.09,25.09,25.09,25.09,100,0
ECCU.US,5,20251222,215500,25.09,25.1149,25.08,25.08,1086,0
