<TICKER>,<PER>,<DATE>,<TIME>,<OPEN>,<HIGH>,<LOW>,<CLOSE>,<VOL>,<OPENINT>
FHN_F.US,5,20250728,165500,18.01,18.01,18.01,18.01,100,0
FHN_F.US,5,20250728,173000,18.05,18.076,17.98,18.076,1117,0
FHN_F.US,5,20250728,182000,18.01,18.01,17.98,17.98,1100,0
FHN_F.US,5,20250728,193000,18.02,18.02,18.02,18.02,100,0
FHN_F.US,5,20250729,181500,18.02,18.05,18.02,18.05,500,0
FHN_F.US,5,20250729,184500,18.04,18.05,18.04,18.05,1277,0
FHN_F.US,5,20250729,190000,18.04,18.1,18.04,18.1,340,0
FHN_F.US,5,20250729,191500,17.9838,17.9838,17.9838,17.9838,240,0
FHN_F.US,5,20250729,211000,18.15,18.15,18.15,18.15,600,0
FHN_F.US,5,20250730,191000,18.02,18.02,18.01,18.02,1300,0
FHN_F.US,5,20250730,205500,18.05,18.05,18.05,18.05,4100,0
FHN_F.US,5,20250730,210000,18.05,18.05,18.05,18.05,800,0
FHN_F.US,5,20250730,212000,18.033,18.033,18.0011,18.033,2500,0
FHN_F.US,5,20250730,215500,18.12,18.14,18.12,18.14,300,0
FHN_F.US,5,20250731,180000,18.06,18.09,18.0505,18.0505,906,0
FHN_F.US,5,20250731,184000,18.0662,18.0662,18.05,18.05,2000,0
FHN_F.US,5,20250731,184500,18.0512,18.0512,18.0512,18.0512,100,0
FHN_F.US,5,20250731,203000,18.11,18.11,18.11,18.11,100,0
FHN_F.US,5,20250731,211000,18.18,18.18,18.18,18.18,100,0
FHN_F.US,5,20250801,160000,18.1131,18.1131,18.1131,18.1131,300,0
FHN_F.US,5,20250801,160500,17.9961,17.9961,17.9961,17.9961,100,0
FHN_F.US,5,20250801,181500,18.0452,18.0452,18.0452,18.0452,105,0
FHN_F.US,5,20250801,205500,18.09,18.1,18.09,18.1,872,0
FHN_F.US,5,20250801,214000,18.15,18.15,18.14,18.14,300,0
FHN_F.US,5,20250801,215000,18.18,18.18,18.18,18.18,1055,0
FHN_F.US,5,20250801,215500,18.2,18.2,18.2,18.2,300,0
FHN_F.US,5,20250804,163500,18.21,18.21,18.21,18.21,131,0
FHN_F.US,5,20250804,173500,18.2,18.2,18.2,18.2,136,0
FHN_F.US,5,20250804,180000,18.19,18.2,18.19,18.2,543,0
FHN_F.US,5,20250804,185000,18.19,18.19,18.19,18.19,100,0
FHN_F.US,5,20250804,195000,18.18,18.18,18.13,18.13,2002,0
FHN_F.US,5,20250804,201500,18.15,18.15,18.13,18.14,1400,0
FHN_F.US,5,20250804,202000,18.13,18.13,18.13,18.13,100,0
FHN_F.US,5,20250804,205500,18.1219,18.1219,18.1219,18.1219,300,0
FHN_F.US,5,20250804,212000,18.03,18.15,18,18.15,7297,0
FHN_F.US,5,20250804,212500,18.11,18.11,18.11,18.11,200,0
FHN_F.US,5,20250804,213500,18.1,18.1,18.1,18.1,700,0
FHN_F.US,5,20250804,215000,18.15,18.15,18.15,18.15,318,0
FHN_F.US,5,20250804,215500,18.18,18.25,18.15,18.24,6311,0
FHN_F.US,5,20250805,154500,18.2,18.2,18.2,18.2,100,0
FHN_F.US,5,20250805,165500,18.17,18.17,18.17,18.17,100,0
FHN_F.US,5,20250805,174000,18.1968,18.1968,18.1968,18.1968,200,0
FHN_F.US,5,20250805,193000,18.3058,18.3058,18.3058,18.3058,500,0
FHN_F.US,5,20250805,205000,18.18,18.18,18.18,18.18,100,0
FHN_F.US,5,20250805,210000,18.19,18.19,18.19,18.19,100,0
FHN_F.US,5,20250805,211000,18.19,18.19,18.19,18.19,100,0
FHN_F.US,5,20250805,212500,18.19,18.19,18.19,18.19,100,0
FHN_F.US,5,20250805,213000,18.205,18.3,18.2,18.2,1842,0
FHN_F.US,5,20250805,214000,18.19,18.19,18.19,18.19,100,0
FHN_F.US,5,20250805,215000,18.2,18.2,18.19,18.19,400,0
FHN_F.US,5,20250805,215500,18.16,18.24,18.16,18.24,287,0
FHN_F.US,5,20250806,180000,18.2,18.2,18.2,18.2,600,0
FHN_F.US,5,20250806,185000,18.2,18.2,18.2,18.2,398,0
FHN_F.US,5,20250806,185500,18.21,18.21,18.21,18.21,100,0
FHN_F.US,5,20250806,193500,18.16,18.18,18.16,18.16,992,0
FHN_F.US,5,20250806,194000,18.13,18.13,18.13,18.13,1045,0
FHN_F.US,5,20250806,213500,18.15,18.15,18.15,18.15,100,0
FHN_F.US,5,20250806,214000,18.2799,18.2799,18.2799,18.2799,550,0
FHN_F.US,5,20250807,172500,18.46,18.4899,18.46,18.4899,435,0
FHN_F.US,5,20250807,210000,18.335,18.335,18.335,18.335,1000,0
FHN_F.US,5,20250808,154000,18.3097,18.3097,18.3097,18.3097,282,0
FHN_F.US,5,20250808,182500,18.33,18.385,18.33,18.3301,550,0
FHN_F.US,5,20250808,185500,18.4399,18.4399,18.4399,18.4399,205,0
FHN_F.US,5,20250808,191000,18.31,18.31,18.31,18.31,225,0
FHN_F.US,5,20250808,200500,18.2384,18.2384,18.2384,18.2384,203,0
FHN_F.US,5,20250808,215500,18.3,18.3,18.3,18.3,136,0
FHN_F.US,5,20250811,153500,18.35,18.35,18.35,18.35,618,0
FHN_F.US,5,20250811,161500,18.3896,18.3896,18.3896,18.3896,300,0
FHN_F.US,5,20250811,162500,18.37,18.37,18.36,18.36,1334,0
FHN_F.US,5,20250811,170500,18.36,18.36,18.36,18.36,350,0
FHN_F.US,5,20250811,173500,18.35,18.35,18.35,18.35,848,0
FHN_F.US,5,20250811,175000,18.35,18.35,18.35,18.35,359,0
FHN_F.US,5,20250811,182000,18.3513,18.3513,18.35,18.35,1400,0
FHN_F.US,5,20250811,191000,18.35,18.3908,18.35,18.3908,550,0
FHN_F.US,5,20250811,191500,18.35,18.35,18.35,18.35,100,0
FHN_F.US,5,20250811,192500,18.35,18.415,18.29,18.29,650,0
FHN_F.US,5,20250811,193000,18.3,18.3,18.3,18.3,100,0
FHN_F.US,5,20250811,213500,18.3,18.3,18.29,18.29,200,0
FHN_F.US,5,20250812,172000,18.365,18.365,18.365,18.365,1400,0
FHN_F.US,5,20250812,193000,18.295,18.295,18.295,18.295,100,0
FHN_F.US,5,20250812,211500,18.42,18.42,18.365,18.4025,2100,0
FHN_F.US,5,20250812,215500,18.37,18.37,18.37,18.37,100,0
FHN_F.US,5,20250813,154000,18.44,18.44,18.4,18.4,384,0
FHN_F.US,5,20250813,160000,18.4388,18.4388,18.4388,18.4388,400,0
FHN_F.US,5,20250813,160500,18.4,18.4,18.4,18.4,100,0
FHN_F.US,5,20250813,161000,18.4062,18.41,18.4,18.41,711,0
FHN_F.US,5,20250813,161500,18.3028,18.3028,18.3028,18.3028,249,0
FHN_F.US,5,20250813,163500,18.31,18.31,18.25,18.25,1764,0
FHN_F.US,5,20250813,170000,18.4466,18.4466,18.4466,18.4466,200,0
FHN_F.US,5,20250813,181500,18.35,18.35,18.35,18.35,200,0
FHN_F.US,5,20250813,184000,18.29,18.29,18.29,18.29,200,0
FHN_F.US,5,20250813,204500,18.35,18.35,18.26,18.26,3567,0
FHN_F.US,5,20250813,205000,18.3,18.3,18.3,18.3,100,0
FHN_F.US,5,20250813,205500,18.3,18.3,18.26,18.26,1200,0
FHN_F.US,5,20250813,210500,18.25,18.25,18.25,18.25,100,0
FHN_F.US,5,20250813,211000,18.2737,18.2902,18.2737,18.2902,650,0
FHN_F.US,5,20250813,211500,18.2902,18.2902,18.2902,18.2902,350,0
FHN_F.US,5,20250813,212000,18.22,18.286,18.22,18.27,1600,0
FHN_F.US,5,20250813,212500,18.21,18.21,18.21,18.21,100,0
FHN_F.US,5,20250813,215500,18.23,18.23,18.23,18.23,100,0
FHN_F.US,5,20250814,153000,18.17,18.17,18.17,18.17,100,0
FHN_F.US,5,20250814,155500,18.17,18.17,18.17,18.17,100,0
FHN_F.US,5,20250814,163000,18.45,18.46,18.45,18.46,300,0
FHN_F.US,5,20250814,163500,18.325,18.325,18.325,18.325,500,0
FHN_F.US,5,20250814,164500,18.4522,18.4522,18.4522,18.4522,600,0
FHN_F.US,5,20250814,165500,18.4518,18.4518,18.4518,18.4518,500,0
FHN_F.US,5,20250814,174000,18.2472,18.2472,18.2472,18.2472,200,0
FHN_F.US,5,20250814,181500,18.25,18.25,18.25,18.25,200,0
FHN_F.US,5,20250814,193000,18.2366,18.2366,18.2366,18.2366,1000,0
FHN_F.US,5,20250814,203500,18.225,18.225,18.225,18.225,200,0
FHN_F.US,5,20250815,162500,18.305,18.305,18.305,18.305,270,0
FHN_F.US,5,20250815,173500,18.2903,18.2903,18.2903,18.2903,390,0
FHN_F.US,5,20250815,183000,18.1401,18.1401,18.1401,18.1401,860,0
FHN_F.US,5,20250815,190500,18.285,18.285,18.285,18.285,1305,0
FHN_F.US,5,20250815,191000,18.2,18.2,18.2,18.2,100,0
FHN_F.US,5,20250815,194500,18.2,18.2,18.2,18.2,100,0
FHN_F.US,5,20250815,201000,18.2,18.2,18.2,18.2,200,0
FHN_F.US,5,20250815,203000,18.28,18.28,18.28,18.28,600,0
FHN_F.US,5,20250815,203500,18.18,18.24,18.12,18.24,400,0
FHN_F.US,5,20250815,204500,18.25,18.25,18.25,18.25,285,0
FHN_F.US,5,20250815,211000,18.25,18.25,18.25,18.25,100,0
FHN_F.US,5,20250815,215500,18.25,18.25,18.25,18.25,100,0
FHN_F.US,5,20250818,153000,18.16,18.16,18.16,18.16,100,0
FHN_F.US,5,20250818,155000,18.17,18.17,18.15,18.15,739,0
FHN_F.US,5,20250818,160500,18.14,18.14,18.12,18.12,1100,0
FHN_F.US,5,20250818,164000,18.22,18.22,18.22,18.22,100,0
FHN_F.US,5,20250818,164500,18.12,18.12,18.12,18.12,100,0
FHN_F.US,5,20250818,165000,18.1627,18.1627,18.1627,18.1627,380,0
FHN_F.US,5,20250818,174000,18.1981,18.1981,18.1981,18.1981,300,0
FHN_F.US,5,20250818,175500,18.2399,18.2399,18.2399,18.2399,200,0
FHN_F.US,5,20250818,181000,18.16,18.17,18.16,18.17,500,0
FHN_F.US,5,20250818,183000,18.249,18.249,18.24,18.249,500,0
FHN_F.US,5,20250818,185000,18.17,18.17,18.16,18.16,418,0
FHN_F.US,5,20250818,190000,18.17,18.17,18.17,18.17,100,0
FHN_F.US,5,20250818,194000,18.16,18.16,18.16,18.16,100,0
FHN_F.US,5,20250818,202000,18.16,18.16,18.16,18.16,849,0
FHN_F.US,5,20250818,214000,18.1867,18.1867,18.1867,18.1867,135,0
FHN_F.US,5,20250818,214500,18.23,18.23,18.23,18.23,300,0
FHN_F.US,5,20250819,155500,18.36,18.36,18.36,18.36,200,0
FHN_F.US,5,20250819,161000,18.35,18.35,18.35,18.35,100,0
FHN_F.US,5,20250819,193500,18.33,18.33,18.33,18.33,150,0
FHN_F.US,5,20250819,211500,18.3001,18.34,18.3001,18.34,575,0
FHN_F.US,5,20250819,215500,18.34,18.34,18.34,18.34,100,0
FHN_F.US,5,20250820,153500,18.43,18.48,18.43,18.47,1800,0
FHN_F.US,5,20250820,160500,18.36,18.36,18.32,18.32,1929,0
FHN_F.US,5,20250820,172000,18.36,18.36,18.3313,18.3313,466,0
FHN_F.US,5,20250820,175500,18.4499,18.4499,18.4499,18.4499,1000,0
FHN_F.US,5,20250820,214500,18.405,18.405,18.405,18.405,100,0
FHN_F.US,5,20250821,160000,18.41,18.41,18.41,18.41,475,0
FHN_F.US,5,20250821,190500,18.37,18.37,18.37,18.37,1100,0
FHN_F.US,5,20250821,213000,18.4899,18.4899,18.4899,18.4899,525,0
FHN_F.US,5,20250821,215500,18.33,18.33,18.33,18.33,742,0
FHN_F.US,5,20250822,160000,18.49,18.49,18.49,18.49,900,0
FHN_F.US,5,20250822,160500,18.5,18.5,18.5,18.5,100,0
FHN_F.US,5,20250822,171000,18.5,18.5,18.5,18.5,248,0
FHN_F.US,5,20250822,172500,18.5,18.5,18.4988,18.4988,235,0
FHN_F.US,5,20250822,174000,18.485,18.485,18.485,18.485,200,0
FHN_F.US,5,20250822,180500,18.5001,18.51,18.36,18.51,1830,0
FHN_F.US,5,20250822,184000,18.46,18.47,18.46,18.47,600,0
FHN_F.US,5,20250822,190500,18.5097,18.5097,18.5097,18.5097,500,0
FHN_F.US,5,20250822,203500,18.5876,18.5876,18.5876,18.5876,400,0
FHN_F.US,5,20250822,212500,18.55,18.55,18.55,18.55,321,0
FHN_F.US,5,20250825,162000,18.66,18.72,18.66,18.72,1800,0
FHN_F.US,5,20250825,174500,18.73,18.73,18.565,18.565,16352,0
FHN_F.US,5,20250825,175500,18.58,18.58,18.58,18.58,3649,0
FHN_F.US,5,20250825,185500,18.52,18.52,18.52,18.52,100,0
FHN_F.US,5,20250825,213000,18.54,18.57,18.54,18.57,600,0
FHN_F.US,5,20250825,215500,18.54,18.54,18.54,18.54,100,0
FHN_F.US,5,20250826,153000,18.58,18.58,18.58,18.58,800,0
FHN_F.US,5,20250826,154500,18.55,18.55,18.54,18.54,13764,0
FHN_F.US,5,20250826,161000,18.53,18.53,18.53,18.53,300,0
FHN_F.US,5,20250826,172500,18.32,18.32,18.24,18.24,500,0
FHN_F.US,5,20250826,175000,18.34,18.34,18.33,18.33,500,0
FHN_F.US,5,20250826,180500,18.45,18.45,18.45,18.45,100,0
FHN_F.US,5,20250826,192000,18.45,18.48,18.425,18.425,849,0
FHN_F.US,5,20250826,194000,18.38,18.39,18.3617,18.3617,445,0
FHN_F.US,5,20250826,201000,18.39,18.425,18.39,18.425,500,0
FHN_F.US,5,20250826,212000,18.39,18.39,18.38,18.38,650,0
FHN_F.US,5,20250826,212500,18.47,18.58,18.47,18.58,2753,0
FHN_F.US,5,20250827,154500,18.4301,18.4301,18.4301,18.4301,450,0
FHN_F.US,5,20250827,164500,18.27,18.28,18.25,18.26,1000,0
FHN_F.US,5,20250827,171000,18.48,18.48,18.365,18.365,994,0
FHN_F.US,5,20250827,172500,18.27,18.27,18.25,18.25,300,0
FHN_F.US,5,20250827,174000,18.25,18.25,18.25,18.25,900,0
FHN_F.US,5,20250827,175500,18.26,18.26,18.25,18.25,700,0
FHN_F.US,5,20250827,180000,18.26,18.26,18.25,18.25,700,0
FHN_F.US,5,20250827,183500,18.280341,18.280341,18.280341,18.280341,463,0
FHN_F.US,5,20250827,190500,18.31,18.31,18.31,18.31,100,0
FHN_F.US,5,20250827,192000,18.2901,18.2901,18.2901,18.2901,400,0
FHN_F.US,5,20250827,194000,18.5799,18.5799,18.5799,18.5799,1200,0
FHN_F.US,5,20250827,210500,18.3089,18.3089,18.3089,18.3089,295,0
FHN_F.US,5,20250827,215000,18.32,18.32,18.3,18.3,700,0
FHN_F.US,5,20250827,215500,18.3,18.3,18.3,18.3,100,0
FHN_F.US,5,20250828,160000,18.3144,18.3144,18.3144,18.3144,250,0
FHN_F.US,5,20250828,161000,18.42,18.42,18.42,18.42,200,0
FHN_F.US,5,20250828,171000,18.4421,18.4421,18.4421,18.4421,1351,0
FHN_F.US,5,20250828,184000,18.3,18.3,18.3,18.3,400,0
FHN_F.US,5,20250828,185500,18.33,18.33,18.31,18.33,500,0
FHN_F.US,5,20250828,190500,18.4,18.4,18.4,18.4,400,0
FHN_F.US,5,20250828,194500,18.3,18.3,18.3,18.3,600,0
FHN_F.US,5,20250828,200500,18.3,18.3,18.3,18.3,599,0
FHN_F.US,5,20250828,201500,18.3,18.3,18.3,18.3,100,0
FHN_F.US,5,20250829,160500,18.27,18.27,18.27,18.27,100,0
FHN_F.US,5,20250829,164000,18.6299,18.6299,18.6299,18.6299,470,0
FHN_F.US,5,20250829,181000,18.36,18.36,18.36,18.36,100,0
FHN_F.US,5,20250829,203000,18.26,18.26,18.26,18.26,700,0
FHN_F.US,5,20250829,215500,18.2,18.2,18.2,18.2,213,0
FHN_F.US,5,20250902,160000,18.8225,18.8225,18.8225,18.8225,1500,0
FHN_F.US,5,20250902,163500,18.3001,18.3001,18.3001,18.3001,100,0
FHN_F.US,5,20250902,172500,18.356,18.356,18.356,18.356,161,0
FHN_F.US,5,20250902,183000,18.3733,18.3733,18.3733,18.3733,120,0
FHN_F.US,5,20250902,192000,18.34,18.428543,18.34,18.428543,3477,0
FHN_F.US,5,20250902,210000,18.5,18.51,18.5,18.51,400,0
FHN_F.US,5,20250902,211500,18.5241,18.5241,18.5241,18.5241,164,0
FHN_F.US,5,20250902,212000,18.6388,18.6388,18.6388,18.6388,128,0
FHN_F.US,5,20250902,213500,18.675,18.675,18.675,18.675,160,0
FHN_F.US,5,20250902,215500,18.7,18.7,18.7,18.7,1422,0
FHN_F.US,5,20250903,155500,18.2379,18.2379,18.2379,18.2379,100,0
FHN_F.US,5,20250903,170500,18.7,18.7,18.7,18.7,1000,0
FHN_F.US,5,20250903,180000,18.7,18.7,18.7,18.7,955,0
FHN_F.US,5,20250903,180500,18.72,18.72,18.72,18.72,500,0
FHN_F.US,5,20250903,193000,18.585,18.585,18.585,18.585,1400,0
FHN_F.US,5,20250903,195000,18.51,18.51,18.51,18.51,100,0
FHN_F.US,5,20250903,203000,18.5001,18.5001,18.5001,18.5001,164,0
FHN_F.US,5,20250903,214500,18.65,18.66,18.65,18.66,252,0
FHN_F.US,5,20250903,215000,18.551,18.551,18.551,18.551,240,0
FHN_F.US,5,20250903,215500,18.52,18.52,18.52,18.52,100,0
FHN_F.US,5,20250904,161500,18.5709,18.5709,18.5709,18.5709,400,0
FHN_F.US,5,20250904,182500,18.607236,18.607236,18.51,18.51,1243,0
FHN_F.US,5,20250904,184000,18.4983,18.4983,18.4983,18.4983,600,0
FHN_F.US,5,20250904,205000,18.51,18.51,18.51,18.51,100,0
FHN_F.US,5,20250904,211000,18.4112,18.4112,18.4112,18.4112,500,0
FHN_F.US,5,20250904,212000,18.496,18.496,18.41,18.41,300,0
FHN_F.US,5,20250904,212500,18.45,18.45,18.45,18.45,100,0
FHN_F.US,5,20250904,215000,18.45,18.45,18.45,18.45,100,0
FHN_F.US,5,20250904,215500,18.4,18.4,18.4,18.4,348,0
FHN_F.US,5,20250905,165500,18.5277,18.5277,18.5277,18.5277,600,0
FHN_F.US,5,20250905,190500,18.63,18.63,18.63,18.63,150,0
FHN_F.US,5,20250905,210000,18.59,18.59,18.59,18.59,400,0
FHN_F.US,5,20250905,210500,18.59,18.59,18.59,18.59,100,0
FHN_F.US,5,20250905,215000,18.57,18.57,18.57,18.57,100,0
FHN_F.US,5,20250905,215500,18.6,18.6,18.6,18.6,268,0
FHN_F.US,5,20250908,153500,18.66,18.67,18.66,18.67,600,0
FHN_F.US,5,20250908,201500,18.5474,18.5474,18.5474,18.5474,200,0
FHN_F.US,5,20250908,211000,18.65,18.67,18.6475,18.6475,860,0
FHN_F.US,5,20250908,211500,18.78,18.8,18.78,18.8,1400,0
FHN_F.US,5,20250908,213000,18.83,18.83,18.83,18.83,100,0
FHN_F.US,5,20250908,213500,18.83,18.83,18.7877,18.7877,2435,0
FHN_F.US,5,20250908,215500,18.82,18.82,18.82,18.82,202,0
FHN_F.US,5,20250909,162000,18.75,18.75,18.68,18.68,1600,0
FHN_F.US,5,20250909,163500,18.595,18.595,18.595,18.595,100,0
FHN_F.US,5,20250909,165500,18.59,18.59,18.59,18.59,100,0
FHN_F.US,5,20250909,172000,18.72,18.72,18.72,18.72,100,0
FHN_F.US,5,20250909,173500,18.735,18.735,18.735,18.735,100,0
FHN_F.US,5,20250909,193500,18.625,18.625,18.625,18.625,100,0
FHN_F.US,5,20250909,194500,18.74,18.75,18.73,18.75,500,0
FHN_F.US,5,20250909,205000,18.75,18.75,18.75,18.75,100,0
FHN_F.US,5,20250909,205500,18.67,18.68,18.67,18.67,3800,0
FHN_F.US,5,20250909,210500,18.75,18.75,18.75,18.75,100,0
FHN_F.US,5,20250909,211000,18.62,18.6206,18.585,18.585,300,0
FHN_F.US,5,20250909,211500,18.69,18.69,18.69,18.69,100,0
FHN_F.US,5,20250909,213500,18.65,18.65,18.65,18.65,100,0
FHN_F.US,5,20250910,160500,18.56,18.56,18.56,18.56,100,0
FHN_F.US,5,20250910,161000,18.56,18.56,18.56,18.56,100,0
FHN_F.US,5,20250910,173000,18.66,18.66,18.58,18.58,200,0
FHN_F.US,5,20250910,180500,18.55,18.595,18.5,18.595,7520,0
FHN_F.US,5,20250910,181000,18.64,18.64,18.6,18.6,451,0
FHN_F.US,5,20250910,183000,18.51,18.52,18.5,18.5062,4245,0
FHN_F.US,5,20250910,190000,18.63,18.63,18.63,18.63,100,0
FHN_F.US,5,20250910,192000,18.52,18.57,18.5,18.57,9367,0
FHN_F.US,5,20250910,194000,18.5245,18.5245,18.5245,18.5245,106,0
FHN_F.US,5,20250910,195500,18.5,18.5,18.5,18.5,270,0
FHN_F.US,5,20250910,202500,18.54,18.54,18.54,18.54,100,0
FHN_F.US,5,20250910,211500,18.5,18.51,18.5,18.51,266,0
FHN_F.US,5,20250910,212500,18.5,18.5,18.5,18.5,434,0
FHN_F.US,5,20250910,213500,18.46,18.4652,18.46,18.4652,200,0
FHN_F.US,5,20250910,215000,18.44,18.44,18.44,18.44,387,0
FHN_F.US,5,20250910,215500,18.5,18.5,18.5,18.5,219,0
FHN_F.US,5,20250911,153000,18.5,18.52,18.5,18.52,3195,0
FHN_F.US,5,20250911,154000,18.52,18.52,18.52,18.52,600,0
FHN_F.US,5,20250911,163500,18.63,18.63,18.63,18.63,200,0
FHN_F.US,5,20250911,164000,18.65,18.65,18.65,18.65,100,0
FHN_F.US,5,20250911,164500,18.63,18.73,18.63,18.72,1554,0
FHN_F.US,5,20250911,181000,18.66,18.66,18.66,18.66,100,0
FHN_F.US,5,20250911,182000,18.668402,18.668402,18.668402,18.668402,500,0
FHN_F.US,5,20250911,182500,18.72,18.73,18.71,18.73,2600,0
FHN_F.US,5,20250911,190000,18.78,18.8,18.74,18.74,500,0
FHN_F.US,5,20250911,211000,18.78,18.78,18.78,18.78,500,0
FHN_F.US,5,20250911,213500,18.7,18.7,18.7,18.7,226,0
FHN_F.US,5,20250912,160000,18.77,18.8,18.77,18.8,1500,0
FHN_F.US,5,20250912,160500,18.8,18.8,18.8,18.8,100,0
FHN_F.US,5,20250912,194500,18.8,18.8,18.8,18.8,300,0
FHN_F.US,5,20250912,195000,18.8,18.8,18.8,18.8,300,0
FHN_F.US,5,20250912,201000,18.8,18.8,18.8,18.8,200,0
FHN_F.US,5,20250912,212500,18.83,18.84,18.83,18.84,761,0
FHN_F.US,5,20250912,215000,18.94,18.94,18.94,18.94,100,0
FHN_F.US,5,20250912,215500,18.97,19.04,18.97,19.04,200,0
FHN_F.US,5,20250915,170000,18.89,18.89,18.89,18.89,200,0
FHN_F.US,5,20250915,173500,18.965,18.965,18.965,18.965,420,0
FHN_F.US,5,20250915,180500,19.03,19.03,18.965,18.965,434,0
FHN_F.US,5,20250915,181000,19,19,19,19,170,0
FHN_F.US,5,20250915,204000,19.03,19.05,18.9952,18.9952,600,0
FHN_F.US,5,20250915,212500,18.96,19.05,18.96,19.05,535,0
FHN_F.US,5,20250915,213500,18.95,18.95,18.95,18.95,100,0
FHN_F.US,5,20250916,160000,19.0684,19.0684,19.0684,19.0684,315,0
FHN_F.US,5,20250916,160500,18.982,18.982,18.982,18.982,315,0
FHN_F.US,5,20250916,161500,19.020154,19.020154,19.020154,19.020154,131,0
FHN_F.US,5,20250916,163500,18.95,18.95,18.95,18.95,100,0
FHN_F.US,5,20250916,165000,18.95,18.95,18.95,18.95,200,0
FHN_F.US,5,20250916,165500,18.91,18.91,18.9,18.9,1100,0
FHN_F.US,5,20250916,171000,18.905,18.905,18.905,18.905,1920,0
FHN_F.US,5,20250916,174000,19.0005,19.0005,19.0005,19.0005,1000,0
FHN_F.US,5,20250916,183000,18.9498,19.01,18.94,19.0099,600,0
FHN_F.US,5,20250916,184000,19.01,19.01,19.01,19.01,100,0
FHN_F.US,5,20250916,192000,18.81,18.9,18.8,18.81,951,0
FHN_F.US,5,20250916,200000,19.01,19.01,18.82,18.89,1506,0
FHN_F.US,5,20250916,200500,18.82,18.82,18.81,18.8193,1066,0
FHN_F.US,5,20250916,201000,18.82,18.83,18.74,18.7467,6262,0
FHN_F.US,5,20250916,202000,18.785,18.7949,18.785,18.7949,514,0
FHN_F.US,5,20250916,210000,18.74,18.78,18.74,18.7401,1398,0
FHN_F.US,5,20250916,214000,18.7856,18.82,18.7856,18.82,200,0
FHN_F.US,5,20250916,215000,18.85,18.88,18.85,18.85,860,0
FHN_F.US,5,20250916,215500,18.95,18.95,18.95,18.95,139,0
FHN_F.US,5,20250917,160000,19,19,19,19,775,0
FHN_F.US,5,20250917,161500,18.809,18.809,18.809,18.809,200,0
FHN_F.US,5,20250917,162500,18.98,19.02,18.98,19.02,1000,0
FHN_F.US,5,20250917,163000,19.08,19.08,19.08,19.08,250,0
FHN_F.US,5,20250917,164500,18.8,18.8,18.7822,18.7822,252,0
FHN_F.US,5,20250917,170500,18.8578,18.8578,18.8578,18.8578,200,0
FHN_F.US,5,20250917,174500,18.89,18.89,18.89,18.89,554,0
FHN_F.US,5,20250917,181000,18.89,18.89,18.89,18.89,430,0
FHN_F.US,5,20250917,194000,18.8782,18.89,18.8782,18.89,418,0
FHN_F.US,5,20250917,203000,18.9765,18.9765,18.9765,18.9765,500,0
FHN_F.US,5,20250917,212000,18.93,18.93,18.93,18.93,100,0
FHN_F.US,5,20250917,213500,18.9,18.92232,18.9,18.921124,3473,0
FHN_F.US,5,20250917,215500,18.9,18.95,18.9,18.95,390,0
FHN_F.US,5,20250918,153500,18.9447,18.9447,18.9,18.9,700,0
FHN_F.US,5,20250918,164500,18.9354,19.07,18.92,18.996,10449,0
FHN_F.US,5,20250918,165500,19.05,19.07,19.05,19.0642,3200,0
FHN_F.US,5,20250918,170500,19.08,19.08,19.0642,19.0642,3268,0
FHN_F.US,5,20250918,171000,19.05,19.05,19.05,19.05,322,0
FHN_F.US,5,20250918,180000,19.05,19.05,19.05,19.05,500,0
FHN_F.US,5,20250918,181000,19.0119,19.0119,19.0119,19.0119,541,0
FHN_F.US,5,20250918,183500,19.14,19.14,19.14,19.14,500,0
FHN_F.US,5,20250918,204500,19.0909,19.0909,19.0909,19.0909,1000,0
FHN_F.US,5,20250918,205000,19.1242,19.1242,19.1242,19.1242,1000,0
FHN_F.US,5,20250918,210500,19.1,19.1,19.08,19.0901,3100,0
FHN_F.US,5,20250918,211000,19.0864,19.0864,19.0843,19.0843,1530,0
FHN_F.US,5,20250918,211500,19.08,19.08,19.08,19.08,100,0
FHN_F.US,5,20250918,212000,19.08,19.0801,18.8632,18.8632,4440,0
FHN_F.US,5,20250918,212500,18.8601,19.02,18.8601,19.02,3415,0
FHN_F.US,5,20250918,213000,18.9,18.9001,18.87,18.8801,2832,0
FHN_F.US,5,20250918,213500,19.02,19.02,19.02,19.02,1500,0
FHN_F.US,5,20250918,215000,18.87,18.87,18.87,18.87,106,0
FHN_F.US,5,20250919,204000,18.92,19.06,18.92,19.06,1631,0
FHN_F.US,5,20250922,173000,18.98,18.98,18.98,18.98,183,0
FHN_F.US,5,20250922,182000,19.07,19.09,19.07,19.0899,1628,0
FHN_F.US,5,20250922,184000,19.13,19.13,19.09,19.09,541,0
FHN_F.US,5,20250922,184500,19.13,19.13,19.13,19.13,200,0
FHN_F.US,5,20250922,185500,19.16,19.23,19.16,19.2286,300,0
FHN_F.US,5,20250922,202500,19.1,19.1,19.1,19.1,100,0
FHN_F.US,5,20250922,203000,19.11,19.11,19.11,19.11,100,0
FHN_F.US,5,20250922,212500,19.1,19.2165,19.1,19.2165,3446,0
FHN_F.US,5,20250922,215500,19.22,19.22,19.22,19.22,200,0
FHN_F.US,5,20250923,155000,19.1814,19.1814,19.1814,19.1814,100,0
FHN_F.US,5,20250923,171500,18.98,18.98,18.89,18.97,4900,0
FHN_F.US,5,20250923,174000,18.96,18.9658,18.96,18.9658,1100,0
FHN_F.US,5,20250923,202500,19.12,19.15,19.12,19.15,200,0
FHN_F.US,5,20250923,203000,18.96,19.05,18.96,19.05,258,0
FHN_F.US,5,20250923,210000,19.04,19.04,19.04,19.04,100,0
FHN_F.US,5,20250924,163500,19.02,19.02,19,19.0101,1244,0
FHN_F.US,5,20250924,164000,18.93,18.9301,18.93,18.9301,1850,0
FHN_F.US,5,20250924,174500,18.966,18.966,18.966,18.966,2000,0
FHN_F.US,5,20250924,175500,18.975,19.05,18.975,19.05,3300,0
FHN_F.US,5,20250924,183500,18.9087,18.9087,18.9087,18.9087,568,0
FHN_F.US,5,20250924,192000,18.9,18.91,18.875,18.875,1286,0
FHN_F.US,5,20250924,192500,18.83,18.83,18.78,18.78,700,0
FHN_F.US,5,20250924,193000,18.79,18.79,18.78,18.78,1400,0
FHN_F.US,5,20250924,193500,18.69,18.7,18.67,18.67,400,0
FHN_F.US,5,20250924,195000,18.63,18.63,18.57,18.6,2000,0
FHN_F.US,5,20250924,195500,18.64,18.66,18.55,18.55,600,0
FHN_F.US,5,20250924,200000,18.55,18.55,18.55,18.55,700,0
FHN_F.US,5,20250924,200500,18.54,18.54,18.54,18.54,600,0
FHN_F.US,5,20250924,201000,18.54,18.65,18.54,18.55,1302,0
FHN_F.US,5,20250924,201500,18.55,18.55,18.55,18.55,400,0
FHN_F.US,5,20250924,202000,18.55,18.55,18.5,18.5,600,0
FHN_F.US,5,20250924,202500,18.5,18.5,18.46,18.46,400,0
FHN_F.US,5,20250924,203000,18.47,18.61,18.47,18.5,1250,0
FHN_F.US,5,20250924,203500,18.5,18.51,18.5,18.51,700,0
FHN_F.US,5,20250924,204000,18.51,18.52,18.51,18.52,600,0
FHN_F.US,5,20250924,204500,18.52,18.52,18.49,18.49,300,0
FHN_F.US,5,20250924,205000,18.47,18.47,18.47,18.47,300,0
FHN_F.US,5,20250924,205500,18.47,18.6,18.33,18.33,5099,0
FHN_F.US,5,20250924,210000,18.475,18.6,18.475,18.48,300,0
FHN_F.US,5,20250924,211500,18.66,18.66,18.595,18.595,200,0
FHN_F.US,5,20250924,215500,18.51,18.51,18.51,18.51,300,0
FHN_F.US,5,20250925,153500,18.12,18.12,18.12,18.12,200,0
FHN_F.US,5,20250925,170500,18.2274,18.2274,18.2274,18.2274,250,0
FHN_F.US,5,20250925,173500,18.25,18.3,18.24,18.3,1709,0
FHN_F.US,5,20250925,195500,18.31,18.31,18.31,18.31,200,0
FHN_F.US,5,20250925,200000,18.2001,18.2001,18.2,18.2,500,0
FHN_F.US,5,20250925,200500,18.243617,18.31,18.243617,18.31,747,0
FHN_F.US,5,20250925,215500,18.26,18.3,18.26,18.3,210,0
FHN_F.US,5,20250926,165500,18.4495,18.48,18.4495,18.48,1553,0
FHN_F.US,5,20250926,180000,18.3846,18.3846,18.3846,18.3846,630,0
FHN_F.US,5,20250926,211000,18.325,18.325,18.325,18.325,2500,0
FHN_F.US,5,20250926,215500,18.205,18.47,18.205,18.47,200,0
FHN_F.US,5,20250929,153500,18.41,18.41,18.41,18.41,100,0
FHN_F.US,5,20250929,160000,18.4208,18.4208,18.4208,18.4208,106,0
FHN_F.US,5,20250929,161500,18.54,18.54,18.54,18.54,958,0
FHN_F.US,5,20250929,170000,18.53,18.5399,18.53,18.5399,518,0
FHN_F.US,5,20250929,173500,18.52,18.52,18.52,18.52,100,0
FHN_F.US,5,20250929,174000,18.5,18.5,18.5,18.5,100,0
FHN_F.US,5,20250929,211500,18.47,18.47,18.47,18.47,100,0
FHN_F.US,5,20250929,215000,18.49,18.54,18.462,18.54,2641,0
FHN_F.US,5,20250930,153500,18.41,18.41,18.41,18.41,100,0
FHN_F.US,5,20250930,154500,18.54,18.54,18.4911,18.4911,300,0
FHN_F.US,5,20250930,155500,18.4,18.4,18.4,18.4,899,0
FHN_F.US,5,20250930,161000,18.25,18.25,18.25,18.25,100,0
FHN_F.US,5,20250930,165500,18.25,18.25,18.25,18.25,1000,0
FHN_F.US,5,20250930,195500,18.1962,18.1962,18.1962,18.1962,400,0
FHN_F.US,5,20250930,200000,18.255,18.255,18.255,18.255,201,0
FHN_F.US,5,20250930,215500,18.5,18.5,18.5,18.5,189,0
FHN_F.US,5,20251001,174000,18.48,18.5,18.427,18.427,800,0
FHN_F.US,5,20251001,184500,18.32,18.3808,18.3,18.3808,984,0
FHN_F.US,5,20251001,190000,18.33,18.4,18.3,18.32,6650,0
FHN_F.US,5,20251001,190500,18.34,18.41,18.34,18.41,857,0
FHN_F.US,5,20251001,192000,18.32,18.345,18.3,18.3,4400,0
FHN_F.US,5,20251001,192500,18.3,18.36,18.3,18.36,1500,0
FHN_F.US,5,20251001,195500,18.44,18.44,18.4,18.43,800,0
FHN_F.US,5,20251001,200000,18.43,18.44,18.42,18.43,897,0
FHN_F.US,5,20251001,201500,18.44,18.44,18.44,18.44,100,0
FHN_F.US,5,20251001,202000,18.375,18.375,18.375,18.375,101,0
FHN_F.US,5,20251001,213500,18.4102,18.4102,18.4102,18.4102,102,0
FHN_F.US,5,20251001,215500,18.41,18.41,18.4,18.4,857,0
FHN_F.US,5,20251002,160500,18.45,18.45,18.45,18.45,999,0
FHN_F.US,5,20251002,161500,18.5,18.5,18.5,18.5,800,0
FHN_F.US,5,20251002,163500,18.38,18.4749,18.38,18.4749,200,0
FHN_F.US,5,20251002,165000,18.47,18.55,18.47,18.55,1900,0
FHN_F.US,5,20251002,174000,18.5,18.54,18.5,18.53,1998,0
FHN_F.US,5,20251002,175000,18.53,18.548,18.5,18.548,3762,0
FHN_F.US,5,20251002,175500,18.5,18.54,18.5,18.5284,2872,0
FHN_F.US,5,20251002,181000,18.4818,18.495,18.4818,18.495,660,0
FHN_F.US,5,20251002,182000,18.43,18.43,18.39,18.4,2736,0
FHN_F.US,5,20251002,194000,18.5,18.5,18.5,18.5,100,0
FHN_F.US,5,20251002,205000,18.3301,18.3301,18.3301,18.3301,107,0
FHN_F.US,5,20251003,154500,18.4,18.4,18.4,18.4,1000,0
FHN_F.US,5,20251003,212500,18.44,18.44,18.44,18.44,126,0
FHN_F.US,5,20251003,215500,18.44,18.44,18.425,18.425,200,0
FHN_F.US,5,20251006,153000,18.4382,18.4382,18.4382,18.4382,300,0
FHN_F.US,5,20251006,155500,18.3001,18.3001,18.3001,18.3001,200,0
FHN_F.US,5,20251006,161500,18.35,18.35,18.35,18.35,100,0
FHN_F.US,5,20251006,175500,18.45,18.45,18.45,18.45,100,0
FHN_F.US,5,20251006,180500,18.45,18.45,18.4417,18.4417,1000,0
FHN_F.US,5,20251006,182000,18.465,18.465,18.465,18.465,500,0
FHN_F.US,5,20251006,185000,18.4458,18.4458,18.4458,18.4458,1500,0
FHN_F.US,5,20251006,192000,18.5299,18.5299,18.5299,18.5299,190,0
FHN_F.US,5,20251006,201500,18.5188,18.5188,18.5188,18.5188,125,0
FHN_F.US,5,20251006,202500,18.51,18.51,18.51,18.51,127,0
FHN_F.US,5,20251006,203000,18.51,18.52,18.51,18.52,1351,0
FHN_F.US,5,20251006,205000,18.525,18.525,18.525,18.525,134,0
FHN_F.US,5,20251006,213000,18.5174,18.53,18.5174,18.53,800,0
FHN_F.US,5,20251007,155500,18.56,18.56,18.56,18.56,2087,0
FHN_F.US,5,20251007,172000,18.55,18.55,18.55,18.55,1000,0
FHN_F.US,5,20251007,173000,18.51,18.51,18.51,18.51,343,0
FHN_F.US,5,20251007,173500,18.5,18.5,18.5,18.5,466,0
FHN_F.US,5,20251007,175000,18.5,18.5,18.5,18.5,1620,0
FHN_F.US,5,20251007,175500,18.47,18.47,18.47,18.47,170,0
FHN_F.US,5,20251007,210000,18.4701,18.4701,18.4701,18.4701,900,0
FHN_F.US,5,20251007,214500,18.527,18.527,18.527,18.527,101,0
FHN_F.US,5,20251007,215500,18.51,18.51,18.51,18.51,106,0
FHN_F.US,5,20251008,164500,18.5744,18.5744,18.5744,18.5744,300,0
FHN_F.US,5,20251008,173500,18.61,18.61,18.61,18.61,230,0
FHN_F.US,5,20251008,174000,18.62,18.62,18.62,18.62,2000,0
FHN_F.US,5,20251008,192500,18.54,18.54,18.47,18.47,2921,0
FHN_F.US,5,20251008,193000,18.48,18.48,18.48,18.48,177,0
FHN_F.US,5,20251008,193500,18.44,18.44,18.44,18.44,300,0
FHN_F.US,5,20251008,212000,18.48,18.54,18.48,18.5318,1120,0
FHN_F.US,5,20251008,213000,18.485,18.485,18.43,18.4591,1002,0
FHN_F.US,5,20251008,215500,18.42,18.55,18.42,18.55,200,0
FHN_F.US,5,20251009,153500,18.4915,18.4915,18.4915,18.4915,200,0
FHN_F.US,5,20251009,172500,18.5,18.5,18.5,18.5,100,0
FHN_F.US,5,20251009,173000,18.5,18.55,18.475,18.475,548,0
FHN_F.US,5,20251009,183500,18.55,18.55,18.55,18.55,100,0
FHN_F.US,5,20251009,185000,18.49,18.49,18.48,18.4801,900,0
FHN_F.US,5,20251009,190500,18.52,18.52,18.52,18.52,100,0
FHN_F.US,5,20251009,200000,18.48,18.48,18.48,18.48,126,0
FHN_F.US,5,20251009,201000,18.48,18.48,18.48,18.48,100,0
FHN_F.US,5,20251009,203500,18.48,18.48,18.48,18.48,331,0
FHN_F.US,5,20251009,215500,18.5,18.5,18.5,18.5,201,0
FHN_F.US,5,20251010,153000,18.5699,18.5699,18.5,18.5,343,0
FHN_F.US,5,20251010,154500,18.59,18.59,18.59,18.59,1199,0
FHN_F.US,5,20251010,160000,18.515,18.515,18.515,18.515,699,0
FHN_F.US,5,20251010,161500,18.5,18.5,18.5,18.5,100,0
FHN_F.US,5,20251010,165000,18.59,18.59,18.5868,18.59,3920,0
FHN_F.US,5,20251010,165500,18.5823,18.5885,18.5823,18.5885,563,0
FHN_F.US,5,20251010,171500,18.5899,18.5899,18.5899,18.5899,400,0
FHN_F.US,5,20251010,172500,18.4,18.4,18.4,18.4,452,0
FHN_F.US,5,20251010,174500,18.57,18.57,18.415,18.415,543,0
FHN_F.US,5,20251010,183000,18.4387,18.4387,18.4387,18.4387,500,0
FHN_F.US,5,20251010,185500,18.44,18.44,18.44,18.44,1267,0
FHN_F.US,5,20251010,193500,18.49,18.59,18.49,18.58,2600,0
FHN_F.US,5,20251010,202500,18.51,18.51,18.51,18.51,100,0
FHN_F.US,5,20251010,203000,18.59,18.59,18.56,18.56,317,0
FHN_F.US,5,20251010,205500,18.49,18.5867,18.38,18.5867,800,0
FHN_F.US,5,20251010,211000,18.28,18.3804,18.25,18.25,6186,0
FHN_F.US,5,20251010,213000,18.3,18.3,18.3,18.3,1000,0
FHN_F.US,5,20251010,214000,18.318,18.318,18.318,18.318,300,0
FHN_F.US,5,20251010,215500,18.34,18.34,18.26,18.26,373,0
FHN_F.US,5,20251013,155500,18.3681,18.3681,18.3681,18.3681,375,0
FHN_F.US,5,20251013,174500,18.35,18.35,18.35,18.35,100,0
FHN_F.US,5,20251013,200000,18.35,18.35,18.35,18.35,192,0
FHN_F.US,5,20251013,200500,18.35,18.35,18.35,18.35,500,0
FHN_F.US,5,20251013,214500,18.35,18.35,18.35,18.35,436,0
FHN_F.US,5,20251014,154000,18.26,18.26,18.17,18.18,700,0
FHN_F.US,5,20251014,162500,18.33,18.33,18.19,18.19,1300,0
FHN_F.US,5,20251014,170000,18.2,18.2,18.19,18.19,700,0
FHN_F.US,5,20251014,171500,18.25,18.25,18.18,18.18,1372,0
FHN_F.US,5,20251014,181000,18.34,18.34,18.34,18.34,2000,0
FHN_F.US,5,20251014,192000,18.28,18.28,18.28,18.28,150,0
FHN_F.US,5,20251014,202500,18.34,18.34,18.34,18.34,2500,0
FHN_F.US,5,20251014,211000,18.255,18.255,18.255,18.255,248,0
FHN_F.US,5,20251014,215500,18.252,18.26,18.252,18.26,200,0
FHN_F.US,5,20251015,155500,18.2,18.2,18.14,18.14,3192,0
FHN_F.US,5,20251015,160000,18.1,18.1,18.1,18.1,200,0
FHN_F.US,5,20251015,160500,18.4,18.4,18.4,18.4,2000,0
FHN_F.US,5,20251015,164000,18.11,18.17,18.11,18.14,2355,0
FHN_F.US,5,20251015,164500,18.2499,18.28,18.23,18.27,4100,0
FHN_F.US,5,20251015,172500,18.3397,18.3397,18.3397,18.3397,500,0
FHN_F.US,5,20251015,173000,18.2601,18.2601,18.2601,18.2601,200,0
FHN_F.US,5,20251015,174500,18.34,18.35,18.1521,18.1521,950,0
FHN_F.US,5,20251015,175000,18.1503,18.1503,18.1503,18.1503,706,0
FHN_F.US,5,20251015,181000,18.2814,18.2814,18.2814,18.2814,100,0
FHN_F.US,5,20251015,181500,18.2814,18.2814,18.2814,18.2814,400,0
FHN_F.US,5,20251015,183000,18.26,18.26,18.25,18.25,600,0
FHN_F.US,5,20251015,184500,18.25,18.35,18.25,18.35,892,0
FHN_F.US,5,20251015,190000,18.288,18.288,18.288,18.288,1000,0
FHN_F.US,5,20251015,195000,18.34,18.4999,18.34,18.4999,1400,0
FHN_F.US,5,20251015,201500,18.41,18.41,18.4,18.4,900,0
FHN_F.US,5,20251015,204000,18.4,18.45,18.4,18.4,885,0
FHN_F.US,5,20251015,211000,18.425,18.425,18.425,18.425,400,0
FHN_F.US,5,20251015,214500,18.41,18.41,18.29,18.29,2166,0
FHN_F.US,5,20251016,170000,18.4,18.4,18.4,18.4,710,0
FHN_F.US,5,20251016,174500,18.38,18.38,18.38,18.38,1000,0
FHN_F.US,5,20251016,183000,18.3899,18.3899,18.3899,18.3899,1000,0
FHN_F.US,5,20251016,191000,18.34,18.37,18.32,18.37,958,0
FHN_F.US,5,20251016,191500,18.255,18.255,18.255,18.255,500,0
FHN_F.US,5,20251016,193500,18.36,18.37,18.277282,18.317482,3600,0
FHN_F.US,5,20251016,194500,18.39,18.39,18.39,18.39,554,0
FHN_F.US,5,20251016,200500,18.32,18.32,18.32,18.32,105,0
FHN_F.US,5,20251016,201000,18.29,18.29,18.26,18.26,300,0
FHN_F.US,5,20251016,201500,18.2,18.21,18.2,18.2,1200,0
FHN_F.US,5,20251016,202500,18.2,18.2,18.2,18.2,1200,0
FHN_F.US,5,20251016,203000,18.17,18.17,18.17,18.17,100,0
FHN_F.US,5,20251016,203500,18.17,18.17,18.17,18.17,500,0
FHN_F.US,5,20251016,204000,18.19,18.19,18.19,18.19,500,0
FHN_F.US,5,20251016,211500,18.2,18.2,18.2,18.2,1500,0
FHN_F.US,5,20251016,212000,18.2,18.2,18.17,18.17,1367,0
FHN_F.US,5,20251016,213500,18.1,18.1,18.1,18.1,100,0
FHN_F.US,5,20251016,215500,18.1,18.1,18.1,18.1,100,0
FHN_F.US,5,20251017,153500,18.25,18.25,18.25,18.25,500,0
FHN_F.US,5,20251017,160500,18.4095,18.4095,18.4095,18.4095,1000,0
FHN_F.US,5,20251017,170000,18.2,18.2,18.2,18.2,200,0
FHN_F.US,5,20251017,172000,18.25,18.25,18.2,18.2,1100,0
FHN_F.US,5,20251017,181000,18.2172,18.2172,18.2172,18.2172,400,0
FHN_F.US,5,20251017,193500,18.31,18.31,18.31,18.31,328,0
FHN_F.US,5,20251017,201000,18.31,18.31,18.31,18.31,300,0
FHN_F.US,5,20251017,204000,18.31,18.33,18.31,18.33,300,0
FHN_F.US,5,20251017,205500,18.33,18.43,18.33,18.43,399,0
FHN_F.US,5,20251017,212000,18.261,18.261,18.261,18.261,151,0
FHN_F.US,5,20251017,212500,18.37,18.4,18.37,18.4,754,0
FHN_F.US,5,20251017,215500,18.36,18.36,18.26,18.26,300,0
FHN_F.US,5,20251020,162000,18.3,18.3,18.3,18.3,200,0
FHN_F.US,5,20251020,180500,18.425,18.425,18.425,18.425,102,0
FHN_F.US,5,20251020,185000,18.44,18.44,18.44,18.44,100,0
FHN_F.US,5,20251020,192000,18.4194,18.4194,18.4194,18.4194,103,0
FHN_F.US,5,20251020,203000,18.44,18.44,18.35,18.35,8424,0
FHN_F.US,5,20251020,205500,18.2491,18.2491,18.2491,18.2491,100,0
FHN_F.US,5,20251020,214500,18.39,18.45,18.39,18.45,3950,0
FHN_F.US,5,20251020,215000,18.5,18.5,18.5,18.5,1000,0
FHN_F.US,5,20251020,215500,18.45,18.45,18.35,18.35,368,0
FHN_F.US,5,20251021,153000,18.5,18.5,18.44,18.5,1398,0
FHN_F.US,5,20251021,160500,18.42,18.45,18.42,18.45,200,0
FHN_F.US,5,20251021,183000,18.475,18.49,18.475,18.49,1300,0
FHN_F.US,5,20251021,184000,18.49,18.49,18.49,18.49,825,0
FHN_F.US,5,20251021,185500,18.5051,18.6,18.5051,18.6,2788,0
FHN_F.US,5,20251021,192500,18.55,18.55,18.48,18.48,686,0
FHN_F.US,5,20251021,213500,18.5,18.5,18.5,18.5,200,0
FHN_F.US,5,20251021,215500,18.48,18.48,18.48,18.48,100,0
FHN_F.US,5,20251022,161000,18.4519,18.4519,18.4519,18.4519,114,0
FHN_F.US,5,20251022,163500,18.48,18.48,18.48,18.48,100,0
FHN_F.US,5,20251022,175000,18.505,18.505,18.505,18.505,512,0
FHN_F.US,5,20251022,181000,18.53,18.54,18.53,18.54,822,0
FHN_F.US,5,20251022,183000,18.5,18.5,18.5,18.5,489,0
FHN_F.US,5,20251022,185000,18.5,18.5,18.5,18.5,100,0
FHN_F.US,5,20251022,192000,18.5,18.5,18.5,18.5,300,0
FHN_F.US,5,20251022,192500,18.5,18.5,18.5,18.5,200,0
FHN_F.US,5,20251022,215500,18.48,18.48,18.42,18.42,200,0
FHN_F.US,5,20251023,170000,18.5416,18.5416,18.5416,18.5416,153,0
FHN_F.US,5,20251023,212500,18.53,18.53,18.53,18.53,100,0
FHN_F.US,5,20251023,215500,18.49,18.49,18.49,18.49,100,0
FHN_F.US,5,20251024,154500,18.395,18.45,18.395,18.45,634,0
FHN_F.US,5,20251024,161500,18.4687,18.4687,18.4687,18.4687,103,0
FHN_F.US,5,20251024,173000,18.41,18.41,18.41,18.41,120,0
FHN_F.US,5,20251024,174000,18.495,18.495,18.495,18.495,200,0
FHN_F.US,5,20251024,174500,18.59,18.59,18.59,18.59,134,0
FHN_F.US,5,20251024,184500,18.4001,18.4001,18.4001,18.4001,1304,0
FHN_F.US,5,20251024,190000,18.63,18.63,18.62,18.62,200,0
FHN_F.US,5,20251024,195000,18.6,18.63,18.6,18.63,224,0
FHN_F.US,5,20251024,203500,18.61,18.61,18.61,18.61,450,0
FHN_F.US,5,20251024,204500,18.59,18.59,18.54,18.5712,1146,0
FHN_F.US,5,20251024,213000,18.47,18.47,18.47,18.47,100,0
FHN_F.US,5,20251024,213500,18.45,18.48,18.45,18.48,700,0
FHN_F.US,5,20251024,215500,18.63,18.63,18.47,18.47,200,0
FHN_F.US,5,20251027,145000,18.64,18.65,18.64,18.65,200,0
FHN_F.US,5,20251027,175500,18.59,18.59,18.59,18.59,100,0
FHN_F.US,5,20251027,202500,18.55,18.55,18.55,18.55,100,0
FHN_F.US,5,20251028,153500,18.54,18.54,18.54,18.54,214,0
FHN_F.US,5,20251028,165000,18.4301,18.4301,18.4301,18.4301,723,0
FHN_F.US,5,20251028,192500,18.65,18.65,18.6499,18.6499,669,0
FHN_F.US,5,20251028,195500,18.65,18.65,18.65,18.65,100,0
FHN_F.US,5,20251028,202000,18.625,18.625,18.625,18.625,413,0
FHN_F.US,5,20251029,143000,18.6,18.6,18.6,18.6,400,0
FHN_F.US,5,20251029,170500,18.6185,18.6185,18.6185,18.6185,784,0
FHN_F.US,5,20251029,175000,18.65,18.65,18.65,18.65,455,0
FHN_F.US,5,20251029,184000,18.6571,18.6571,18.6571,18.6571,296,0
FHN_F.US,5,20251029,194000,18.63,18.63,18.63,18.63,400,0
FHN_F.US,5,20251029,194500,18.63,18.63,18.63,18.63,459,0
FHN_F.US,5,20251029,201000,18.53,18.575,18.5,18.575,4061,0
FHN_F.US,5,20251029,203000,18.51,18.51,18.5,18.5,3413,0
FHN_F.US,5,20251029,205500,18.48,18.48,18.48,18.48,100,0
FHN_F.US,5,20251030,144500,18.48,18.48,18.48,18.48,400,0
FHN_F.US,5,20251030,145000,18.47,18.48,18.47,18.48,300,0
FHN_F.US,5,20251030,145500,18.5,18.5,18.5,18.5,473,0
FHN_F.US,5,20251030,151000,18.5,18.5,18.5,18.5,200,0
FHN_F.US,5,20251030,171000,18.49,18.5,18.49,18.5,400,0
FHN_F.US,5,20251030,184500,18.4501,18.4501,18.4501,18.4501,400,0
FHN_F.US,5,20251030,190000,18.46,18.46,18.46,18.46,2500,0
FHN_F.US,5,20251030,192500,18.4581,18.4581,18.4581,18.4581,155,0
FHN_F.US,5,20251030,201500,18.45,18.45,18.36,18.36,500,0
FHN_F.US,5,20251030,203500,18.35,18.37,18.296,18.296,543,0
FHN_F.US,5,20251030,205000,18.2714,18.2714,18.2714,18.2714,200,0
FHN_F.US,5,20251031,150000,18.35,18.35,18.28,18.28,500,0
FHN_F.US,5,20251031,151500,18.32,18.32,18.32,18.32,100,0
FHN_F.US,5,20251031,154000,18.33,18.4,18.33,18.4,1300,0
FHN_F.US,5,20251031,155000,18.36,18.36,18.36,18.36,100,0
FHN_F.US,5,20251031,155500,18.3952,18.3952,18.33,18.3833,4500,0
FHN_F.US,5,20251031,160000,18.33,18.33,18.33,18.33,250,0
FHN_F.US,5,20251031,164000,18.42,18.42,18.4,18.42,2800,0
FHN_F.US,5,20251031,175500,18.37,18.4,18.37,18.4,700,0
FHN_F.US,5,20251031,200500,18.395,18.46,18.395,18.46,2004,0
FHN_F.US,5,20251031,201500,18.55,18.55,18.55,18.55,2400,0
FHN_F.US,5,20251031,202500,18.45,18.45,18.45,18.45,200,0
FHN_F.US,5,20251031,205500,18.69,18.69,18.46,18.46,1485,0
FHN_F.US,5,20251103,160000,18.5,18.5,18.5,18.5,158,0
FHN_F.US,5,20251103,164500,18.265,18.265,18.265,18.265,200,0
FHN_F.US,5,20251103,181000,18.56,18.56,18.56,18.56,1247,0
FHN_F.US,5,20251103,190000,18.46,18.46,18.46,18.46,500,0
FHN_F.US,5,20251103,215500,18.37,18.37,18.37,18.37,162,0
FHN_F.US,5,20251104,153000,18.38,18.38,18.38,18.38,200,0
FHN_F.US,5,20251104,155500,18.375,18.375,18.375,18.375,116,0
FHN_F.US,5,20251104,161500,18.4,18.4,18.4,18.4,1450,0
FHN_F.US,5,20251104,181500,18.39,18.39,18.39,18.39,288,0
FHN_F.US,5,20251104,182500,18.4,18.4,18.4,18.4,100,0
FHN_F.US,5,20251104,183000,18.41,18.41,18.41,18.41,346,0
FHN_F.US,5,20251104,184000,18.44,18.44,18.44,18.44,100,0
FHN_F.US,5,20251104,185500,18.36,18.36,18.36,18.36,100,0
FHN_F.US,5,20251105,161500,18.51,18.51,18.51,18.51,100,0
FHN_F.US,5,20251105,165500,18.43,18.43,18.43,18.43,200,0
FHN_F.US,5,20251105,170000,18.49,18.49,18.49,18.49,200,0
FHN_F.US,5,20251105,172500,18.49,18.55,18.49,18.55,3416,0
FHN_F.US,5,20251105,174500,18.55,18.55,18.5488,18.5488,2200,0
FHN_F.US,5,20251105,175000,18.43,18.56,18.43,18.56,6100,0
FHN_F.US,5,20251105,180500,18.56,18.56,18.56,18.56,100,0
FHN_F.US,5,20251105,182500,18.56,18.56,18.56,18.56,200,0
FHN_F.US,5,20251105,185000,18.56,18.56,18.56,18.56,300,0
FHN_F.US,5,20251105,190500,18.56,18.56,18.56,18.56,195,0
FHN_F.US,5,20251105,192000,18.64,18.64,18.64,18.64,100,0
FHN_F.US,5,20251105,193500,18.64,18.64,18.64,18.64,200,0
FHN_F.US,5,20251105,194500,18.64,18.64,18.64,18.64,100,0
FHN_F.US,5,20251105,200500,18.68,18.68,18.59,18.59,300,0
FHN_F.US,5,20251105,203000,18.66,18.66,18.66,18.66,100,0
FHN_F.US,5,20251105,203500,18.6796,18.6796,18.67,18.67,296,0
FHN_F.US,5,20251105,205500,18.63,18.63,18.63,18.63,100,0
FHN_F.US,5,20251105,211500,18.65,18.65,18.65,18.65,100,0
FHN_F.US,5,20251105,213500,18.65,18.65,18.65,18.65,100,0
FHN_F.US,5,20251105,215500,18.55,18.55,18.55,18.55,100,0
FHN_F.US,5,20251106,162500,18.62,18.62,18.62,18.62,100,0
FHN_F.US,5,20251106,164000,18.64,18.64,18.64,18.64,100,0
FHN_F.US,5,20251106,165500,18.6,18.6,18.6,18.6,100,0
FHN_F.US,5,20251106,172500,18.59,18.59,18.4662,18.4662,206,0
FHN_F.US,5,20251106,175500,18.49,18.49,18.49,18.49,812,0
FHN_F.US,5,20251106,202000,18.5,18.5,18.3975,18.45,1340,0
FHN_F.US,5,20251106,202500,18.45,18.45,18.45,18.45,1742,0
FHN_F.US,5,20251106,210500,18.5735,18.5735,18.57,18.57,460,0
FHN_F.US,5,20251106,212500,18.515,18.515,18.515,18.515,650,0
FHN_F.US,5,20251106,213500,18.5396,18.5396,18.5396,18.5396,200,0
FHN_F.US,5,20251106,214000,18.5,18.5,18.5,18.5,100,0
FHN_F.US,5,20251107,160500,18.415,18.45,18.41,18.45,400,0
FHN_F.US,5,20251107,171000,18.42,18.42,18.42,18.42,200,0
FHN_F.US,5,20251107,200500,18.415,18.415,18.415,18.415,137,0
FHN_F.US,5,20251107,203500,18.42,18.42,18.42,18.42,100,0
FHN_F.US,5,20251107,205000,18.395,18.395,18.395,18.395,196,0
FHN_F.US,5,20251107,215500,18.47,18.47,18.41,18.41,200,0
FHN_F.US,5,20251110,154000,18.66,18.66,18.66,18.66,120,0
FHN_F.US,5,20251110,155500,18.46,18.46,18.46,18.46,300,0
FHN_F.US,5,20251110,165500,18.49,18.49,18.49,18.49,100,0
FHN_F.US,5,20251110,175000,18.48,18.48,18.48,18.48,100,0
FHN_F.US,5,20251110,184500,18.47,18.47,18.47,18.47,100,0
FHN_F.US,5,20251110,185000,18.47,18.47,18.47,18.47,1900,0
FHN_F.US,5,20251110,195000,18.67,18.67,18.65,18.65,1400,0
FHN_F.US,5,20251110,200000,18.65,18.65,18.65,18.65,100,0
FHN_F.US,5,20251110,203000,18.66,18.66,18.66,18.66,100,0
FHN_F.US,5,20251110,214500,18.6,18.6,18.6,18.6,100,0
FHN_F.US,5,20251111,155500,18.55,18.55,18.55,18.55,200,0
FHN_F.US,5,20251111,160500,18.45,18.45,18.45,18.45,1600,0
FHN_F.US,5,20251111,163000,18.435,18.435,18.435,18.435,500,0
FHN_F.US,5,20251111,164000,18.4001,18.4001,18.4001,18.4001,150,0
FHN_F.US,5,20251111,173500,18.4324,18.4324,18.4324,18.4324,250,0
FHN_F.US,5,20251111,182500,18.43,18.44,18.43,18.44,200,0
FHN_F.US,5,20251111,214000,18.5,18.5,18.49,18.49,350,0
FHN_F.US,5,20251111,215000,18.57,18.57,18.57,18.57,176,0
FHN_F.US,5,20251112,154500,18.48,18.48,18.48,18.48,2500,0
FHN_F.US,5,20251112,181500,18.54,18.54,18.54,18.54,252,0
FHN_F.US,5,20251112,195000,18.58,18.65,18.58,18.64,3000,0
FHN_F.US,5,20251112,195500,18.64,18.64,18.64,18.64,2019,0
FHN_F.US,5,20251112,215000,18.62,18.63,18.62,18.63,200,0
FHN_F.US,5,20251112,215500,18.63,18.64,18.62,18.62,784,0
FHN_F.US,5,20251113,173500,18.6188,18.6188,18.6188,18.6188,400,0
FHN_F.US,5,20251113,195500,18.5369,18.5369,18.5369,18.5369,200,0
FHN_F.US,5,20251113,200000,18.54,18.54,18.54,18.54,142,0
FHN_F.US,5,20251113,202500,18.55,18.55,18.5,18.5,800,0
FHN_F.US,5,20251113,203000,18.55,18.55,18.55,18.55,259,0
FHN_F.US,5,20251113,205500,18.52,18.52,18.52,18.52,100,0
FHN_F.US,5,20251113,213000,18.5499,18.5499,18.5499,18.5499,700,0
FHN_F.US,5,20251114,154000,18.433,18.475,18.4001,18.4494,3000,0
FHN_F.US,5,20251114,162500,18.5499,18.5499,18.5499,18.5499,800,0
FHN_F.US,5,20251114,164000,18.485,18.485,18.485,18.485,182,0
FHN_F.US,5,20251114,164500,18.52,18.52,18.52,18.52,100,0
FHN_F.US,5,20251114,170500,18.515,18.52,18.493982,18.499116,2060,0
FHN_F.US,5,20251114,174500,18.485,18.485,18.485,18.485,135,0
FHN_F.US,5,20251114,175500,18.45,18.45,18.45,18.45,200,0
FHN_F.US,5,20251114,190000,18.52,18.52,18.455,18.46,1207,0
FHN_F.US,5,20251114,202000,18.4701,18.4701,18.4701,18.4701,208,0
FHN_F.US,5,20251114,212500,18.47,18.47,18.47,18.47,331,0
FHN_F.US,5,20251114,215000,18.5,18.5,18.47,18.5,500,0
FHN_F.US,5,20251117,153000,18.52,18.52,18.52,18.52,940,0
FHN_F.US,5,20251117,162000,18.535,18.535,18.535,18.535,400,0
FHN_F.US,5,20251117,173000,18.58,18.59,18.505,18.505,650,0
FHN_F.US,5,20251117,174000,18.476194,18.476194,18.476194,18.476194,229,0
FHN_F.US,5,20251117,184500,18.6,18.6,18.6,18.6,1300,0
FHN_F.US,5,20251117,185000,18.5,18.5,18.5,18.5,270,0
FHN_F.US,5,20251117,191500,18.45,18.45,18.45,18.45,100,0
FHN_F.US,5,20251117,192000,18.45,18.45,18.45,18.45,200,0
FHN_F.US,5,20251117,194500,18.4001,18.4001,18.4001,18.4001,517,0
FHN_F.US,5,20251117,195500,18.4,18.4,18.35,18.35,250,0
FHN_F.US,5,20251117,205500,18.44,18.44,18.44,18.44,800,0
FHN_F.US,5,20251117,215500,18.341815,18.341815,18.341815,18.341815,323,0
FHN_F.US,5,20251118,154000,18.42,18.42,18.42,18.42,100,0
FHN_F.US,5,20251118,154500,18.41,18.41,18.41,18.41,100,0
FHN_F.US,5,20251118,155000,18.38,18.41,18.38,18.39,300,0
FHN_F.US,5,20251118,160000,18.4,18.4,18.39,18.39,200,0
FHN_F.US,5,20251118,162500,18.44,18.44,18.4312,18.44,400,0
FHN_F.US,5,20251118,163000,18.44,18.44,18.44,18.44,500,0
FHN_F.US,5,20251118,181000,18.415,18.415,18.415,18.415,237,0
FHN_F.US,5,20251118,193000,18.44,18.44,18.4399,18.4399,1732,0
FHN_F.US,5,20251118,211500,18.3901,18.3901,18.3901,18.3901,1000,0
FHN_F.US,5,20251119,153500,18.36,18.36,18.36,18.36,166,0
FHN_F.US,5,20251119,155000,18.3261,18.3261,18.2401,18.25,1015,0
FHN_F.US,5,20251119,171500,18.44,18.44,18.44,18.44,550,0
FHN_F.US,5,20251119,183000,18.41,18.44,18.41,18.44,886,0
FHN_F.US,5,20251119,190000,18.2984,18.2984,18.231,18.231,1897,0
FHN_F.US,5,20251119,191500,18.335,18.335,18.335,18.335,159,0
FHN_F.US,5,20251119,194500,18.34,18.34,18.26,18.2601,300,0
FHN_F.US,5,20251119,213000,18.44,18.44,18.4,18.44,500,0
FHN_F.US,5,20251119,215500,18.27,18.27,18.27,18.27,100,0
FHN_F.US,5,20251120,162500,18.38,18.38,18.38,18.38,200,0
FHN_F.US,5,20251120,163500,18.38,18.38,18.38,18.38,188,0
FHN_F.US,5,20251120,182000,18.2,18.2,18.2,18.2,200,0
FHN_F.US,5,20251120,183500,18.13,18.13,18.11,18.11,1100,0
FHN_F.US,5,20251120,184500,18.03,18.03,18.03,18.03,1000,0
FHN_F.US,5,20251120,204500,18.11,18.11,18.11,18.11,200,0
FHN_F.US,5,20251120,212500,18.2575,18.2575,18.2575,18.2575,200,0
FHN_F.US,5,20251121,160000,18.09,18.09,18.09,18.09,100,0
FHN_F.US,5,20251121,163500,18.11,18.11,18.1,18.1,1596,0
FHN_F.US,5,20251121,183500,18.1001,18.1001,18.1001,18.1001,525,0
FHN_F.US,5,20251121,194000,18.245,18.245,18.245,18.245,200,0
FHN_F.US,5,20251121,210500,18.15,18.15,18.15,18.15,1010,0
FHN_F.US,5,20251124,153500,18.21,18.21,18.21,18.21,300,0
FHN_F.US,5,20251124,154000,18.2,18.2,18.2,18.2,100,0
FHN_F.US,5,20251124,155000,18.25,18.25,18.25,18.25,1100,0
FHN_F.US,5,20251124,155500,18.25,18.25,18.25,18.25,600,0
FHN_F.US,5,20251124,162000,18.23,18.23,18.23,18.23,100,0
FHN_F.US,5,20251124,165500,18.2,18.2,18.2,18.2,100,0
FHN_F.US,5,20251124,170000,18.3284,18.3284,18.3284,18.3284,100,0
FHN_F.US,5,20251124,171000,18.2125,18.2125,18.2125,18.2125,500,0
FHN_F.US,5,20251124,183500,18.21,18.21,18.21,18.21,100,0
FHN_F.US,5,20251124,193500,18.21,18.21,18.21,18.21,100,0
FHN_F.US,5,20251124,194500,18.2,18.2,18.2,18.2,100,0
FHN_F.US,5,20251124,200000,18.27,18.27,18.2,18.2,590,0
FHN_F.US,5,20251124,201500,18.2,18.2,18.2,18.2,100,0
FHN_F.US,5,20251124,212000,18.12,18.12,18.12,18.12,100,0
FHN_F.US,5,20251125,162500,18.25,18.26,18.245,18.245,400,0
FHN_F.US,5,20251125,165000,18.25,18.25,18.25,18.25,118,0
FHN_F.US,5,20251125,183000,18.25,18.25,18.25,18.25,100,0
FHN_F.US,5,20251126,174500,18.43,18.43,18.43,18.43,109,0
FHN_F.US,5,20251126,194000,18.3001,18.3001,18.3001,18.3001,395,0
FHN_F.US,5,20251128,153500,18.4399,18.4399,18.4399,18.4399,250,0
FHN_F.US,5,20251128,185500,18.43,18.43,18.43,18.43,459,0
FHN_F.US,5,20251201,160500,18.26,18.27,18.26,18.26,870,0
FHN_F.US,5,20251201,182500,18.3,18.3,18.3,18.3,230,0
FHN_F.US,5,20251201,194000,18.38,18.38,18.38,18.38,500,0
FHN_F.US,5,20251201,200000,18.3517,18.3517,18.3517,18.3517,108,0
FHN_F.US,5,20251201,202000,18.35,18.4077,18.35,18.4077,200,0
FHN_F.US,5,20251201,212000,18.4153,18.4153,18.4153,18.4153,650,0
FHN_F.US,5,20251202,165000,18.36,18.36,18.36,18.36,183,0
FHN_F.US,5,20251202,173000,18.3,18.3001,18.3,18.3001,492,0
FHN_F.US,5,20251202,175000,18.3,18.3,18.3,18.3,417,0
FHN_F.US,5,20251202,200500,18.4199,18.4199,18.4199,18.4199,400,0
FHN_F.US,5,20251202,201500,18.42,18.47,18.41,18.42,1005,0
FHN_F.US,5,20251202,204500,18.41,18.41,18.41,18.41,104,0
FHN_F.US,5,20251202,210500,18.4049,18.4049,18.4049,18.4049,100,0
FHN_F.US,5,20251202,211000,18.41,18.41,18.41,18.41,100,0
FHN_F.US,5,20251202,214500,18.47,18.47,18.47,18.47,179,0
FHN_F.US,5,20251203,155000,18.415,18.415,18.415,18.415,200,0
FHN_F.US,5,20251203,160000,18.4223,18.4223,18.4223,18.4223,700,0
FHN_F.US,5,20251203,161000,18.41,18.5099,18.41,18.4799,762,0
FHN_F.US,5,20251203,172500,18.4049,18.4049,18.4049,18.4049,197,0
FHN_F.US,5,20251203,174000,18.4344,18.4344,18.4344,18.4344,100,0
FHN_F.US,5,20251203,174500,18.4471,18.4471,18.4471,18.4471,200,0
FHN_F.US,5,20251203,175000,18.4344,18.4344,18.4344,18.4344,100,0
FHN_F.US,5,20251203,175500,18.4592,18.4592,18.4592,18.4592,100,0
FHN_F.US,5,20251203,181000,18.4476,18.4476,18.4476,18.4476,100,0
FHN_F.US,5,20251203,193500,18.43,18.43,18.43,18.43,600,0
FHN_F.US,5,20251203,195500,18.43,18.43,18.43,18.43,169,0
FHN_F.US,5,20251204,160500,18.43,18.43,18.43,18.43,234,0
FHN_F.US,5,20251204,164000,18.43,18.43,18.41,18.43,2760,0
FHN_F.US,5,20251204,172000,18.4238,18.4238,18.4238,18.4238,183,0
FHN_F.US,5,20251204,172500,18.41,18.41,18.41,18.41,800,0
FHN_F.US,5,20251204,175000,18.43,18.43,18.43,18.43,100,0
FHN_F.US,5,20251204,184000,18.43,18.43,18.43,18.43,400,0
FHN_F.US,5,20251204,185000,18.43,18.43,18.43,18.43,470,0
FHN_F.US,5,20251204,192500,18.43,18.43,18.43,18.43,440,0
FHN_F.US,5,20251204,202000,18.43,18.43,18.43,18.43,100,0
FHN_F.US,5,20251204,204000,18.43,18.43,18.43,18.43,840,0
FHN_F.US,5,20251204,205500,18.43,18.4553,18.43,18.4553,3519,0
FHN_F.US,5,20251205,190500,18.4501,18.4501,18.4501,18.4501,129,0
FHN_F.US,5,20251208,165500,18.45,18.45,18.45,18.45,100,0
FHN_F.US,5,20251208,192500,18.39,18.39,18.39,18.39,455,0
FHN_F.US,5,20251208,200000,18.39,18.39,18.36,18.36,872,0
FHN_F.US,5,20251208,200500,18.39,18.39,18.39,18.39,303,0
FHN_F.US,5,20251208,210000,18.38,18.38,18.38,18.38,159,0
FHN_F.US,5,20251208,213000,18.4,18.415,18.4,18.415,900,0
FHN_F.US,5,20251208,214500,18.4,18.4001,18.38,18.3801,2598,0
FHN_F.US,5,20251209,170500,18.38,18.38,18.38,18.38,921,0
FHN_F.US,5,20251209,173500,18.39,18.39,18.39,18.39,100,0
FHN_F.US,5,20251209,210500,18.4475,18.4475,18.4475,18.4475,1250,0
FHN_F.US,5,20251209,212000,18.48,18.48,18.48,18.48,100,0
FHN_F.US,5,20251209,212500,18.38,18.38,18.38,18.38,644,0
FHN_F.US,5,20251209,213000,18.38,18.38,18.35,18.35,1640,0
FHN_F.US,5,20251209,215000,18.3,18.47,18.3,18.32,800,0
FHN_F.US,5,20251209,215500,18.32,18.34,18.26,18.34,950,0
FHN_F.US,5,20251210,153000,18.2501,18.37,18.2501,18.37,360,0
FHN_F.US,5,20251210,155500,18.36,18.36,18.36,18.36,200,0
FHN_F.US,5,20251210,164500,18.38,18.38,18.38,18.38,262,0
FHN_F.US,5,20251210,170500,18.48,18.48,18.48,18.48,100,0
FHN_F.US,5,20251210,174500,18.434,18.434,18.434,18.434,129,0
FHN_F.US,5,20251210,180000,18.44,18.44,18.44,18.44,124,0
FHN_F.US,5,20251210,182000,18.48,18.48,18.48,18.48,100,0
FHN_F.US,5,20251210,183500,18.44,18.44,18.44,18.44,201,0
FHN_F.US,5,20251210,191500,18.39,18.39,18.39,18.39,139,0
FHN_F.US,5,20251210,204500,18.4807,18.4807,18.4807,18.4807,100,0
FHN_F.US,5,20251210,214500,18.4362,18.4362,18.4362,18.4362,1000,0
FHN_F.US,5,20251210,215500,18.41,18.41,18.39,18.39,1111,0
FHN_F.US,5,20251211,153500,18.5,18.5,18.5,18.5,100,0
FHN_F.US,5,20251211,154000,18.445,18.445,18.445,18.445,600,0
FHN_F.US,5,20251211,160000,18.48,18.48,18.48,18.48,100,0
FHN_F.US,5,20251211,164500,18.3901,18.3901,18.3901,18.3901,103,0
FHN_F.US,5,20251211,165500,18.395,18.395,18.395,18.395,1000,0
FHN_F.US,5,20251211,170500,18.488,18.488,18.488,18.488,200,0
FHN_F.US,5,20251211,174000,18.495,18.495,18.495,18.495,1000,0
FHN_F.US,5,20251211,175500,18.4837,18.4837,18.4837,18.4837,1200,0
FHN_F.US,5,20251211,190500,18.5,18.5,18.5,18.5,100,0
FHN_F.US,5,20251211,210500,18.4837,18.4837,18.4837,18.4837,1300,0
FHN_F.US,5,20251211,215500,18.46,18.46,18.46,18.46,106,0
FHN_F.US,5,20251212,154000,18.5,18.5,18.5,18.5,100,0
FHN_F.US,5,20251212,161000,18.49,18.49,18.49,18.49,100,0
FHN_F.US,5,20251212,181000,18.49,18.49,18.49,18.49,100,0
FHN_F.US,5,20251212,192500,18.4,18.4,18.4,18.4,570,0
FHN_F.US,5,20251212,194500,18.48,18.48,18.48,18.48,100,0
FHN_F.US,5,20251212,204000,18.4,18.48,18.29,18.48,1387,0
FHN_F.US,5,20251212,215500,18.32,18.32,18.32,18.32,100,0
FHN_F.US,5,20251215,160500,18.49,18.49,18.49,18.49,100,0
FHN_F.US,5,20251215,161500,18.405,18.405,18.405,18.405,275,0
FHN_F.US,5,20251215,164000,18.45,18.45,18.45,18.45,100,0
FHN_F.US,5,20251215,165500,18.45,18.45,18.45,18.45,200,0
FHN_F.US,5,20251215,170500,18.45,18.45,18.45,18.45,100,0
FHN_F.US,5,20251215,171000,18.48,18.48,18.48,18.48,100,0
FHN_F.US,5,20251215,171500,18.45,18.5,18.45,18.5,700,0
FHN_F.US,5,20251215,173000,18.48,18.48,18.48,18.48,100,0
FHN_F.US,5,20251215,174000,18.405,18.405,18.405,18.405,1000,0
FHN_F.US,5,20251215,175500,18.41,18.41,18.405,18.405,304,0
FHN_F.US,5,20251215,181000,18.4,18.4,18.4,18.4,100,0
FHN_F.US,5,20251215,185500,18.4,18.4,18.4,18.4,100,0
FHN_F.US,5,20251215,204000,18.355,18.355,18.355,18.355,100,0
FHN_F.US,5,20251215,204500,18.3212,18.34,18.31,18.33,1204,0
FHN_F.US,5,20251215,205500,18.355,18.355,18.355,18.355,100,0
FHN_F.US,5,20251215,212500,18.31,18.3104,18.31,18.3104,1540,0
FHN_F.US,5,20251215,214000,18.35,18.35,18.25,18.25,200,0
FHN_F.US,5,20251215,214500,18.26,18.27,18.26,18.27,300,0
FHN_F.US,5,20251215,215000,18.26,18.26,18.26,18.26,200,0
FHN_F.US,5,20251215,215500,18.26,18.4,18.25,18.25,900,0
FHN_F.US,5,20251216,153500,18.355,18.355,18.355,18.355,400,0
FHN_F.US,5,20251216,161500,18.36,18.36,18.36,18.36,200,0
FHN_F.US,5,20251216,163000,18.35,18.35,18.35,18.35,100,0
FHN_F.US,5,20251216,165500,18.26,18.26,18.26,18.26,157,0
FHN_F.US,5,20251216,201500,18.35,18.35,18.35,18.35,100,0
FHN_F.US,5,20251216,214000,18.337,18.337,18.337,18.337,139,0
FHN_F.US,5,20251216,215500,18.37,18.37,18.37,18.37,238,0
FHN_F.US,5,20251217,153000,18.3,18.3,18.3,18.3,263,0
FHN_F.US,5,20251217,154000,18.371,18.371,18.371,18.371,300,0
FHN_F.US,5,20251217,160000,18.34,18.34,18.34,18.34,100,0
FHN_F.US,5,20251217,161500,18.2573,18.2573,18.2573,18.2573,267,0
FHN_F.US,5,20251217,171500,18.2652,18.3,18.2652,18.3,200,0
FHN_F.US,5,20251217,190500,18.33,18.46,18.33,18.37,2844,0
FHN_F.US,5,20251217,191000,18.37,18.37,18.37,18.37,106,0
FHN_F.US,5,20251217,194500,18.328339,18.328339,18.328339,18.328339,1000,0
FHN_F.US,5,20251217,204500,18.3087,18.3087,18.3087,18.3087,104,0
FHN_F.US,5,20251217,205500,18.45,18.45,18.45,18.45,200,0
FHN_F.US,5,20251218,154000,18.4063,18.4063,18.4063,18.4063,540,0
FHN_F.US,5,20251218,165000,18.44,18.44,18.44,18.44,312,0
FHN_F.US,5,20251218,173000,18.41,18.41,18.41,18.41,122,0
FHN_F.US,5,20251218,174500,18.4933,18.4933,18.4933,18.4933,538,0
FHN_F.US,5,20251218,175000,18.29,18.29,18.29,18.29,1500,0
FHN_F.US,5,20251218,202500,18.3,18.3,18.3,18.3,313,0
FHN_F.US,5,20251218,212000,18.31,18.31,18.31,18.31,216,0
FHN_F.US,5,20251219,155500,18.29,18.32,18.28,18.28,885,0
FHN_F.US,5,20251219,161500,18.31,18.39,18.29,18.39,2718,0
FHN_F.US,5,20251219,164000,18.4,18.4,18.39,18.4,405,0
FHN_F.US,5,20251219,164500,18.4208,18.4208,18.4208,18.4208,405,0
FHN_F.US,5,20251219,172500,18.39,18.39,18.39,18.39,893,0
FHN_F.US,5,20251219,183000,18.3,18.33,18.2801,18.33,1049,0
FHN_F.US,5,20251219,192500,18.33,18.33,18.33,18.33,100,0
FHN_F.US,5,20251219,195000,18.2901,18.3161,18.2901,18.3161,1232,0
FHN_F.US,5,20251219,195500,18.37,18.37,18.37,18.37,1000,0
FHN_F.US,5,20251222,164000,18.3,18.3,18.3,18.3,143,0
FHN_F.US,5,20251222,165500,18.34,18.34,18.34,18.34,100,0
FHN_F.US,5,20251222,171500,18.35,18.35,18.35,18.35,100,0
FHN_F.US,5,20251222,183500,18.3722,18.3722,18.3722,18.3722,100,0
FHN_F.US,5,20251222,194500,18.31,18.3115,18.3,18.3115,902,0
FHN_F.US,5,20251222,205500,18.37,18.37,18.37,18.37,1000,0
