<TICKER>,<PER>,<DATE>,<TIME>,<OPEN>,<HIGH>,<LOW>,<CLOSE>,<VOL>,<OPENINT>
IH.US,5,20250728,153000,2.8992,2.8992,2.8992,2.8992,125,0
IH.US,5,20250728,153500,2.9,2.96,2.9,2.96,2706,0
IH.US,5,20250728,154000,2.97,2.97,2.97,2.97,197,0
IH.US,5,20250728,154500,2.95,2.95,2.95,2.95,283,0
IH.US,5,20250728,155000,2.95,2.95,2.95,2.95,200,0
IH.US,5,20250728,155500,2.9799,2.9799,2.9778,2.9778,755,0
IH.US,5,20250728,160000,2.9799,2.9799,2.95,2.95,4274,0
IH.US,5,20250728,160500,2.94,2.94,2.94,2.94,200,0
IH.US,5,20250728,162000,2.8703,2.8703,2.85,2.85,400,0
IH.US,5,20250728,162500,2.91,2.91,2.91,2.91,166,0
IH.US,5,20250728,165500,2.94,2.9424,2.94,2.9424,500,0
IH.US,5,20250728,171500,2.94,2.94,2.94,2.94,474,0
IH.US,5,20250728,173500,2.91,2.91,2.91,2.91,100,0
IH.US,5,20250728,175000,2.91,2.91,2.87,2.87,8351,0
IH.US,5,20250728,175500,2.87,2.87,2.87,2.87,300,0
IH.US,5,20250728,180000,2.87,2.88,2.87,2.88,1000,0
IH.US,5,20250728,183500,2.936,2.936,2.936,2.936,1125,0
IH.US,5,20250728,185000,2.9493,2.9493,2.94,2.94,400,0
IH.US,5,20250728,185500,2.936,2.936,2.936,2.936,500,0
IH.US,5,20250728,193000,2.9,2.9,2.9,2.9,1400,0
IH.US,5,20250728,193500,2.894,2.9431,2.894,2.9431,600,0
IH.US,5,20250728,194000,2.9499,2.9499,2.9499,2.9499,100,0
IH.US,5,20250728,194500,2.94,2.94,2.94,2.94,187,0
IH.US,5,20250728,195000,2.95,2.95,2.95,2.95,8300,0
IH.US,5,20250728,202500,2.95,2.95,2.94,2.94,400,0
IH.US,5,20250728,203000,2.92,2.92,2.92,2.92,100,0
IH.US,5,20250728,215500,2.945,2.95,2.87,2.87,1532,0
IH.US,5,20250729,154500,2.9729,2.9729,2.9729,2.9729,100,0
IH.US,5,20250729,160500,2.945,3.0555,2.91,2.99,8040,0
IH.US,5,20250729,164000,3.005,3.0741,2.99,2.99,398,0
IH.US,5,20250729,164500,3,3,2.91,2.91,2418,0
IH.US,5,20250729,165500,3.06,3.06,3.06,3.06,100,0
IH.US,5,20250729,172000,2.9085,2.9085,2.9085,2.9085,300,0
IH.US,5,20250729,181500,2.91,2.91,2.91,2.91,1500,0
IH.US,5,20250729,191500,3,3,2.99,2.99,8596,0
IH.US,5,20250729,201000,3,3,3,3,409,0
IH.US,5,20250729,210000,2.955,3.01,2.955,3.01,404,0
IH.US,5,20250729,210500,3.008,3.06,2.985,3.05,5000,0
IH.US,5,20250729,211000,2.94,2.98,2.94,2.98,2099,0
IH.US,5,20250729,212000,2.98,2.98,2.98,2.98,100,0
IH.US,5,20250729,212500,2.985,3.0151,2.985,3.01,404,0
IH.US,5,20250729,215500,3.02,3.07,3.01,3.07,1666,0
IH.US,5,20250730,153000,3.05,3.05,3.05,3.05,538,0
IH.US,5,20250730,154000,3,3,3,3,558,0
IH.US,5,20250730,154500,3,3,3,3,1000,0
IH.US,5,20250730,155000,2.99,2.99,2.99,2.99,127,0
IH.US,5,20250730,160000,2.99,3,2.9285,2.9285,2490,0
IH.US,5,20250730,163000,2.905,2.9999,2.905,2.905,1888,0
IH.US,5,20250730,182500,2.96,2.96,2.96,2.96,100,0
IH.US,5,20250730,184000,3,3.03,3,3.005,11205,0
IH.US,5,20250730,185500,3,3,3,3,700,0
IH.US,5,20250730,192000,3,3,3,3,700,0
IH.US,5,20250730,194500,2.86,2.86,2.86,2.86,500,0
IH.US,5,20250730,212500,2.883,2.883,2.883,2.883,150,0
IH.US,5,20250730,214000,2.99,2.99,2.99,2.99,170,0
IH.US,5,20250730,215000,2.98,3,2.98,3,500,0
IH.US,5,20250730,215500,2.98,3,2.94,2.94,1225,0
IH.US,5,20250731,153000,2.94,2.94,2.94,2.94,405,0
IH.US,5,20250731,153500,2.94,2.94,2.94,2.94,300,0
IH.US,5,20250731,164000,3.01,3.01,3.01,3.01,100,0
IH.US,5,20250731,170000,3,3,3,3,1376,0
IH.US,5,20250731,173000,3,3,3,3,100,0
IH.US,5,20250731,174000,3,3,3,3,5200,0
IH.US,5,20250731,175500,2.97,2.97,2.97,2.97,100,0
IH.US,5,20250731,181000,2.98,3.01,2.98,3,2634,0
IH.US,5,20250731,181500,3,3,3,3,1465,0
IH.US,5,20250731,182500,3,3.05,3,3.05,1766,0
IH.US,5,20250731,183500,3.005,3.005,3.005,3.005,299,0
IH.US,5,20250731,193000,2.97,2.97,2.97,2.97,1001,0
IH.US,5,20250731,202000,3.005,3.04,3.005,3.04,500,0
IH.US,5,20250731,211500,3.0036,3.0036,3.0036,3.0036,200,0
IH.US,5,20250731,215500,2.98,2.98,2.97,2.98,3200,0
IH.US,5,20250801,154000,2.9482,2.9482,2.9482,2.9482,100,0
IH.US,5,20250801,155000,2.94,2.97,2.94,2.94,4678,0
IH.US,5,20250801,155500,2.93,2.93,2.93,2.93,100,0
IH.US,5,20250801,160000,2.92,2.92,2.92,2.92,100,0
IH.US,5,20250801,161000,2.8,2.9662,2.8,2.9662,557,0
IH.US,5,20250801,161500,2.96,2.9791,2.95,2.9791,1683,0
IH.US,5,20250801,164500,2.94,2.94,2.94,2.94,175,0
IH.US,5,20250801,165500,2.973,2.973,2.973,2.973,100,0
IH.US,5,20250801,171000,2.98,2.98,2.98,2.98,600,0
IH.US,5,20250801,171500,2.98,2.98,2.98,2.98,200,0
IH.US,5,20250801,172000,2.99,2.99,2.99,2.99,700,0
IH.US,5,20250801,173000,2.99,2.99,2.99,2.99,1965,0
IH.US,5,20250801,174500,2.99,2.99,2.99,2.99,100,0
IH.US,5,20250801,175500,2.99,2.99,2.99,2.99,645,0
IH.US,5,20250801,180500,2.9,2.95,2.9,2.95,3300,0
IH.US,5,20250801,184500,2.977,2.98,2.977,2.98,200,0
IH.US,5,20250801,185000,2.98,2.98,2.98,2.98,100,0
IH.US,5,20250801,190000,2.98,2.987,2.98,2.987,400,0
IH.US,5,20250801,190500,2.98,2.98,2.98,2.98,100,0
IH.US,5,20250801,192500,2.98,2.98,2.98,2.98,100,0
IH.US,5,20250801,202500,2.98,2.98,2.98,2.98,100,0
IH.US,5,20250801,215500,2.98,2.98,2.91,2.91,200,0
IH.US,5,20250804,153000,2.9,2.91,2.86,2.91,500,0
IH.US,5,20250804,153500,2.91,2.91,2.91,2.91,1250,0
IH.US,5,20250804,154000,2.79,2.79,2.79,2.79,600,0
IH.US,5,20250804,160000,2.9016,2.91,2.8622,2.8622,2700,0
IH.US,5,20250804,170000,2.8532,2.8532,2.8108,2.8108,1500,0
IH.US,5,20250804,174000,2.8101,2.8101,2.8101,2.8101,400,0
IH.US,5,20250804,175500,2.8101,2.8101,2.8101,2.8101,1000,0
IH.US,5,20250804,181500,2.83,2.83,2.8103,2.8103,2000,0
IH.US,5,20250804,182000,2.8256,2.8256,2.8256,2.8256,146,0
IH.US,5,20250804,185000,2.8799,2.8799,2.8799,2.8799,166,0
IH.US,5,20250804,204000,2.85,2.85,2.85,2.85,100,0
IH.US,5,20250804,204500,2.88,2.88,2.88,2.88,1996,0
IH.US,5,20250804,205000,2.88,2.88,2.88,2.88,100,0
IH.US,5,20250804,210000,2.85,2.85,2.85,2.85,100,0
IH.US,5,20250804,211000,2.85,2.85,2.85,2.85,300,0
IH.US,5,20250804,212000,2.85,2.85,2.85,2.85,132,0
IH.US,5,20250804,213000,2.8899,2.8899,2.8899,2.8899,366,0
IH.US,5,20250804,214500,2.85,2.85,2.85,2.85,132,0
IH.US,5,20250804,215500,2.88,2.88,2.85,2.85,251,0
IH.US,5,20250805,153000,2.875,2.9,2.875,2.875,1499,0
IH.US,5,20250805,154000,2.88,2.88,2.88,2.88,383,0
IH.US,5,20250805,154500,2.89,2.89,2.88,2.88,350,0
IH.US,5,20250805,160000,2.88,2.9,2.88,2.9,4630,0
IH.US,5,20250805,160500,2.9,2.9,2.9,2.9,5990,0
IH.US,5,20250805,161000,2.89,2.89,2.89,2.89,500,0
IH.US,5,20250805,163500,2.91,2.91,2.9,2.9,2399,0
IH.US,5,20250805,164000,2.9,2.9,2.8982,2.8982,2101,0
IH.US,5,20250805,165500,2.9,2.9,2.9,2.9,1309,0
IH.US,5,20250805,172000,2.9703,2.9703,2.97,2.97,800,0
IH.US,5,20250805,173000,2.97,2.97,2.96,2.96,200,0
IH.US,5,20250805,181500,2.96,2.97,2.96,2.97,200,0
IH.US,5,20250805,185000,2.96,2.97,2.96,2.97,200,0
IH.US,5,20250805,191000,2.96,2.97,2.96,2.97,988,0
IH.US,5,20250805,193000,2.95,2.95,2.95,2.95,400,0
IH.US,5,20250805,195500,2.95,2.95,2.95,2.95,100,0
IH.US,5,20250805,203000,2.95,2.95,2.95,2.95,160,0
IH.US,5,20250805,214000,2.92,2.92,2.92,2.92,320,0
IH.US,5,20250806,153000,2.9,2.91,2.8529,2.8529,4377,0
IH.US,5,20250806,153500,2.9,2.9,2.9,2.9,1299,0
IH.US,5,20250806,154000,2.9,2.9,2.9,2.9,300,0
IH.US,5,20250806,154500,2.9,2.9,2.9,2.9,1432,0
IH.US,5,20250806,155000,2.8937,2.9,2.8937,2.9,500,0
IH.US,5,20250806,160000,2.8575,2.8575,2.8536,2.8536,1100,0
IH.US,5,20250806,160500,2.86,2.86,2.85,2.85,3472,0
IH.US,5,20250806,161500,2.85,2.85,2.85,2.85,1100,0
IH.US,5,20250806,162500,2.8499,2.8499,2.8499,2.8499,100,0
IH.US,5,20250806,163000,2.8,2.81,2.8,2.81,2486,0
IH.US,5,20250806,164000,2.81,2.81,2.81,2.81,300,0
IH.US,5,20250806,170500,2.8399,2.8399,2.8399,2.8399,200,0
IH.US,5,20250806,174500,2.81,2.81,2.81,2.81,10297,0
IH.US,5,20250806,182500,2.8497,2.8497,2.8497,2.8497,947,0
IH.US,5,20250806,184000,2.85,2.85,2.81,2.81,1086,0
IH.US,5,20250806,192000,2.8633,2.8633,2.8633,2.8633,500,0
IH.US,5,20250806,193000,2.8736,2.8736,2.8736,2.8736,200,0
IH.US,5,20250806,194500,2.883,2.883,2.883,2.883,100,0
IH.US,5,20250806,200500,2.845,2.845,2.845,2.845,100,0
IH.US,5,20250806,205500,2.81,2.81,2.8,2.8001,1397,0
IH.US,5,20250806,210500,2.8,2.81,2.8,2.8,2776,0
IH.US,5,20250806,215500,2.84,2.84,2.8,2.8,411,0
IH.US,5,20250807,153500,2.8,2.8,2.79,2.79,500,0
IH.US,5,20250807,154000,2.79,2.79,2.775,2.775,511,0
IH.US,5,20250807,154500,2.77,2.77,2.77,2.77,200,0
IH.US,5,20250807,160000,2.77,2.77,2.77,2.77,102,0
IH.US,5,20250807,160500,2.79,2.8,2.79,2.8,804,0
IH.US,5,20250807,161500,2.831,2.831,2.831,2.831,500,0
IH.US,5,20250807,162500,2.8419,2.8498,2.8419,2.8498,200,0
IH.US,5,20250807,174500,2.8397,2.8397,2.8397,2.8397,400,0
IH.US,5,20250807,175000,2.8362,2.8362,2.83,2.83,649,0
IH.US,5,20250807,180500,2.85,2.85,2.84,2.85,1295,0
IH.US,5,20250807,181500,2.89,2.89,2.88,2.89,1100,0
IH.US,5,20250807,183000,2.89,2.89,2.89,2.89,100,0
IH.US,5,20250807,190000,2.88,2.89,2.88,2.89,818,0
IH.US,5,20250807,212500,2.88,2.88,2.88,2.88,400,0
IH.US,5,20250807,215500,2.85,2.85,2.8,2.8,400,0
IH.US,5,20250808,153000,2.9332,2.9332,2.93,2.93,300,0
IH.US,5,20250808,155500,2.93,2.93,2.93,2.93,2300,0
IH.US,5,20250808,160000,2.92,2.92,2.92,2.92,812,0
IH.US,5,20250808,161500,2.8211,2.9184,2.8211,2.9184,1100,0
IH.US,5,20250808,171000,2.87,2.87,2.87,2.87,100,0
IH.US,5,20250808,172000,2.87,2.9199,2.87,2.91,1400,0
IH.US,5,20250808,173000,2.91,2.92,2.91,2.92,394,0
IH.US,5,20250808,173500,2.92,2.92,2.92,2.92,500,0
IH.US,5,20250808,174500,2.92,2.92,2.92,2.92,200,0
IH.US,5,20250808,175000,2.9,2.9,2.87,2.87,7178,0
IH.US,5,20250808,183000,2.85,2.86,2.83,2.83,1100,0
IH.US,5,20250808,183500,2.82,2.83,2.82,2.83,3602,0
IH.US,5,20250808,185500,2.79,2.79,2.78,2.78,1112,0
IH.US,5,20250808,192500,2.795,2.795,2.795,2.795,1188,0
IH.US,5,20250808,201500,2.7939,2.7939,2.7939,2.7939,324,0
IH.US,5,20250808,203000,2.795,2.83,2.795,2.83,400,0
IH.US,5,20250808,205000,2.83,2.83,2.83,2.83,368,0
IH.US,5,20250808,211000,2.83,2.83,2.83,2.83,399,0
IH.US,5,20250808,214500,2.8296,2.8296,2.8296,2.8296,100,0
IH.US,5,20250808,215500,2.77,2.8,2.77,2.8,304,0
IH.US,5,20250811,153000,2.71,2.775,2.7001,2.77,1654,0
IH.US,5,20250811,153500,2.7,2.71,2.5,2.59,11637,0
IH.US,5,20250811,154000,2.66,2.7,2.5134,2.7,5560,0
IH.US,5,20250811,154500,2.7,2.7,2.7,2.7,851,0
IH.US,5,20250811,155000,2.84,2.84,2.669,2.83,1200,0
IH.US,5,20250811,164500,2.83,2.83,2.83,2.83,1266,0
IH.US,5,20250811,171000,2.83,2.83,2.83,2.83,647,0
IH.US,5,20250811,181500,2.8,2.8,2.8,2.8,400,0
IH.US,5,20250811,182500,2.85,2.85,2.83,2.83,400,0
IH.US,5,20250811,184500,2.6511,2.6511,2.6511,2.6511,1207,0
IH.US,5,20250811,190500,2.68,2.68,2.68,2.68,500,0
IH.US,5,20250811,191500,2.66,2.66,2.62,2.62,9782,0
IH.US,5,20250811,194500,2.6,2.6,2.6,2.6,5387,0
IH.US,5,20250811,201500,2.8,2.8,2.62,2.62,416,0
IH.US,5,20250811,205500,2.7783,2.7783,2.75,2.75,716,0
IH.US,5,20250811,211000,2.75,2.75,2.65,2.65,200,0
IH.US,5,20250811,211500,2.5604,2.5604,2.5604,2.5604,700,0
IH.US,5,20250811,214500,2.675,2.675,2.675,2.675,150,0
IH.US,5,20250811,215500,2.63,2.63,2.63,2.63,355,0
IH.US,5,20250812,153000,2.7,2.7,2.7,2.7,2200,0
IH.US,5,20250812,153500,2.7,2.7,2.69,2.7,8085,0
IH.US,5,20250812,155000,2.78,2.8594,2.78,2.8594,600,0
IH.US,5,20250812,155500,2.79,2.79,2.79,2.79,958,0
IH.US,5,20250812,161500,2.8584,2.8584,2.82,2.85,3551,0
IH.US,5,20250812,162000,2.84,2.84,2.83,2.83,1323,0
IH.US,5,20250812,162500,2.83,2.83,2.79,2.79,440,0
IH.US,5,20250812,164000,2.82,2.82,2.82,2.82,500,0
IH.US,5,20250812,165000,2.78,2.78,2.7,2.7,5060,0
IH.US,5,20250812,173000,2.8407,2.8407,2.8407,2.8407,100,0
IH.US,5,20250812,173500,2.84,2.84,2.62,2.8056,3948,0
IH.US,5,20250812,175000,2.7,2.7,2.7,2.7,100,0
IH.US,5,20250812,180500,2.6001,2.6001,2.6001,2.6001,100,0
IH.US,5,20250812,191000,2.75,2.76,2.75,2.76,220,0
IH.US,5,20250812,193500,2.75,2.75,2.74,2.74,200,0
IH.US,5,20250812,204000,2.66,2.66,2.66,2.66,100,0
IH.US,5,20250812,205500,2.67,2.67,2.66,2.66,4000,0
IH.US,5,20250812,211000,2.77,2.87,2.76,2.76,3040,0
IH.US,5,20250812,211500,2.76,2.77,2.76,2.77,200,0
IH.US,5,20250812,215000,2.77,2.77,2.77,2.77,2805,0
IH.US,5,20250813,154000,2.86,2.86,2.86,2.86,215,0
IH.US,5,20250813,154500,2.86,2.86,2.86,2.86,100,0
IH.US,5,20250813,155000,2.86,2.86,2.86,2.86,1691,0
IH.US,5,20250813,161000,2.8,2.8,2.8,2.8,4879,0
IH.US,5,20250813,161500,2.8,2.8,2.775,2.7777,1693,0
IH.US,5,20250813,162000,2.7777,2.7777,2.7777,2.7777,200,0
IH.US,5,20250813,165500,2.73,2.73,2.6501,2.725,3285,0
IH.US,5,20250813,170000,2.765,2.765,2.765,2.765,100,0
IH.US,5,20250813,185000,2.8,2.8,2.79,2.79,300,0
IH.US,5,20250813,194000,2.79,2.79,2.79,2.79,624,0
IH.US,5,20250813,194500,2.75,2.75,2.75,2.75,6900,0
IH.US,5,20250813,200500,2.75,2.75,2.73,2.75,3614,0
IH.US,5,20250813,201000,2.72,2.72,2.72,2.72,2302,0
IH.US,5,20250813,205000,2.71,2.72,2.71,2.72,439,0
IH.US,5,20250813,205500,2.67,2.67,2.67,2.67,100,0
IH.US,5,20250813,213500,2.7328,2.7328,2.7328,2.7328,150,0
IH.US,5,20250813,215500,2.7,2.7,2.7,2.7,176,0
IH.US,5,20250814,153000,2.67,2.67,2.67,2.67,100,0
IH.US,5,20250814,155000,2.8196,2.8196,2.8196,2.8196,100,0
IH.US,5,20250814,160500,2.7105,2.7105,2.7105,2.7105,1325,0
IH.US,5,20250814,161500,2.7607,2.7607,2.7607,2.7607,180,0
IH.US,5,20250814,162000,2.76,2.76,2.76,2.76,1064,0
IH.US,5,20250814,165500,2.71,2.71,2.7,2.7,715,0
IH.US,5,20250814,173000,2.7187,2.7187,2.7187,2.7187,1074,0
IH.US,5,20250814,175000,2.71,2.71,2.71,2.71,100,0
IH.US,5,20250814,175500,2.71,2.71,2.71,2.71,200,0
IH.US,5,20250814,180500,2.77,2.78,2.77,2.78,300,0
IH.US,5,20250814,193500,2.75,2.76,2.75,2.76,239,0
IH.US,5,20250814,203500,2.75,2.75,2.75,2.75,3000,0
IH.US,5,20250815,153500,2.69,2.83,2.69,2.83,1204,0
IH.US,5,20250815,154500,2.82,2.83,2.82,2.82,300,0
IH.US,5,20250815,162000,2.82,2.83,2.82,2.83,200,0
IH.US,5,20250815,163000,2.83,2.8316,2.83,2.83,807,0
IH.US,5,20250815,165500,2.8179,2.8179,2.8179,2.8179,108,0
IH.US,5,20250815,171000,2.734,2.734,2.734,2.734,100,0
IH.US,5,20250815,192000,2.8292,2.8298,2.8197,2.82,1706,0
IH.US,5,20250815,201000,2.82,2.82,2.82,2.82,235,0
IH.US,5,20250815,203000,2.7574,2.7574,2.7574,2.7574,300,0
IH.US,5,20250815,204000,2.8391,2.8391,2.8391,2.8391,100,0
IH.US,5,20250815,212500,2.8399,2.8399,2.8399,2.8399,141,0
IH.US,5,20250815,213500,2.79,2.79,2.79,2.79,200,0
IH.US,5,20250815,215500,2.84,2.84,2.84,2.84,313,0
IH.US,5,20250818,153000,2.82,2.82,2.72,2.7759,1359,0
IH.US,5,20250818,155000,2.76,2.76,2.63,2.63,9964,0
IH.US,5,20250818,160000,2.6412,2.6412,2.6412,2.6412,264,0
IH.US,5,20250818,163000,2.7795,2.7795,2.7795,2.7795,200,0
IH.US,5,20250818,163500,2.664,2.715,2.6401,2.6401,900,0
IH.US,5,20250818,164000,2.6589,2.6589,2.6589,2.6589,200,0
IH.US,5,20250818,164500,2.715,2.7791,2.715,2.7791,967,0
IH.US,5,20250818,172000,2.7827,2.7827,2.7827,2.7827,100,0
IH.US,5,20250818,172500,2.745,2.745,2.745,2.745,100,0
IH.US,5,20250818,185000,2.7315,2.7315,2.7315,2.7315,100,0
IH.US,5,20250818,194000,2.7301,2.7301,2.7301,2.7301,1010,0
IH.US,5,20250818,204000,2.7899,2.7899,2.7899,2.7899,100,0
IH.US,5,20250818,212000,2.7473,2.7473,2.7473,2.7473,200,0
IH.US,5,20250818,214500,2.74,2.74,2.74,2.74,598,0
IH.US,5,20250818,215500,2.746,2.746,2.74,2.74,478,0
IH.US,5,20250819,153000,2.756,2.756,2.75,2.75,267,0
IH.US,5,20250819,161000,2.8199,2.8199,2.8199,2.8199,200,0
IH.US,5,20250819,162500,2.82,2.82,2.78,2.78,4154,0
IH.US,5,20250819,164500,2.78,2.78,2.78,2.78,100,0
IH.US,5,20250819,170000,2.78,2.78,2.78,2.78,100,0
IH.US,5,20250819,174500,2.755,2.755,2.755,2.755,100,0
IH.US,5,20250819,181500,2.775,2.7751,2.75,2.75,1816,0
IH.US,5,20250819,182000,2.7943,2.7943,2.7943,2.7943,100,0
IH.US,5,20250819,182500,2.775,2.775,2.775,2.775,100,0
IH.US,5,20250819,191000,2.75,2.75,2.75,2.75,500,0
IH.US,5,20250819,201000,2.75,2.75,2.75,2.75,2195,0
IH.US,5,20250819,201500,2.75,2.75,2.75,2.75,923,0
IH.US,5,20250819,211500,2.74,2.74,2.74,2.74,1000,0
IH.US,5,20250819,213500,2.74,2.74,2.73,2.73,3031,0
IH.US,5,20250819,215500,2.7,2.7,2.61,2.7,1457,0
IH.US,5,20250820,171500,2.6,2.61,2.6,2.61,640,0
IH.US,5,20250820,174000,2.65,2.65,2.65,2.65,100,0
IH.US,5,20250820,180000,2.64,2.64,2.64,2.64,100,0
IH.US,5,20250820,201000,2.6935,2.6935,2.69,2.69,703,0
IH.US,5,20250820,203500,2.69,2.69,2.69,2.69,298,0
IH.US,5,20250820,205000,2.65,2.65,2.65,2.65,188,0
IH.US,5,20250820,215500,2.65,2.65,2.65,2.65,344,0
IH.US,5,20250821,154000,2.6432,2.6432,2.6432,2.6432,100,0
IH.US,5,20250821,155000,2.6,2.6,2.6,2.6,818,0
IH.US,5,20250821,161500,2.64,2.65,2.64,2.65,2780,0
IH.US,5,20250821,165500,2.779,2.779,2.77,2.77,300,0
IH.US,5,20250821,175000,2.6717,2.6717,2.6717,2.6717,218,0
IH.US,5,20250821,175500,2.79,2.8,2.6703,2.6703,3946,0
IH.US,5,20250821,180000,2.73,2.73,2.73,2.73,100,0
IH.US,5,20250821,215500,2.78,2.78,2.75,2.75,438,0
IH.US,5,20250822,153000,2.7619,2.7619,2.7619,2.7619,100,0
IH.US,5,20250822,153500,2.7699,2.7699,2.72,2.72,300,0
IH.US,5,20250822,161000,2.7681,2.7681,2.7681,2.7681,100,0
IH.US,5,20250822,173500,2.7695,2.7695,2.725,2.725,2757,0
IH.US,5,20250822,175000,2.77,2.7802,2.7307,2.7802,819,0
IH.US,5,20250822,180500,2.7999,2.7999,2.7999,2.7999,200,0
IH.US,5,20250822,181000,2.8,2.8,2.8,2.8,3539,0
IH.US,5,20250822,181500,2.8,2.8,2.7999,2.7999,1500,0
IH.US,5,20250822,182000,2.7999,2.7999,2.7999,2.7999,500,0
IH.US,5,20250822,183000,2.78,2.78,2.78,2.78,100,0
IH.US,5,20250822,185500,2.7999,2.7999,2.7999,2.7999,100,0
IH.US,5,20250822,191500,2.7999,2.7999,2.7999,2.7999,500,0
IH.US,5,20250822,192000,2.79,2.79,2.79,2.79,500,0
IH.US,5,20250822,193000,2.79,2.79,2.79,2.79,500,0
IH.US,5,20250822,200000,2.7955,2.7955,2.78,2.78,300,0
IH.US,5,20250822,202000,2.8,2.8,2.8,2.8,2013,0
IH.US,5,20250822,204000,2.8,2.8,2.8,2.8,133,0
IH.US,5,20250822,205500,2.8,2.8,2.8,2.8,239,0
IH.US,5,20250822,210500,2.8,2.8,2.8,2.8,159,0
IH.US,5,20250822,211000,2.8,2.8,2.8,2.8,102,0
IH.US,5,20250822,211500,2.799,2.82,2.78,2.82,10841,0
IH.US,5,20250822,212000,2.81,2.82,2.805,2.805,741,0
IH.US,5,20250822,212500,2.8052,2.82,2.8052,2.82,251,0
IH.US,5,20250822,215500,2.8,2.8,2.8,2.8,100,0
IH.US,5,20250825,153000,2.93,2.99,2.93,2.99,398,0
IH.US,5,20250825,153500,2.99,2.99,2.99,2.99,300,0
IH.US,5,20250825,154000,2.99,2.99,2.88,2.88,600,0
IH.US,5,20250825,155000,2.9681,3.05,2.8203,2.8203,2412,0
IH.US,5,20250825,155500,3.04,3.04,3.04,3.04,100,0
IH.US,5,20250825,160000,2.97,2.97,2.97,2.97,500,0
IH.US,5,20250825,160500,3.01,3.04,3.01,3.03,968,0
IH.US,5,20250825,161000,3.1,3.1,3.1,3.1,100,0
IH.US,5,20250825,163500,3.04,3.04,3.04,3.04,200,0
IH.US,5,20250825,164500,3.0002,3.01,3,3,1437,0
IH.US,5,20250825,165500,3,3,3,3,445,0
IH.US,5,20250825,171000,2.97,2.97,2.97,2.97,2100,0
IH.US,5,20250825,172500,2.91,2.91,2.9,2.9002,1000,0
IH.US,5,20250825,173000,2.9072,2.9072,2.9072,2.9072,250,0
IH.US,5,20250825,184000,2.93,2.93,2.93,2.93,1230,0
IH.US,5,20250825,203000,2.98,2.9855,2.98,2.9855,400,0
IH.US,5,20250825,210500,2.91,2.91,2.91,2.91,666,0
IH.US,5,20250825,211000,2.95,2.95,2.95,2.95,100,0
IH.US,5,20250825,211500,2.98,2.9836,2.98,2.98,1900,0
IH.US,5,20250825,212000,2.91,2.9825,2.91,2.98,1600,0
IH.US,5,20250825,215500,2.91,2.91,2.91,2.91,100,0
IH.US,5,20250826,153000,2.85,3.0131,2.85,2.98,2568,0
IH.US,5,20250826,153500,3,3,3,3,220,0
IH.US,5,20250826,160000,3,3,2.91,2.91,404,0
IH.US,5,20250826,161500,2.8068,2.9978,2.8068,2.99,635,0
IH.US,5,20250826,162000,2.97,2.97,2.97,2.97,100,0
IH.US,5,20250826,175500,2.8,2.8,2.8,2.8,100,0
IH.US,5,20250826,180000,2.8985,2.8985,2.8985,2.8985,100,0
IH.US,5,20250826,194000,2.8878,2.8889,2.8878,2.8889,500,0
IH.US,5,20250826,210000,2.9,2.9,2.9,2.9,2666,0
IH.US,5,20250826,210500,2.85,2.85,2.85,2.85,300,0
IH.US,5,20250826,212500,2.9089,2.9089,2.9,2.9,200,0
IH.US,5,20250826,215500,2.8826,2.8826,2.8826,2.8826,100,0
IH.US,5,20250827,154000,2.88,2.88,2.87,2.8755,335,0
IH.US,5,20250827,155000,2.88,2.88,2.88,2.88,339,0
IH.US,5,20250827,160500,2.9,3.0133,2.7,2.89,4657,0
IH.US,5,20250827,162500,2.895,2.895,2.895,2.895,250,0
IH.US,5,20250827,163000,2.9745,2.9745,2.9745,2.9745,200,0
IH.US,5,20250827,163500,2.895,2.97,2.895,2.97,300,0
IH.US,5,20250827,164500,2.895,2.895,2.895,2.895,100,0
IH.US,5,20250827,165000,2.895,2.895,2.895,2.895,100,0
IH.US,5,20250827,165500,2.8161,2.98,2.8161,2.98,970,0
IH.US,5,20250827,170000,2.82,2.9764,2.82,2.9764,200,0
IH.US,5,20250827,170500,2.82,2.82,2.82,2.82,100,0
IH.US,5,20250827,171000,2.9764,2.9764,2.9764,2.9764,100,0
IH.US,5,20250827,172500,2.96,2.97,2.92,2.92,900,0
IH.US,5,20250827,173000,2.86,2.92,2.8111,2.8111,640,0
IH.US,5,20250827,175000,2.92,2.92,2.86,2.86,200,0
IH.US,5,20250827,175500,2.9025,2.9025,2.86,2.86,1020,0
IH.US,5,20250827,180000,2.8094,2.8094,2.8094,2.8094,301,0
IH.US,5,20250827,180500,2.86,2.86,2.86,2.86,136,0
IH.US,5,20250827,182000,2.86,2.86,2.8,2.8,560,0
IH.US,5,20250827,203000,2.92,2.92,2.86,2.92,1510,0
IH.US,5,20250827,205000,2.86,2.86,2.86,2.86,240,0
IH.US,5,20250827,212500,2.85,2.85,2.85,2.85,400,0
IH.US,5,20250827,215000,2.81,2.81,2.81,2.81,100,0
IH.US,5,20250827,215500,2.81,2.81,2.8,2.8,700,0
IH.US,5,20250828,154500,2.83,2.83,2.71,2.71,2492,0
IH.US,5,20250828,155500,2.7864,2.7864,2.755,2.755,260,0
IH.US,5,20250828,160500,2.7864,2.7864,2.7864,2.7864,100,0
IH.US,5,20250828,161000,2.8,2.8,2.76,2.76,5212,0
IH.US,5,20250828,162000,2.755,2.79,2.72,2.755,5480,0
IH.US,5,20250828,163000,2.76,2.76,2.75,2.75,317,0
IH.US,5,20250828,163500,2.795,2.8,2.77,2.7799,1458,0
IH.US,5,20250828,164000,2.76,2.76,2.76,2.76,100,0
IH.US,5,20250828,164500,2.76,2.76,2.76,2.76,100,0
IH.US,5,20250828,165000,2.76,2.76,2.76,2.76,423,0
IH.US,5,20250828,175500,2.755,2.755,2.755,2.755,100,0
IH.US,5,20250828,181500,2.755,2.755,2.755,2.755,100,0
IH.US,5,20250828,182000,2.73,2.755,2.73,2.755,4402,0
IH.US,5,20250828,182500,2.75,2.75,2.73,2.73,1162,0
IH.US,5,20250828,183500,2.73,2.73,2.71,2.71,200,0
IH.US,5,20250828,185000,2.72,2.72,2.72,2.72,100,0
IH.US,5,20250828,195000,2.71,2.71,2.71,2.71,100,0
IH.US,5,20250828,205000,2.72,2.72,2.72,2.72,300,0
IH.US,5,20250828,210500,2.72,2.72,2.72,2.72,100,0
IH.US,5,20250828,213000,2.735,2.74,2.735,2.74,207,0
IH.US,5,20250828,214000,2.74,2.74,2.74,2.74,100,0
IH.US,5,20250828,214500,2.745,2.75,2.745,2.745,978,0
IH.US,5,20250828,215500,2.74,2.74,2.735,2.735,2318,0
IH.US,5,20250829,153000,2.73,2.73,2.71,2.73,2298,0
IH.US,5,20250829,162000,2.82,2.82,2.82,2.82,900,0
IH.US,5,20250829,162500,2.82,2.9299,2.72,2.82,2800,0
IH.US,5,20250829,165000,2.82,2.91,2.82,2.91,1100,0
IH.US,5,20250829,170500,2.86,2.86,2.79,2.79,1000,0
IH.US,5,20250829,174500,2.785,2.785,2.785,2.785,300,0
IH.US,5,20250829,181000,2.75,2.75,2.75,2.75,100,0
IH.US,5,20250829,182000,2.79,2.79,2.79,2.79,500,0
IH.US,5,20250829,202500,2.85,2.85,2.8,2.8,810,0
IH.US,5,20250829,205000,2.75,2.75,2.75,2.75,100,0
IH.US,5,20250829,215500,2.795,2.795,2.795,2.795,900,0
IH.US,5,20250902,153000,2.79,2.795,2.755,2.755,1364,0
IH.US,5,20250902,153500,2.725,2.7844,2.6,2.63,12561,0
IH.US,5,20250902,154000,2.66,2.735,2.6,2.6,4026,0
IH.US,5,20250902,154500,2.66,2.66,2.66,2.66,200,0
IH.US,5,20250902,155000,2.67,2.67,2.63,2.63,508,0
IH.US,5,20250902,160000,2.64,2.65,2.64,2.65,300,0
IH.US,5,20250902,160500,2.64,2.64,2.63,2.63,1200,0
IH.US,5,20250902,163500,2.7,2.7,2.66,2.66,1199,0
IH.US,5,20250902,164000,2.66,2.66,2.64,2.645,1807,0
IH.US,5,20250902,165000,2.645,2.645,2.645,2.645,536,0
IH.US,5,20250902,170000,2.66,2.66,2.66,2.66,100,0
IH.US,5,20250902,171000,2.658,2.66,2.658,2.66,446,0
IH.US,5,20250902,173000,2.67,2.75,2.67,2.72,1586,0
IH.US,5,20250902,173500,2.7,2.7,2.7,2.7,100,0
IH.US,5,20250902,175000,2.6833,2.6833,2.6833,2.6833,300,0
IH.US,5,20250902,181000,2.6791,2.6791,2.64,2.64,1946,0
IH.US,5,20250902,183500,2.64,2.64,2.6,2.6,2005,0
IH.US,5,20250902,184500,2.6402,2.6402,2.63,2.63,1100,0
IH.US,5,20250902,191500,2.61,2.61,2.61,2.61,378,0
IH.US,5,20250902,193500,2.6739,2.6739,2.6739,2.6739,4000,0
IH.US,5,20250902,212500,2.645,2.67,2.63,2.63,880,0
IH.US,5,20250902,215000,2.63,2.68,2.63,2.679,378,0
IH.US,5,20250902,215500,2.63,2.63,2.53,2.55,1399,0
IH.US,5,20250903,153000,2.58,2.58,2.58,2.58,1100,0
IH.US,5,20250903,153500,2.6,2.6,2.6,2.6,778,0
IH.US,5,20250903,154000,2.6056,2.6056,2.6056,2.6056,100,0
IH.US,5,20250903,155000,2.6,2.6,2.6,2.6,549,0
IH.US,5,20250903,160000,2.6542,2.6542,2.645,2.645,1264,0
IH.US,5,20250903,160500,2.645,2.645,2.645,2.645,573,0
IH.US,5,20250903,161500,2.68,2.68,2.66,2.68,991,0
IH.US,5,20250903,162000,2.782,2.782,2.74,2.74,3900,0
IH.US,5,20250903,163000,2.68,2.68,2.64,2.64,1830,0
IH.US,5,20250903,165000,2.64,2.64,2.64,2.64,409,0
IH.US,5,20250903,165500,2.65,2.65,2.64,2.64,780,0
IH.US,5,20250903,171500,2.65,2.65,2.64,2.64,445,0
IH.US,5,20250903,174000,2.65,2.75,2.65,2.72,972,0
IH.US,5,20250903,180500,2.64,2.64,2.64,2.64,427,0
IH.US,5,20250903,182000,2.64,2.64,2.64,2.64,943,0
IH.US,5,20250903,183500,2.75,2.75,2.7,2.7,510,0
IH.US,5,20250903,192500,2.6,2.6,2.6,2.6,327,0
IH.US,5,20250903,194500,2.6,2.6,2.6,2.6,345,0
IH.US,5,20250903,201000,2.61,2.61,2.61,2.61,263,0
IH.US,5,20250903,203500,2.61,2.61,2.61,2.61,263,0
IH.US,5,20250903,205000,2.61,2.61,2.61,2.61,480,0
IH.US,5,20250903,210000,2.57,2.57,2.57,2.57,245,0
IH.US,5,20250903,211500,2.62,2.62,2.62,2.62,355,0
IH.US,5,20250903,214500,2.6,2.6,2.6,2.6,100,0
IH.US,5,20250903,215500,2.57,2.62,2.57,2.62,716,0
IH.US,5,20250904,153000,2.68,2.68,2.68,2.68,100,0
IH.US,5,20250904,153500,2.7066,2.7066,2.7066,2.7066,100,0
IH.US,5,20250904,165500,2.72,2.72,2.71,2.72,956,0
IH.US,5,20250904,171000,2.71,2.72,2.592,2.65,2336,0
IH.US,5,20250904,172000,2.7199,2.7199,2.7199,2.7199,1000,0
IH.US,5,20250904,173000,2.6071,2.6071,2.6071,2.6071,100,0
IH.US,5,20250904,191500,2.7152,2.7152,2.7016,2.7074,1105,0
IH.US,5,20250904,192000,2.692,2.75,2.6864,2.75,3853,0
IH.US,5,20250904,192500,2.748,2.75,2.748,2.75,707,0
IH.US,5,20250904,195000,2.7327,2.75,2.7327,2.75,250,0
IH.US,5,20250904,201000,2.7283,2.7321,2.7245,2.7245,891,0
IH.US,5,20250904,211000,2.6456,2.6456,2.6456,2.6456,500,0
IH.US,5,20250904,215500,2.72,2.73,2.72,2.73,381,0
IH.US,5,20250905,155500,2.7986,2.7986,2.7986,2.7986,100,0
IH.US,5,20250905,160500,2.74,2.74,2.74,2.74,200,0
IH.US,5,20250905,175500,2.735,2.735,2.735,2.735,262,0
IH.US,5,20250905,190000,2.6978,2.6978,2.6978,2.6978,708,0
IH.US,5,20250905,215500,2.74,2.74,2.74,2.74,330,0
IH.US,5,20250908,153000,2.74,2.74,2.74,2.74,135,0
IH.US,5,20250908,153500,2.7799,2.7799,2.7799,2.7799,100,0
IH.US,5,20250908,154000,2.6774,2.7631,2.6774,2.7631,450,0
IH.US,5,20250908,162000,2.7,2.8,2.7,2.8,3559,0
IH.US,5,20250908,164500,2.845,2.845,2.845,2.845,150,0
IH.US,5,20250908,165500,2.85,2.85,2.85,2.85,400,0
IH.US,5,20250908,170000,2.89,2.9,2.89,2.9,1400,0
IH.US,5,20250908,170500,2.88,2.88,2.88,2.88,100,0
IH.US,5,20250908,171000,2.895,2.895,2.88,2.88,1100,0
IH.US,5,20250908,175000,2.85,2.85,2.85,2.85,3892,0
IH.US,5,20250908,182000,2.85,2.85,2.84,2.84,2009,0
IH.US,5,20250908,203500,2.85,2.85,2.85,2.85,335,0
IH.US,5,20250908,204500,2.85,2.85,2.85,2.85,500,0
IH.US,5,20250908,210000,2.902,2.902,2.9,2.9,700,0
IH.US,5,20250908,210500,2.902,2.902,2.902,2.902,450,0
IH.US,5,20250908,212500,2.9,2.9,2.9,2.9,200,0
IH.US,5,20250908,215000,2.9,2.9,2.9,2.9,100,0
IH.US,5,20250908,215500,2.82,2.86,2.82,2.86,303,0
IH.US,5,20250909,153000,2.91,2.91,2.91,2.91,708,0
IH.US,5,20250909,160500,2.915,2.915,2.88,2.88,5000,0
IH.US,5,20250909,162000,2.94,2.94,2.94,2.94,200,0
IH.US,5,20250909,162500,2.95,2.96,2.95,2.96,1380,0
IH.US,5,20250909,163500,2.95,2.95,2.95,2.95,207,0
IH.US,5,20250909,170500,2.95,2.95,2.95,2.95,141,0
IH.US,5,20250909,172000,2.89,2.92,2.89,2.92,592,0
IH.US,5,20250909,172500,2.92,2.92,2.88,2.905,2915,0
IH.US,5,20250909,173000,2.905,2.905,2.905,2.905,100,0
IH.US,5,20250909,173500,2.9588,2.9588,2.85,2.85,2708,0
IH.US,5,20250909,180000,2.9,2.9,2.9,2.9,500,0
IH.US,5,20250909,185500,2.9,2.9,2.9,2.9,418,0
IH.US,5,20250909,190500,2.94,2.94,2.94,2.94,213,0
IH.US,5,20250909,194500,2.9,2.9,2.9,2.9,100,0
IH.US,5,20250909,195000,2.8568,2.8568,2.8568,2.8568,600,0
IH.US,5,20250909,212500,2.9,2.9,2.9,2.9,600,0
IH.US,5,20250909,215000,2.9,2.9,2.9,2.9,100,0
IH.US,5,20250909,215500,2.8979,2.9,2.8979,2.9,550,0
IH.US,5,20250910,154000,3,3,3,3,135,0
IH.US,5,20250910,154500,3,3,3,3,106,0
IH.US,5,20250910,155000,3,3,3,3,212,0
IH.US,5,20250910,160500,3,3,3,3,202,0
IH.US,5,20250910,161000,3,3,3,3,266,0
IH.US,5,20250910,161500,2.986,2.986,2.986,2.986,917,0
IH.US,5,20250910,162000,2.925,2.925,2.925,2.925,1577,0
IH.US,5,20250910,163500,2.9,2.9,2.9,2.9,985,0
IH.US,5,20250910,165000,2.9769,2.9769,2.9769,2.9769,100,0
IH.US,5,20250910,170500,2.98,2.98,2.98,2.98,6313,0
IH.US,5,20250910,173500,2.94,2.94,2.94,2.94,191,0
IH.US,5,20250910,174000,2.915,2.915,2.915,2.915,188,0
IH.US,5,20250910,175500,2.9695,2.9695,2.9695,2.9695,1665,0
IH.US,5,20250910,184000,2.9688,2.9688,2.96,2.96,200,0
IH.US,5,20250910,185500,2.96,2.96,2.96,2.96,2857,0
IH.US,5,20250910,192500,2.96,2.96,2.96,2.96,3312,0
IH.US,5,20250910,194500,2.9985,2.9985,2.9985,2.9985,800,0
IH.US,5,20250910,195500,2.9175,2.9175,2.9175,2.9175,236,0
IH.US,5,20250910,215500,2.91,2.91,2.91,2.91,451,0
IH.US,5,20250911,155500,2.9999,2.9999,2.9999,2.9999,135,0
IH.US,5,20250911,161000,2.8623,2.8623,2.8623,2.8623,2000,0
IH.US,5,20250911,161500,2.9856,2.9856,2.98,2.98,200,0
IH.US,5,20250911,163500,2.95,2.95,2.95,2.95,113,0
IH.US,5,20250911,164000,2.9723,2.9723,2.9723,2.9723,1111,0
IH.US,5,20250911,174000,2.965,2.965,2.95,2.95,928,0
IH.US,5,20250911,182500,2.9799,2.9799,2.9799,2.9799,200,0
IH.US,5,20250911,194000,2.95,2.95,2.95,2.95,4064,0
IH.US,5,20250911,200000,2.949,2.949,2.949,2.949,100,0
IH.US,5,20250911,205500,2.93,2.93,2.93,2.93,100,0
IH.US,5,20250911,215500,2.9473,2.9473,2.9473,2.9473,2235,0
IH.US,5,20250912,154000,2.9127,2.9127,2.9127,2.9127,100,0
IH.US,5,20250912,154500,2.9383,2.9383,2.9383,2.9383,125,0
IH.US,5,20250912,160500,2.9,2.9,2.8,2.87,2147,0
IH.US,5,20250912,162500,2.8938,2.8938,2.8938,2.8938,100,0
IH.US,5,20250912,163500,2.91,2.91,2.91,2.91,114,0
IH.US,5,20250912,164500,2.9,2.9,2.895,2.895,2327,0
IH.US,5,20250912,165000,2.9,2.9,2.9,2.9,566,0
IH.US,5,20250912,165500,2.9,2.9,2.825,2.825,300,0
IH.US,5,20250912,173000,2.8889,2.8889,2.8889,2.8889,200,0
IH.US,5,20250912,200000,2.86,2.86,2.86,2.86,200,0
IH.US,5,20250912,211000,2.86,2.86,2.86,2.86,100,0
IH.US,5,20250915,153500,2.96,2.96,2.95,2.95,1995,0
IH.US,5,20250915,154000,2.95,2.95,2.95,2.95,248,0
IH.US,5,20250915,154500,3,3,3,3,437,0
IH.US,5,20250915,155000,2.95,2.95,2.95,2.95,807,0
IH.US,5,20250915,160500,2.95,2.95,2.95,2.95,179,0
IH.US,5,20250915,161000,2.95,2.95,2.95,2.95,224,0
IH.US,5,20250915,161500,2.95,2.95,2.95,2.95,2167,0
IH.US,5,20250915,162500,2.9594,2.9594,2.9594,2.9594,132,0
IH.US,5,20250915,170500,2.9743,2.9743,2.9743,2.9743,978,0
IH.US,5,20250915,175000,2.9676,2.9676,2.9676,2.9676,200,0
IH.US,5,20250915,175500,3.05,3.05,3.05,3.05,397,0
IH.US,5,20250915,181500,2.96,2.96,2.96,2.96,108,0
IH.US,5,20250915,184000,3.005,3.005,3.005,3.005,100,0
IH.US,5,20250915,184500,3.01,3.05,2.9651,3.05,6219,0
IH.US,5,20250915,185000,3.005,3.005,3.005,3.005,100,0
IH.US,5,20250915,185500,3.05,3.1643,2.96,2.96,3125,0
IH.US,5,20250915,190000,2.96,2.96,2.92,2.92,1243,0
IH.US,5,20250915,194500,3.03,3.05,3.03,3.05,900,0
IH.US,5,20250916,153000,3,3.05,3,3.05,300,0
IH.US,5,20250916,153500,3.05,3.05,3.05,3.05,376,0
IH.US,5,20250916,160000,2.9209,2.95,2.92,2.9419,4858,0
IH.US,5,20250916,160500,2.92,2.9445,2.92,2.9445,3818,0
IH.US,5,20250916,161000,2.94,2.95,2.94,2.95,639,0
IH.US,5,20250916,161500,2.94,2.94,2.94,2.94,291,0
IH.US,5,20250916,162000,3.0299,3.0299,3.0299,3.0299,100,0
IH.US,5,20250916,163000,3.01,3.01,3.01,3.01,400,0
IH.US,5,20250916,164500,2.98,2.98,2.98,2.98,100,0
IH.US,5,20250916,165000,3.01,3.01,3.01,3.01,100,0
IH.US,5,20250916,170000,3,3,3,3,179,0
IH.US,5,20250916,170500,2.98,2.98,2.98,2.98,340,0
IH.US,5,20250916,171000,3,3,3,3,815,0
IH.US,5,20250916,175000,2.99,2.99,2.99,2.99,2000,0
IH.US,5,20250916,175500,2.99,2.99,2.99,2.99,100,0
IH.US,5,20250916,182000,2.99,2.99,2.99,2.99,358,0
IH.US,5,20250916,183000,2.92,3.0001,2.92,3.0001,200,0
IH.US,5,20250916,185000,3.05,3.05,2.99,2.99,1691,0
IH.US,5,20250916,190000,2.99,2.99,2.99,2.99,715,0
IH.US,5,20250916,191500,2.92,3.03,2.92,3.03,200,0
IH.US,5,20250916,200500,2.975,2.975,2.975,2.975,164,0
IH.US,5,20250916,201000,2.975,2.975,2.95,2.95,5227,0
IH.US,5,20250917,155000,3.01,3.01,2.97,2.97,453,0
IH.US,5,20250917,162500,3.09,3.09,3.08,3.08,200,0
IH.US,5,20250917,164500,2.9817,2.9817,2.9817,2.9817,100,0
IH.US,5,20250917,165500,2.97,2.9772,2.97,2.9772,894,0
IH.US,5,20250917,170000,3.07,3.07,3.07,3.07,100,0
IH.US,5,20250917,175500,2.9718,2.9718,2.9718,2.9718,1000,0
IH.US,5,20250917,180500,2.962,2.97,2.96,2.97,3000,0
IH.US,5,20250917,183000,3.0601,3.0601,3.0601,3.0601,200,0
IH.US,5,20250917,183500,3.0601,3.0601,3.0601,3.0601,100,0
IH.US,5,20250917,184000,3.05,3.05,3.05,3.05,100,0
IH.US,5,20250917,185500,3.05,3.05,3.05,3.05,1000,0
IH.US,5,20250917,203500,3.05,3.05,3.04,3.04,855,0
IH.US,5,20250917,204000,3.04,3.04,3.04,3.04,100,0
IH.US,5,20250917,211000,3.008,3.008,3.008,3.008,400,0
IH.US,5,20250917,215500,3.07,3.07,3.07,3.07,299,0
IH.US,5,20250918,153500,3.06,3.06,3.06,3.06,100,0
IH.US,5,20250918,154000,2.97,2.97,2.9506,2.9506,400,0
IH.US,5,20250918,155500,3.06,3.06,3.06,3.06,100,0
IH.US,5,20250918,160000,2.9848,3.01,2.9848,3,860,0
IH.US,5,20250918,161500,3.07,3.07,3.07,3.07,100,0
IH.US,5,20250918,164000,3.0613,3.0613,3.0613,3.0613,236,0
IH.US,5,20250918,171000,3.07,3.07,3.07,3.07,100,0
IH.US,5,20250918,172500,3.035,3.035,2.96,2.98,2701,0
IH.US,5,20250918,175500,2.9711,2.9711,2.9711,2.9711,100,0
IH.US,5,20250918,180500,3.0508,3.0508,3.0508,3.0508,100,0
IH.US,5,20250918,190000,2.9825,2.9825,2.9825,2.9825,253,0
IH.US,5,20250918,192500,2.9866,2.9973,2.96,2.9973,11121,0
IH.US,5,20250918,194000,3.0499,3.0499,3.0499,3.0499,500,0
IH.US,5,20250918,200000,2.9806,2.9806,2.9806,2.9806,200,0
IH.US,5,20250918,201500,2.96,2.96,2.96,2.96,100,0
IH.US,5,20250918,210500,2.9601,2.9601,2.9601,2.9601,411,0
IH.US,5,20250918,214000,3.042,3.042,3.042,3.042,100,0
IH.US,5,20250918,215500,2.97,2.97,2.96,2.96,300,0
IH.US,5,20250919,153000,3.03,3.03,3.03,3.03,100,0
IH.US,5,20250919,160000,2.9148,2.9148,2.9148,2.9148,252,0
IH.US,5,20250919,160500,2.965,2.965,2.965,2.965,300,0
IH.US,5,20250919,162500,2.96,2.96,2.96,2.96,250,0
IH.US,5,20250919,163000,2.95,2.95,2.95,2.95,100,0
IH.US,5,20250919,165000,2.95,2.95,2.95,2.95,400,0
IH.US,5,20250919,172500,2.9699,2.9699,2.9699,2.9699,470,0
IH.US,5,20250919,175000,2.96,2.96,2.95,2.95,300,0
IH.US,5,20250919,175500,2.96,2.96,2.96,2.96,100,0
IH.US,5,20250919,180500,2.97,2.97,2.97,2.97,100,0
IH.US,5,20250919,181500,2.9645,2.9645,2.9645,2.9645,3434,0
IH.US,5,20250919,182000,2.96,2.96,2.96,2.96,100,0
IH.US,5,20250919,183500,2.9672,2.995,2.96,2.96,11757,0
IH.US,5,20250919,184000,2.96,2.9649,2.96,2.96,9786,0
IH.US,5,20250919,184500,2.96,2.96,2.95,2.95,3238,0
IH.US,5,20250919,192000,2.99,2.99,2.95,2.95,200,0
IH.US,5,20250919,195000,2.95,2.95,2.92,2.92,2239,0
IH.US,5,20250919,201000,2.91,2.92,2.9089,2.9089,800,0
IH.US,5,20250919,202500,2.9,2.9001,2.9,2.9,6276,0
IH.US,5,20250919,204000,2.871,2.871,2.871,2.871,125,0
IH.US,5,20250919,205500,2.85,2.85,2.85,2.85,4900,0
IH.US,5,20250919,212500,2.83,2.83,2.83,2.83,100,0
IH.US,5,20250919,213000,2.85,2.85,2.85,2.85,3216,0
IH.US,5,20250919,214500,2.85,2.85,2.85,2.85,854,0
IH.US,5,20250919,215500,2.84,2.84,2.84,2.84,330,0
IH.US,5,20250922,153000,2.9277,2.9277,2.9277,2.9277,154,0
IH.US,5,20250922,153500,2.85,2.85,2.85,2.85,100,0
IH.US,5,20250922,154000,2.9078,2.9078,2.9078,2.9078,100,0
IH.US,5,20250922,163000,2.85,2.85,2.85,2.85,100,0
IH.US,5,20250922,170000,2.85,2.85,2.85,2.85,100,0
IH.US,5,20250922,172000,2.885,2.885,2.885,2.885,200,0
IH.US,5,20250922,173500,2.9055,2.92,2.9055,2.92,250,0
IH.US,5,20250922,174000,2.885,2.9,2.85,2.85,5280,0
IH.US,5,20250922,174500,2.9055,2.9055,2.9055,2.9055,120,0
IH.US,5,20250922,175000,2.87,2.87,2.87,2.87,100,0
IH.US,5,20250922,180500,2.86,2.86,2.86,2.86,100,0
IH.US,5,20250922,182000,2.86,2.86,2.8,2.8,1863,0
IH.US,5,20250922,185500,2.9199,2.9199,2.9199,2.9199,108,0
IH.US,5,20250922,190500,2.82,2.82,2.82,2.82,100,0
IH.US,5,20250922,192000,2.8165,2.8165,2.8165,2.8165,200,0
IH.US,5,20250922,210000,2.81,2.81,2.81,2.81,100,0
IH.US,5,20250922,212500,2.8,2.8,2.8,2.8,362,0
IH.US,5,20250922,213000,2.9,2.9,2.9,2.9,100,0
IH.US,5,20250922,214500,2.9099,2.9099,2.9099,2.9099,344,0
IH.US,5,20250922,215000,2.9,2.92,2.9,2.92,3490,0
IH.US,5,20250922,215500,2.82,2.86,2.8,2.86,1359,0
IH.US,5,20250923,155500,2.83,2.83,2.83,2.83,100,0
IH.US,5,20250923,160500,2.87,2.87,2.87,2.87,400,0
IH.US,5,20250923,162000,2.83,2.83,2.83,2.83,100,0
IH.US,5,20250923,162500,2.85,2.87,2.85,2.87,4160,0
IH.US,5,20250923,170500,2.82,2.83,2.82,2.83,294,0
IH.US,5,20250923,172000,2.82,2.83,2.82,2.83,404,0
IH.US,5,20250923,173000,2.82,2.82,2.82,2.82,100,0
IH.US,5,20250923,174000,2.82,2.82,2.82,2.82,100,0
IH.US,5,20250923,174500,2.82,2.82,2.82,2.82,100,0
IH.US,5,20250923,192000,2.82,2.82,2.82,2.82,100,0
IH.US,5,20250923,195500,2.82,2.8201,2.8,2.8201,747,0
IH.US,5,20250923,200000,2.805,2.805,2.805,2.805,100,0
IH.US,5,20250923,201000,2.805,2.805,2.77,2.7706,3321,0
IH.US,5,20250923,201500,2.775,2.775,2.77,2.77,780,0
IH.US,5,20250923,213000,2.73,2.73,2.73,2.73,300,0
IH.US,5,20250923,213500,2.7272,2.7272,2.7272,2.7272,100,0
IH.US,5,20250923,214500,2.73,2.73,2.73,2.73,729,0
IH.US,5,20250923,215000,2.73,2.73,2.73,2.73,249,0
IH.US,5,20250923,215500,2.71,2.71,2.71,2.71,113,0
IH.US,5,20250924,153500,2.8961,2.8961,2.8,2.8,600,0
IH.US,5,20250924,154000,2.7316,2.75,2.71,2.73,973,0
IH.US,5,20250924,154500,2.7233,2.7233,2.7233,2.7233,400,0
IH.US,5,20250924,155500,2.91,2.91,2.91,2.91,100,0
IH.US,5,20250924,160000,2.91,2.91,2.91,2.91,100,0
IH.US,5,20250924,162000,2.7542,2.7542,2.7542,2.7542,180,0
IH.US,5,20250924,163000,2.73,2.73,2.73,2.73,100,0
IH.US,5,20250924,163500,2.815,2.815,2.815,2.815,400,0
IH.US,5,20250924,171000,2.74,2.74,2.74,2.74,100,0
IH.US,5,20250924,173000,2.7693,2.7693,2.7693,2.7693,300,0
IH.US,5,20250924,174500,2.75,2.75,2.75,2.75,1254,0
IH.US,5,20250924,182000,2.879,2.879,2.8586,2.8586,1100,0
IH.US,5,20250924,191000,2.75,2.75,2.75,2.75,418,0
IH.US,5,20250924,212500,2.7618,2.7618,2.75,2.75,1476,0
IH.US,5,20250924,214000,2.7511,2.7511,2.7511,2.7511,150,0
IH.US,5,20250924,215500,2.75,2.82,2.75,2.82,301,0
IH.US,5,20250925,153000,2.82,2.82,2.82,2.82,106,0
IH.US,5,20250925,160500,2.8,2.8,2.8,2.8,200,0
IH.US,5,20250925,163500,2.8,2.8,2.8,2.8,100,0
IH.US,5,20250925,171000,2.82,2.82,2.82,2.82,300,0
IH.US,5,20250925,181000,2.8599,2.8599,2.8598,2.8598,757,0
IH.US,5,20250925,181500,2.8599,2.8599,2.8599,2.8599,666,0
IH.US,5,20250925,182000,2.8496,2.8496,2.8496,2.8496,188,0
IH.US,5,20250925,183000,2.7678,2.7678,2.7678,2.7678,350,0
IH.US,5,20250925,192000,2.82,2.82,2.82,2.82,500,0
IH.US,5,20250925,204500,2.7902,2.7902,2.7902,2.7902,100,0
IH.US,5,20250925,205000,2.82,2.82,2.82,2.82,100,0
IH.US,5,20250925,210000,2.784,2.784,2.784,2.784,100,0
IH.US,5,20250925,214000,2.7801,2.7801,2.78,2.78,200,0
IH.US,5,20250925,215500,2.8,2.8,2.8,2.8,149,0
IH.US,5,20250926,154500,2.85,2.85,2.77,2.77,1165,0
IH.US,5,20250926,155500,2.86,2.86,2.86,2.86,1077,0
IH.US,5,20250926,160000,2.7793,2.7793,2.7793,2.7793,300,0
IH.US,5,20250926,162000,2.8087,2.8087,2.8087,2.8087,125,0
IH.US,5,20250926,164500,2.8,2.8,2.8,2.8,122,0
IH.US,5,20250926,170500,2.8007,2.8547,2.8007,2.8547,1200,0
IH.US,5,20250926,173500,2.83,2.83,2.83,2.83,500,0
IH.US,5,20250926,181500,2.8542,2.8542,2.8542,2.8542,100,0
IH.US,5,20250926,183000,2.8108,2.8108,2.8,2.81,3019,0
IH.US,5,20250926,183500,2.789,2.79,2.7741,2.7741,9051,0
IH.US,5,20250926,184000,2.7741,2.79,2.7741,2.7888,6711,0
IH.US,5,20250926,184500,2.7779,2.843,2.7779,2.7779,300,0
IH.US,5,20250926,205500,2.82,2.82,2.82,2.82,155,0
IH.US,5,20250926,215000,2.785,2.785,2.785,2.785,100,0
IH.US,5,20250929,154500,2.85,2.85,2.85,2.85,1000,0
IH.US,5,20250929,155000,2.8,2.8,2.8,2.8,1000,0
IH.US,5,20250929,160000,2.8002,2.8002,2.8,2.8,340,0
IH.US,5,20250929,160500,2.7685,2.7685,2.7685,2.7685,1931,0
IH.US,5,20250929,162000,2.7825,2.7825,2.7825,2.7825,100,0
IH.US,5,20250929,163000,2.8,2.8,2.8,2.8,666,0
IH.US,5,20250929,170000,2.8401,2.8401,2.8401,2.8401,200,0
IH.US,5,20250929,170500,2.8882,2.8989,2.8882,2.8989,1100,0
IH.US,5,20250929,174500,2.87,2.8994,2.87,2.8994,200,0
IH.US,5,20250929,200500,2.79,2.79,2.79,2.79,100,0
IH.US,5,20250929,212000,2.87,2.87,2.87,2.87,300,0
IH.US,5,20250929,214000,2.78,2.78,2.78,2.78,146,0
IH.US,5,20250929,215500,2.83,2.85,2.83,2.85,620,0
IH.US,5,20250930,153000,2.89,2.91,2.8668,2.8668,300,0
IH.US,5,20250930,153500,2.9499,2.95,2.91,2.95,3100,0
IH.US,5,20250930,155500,2.9168,2.9168,2.9168,2.9168,2000,0
IH.US,5,20250930,160000,2.969,2.97,2.969,2.9699,2426,0
IH.US,5,20250930,160500,2.9546,2.9546,2.9546,2.9546,100,0
IH.US,5,20250930,161000,2.97,2.97,2.97,2.97,2779,0
IH.US,5,20250930,161500,2.885,2.885,2.885,2.885,235,0
IH.US,5,20250930,171000,2.91,2.91,2.91,2.91,100,0
IH.US,5,20250930,172500,2.9517,2.953,2.9517,2.953,201,0
IH.US,5,20250930,174500,2.9312,2.9312,2.9312,2.9312,400,0
IH.US,5,20250930,212000,2.8841,2.91,2.8841,2.91,661,0
IH.US,5,20250930,213000,2.91,2.91,2.91,2.91,1970,0
IH.US,5,20250930,214000,2.885,2.885,2.885,2.885,1100,0
IH.US,5,20250930,215500,2.89,2.89,2.89,2.89,289,0
IH.US,5,20251001,153000,2.8542,2.8542,2.8542,2.8542,240,0
IH.US,5,20251001,154500,2.9776,2.9776,2.9776,2.9776,200,0
IH.US,5,20251001,155000,2.95,2.95,2.95,2.95,100,0
IH.US,5,20251001,161500,2.96,2.96,2.895,2.895,300,0
IH.US,5,20251001,162500,2.95,2.95,2.95,2.95,452,0
IH.US,5,20251001,163000,2.9779,2.9779,2.9779,2.9779,100,0
IH.US,5,20251001,164500,2.89,2.89,2.89,2.89,255,0
IH.US,5,20251001,165000,2.9479,2.9479,2.9479,2.9479,100,0
IH.US,5,20251001,170500,2.9595,2.9595,2.9595,2.9595,425,0
IH.US,5,20251001,174500,2.92,2.92,2.92,2.92,459,0
IH.US,5,20251001,185500,2.9429,2.9429,2.9429,2.9429,200,0
IH.US,5,20251001,190500,2.9226,2.9226,2.9226,2.9226,400,0
IH.US,5,20251001,192000,2.94,2.94,2.94,2.94,100,0
IH.US,5,20251001,211500,2.94,2.94,2.9327,2.94,404,0
IH.US,5,20251001,212000,2.95,2.95,2.95,2.95,1903,0
IH.US,5,20251001,215500,2.9641,2.97,2.95,2.95,455,0
IH.US,5,20251002,153000,2.95,2.95,2.95,2.95,479,0
IH.US,5,20251002,161500,2.93,2.93,2.93,2.93,171,0
IH.US,5,20251002,165500,2.9463,2.95,2.9463,2.95,1200,0
IH.US,5,20251002,170000,2.95,2.95,2.95,2.95,100,0
IH.US,5,20251002,171000,2.96,2.97,2.96,2.97,200,0
IH.US,5,20251002,171500,2.95,2.95,2.95,2.95,200,0
IH.US,5,20251002,172500,2.97,2.97,2.97,2.97,194,0
IH.US,5,20251002,201000,2.9501,2.9501,2.9,2.946,2400,0
IH.US,5,20251002,215000,2.96,2.97,2.96,2.97,1240,0
IH.US,5,20251002,215500,2.93,2.93,2.93,2.93,328,0
IH.US,5,20251003,153000,2.97,2.978,2.97,2.978,200,0
IH.US,5,20251003,154000,2.9,2.9,2.9,2.9,1150,0
IH.US,5,20251003,154500,2.89,2.9,2.89,2.9,200,0
IH.US,5,20251003,155000,2.9,2.9,2.9,2.9,486,0
IH.US,5,20251003,155500,2.9,2.9,2.9,2.9,100,0
IH.US,5,20251003,162500,2.9432,2.9432,2.9432,2.9432,160,0
IH.US,5,20251003,164000,2.96,2.97,2.96,2.97,660,0
IH.US,5,20251003,164500,2.97,2.97,2.97,2.97,400,0
IH.US,5,20251003,180500,2.9755,2.9755,2.9755,2.9755,152,0
IH.US,5,20251003,182500,2.97,2.97,2.97,2.97,2200,0
IH.US,5,20251003,183000,2.97,2.97,2.97,2.97,6134,0
IH.US,5,20251003,184000,2.96,2.96,2.96,2.96,206,0
IH.US,5,20251003,210000,2.9616,2.9616,2.9616,2.9616,300,0
IH.US,5,20251003,212500,2.93,2.93,2.93,2.93,100,0
IH.US,5,20251006,154500,2.93,2.93,2.93,2.93,761,0
IH.US,5,20251006,162000,2.97,2.97,2.97,2.97,600,0
IH.US,5,20251006,165000,2.97,2.97,2.97,2.97,1700,0
IH.US,5,20251006,170500,2.9574,2.97,2.9574,2.97,400,0
IH.US,5,20251006,174000,2.9676,2.9676,2.9676,2.9676,150,0
IH.US,5,20251006,183000,2.9746,2.9746,2.9746,2.9746,200,0
IH.US,5,20251006,183500,2.95,2.95,2.95,2.95,500,0
IH.US,5,20251006,184000,2.95,2.95,2.95,2.95,120,0
IH.US,5,20251006,191000,2.9499,2.9499,2.9499,2.9499,300,0
IH.US,5,20251006,203500,2.9315,2.9315,2.9315,2.9315,500,0
IH.US,5,20251006,214500,2.9817,2.99,2.9817,2.99,380,0
IH.US,5,20251006,215500,2.96,2.96,2.96,2.96,100,0
IH.US,5,20251007,153000,3.0827,3.0827,3.0827,3.0827,200,0
IH.US,5,20251007,154500,3.09,3.09,3.03,3.03,516,0
IH.US,5,20251007,155500,2.96,3,2.96,2.96,342,0
IH.US,5,20251007,161500,2.96,2.96,2.96,2.96,100,0
IH.US,5,20251007,165500,2.9613,2.9613,2.9613,2.9613,100,0
IH.US,5,20251007,184500,2.975,2.975,2.975,2.975,100,0
IH.US,5,20251007,185500,2.98,2.99,2.98,2.98,1234,0
IH.US,5,20251007,190000,2.99,3,2.99,3,200,0
IH.US,5,20251007,190500,2.9802,2.9802,2.9802,2.9802,1400,0
IH.US,5,20251007,193500,2.99,2.99,2.99,2.99,400,0
IH.US,5,20251007,202000,2.9987,3,2.99,3,400,0
IH.US,5,20251007,205000,3.0659,3.0659,2.98,2.98,300,0
IH.US,5,20251007,215500,3.03,3.03,3.03,3.03,209,0
IH.US,5,20251008,160000,3,3,3,3,1000,0
IH.US,5,20251008,162000,3,3,2.99,2.99,600,0
IH.US,5,20251008,174500,2.9175,2.9175,2.9175,2.9175,100,0
IH.US,5,20251008,175000,2.9102,2.9102,2.9101,2.9101,484,0
IH.US,5,20251008,181000,2.9817,2.9817,2.9817,2.9817,400,0
IH.US,5,20251008,181500,2.935,2.935,2.935,2.935,500,0
IH.US,5,20251008,182500,2.9528,2.9528,2.9528,2.9528,300,0
IH.US,5,20251008,184000,2.9302,2.9302,2.9301,2.9302,609,0
IH.US,5,20251008,191000,2.955,2.97,2.955,2.955,300,0
IH.US,5,20251008,192500,2.9,2.93,2.86,2.86,1008,0
IH.US,5,20251008,205000,2.9062,2.9062,2.9062,2.9062,317,0
IH.US,5,20251008,215000,2.9,2.9,2.9,2.9,100,0
IH.US,5,20251008,215500,2.94,2.94,2.89,2.89,232,0
IH.US,5,20251009,153000,2.9811,2.99,2.9811,2.99,200,0
IH.US,5,20251009,154500,2.959,2.959,2.959,2.959,100,0
IH.US,5,20251009,163000,3.08,3.08,3.08,3.08,100,0
IH.US,5,20251009,163500,3.07,3.0799,3.07,3.0799,656,0
IH.US,5,20251009,164000,3,3,3,3,500,0
IH.US,5,20251009,201500,3.0403,3.0472,3.0384,3.0384,1289,0
IH.US,5,20251009,202000,3.0545,3.06,3.0545,3.06,800,0
IH.US,5,20251009,202500,3.0232,3.0232,3.0232,3.0232,173,0
IH.US,5,20251009,203500,2.98,2.98,2.98,2.98,100,0
IH.US,5,20251009,212500,2.97,2.97,2.97,2.97,200,0
IH.US,5,20251009,213000,2.9922,3,2.976,3,3500,0
IH.US,5,20251009,215500,2.98,2.98,2.98,2.98,332,0
IH.US,5,20251010,153000,2.99,2.99,2.99,2.99,170,0
IH.US,5,20251010,154500,2.99,2.99,2.99,2.99,301,0
IH.US,5,20251010,155000,2.98,2.99,2.895,2.895,1028,0
IH.US,5,20251010,164500,2.93,2.93,2.9201,2.9203,883,0
IH.US,5,20251010,170500,2.93,2.93,2.92,2.92,1164,0
IH.US,5,20251010,173000,2.8838,2.9,2.82,2.82,1100,0
IH.US,5,20251010,174500,2.8686,2.8686,2.85,2.85,867,0
IH.US,5,20251010,180000,2.86,2.87,2.86,2.86,400,0
IH.US,5,20251010,182000,2.8621,2.8621,2.8621,2.8621,100,0
IH.US,5,20251010,190000,2.86,2.86,2.86,2.86,342,0
IH.US,5,20251010,191000,2.86,2.86,2.86,2.86,237,0
IH.US,5,20251010,210000,2.8,2.8,2.7,2.7,1763,0
IH.US,5,20251010,214000,2.7744,2.78,2.77,2.77,500,0
IH.US,5,20251010,215500,2.76,2.76,2.76,2.76,100,0
IH.US,5,20251013,155000,2.7801,2.7801,2.7801,2.7801,500,0
IH.US,5,20251013,155500,2.8,2.8,2.8,2.8,500,0
IH.US,5,20251013,161000,3.0037,3.0037,3.0037,3.0037,100,0
IH.US,5,20251013,161500,2.7973,2.7973,2.7973,2.7973,600,0
IH.US,5,20251013,172000,2.9757,2.9757,2.9757,2.9757,1000,0
IH.US,5,20251013,173000,2.97,2.97,2.97,2.97,652,0
IH.US,5,20251013,174000,2.96,2.96,2.96,2.96,100,0
IH.US,5,20251013,180000,2.88,2.9379,2.81,2.9379,1935,0
IH.US,5,20251013,180500,2.8067,2.8067,2.8067,2.8067,1000,0
IH.US,5,20251013,183500,2.8625,2.8625,2.8625,2.8625,172,0
IH.US,5,20251013,192500,2.9342,2.9342,2.9342,2.9342,600,0
IH.US,5,20251013,193000,2.9342,2.95,2.8,2.95,3184,0
IH.US,5,20251013,193500,2.937,2.96,2.937,2.95,1406,0
IH.US,5,20251013,200000,2.96,2.98,2.8182,2.8182,3492,0
IH.US,5,20251013,205500,2.979,2.979,2.979,2.979,100,0
IH.US,5,20251013,215500,2.88,2.9,2.88,2.9,554,0
IH.US,5,20251014,153000,2.85,2.85,2.85,2.85,253,0
IH.US,5,20251014,154500,2.7486,2.7486,2.7,2.7,5335,0
IH.US,5,20251014,160000,2.81,2.81,2.81,2.81,120,0
IH.US,5,20251014,160500,2.81,2.81,2.81,2.81,220,0
IH.US,5,20251014,162500,2.91,2.91,2.91,2.91,200,0
IH.US,5,20251014,165500,2.9,2.92,2.9,2.9,500,0
IH.US,5,20251014,175000,2.83,2.83,2.81,2.81,2504,0
IH.US,5,20251014,180500,2.845,2.9121,2.845,2.9121,200,0
IH.US,5,20251014,181500,2.8,2.8,2.6834,2.6834,4305,0
IH.US,5,20251014,183500,2.8865,2.8865,2.8865,2.8865,100,0
IH.US,5,20251014,194500,2.8508,2.8508,2.8508,2.8508,100,0
IH.US,5,20251014,195500,2.8546,2.8546,2.8546,2.8546,200,0
IH.US,5,20251014,204500,2.7239,2.843,2.7239,2.843,200,0
IH.US,5,20251014,205000,2.7,2.7242,2.7,2.7242,2100,0
IH.US,5,20251014,205500,2.84,2.84,2.84,2.84,100,0
IH.US,5,20251014,212500,2.8518,2.8518,2.8518,2.8518,200,0
IH.US,5,20251014,215500,2.82,2.82,2.8,2.8,321,0
IH.US,5,20251015,153000,2.8,2.8,2.8,2.8,180,0
IH.US,5,20251015,154000,2.82,2.82,2.8,2.8,1213,0
IH.US,5,20251015,155000,2.9506,2.9506,2.9506,2.9506,180,0
IH.US,5,20251015,160000,2.98,2.98,2.98,2.98,100,0
IH.US,5,20251015,161500,2.8313,2.9396,2.8313,2.9396,1610,0
IH.US,5,20251015,164500,2.8754,2.8754,2.8754,2.8754,100,0
IH.US,5,20251015,165000,2.855,2.855,2.8,2.8,1901,0
IH.US,5,20251015,165500,2.8317,2.86,2.83,2.86,4928,0
IH.US,5,20251015,173500,2.7711,2.7711,2.76,2.76,1125,0
IH.US,5,20251015,181000,2.8395,2.8395,2.8395,2.8395,100,0
IH.US,5,20251015,184000,2.936,2.94,2.936,2.94,610,0
IH.US,5,20251015,191000,2.9266,2.93,2.89,2.93,6792,0
IH.US,5,20251015,191500,2.92,2.94,2.908,2.94,2393,0
IH.US,5,20251015,201000,2.8853,2.8853,2.8853,2.8853,100,0
IH.US,5,20251015,210000,2.91,2.92,2.91,2.92,200,0
IH.US,5,20251015,210500,2.85,2.85,2.85,2.85,100,0
IH.US,5,20251015,213500,2.85,2.85,2.85,2.85,360,0
IH.US,5,20251015,215500,2.86,2.94,2.86,2.87,1415,0
IH.US,5,20251016,153000,3.01,3.01,3.01,3.01,200,0
IH.US,5,20251016,153500,3.01,3.01,3.01,3.01,100,0
IH.US,5,20251016,163500,2.825,2.825,2.76,2.76,700,0
IH.US,5,20251016,164000,2.881,2.881,2.881,2.881,551,0
IH.US,5,20251016,171000,2.78,2.78,2.78,2.78,100,0
IH.US,5,20251016,172500,2.86,2.86,2.86,2.86,750,0
IH.US,5,20251016,175000,2.76,2.76,2.76,2.76,100,0
IH.US,5,20251016,175500,2.9289,2.9289,2.9289,2.9289,500,0
IH.US,5,20251016,185500,2.96,2.96,2.96,2.96,173,0
IH.US,5,20251016,191000,2.76,2.77,2.76,2.77,1008,0
IH.US,5,20251016,200000,2.77,2.77,2.77,2.77,264,0
IH.US,5,20251016,200500,2.9463,2.9463,2.9463,2.9463,500,0
IH.US,5,20251016,204500,2.8069,2.8069,2.8069,2.8069,750,0
IH.US,5,20251016,215500,2.95,2.98,2.87,2.87,3401,0
IH.US,5,20251017,153500,2.7577,2.7577,2.7577,2.7577,100,0
IH.US,5,20251017,155000,2.8069,2.8069,2.7967,2.7967,2100,0
IH.US,5,20251017,160000,2.78,2.78,2.77,2.77,1310,0
IH.US,5,20251017,160500,2.77,2.77,2.77,2.77,100,0
IH.US,5,20251017,161500,2.77,2.77,2.77,2.77,100,0
IH.US,5,20251017,165000,2.74,2.74,2.74,2.74,100,0
IH.US,5,20251017,170500,2.7044,2.7044,2.7044,2.7044,100,0
IH.US,5,20251017,171000,2.7153,2.7153,2.7153,2.7153,106,0
IH.US,5,20251017,173500,2.772,2.8,2.772,2.8,7092,0
IH.US,5,20251017,174000,2.75,2.823,2.75,2.823,812,0
IH.US,5,20251017,174500,2.8,2.8,2.8,2.8,516,0
IH.US,5,20251017,204500,2.71,2.71,2.7,2.7,992,0
IH.US,5,20251017,205000,2.784,2.784,2.7299,2.7299,2857,0
IH.US,5,20251017,205500,2.7998,2.81,2.75,2.81,2569,0
IH.US,5,20251017,214500,2.705,2.705,2.705,2.705,100,0
IH.US,5,20251017,215000,2.78,2.78,2.78,2.78,100,0
IH.US,5,20251017,215500,2.78,2.79,2.7,2.7,334,0
IH.US,5,20251020,153500,2.86,2.86,2.86,2.86,200,0
IH.US,5,20251020,154500,2.8714,2.8714,2.8714,2.8714,100,0
IH.US,5,20251020,164000,2.75,2.8436,2.66,2.8436,1000,0
IH.US,5,20251020,164500,2.802,2.84,2.802,2.84,958,0
IH.US,5,20251020,172000,2.7473,2.7473,2.7473,2.7473,311,0
IH.US,5,20251020,172500,2.85,2.85,2.85,2.85,1200,0
IH.US,5,20251020,173000,2.83,2.85,2.7649,2.7649,4280,0
IH.US,5,20251020,174000,2.85,2.86,2.85,2.86,660,0
IH.US,5,20251020,180500,2.845,2.845,2.845,2.845,100,0
IH.US,5,20251020,184000,2.845,2.9687,2.845,2.9687,200,0
IH.US,5,20251020,191500,2.8428,2.8428,2.8428,2.8428,500,0
IH.US,5,20251020,192000,2.9,2.9,2.9,2.9,100,0
IH.US,5,20251020,195000,2.949,2.949,2.9479,2.9479,600,0
IH.US,5,20251020,213000,2.93,2.93,2.93,2.93,100,0
IH.US,5,20251020,215500,2.94,2.94,2.94,2.94,379,0
IH.US,5,20251021,153500,2.935,2.95,2.93,2.93,1222,0
IH.US,5,20251021,161500,2.712,2.8001,2.712,2.8001,706,0
IH.US,5,20251021,170000,2.815,2.815,2.815,2.815,100,0
IH.US,5,20251021,172000,2.7392,2.7392,2.7392,2.7392,277,0
IH.US,5,20251021,173000,2.9099,2.9099,2.9099,2.9099,500,0
IH.US,5,20251021,184500,2.89,2.89,2.89,2.89,301,0
IH.US,5,20251021,194000,2.8,2.8,2.79,2.79,760,0
IH.US,5,20251021,204500,2.716,2.744,2.7,2.7,9950,0
IH.US,5,20251021,205000,2.78,2.78,2.78,2.78,146,0
IH.US,5,20251021,210000,2.815,2.815,2.815,2.815,300,0
IH.US,5,20251021,215500,2.89,2.89,2.83,2.84,978,0
IH.US,5,20251022,155500,2.88,2.88,2.88,2.88,100,0
IH.US,5,20251022,161500,2.79,2.8034,2.78,2.8034,2000,0
IH.US,5,20251022,164000,2.802,2.81,2.8,2.8,1269,0
IH.US,5,20251022,165000,2.79,2.8,2.745,2.8,3284,0
IH.US,5,20251022,165500,2.8,2.8001,2.8,2.8,3381,0
IH.US,5,20251022,211500,2.75,2.75,2.75,2.75,500,0
IH.US,5,20251022,215500,2.79,2.79,2.75,2.77,328,0
IH.US,5,20251023,154500,2.7721,2.8331,2.6505,2.83,6556,0
IH.US,5,20251023,155000,2.6829,2.6829,2.6829,2.6829,147,0
IH.US,5,20251023,155500,2.89,2.89,2.855,2.8688,3601,0
IH.US,5,20251023,162500,2.85,2.86,2.85,2.86,500,0
IH.US,5,20251023,172000,2.8233,2.8341,2.8233,2.8341,3780,0
IH.US,5,20251023,172500,2.858,2.86,2.858,2.86,1100,0
IH.US,5,20251023,175000,2.82,2.82,2.82,2.82,100,0
IH.US,5,20251023,175500,2.82,2.82,2.82,2.82,1422,0
IH.US,5,20251023,214500,2.785,2.785,2.785,2.785,319,0
IH.US,5,20251023,215500,2.7453,2.7865,2.7453,2.7865,400,0
IH.US,5,20251024,154000,2.8364,2.8364,2.8364,2.8364,100,0
IH.US,5,20251024,154500,2.66,2.66,2.66,2.66,100,0
IH.US,5,20251024,155500,2.8199,2.8199,2.8199,2.8199,100,0
IH.US,5,20251024,162000,2.81,2.81,2.81,2.81,1717,0
IH.US,5,20251024,163000,2.66,2.66,2.66,2.66,100,0
IH.US,5,20251024,163500,2.73,2.8099,2.73,2.8099,447,0
IH.US,5,20251024,165500,2.66,2.66,2.66,2.66,100,0
IH.US,5,20251024,174500,2.8,2.8,2.8,2.8,100,0
IH.US,5,20251024,175000,2.7232,2.7232,2.7232,2.7232,500,0
IH.US,5,20251024,181000,2.67,2.67,2.67,2.67,100,0
IH.US,5,20251024,182500,2.7931,2.7931,2.7931,2.7931,200,0
IH.US,5,20251024,184000,2.68,2.68,2.68,2.68,100,0
IH.US,5,20251024,191000,2.77,2.77,2.77,2.77,652,0
IH.US,5,20251024,191500,2.77,2.77,2.77,2.77,348,0
IH.US,5,20251024,192500,2.6782,2.6782,2.6782,2.6782,165,0
IH.US,5,20251024,193000,2.76,2.77,2.76,2.77,300,0
IH.US,5,20251024,194000,2.68,2.68,2.68,2.68,100,0
IH.US,5,20251024,200000,2.7152,2.7152,2.7152,2.7152,373,0
IH.US,5,20251024,205000,2.77,2.77,2.77,2.77,300,0
IH.US,5,20251024,210500,2.68,2.68,2.68,2.68,100,0
IH.US,5,20251024,215500,2.77,2.78,2.77,2.78,200,0
IH.US,5,20251027,143000,2.78,2.78,2.78,2.78,114,0
IH.US,5,20251027,151000,2.71,2.71,2.65,2.65,1000,0
IH.US,5,20251027,152000,2.7798,2.7799,2.7798,2.7799,200,0
IH.US,5,20251027,154000,2.78,2.78,2.78,2.78,212,0
IH.US,5,20251027,163000,2.71,2.76,2.71,2.76,459,0
IH.US,5,20251027,165000,2.71,2.71,2.71,2.71,100,0
IH.US,5,20251027,170000,2.7525,2.7525,2.7525,2.7525,500,0
IH.US,5,20251027,172000,2.77,2.77,2.76,2.76,737,0
IH.US,5,20251027,173500,2.76,2.76,2.76,2.76,263,0
IH.US,5,20251027,175500,2.81,2.81,2.8,2.8,1000,0
IH.US,5,20251027,181000,2.68,2.68,2.68,2.68,100,0
IH.US,5,20251027,181500,2.7966,2.7966,2.7966,2.7966,200,0
IH.US,5,20251027,183000,2.69,2.69,2.69,2.69,157,0
IH.US,5,20251027,184000,2.67,2.67,2.67,2.67,100,0
IH.US,5,20251027,185000,2.725,2.79,2.725,2.79,309,0
IH.US,5,20251027,200000,2.79,2.79,2.79,2.79,131,0
IH.US,5,20251027,200500,2.6649,2.6649,2.6649,2.6649,373,0
IH.US,5,20251027,201500,2.67,2.67,2.67,2.67,100,0
IH.US,5,20251027,205000,2.7354,2.7354,2.7354,2.7354,377,0
IH.US,5,20251027,205500,2.78,2.78,2.78,2.78,137,0
IH.US,5,20251028,144500,2.6514,2.66,2.65,2.65,3365,0
IH.US,5,20251028,145000,2.7074,2.7074,2.7074,2.7074,274,0
IH.US,5,20251028,154000,2.72,2.72,2.72,2.72,349,0
IH.US,5,20251028,155000,2.73,2.73,2.73,2.73,100,0
IH.US,5,20251028,161500,2.73,2.73,2.73,2.73,100,0
IH.US,5,20251028,164500,2.73,2.73,2.73,2.73,100,0
IH.US,5,20251028,174000,2.73,2.755,2.73,2.755,209,0
IH.US,5,20251028,175500,2.755,2.7674,2.73,2.7674,733,0
IH.US,5,20251028,183500,2.72,2.72,2.72,2.72,651,0
IH.US,5,20251028,193000,2.66,2.66,2.66,2.66,100,0
IH.US,5,20251028,195500,2.6934,2.6934,2.6934,2.6934,188,0
IH.US,5,20251028,205500,2.65,2.65,2.65,2.65,100,0
IH.US,5,20251029,145000,2.65,2.65,2.65,2.65,1184,0
IH.US,5,20251029,151500,2.65,2.65,2.65,2.65,322,0
IH.US,5,20251029,154500,2.6535,2.6535,2.65,2.65,5918,0
IH.US,5,20251029,155000,2.65,2.65,2.6,2.635,2441,0
IH.US,5,20251029,155500,2.6447,2.6447,2.6447,2.6447,100,0
IH.US,5,20251029,162500,2.6,2.6,2.6,2.6,100,0
IH.US,5,20251029,163000,2.668,2.69,2.66,2.69,1000,0
IH.US,5,20251029,163500,2.7,2.7,2.69,2.69,804,0
IH.US,5,20251029,165000,2.655,2.655,2.655,2.655,100,0
IH.US,5,20251029,181000,2.6887,2.6887,2.6887,2.6887,100,0
IH.US,5,20251029,181500,2.61,2.61,2.61,2.61,100,0
IH.US,5,20251029,182500,2.67,2.67,2.67,2.67,380,0
IH.US,5,20251029,183000,2.66,2.66,2.66,2.66,187,0
IH.US,5,20251029,205500,2.6408,2.71,2.6408,2.65,781,0
IH.US,5,20251030,143000,2.61,2.61,2.61,2.61,200,0
IH.US,5,20251030,164000,2.63,2.63,2.63,2.63,110,0
IH.US,5,20251031,143000,2.68,2.68,2.68,2.68,100,0
IH.US,5,20251031,143500,2.71,2.7637,2.71,2.76,970,0
IH.US,5,20251031,144500,2.7598,2.76,2.7598,2.76,1834,0
IH.US,5,20251031,145500,2.7329,2.76,2.7329,2.7329,400,0
IH.US,5,20251031,150000,2.76,2.77,2.76,2.77,3991,0
IH.US,5,20251031,173500,2.89,2.89,2.89,2.89,150,0
IH.US,5,20251031,182000,2.8305,2.8305,2.8305,2.8305,1000,0
IH.US,5,20251031,190000,2.83,2.83,2.83,2.83,1200,0
IH.US,5,20251031,200500,2.8252,2.8252,2.8252,2.8252,634,0
IH.US,5,20251031,203500,2.79,2.79,2.79,2.79,100,0
IH.US,5,20251031,205000,2.79,2.82,2.79,2.82,200,0
IH.US,5,20251031,205500,2.8094,2.82,2.78,2.82,1828,0
IH.US,5,20251103,153000,2.95,2.95,2.95,2.95,668,0
IH.US,5,20251103,154500,2.93,2.93,2.93,2.93,107,0
IH.US,5,20251103,160500,2.93,2.93,2.93,2.93,140,0
IH.US,5,20251103,163000,2.84,2.84,2.8,2.81,3819,0
IH.US,5,20251103,171000,2.8,2.8,2.8,2.8,1040,0
IH.US,5,20251103,175500,2.8017,2.8017,2.8017,2.8017,100,0
IH.US,5,20251103,190000,2.8135,2.82,2.8135,2.82,300,0
IH.US,5,20251103,210000,2.8334,2.8334,2.8334,2.8334,101,0
IH.US,5,20251103,210500,2.8,2.8,2.8,2.8,165,0
IH.US,5,20251103,211000,2.82,2.82,2.8,2.8,800,0
IH.US,5,20251103,215500,2.82,2.82,2.82,2.82,100,0
IH.US,5,20251104,153000,2.8,2.8,2.8,2.8,100,0
IH.US,5,20251104,154000,2.8,2.8,2.8,2.8,273,0
IH.US,5,20251104,184000,2.6756,2.6756,2.6756,2.6756,175,0
IH.US,5,20251104,193000,2.68,2.68,2.68,2.68,8000,0
IH.US,5,20251104,215500,2.67,2.67,2.63,2.63,200,0
IH.US,5,20251105,153000,2.8005,2.8199,2.8005,2.8199,300,0
IH.US,5,20251105,154000,2.62,2.62,2.6,2.6,300,0
IH.US,5,20251105,154500,2.6676,2.7922,2.6676,2.7922,1200,0
IH.US,5,20251105,161500,2.73,2.78,2.73,2.78,495,0
IH.US,5,20251105,172500,2.74,2.74,2.607,2.607,600,0
IH.US,5,20251105,173500,2.7072,2.75,2.7072,2.75,200,0
IH.US,5,20251105,210000,2.73,2.73,2.73,2.73,100,0
IH.US,5,20251106,162000,2.7,2.7,2.7,2.7,375,0
IH.US,5,20251106,182500,2.68,2.7,2.65,2.7,1200,0
IH.US,5,20251106,200500,2.7199,2.7199,2.7199,2.7199,400,0
IH.US,5,20251106,205500,2.67,2.7,2.67,2.7,200,0
IH.US,5,20251107,155500,2.78,2.91,2.78,2.91,4376,0
IH.US,5,20251107,160500,2.78,2.9,2.78,2.9,5170,0
IH.US,5,20251107,161000,2.94,2.98,2.94,2.9799,4527,0
IH.US,5,20251107,165000,2.87,2.87,2.87,2.87,2500,0
IH.US,5,20251107,165500,2.8815,2.8815,2.8815,2.8815,100,0
IH.US,5,20251107,175000,2.9299,2.98,2.92,2.9526,4881,0
IH.US,5,20251107,182500,2.7634,2.7634,2.7634,2.7634,120,0
IH.US,5,20251107,183000,2.825,2.825,2.825,2.825,150,0
IH.US,5,20251107,185500,2.7531,2.7531,2.7531,2.7531,200,0
IH.US,5,20251107,192500,2.78,2.79,2.78,2.79,1972,0
IH.US,5,20251107,193000,2.8,2.8,2.8,2.8,114,0
IH.US,5,20251107,195000,2.85,2.85,2.85,2.85,2433,0
IH.US,5,20251107,211500,2.7369,2.7369,2.7369,2.7369,300,0
IH.US,5,20251107,215500,2.84,2.84,2.84,2.84,100,0
IH.US,5,20251110,153000,2.9,2.9,2.9,2.9,500,0
IH.US,5,20251110,153500,2.84,2.84,2.84,2.84,100,0
IH.US,5,20251110,165500,2.8455,2.8455,2.8455,2.8455,200,0
IH.US,5,20251110,170000,2.84,2.85,2.84,2.85,500,0
IH.US,5,20251110,174000,2.8114,2.8114,2.8114,2.8114,148,0
IH.US,5,20251110,174500,2.85,2.85,2.85,2.85,500,0
IH.US,5,20251110,215500,2.77,2.77,2.77,2.77,200,0
IH.US,5,20251111,153500,2.7678,2.7678,2.7678,2.7678,143,0
IH.US,5,20251111,155500,2.8546,2.8546,2.8546,2.8546,200,0
IH.US,5,20251111,165500,2.74,2.74,2.74,2.74,276,0
IH.US,5,20251111,175000,2.7262,2.75,2.7262,2.74,935,0
IH.US,5,20251111,175500,2.75,2.75,2.75,2.75,220,0
IH.US,5,20251111,215500,2.75,2.75,2.71,2.71,440,0
IH.US,5,20251112,155500,2.775,2.775,2.775,2.775,202,0
IH.US,5,20251112,171500,2.76,2.76,2.76,2.76,600,0
IH.US,5,20251112,172500,2.76,2.76,2.76,2.76,1000,0
IH.US,5,20251112,185500,2.77,2.77,2.77,2.77,200,0
IH.US,5,20251113,154000,2.8585,2.8585,2.8585,2.8585,100,0
IH.US,5,20251113,154500,2.8042,2.8387,2.8042,2.8387,300,0
IH.US,5,20251113,160000,2.77,2.77,2.77,2.77,100,0
IH.US,5,20251113,161000,2.83,2.83,2.73,2.73,946,0
IH.US,5,20251113,164000,2.73,2.73,2.73,2.73,846,0
IH.US,5,20251113,164500,2.83,2.83,2.83,2.83,125,0
IH.US,5,20251113,165500,2.9,2.9,2.9,2.9,100,0
IH.US,5,20251113,174500,2.85,2.85,2.85,2.85,820,0
IH.US,5,20251113,175000,2.75,2.75,2.75,2.75,1000,0
IH.US,5,20251113,180000,2.7789,2.7789,2.7789,2.7789,500,0
IH.US,5,20251113,181000,2.89,2.9,2.89,2.9,500,0
IH.US,5,20251113,191500,2.8862,2.8862,2.8862,2.8862,600,0
IH.US,5,20251113,192500,2.82,2.82,2.7894,2.7894,1038,0
IH.US,5,20251113,193000,2.89,2.89,2.8819,2.8819,500,0
IH.US,5,20251113,211000,2.81,2.81,2.81,2.81,200,0
IH.US,5,20251113,215500,2.79,2.79,2.77,2.77,427,0
IH.US,5,20251114,154000,2.7799,2.7799,2.7799,2.7799,200,0
IH.US,5,20251114,183500,2.7401,2.7401,2.74,2.7401,7200,0
IH.US,5,20251114,185500,2.75,2.75,2.75,2.75,1000,0
IH.US,5,20251117,153000,2.75,2.75,2.75,2.75,139,0
IH.US,5,20251117,160500,2.77,2.77,2.77,2.77,185,0
IH.US,5,20251117,161000,2.8476,2.8476,2.8476,2.8476,100,0
IH.US,5,20251117,163000,2.773,2.86,2.773,2.86,583,0
IH.US,5,20251117,170000,2.86,2.86,2.86,2.86,200,0
IH.US,5,20251117,174000,2.866,2.866,2.8621,2.8621,200,0
IH.US,5,20251117,174500,2.86,2.86,2.86,2.86,100,0
IH.US,5,20251117,175000,2.86,2.87,2.83,2.86,18317,0
IH.US,5,20251117,180000,2.81,2.83,2.81,2.83,2995,0
IH.US,5,20251117,181000,2.83,2.83,2.83,2.83,221,0
IH.US,5,20251117,215500,2.89,2.89,2.89,2.89,100,0
IH.US,5,20251118,153500,2.89,2.9,2.89,2.9,1008,0
IH.US,5,20251118,154000,2.9281,2.9281,2.9281,2.9281,100,0
IH.US,5,20251118,154500,2.92,2.92,2.92,2.92,2000,0
IH.US,5,20251118,155000,2.9205,2.9205,2.76,2.92,14191,0
IH.US,5,20251118,155500,2.92,2.92,2.92,2.92,400,0
IH.US,5,20251118,161000,2.92,2.92,2.92,2.92,851,0
IH.US,5,20251118,164500,2.9201,2.9201,2.9201,2.9201,268,0
IH.US,5,20251118,172500,2.93,2.93,2.93,2.93,356,0
IH.US,5,20251118,191000,2.93,2.93,2.9201,2.9201,552,0
IH.US,5,20251118,192500,2.9349,2.9349,2.9349,2.9349,142,0
IH.US,5,20251118,194500,2.93,2.93,2.93,2.93,1235,0
IH.US,5,20251118,195000,2.9307,2.9307,2.93,2.93,200,0
IH.US,5,20251118,205500,2.94,2.94,2.94,2.94,132,0
IH.US,5,20251118,211500,2.93,2.93,2.93,2.93,300,0
IH.US,5,20251118,214000,2.93,2.93,2.93,2.93,400,0
IH.US,5,20251118,215500,2.94,2.98,2.94,2.96,489,0
IH.US,5,20251119,153500,2.98,2.99,2.98,2.99,9339,0
IH.US,5,20251119,195000,2.84,2.84,2.84,2.84,128,0
IH.US,5,20251119,210500,2.84,2.84,2.8,2.8,1955,0
IH.US,5,20251119,215500,2.88,2.88,2.88,2.88,105,0
IH.US,5,20251120,164500,2.845,2.845,2.845,2.845,601,0
IH.US,5,20251120,170000,2.9408,2.9408,2.9408,2.9408,100,0
IH.US,5,20251120,174000,2.81,2.8608,2.81,2.8577,500,0
IH.US,5,20251120,182500,2.8497,2.8497,2.8497,2.8497,200,0
IH.US,5,20251120,185500,2.83,2.83,2.83,2.83,200,0
IH.US,5,20251120,190000,2.8936,2.8936,2.88,2.88,200,0
IH.US,5,20251120,190500,2.87,2.87,2.87,2.87,100,0
IH.US,5,20251120,191000,2.8539,2.8639,2.8539,2.8639,300,0
IH.US,5,20251120,191500,2.8,2.8,2.8,2.8,883,0
IH.US,5,20251120,194500,2.8,2.8,2.8,2.8,100,0
IH.US,5,20251120,195500,2.735,2.735,2.735,2.735,100,0
IH.US,5,20251120,202000,2.86,2.86,2.86,2.86,100,0
IH.US,5,20251120,204500,2.8699,2.8699,2.8699,2.8699,1000,0
IH.US,5,20251121,163000,2.6599,2.75,2.6599,2.75,2200,0
IH.US,5,20251121,163500,2.81,2.81,2.692,2.7,2680,0
IH.US,5,20251121,164500,2.826,2.826,2.826,2.826,100,0
IH.US,5,20251121,172000,2.8411,2.8411,2.8411,2.8411,100,0
IH.US,5,20251121,183500,2.827,2.827,2.827,2.827,200,0
IH.US,5,20251124,155500,2.75,2.77,2.75,2.77,2700,0
IH.US,5,20251124,161000,2.7391,2.74,2.7391,2.74,700,0
IH.US,5,20251124,161500,2.738,2.75,2.738,2.75,4940,0
IH.US,5,20251124,164500,2.83,2.8303,2.8,2.83,3181,0
IH.US,5,20251124,165000,2.8299,2.8299,2.8,2.82,1831,0
IH.US,5,20251124,170000,2.8,2.8,2.8,2.8,387,0
IH.US,5,20251124,170500,2.8499,2.85,2.68,2.68,1773,0
IH.US,5,20251124,171000,2.88,2.88,2.88,2.88,200,0
IH.US,5,20251124,175500,2.8799,2.8799,2.8799,2.8799,100,0
IH.US,5,20251124,194500,2.76,2.76,2.76,2.76,100,0
IH.US,5,20251124,201500,2.76,2.76,2.76,2.76,100,0
IH.US,5,20251124,202000,2.75,2.75,2.75,2.75,250,0
IH.US,5,20251124,202500,2.79,2.79,2.79,2.79,250,0
IH.US,5,20251124,204000,2.7029,2.7029,2.7029,2.7029,1000,0
IH.US,5,20251124,215500,2.76,2.76,2.76,2.76,153,0
IH.US,5,20251125,160500,2.8551,2.8551,2.8551,2.8551,100,0
IH.US,5,20251125,171500,2.7,2.7,2.7,2.7,300,0
IH.US,5,20251125,184500,2.7,2.7,2.7,2.7,100,0
IH.US,5,20251125,194500,2.7051,2.7051,2.7051,2.7051,2800,0
IH.US,5,20251125,214000,2.71,2.71,2.71,2.71,100,0
IH.US,5,20251126,154500,2.8187,2.8187,2.8187,2.8187,100,0
IH.US,5,20251126,155000,2.81,2.81,2.81,2.81,110,0
IH.US,5,20251126,160500,2.7714,2.7714,2.7,2.7,4486,0
IH.US,5,20251126,161000,2.7,2.7,2.7,2.7,110,0
IH.US,5,20251126,164000,2.7959,2.82,2.7959,2.82,200,0
IH.US,5,20251126,171500,2.833,2.833,2.833,2.833,100,0
IH.US,5,20251126,174000,2.72,2.72,2.72,2.72,283,0
IH.US,5,20251126,181000,2.833,2.833,2.833,2.833,100,0
IH.US,5,20251126,183500,2.7215,2.7215,2.7215,2.7215,100,0
IH.US,5,20251126,184000,2.7793,2.7793,2.7793,2.7793,200,0
IH.US,5,20251126,185500,2.72,2.7793,2.72,2.7793,300,0
IH.US,5,20251126,191000,2.72,2.72,2.72,2.72,100,0
IH.US,5,20251126,201500,2.88,2.88,2.88,2.88,100,0
IH.US,5,20251126,214000,2.7551,2.7551,2.7551,2.7551,100,0
IH.US,5,20251126,215500,2.76,2.76,2.76,2.76,204,0
IH.US,5,20251128,153500,2.8532,2.89,2.7,2.89,600,0
IH.US,5,20251128,160500,2.7405,2.87,2.7405,2.87,6200,0
IH.US,5,20251128,161500,2.87,2.87,2.87,2.87,100,0
IH.US,5,20251128,162000,2.72,2.869,2.72,2.869,200,0
IH.US,5,20251128,163000,2.72,2.72,2.72,2.72,100,0
IH.US,5,20251128,164500,2.87,2.87,2.87,2.87,100,0
IH.US,5,20251128,165000,2.8181,2.8181,2.8181,2.8181,455,0
IH.US,5,20251128,170000,2.7552,2.87,2.7552,2.87,556,0
IH.US,5,20251128,185500,2.84,2.84,2.84,2.84,100,0
IH.US,5,20251128,190000,2.85,2.85,2.85,2.85,374,0
IH.US,5,20251201,154500,2.8,2.8,2.8,2.8,1967,0
IH.US,5,20251201,155500,2.82,2.82,2.82,2.82,300,0
IH.US,5,20251201,160500,2.8118,2.8118,2.8118,2.8118,900,0
IH.US,5,20251201,163500,2.82,2.82,2.75,2.7919,4199,0
IH.US,5,20251201,164500,2.79,2.79,2.79,2.79,100,0
IH.US,5,20251201,165500,2.72,2.8,2.72,2.8,1546,0
IH.US,5,20251201,170000,2.7717,2.8,2.7717,2.8,9123,0
IH.US,5,20251201,172500,2.79,2.8,2.79,2.8,1754,0
IH.US,5,20251201,180500,2.75,2.75,2.75,2.75,100,0
IH.US,5,20251201,194000,2.775,2.775,2.775,2.775,100,0
IH.US,5,20251201,195500,2.76,2.76,2.76,2.76,466,0
IH.US,5,20251201,200000,2.7593,2.7593,2.752,2.758,5205,0
IH.US,5,20251201,213000,2.75,2.75,2.75,2.75,383,0
IH.US,5,20251201,215500,2.78,2.8,2.78,2.8,1394,0
IH.US,5,20251202,153500,2.7824,2.7824,2.7824,2.7824,875,0
IH.US,5,20251202,162000,2.7,2.7,2.7,2.7,100,0
IH.US,5,20251202,162500,2.6958,2.7,2.6958,2.7,200,0
IH.US,5,20251202,163500,2.7,2.7,2.7,2.7,100,0
IH.US,5,20251202,181500,2.68,2.68,2.68,2.68,100,0
IH.US,5,20251202,183000,2.7,2.7,2.7,2.7,100,0
IH.US,5,20251202,212500,2.68,2.68,2.68,2.68,100,0
IH.US,5,20251203,153000,2.71,2.71,2.71,2.71,200,0
IH.US,5,20251203,154500,2.71,2.71,2.71,2.71,100,0
IH.US,5,20251203,162500,2.68,2.68,2.68,2.68,299,0
IH.US,5,20251203,163000,2.6575,2.66,2.6575,2.66,400,0
IH.US,5,20251203,171500,2.655,2.66,2.655,2.6595,721,0
IH.US,5,20251203,174000,2.6574,2.66,2.6574,2.66,400,0
IH.US,5,20251203,174500,2.65,2.65,2.65,2.65,852,0
IH.US,5,20251203,185000,2.66,2.66,2.66,2.66,100,0
IH.US,5,20251203,191500,2.66,2.66,2.66,2.66,200,0
IH.US,5,20251203,211500,2.66,2.66,2.66,2.66,250,0
IH.US,5,20251203,213500,2.6599,2.6599,2.6599,2.6599,220,0
IH.US,5,20251203,215500,2.651,2.651,2.651,2.651,101,0
IH.US,5,20251204,153000,2.6675,2.6675,2.6675,2.6675,131,0
IH.US,5,20251204,161000,2.63,2.63,2.59,2.59,4179,0
IH.US,5,20251204,162000,2.5903,2.5903,2.5903,2.5903,200,0
IH.US,5,20251204,164000,2.59,2.59,2.59,2.59,100,0
IH.US,5,20251204,173000,2.5895,2.5895,2.5895,2.5895,100,0
IH.US,5,20251204,173500,2.58,2.58,2.58,2.58,500,0
IH.US,5,20251204,180500,2.595,2.595,2.595,2.595,400,0
IH.US,5,20251204,183500,2.56,2.56,2.56,2.56,281,0
IH.US,5,20251204,205000,2.56,2.56,2.56,2.56,200,0
IH.US,5,20251205,163000,2.58,2.58,2.58,2.58,500,0
IH.US,5,20251205,163500,2.5775,2.5775,2.5775,2.5775,100,0
IH.US,5,20251205,165000,2.55,2.55,2.55,2.55,159,0
IH.US,5,20251205,173500,2.55,2.55,2.54,2.54,437,0
IH.US,5,20251205,215500,2.53,2.53,2.52,2.52,313,0
IH.US,5,20251208,153000,2.56,2.66,2.56,2.66,310,0
IH.US,5,20251208,162500,2.67,2.6798,2.67,2.6798,403,0
IH.US,5,20251208,184500,2.5817,2.5817,2.5817,2.5817,922,0
IH.US,5,20251208,203000,2.5,2.5,2.5,2.5,949,0
IH.US,5,20251208,210000,2.5,2.5,2.5,2.5,485,0
IH.US,5,20251208,215500,2.52,2.52,2.52,2.52,100,0
IH.US,5,20251209,153000,2.51,2.51,2.5,2.5,763,0
IH.US,5,20251209,153500,2.52,2.52,2.52,2.52,100,0
IH.US,5,20251209,155000,2.5,2.5,2.5,2.5,200,0
IH.US,5,20251209,162000,2.5,2.5,2.4307,2.4307,1000,0
IH.US,5,20251209,163500,2.495,2.495,2.495,2.495,100,0
IH.US,5,20251209,165000,2.4456,2.452,2.43,2.452,3784,0
IH.US,5,20251209,170500,2.4935,2.4935,2.4935,2.4935,100,0
IH.US,5,20251209,174000,2.4651,2.4651,2.4651,2.4651,100,0
IH.US,5,20251209,180000,2.43,2.455,2.4,2.4001,7088,0
IH.US,5,20251209,183500,2.4001,2.4001,2.4001,2.4001,881,0
IH.US,5,20251209,194000,2.4665,2.4665,2.4665,2.4665,650,0
IH.US,5,20251209,200500,2.48,2.48,2.48,2.48,500,0
IH.US,5,20251209,203500,2.5,2.5,2.5,2.5,1000,0
IH.US,5,20251210,172000,2.4,2.4,2.39,2.39,2264,0
IH.US,5,20251210,175000,2.46,2.46,2.46,2.46,406,0
IH.US,5,20251210,204500,2.32,2.3405,2.32,2.3405,3000,0
IH.US,5,20251210,205000,2.32,2.3205,2.3,2.3,2627,0
IH.US,5,20251210,210500,2.34,2.34,2.33,2.33,800,0
IH.US,5,20251210,211000,2.28,2.28,2.2401,2.2401,3440,0
IH.US,5,20251210,212500,2.35,2.35,2.35,2.35,500,0
IH.US,5,20251210,213000,2.25,2.26,2.24,2.24,1996,0
IH.US,5,20251210,215500,2.26,2.31,2.23,2.31,384,0
IH.US,5,20251211,153000,2.31,2.33,2.31,2.33,793,0
IH.US,5,20251211,155000,2.35,2.35,2.33,2.3301,2007,0
IH.US,5,20251211,160000,2.33,2.33,2.31,2.31,1213,0
IH.US,5,20251211,161000,2.32,2.32,2.2938,2.32,800,0
IH.US,5,20251211,162500,2.2843,2.2843,2.2843,2.2843,750,0
IH.US,5,20251211,172500,2.3012,2.3012,2.3012,2.3012,200,0
IH.US,5,20251211,190500,2.32,2.32,2.32,2.32,1582,0
IH.US,5,20251211,191500,2.25,2.25,2.2201,2.2286,2994,0
IH.US,5,20251211,192000,2.2201,2.2201,2.21,2.21,4000,0
IH.US,5,20251211,193000,2.21,2.21,2.12,2.12,3999,0
IH.US,5,20251211,202000,2.19,2.19,2.13,2.13,5631,0
IH.US,5,20251212,153500,2.2932,2.2932,2.2932,2.2932,100,0
IH.US,5,20251212,160000,2.29,2.29,2.29,2.29,200,0
IH.US,5,20251212,160500,2.2496,2.2496,2.2496,2.2496,600,0
IH.US,5,20251212,161500,2.3063,2.3063,2.3063,2.3063,250,0
IH.US,5,20251212,163500,2.3799,2.3799,2.3799,2.3799,500,0
IH.US,5,20251212,173000,2.3,2.3,2.3,2.3,168,0
IH.US,5,20251212,173500,2.3315,2.3315,2.3315,2.3315,100,0
IH.US,5,20251212,181000,2.305,2.33,2.305,2.33,500,0
IH.US,5,20251212,182000,2.342,2.342,2.342,2.342,200,0
IH.US,5,20251212,191000,2.285,2.285,2.285,2.285,320,0
IH.US,5,20251212,213500,2.21,2.21,2.21,2.21,144,0
IH.US,5,20251212,215500,2.255,2.26,2.255,2.26,596,0
IH.US,5,20251215,153000,2.36,2.36,2.36,2.36,100,0
IH.US,5,20251215,153500,2.3,2.3,2.3,2.3,200,0
IH.US,5,20251215,164000,2.4,2.4,2.4,2.4,100,0
IH.US,5,20251215,164500,2.3,2.3,2.29,2.29,652,0
IH.US,5,20251215,165000,2.27,2.27,2.26,2.26,891,0
IH.US,5,20251215,165500,2.26,2.26,2.26,2.26,100,0
IH.US,5,20251215,171000,2.26,2.26,2.26,2.26,100,0
IH.US,5,20251215,171500,2.26,2.26,2.26,2.26,500,0
IH.US,5,20251215,174500,2.26,2.26,2.26,2.26,100,0
IH.US,5,20251215,175000,2.26,2.26,2.26,2.26,4162,0
IH.US,5,20251215,181500,2.2811,2.2811,2.2811,2.2811,100,0
IH.US,5,20251215,183500,2.25,2.25,2.25,2.25,2400,0
IH.US,5,20251215,195500,2.21,2.21,2.21,2.21,100,0
IH.US,5,20251215,202000,2.21,2.21,2.21,2.21,100,0
IH.US,5,20251215,202500,2.21,2.21,2.21,2.21,1430,0
IH.US,5,20251215,215000,2.15,2.15,2.15,2.15,100,0
IH.US,5,20251216,154000,2.3302,2.3302,2.245,2.245,1175,0
IH.US,5,20251216,160500,2.2479,2.2479,2.2479,2.2479,175,0
IH.US,5,20251216,172500,2.2204,2.2204,2.2204,2.2204,200,0
IH.US,5,20251216,204500,2.21,2.21,2.21,2.21,200,0
IH.US,5,20251216,210000,2.2,2.2,2.2,2.2,100,0
IH.US,5,20251216,215500,2.2,2.22,2.2,2.22,723,0
IH.US,5,20251217,153000,2.25,2.25,2.25,2.25,100,0
IH.US,5,20251217,154000,2.24,2.24,2.24,2.24,102,0
IH.US,5,20251217,164000,2.29,2.29,2.29,2.29,100,0
IH.US,5,20251217,164500,2.22,2.22,2.22,2.22,591,0
IH.US,5,20251217,170000,2.2726,2.2726,2.2726,2.2726,100,0
IH.US,5,20251217,174000,2.255,2.255,2.255,2.255,385,0
IH.US,5,20251217,180000,2.2372,2.2372,2.22,2.22,617,0
IH.US,5,20251217,185000,2.22,2.22,2.22,2.22,200,0
IH.US,5,20251217,200000,2.22,2.22,2.22,2.22,100,0
IH.US,5,20251217,215500,2.22,2.22,2.22,2.22,204,0
IH.US,5,20251218,160500,2.2334,2.2334,2.2334,2.2334,150,0
IH.US,5,20251218,164000,2.2566,2.2566,2.2566,2.2566,100,0
IH.US,5,20251218,205000,2.22,2.22,2.22,2.22,300,0
IH.US,5,20251219,161000,2.22,2.22,2.22,2.22,100,0
IH.US,5,20251219,161500,2.22,2.22,2.22,2.22,251,0
IH.US,5,20251219,162000,2.2398,2.24,2.2394,2.24,900,0
IH.US,5,20251219,164500,2.24,2.24,2.24,2.24,500,0
IH.US,5,20251219,165000,2.22,2.22,2.22,2.22,200,0
IH.US,5,20251219,171000,2.2201,2.2201,2.2201,2.2201,207,0
IH.US,5,20251219,175000,2.22,2.22,2.22,2.22,200,0
IH.US,5,20251219,181000,2.2276,2.2276,2.2276,2.2276,1000,0
IH.US,5,20251219,185000,2.22,2.22,2.22,2.22,200,0
IH.US,5,20251219,195000,2.22,2.23,2.22,2.23,200,0
IH.US,5,20251219,205000,2.22,2.22,2.22,2.22,200,0
IH.US,5,20251219,215000,2.22,2.22,2.22,2.22,304,0
IH.US,5,20251219,215500,2.22,2.221,2.22,2.221,1025,0
IH.US,5,20251222,153000,2.23,2.23,2.22,2.23,600,0
IH.US,5,20251222,155000,2.2,2.2,2.2,2.2,200,0
IH.US,5,20251222,160000,2.2237,2.2237,2.2237,2.2237,100,0
IH.US,5,20251222,162500,2.2237,2.2237,2.2237,2.2237,100,0
IH.US,5,20251222,163500,2.2,2.2,2.2,2.2,100,0
IH.US,5,20251222,165000,2.2,2.2,2.2,2.2,200,0
IH.US,5,20251222,172000,2.2114,2.2114,2.2114,2.2114,200,0
IH.US,5,20251222,175000,2.2,2.2,2.2,2.2,129,0
IH.US,5,20251222,180500,2.2,2.2,2.2,2.2,160,0
IH.US,5,20251222,183000,2.2,2.2,2.2,2.2,100,0
IH.US,5,20251222,191500,2.2,2.2065,2.2,2.2064,900,0
IH.US,5,20251222,193000,2.2199,2.2199,2.2199,2.2199,1000,0
IH.US,5,20251222,194500,2.2199,2.2199,2.2199,2.2199,350,0
IH.US,5,20251222,205500,2.2,2.2,2.2,2.2,490,0
IH.US,5,20251222,215500,2.22,2.22,2.212,2.212,496,0
