<TICKER>,<PER>,<DATE>,<TIME>,<OPEN>,<HIGH>,<LOW>,<CLOSE>,<VOL>,<OPENINT>
IVR_C.US,5,20250728,165500,23.9449,23.9449,23.9449,23.9449,825,0
IVR_C.US,5,20250728,170000,23.95,23.95,23.9449,23.9449,750,0
IVR_C.US,5,20250728,174500,23.95,23.95,23.95,23.95,100,0
IVR_C.US,5,20250728,180000,23.46,23.46,23.46,23.46,500,0
IVR_C.US,5,20250728,183000,23.769,23.935,23.769,23.92,2512,0
IVR_C.US,5,20250728,183500,23.9101,23.92,23.9101,23.92,200,0
IVR_C.US,5,20250728,190000,23.88,23.88,23.88,23.88,100,0
IVR_C.US,5,20250728,191000,23.8687,23.8687,23.8687,23.8687,1000,0
IVR_C.US,5,20250728,193500,24.0191,24.0191,24.0191,24.0191,1000,0
IVR_C.US,5,20250728,195000,24.13,24.26,24.0149,24.14,1000,0
IVR_C.US,5,20250728,195500,24.1,24.17,23.9546,23.9546,990,0
IVR_C.US,5,20250728,200000,23.9546,23.9546,23.9546,23.9546,110,0
IVR_C.US,5,20250728,201000,24.09,24.09,24.09,24.09,100,0
IVR_C.US,5,20250728,203000,24.01,24.02,23.96,23.96,1100,0
IVR_C.US,5,20250728,203500,24.06,24.06,23.94,23.94,323,0
IVR_C.US,5,20250728,205000,24.07,24.07,23.965,23.965,200,0
IVR_C.US,5,20250728,213000,23.98,24.25,23.98,24.25,361,0
IVR_C.US,5,20250728,215500,24.02,24.02,24.01,24.01,300,0
IVR_C.US,5,20250729,153500,23.5,23.5,23.5,23.5,334,0
IVR_C.US,5,20250729,154500,23.6966,23.6966,23.6966,23.6966,300,0
IVR_C.US,5,20250729,155000,24.1879,24.1879,24.1879,24.1879,100,0
IVR_C.US,5,20250729,155500,24.24,24.24,24.24,24.24,300,0
IVR_C.US,5,20250729,160000,24.22,24.22,24.22,24.22,300,0
IVR_C.US,5,20250729,160500,24.2,24.2,24.2,24.2,100,0
IVR_C.US,5,20250729,163000,24.19,24.2,24.19,24.2,200,0
IVR_C.US,5,20250729,165000,24.22,24.22,24.22,24.22,200,0
IVR_C.US,5,20250729,170500,24.29,24.32,24.29,24.32,300,0
IVR_C.US,5,20250729,173500,24.31,24.31,24.31,24.31,200,0
IVR_C.US,5,20250729,174000,24.29,24.29,24.24,24.24,700,0
IVR_C.US,5,20250729,181500,24.31,24.31,24.31,24.31,300,0
IVR_C.US,5,20250729,182000,24.2507,24.2507,24.2507,24.2507,100,0
IVR_C.US,5,20250729,184000,24.295,24.3,24.295,24.295,300,0
IVR_C.US,5,20250729,191000,24.29,24.32,24.27,24.32,933,0
IVR_C.US,5,20250729,191500,24.315,24.45,24.315,24.3482,1816,0
IVR_C.US,5,20250729,192000,24.61,24.61,24.3823,24.3823,600,0
IVR_C.US,5,20250729,193000,24.49,24.49,24.3801,24.3801,300,0
IVR_C.US,5,20250729,194000,24.38,24.38,24.38,24.38,600,0
IVR_C.US,5,20250729,200500,24.39,24.4,24.33,24.395,800,0
IVR_C.US,5,20250729,201000,24.39,24.4,24.39,24.4,200,0
IVR_C.US,5,20250729,215500,24.4,24.4,24.37,24.37,200,0
IVR_C.US,5,20250730,161000,24.4,24.4,24.4,24.4,685,0
IVR_C.US,5,20250730,162500,24.25,24.25,24.25,24.25,400,0
IVR_C.US,5,20250730,163500,24.2,24.2,24.2,24.2,560,0
IVR_C.US,5,20250730,164000,23.865,23.865,23.865,23.865,346,0
IVR_C.US,5,20250730,173000,24.45,24.45,24.175,24.175,750,0
IVR_C.US,5,20250730,175000,24.1,24.125,24.1,24.1,2197,0
IVR_C.US,5,20250730,181000,24.25,24.45,24.25,24.45,335,0
IVR_C.US,5,20250730,184500,24.318,24.318,24.318,24.318,106,0
IVR_C.US,5,20250730,195500,24.2831,24.2831,24.2831,24.2831,100,0
IVR_C.US,5,20250730,211000,24.35,24.35,24.32,24.35,2049,0
IVR_C.US,5,20250731,173000,24.01,24.21,24.01,24.21,300,0
IVR_C.US,5,20250731,173500,24.08,24.08,24.08,24.08,100,0
IVR_C.US,5,20250731,174000,24.1,24.1,24.1,24.1,200,0
IVR_C.US,5,20250731,174500,24.25,24.29,24.23,24.23,600,0
IVR_C.US,5,20250731,175000,24.28,24.28,24.28,24.28,229,0
IVR_C.US,5,20250731,194000,24.28,24.28,24.28,24.28,654,0
IVR_C.US,5,20250731,194500,24.27,24.27,24.27,24.27,1684,0
IVR_C.US,5,20250731,202500,24.2867,24.2867,24.2867,24.2867,675,0
IVR_C.US,5,20250731,204500,24.27,24.27,24.27,24.27,100,0
IVR_C.US,5,20250731,210000,24.28,24.35,24.28,24.34,1200,0
IVR_C.US,5,20250731,211500,24.27,24.27,24.18,24.18,200,0
IVR_C.US,5,20250731,213500,24.18,24.18,24.18,24.18,100,0
IVR_C.US,5,20250731,214000,24.3277,24.34,24.3277,24.34,204,0
IVR_C.US,5,20250731,214500,24.2305,24.2305,24.13,24.13,300,0
IVR_C.US,5,20250801,162500,23.6924,23.6924,23.6924,23.6924,640,0
IVR_C.US,5,20250801,164000,23.8,23.8,23.8,23.8,300,0
IVR_C.US,5,20250801,171500,24.1162,24.1162,24.1162,24.1162,294,0
IVR_C.US,5,20250801,190500,24.2,24.2,24.19,24.2,3222,0
IVR_C.US,5,20250801,204000,24.145,24.2,24.145,24.2,404,0
IVR_C.US,5,20250801,212000,24.15,24.2,24.145,24.145,400,0
IVR_C.US,5,20250801,214500,24.14,24.145,24.1,24.145,300,0
IVR_C.US,5,20250801,215000,24.1,24.1,24.07,24.1,700,0
IVR_C.US,5,20250801,215500,24.13,24.13,24.12,24.12,551,0
IVR_C.US,5,20250804,160500,24.09,24.09,24,24,400,0
IVR_C.US,5,20250804,164000,24.055,24.055,24.055,24.055,127,0
IVR_C.US,5,20250804,164500,23.93,23.93,23.93,23.93,400,0
IVR_C.US,5,20250804,165000,24.06,24.06,24.06,24.06,352,0
IVR_C.US,5,20250804,171500,24.1,24.11,24.1,24.11,200,0
IVR_C.US,5,20250804,172000,24.15,24.19,24.15,24.19,505,0
IVR_C.US,5,20250804,181000,24.1775,24.2,24.175,24.175,385,0
IVR_C.US,5,20250804,182000,24.25,24.25,24.25,24.25,200,0
IVR_C.US,5,20250804,185000,24.318,24.318,24.318,24.318,1552,0
IVR_C.US,5,20250804,191500,24.33,24.33,24.33,24.33,200,0
IVR_C.US,5,20250804,203500,24.32,24.32,24.32,24.32,726,0
IVR_C.US,5,20250804,204000,24.2,24.26,24.2,24.26,200,0
IVR_C.US,5,20250804,210000,24.1575,24.1575,24.1575,24.1575,1270,0
IVR_C.US,5,20250804,215500,24.16,24.16,24.16,24.16,100,0
IVR_C.US,5,20250805,154500,24.325,24.325,24.325,24.325,100,0
IVR_C.US,5,20250805,163500,24.22,24.22,24.22,24.22,509,0
IVR_C.US,5,20250805,165000,24.32,24.32,24.3,24.32,964,0
IVR_C.US,5,20250805,172500,24.25,24.25,24.25,24.25,212,0
IVR_C.US,5,20250805,183000,24.2181,24.2181,24.1501,24.1501,634,0
IVR_C.US,5,20250805,184500,24.25,24.25,24.25,24.25,139,0
IVR_C.US,5,20250805,191000,24.1501,24.1501,24.1501,24.1501,214,0
IVR_C.US,5,20250805,194000,24.25,24.25,24.24,24.24,300,0
IVR_C.US,5,20250805,195500,24.25,24.25,24.25,24.25,563,0
IVR_C.US,5,20250805,204500,24.3233,24.3233,24.3233,24.3233,108,0
IVR_C.US,5,20250805,212000,24.35,24.35,24.33,24.35,2085,0
IVR_C.US,5,20250805,212500,24.25,24.25,24.25,24.25,300,0
IVR_C.US,5,20250806,153000,24.15,24.15,24.15,24.15,300,0
IVR_C.US,5,20250806,155500,24.125,24.125,24.125,24.125,200,0
IVR_C.US,5,20250806,180000,24.125,24.125,24.125,24.125,425,0
IVR_C.US,5,20250806,181500,24.12,24.12,24.12,24.12,462,0
IVR_C.US,5,20250806,182000,24.055,24.055,24.055,24.055,100,0
IVR_C.US,5,20250806,201000,24.025,24.05,24.025,24.025,400,0
IVR_C.US,5,20250806,210000,24.105,24.105,24.105,24.105,200,0
IVR_C.US,5,20250807,155500,24.34,24.34,24.2973,24.2973,265,0
IVR_C.US,5,20250807,161000,24.3,24.325,24.3,24.3,400,0
IVR_C.US,5,20250807,162500,24.28,24.28,24.1022,24.1022,2875,0
IVR_C.US,5,20250807,171500,24.25,24.25,24.25,24.25,100,0
IVR_C.US,5,20250807,174000,24.24,24.26,24.2294,24.2294,1000,0
IVR_C.US,5,20250807,174500,24.26,24.26,24.26,24.26,100,0
IVR_C.US,5,20250807,175000,24.27,24.27,24.27,24.27,130,0
IVR_C.US,5,20250807,181000,24.25,24.25,24.25,24.25,100,0
IVR_C.US,5,20250807,183000,24.27,24.27,24.27,24.27,100,0
IVR_C.US,5,20250807,184500,24.27,24.27,24.27,24.27,100,0
IVR_C.US,5,20250807,190500,24.25,24.25,24.25,24.25,100,0
IVR_C.US,5,20250807,192500,24.27,24.27,24.27,24.27,100,0
IVR_C.US,5,20250807,194500,24.27,24.27,24.27,24.27,100,0
IVR_C.US,5,20250807,201500,24.27,24.27,24.27,24.27,100,0
IVR_C.US,5,20250807,203500,24.3435,24.3435,24.31,24.31,220,0
IVR_C.US,5,20250807,210000,24.31,24.31,24.31,24.31,100,0
IVR_C.US,5,20250807,211000,24.31,24.31,24.31,24.31,200,0
IVR_C.US,5,20250807,211500,24.35,24.35,24.35,24.35,100,0
IVR_C.US,5,20250807,213000,24.11,24.11,24.11,24.11,430,0
IVR_C.US,5,20250807,214500,24.23,24.23,24.23,24.23,200,0
IVR_C.US,5,20250808,153000,24.2,24.2,24.2,24.2,1062,0
IVR_C.US,5,20250808,153500,23.7001,23.7001,23.7001,23.7001,980,0
IVR_C.US,5,20250808,172000,24.2,24.21,24.2,24.21,2305,0
IVR_C.US,5,20250808,172500,24.2,24.2,24.2,24.2,100,0
IVR_C.US,5,20250808,173500,24.055,24.055,24.055,24.055,100,0
IVR_C.US,5,20250808,185000,24.2,24.2,24.2,24.2,700,0
IVR_C.US,5,20250808,202500,24.3699,24.3699,24.3699,24.3699,193,0
IVR_C.US,5,20250808,205000,24.285,24.285,24.285,24.285,100,0
IVR_C.US,5,20250808,214000,24.2001,24.2001,24.2001,24.2001,175,0
IVR_C.US,5,20250811,153500,23.7866,23.7866,23.7866,23.7866,295,0
IVR_C.US,5,20250811,162500,24.035,24.32,24.035,24.32,246,0
IVR_C.US,5,20250811,170500,24.01,24.01,24.01,24.01,1468,0
IVR_C.US,5,20250811,202000,24.32,24.32,24.04,24.04,1654,0
IVR_C.US,5,20250811,205000,24.05,24.08,24.05,24.05,724,0
IVR_C.US,5,20250811,210000,24.03,24.03,24.03,24.03,152,0
IVR_C.US,5,20250811,214500,24,24,23.95,23.95,200,0
IVR_C.US,5,20250811,215000,23.95,24.0716,23.95,24.0716,282,0
IVR_C.US,5,20250811,215500,24.3146,24.3199,24.3146,24.3199,264,0
IVR_C.US,5,20250812,180500,23.9358,23.9358,23.9358,23.9358,1000,0
IVR_C.US,5,20250812,181500,24.31,24.31,24.31,24.31,106,0
IVR_C.US,5,20250812,182500,24.25,24.25,24.25,24.25,900,0
IVR_C.US,5,20250812,183500,24.1165,24.1165,24.1165,24.1165,501,0
IVR_C.US,5,20250812,194000,24.2875,24.2875,24.2875,24.2875,350,0
IVR_C.US,5,20250812,195500,23.9867,23.9867,23.9867,23.9867,175,0
IVR_C.US,5,20250812,210000,24.16,24.16,24.16,24.16,264,0
IVR_C.US,5,20250812,215500,24.19,24.19,24.19,24.19,100,0
IVR_C.US,5,20250813,155500,24.294,24.294,24.294,24.294,600,0
IVR_C.US,5,20250813,160500,24.26,24.26,24.26,24.26,200,0
IVR_C.US,5,20250813,165000,24.3,24.3,24.3,24.3,100,0
IVR_C.US,5,20250813,165500,24.3,24.3,24.3,24.3,100,0
IVR_C.US,5,20250813,171000,24.36,24.36,24.36,24.36,100,0
IVR_C.US,5,20250813,171500,24.37,24.37,24.37,24.37,100,0
IVR_C.US,5,20250813,172500,24.36,24.36,24.36,24.36,100,0
IVR_C.US,5,20250813,173500,24.37,24.37,24.37,24.37,100,0
IVR_C.US,5,20250813,174000,24.37,24.37,24.33,24.33,200,0
IVR_C.US,5,20250813,175000,24.34,24.34,24.34,24.34,100,0
IVR_C.US,5,20250813,181500,24.29,24.29,24.29,24.29,800,0
IVR_C.US,5,20250813,182000,24.37,24.5,24.37,24.5,3575,0
IVR_C.US,5,20250813,183500,24.5229,24.5229,24.5229,24.5229,125,0
IVR_C.US,5,20250813,184500,24.51,24.51,24.51,24.51,200,0
IVR_C.US,5,20250813,190500,24.51,24.51,24.51,24.51,350,0
IVR_C.US,5,20250813,192000,24.52,24.61,24.475,24.475,1524,0
IVR_C.US,5,20250813,192500,24.4831,24.59,24.465,24.465,853,0
IVR_C.US,5,20250813,195000,24.46,24.49,24.46,24.49,300,0
IVR_C.US,5,20250813,211000,24.56,24.56,24.549,24.549,600,0
IVR_C.US,5,20250813,214500,24.5932,24.5945,24.505,24.505,6696,0
IVR_C.US,5,20250813,215500,24.515,24.515,24.375,24.38,600,0
IVR_C.US,5,20250814,154000,24.38,24.38,24.38,24.38,1000,0
IVR_C.US,5,20250814,165000,24.23,24.23,24.23,24.23,100,0
IVR_C.US,5,20250814,174500,24.4967,24.4967,24.4967,24.4967,150,0
IVR_C.US,5,20250814,180000,24.3807,24.3807,24.3807,24.3807,100,0
IVR_C.US,5,20250814,185000,24.27,24.27,24.27,24.27,100,0
IVR_C.US,5,20250814,191000,24.36,24.36,24.33,24.33,200,0
IVR_C.US,5,20250814,202500,24.345,24.345,24.345,24.345,159,0
IVR_C.US,5,20250814,213000,24.42,24.42,24.42,24.42,160,0
IVR_C.US,5,20250814,213500,24.42,24.42,24.42,24.42,100,0
IVR_C.US,5,20250814,214000,24.37,24.37,24.37,24.37,400,0
IVR_C.US,5,20250815,174000,24.23,24.23,24.23,24.23,1000,0
IVR_C.US,5,20250815,174500,24.35,24.35,24.3152,24.3152,825,0
IVR_C.US,5,20250815,185500,24.2456,24.2456,24.2456,24.2456,308,0
IVR_C.US,5,20250815,194000,24.36,24.42,24.3054,24.325,3275,0
IVR_C.US,5,20250815,194500,24.42,24.43,24.41,24.43,600,0
IVR_C.US,5,20250815,195000,24.42,24.435,24.41,24.435,896,0
IVR_C.US,5,20250815,195500,24.47,24.53,24.47,24.52,500,0
IVR_C.US,5,20250815,200500,24.52,24.52,24.52,24.52,310,0
IVR_C.US,5,20250815,203500,24.54,24.58,24.5,24.5301,5256,0
IVR_C.US,5,20250815,204000,24.5001,24.535,24.47,24.47,1832,0
IVR_C.US,5,20250815,211000,24.47,24.47,24.47,24.47,100,0
IVR_C.US,5,20250815,212500,24.48,24.48,24.48,24.48,300,0
IVR_C.US,5,20250815,214500,24.385,24.385,24.385,24.385,300,0
IVR_C.US,5,20250818,154000,24.3772,24.3772,24.3772,24.3772,122,0
IVR_C.US,5,20250818,162000,24.465,24.465,24.46,24.46,300,0
IVR_C.US,5,20250818,162500,24.4324,24.4324,24.4324,24.4324,125,0
IVR_C.US,5,20250818,163000,24.3943,24.46,24.39,24.46,900,0
IVR_C.US,5,20250818,165500,24.46,24.46,24.44,24.44,700,0
IVR_C.US,5,20250818,172000,24.4,24.4,24.4,24.4,200,0
IVR_C.US,5,20250818,172500,24.4228,24.4293,24.4228,24.4293,200,0
IVR_C.US,5,20250818,173500,24.425,24.425,24.425,24.425,100,0
IVR_C.US,5,20250818,175000,24.43,24.43,24.43,24.43,200,0
IVR_C.US,5,20250818,181000,24.51,24.51,24.51,24.51,100,0
IVR_C.US,5,20250818,183500,24.49,24.49,24.49,24.49,350,0
IVR_C.US,5,20250818,192500,24.54,24.545,24.54,24.545,300,0
IVR_C.US,5,20250818,193000,24.505,24.505,24.505,24.505,507,0
IVR_C.US,5,20250818,195500,24.55,24.57,24.54,24.57,4100,0
IVR_C.US,5,20250818,204500,24.585,24.585,24.5101,24.5101,1372,0
IVR_C.US,5,20250818,210000,24.66,24.66,24.66,24.66,500,0
IVR_C.US,5,20250818,210500,24.58,24.58,24.58,24.58,300,0
IVR_C.US,5,20250818,212500,24.5331,24.5331,24.5331,24.5331,300,0
IVR_C.US,5,20250818,214000,24.5837,24.5837,24.5837,24.5837,139,0
IVR_C.US,5,20250818,215000,24.5201,24.5551,24.5201,24.5551,400,0
IVR_C.US,5,20250818,215500,24.59,24.6648,24.59,24.61,300,0
IVR_C.US,5,20250819,165000,24.65,24.65,24.65,24.65,500,0
IVR_C.US,5,20250819,173000,24.64,24.64,24.64,24.64,600,0
IVR_C.US,5,20250819,174000,24.64,24.64,24.64,24.64,100,0
IVR_C.US,5,20250819,175500,24.63,24.63,24.63,24.63,100,0
IVR_C.US,5,20250819,180500,24.63,24.63,24.63,24.63,272,0
IVR_C.US,5,20250819,181500,24.62,24.62,24.61,24.62,1434,0
IVR_C.US,5,20250819,183000,24.62,24.62,24.62,24.62,978,0
IVR_C.US,5,20250819,184500,24.745,24.75,24.74,24.745,2320,0
IVR_C.US,5,20250819,185000,24.75,24.75,24.75,24.75,100,0
IVR_C.US,5,20250819,185500,24.73,24.73,24.73,24.73,100,0
IVR_C.US,5,20250819,200000,24.7,24.7,24.7,24.7,100,0
IVR_C.US,5,20250819,200500,24.72,24.72,24.71,24.72,400,0
IVR_C.US,5,20250819,202000,24.94,24.94,24.89,24.91,890,0
IVR_C.US,5,20250819,205000,24.86,24.86,24.86,24.86,200,0
IVR_C.US,5,20250819,205500,24.855,24.855,24.849,24.855,400,0
IVR_C.US,5,20250819,210000,24.855,24.855,24.855,24.855,800,0
IVR_C.US,5,20250819,213500,24.87,24.88,24.87,24.88,500,0
IVR_C.US,5,20250819,214000,24.88,24.88,24.88,24.88,100,0
IVR_C.US,5,20250820,170000,24.79,24.79,24.79,24.79,122,0
IVR_C.US,5,20250820,185500,24.86,24.86,24.8425,24.86,888,0
IVR_C.US,5,20250820,191500,24.87,24.87,24.87,24.87,170,0
IVR_C.US,5,20250820,215000,24.88,24.88,24.88,24.88,249,0
IVR_C.US,5,20250821,153500,24.82,24.82,24.81,24.81,300,0
IVR_C.US,5,20250821,163500,24.8,24.84,24.75,24.75,5533,0
IVR_C.US,5,20250821,180500,24.7081,24.7081,24.7,24.7,2125,0
IVR_C.US,5,20250821,181000,24.71,24.71,24.71,24.71,200,0
IVR_C.US,5,20250821,182500,24.675,24.675,24.675,24.675,325,0
IVR_C.US,5,20250821,183000,24.7253,24.7253,24.7253,24.7253,150,0
IVR_C.US,5,20250821,190500,24.71,24.71,24.71,24.71,400,0
IVR_C.US,5,20250821,210000,24.74,24.74,24.74,24.74,200,0
IVR_C.US,5,20250822,153000,24.7499,24.7499,24.7499,24.7499,1095,0
IVR_C.US,5,20250822,160000,24.7,24.7,24.7,24.7,100,0
IVR_C.US,5,20250822,171000,24.8569,24.8569,24.83,24.83,300,0
IVR_C.US,5,20250822,171500,24.88,24.88,24.87,24.87,1558,0
IVR_C.US,5,20250822,172500,24.8832,24.8832,24.8832,24.8832,125,0
IVR_C.US,5,20250822,175000,24.89,24.9499,24.845,24.845,600,0
IVR_C.US,5,20250822,183500,24.9,24.9,24.9,24.9,100,0
IVR_C.US,5,20250822,191500,24.94,25,24.94,25,5728,0
IVR_C.US,5,20250822,192000,25,25,25,25,400,0
IVR_C.US,5,20250822,193500,25.0935,25.0935,25.0935,25.0935,100,0
IVR_C.US,5,20250822,194000,25.065,25.07,25.06,25.06,899,0
IVR_C.US,5,20250822,194500,25.01,25.01,25.01,25.01,100,0
IVR_C.US,5,20250822,200500,25.01,25.014,25.01,25.014,300,0
IVR_C.US,5,20250822,203000,25.01,25.01,25.01,25.01,474,0
IVR_C.US,5,20250822,210500,25.01,25.01,25.01,25.01,500,0
IVR_C.US,5,20250822,211000,25,25,25,25,200,0
IVR_C.US,5,20250822,211500,25.02,25.02,25.02,25.02,500,0
IVR_C.US,5,20250822,214000,25.06,25.06,25.0599,25.0599,200,0
IVR_C.US,5,20250822,215000,24.99,24.99,24.99,24.99,100,0
IVR_C.US,5,20250822,215500,24.99,24.99,24.98,24.99,1550,0
IVR_C.US,5,20250825,162000,24.99,24.99,24.99,24.99,100,0
IVR_C.US,5,20250825,165000,25.066,25.066,25.066,25.066,960,0
IVR_C.US,5,20250825,170500,25.01,25.01,25.01,25.01,100,0
IVR_C.US,5,20250825,172000,24.9686,24.9741,24.9213,24.9213,833,0
IVR_C.US,5,20250825,172500,24.9686,24.9686,24.9686,24.9686,300,0
IVR_C.US,5,20250825,173000,24.9578,24.9578,24.9578,24.9578,275,0
IVR_C.US,5,20250825,173500,24.9676,24.9676,24.94,24.94,1197,0
IVR_C.US,5,20250825,174000,24.955,24.99,24.955,24.99,300,0
IVR_C.US,5,20250825,175000,24.782,24.782,24.77,24.77,350,0
IVR_C.US,5,20250825,175500,24.88,24.88,24.8701,24.8701,362,0
IVR_C.US,5,20250825,180000,24.87,25.01,24.87,25.01,823,0
IVR_C.US,5,20250825,180500,24.87,24.87,24.87,24.87,350,0
IVR_C.US,5,20250825,181000,24.87,24.87,24.87,24.87,200,0
IVR_C.US,5,20250825,183000,24.8165,24.8165,24.815,24.815,325,0
IVR_C.US,5,20250825,183500,24.952,24.952,24.952,24.952,1000,0
IVR_C.US,5,20250825,184000,24.795,24.7951,24.795,24.7951,400,0
IVR_C.US,5,20250825,185000,24.6226,24.6226,24.6226,24.6226,350,0
IVR_C.US,5,20250825,190500,24.8,24.82,24.8,24.82,700,0
IVR_C.US,5,20250825,194000,24.88,24.88,24.88,24.88,200,0
IVR_C.US,5,20250825,195500,24.89,24.91,24.89,24.91,300,0
IVR_C.US,5,20250825,200500,24.91,24.9164,24.91,24.9164,375,0
IVR_C.US,5,20250825,201000,24.9114,24.9114,24.9114,24.9114,400,0
IVR_C.US,5,20250825,201500,24.99,24.99,24.97,24.97,700,0
IVR_C.US,5,20250825,204000,24.8316,24.91,24.8316,24.91,350,0
IVR_C.US,5,20250825,210500,24.8301,24.98,24.8301,24.98,800,0
IVR_C.US,5,20250825,211000,24.9332,24.9332,24.93,24.93,975,0
IVR_C.US,5,20250825,211500,24.9131,24.9131,24.91,24.91,1060,0
IVR_C.US,5,20250825,212000,24.92,24.9201,24.92,24.9201,600,0
IVR_C.US,5,20250825,214000,24.8864,24.92,24.8864,24.92,500,0
IVR_C.US,5,20250825,214500,24.8656,24.8674,24.8656,24.8674,750,0
IVR_C.US,5,20250825,215000,24.92,24.92,24.795,24.795,858,0
IVR_C.US,5,20250825,215500,24.6624,24.69,24.6624,24.68,600,0
IVR_C.US,5,20250826,170000,24.82,24.82,24.82,24.82,100,0
IVR_C.US,5,20250826,171000,24.82,24.82,24.8,24.8,816,0
IVR_C.US,5,20250826,174000,24.73,24.73,24.3701,24.38,3160,0
IVR_C.US,5,20250826,174500,24.65,24.65,24.63,24.63,300,0
IVR_C.US,5,20250826,175000,24.5983,24.5983,24.5983,24.5983,150,0
IVR_C.US,5,20250826,175500,24.405,24.405,24.405,24.405,100,0
IVR_C.US,5,20250826,180500,24.45,24.45,24.45,24.45,240,0
IVR_C.US,5,20250826,182500,24.4758,24.4758,24.4758,24.4758,100,0
IVR_C.US,5,20250826,184000,24.37,24.47,24.37,24.47,800,0
IVR_C.US,5,20250826,185000,24.4,24.4,24.4,24.4,100,0
IVR_C.US,5,20250826,190000,24.465,24.465,24.465,24.465,100,0
IVR_C.US,5,20250826,193000,24.41,24.41,24.41,24.41,100,0
IVR_C.US,5,20250826,201500,24.4275,24.4275,24.4275,24.4275,204,0
IVR_C.US,5,20250826,204500,24.441,24.441,24.441,24.441,251,0
IVR_C.US,5,20250826,205500,24.44,24.44,24.44,24.44,100,0
IVR_C.US,5,20250826,213000,24.2975,24.3104,24.2975,24.3104,220,0
IVR_C.US,5,20250826,214000,24.3296,24.3296,24.32,24.32,850,0
IVR_C.US,5,20250827,160500,24.5446,24.5446,24.5446,24.5446,500,0
IVR_C.US,5,20250827,161000,24.515,24.515,24.515,24.515,100,0
IVR_C.US,5,20250827,162500,24.515,24.515,24.515,24.515,100,0
IVR_C.US,5,20250827,164500,24.3574,24.3574,24.3574,24.3574,100,0
IVR_C.US,5,20250827,172000,24.5,24.5,24.5,24.5,100,0
IVR_C.US,5,20250827,172500,24.5,24.5,24.5,24.5,100,0
IVR_C.US,5,20250827,173500,24.415,24.4187,24.415,24.4187,2283,0
IVR_C.US,5,20250827,175500,24.4405,24.4405,24.415,24.415,218,0
IVR_C.US,5,20250827,201000,24.415,24.4151,24.415,24.4151,260,0
IVR_C.US,5,20250827,205000,24.405,24.405,24.405,24.405,850,0
IVR_C.US,5,20250827,215500,24.4,24.4,24.4,24.4,100,0
IVR_C.US,5,20250828,155000,24.42,24.42,24.42,24.42,100,0
IVR_C.US,5,20250828,155500,24.4,24.4,24.4,24.4,527,0
IVR_C.US,5,20250828,173500,24.4062,24.4062,24.4062,24.4062,150,0
IVR_C.US,5,20250828,182500,24.3228,24.3228,24.3228,24.3228,200,0
IVR_C.US,5,20250828,193000,24.41,24.43,24.41,24.43,324,0
IVR_C.US,5,20250828,203500,24.39,24.39,24.39,24.39,100,0
IVR_C.US,5,20250828,212500,24.435,24.5,24.435,24.5,200,0
IVR_C.US,5,20250828,213000,24.69,24.69,24.68,24.68,300,0
IVR_C.US,5,20250828,214000,24.7,24.7,24.61,24.61,2249,0
IVR_C.US,5,20250828,215000,24.45,24.53,24.45,24.53,870,0
IVR_C.US,5,20250828,215500,24.53,24.53,24.53,24.53,534,0
IVR_C.US,5,20250829,154500,24.2364,24.2364,24.2364,24.2364,119,0
IVR_C.US,5,20250829,160500,24.24,24.24,24.23,24.23,200,0
IVR_C.US,5,20250829,162000,24.43,24.43,24.43,24.43,200,0
IVR_C.US,5,20250829,162500,24.46,24.46,24.46,24.46,200,0
IVR_C.US,5,20250829,164000,24.33,24.53,24.2,24.43,698,0
IVR_C.US,5,20250829,171000,24.275,24.275,24.275,24.275,200,0
IVR_C.US,5,20250829,173500,24.2,24.2,24.2,24.2,100,0
IVR_C.US,5,20250829,180500,24,24,24,24,100,0
IVR_C.US,5,20250829,184000,24.08,24.08,24.08,24.08,100,0
IVR_C.US,5,20250829,190500,24.5646,24.5646,24.4,24.4,200,0
IVR_C.US,5,20250829,191500,24.28,24.28,24.28,24.28,100,0
IVR_C.US,5,20250829,192500,24.28,24.28,24.28,24.28,100,0
IVR_C.US,5,20250829,194500,24.29,24.29,24.29,24.29,100,0
IVR_C.US,5,20250829,195000,24.29,24.29,24.29,24.29,100,0
IVR_C.US,5,20250829,200000,24.29,24.29,24.29,24.29,100,0
IVR_C.US,5,20250829,200500,24.3,24.3,24.3,24.3,200,0
IVR_C.US,5,20250829,202000,24.08,24.08,24.08,24.08,300,0
IVR_C.US,5,20250829,204000,24.21,24.21,24.2,24.2,600,0
IVR_C.US,5,20250829,204500,24.12,24.12,24.09,24.09,600,0
IVR_C.US,5,20250829,210500,24.05,24.06,24.05,24.06,200,0
IVR_C.US,5,20250829,211000,24.1082,24.1082,24.1082,24.1082,124,0
IVR_C.US,5,20250829,211500,24.06,24.06,24.06,24.06,100,0
IVR_C.US,5,20250829,212500,24.06,24.06,24.06,24.06,300,0
IVR_C.US,5,20250829,214000,24.05,24.05,24.05,24.05,100,0
IVR_C.US,5,20250829,214500,24.04,24.04,24.04,24.04,367,0
IVR_C.US,5,20250829,215000,24.06,24.06,24.03,24.0589,1200,0
IVR_C.US,5,20250829,215500,24.18,24.2,24.12,24.2,16415,0
IVR_C.US,5,20250902,155500,24.4044,24.4934,24.4044,24.4934,907,0
IVR_C.US,5,20250902,161500,24.4016,24.4016,24.4016,24.4016,750,0
IVR_C.US,5,20250902,162000,24.1101,24.1101,24.1101,24.1101,727,0
IVR_C.US,5,20250902,162500,24.28,24.28,24.28,24.28,800,0
IVR_C.US,5,20250902,165000,24.15,24.26,24.15,24.26,2558,0
IVR_C.US,5,20250902,165500,24.41,24.41,24.41,24.41,500,0
IVR_C.US,5,20250902,170000,24.41,24.41,24.41,24.41,450,0
IVR_C.US,5,20250902,170500,24.41,24.41,24.272,24.2839,2050,0
IVR_C.US,5,20250902,171000,24.1312,24.1312,24.1312,24.1312,1122,0
IVR_C.US,5,20250902,171500,24.2,24.2,24.2,24.2,400,0
IVR_C.US,5,20250902,173500,24.2,24.21,24.2,24.2,400,0
IVR_C.US,5,20250902,174500,24.3125,24.3125,24.3125,24.3125,100,0
IVR_C.US,5,20250902,180500,24.21,24.21,24.21,24.21,100,0
IVR_C.US,5,20250902,184000,24.22,24.22,24.22,24.22,100,0
IVR_C.US,5,20250902,194500,24.26,24.26,24.26,24.26,100,0
IVR_C.US,5,20250902,200500,24.16,24.16,24.16,24.16,100,0
IVR_C.US,5,20250902,205000,24.26,24.26,24.26,24.26,115,0
IVR_C.US,5,20250902,212500,24.26,24.26,24.17,24.17,286,0
IVR_C.US,5,20250902,213000,24.17,24.17,24.17,24.17,100,0
IVR_C.US,5,20250902,214000,24.25,24.25,24.25,24.25,400,0
IVR_C.US,5,20250902,214500,24.34,24.34,24.32,24.34,2812,0
IVR_C.US,5,20250902,215500,24.25,24.26,24.25,24.26,200,0
IVR_C.US,5,20250903,153000,24.37,24.37,24.37,24.37,200,0
IVR_C.US,5,20250903,162000,24.41,24.41,24.41,24.41,100,0
IVR_C.US,5,20250903,163500,24.41,24.41,24.4,24.4,800,0
IVR_C.US,5,20250903,164000,24.5,24.5,24.41,24.41,300,0
IVR_C.US,5,20250903,170500,24.455,24.455,24.455,24.455,100,0
IVR_C.US,5,20250903,171000,24.3101,24.3101,24.3101,24.3101,120,0
IVR_C.US,5,20250903,173000,24.31,24.31,24.31,24.31,200,0
IVR_C.US,5,20250903,181000,24.41,24.41,24.3925,24.3925,700,0
IVR_C.US,5,20250903,181500,24.39,24.39,24.39,24.39,100,0
IVR_C.US,5,20250903,184000,24.41,24.41,24.41,24.41,100,0
IVR_C.US,5,20250903,185500,24.51,24.51,24.48,24.51,1537,0
IVR_C.US,5,20250903,192500,24.51,24.51,24.51,24.51,100,0
IVR_C.US,5,20250903,193500,24.5586,24.5685,24.5586,24.5685,700,0
IVR_C.US,5,20250903,194000,24.6,24.6,24.5671,24.5671,2141,0
IVR_C.US,5,20250903,200000,24.51,24.51,24.51,24.51,100,0
IVR_C.US,5,20250903,201000,24.6,24.6,24.5671,24.5671,1968,0
IVR_C.US,5,20250903,202000,24.52,24.52,24.52,24.52,100,0
IVR_C.US,5,20250903,203000,24.555,24.555,24.555,24.555,500,0
IVR_C.US,5,20250903,205500,24.56,24.62,24.56,24.62,1380,0
IVR_C.US,5,20250903,214500,24.7,24.7,24.7,24.7,259,0
IVR_C.US,5,20250903,215000,24.7,24.7,24.7,24.7,1946,0
IVR_C.US,5,20250903,215500,24.69,24.74,24.69,24.74,795,0
IVR_C.US,5,20250904,153000,24.3975,24.3975,24.3975,24.3975,205,0
IVR_C.US,5,20250904,192000,24.67,24.67,24.67,24.67,100,0
IVR_C.US,5,20250904,193500,24.67,24.67,24.67,24.67,120,0
IVR_C.US,5,20250904,202000,24.7,24.9405,24.697,24.9405,1457,0
IVR_C.US,5,20250904,202500,24.83,24.83,24.67,24.67,500,0
IVR_C.US,5,20250904,204500,24.92,25,24.92,25,7652,0
IVR_C.US,5,20250904,205000,25,25,25,25,221,0
IVR_C.US,5,20250904,205500,25,25,24.8279,24.8279,465,0
IVR_C.US,5,20250904,212500,24.9,24.95,24.9,24.95,1000,0
IVR_C.US,5,20250904,213000,24.86,24.9,24.86,24.89,400,0
IVR_C.US,5,20250904,213500,24.77,24.77,24.65,24.65,400,0
IVR_C.US,5,20250904,214000,24.86,24.86,24.86,24.86,200,0
IVR_C.US,5,20250905,161000,23.6801,23.6801,23.6801,23.6801,467,0
IVR_C.US,5,20250905,164500,24,24,24,24,310,0
IVR_C.US,5,20250905,171500,24.255,24.255,24.255,24.255,500,0
IVR_C.US,5,20250905,172000,24.36,24.39,24.36,24.39,357,0
IVR_C.US,5,20250905,184500,24.45,24.45,24.45,24.45,100,0
IVR_C.US,5,20250905,202500,24.47,24.61,24.47,24.58,700,0
IVR_C.US,5,20250905,211000,24.61,24.61,24.61,24.61,104,0
IVR_C.US,5,20250905,211500,24.59,24.62,24.59,24.61,1387,0
IVR_C.US,5,20250905,212000,24.2374,24.2374,24.2374,24.2374,115,0
IVR_C.US,5,20250905,215500,24.62,24.62,24.62,24.62,100,0
IVR_C.US,5,20250908,161000,24.3162,24.3162,24.2501,24.2501,724,0
IVR_C.US,5,20250908,163000,24.35,24.35,24.35,24.35,500,0
IVR_C.US,5,20250908,185500,24.49,24.4901,24.41,24.41,1890,0
IVR_C.US,5,20250908,192000,24.42,24.42,24.42,24.42,100,0
IVR_C.US,5,20250908,192500,24.42,24.42,24.42,24.42,300,0
IVR_C.US,5,20250908,193000,24.39,24.4,24.39,24.4,200,0
IVR_C.US,5,20250908,193500,24.38,24.42,24.38,24.39,300,0
IVR_C.US,5,20250908,194000,24.38,24.38,24.38,24.38,400,0
IVR_C.US,5,20250908,194500,24.38,24.38,24.37,24.37,300,0
IVR_C.US,5,20250908,195000,24.37,24.43,24.35,24.35,300,0
IVR_C.US,5,20250908,195500,24.35,24.42,24.35,24.42,300,0
IVR_C.US,5,20250908,200000,24.38,24.38,24.38,24.38,200,0
IVR_C.US,5,20250908,200500,24.36,24.38,24.36,24.38,400,0
IVR_C.US,5,20250908,201000,24.36,24.38,24.36,24.38,200,0
IVR_C.US,5,20250908,201500,24.38,24.43,24.36,24.43,300,0
IVR_C.US,5,20250908,202000,24.44,24.44,24.44,24.44,300,0
IVR_C.US,5,20250908,202500,24.44,24.44,24.44,24.44,400,0
IVR_C.US,5,20250908,203000,24.44,24.44,24.43,24.43,200,0
IVR_C.US,5,20250908,203500,24.43,24.43,24.43,24.43,100,0
IVR_C.US,5,20250908,204000,24.43,24.43,24.43,24.43,200,0
IVR_C.US,5,20250908,204500,24.45,24.45,24.435,24.435,600,0
IVR_C.US,5,20250908,205500,24.43,24.43,24.43,24.43,300,0
IVR_C.US,5,20250908,210000,24.35,24.35,23.99,23.99,5835,0
IVR_C.US,5,20250908,210500,24.01,24.06,24.01,24.03,300,0
IVR_C.US,5,20250908,211000,24.05,24.11,24.05,24.11,300,0
IVR_C.US,5,20250908,211500,24.12,24.12,24.12,24.12,200,0
IVR_C.US,5,20250908,212000,24.13,24.14,24.11,24.11,500,0
IVR_C.US,5,20250908,212500,24.12,24.12,24.12,24.12,200,0
IVR_C.US,5,20250908,213000,24.15,24.15,24.15,24.15,200,0
IVR_C.US,5,20250908,213500,24.115,24.13,24.115,24.13,700,0
IVR_C.US,5,20250908,214000,24.115,24.18,24.115,24.18,300,0
IVR_C.US,5,20250908,215000,24.05,24.06,24.05,24.06,300,0
IVR_C.US,5,20250908,215500,24.11,24.11,24.06,24.07,400,0
IVR_C.US,5,20250909,155500,24.2707,24.38,24.2707,24.38,400,0
IVR_C.US,5,20250909,160000,24.37,24.37,24.37,24.37,200,0
IVR_C.US,5,20250909,164000,24.34,24.34,24.34,24.34,100,0
IVR_C.US,5,20250909,165000,24.245,24.245,24.245,24.245,175,0
IVR_C.US,5,20250909,170500,24.245,24.245,24,24,4871,0
IVR_C.US,5,20250909,174500,23.95,23.95,23.95,23.95,200,0
IVR_C.US,5,20250909,183500,23.8518,23.8518,23.8518,23.8518,147,0
IVR_C.US,5,20250909,190500,23.9114,23.9114,23.9114,23.9114,100,0
IVR_C.US,5,20250909,191500,23.96,23.96,23.96,23.96,100,0
IVR_C.US,5,20250909,192500,24.02,24.03,24.02,24.03,400,0
IVR_C.US,5,20250909,193500,23.9962,23.9962,23.9962,23.9962,500,0
IVR_C.US,5,20250909,194000,24,24,24,24,2129,0
IVR_C.US,5,20250909,194500,24.18,24.18,24.18,24.18,100,0
IVR_C.US,5,20250909,195500,24.17,24.17,24.17,24.17,114,0
IVR_C.US,5,20250909,200500,24.35,24.35,24.35,24.35,2000,0
IVR_C.US,5,20250909,201500,24.3401,24.35,24.34,24.34,700,0
IVR_C.US,5,20250909,203000,24.41,24.41,24.37,24.41,2707,0
IVR_C.US,5,20250909,203500,24.39,24.39,24.39,24.39,100,0
IVR_C.US,5,20250909,204000,24.23,24.23,24.2,24.2,900,0
IVR_C.US,5,20250909,211500,24.13,24.15,24.1,24.15,5400,0
IVR_C.US,5,20250909,215000,24.17,24.17,24.17,24.17,200,0
IVR_C.US,5,20250909,215500,24.21,24.21,24.21,24.21,102,0
IVR_C.US,5,20250910,153000,23.7,23.7,23.7,23.7,700,0
IVR_C.US,5,20250910,155500,24.17,24.5675,24.17,24.5675,1300,0
IVR_C.US,5,20250910,161000,24.345,24.345,24.345,24.345,200,0
IVR_C.US,5,20250910,162000,24.35,24.35,24.35,24.35,1000,0
IVR_C.US,5,20250910,164000,24.3,24.3,24.3,24.3,200,0
IVR_C.US,5,20250910,164500,24.29,24.29,24.29,24.29,100,0
IVR_C.US,5,20250910,165500,24.15,24.465,24.1401,24.15,4282,0
IVR_C.US,5,20250910,173000,24.22,24.3141,24.19,24.19,1600,0
IVR_C.US,5,20250910,173500,24.09,24.21,24.08,24.08,990,0
IVR_C.US,5,20250910,181500,24.09,24.09,23.74,23.8601,6763,0
IVR_C.US,5,20250910,185000,23.87,23.87,23.87,23.87,900,0
IVR_C.US,5,20250910,190000,23.84,23.85,23.84,23.85,600,0
IVR_C.US,5,20250910,192000,23.84,23.84,23.84,23.84,200,0
IVR_C.US,5,20250910,192500,23.84,23.9,23.84,23.9,9525,0
IVR_C.US,5,20250910,193000,24.2447,24.2447,24.2447,24.2447,440,0
IVR_C.US,5,20250910,194000,24.14,24.3024,24.13,24.3024,1600,0
IVR_C.US,5,20250910,195000,24.09,24.09,24.03,24.04,700,0
IVR_C.US,5,20250910,201500,24.3014,24.3014,24.08,24.08,2300,0
IVR_C.US,5,20250910,204000,24.05,24.05,24.03,24.03,400,0
IVR_C.US,5,20250910,205500,24.15,24.18,24.15,24.18,400,0
IVR_C.US,5,20250910,210000,24.04,24.04,24.04,24.04,200,0
IVR_C.US,5,20250910,214000,23.99,23.99,23.99,23.99,100,0
IVR_C.US,5,20250910,215500,24.12,24.12,24.12,24.12,123,0
IVR_C.US,5,20250911,153500,24.24,24.24,24.24,24.24,100,0
IVR_C.US,5,20250911,155500,24.22,24.22,24.22,24.22,100,0
IVR_C.US,5,20250911,161500,24.22,24.23,24.21,24.22,700,0
IVR_C.US,5,20250911,163000,24.22,24.22,24.13,24.13,410,0
IVR_C.US,5,20250911,181000,24.17,24.195,24.17,24.18,800,0
IVR_C.US,5,20250911,182500,24.18,24.18,23.9155,23.9155,7587,0
IVR_C.US,5,20250911,183000,24.12,24.12,24.1,24.1,200,0
IVR_C.US,5,20250911,190000,24.1,24.13,24.09,24.13,1402,0
IVR_C.US,5,20250911,191000,24.14,24.14,24.14,24.14,200,0
IVR_C.US,5,20250911,194500,24.123,24.123,24.123,24.123,163,0
IVR_C.US,5,20250911,202500,24.12,24.12,24.1,24.1,1125,0
IVR_C.US,5,20250911,203000,24.19,24.19,24.19,24.19,100,0
IVR_C.US,5,20250911,213500,24.2937,24.2937,24.15,24.15,211,0
IVR_C.US,5,20250911,214000,24.4194,24.4194,24.4194,24.4194,131,0
IVR_C.US,5,20250912,160000,24.05,24.0505,24.05,24.0505,422,0
IVR_C.US,5,20250912,181500,24.2532,24.2532,24.2532,24.2532,291,0
IVR_C.US,5,20250912,200500,24.2,24.2,24.2,24.2,100,0
IVR_C.US,5,20250912,202500,24.25,24.25,24.25,24.25,291,0
IVR_C.US,5,20250912,205500,24.3,24.3,24.2401,24.2401,966,0
IVR_C.US,5,20250912,213000,24.22,24.22,24.22,24.22,100,0
IVR_C.US,5,20250912,213500,24.23,24.23,24.23,24.23,206,0
IVR_C.US,5,20250915,155500,24,24.125,24,24.125,895,0
IVR_C.US,5,20250915,160000,24.0925,24.125,24.0925,24.1093,313,0
IVR_C.US,5,20250915,162500,23.965,23.965,23.965,23.965,135,0
IVR_C.US,5,20250915,170000,23.95,23.95,23.95,23.95,100,0
IVR_C.US,5,20250915,182500,24.04,24.04,24.04,24.04,100,0
IVR_C.US,5,20250915,184000,24.01,24.0551,24.01,24.0101,900,0
IVR_C.US,5,20250915,185000,24.01,24.01,24.01,24.01,100,0
IVR_C.US,5,20250915,205500,24.01,24.01,24.01,24.01,300,0
IVR_C.US,5,20250915,213000,24.01,24.01,24.01,24.01,313,0
IVR_C.US,5,20250916,154500,23.81,23.8101,23.8,23.8001,980,0
IVR_C.US,5,20250916,155000,23.88,23.8801,23.87,23.8801,600,0
IVR_C.US,5,20250916,162500,23.96,23.96,23.96,23.96,200,0
IVR_C.US,5,20250916,163500,24,24,24,24,100,0
IVR_C.US,5,20250916,165500,23.9972,24,23.9901,23.9901,2276,0
IVR_C.US,5,20250916,173000,23.93,23.93,23.93,23.93,100,0
IVR_C.US,5,20250916,173500,23.93,23.93,23.93,23.93,100,0
IVR_C.US,5,20250916,174000,23.95,23.95,23.95,23.95,100,0
IVR_C.US,5,20250916,174500,23.95,24.0314,23.95,24.0314,415,0
IVR_C.US,5,20250916,175000,24.025,24.025,24.025,24.025,200,0
IVR_C.US,5,20250916,175500,24.025,24.025,23.9301,23.96,2648,0
IVR_C.US,5,20250916,180000,23.96,23.96,23.96,23.96,100,0
IVR_C.US,5,20250916,180500,23.96,23.96,23.96,23.96,100,0
IVR_C.US,5,20250916,181000,23.95,23.95,23.95,23.95,100,0
IVR_C.US,5,20250916,182000,23.91,23.91,23.91,23.91,100,0
IVR_C.US,5,20250916,182500,23.9,23.95,23.9,23.95,300,0
IVR_C.US,5,20250916,183500,23.9,23.9,23.9,23.9,100,0
IVR_C.US,5,20250916,184000,23.95,23.95,23.95,23.95,257,0
IVR_C.US,5,20250916,185000,23.9,23.9,23.9,23.9,100,0
IVR_C.US,5,20250916,185500,23.9002,23.9002,23.9002,23.9002,100,0
IVR_C.US,5,20250916,190000,23.9,23.9,23.9,23.9,461,0
IVR_C.US,5,20250916,190500,23.9,23.9,23.9,23.9,100,0
IVR_C.US,5,20250916,191000,23.9,23.9,23.9,23.9,200,0
IVR_C.US,5,20250916,191500,23.9,23.9,23.9,23.9,100,0
IVR_C.US,5,20250916,192000,23.9,23.9,23.9,23.9,200,0
IVR_C.US,5,20250916,192500,23.9,23.9,23.9,23.9,100,0
IVR_C.US,5,20250916,193000,23.9,23.9,23.9,23.9,100,0
IVR_C.US,5,20250916,193500,23.9,23.9,23.9,23.9,100,0
IVR_C.US,5,20250916,194000,23.9,23.9,23.9,23.9,100,0
IVR_C.US,5,20250916,194500,23.9,23.9,23.9,23.9,100,0
IVR_C.US,5,20250916,195000,23.9,23.9,23.9,23.9,593,0
IVR_C.US,5,20250916,195500,23.86,23.86,23.86,23.86,100,0
IVR_C.US,5,20250916,200000,23.86,23.86,23.86,23.86,200,0
IVR_C.US,5,20250916,200500,23.89,24,23.89,23.915,2145,0
IVR_C.US,5,20250916,202500,23.915,23.915,23.915,23.915,100,0
IVR_C.US,5,20250916,203000,23.83,23.83,23.83,23.83,100,0
IVR_C.US,5,20250916,203500,23.83,23.83,23.83,23.83,100,0
IVR_C.US,5,20250916,204000,23.83,23.83,23.83,23.83,100,0
IVR_C.US,5,20250916,204500,23.83,23.84,23.83,23.84,200,0
IVR_C.US,5,20250916,205000,23.83,23.83,23.83,23.83,100,0
IVR_C.US,5,20250916,205500,23.83,23.915,23.83,23.915,519,0
IVR_C.US,5,20250916,210000,23.9269,23.9269,23.9269,23.9269,100,0
IVR_C.US,5,20250916,210500,23.915,23.915,23.915,23.915,100,0
IVR_C.US,5,20250916,211000,23.84,23.84,23.84,23.84,200,0
IVR_C.US,5,20250916,211500,23.84,23.84,23.84,23.84,100,0
IVR_C.US,5,20250916,212000,23.84,23.84,23.84,23.84,100,0
IVR_C.US,5,20250916,212500,23.85,23.85,23.82,23.82,500,0
IVR_C.US,5,20250916,213000,23.9811,23.9811,23.9811,23.9811,1049,0
IVR_C.US,5,20250916,213500,23.82,23.8757,23.82,23.8757,1265,0
IVR_C.US,5,20250916,214000,23.82,23.82,23.82,23.82,100,0
IVR_C.US,5,20250916,214500,23.82,23.9,23.82,23.856,1200,0
IVR_C.US,5,20250916,215000,23.9,23.9,23.8199,23.8199,220,0
IVR_C.US,5,20250916,215500,23.82,23.82,23.82,23.82,100,0
IVR_C.US,5,20250917,154000,23.85,23.86,23.85,23.86,300,0
IVR_C.US,5,20250917,160000,23.8,23.8,23.8,23.8,125,0
IVR_C.US,5,20250917,160500,23.9647,23.9647,23.9647,23.9647,158,0
IVR_C.US,5,20250917,161000,23.9,23.9,23.9,23.9,1871,0
IVR_C.US,5,20250917,164500,23.998,23.998,23.998,23.998,400,0
IVR_C.US,5,20250917,165000,23.9,23.9,23.9,23.9,110,0
IVR_C.US,5,20250917,165500,23.9,23.9,23.9,23.9,100,0
IVR_C.US,5,20250917,180000,23.88,23.88,23.88,23.88,267,0
IVR_C.US,5,20250917,180500,23.9999,23.9999,23.9999,23.9999,450,0
IVR_C.US,5,20250917,181500,23.94,23.94,23.94,23.94,1000,0
IVR_C.US,5,20250917,200000,23.98,24,23.98,24,5165,0
IVR_C.US,5,20250917,215500,24.02,24.02,24.02,24.02,105,0
IVR_C.US,5,20250918,154000,23.91,23.91,23.83,23.83,200,0
IVR_C.US,5,20250918,165000,23.9,23.9,23.9,23.9,200,0
IVR_C.US,5,20250918,182000,24.01,24.01,24.01,24.01,500,0
IVR_C.US,5,20250918,184500,24.01,24.01,24,24,1700,0
IVR_C.US,5,20250918,185000,24,24.01,24,24.01,355,0
IVR_C.US,5,20250918,185500,24,24,24,24,125,0
IVR_C.US,5,20250918,190000,24.07,24.09,24.035,24.035,800,0
IVR_C.US,5,20250918,194500,24,24,24,24,131,0
IVR_C.US,5,20250918,195000,24.02,24.0399,24.02,24.0399,200,0
IVR_C.US,5,20250918,195500,24.04,24.04,24.04,24.04,300,0
IVR_C.US,5,20250918,205000,24.0464,24.0464,24.0464,24.0464,200,0
IVR_C.US,5,20250918,212000,24.09,24.09,24.067,24.07,1000,0
IVR_C.US,5,20250919,154000,24.1,24.1,24.1,24.1,100,0
IVR_C.US,5,20250919,155000,24.09,24.09,24.0701,24.08,1238,0
IVR_C.US,5,20250919,163500,24.085,24.085,24.085,24.085,227,0
IVR_C.US,5,20250919,165000,24.07,24.08,24.07,24.07,544,0
IVR_C.US,5,20250919,170500,24.0102,24.0102,24.0102,24.0102,126,0
IVR_C.US,5,20250919,182500,24.07,24.07,24.07,24.07,100,0
IVR_C.US,5,20250919,183500,24.07,24.07,24.07,24.07,100,0
IVR_C.US,5,20250919,184500,24.0999,24.0999,24.07,24.07,500,0
IVR_C.US,5,20250919,195500,24.0733,24.0733,24.0733,24.0733,179,0
IVR_C.US,5,20250919,200500,24.05,24.054,24.05,24.054,506,0
IVR_C.US,5,20250919,201500,24.062,24.062,24.062,24.062,500,0
IVR_C.US,5,20250919,210000,24.1,24.28,24.1,24.19,1731,0
IVR_C.US,5,20250919,212000,24.23,24.25,24.22,24.22,700,0
IVR_C.US,5,20250919,215500,24.16,24.16,24.15,24.15,572,0
IVR_C.US,5,20250922,160000,24.09,24.09,24.08,24.09,300,0
IVR_C.US,5,20250922,172000,24.252,24.252,24.21,24.21,905,0
IVR_C.US,5,20250922,174000,24.2,24.2,24.1,24.1,700,0
IVR_C.US,5,20250922,175000,24.15,24.1667,24.15,24.1667,827,0
IVR_C.US,5,20250922,180000,24.1282,24.1282,24.1282,24.1282,411,0
IVR_C.US,5,20250922,180500,24.071,24.071,24.071,24.071,493,0
IVR_C.US,5,20250922,190000,24.1,24.1,24.1,24.1,300,0
IVR_C.US,5,20250922,190500,24.1105,24.1105,24.1105,24.1105,360,0
IVR_C.US,5,20250922,191000,24.085,24.085,24.0001,24.0201,1100,0
IVR_C.US,5,20250922,192500,24.08,24.08,24.08,24.08,100,0
IVR_C.US,5,20250922,214000,24.1105,24.1105,24.085,24.085,520,0
IVR_C.US,5,20250923,170000,24.15,24.15,24.15,24.15,683,0
IVR_C.US,5,20250923,170500,24.14,24.14,24.14,24.14,200,0
IVR_C.US,5,20250923,173500,24.13,24.13,24.13,24.13,400,0
IVR_C.US,5,20250923,175500,24.1028,24.1028,24.1028,24.1028,275,0
IVR_C.US,5,20250923,183000,24.07,24.07,24.07,24.07,100,0
IVR_C.US,5,20250923,185500,23.96,23.96,23.96,23.96,100,0
IVR_C.US,5,20250923,191000,24.075,24.075,24.075,24.075,200,0
IVR_C.US,5,20250923,194500,23.96,23.96,23.96,23.96,100,0
IVR_C.US,5,20250923,201000,24.1551,24.1551,24.1551,24.1551,126,0
IVR_C.US,5,20250923,202500,24.165,24.165,24.165,24.165,250,0
IVR_C.US,5,20250923,204500,24.12,24.12,24.12,24.12,200,0
IVR_C.US,5,20250923,210500,24.11,24.1776,23.92,24.07,1400,0
IVR_C.US,5,20250923,213500,24.051,24.051,24.02,24.02,786,0
IVR_C.US,5,20250924,154000,24.02,24.02,24.02,24.02,200,0
IVR_C.US,5,20250924,161000,24,24,24,24,100,0
IVR_C.US,5,20250924,162000,24,24,24,24,100,0
IVR_C.US,5,20250924,163500,24,24,24,24,100,0
IVR_C.US,5,20250924,165000,24,24,24,24,100,0
IVR_C.US,5,20250924,170000,23.99,23.99,23.99,23.99,100,0
IVR_C.US,5,20250924,174000,23.93,23.95,23.93,23.95,300,0
IVR_C.US,5,20250924,192500,23.96,23.96,23.95,23.955,965,0
IVR_C.US,5,20250924,200000,23.901,23.901,23.901,23.901,200,0
IVR_C.US,5,20250924,200500,23.91,23.91,23.91,23.91,100,0
IVR_C.US,5,20250924,202500,23.92,23.92,23.92,23.92,100,0
IVR_C.US,5,20250924,203500,23.93,23.93,23.93,23.93,100,0
IVR_C.US,5,20250924,204000,23.93,23.95,23.93,23.95,817,0
IVR_C.US,5,20250924,204500,23.91,23.91,23.91,23.91,100,0
IVR_C.US,5,20250924,205000,23.91,23.91,23.91,23.91,100,0
IVR_C.US,5,20250924,205500,23.91,23.91,23.91,23.91,100,0
IVR_C.US,5,20250924,210000,23.91,23.91,23.91,23.91,333,0
IVR_C.US,5,20250924,210500,23.91,23.91,23.91,23.91,200,0
IVR_C.US,5,20250924,211000,23.91,23.91,23.91,23.91,100,0
IVR_C.US,5,20250924,211500,23.99,24,23.91,23.91,600,0
IVR_C.US,5,20250924,212000,23.98,23.98,23.98,23.98,100,0
IVR_C.US,5,20250924,212500,23.94,23.94,23.94,23.94,100,0
IVR_C.US,5,20250924,213000,23.94,23.94,23.91,23.91,200,0
IVR_C.US,5,20250924,213500,23.91,23.91,23.91,23.91,200,0
IVR_C.US,5,20250924,214000,23.91,23.91,23.91,23.91,100,0
IVR_C.US,5,20250924,214500,23.91,24,23.91,24,200,0
IVR_C.US,5,20250924,215000,23.96,23.96,23.88,23.88,200,0
IVR_C.US,5,20250925,185000,24.06,24.06,24.06,24.06,200,0
IVR_C.US,5,20250925,192000,24.03,24.03,23.99,23.99,200,0
IVR_C.US,5,20250925,201500,23.99,23.99,23.99,23.99,200,0
IVR_C.US,5,20250925,204000,24.04,24.04,24.04,24.04,800,0
IVR_C.US,5,20250925,212500,23.99,23.9901,23.91,23.91,746,0
IVR_C.US,5,20250925,215500,23.91,23.91,23.91,23.91,100,0
IVR_C.US,5,20250926,163500,24.03,24.03,24.03,24.03,100,0
IVR_C.US,5,20250926,172000,24.17,24.17,24.04,24.04,200,0
IVR_C.US,5,20250926,172500,24.04,24.04,24.04,24.04,100,0
IVR_C.US,5,20250926,173000,23.95,23.95,23.95,23.95,1664,0
IVR_C.US,5,20250926,175500,24.14,24.14,24.14,24.14,100,0
IVR_C.US,5,20250926,180500,24.1166,24.1166,24.1166,24.1166,500,0
IVR_C.US,5,20250926,182000,24.11,24.11,24.04,24.04,800,0
IVR_C.US,5,20250926,182500,24.04,24.04,23.9939,23.9939,306,0
IVR_C.US,5,20250926,184500,24.2,24.2,24.2,24.2,100,0
IVR_C.US,5,20250926,194500,24.1193,24.125,24.1001,24.1001,1200,0
IVR_C.US,5,20250926,203500,24.1,24.1,24.1,24.1,154,0
IVR_C.US,5,20250926,205000,24.16,24.22,24.11,24.22,1030,0
IVR_C.US,5,20250926,210000,24.19,24.19,24.19,24.19,100,0
IVR_C.US,5,20250926,210500,24.1803,24.1803,24.1803,24.1803,100,0
IVR_C.US,5,20250926,212500,24.21,24.21,24.21,24.21,100,0
IVR_C.US,5,20250926,215000,24.01,24.01,24.01,24.01,100,0
IVR_C.US,5,20250926,215500,24.21,24.21,24.21,24.21,100,0
IVR_C.US,5,20250929,153000,24.035,24.035,24.035,24.035,153,0
IVR_C.US,5,20250929,160000,24.22,24.3499,24.1,24.1994,2451,0
IVR_C.US,5,20250929,160500,24.0357,24.0357,24.0357,24.0357,125,0
IVR_C.US,5,20250929,165000,24.1,24.1,24.1,24.1,167,0
IVR_C.US,5,20250929,173500,23.8501,23.8501,23.8501,23.8501,200,0
IVR_C.US,5,20250929,201500,24.0968,24.0968,24.0204,24.0204,1191,0
IVR_C.US,5,20250929,211000,24.0204,24.0204,24.0204,24.0204,500,0
IVR_C.US,5,20250929,215000,23.95,24.067,23.95,24.04,500,0
IVR_C.US,5,20250929,215500,24.1138,24.1138,24.1138,24.1138,200,0
IVR_C.US,5,20250930,165000,24.11,24.11,24.11,24.11,100,0
IVR_C.US,5,20250930,165500,24.11,24.11,24.11,24.11,100,0
IVR_C.US,5,20250930,171500,24.2086,24.2086,24.2086,24.2086,600,0
IVR_C.US,5,20250930,173000,24.16,24.16,24.16,24.16,100,0
IVR_C.US,5,20250930,183500,24.21,24.21,24.21,24.21,100,0
IVR_C.US,5,20250930,184000,24.21,24.21,24.21,24.21,200,0
IVR_C.US,5,20250930,190500,24.2718,24.2718,24.2718,24.2718,500,0
IVR_C.US,5,20250930,191500,24.2463,24.2463,24.2463,24.2463,300,0
IVR_C.US,5,20250930,192500,24.24,24.3,24.24,24.3,400,0
IVR_C.US,5,20250930,195000,24.27,24.35,24.27,24.35,3973,0
IVR_C.US,5,20250930,200500,24.35,24.35,24.35,24.35,200,0
IVR_C.US,5,20250930,202000,24.32,24.32,24.32,24.32,100,0
IVR_C.US,5,20250930,205500,24.36,24.36,24.36,24.36,500,0
IVR_C.US,5,20250930,211500,24.36,24.36,24.36,24.36,100,0
IVR_C.US,5,20250930,215000,24.32,24.32,24.3139,24.3139,968,0
IVR_C.US,5,20251001,155500,24.29,24.29,24.29,24.29,100,0
IVR_C.US,5,20251001,161000,24.29,24.29,24.29,24.29,100,0
IVR_C.US,5,20251001,161500,24.27,24.27,24.27,24.27,300,0
IVR_C.US,5,20251001,164000,24.2425,24.2425,24.2425,24.2425,2050,0
IVR_C.US,5,20251001,165000,24.3,24.3,24.3,24.3,200,0
IVR_C.US,5,20251001,165500,24.33,24.33,24.33,24.33,100,0
IVR_C.US,5,20251001,171500,24.4,24.4,24.36,24.36,815,0
IVR_C.US,5,20251001,172000,24.3893,24.3893,24.3893,24.3893,100,0
IVR_C.US,5,20251001,173000,24.33,24.33,24.32,24.32,200,0
IVR_C.US,5,20251001,185000,24.35,24.3561,24.35,24.3561,303,0
IVR_C.US,5,20251001,200000,24.3825,24.3825,24.3825,24.3825,100,0
IVR_C.US,5,20251001,201500,24.3592,24.3592,24.3592,24.3592,272,0
IVR_C.US,5,20251001,204000,24.36,24.36,24.36,24.36,100,0
IVR_C.US,5,20251001,204500,24.4,24.4,24.4,24.4,2291,0
IVR_C.US,5,20251001,205000,24.448,24.49,24.448,24.49,505,0
IVR_C.US,5,20251001,213500,24.66,24.66,24.66,24.66,100,0
IVR_C.US,5,20251002,172000,24.4426,24.4426,24.4426,24.4426,250,0
IVR_C.US,5,20251002,180500,24.4505,24.4505,24.4505,24.4505,200,0
IVR_C.US,5,20251002,181000,24.4995,24.4995,24.4995,24.4995,400,0
IVR_C.US,5,20251002,182500,24.5,24.5,24.5,24.5,904,0
IVR_C.US,5,20251002,184000,24.5,24.5,24.47,24.4702,1453,0
IVR_C.US,5,20251002,185000,24.58,24.58,24.58,24.58,100,0
IVR_C.US,5,20251002,192000,24.59,24.59,24.59,24.59,100,0
IVR_C.US,5,20251002,192500,24.59,24.59,24.59,24.59,100,0
IVR_C.US,5,20251002,195000,24.59,24.59,24.59,24.59,200,0
IVR_C.US,5,20251002,204000,24.59,24.59,24.59,24.59,2000,0
IVR_C.US,5,20251002,204500,24.64,24.64,24.64,24.64,102,0
IVR_C.US,5,20251002,205000,24.64,24.64,24.64,24.64,204,0
IVR_C.US,5,20251002,211500,24.59,24.59,24.59,24.59,100,0
IVR_C.US,5,20251002,212000,24.59,24.59,24.59,24.59,100,0
IVR_C.US,5,20251002,214000,24.59,24.59,24.59,24.59,304,0
IVR_C.US,5,20251002,214500,24.55,24.55,24.55,24.55,425,0
IVR_C.US,5,20251002,215500,24.5,24.5,24.5,24.5,100,0
IVR_C.US,5,20251003,160000,24.69,24.69,24.3,24.3,450,0
IVR_C.US,5,20251003,170000,24.35,24.35,24.35,24.35,215,0
IVR_C.US,5,20251003,172000,24.46,24.46,24.42,24.42,1100,0
IVR_C.US,5,20251003,185000,24.55,24.55,24.55,24.55,1540,0
IVR_C.US,5,20251003,185500,24.53,24.57,24.52,24.57,1958,0
IVR_C.US,5,20251003,190500,24.5,24.5,24.5,24.5,515,0
IVR_C.US,5,20251003,191500,24.52,24.54,24.52,24.5277,2200,0
IVR_C.US,5,20251003,192000,24.52,24.52,24.52,24.52,400,0
IVR_C.US,5,20251003,193500,24.52,24.52,24.52,24.52,295,0
IVR_C.US,5,20251003,203000,24.43,24.43,24.43,24.43,1000,0
IVR_C.US,5,20251003,210500,24.415,24.415,24.415,24.415,100,0
IVR_C.US,5,20251003,211500,24.415,24.415,24.415,24.415,100,0
IVR_C.US,5,20251003,212000,24.35,24.35,24.31,24.31,615,0
IVR_C.US,5,20251006,160500,24.77,24.77,24.515,24.515,400,0
IVR_C.US,5,20251006,165000,24.3,24.3,24.3,24.3,163,0
IVR_C.US,5,20251006,165500,24.515,24.515,24.515,24.515,100,0
IVR_C.US,5,20251006,171500,24.49,24.49,24.48,24.48,800,0
IVR_C.US,5,20251006,174000,24.6248,24.6248,24.54,24.54,500,0
IVR_C.US,5,20251006,183500,24.54,24.54,24.54,24.54,263,0
IVR_C.US,5,20251006,185000,24.6004,24.6004,24.6004,24.6004,220,0
IVR_C.US,5,20251006,185500,24.59,24.59,24.59,24.59,1100,0
IVR_C.US,5,20251006,190000,24.53,24.53,24.53,24.53,300,0
IVR_C.US,5,20251006,202500,24.56,24.5699,24.55,24.5699,1516,0
IVR_C.US,5,20251006,210000,24.56,24.59,24.555,24.59,2298,0
IVR_C.US,5,20251006,214500,24.62,24.77,24.62,24.77,2265,0
IVR_C.US,5,20251006,215500,24.59,24.6,24.5501,24.5501,918,0
IVR_C.US,5,20251007,161500,24.5,24.5,24.5,24.5,159,0
IVR_C.US,5,20251007,164000,24.5,24.5,24.5,24.5,409,0
IVR_C.US,5,20251007,172500,24.2,24.2,24.2,24.2,1500,0
IVR_C.US,5,20251007,181500,24.26,24.42,24.26,24.42,823,0
IVR_C.US,5,20251007,193500,24.55,24.55,24.55,24.55,950,0
IVR_C.US,5,20251007,211000,24.55,24.55,24.55,24.55,1050,0
IVR_C.US,5,20251008,153500,24.2385,24.2385,24.2385,24.2385,245,0
IVR_C.US,5,20251008,170500,24.36,24.37,24.34,24.34,400,0
IVR_C.US,5,20251008,172500,24.39,24.39,24.39,24.39,200,0
IVR_C.US,5,20251008,173500,24.4806,24.4806,24.4806,24.4806,145,0
IVR_C.US,5,20251008,185000,24.63,24.63,24.6,24.6,300,0
IVR_C.US,5,20251008,195500,24.59,24.59,24.59,24.59,200,0
IVR_C.US,5,20251008,202500,24.57,24.57,24.57,24.57,1054,0
IVR_C.US,5,20251008,211500,24.555,24.555,24.52,24.5505,650,0
IVR_C.US,5,20251009,160500,24.45,24.45,24.45,24.45,150,0
IVR_C.US,5,20251009,162500,24.0544,24.0544,24.0544,24.0544,125,0
IVR_C.US,5,20251009,185500,24.358,24.358,24.358,24.358,145,0
IVR_C.US,5,20251009,205000,24.375,24.375,24.375,24.375,250,0
IVR_C.US,5,20251009,212500,24.46,24.46,24.45,24.45,600,0
IVR_C.US,5,20251010,172000,24.34,24.4,24.33,24.4,2230,0
IVR_C.US,5,20251010,172500,24.34,24.445,24.3386,24.445,1848,0
IVR_C.US,5,20251010,175500,24.34,24.34,24.34,24.34,100,0
IVR_C.US,5,20251010,181000,24.4,24.4,24.39,24.4,600,0
IVR_C.US,5,20251010,182500,24.34,24.34,24.34,24.34,332,0
IVR_C.US,5,20251010,193000,24.4,24.5,24.4,24.47,1704,0
IVR_C.US,5,20251010,201500,24.55,24.55,24.55,24.55,100,0
IVR_C.US,5,20251010,205000,24.5,24.5,24.5,24.5,100,0
IVR_C.US,5,20251010,205500,24.5,24.52,24.5,24.52,400,0
IVR_C.US,5,20251010,211500,24.5,24.5,24.49,24.5,500,0
IVR_C.US,5,20251010,212500,24.49,24.5,24.49,24.5,200,0
IVR_C.US,5,20251010,213500,24.47,24.47,24.39,24.39,487,0
IVR_C.US,5,20251013,161500,24.5656,24.5656,24.5656,24.5656,300,0
IVR_C.US,5,20251013,162500,24.4,24.4,24.4,24.4,300,0
IVR_C.US,5,20251013,165000,24.5984,24.6,24.5984,24.6,633,0
IVR_C.US,5,20251013,170000,24.77,24.77,24.58,24.58,675,0
IVR_C.US,5,20251013,172000,24.58,24.58,24.58,24.58,200,0
IVR_C.US,5,20251013,172500,24.57,24.57,24.57,24.57,100,0
IVR_C.US,5,20251013,173500,24.58,24.63,24.57,24.57,628,0
IVR_C.US,5,20251013,174500,24.56,24.56,24.56,24.56,600,0
IVR_C.US,5,20251013,181500,24.52,24.52,24.52,24.52,100,0
IVR_C.US,5,20251013,182000,24.4628,24.4628,24.4628,24.4628,400,0
IVR_C.US,5,20251013,183500,24.42,24.52,24.41,24.52,1300,0
IVR_C.US,5,20251013,204500,24.5,24.5,24.5,24.5,100,0
IVR_C.US,5,20251013,212000,24.49,24.49,24.44,24.44,375,0
IVR_C.US,5,20251013,212500,24.46,24.46,24.46,24.46,176,0
IVR_C.US,5,20251013,214000,24.485,24.485,24.485,24.485,342,0
IVR_C.US,5,20251013,215500,24.42,24.58,24.42,24.58,600,0
IVR_C.US,5,20251014,153000,24.21,24.48,24.21,24.48,840,0
IVR_C.US,5,20251014,183000,24.47,24.49,24.47,24.49,1498,0
IVR_C.US,5,20251014,202000,24.517,24.517,24.517,24.517,350,0
IVR_C.US,5,20251014,202500,24.52,24.52,24.46,24.46,450,0
IVR_C.US,5,20251014,204500,24.6,24.6,24.6,24.6,779,0
IVR_C.US,5,20251014,205000,24.645,24.645,24.645,24.645,400,0
IVR_C.US,5,20251014,205500,24.6311,24.6311,24.6311,24.6311,350,0
IVR_C.US,5,20251014,210500,24.6674,24.6674,24.6674,24.6674,248,0
IVR_C.US,5,20251014,213000,24.54,24.5401,24.5,24.505,1400,0
IVR_C.US,5,20251014,213500,24.44,24.501,24.44,24.501,825,0
IVR_C.US,5,20251015,170500,24.5,24.5,24.5,24.5,600,0
IVR_C.US,5,20251015,173000,24.2901,24.2901,24.2901,24.2901,349,0
IVR_C.US,5,20251015,185000,24.405,24.405,24.405,24.405,112,0
IVR_C.US,5,20251016,160500,24.432,24.432,24.432,24.432,100,0
IVR_C.US,5,20251016,174500,24.5688,24.5688,24.5688,24.5688,1060,0
IVR_C.US,5,20251016,175000,24.55,24.55,24.54,24.54,400,0
IVR_C.US,5,20251016,180000,24.41,24.41,24.41,24.41,216,0
IVR_C.US,5,20251016,191500,24.5,24.5,24.48,24.48,203,0
IVR_C.US,5,20251016,195500,24.425,24.425,24.425,24.425,500,0
IVR_C.US,5,20251016,205000,24.42,24.42,24.42,24.42,900,0
IVR_C.US,5,20251016,211000,24.4294,24.4294,24.4294,24.4294,150,0
IVR_C.US,5,20251016,214000,24.3918,24.3918,24.3918,24.3918,1250,0
IVR_C.US,5,20251017,153000,24.77,24.77,24.76,24.77,477,0
IVR_C.US,5,20251017,160000,24.73,24.8,24.71,24.71,1230,0
IVR_C.US,5,20251017,162000,24.525,24.525,24.525,24.525,1000,0
IVR_C.US,5,20251017,162500,24.69,24.74,24.69,24.74,200,0
IVR_C.US,5,20251017,165500,24.68,24.68,24.68,24.68,200,0
IVR_C.US,5,20251017,182500,24.475,24.475,24.4,24.475,2100,0
IVR_C.US,5,20251017,213000,24.5315,24.5315,24.5315,24.5315,200,0
IVR_C.US,5,20251020,155500,24.67,24.67,24.67,24.67,300,0
IVR_C.US,5,20251020,160000,24.66,24.66,24.66,24.66,100,0
IVR_C.US,5,20251020,160500,24.59,24.59,24.59,24.59,400,0
IVR_C.US,5,20251020,161000,24.65,24.65,24.65,24.65,100,0
IVR_C.US,5,20251020,162000,24.64,24.65,24.56,24.59,1369,0
IVR_C.US,5,20251020,163500,24.6499,24.6499,24.6499,24.6499,144,0
IVR_C.US,5,20251020,165000,24.4238,24.4238,24.4238,24.4238,150,0
IVR_C.US,5,20251020,165500,24.59,24.59,24.59,24.59,100,0
IVR_C.US,5,20251020,170000,24.58,24.58,24.57,24.58,410,0
IVR_C.US,5,20251020,180500,24.48,24.48,24.48,24.48,100,0
IVR_C.US,5,20251020,184000,24.53,24.53,24.53,24.53,162,0
IVR_C.US,5,20251020,195500,24.6,24.6,24.6,24.6,849,0
IVR_C.US,5,20251020,205500,24.6,24.6,24.6,24.6,300,0
IVR_C.US,5,20251020,213000,24.49,24.49,24.49,24.49,100,0
IVR_C.US,5,20251021,160500,24.79,24.79,24.7,24.79,900,0
IVR_C.US,5,20251021,162500,24.69,24.69,24.69,24.69,100,0
IVR_C.US,5,20251021,165500,24.66,24.7,24.66,24.7,200,0
IVR_C.US,5,20251021,170000,24.7,24.7,24.7,24.7,1100,0
IVR_C.US,5,20251021,171500,24.6686,24.7,24.6686,24.7,1599,0
IVR_C.US,5,20251021,182000,24.62,24.6319,24.61,24.6319,1322,0
IVR_C.US,5,20251021,200500,24.65,24.65,24.64,24.64,300,0
IVR_C.US,5,20251021,201000,24.65,24.65,24.65,24.65,100,0
IVR_C.US,5,20251021,205500,24.6796,24.6796,24.6796,24.6796,100,0
IVR_C.US,5,20251021,215500,24.61,24.61,24.61,24.61,200,0
IVR_C.US,5,20251022,164000,24.47,24.47,24.43,24.43,300,0
IVR_C.US,5,20251022,172500,24.43,24.43,24.43,24.43,100,0
IVR_C.US,5,20251022,180500,24.5,24.5,24.5,24.5,100,0
IVR_C.US,5,20251022,184500,24.47,24.47,24.47,24.47,100,0
IVR_C.US,5,20251022,202000,24.4835,24.4835,24.4835,24.4835,280,0
IVR_C.US,5,20251022,211000,24.435,24.45,24.435,24.435,1000,0
IVR_C.US,5,20251023,153000,24.49,24.49,24.49,24.49,100,0
IVR_C.US,5,20251023,172000,24.6,24.61,24.6,24.61,2126,0
IVR_C.US,5,20251023,173000,24.61,24.61,24.61,24.61,100,0
IVR_C.US,5,20251023,180500,24.625,24.625,24.625,24.625,262,0
IVR_C.US,5,20251023,181500,24.65,24.65,24.64,24.64,200,0
IVR_C.US,5,20251023,182000,24.64,24.65,24.63,24.63,3053,0
IVR_C.US,5,20251023,190000,24.62,24.62,24.62,24.62,300,0
IVR_C.US,5,20251023,191000,24.6599,24.6599,24.6599,24.6599,700,0
IVR_C.US,5,20251023,193500,24.6489,24.6489,24.6489,24.6489,325,0
IVR_C.US,5,20251023,202000,24.565,24.565,24.565,24.565,406,0
IVR_C.US,5,20251023,202500,24.56,24.56,24.56,24.56,220,0
IVR_C.US,5,20251023,205000,24.5802,24.5802,24.5802,24.5802,240,0
IVR_C.US,5,20251023,210000,24.58,24.58,24.58,24.58,100,0
IVR_C.US,5,20251023,211500,24.5615,24.5615,24.5615,24.5615,234,0
IVR_C.US,5,20251023,212500,24.66,24.66,24.64,24.66,379,0
IVR_C.US,5,20251023,215500,24.49,24.49,24.49,24.49,315,0
IVR_C.US,5,20251024,183500,24.57,24.57,24.57,24.57,100,0
IVR_C.US,5,20251024,184500,24.555,24.57,24.5417,24.57,614,0
IVR_C.US,5,20251024,215500,24.52,24.52,24.52,24.52,212,0
IVR_C.US,5,20251027,153500,24.26,24.26,24.26,24.26,828,0
IVR_C.US,5,20251027,160000,24.45,24.48,24.45,24.48,355,0
IVR_C.US,5,20251027,160500,24.48,24.48,24.48,24.48,209,0
IVR_C.US,5,20251027,170500,24.5499,24.5499,24.5499,24.5499,125,0
IVR_C.US,5,20251027,172500,24.55,24.5747,24.55,24.5747,225,0
IVR_C.US,5,20251027,174500,24.6919,24.6919,24.6919,24.6919,410,0
IVR_C.US,5,20251027,194500,24.574,24.574,24.574,24.574,285,0
IVR_C.US,5,20251027,195500,24.62,24.62,24.6,24.6,300,0
IVR_C.US,5,20251027,200000,24.6,24.6,24.6,24.6,209,0
IVR_C.US,5,20251027,203000,24.6,24.6,24.6,24.6,100,0
IVR_C.US,5,20251027,205500,24.52,24.52,24.52,24.52,100,0
IVR_C.US,5,20251028,163000,24.7,24.77,24.64,24.73,1799,0
IVR_C.US,5,20251028,163500,24.55,24.55,24.55,24.55,100,0
IVR_C.US,5,20251028,180000,24.72,24.72,24.56,24.56,200,0
IVR_C.US,5,20251028,182000,24.59,24.59,24.59,24.59,100,0
IVR_C.US,5,20251028,183000,24.8,24.8,24.6,24.6,697,0
IVR_C.US,5,20251028,183500,24.62,24.62,24.62,24.62,100,0
IVR_C.US,5,20251028,190500,24.7,24.7,24.69,24.69,246,0
IVR_C.US,5,20251028,194000,24.62,24.62,24.62,24.62,100,0
IVR_C.US,5,20251028,201500,24.62,24.62,24.62,24.62,200,0
IVR_C.US,5,20251029,155000,24.56,24.56,24.56,24.56,100,0
IVR_C.US,5,20251029,164500,24.56,24.56,24.4581,24.4581,389,0
IVR_C.US,5,20251029,171500,24.57,24.57,24.53,24.53,600,0
IVR_C.US,5,20251029,175500,24.56,24.62,24.5318,24.56,1270,0
IVR_C.US,5,20251029,182500,24.57,24.57,24.57,24.57,100,0
IVR_C.US,5,20251029,185500,24.617,24.617,24.617,24.617,407,0
IVR_C.US,5,20251029,194500,24.57,24.57,24.57,24.57,100,0
IVR_C.US,5,20251029,203000,24.58,24.58,24.58,24.58,800,0
IVR_C.US,5,20251029,203500,24.59,24.59,24.57,24.57,3473,0
IVR_C.US,5,20251030,143000,24.65,24.65,24.65,24.65,700,0
IVR_C.US,5,20251030,143500,24.65,24.65,24.65,24.65,995,0
IVR_C.US,5,20251030,152000,24.59,24.59,24.52,24.5214,367,0
IVR_C.US,5,20251030,153500,24.53,24.53,24.53,24.53,100,0
IVR_C.US,5,20251030,172500,24.54,24.54,24.5,24.54,925,0
IVR_C.US,5,20251030,174500,24.54,24.54,24.54,24.54,1541,0
IVR_C.US,5,20251030,175500,24.63,24.63,24.63,24.63,100,0
IVR_C.US,5,20251030,182500,24.62,24.62,24.52,24.5201,1058,0
IVR_C.US,5,20251030,193000,24.68,24.685,24.65,24.685,600,0
IVR_C.US,5,20251030,193500,24.685,24.685,24.685,24.685,100,0
IVR_C.US,5,20251030,194000,24.68,24.68,24.68,24.68,100,0
IVR_C.US,5,20251030,195500,24.68,24.68,24.68,24.68,112,0
IVR_C.US,5,20251030,200000,24.685,24.685,24.685,24.685,100,0
IVR_C.US,5,20251030,201000,24.67,24.67,24.63,24.63,670,0
IVR_C.US,5,20251030,202500,24.63,24.63,24.63,24.63,118,0
IVR_C.US,5,20251030,204500,24.56,24.56,24.56,24.56,300,0
IVR_C.US,5,20251031,152500,24.75,24.75,24.75,24.75,506,0
IVR_C.US,5,20251031,161500,24.53,24.53,24.53,24.53,100,0
IVR_C.US,5,20251031,164000,24.53,24.53,24.53,24.53,100,0
IVR_C.US,5,20251031,171000,24.54,24.54,24.54,24.54,100,0
IVR_C.US,5,20251031,174000,24.56,24.56,24.56,24.56,100,0
IVR_C.US,5,20251031,175500,24.7375,24.7375,24.65,24.65,200,0
IVR_C.US,5,20251031,181000,24.655,24.655,24.655,24.655,286,0
IVR_C.US,5,20251031,182500,24.61,24.61,24.61,24.61,100,0
IVR_C.US,5,20251031,183500,24.6,24.6,24.57,24.57,300,0
IVR_C.US,5,20251031,184500,24.58,24.58,24.58,24.58,100,0
IVR_C.US,5,20251031,185000,24.58,24.58,24.51,24.53,500,0
IVR_C.US,5,20251031,190500,24.53,24.53,24.53,24.53,100,0
IVR_C.US,5,20251031,192000,24.53,24.53,24.53,24.53,100,0
IVR_C.US,5,20251031,192500,24.53,24.53,24.53,24.53,100,0
IVR_C.US,5,20251031,193500,24.53,24.53,24.53,24.53,100,0
IVR_C.US,5,20251031,194000,24.53,24.53,24.53,24.53,100,0
IVR_C.US,5,20251031,195000,24.5,24.5,24.5,24.5,100,0
IVR_C.US,5,20251031,200000,24.51,24.51,24.51,24.51,100,0
IVR_C.US,5,20251031,201000,24.52,24.52,24.51,24.52,300,0
IVR_C.US,5,20251031,201500,24.51,24.51,24.51,24.51,100,0
IVR_C.US,5,20251031,202500,24.5,24.51,24.425,24.51,2639,0
IVR_C.US,5,20251031,204000,24.43,24.43,24.43,24.43,100,0
IVR_C.US,5,20251031,205000,24.43,24.44,24.31,24.44,475,0
IVR_C.US,5,20251031,205500,24.45,24.58,24.45,24.58,6902,0
IVR_C.US,5,20251103,160000,24.51,24.51,24.51,24.51,178,0
IVR_C.US,5,20251103,172000,24.58,24.65,24.58,24.64,2026,0
IVR_C.US,5,20251103,172500,24.55,24.5801,24.54,24.55,800,0
IVR_C.US,5,20251103,181500,24.589,24.589,24.589,24.589,206,0
IVR_C.US,5,20251103,183000,24.73,24.7699,24.73,24.7699,200,0
IVR_C.US,5,20251103,183500,24.71,24.75,24.71,24.75,2496,0
IVR_C.US,5,20251103,184500,24.65,24.65,24.65,24.65,100,0
IVR_C.US,5,20251103,192500,24.6828,24.6828,24.6828,24.6828,425,0
IVR_C.US,5,20251103,193000,24.65,24.6765,24.65,24.6765,325,0
IVR_C.US,5,20251103,210500,24.67,24.67,24.67,24.67,300,0
IVR_C.US,5,20251103,211000,24.605,24.605,24.55,24.55,817,0
IVR_C.US,5,20251103,212000,24.6245,24.6245,24.6245,24.6245,100,0
IVR_C.US,5,20251103,213500,24.67,24.67,24.67,24.67,750,0
IVR_C.US,5,20251103,214000,24.67,24.67,24.67,24.67,400,0
IVR_C.US,5,20251104,153000,24.451,24.451,24.451,24.451,272,0
IVR_C.US,5,20251104,155000,24.14,24.14,24.14,24.14,100,0
IVR_C.US,5,20251104,161500,24.46,24.46,24.2001,24.2001,1569,0
IVR_C.US,5,20251104,165000,24.435,24.435,24.435,24.435,210,0
IVR_C.US,5,20251104,174000,24.46,24.5997,24.45,24.5997,1000,0
IVR_C.US,5,20251104,182500,24.5574,24.5574,24.5574,24.5574,1000,0
IVR_C.US,5,20251104,204500,24.5681,24.5681,24.5681,24.5681,400,0
IVR_C.US,5,20251104,205000,24.575,24.575,24.575,24.575,400,0
IVR_C.US,5,20251104,211000,24.6015,24.6015,24.6015,24.6015,499,0
IVR_C.US,5,20251105,154500,24.6,24.6,24.58,24.6,1200,0
IVR_C.US,5,20251105,173000,24.4652,24.4652,24.4652,24.4652,257,0
IVR_C.US,5,20251105,175000,24.66,24.7,24.66,24.7,2136,0
IVR_C.US,5,20251105,175500,24.67,24.67,24.67,24.67,100,0
IVR_C.US,5,20251105,182500,24.6818,24.6818,24.6818,24.6818,1000,0
IVR_C.US,5,20251105,183000,24.75,24.75,24.71,24.71,900,0
IVR_C.US,5,20251105,183500,24.75,24.75,24.75,24.75,400,0
IVR_C.US,5,20251105,184000,24.75,24.75,24.71,24.73,500,0
IVR_C.US,5,20251105,184500,24.73,24.73,24.73,24.73,100,0
IVR_C.US,5,20251105,193000,24.7281,24.7281,24.71,24.71,200,0
IVR_C.US,5,20251105,200000,24.79,24.8,24.78,24.79,5200,0
IVR_C.US,5,20251105,200500,24.75,24.75,24.75,24.75,100,0
IVR_C.US,5,20251105,201500,24.735,24.735,24.735,24.735,100,0
IVR_C.US,5,20251105,205000,24.735,24.735,24.7,24.7,511,0
IVR_C.US,5,20251106,163000,24.7,24.7,24.69,24.69,1200,0
IVR_C.US,5,20251106,182500,24.71,24.75,24.71,24.72,1559,0
IVR_C.US,5,20251106,212500,24.72,24.74,24.72,24.74,764,0
IVR_C.US,5,20251106,213000,24.72,24.72,24.72,24.72,2787,0
IVR_C.US,5,20251106,214000,24.6866,24.6866,24.6866,24.6866,2000,0
IVR_C.US,5,20251106,215000,24.72,24.72,24.72,24.72,200,0
IVR_C.US,5,20251107,163000,24.61,24.61,24.61,24.61,500,0
IVR_C.US,5,20251107,165500,24.6,24.6,24.6,24.6,100,0
IVR_C.US,5,20251107,170000,24.64,24.64,24.64,24.64,100,0
IVR_C.US,5,20251107,191500,24.67,24.73,24.67,24.73,200,0
IVR_C.US,5,20251107,195500,24.68,24.68,24.67,24.67,200,0
IVR_C.US,5,20251107,205000,24.69,24.69,24.69,24.69,108,0
IVR_C.US,5,20251107,211000,24.7,24.7,24.7,24.7,100,0
IVR_C.US,5,20251107,213500,24.71,24.71,24.71,24.71,100,0
IVR_C.US,5,20251107,215500,24.71,24.71,24.71,24.71,100,0
IVR_C.US,5,20251110,155500,24.7,24.7,24.7,24.7,100,0
IVR_C.US,5,20251110,160500,24.7458,24.7458,24.7458,24.7458,185,0
IVR_C.US,5,20251110,163500,24.73,24.73,24.73,24.73,107,0
IVR_C.US,5,20251110,172500,24.7,24.73,24.7,24.71,2038,0
IVR_C.US,5,20251110,173500,24.755,24.755,24.75,24.75,647,0
IVR_C.US,5,20251110,181000,24.799,24.799,24.799,24.799,139,0
IVR_C.US,5,20251110,182000,24.75,24.75,24.75,24.75,100,0
IVR_C.US,5,20251110,184000,24.7001,24.7001,24.7001,24.7001,200,0
IVR_C.US,5,20251110,213500,24.79,24.79,24.7,24.7,1719,0
IVR_C.US,5,20251110,214000,24.75,24.75,24.75,24.75,250,0
IVR_C.US,5,20251111,161500,24.71,24.71,24.71,24.71,200,0
IVR_C.US,5,20251111,190000,24.72,24.72,24.72,24.72,100,0
IVR_C.US,5,20251111,204000,24.7,24.7,24.66,24.66,439,0
IVR_C.US,5,20251111,210500,24.66,24.67,24.65,24.67,417,0
IVR_C.US,5,20251111,212500,24.68,24.68,24.68,24.68,1000,0
IVR_C.US,5,20251111,214500,24.71,24.71,24.71,24.71,100,0
IVR_C.US,5,20251112,155000,24.702,24.702,24.702,24.702,475,0
IVR_C.US,5,20251112,161500,24.7587,24.7587,24.7587,24.7587,100,0
IVR_C.US,5,20251112,174500,24.7,24.7,24.7,24.7,200,0
IVR_C.US,5,20251112,181000,24.75,24.75,24.75,24.75,100,0
IVR_C.US,5,20251112,201000,24.6285,24.6285,24.6285,24.6285,145,0
IVR_C.US,5,20251112,204500,24.74,24.74,24.74,24.74,100,0
IVR_C.US,5,20251112,205500,24.74,24.74,24.74,24.74,400,0
IVR_C.US,5,20251112,211500,24.7599,24.7599,24.7599,24.7599,500,0
IVR_C.US,5,20251112,215000,24.74,24.74,24.74,24.74,200,0
IVR_C.US,5,20251113,153000,24.6576,24.6576,24.6576,24.6576,555,0
IVR_C.US,5,20251113,160500,24.7,24.7,24.7,24.7,100,0
IVR_C.US,5,20251113,162500,24.73,24.73,24.73,24.73,100,0
IVR_C.US,5,20251113,164500,24.6301,24.6301,24.6301,24.6301,400,0
IVR_C.US,5,20251113,173500,24.675,24.675,24.675,24.675,500,0
IVR_C.US,5,20251113,180000,24.7,24.7,24.7,24.7,100,0
IVR_C.US,5,20251113,181000,24.7,24.7,24.7,24.7,100,0
IVR_C.US,5,20251113,183000,24.7,24.7,24.7,24.7,500,0
IVR_C.US,5,20251113,183500,24.685,24.685,24.67,24.67,400,0
IVR_C.US,5,20251113,200500,24.68,24.68,24.68,24.68,100,0
IVR_C.US,5,20251113,201000,24.655,24.66,24.64,24.65,1500,0
IVR_C.US,5,20251113,212500,24.6594,24.6594,24.6594,24.6594,100,0
IVR_C.US,5,20251113,215500,24.58,24.58,24.58,24.58,106,0
IVR_C.US,5,20251114,171000,24.58,24.58,24.57,24.57,400,0
IVR_C.US,5,20251114,171500,24.628,24.628,24.628,24.628,2500,0
IVR_C.US,5,20251114,172000,24.628,24.628,24.628,24.628,2000,0
IVR_C.US,5,20251114,173500,24.7,24.76,24.68,24.755,3300,0
IVR_C.US,5,20251114,180500,24.73,24.73,24.73,24.73,200,0
IVR_C.US,5,20251114,183000,24.6401,24.6401,24.6401,24.6401,578,0
IVR_C.US,5,20251114,185000,24.69,24.69,24.662,24.662,275,0
IVR_C.US,5,20251114,191000,24.69,24.69,24.66,24.66,451,0
IVR_C.US,5,20251114,194000,24.75,24.75,24.75,24.75,100,0
IVR_C.US,5,20251114,204000,24.74,24.74,24.74,24.74,100,0
IVR_C.US,5,20251114,211500,24.72,24.775,24.72,24.775,1060,0
IVR_C.US,5,20251114,212500,24.728,24.728,24.728,24.728,611,0
IVR_C.US,5,20251114,215000,24.73,24.73,24.73,24.73,100,0
IVR_C.US,5,20251114,215500,24.68,24.68,24.68,24.68,100,0
IVR_C.US,5,20251117,154500,24.68,24.68,24.68,24.68,200,0
IVR_C.US,5,20251117,160000,24.4701,24.4701,24.4701,24.4701,719,0
IVR_C.US,5,20251117,165000,24.635,24.635,24.635,24.635,100,0
IVR_C.US,5,20251117,165500,24.635,24.6351,24.635,24.6351,200,0
IVR_C.US,5,20251117,171500,24.77,24.785,24.47,24.47,1129,0
IVR_C.US,5,20251117,174000,24.4701,24.63,24.4701,24.63,513,0
IVR_C.US,5,20251117,183000,24.74,24.74,24.74,24.74,100,0
IVR_C.US,5,20251117,200500,24.65,24.65,24.65,24.65,300,0
IVR_C.US,5,20251117,201000,24.65,24.65,24.65,24.65,200,0
IVR_C.US,5,20251117,201500,24.51,24.52,24.51,24.52,400,0
IVR_C.US,5,20251117,202000,24.52,24.56,24.51,24.56,400,0
IVR_C.US,5,20251117,202500,24.51,24.53,24.51,24.51,400,0
IVR_C.US,5,20251117,203000,24.53,24.53,24.51,24.51,400,0
IVR_C.US,5,20251117,203500,24.53,24.72,24.53,24.61,761,0
IVR_C.US,5,20251117,204000,24.545,24.66,24.52,24.66,400,0
IVR_C.US,5,20251117,204500,24.65,24.65,24.65,24.65,100,0
IVR_C.US,5,20251117,205000,24.56,24.69,24.515,24.64,900,0
IVR_C.US,5,20251117,205500,24.59,24.65,24.54,24.54,600,0
IVR_C.US,5,20251117,210000,24.54,24.64,24.54,24.54,600,0
IVR_C.US,5,20251117,210500,24.54,24.64,24.54,24.64,600,0
IVR_C.US,5,20251117,211000,24.565,24.6958,24.565,24.575,681,0
IVR_C.US,5,20251117,211500,24.58,24.58,24.58,24.58,400,0
IVR_C.US,5,20251117,212000,24.58,24.6,24.56,24.56,1000,0
IVR_C.US,5,20251117,212500,24.565,24.63,24.565,24.58,500,0
IVR_C.US,5,20251117,213000,24.575,24.575,24.575,24.575,200,0
IVR_C.US,5,20251117,213500,24.57,24.64,24.57,24.58,900,0
IVR_C.US,5,20251117,214000,24.515,24.58,24.51,24.58,700,0
IVR_C.US,5,20251117,214500,24.58,24.5952,24.58,24.5952,900,0
IVR_C.US,5,20251117,215000,24.51,24.51,24.49,24.5,400,0
IVR_C.US,5,20251117,215500,24.49,24.49,24.47,24.48,400,0
IVR_C.US,5,20251118,153000,24.5,24.5,24.5,24.5,887,0
IVR_C.US,5,20251118,164500,24.65,24.6501,24.65,24.65,500,0
IVR_C.US,5,20251118,165000,24.65,24.65,24.65,24.65,643,0
IVR_C.US,5,20251118,165500,24.66,24.66,24.66,24.66,1200,0
IVR_C.US,5,20251118,175500,24.64,24.64,24.64,24.64,3100,0
IVR_C.US,5,20251118,180000,24.52,24.5201,24.47,24.4701,1356,0
IVR_C.US,5,20251118,184000,24.65,24.65,24.65,24.65,700,0
IVR_C.US,5,20251118,185000,24.4601,24.4601,24.4601,24.4601,280,0
IVR_C.US,5,20251118,190500,24.614,24.614,24.614,24.614,800,0
IVR_C.US,5,20251118,191000,24.61,24.61,24.61,24.61,100,0
IVR_C.US,5,20251118,191500,24.5,24.5,24.5,24.5,700,0
IVR_C.US,5,20251118,194000,24.52,24.52,24.52,24.52,400,0
IVR_C.US,5,20251119,171000,24.57,24.57,24.57,24.57,100,0
IVR_C.US,5,20251119,171500,24.4001,24.55,24.4001,24.55,918,0
IVR_C.US,5,20251119,172000,24.605,24.605,24.605,24.605,100,0
IVR_C.US,5,20251119,172500,24.605,24.605,24.605,24.605,208,0
IVR_C.US,5,20251119,174500,24.5898,24.5898,24.5898,24.5898,200,0
IVR_C.US,5,20251119,175000,24.6079,24.6079,24.6079,24.6079,320,0
IVR_C.US,5,20251119,183500,24.57,24.57,24.57,24.57,1400,0
IVR_C.US,5,20251119,192500,24.61,24.61,24.61,24.61,200,0
IVR_C.US,5,20251119,193000,24.6101,24.6549,24.6101,24.64,1000,0
IVR_C.US,5,20251119,193500,24.62,24.62,24.5501,24.5501,280,0
IVR_C.US,5,20251119,201500,24.533,24.5855,24.533,24.5855,320,0
IVR_C.US,5,20251119,202000,24.55,24.55,24.4969,24.54,612,0
IVR_C.US,5,20251119,203000,24.54,24.54,24.54,24.54,394,0
IVR_C.US,5,20251119,205000,24.55,24.55,24.55,24.55,100,0
IVR_C.US,5,20251119,205500,24.56,24.56,24.56,24.56,100,0
IVR_C.US,5,20251119,211500,24.55,24.55,24.55,24.55,100,0
IVR_C.US,5,20251119,212500,24.54,24.54,24.54,24.54,100,0
IVR_C.US,5,20251119,213000,24.54,24.54,24.5122,24.5122,600,0
IVR_C.US,5,20251119,213500,24.47,24.47,24.47,24.47,100,0
IVR_C.US,5,20251120,153500,24.47,24.47,24.47,24.47,400,0
IVR_C.US,5,20251120,155000,24.0101,24.0101,24.0101,24.0101,292,0
IVR_C.US,5,20251120,160000,24.1,24.1,24.1,24.1,100,0
IVR_C.US,5,20251120,164500,24.48,24.48,24.47,24.47,700,0
IVR_C.US,5,20251120,171500,24.47,24.47,24.47,24.47,800,0
IVR_C.US,5,20251120,174000,24.47,24.47,24.47,24.47,200,0
IVR_C.US,5,20251120,180000,24.315,24.315,24.315,24.315,200,0
IVR_C.US,5,20251120,181500,24.29,24.3,24.29,24.3,300,0
IVR_C.US,5,20251120,182500,24.34,24.35,24.34,24.35,400,0
IVR_C.US,5,20251120,183500,24.335,24.335,24.335,24.335,100,0
IVR_C.US,5,20251120,184000,24.3,24.3,24.3,24.3,395,0
IVR_C.US,5,20251120,191000,24.33,24.36,24.32,24.36,500,0
IVR_C.US,5,20251120,200000,24.39,24.39,24.39,24.39,400,0
IVR_C.US,5,20251120,201500,24.3837,24.3837,24.3837,24.3837,233,0
IVR_C.US,5,20251120,204000,24.35,24.35,24.35,24.35,100,0
IVR_C.US,5,20251120,213000,24.41,24.44,24.4,24.4,955,0
IVR_C.US,5,20251121,173500,24.0501,24.22,24.0501,24.09,500,0
IVR_C.US,5,20251121,174000,24.43,24.43,24.285,24.285,900,0
IVR_C.US,5,20251121,182000,24.52,24.52,24.52,24.52,100,0
IVR_C.US,5,20251121,182500,24.5,24.5,24.49,24.5,2500,0
IVR_C.US,5,20251121,210500,24.42,24.42,24.42,24.42,100,0
IVR_C.US,5,20251124,163500,24.425,24.425,24.425,24.425,193,0
IVR_C.US,5,20251124,165000,24.435,24.5,24.435,24.5,1100,0
IVR_C.US,5,20251124,175000,24.59,24.59,24.59,24.59,180,0
IVR_C.US,5,20251124,181500,24.59,24.59,24.59,24.59,508,0
IVR_C.US,5,20251124,182500,24.65,24.65,24.65,24.65,100,0
IVR_C.US,5,20251124,193000,24.64,24.64,24.58,24.59,1005,0
IVR_C.US,5,20251124,204000,24.6999,24.6999,24.6999,24.6999,1000,0
IVR_C.US,5,20251124,205500,24.61,24.61,24.54,24.54,300,0
IVR_C.US,5,20251124,212500,24.6383,24.649,24.6383,24.649,1783,0
IVR_C.US,5,20251124,214000,24.6255,24.6255,24.6255,24.6255,250,0
IVR_C.US,5,20251124,214500,24.6602,24.6602,24.6602,24.6602,683,0
IVR_C.US,5,20251125,160500,24.4527,24.4527,24.4527,24.4527,101,0
IVR_C.US,5,20251125,165500,24.54,24.54,24.54,24.54,100,0
IVR_C.US,5,20251125,170000,24.55,24.56,24.47,24.47,2242,0
IVR_C.US,5,20251125,171000,24.577,24.577,24.577,24.577,203,0
IVR_C.US,5,20251125,172500,24.58,24.58,24.55,24.56,1959,0
IVR_C.US,5,20251125,173000,24.46,24.46,24.46,24.46,700,0
IVR_C.US,5,20251125,173500,24.47,24.48,24.46,24.47,4892,0
IVR_C.US,5,20251125,175000,24.5192,24.5192,24.5192,24.5192,128,0
IVR_C.US,5,20251125,175500,24.52,24.56,24.52,24.56,570,0
IVR_C.US,5,20251125,180000,24.56,24.56,24.49,24.49,1771,0
IVR_C.US,5,20251125,181000,24.5,24.5238,24.5,24.5,1530,0
IVR_C.US,5,20251125,182000,24.4601,24.4925,24.4601,24.4925,735,0
IVR_C.US,5,20251125,190000,24.4601,24.4601,24.46,24.4601,1200,0
IVR_C.US,5,20251125,190500,24.46,24.48,24.46,24.46,600,0
IVR_C.US,5,20251125,191000,24.45,24.45,24.44,24.44,1000,0
IVR_C.US,5,20251125,191500,24.42,24.42,24.4,24.42,2400,0
IVR_C.US,5,20251125,192000,24.4,24.4,24.36,24.37,600,0
IVR_C.US,5,20251125,192500,24.37,24.4,24.3601,24.4,1900,0
IVR_C.US,5,20251125,193000,24.37,24.4009,24.36,24.4009,2300,0
IVR_C.US,5,20251125,193500,24.37,24.3795,24.36,24.3795,700,0
IVR_C.US,5,20251125,195000,24.36,24.36,24.35,24.35,1202,0
IVR_C.US,5,20251125,200500,24.32,24.36,24.26,24.26,1196,0
IVR_C.US,5,20251125,201500,24.43,24.43,24.43,24.43,525,0
IVR_C.US,5,20251125,203000,24.43,24.43,24.43,24.43,584,0
IVR_C.US,5,20251125,204000,24.43,24.43,24.43,24.43,100,0
IVR_C.US,5,20251125,205000,24.4,24.4,24.4,24.4,1000,0
IVR_C.US,5,20251125,205500,24.38,24.38,24.38,24.38,1000,0
IVR_C.US,5,20251125,210000,24.38,24.38,24.3,24.3,1200,0
IVR_C.US,5,20251125,210500,24.3,24.3,24.3,24.3,900,0
IVR_C.US,5,20251125,211000,24.3,24.3,24.3,24.3,200,0
IVR_C.US,5,20251125,215000,24.27,24.27,24.27,24.27,300,0
IVR_C.US,5,20251126,155000,24.21,24.23,24.11,24.14,1518,0
IVR_C.US,5,20251126,162000,24.2,24.2001,24.2,24.2001,200,0
IVR_C.US,5,20251126,172000,24.29,24.29,24.29,24.29,100,0
IVR_C.US,5,20251126,172500,24.29,24.29,24.29,24.29,100,0
IVR_C.US,5,20251126,173000,24.22,24.22,24.22,24.22,100,0
IVR_C.US,5,20251126,174000,24.22,24.22,24.22,24.22,100,0
IVR_C.US,5,20251126,174500,24.22,24.22,24.22,24.22,100,0
IVR_C.US,5,20251126,175500,24.29,24.29,24.29,24.29,100,0
IVR_C.US,5,20251126,180000,24.23,24.23,24.23,24.23,100,0
IVR_C.US,5,20251126,180500,24.31,24.31,24.31,24.31,100,0
IVR_C.US,5,20251126,181500,24.23,24.23,24.23,24.23,100,0
IVR_C.US,5,20251126,182500,24.23,24.23,24.23,24.23,100,0
IVR_C.US,5,20251126,183000,24.23,24.23,24.23,24.23,100,0
IVR_C.US,5,20251126,183500,24.24,24.24,24.24,24.24,580,0
IVR_C.US,5,20251126,184000,24.23,24.23,24.23,24.23,100,0
IVR_C.US,5,20251126,184500,24.27,24.27,24.27,24.27,100,0
IVR_C.US,5,20251126,185000,24.27,24.27,24.27,24.27,100,0
IVR_C.US,5,20251126,185500,24.27,24.27,24.27,24.27,100,0
IVR_C.US,5,20251126,190000,24.27,24.27,24.27,24.27,100,0
IVR_C.US,5,20251126,191000,24.27,24.27,24.27,24.27,100,0
IVR_C.US,5,20251126,191500,24.28,24.28,24.28,24.28,100,0
IVR_C.US,5,20251126,192000,24.28,24.28,24.28,24.28,100,0
IVR_C.US,5,20251126,192500,24.28,24.28,24.28,24.28,100,0
IVR_C.US,5,20251126,193500,24.27,24.27,24.23,24.24,400,0
IVR_C.US,5,20251126,194000,24.275,24.275,24.275,24.275,100,0
IVR_C.US,5,20251126,194500,24.27,24.27,24.27,24.27,100,0
IVR_C.US,5,20251126,195000,24.2812,24.2812,24.2812,24.2812,130,0
IVR_C.US,5,20251126,201000,24.23,24.23,24.23,24.23,100,0
IVR_C.US,5,20251126,202000,24.23,24.27,24.23,24.27,200,0
IVR_C.US,5,20251126,202500,24.3099,24.3099,24.3099,24.3099,1360,0
IVR_C.US,5,20251126,203500,24.24,24.27,24.24,24.27,220,0
IVR_C.US,5,20251126,204000,24.27,24.27,24.27,24.27,300,0
IVR_C.US,5,20251126,205500,24.23,24.23,24.23,24.23,100,0
IVR_C.US,5,20251126,210000,24.24,24.24,24.24,24.24,100,0
IVR_C.US,5,20251126,210500,24.24,24.24,24.235,24.24,300,0
IVR_C.US,5,20251126,212000,24.23,24.23,24.23,24.23,100,0
IVR_C.US,5,20251126,212500,24.24,24.24,24.23,24.23,200,0
IVR_C.US,5,20251126,213500,24.27,24.27,24.27,24.27,136,0
IVR_C.US,5,20251126,215000,24.27,24.29,24.27,24.29,222,0
IVR_C.US,5,20251126,215500,24.265,24.265,24.265,24.265,100,0
IVR_C.US,5,20251128,161000,24.1409,24.15,24.1409,24.15,425,0
IVR_C.US,5,20251128,161500,24.15,24.18,24.14,24.17,800,0
IVR_C.US,5,20251128,162500,24.13,24.13,24.13,24.13,300,0
IVR_C.US,5,20251128,165000,24.12,24.12,24.12,24.12,100,0
IVR_C.US,5,20251128,170000,24.135,24.135,24.135,24.135,400,0
IVR_C.US,5,20251128,174000,24.14,24.14,24.14,24.14,100,0
IVR_C.US,5,20251128,182500,24.173,24.173,24.173,24.173,175,0
IVR_C.US,5,20251128,183500,24.17,24.17,24.17,24.17,105,0
IVR_C.US,5,20251128,184500,24.15,24.15,24.15,24.15,100,0
IVR_C.US,5,20251128,185500,24.19,24.2,24.19,24.2,200,0
IVR_C.US,5,20251201,153000,24.2,24.2,24.17,24.17,406,0
IVR_C.US,5,20251201,153500,24.17,24.17,24.17,24.17,106,0
IVR_C.US,5,20251201,164000,24.24,24.24,24.24,24.24,200,0
IVR_C.US,5,20251201,171500,24.2581,24.2581,24.2581,24.2581,120,0
IVR_C.US,5,20251201,174500,24.2922,24.2922,24.2922,24.2922,201,0
IVR_C.US,5,20251201,184500,24.2,24.2,24.2,24.2,668,0
IVR_C.US,5,20251201,194000,24.2545,24.2545,24.2545,24.2545,310,0
IVR_C.US,5,20251201,194500,24.31,24.31,24.31,24.31,300,0
IVR_C.US,5,20251201,203000,24.31,24.31,24.31,24.31,100,0
IVR_C.US,5,20251201,204000,24.4,24.4,24.36,24.4,3962,0
IVR_C.US,5,20251201,214500,24.4,24.4899,24.4,24.4899,1124,0
IVR_C.US,5,20251202,163500,24.49,24.49,24.49,24.49,100,0
IVR_C.US,5,20251202,164000,24.425,24.5809,24.3,24.5809,3940,0
IVR_C.US,5,20251202,164500,24.3505,24.4,24.3505,24.4,800,0
IVR_C.US,5,20251202,170500,24.3045,24.3045,24.3045,24.3045,500,0
IVR_C.US,5,20251202,172500,24.36,24.36,24.36,24.36,100,0
IVR_C.US,5,20251202,173000,24.37,24.49,24.37,24.49,900,0
IVR_C.US,5,20251202,185500,24.5,24.5,24.49,24.49,700,0
IVR_C.US,5,20251202,193500,24.48,24.52,24.48,24.52,700,0
IVR_C.US,5,20251202,200000,24.52,24.52,24.52,24.52,979,0
IVR_C.US,5,20251202,204500,24.51,24.51,24.51,24.51,100,0
IVR_C.US,5,20251202,214500,24.52,24.52,24.5158,24.5158,550,0
IVR_C.US,5,20251203,170000,24.43,24.45,24.43,24.45,700,0
IVR_C.US,5,20251203,170500,24.42,24.42,24.42,24.42,300,0
IVR_C.US,5,20251203,174000,24.317,24.317,24.317,24.317,325,0
IVR_C.US,5,20251203,182000,24.5099,24.51,24.5099,24.51,600,0
IVR_C.US,5,20251203,191000,24.51,24.51,24.51,24.51,900,0
IVR_C.US,5,20251203,191500,24.51,24.51,24.51,24.51,200,0
IVR_C.US,5,20251203,201500,24.61,24.61,24.61,24.61,400,0
IVR_C.US,5,20251203,203500,24.565,24.565,24.565,24.565,156,0
IVR_C.US,5,20251203,210500,24.56,24.56,24.56,24.56,125,0
IVR_C.US,5,20251203,212000,24.6,24.6,24.6,24.6,100,0
IVR_C.US,5,20251203,213500,24.61,24.61,24.6,24.6,2000,0
IVR_C.US,5,20251203,215500,24.6,24.6,24.585,24.585,600,0
IVR_C.US,5,20251204,160000,24.545,24.545,24.545,24.545,857,0
IVR_C.US,5,20251204,160500,24.55,24.55,24.55,24.55,100,0
IVR_C.US,5,20251204,165500,24.567,24.567,24.567,24.567,800,0
IVR_C.US,5,20251204,170500,24.579,24.59,24.579,24.59,475,0
IVR_C.US,5,20251204,171000,24.5984,24.645,24.5984,24.645,548,0
IVR_C.US,5,20251204,201500,24.7,24.7,24.7,24.7,100,0
IVR_C.US,5,20251204,212500,24.65,24.65,24.6,24.61,2500,0
IVR_C.US,5,20251204,214000,24.61,24.61,24.6,24.6,200,0
IVR_C.US,5,20251204,214500,24.6,24.6,24.6,24.6,100,0
IVR_C.US,5,20251204,215500,24.62,24.63,24.61,24.61,1926,0
IVR_C.US,5,20251205,153000,24.25,24.25,23.94,23.94,438,0
IVR_C.US,5,20251205,153500,24.17,24.25,24.17,24.25,200,0
IVR_C.US,5,20251205,162000,24.02,24.1365,24.02,24.1365,325,0
IVR_C.US,5,20251205,163500,24.17,24.17,24.17,24.17,150,0
IVR_C.US,5,20251205,171000,24.17,24.17,24.17,24.17,254,0
IVR_C.US,5,20251205,171500,24.17,24.17,24.17,24.17,259,0
IVR_C.US,5,20251205,174500,24.1812,24.3199,24.1812,24.3199,1458,0
IVR_C.US,5,20251205,181000,24.2705,24.2705,24.2705,24.2705,100,0
IVR_C.US,5,20251205,184000,24.29,24.46,24.29,24.46,1397,0
IVR_C.US,5,20251205,192500,24.38,24.38,24.38,24.38,100,0
IVR_C.US,5,20251205,195000,24.31,24.31,24.305,24.31,800,0
IVR_C.US,5,20251205,200500,24.3,24.35,24.3,24.35,1233,0
IVR_C.US,5,20251205,201000,24.3584,24.3584,24.3584,24.3584,280,0
IVR_C.US,5,20251205,201500,24.325,24.325,24.325,24.325,100,0
IVR_C.US,5,20251205,205000,24.3078,24.3078,24.3078,24.3078,100,0
IVR_C.US,5,20251205,215000,24.36,24.36,24.36,24.36,200,0
IVR_C.US,5,20251205,215500,24.525,24.525,24.4,24.48,1902,0
IVR_C.US,5,20251208,154500,24.45,24.45,24.45,24.45,250,0
IVR_C.US,5,20251208,175000,24.29,24.3,24.29,24.29,410,0
IVR_C.US,5,20251208,181500,24.3678,24.3678,24.3678,24.3678,1000,0
IVR_C.US,5,20251208,192500,24.365,24.365,24.365,24.365,100,0
IVR_C.US,5,20251208,193500,24.365,24.4,24.365,24.39,1710,0
IVR_C.US,5,20251208,202000,24.39,24.39,24.39,24.39,200,0
IVR_C.US,5,20251208,204000,24.3117,24.355,24.3117,24.355,250,0
IVR_C.US,5,20251208,205000,24.39,24.39,24.39,24.39,299,0
IVR_C.US,5,20251208,211000,24.36,24.36,24.36,24.36,300,0
IVR_C.US,5,20251208,213500,24.38,24.38,24.38,24.38,114,0
IVR_C.US,5,20251208,215500,24.36,24.36,24.36,24.36,100,0
IVR_C.US,5,20251209,160500,24.11,24.11,24.11,24.11,455,0
IVR_C.US,5,20251209,170000,24.41,24.41,24.41,24.41,965,0
IVR_C.US,5,20251209,170500,24.41,24.5,24.41,24.5,620,0
IVR_C.US,5,20251209,181500,24.49,24.5299,24.49,24.5299,600,0
IVR_C.US,5,20251209,190000,24.505,24.505,24.505,24.505,400,0
IVR_C.US,5,20251209,190500,24.505,24.505,24.48,24.49,570,0
IVR_C.US,5,20251209,191500,24.49,24.49,24.49,24.49,600,0
IVR_C.US,5,20251209,193500,24.52,24.58,24.48,24.58,997,0
IVR_C.US,5,20251209,201000,24.46,24.62,24.46,24.6,1944,0
IVR_C.US,5,20251209,202000,24.43,24.4399,24.43,24.4399,200,0
IVR_C.US,5,20251209,202500,24.49,24.49,24.49,24.49,537,0
IVR_C.US,5,20251209,203000,24.49,24.49,24.49,24.49,100,0
IVR_C.US,5,20251209,203500,24.47,24.47,24.46,24.47,437,0
IVR_C.US,5,20251209,205000,24.4495,24.495,24.4495,24.495,260,0
IVR_C.US,5,20251210,153000,24.4125,24.4125,24.4125,24.4125,900,0
IVR_C.US,5,20251210,173000,24.44,24.44,24.44,24.44,2000,0
IVR_C.US,5,20251210,182000,24.5799,24.5799,24.5799,24.5799,111,0
IVR_C.US,5,20251210,193500,24.57,24.57,24.48,24.48,400,0
IVR_C.US,5,20251210,202000,24.495,24.495,24.495,24.495,130,0
IVR_C.US,5,20251210,205500,24.55,24.55,24.55,24.55,100,0
IVR_C.US,5,20251210,210000,24.58,24.6642,24.58,24.6642,1046,0
IVR_C.US,5,20251210,213500,24.4834,24.4834,24.45,24.45,400,0
IVR_C.US,5,20251211,155000,24.328,24.328,24.328,24.328,113,0
IVR_C.US,5,20251211,172000,24.61,24.61,24.57,24.59,730,0
IVR_C.US,5,20251211,173500,24.59,24.6,24.59,24.6,300,0
IVR_C.US,5,20251211,174500,24.61,24.61,24.56,24.59,500,0
IVR_C.US,5,20251211,182000,24.5775,24.5775,24.5775,24.5775,500,0
IVR_C.US,5,20251211,211500,24.65,24.65,24.59,24.65,300,0
IVR_C.US,5,20251211,212000,24.59,24.59,24.59,24.59,400,0
IVR_C.US,5,20251211,213500,24.62,24.62,24.58,24.58,2336,0
IVR_C.US,5,20251211,215000,24.61,24.61,24.61,24.61,100,0
IVR_C.US,5,20251212,170000,24.55,24.55,24.55,24.55,200,0
IVR_C.US,5,20251212,172000,24.57,24.57,24.57,24.57,611,0
IVR_C.US,5,20251212,173500,24.5364,24.5364,24.5364,24.5364,175,0
IVR_C.US,5,20251212,175500,24.515,24.515,24.515,24.515,236,0
IVR_C.US,5,20251212,183000,24.58,24.58,24.58,24.58,100,0
IVR_C.US,5,20251212,190000,24.67,24.69,24.66,24.68,2400,0
IVR_C.US,5,20251212,201000,24.68,24.68,24.68,24.68,316,0
IVR_C.US,5,20251212,203000,24.61,24.61,24.61,24.61,100,0
IVR_C.US,5,20251212,205500,24.6825,24.75,24.6825,24.7,1300,0
IVR_C.US,5,20251212,211000,24.675,24.675,24.675,24.675,100,0
IVR_C.US,5,20251212,211500,24.63,24.63,24.63,24.63,100,0
IVR_C.US,5,20251212,214000,24.63,24.63,24.62,24.62,400,0
IVR_C.US,5,20251215,160500,24.3777,24.3777,24.3777,24.3777,100,0
IVR_C.US,5,20251215,161500,24.7499,24.7499,24.7499,24.7499,106,0
IVR_C.US,5,20251215,174500,24.6,24.61,24.6,24.61,400,0
IVR_C.US,5,20251215,175000,24.6522,24.6522,24.6522,24.6522,202,0
IVR_C.US,5,20251215,180000,24.6001,24.6001,24.6001,24.6001,203,0
IVR_C.US,5,20251215,182500,24.645,24.69,24.645,24.69,400,0
IVR_C.US,5,20251215,183500,24.64,24.64,24.64,24.64,100,0
IVR_C.US,5,20251215,191500,24.7,24.7,24.7,24.7,300,0
IVR_C.US,5,20251215,192000,24.61,24.61,24.61,24.61,485,0
IVR_C.US,5,20251215,211000,24.6809,24.6809,24.6809,24.6809,197,0
IVR_C.US,5,20251215,215500,24.72,24.72,24.72,24.72,100,0
IVR_C.US,5,20251216,163000,24.61,24.61,24.61,24.61,100,0
IVR_C.US,5,20251216,171500,24.53,24.57,24.53,24.57,300,0
IVR_C.US,5,20251216,183500,24.67,24.67,24.67,24.67,300,0
IVR_C.US,5,20251216,184000,24.68,24.68,24.68,24.68,100,0
IVR_C.US,5,20251216,184500,24.68,24.68,24.68,24.68,100,0
IVR_C.US,5,20251216,192000,24.71,24.71,24.71,24.71,100,0
IVR_C.US,5,20251216,193500,24.73,24.74,24.73,24.74,1200,0
IVR_C.US,5,20251216,211500,24.74,24.74,24.74,24.74,100,0
IVR_C.US,5,20251216,214500,24.68,24.7,24.68,24.7,226,0
IVR_C.US,5,20251216,215000,24.7309,24.7309,24.7309,24.7309,160,0
IVR_C.US,5,20251216,215500,24.72,24.72,24.72,24.72,299,0
IVR_C.US,5,20251217,160000,24.5373,24.5373,24.5373,24.5373,200,0
IVR_C.US,5,20251217,173000,24.61,24.65,24.61,24.65,300,0
IVR_C.US,5,20251217,205500,24.66,24.66,24.66,24.66,100,0
IVR_C.US,5,20251217,215500,24.68,24.7,24.68,24.68,2573,0
IVR_C.US,5,20251218,190500,24.52,24.52,24.52,24.52,390,0
IVR_C.US,5,20251218,200000,24.55,24.55,24.55,24.55,100,0
IVR_C.US,5,20251218,203500,24.7,24.7,24.7,24.7,100,0
IVR_C.US,5,20251218,205000,24.7,24.75,24.7,24.7494,825,0
IVR_C.US,5,20251218,210500,24.71,24.71,24.71,24.71,900,0
IVR_C.US,5,20251218,215000,24.7,24.71,24.7,24.71,1252,0
IVR_C.US,5,20251219,153500,24.3339,24.5303,24.3339,24.5303,733,0
IVR_C.US,5,20251219,155500,24.385,24.385,24.385,24.385,120,0
IVR_C.US,5,20251219,160000,24.1,24.1,24.1,24.1,100,0
IVR_C.US,5,20251219,160500,24.1,24.52,24.1,24.52,300,0
IVR_C.US,5,20251219,161500,24.52,24.52,24.52,24.52,200,0
IVR_C.US,5,20251219,163500,24.63,24.63,24.63,24.63,199,0
IVR_C.US,5,20251219,164000,24.3908,24.3908,24.3908,24.3908,100,0
IVR_C.US,5,20251219,172000,24.635,24.7099,24.605,24.605,1113,0
IVR_C.US,5,20251219,182500,24.64,24.64,24.64,24.64,100,0
IVR_C.US,5,20251219,190000,24.6605,24.6605,24.6605,24.6605,200,0
IVR_C.US,5,20251219,192000,24.69,24.75,24.69,24.72,7136,0
IVR_C.US,5,20251219,192500,24.75,24.845,24.74,24.8,7459,0
IVR_C.US,5,20251219,194000,24.8,24.84,24.8,24.84,2194,0
IVR_C.US,5,20251219,194500,24.84,24.84,24.84,24.84,500,0
IVR_C.US,5,20251219,200500,24.76,24.78,24.75,24.75,800,0
IVR_C.US,5,20251219,201000,24.78,24.8,24.78,24.8,2200,0
IVR_C.US,5,20251219,205000,24.85,24.85,24.85,24.85,100,0
IVR_C.US,5,20251219,205500,24.85,24.85,24.85,24.85,2100,0
IVR_C.US,5,20251219,210000,24.85,24.85,24.85,24.85,457,0
IVR_C.US,5,20251219,213000,24.85,24.85,24.85,24.85,100,0
IVR_C.US,5,20251219,213500,24.85,24.85,24.85,24.85,300,0
IVR_C.US,5,20251219,214000,24.85,24.85,24.85,24.85,400,0
IVR_C.US,5,20251219,215000,24.8201,24.85,24.8201,24.85,209,0
IVR_C.US,5,20251219,215500,24.8415,24.85,24.82,24.85,1722,0
IVR_C.US,5,20251222,153000,24.7,24.7,24.7,24.7,249,0
IVR_C.US,5,20251222,155000,24.7,24.71,24.65,24.71,1795,0
IVR_C.US,5,20251222,160000,24.7,24.7,24.7,24.7,500,0
IVR_C.US,5,20251222,160500,24.7646,24.7646,24.7646,24.7646,500,0
IVR_C.US,5,20251222,162500,24.71,24.71,24.71,24.71,100,0
IVR_C.US,5,20251222,165500,24.77,24.77,24.77,24.77,200,0
IVR_C.US,5,20251222,172500,24.75,24.75,24.75,24.75,400,0
IVR_C.US,5,20251222,173000,24.75,24.765,24.75,24.75,600,0
IVR_C.US,5,20251222,173500,24.75,24.75,24.75,24.75,400,0
IVR_C.US,5,20251222,174500,24.78,24.78,24.78,24.78,100,0
IVR_C.US,5,20251222,175000,24.78,24.78,24.78,24.78,300,0
IVR_C.US,5,20251222,181500,24.744,24.744,24.744,24.744,100,0
IVR_C.US,5,20251222,182000,24.76,24.76,24.76,24.76,1330,0
IVR_C.US,5,20251222,184500,24.7705,24.7705,24.7705,24.7705,548,0
IVR_C.US,5,20251222,193500,24.7941,24.7941,24.7941,24.7941,150,0
IVR_C.US,5,20251222,212500,24.8,24.8,24.8,24.8,1200,0
