<TICKER>,<PER>,<DATE>,<TIME>,<OPEN>,<HIGH>,<LOW>,<CLOSE>,<VOL>,<OPENINT>
KTH.US,5,20250728,213500,28.39,28.39,28.39,28.39,100,0
KTH.US,5,20250729,174500,28.37,28.37,28.37,28.37,100,0
KTH.US,5,20250730,194500,28.36,28.36,28.36,28.36,260,0
KTH.US,5,20250730,202500,28.42,28.42,28.42,28.42,200,0
KTH.US,5,20250730,203500,28.44,28.44,28.44,28.44,100,0
KTH.US,5,20250730,212500,28.34,28.34,28.34,28.34,145,0
KTH.US,5,20250730,215000,28.31,28.31,28.31,28.31,100,0
KTH.US,5,20250731,162500,28.29,28.29,28.29,28.29,100,0
KTH.US,5,20250731,201500,28.29,28.29,28.29,28.29,170,0
KTH.US,5,20250801,165000,28.25,28.25,28.25,28.25,100,0
KTH.US,5,20250804,174000,28.2992,28.2992,28.2992,28.2992,145,0
KTH.US,5,20250804,185500,28.65,28.65,28.57,28.57,228,0
KTH.US,5,20250804,194500,28.53,28.53,28.53,28.53,300,0
KTH.US,5,20250804,195500,28.66,28.66,28.66,28.66,423,0
KTH.US,5,20250804,201000,28.66,28.66,28.66,28.66,100,0
KTH.US,5,20250805,164000,28.6455,28.6455,28.6455,28.6455,135,0
KTH.US,5,20250806,160500,28.6483,28.6483,28.6483,28.6483,400,0
KTH.US,5,20250807,193000,28.6347,28.6347,28.6347,28.6347,100,0
KTH.US,5,20250811,155000,28.6,28.6,28.6,28.6,260,0
KTH.US,5,20250811,155500,28.65,28.65,28.65,28.65,1369,0
KTH.US,5,20250811,215000,28.5657,28.5657,28.5657,28.5657,135,0
KTH.US,5,20250812,190500,28.48,28.48,28.48,28.48,190,0
KTH.US,5,20250812,191000,28.3201,28.3201,28.3201,28.3201,150,0
KTH.US,5,20250812,214500,28.4,28.4,28.4,28.4,200,0
KTH.US,5,20250813,155000,28.4651,28.4651,28.4651,28.4651,442,0
KTH.US,5,20250813,162500,28.37,28.37,28.37,28.37,100,0
KTH.US,5,20250813,171000,28.64,28.64,28.64,28.64,100,0
KTH.US,5,20250813,171500,28.64,28.64,28.64,28.64,100,0
KTH.US,5,20250813,172500,28.66,28.66,28.66,28.66,100,0
KTH.US,5,20250813,173000,28.66,28.66,28.66,28.66,100,0
KTH.US,5,20250813,174000,28.65,28.65,28.65,28.65,100,0
KTH.US,5,20250813,174500,28.65,28.65,28.65,28.65,100,0
KTH.US,5,20250813,175000,28.65,28.65,28.65,28.65,100,0
KTH.US,5,20250813,180000,28.65,28.65,28.65,28.65,100,0
KTH.US,5,20250813,180500,28.65,28.65,28.65,28.65,100,0
KTH.US,5,20250813,182000,28.7,28.7,28.7,28.7,100,0
KTH.US,5,20250813,182500,28.7,28.7,28.7,28.7,100,0
KTH.US,5,20250813,183000,28.7,28.7,28.7,28.7,100,0
KTH.US,5,20250813,184000,28.7,28.7,28.7,28.7,100,0
KTH.US,5,20250813,215500,28.72,28.72,28.7,28.7,200,0
KTH.US,5,20250814,175500,28.6872,28.6872,28.6872,28.6872,300,0
KTH.US,5,20250815,185000,28.6201,28.6201,28.6201,28.6201,170,0
KTH.US,5,20250815,213500,28.66,28.7,28.66,28.7,1709,0
KTH.US,5,20250818,161500,28.64,28.64,28.64,28.64,100,0
KTH.US,5,20250818,172500,28.7381,28.7381,28.7381,28.7381,600,0
KTH.US,5,20250818,174500,28.64,28.64,28.53,28.6201,2973,0
KTH.US,5,20250818,191000,28.55,28.55,28.55,28.55,100,0
KTH.US,5,20250818,210500,28.55,28.55,28.55,28.55,100,0
KTH.US,5,20250818,212000,28.65,28.65,28.65,28.65,100,0
KTH.US,5,20250818,213500,28.55,28.55,28.55,28.55,100,0
KTH.US,5,20250819,180500,28.8408,28.8408,28.8408,28.8408,600,0
KTH.US,5,20250820,204500,28.7652,28.7652,28.7652,28.7652,800,0
KTH.US,5,20250821,161500,28.64,28.64,28.64,28.64,897,0
KTH.US,5,20250821,215000,28.86,28.88,28.86,28.88,1600,0
KTH.US,5,20250822,184500,28.78,28.78,28.78,28.78,100,0
KTH.US,5,20250822,185000,28.84,28.84,28.84,28.84,100,0
KTH.US,5,20250822,215500,28.868,28.88,28.86,28.88,500,0
KTH.US,5,20250825,205500,28.92,28.92,28.92,28.92,100,0
KTH.US,5,20250825,212500,28.885,28.885,28.885,28.885,365,0
KTH.US,5,20250826,161500,28.7302,28.7302,28.7302,28.7302,100,0
KTH.US,5,20250826,213500,28.7768,28.7768,28.7768,28.7768,100,0
KTH.US,5,20250827,184500,28.74,28.74,28.74,28.74,150,0
KTH.US,5,20250828,170500,28.7201,28.7201,28.7201,28.7201,255,0
KTH.US,5,20250828,195000,28.86,28.86,28.86,28.86,756,0
KTH.US,5,20250902,194500,29.19,29.19,28.75,28.75,200,0
KTH.US,5,20250903,165500,29.22,29.22,28.8965,28.8965,400,0
KTH.US,5,20250903,170000,29.21,29.21,29.21,29.21,100,0
KTH.US,5,20250904,193500,28.9186,28.9186,28.9186,28.9186,200,0
KTH.US,5,20250904,200000,28.9257,28.9257,28.9257,28.9257,160,0
KTH.US,5,20250908,164500,29.02,29.02,29.02,29.02,100,0
KTH.US,5,20250908,174500,29.747,29.747,29.747,29.747,250,0
KTH.US,5,20250908,182000,29.04,29.04,29,29,594,0
KTH.US,5,20250908,185500,29,29,29,29,295,0
KTH.US,5,20250908,191500,29,29,29,29,100,0
KTH.US,5,20250908,193000,29.1,29.1,29.05,29.1,916,0
KTH.US,5,20250908,202000,29,29,29,29,100,0
KTH.US,5,20250910,153000,29.1492,29.1492,29.1492,29.1492,201,0
KTH.US,5,20250911,182500,29.1029,29.1029,29.1029,29.1029,103,0
KTH.US,5,20250912,173500,29.3405,29.3405,29.3405,29.3405,100,0
KTH.US,5,20250915,215500,29.28,29.28,29.28,29.28,120,0
KTH.US,5,20250916,180000,29.5,29.5,29.5,29.5,100,0
KTH.US,5,20250916,215500,29.28,29.28,29.28,29.28,250,0
KTH.US,5,20250918,215500,29.33,29.3556,29.33,29.3556,350,0
KTH.US,5,20250922,171500,29.245,29.245,29.245,29.245,200,0
KTH.US,5,20250922,193000,29,29,29,29,165,0
KTH.US,5,20250923,171500,29.0696,29.0696,29.0696,29.0696,100,0
KTH.US,5,20250923,193000,29.265,29.265,29.265,29.265,200,0
KTH.US,5,20250923,203500,29.1706,29.1706,29.1706,29.1706,160,0
KTH.US,5,20250923,213500,29.48,29.4899,29.43,29.4899,646,0
KTH.US,5,20250924,183500,29.13,29.2641,29.12,29.2641,900,0
KTH.US,5,20250925,215500,29.25,29.25,29.25,29.25,400,0
KTH.US,5,20250926,205000,29.4599,29.4599,29.4599,29.4599,175,0
KTH.US,5,20250929,201000,29.219,29.219,29.219,29.219,100,0
KTH.US,5,20250930,173500,29.0704,29.0704,29.0704,29.0704,322,0
KTH.US,5,20250930,180000,29.25,29.25,29.05,29.05,600,0
KTH.US,5,20251002,210000,29.3419,29.3419,29.3419,29.3419,508,0
KTH.US,5,20251003,211500,29.06,29.06,29.06,29.06,250,0
KTH.US,5,20251007,161000,29.0812,29.0812,29.0812,29.0812,146,0
KTH.US,5,20251007,194000,29.245,29.245,29.05,29.24,1173,0
KTH.US,5,20251007,200500,29.24,29.24,29.24,29.24,100,0
KTH.US,5,20251009,164500,29.26,29.26,29.26,29.26,162,0
KTH.US,5,20251009,191500,29.375,29.375,29.375,29.375,333,0
KTH.US,5,20251009,195000,29.2619,29.2619,29.2619,29.2619,333,0
KTH.US,5,20251009,215000,29.26,29.26,29.26,29.26,542,0
KTH.US,5,20251010,213500,29.23,29.23,29.23,29.23,106,0
KTH.US,5,20251013,202500,29.4478,29.4478,29.4478,29.4478,140,0
KTH.US,5,20251014,180500,29.4396,29.4396,29.4396,29.4396,225,0
KTH.US,5,20251015,192500,29.28,29.28,29.28,29.28,243,0
KTH.US,5,20251015,214000,29.4,29.41,29.4,29.41,801,0
KTH.US,5,20251016,173000,29.3905,29.3905,29.3905,29.3905,300,0
KTH.US,5,20251016,173500,29.95,29.95,29.95,29.95,100,0
KTH.US,5,20251016,184500,30,30,30,30,100,0
KTH.US,5,20251016,200000,29.626,29.626,29.626,29.626,165,0
KTH.US,5,20251017,211000,29.74,29.74,29.74,29.74,100,0
KTH.US,5,20251020,173500,29.54,29.54,29.54,29.54,100,0
KTH.US,5,20251020,174000,29.41,29.54,29.4009,29.4009,1000,0
KTH.US,5,20251020,174500,29.4281,29.4281,29.41,29.41,550,0
KTH.US,5,20251020,175000,29.41,29.41,29.41,29.41,100,0
KTH.US,5,20251020,175500,29.54,29.54,29.54,29.54,380,0
KTH.US,5,20251020,184500,29.54,29.54,29.5399,29.5399,286,0
KTH.US,5,20251020,190000,29.89,29.89,29.89,29.89,100,0
KTH.US,5,20251021,214500,29.69,29.69,29.69,29.69,187,0
KTH.US,5,20251022,211500,29.72,29.74,29.72,29.74,676,0
KTH.US,5,20251022,212500,29.74,29.74,29.74,29.74,290,0
KTH.US,5,20251023,173000,29.74,29.74,29.74,29.74,100,0
KTH.US,5,20251023,215500,29.66,29.69,29.6285,29.6285,1472,0
KTH.US,5,20251024,153500,29.63,29.63,29.63,29.63,203,0
KTH.US,5,20251024,164000,29.69,29.69,29.69,29.69,100,0
KTH.US,5,20251024,171500,29.69,29.69,29.69,29.69,100,0
KTH.US,5,20251024,172000,29.69,29.69,29.69,29.69,898,0
KTH.US,5,20251024,174500,29.695,29.695,29.695,29.695,505,0
KTH.US,5,20251024,181500,29.74,29.75,29.74,29.7499,2300,0
KTH.US,5,20251024,182000,29.99,29.99,29.99,29.99,275,0
KTH.US,5,20251024,182500,29.99,29.99,29.99,29.99,419,0
KTH.US,5,20251024,185500,29.3545,29.3545,29.3545,29.3545,100,0
KTH.US,5,20251028,190000,29.7499,29.75,29.5743,29.5743,800,0
KTH.US,5,20251028,203000,29.5,29.5,29.5,29.5,100,0
KTH.US,5,20251029,143500,29.5,29.5,29.5,29.5,400,0
KTH.US,5,20251029,153000,29.74,29.74,29.74,29.74,100,0
KTH.US,5,20251029,164500,29.73,29.73,29.73,29.73,100,0
KTH.US,5,20251029,174000,29.73,29.73,29.7187,29.7187,344,0
KTH.US,5,20251029,180000,29.73,29.73,29.73,29.73,100,0
KTH.US,5,20251029,181500,29.51,29.51,29.51,29.51,840,0
KTH.US,5,20251029,190000,29.5317,29.5317,29.5317,29.5317,150,0
KTH.US,5,20251029,201000,29.32,29.33,29.29,29.29,800,0
KTH.US,5,20251029,204000,29.67,29.67,29.67,29.67,400,0
KTH.US,5,20251030,155500,28.3,28.3,28.27,28.27,345,0
KTH.US,5,20251030,161000,28.35,28.36,28.31,28.31,400,0
KTH.US,5,20251030,191000,28.651,28.651,28.651,28.651,176,0
KTH.US,5,20251030,195000,28.3501,28.3521,28.3501,28.3501,400,0
KTH.US,5,20251031,154500,28.8138,28.8138,28.8138,28.8138,220,0
KTH.US,5,20251031,162500,28.6,28.6,28.6,28.6,100,0
KTH.US,5,20251103,163000,28.4862,28.4862,28.4862,28.4862,300,0
KTH.US,5,20251103,163500,28.49,28.49,28.49,28.49,200,0
KTH.US,5,20251103,190000,28.54,28.575,28.3801,28.575,1000,0
KTH.US,5,20251103,203000,28.5,28.5,28.5,28.5,333,0
KTH.US,5,20251104,153000,28.5,28.5,28.5,28.5,322,0
KTH.US,5,20251104,164000,28.5,28.5,28.5,28.5,2200,0
KTH.US,5,20251104,165000,28.655,28.655,28.655,28.655,942,0
KTH.US,5,20251104,193000,28.5607,28.5607,28.5607,28.5607,500,0
KTH.US,5,20251106,160000,28.46,28.46,28.45,28.45,300,0
KTH.US,5,20251107,153500,28.45,28.45,28.35,28.35,200,0
KTH.US,5,20251110,212500,28.42,28.42,28.42,28.42,100,0
KTH.US,5,20251111,153500,28.42,28.42,28.42,28.42,100,0
KTH.US,5,20251111,164000,28.36,28.3601,28.35,28.35,568,0
KTH.US,5,20251111,181500,28.48,28.48,28.48,28.48,100,0
KTH.US,5,20251111,190000,28.48,28.48,28.48,28.48,100,0
KTH.US,5,20251111,194500,28.48,28.48,28.48,28.48,100,0
KTH.US,5,20251111,203000,28.48,28.48,28.48,28.48,100,0
KTH.US,5,20251111,210500,28.48,28.48,28.48,28.48,100,0
KTH.US,5,20251111,215500,28.49,28.49,28.49,28.49,100,0
KTH.US,5,20251112,160500,28.34,28.34,28.34,28.34,100,0
KTH.US,5,20251112,163500,28.47,28.5,28.452,28.452,807,0
KTH.US,5,20251112,164000,28.4663,28.4663,28.4663,28.4663,130,0
KTH.US,5,20251112,164500,28.4738,28.4738,28.4738,28.4738,100,0
KTH.US,5,20251112,165000,28.452,28.452,28.452,28.452,500,0
KTH.US,5,20251112,165500,28.5,28.5,28.452,28.452,1100,0
KTH.US,5,20251112,170000,28.452,28.5,28.452,28.5,1442,0
KTH.US,5,20251112,192500,28.48,28.48,28.43,28.43,300,0
KTH.US,5,20251117,215500,28.43,28.43,28.43,28.43,400,0
KTH.US,5,20251118,164000,28.4594,28.4594,28.4594,28.4594,316,0
KTH.US,5,20251118,184500,28.49,28.49,28.49,28.49,415,0
KTH.US,5,20251118,191500,28.49,28.49,28.49,28.49,143,0
KTH.US,5,20251118,210500,28.49,28.49,28.49,28.49,1194,0
KTH.US,5,20251119,153500,28.32,28.6,28.32,28.6,1000,0
KTH.US,5,20251119,185500,28.1858,28.1858,28.1858,28.1858,130,0
KTH.US,5,20251119,200500,28.5131,28.5131,28.5131,28.5131,200,0
KTH.US,5,20251120,190500,28.24,28.24,28.24,28.24,100,0
KTH.US,5,20251120,203000,28.4,28.4,28.4,28.4,229,0
KTH.US,5,20251121,155500,28.7126,28.7126,28.7126,28.7126,466,0
KTH.US,5,20251124,153500,29,29,28.95,28.95,9141,0
KTH.US,5,20251124,181500,28.81,28.81,28.77,28.78,700,0
KTH.US,5,20251124,194500,28.2473,28.2473,28.2473,28.2473,750,0
KTH.US,5,20251124,215500,28.83,28.85,28.83,28.85,500,0
KTH.US,5,20251128,154000,28.35,28.35,28.33,28.3301,1400,0
KTH.US,5,20251128,164500,28.475,28.4952,28.475,28.4952,200,0
KTH.US,5,20251128,171500,28.5156,28.5156,28.5156,28.5156,250,0
KTH.US,5,20251128,180000,28.5,28.5,28.5,28.5,400,0
KTH.US,5,20251201,195000,28.637,28.637,28.637,28.637,120,0
KTH.US,5,20251203,173500,28.6,28.6,28.6,28.6,100,0
KTH.US,5,20251205,212500,28.6,28.6,28.6,28.6,100,0
KTH.US,5,20251208,154500,29.19,29.19,29,29.18,1344,0
KTH.US,5,20251211,205500,28.598,28.598,28.598,28.598,209,0
KTH.US,5,20251211,212000,28.587,28.587,28.587,28.587,394,0
KTH.US,5,20251211,215500,28.6,28.6,28.6,28.6,100,0
KTH.US,5,20251212,213000,28.41,28.41,28.41,28.41,1150,0
KTH.US,5,20251212,214500,28.705,28.705,28.705,28.705,100,0
KTH.US,5,20251215,193500,28.79,28.79,28.79,28.79,100,0
KTH.US,5,20251216,163000,28.6536,28.6536,28.6536,28.6536,152,0
KTH.US,5,20251216,171000,28.6,28.6,28.5226,28.5226,225,0
KTH.US,5,20251217,162000,28.48,28.48,28.48,28.48,150,0
KTH.US,5,20251217,165500,28.635,28.635,28.635,28.635,443,0
KTH.US,5,20251217,170500,28.6731,28.6731,28.6731,28.6731,173,0
KTH.US,5,20251218,163500,28.53,28.53,28.52,28.52,301,0
KTH.US,5,20251218,172000,28.52,28.52,28.52,28.52,281,0
KTH.US,5,20251218,184000,28.54,28.5401,28.54,28.5401,224,0
KTH.US,5,20251218,184500,28.555,28.555,28.555,28.555,100,0
KTH.US,5,20251218,202000,28.555,28.555,28.555,28.555,100,0
KTH.US,5,20251218,212500,28.5337,28.5337,28.5337,28.5337,100,0
KTH.US,5,20251219,153000,28.6493,28.6493,28.6493,28.6493,250,0
KTH.US,5,20251219,182500,28.602,28.602,28.602,28.602,472,0
KTH.US,5,20251219,194000,28.6876,28.6876,28.6876,28.6876,300,0
KTH.US,5,20251219,195500,28.58,28.58,28.58,28.58,595,0
