<TICKER>,<PER>,<DATE>,<TIME>,<OPEN>,<HIGH>,<LOW>,<CLOSE>,<VOL>,<OPENINT>
FAD.US,5,20250728,160500,151.37,151.37,151.25,151.25,200,0
FAD.US,5,20250728,161500,151.31,151.31,151.31,151.31,123,0
FAD.US,5,20250728,173500,150.6735,150.69,150.6735,150.69,281,0
FAD.US,5,20250728,175500,150.78,150.78,150.78,150.78,1900,0
FAD.US,5,20250728,185500,150.9,150.9,150.9,150.9,866,0
FAD.US,5,20250728,193000,150.8435,150.8435,150.8435,150.8435,147,0
FAD.US,5,20250728,204500,150.78,150.78,150.78,150.78,100,0
FAD.US,5,20250729,153000,151.6,151.6,151.6,151.6,118,0
FAD.US,5,20250729,161000,151.0956,151.0956,151.0956,151.0956,184,0
FAD.US,5,20250729,162500,151.155,151.155,151.155,151.155,126,0
FAD.US,5,20250729,172500,150.09,150.09,150.09,150.09,100,0
FAD.US,5,20250729,174000,149.915,149.915,149.89,149.89,536,0
FAD.US,5,20250729,175500,150.205,150.205,150.205,150.205,200,0
FAD.US,5,20250729,185000,150.21,150.21,150.21,150.21,100,0
FAD.US,5,20250729,190000,150.37,150.37,150.37,150.37,165,0
FAD.US,5,20250729,190500,150.52,150.52,150.515,150.515,200,0
FAD.US,5,20250730,153000,150.76,150.76,150.76,150.76,124,0
FAD.US,5,20250730,161000,151.0282,151.0282,151.0282,151.0282,238,0
FAD.US,5,20250730,174500,151.435,151.4499,151.315,151.315,6184,0
FAD.US,5,20250730,192500,151.8055,151.8055,151.8055,151.8055,112,0
FAD.US,5,20250730,194000,151.712,151.712,151.712,151.712,350,0
FAD.US,5,20250730,203000,151.97,151.97,151.97,151.97,108,0
FAD.US,5,20250730,214000,150.0935,150.0935,150.0935,150.0935,104,0
FAD.US,5,20250731,163000,152.018,152.018,152.018,152.018,1260,0
FAD.US,5,20250731,164500,152.1661,152.1661,152.1661,152.1661,222,0
FAD.US,5,20250731,190000,151.5145,151.5145,151.5145,151.5145,161,0
FAD.US,5,20250731,190500,151.5017,151.5017,151.5017,151.5017,128,0
FAD.US,5,20250731,202500,150.685,150.685,150.685,150.685,226,0
FAD.US,5,20250731,212500,150.7374,150.7374,150.7374,150.7374,131,0
FAD.US,5,20250731,215000,149.93,149.93,149.93,149.93,100,0
FAD.US,5,20250801,153000,148.25,148.25,148.25,148.25,141,0
FAD.US,5,20250801,164000,147.51,147.51,147.51,147.51,258,0
FAD.US,5,20250801,171000,147.28,147.28,147.2,147.2,1000,0
FAD.US,5,20250801,171500,147.11,147.18,147.11,147.18,247,0
FAD.US,5,20250801,183000,148.29,148.4471,148.29,148.335,2627,0
FAD.US,5,20250801,184000,148.2,148.2,148.2,148.2,300,0
FAD.US,5,20250801,192500,147.16,147.16,147.16,147.16,200,0
FAD.US,5,20250801,193500,147.05,147.05,147.05,147.05,200,0
FAD.US,5,20250801,214500,147.6163,147.6163,147.6163,147.6163,100,0
FAD.US,5,20250804,170500,149.5,149.59,149.5,149.59,287,0
FAD.US,5,20250804,180500,149.7799,149.7799,149.7799,149.7799,197,0
FAD.US,5,20250804,182000,149.74,149.74,149.74,149.74,300,0
FAD.US,5,20250804,185500,150,150.01,150,150.01,300,0
FAD.US,5,20250804,201500,150.04,150.04,150.04,150.04,11687,0
FAD.US,5,20250804,202000,150.10081,150.217,150.10081,150.217,682,0
FAD.US,5,20250804,202500,150.2148,150.2148,150.0908,150.0908,280,0
FAD.US,5,20250804,211000,150.1631,150.1631,150.1631,150.1631,105,0
FAD.US,5,20250804,213000,150.48,150.58,150.48,150.58,9890,0
FAD.US,5,20250804,214000,150.58,150.58,150.4489,150.54,3901,0
FAD.US,5,20250804,214500,150.54,150.545,150.5223,150.54,1040,0
FAD.US,5,20250804,215000,150.47,150.49,150.35,150.48,2396,0
FAD.US,5,20250804,215500,150.63,150.65,150.5117,150.65,1807,0
FAD.US,5,20250805,155000,151.37,151.43,151.37,151.405,4800,0
FAD.US,5,20250805,160000,150.7867,150.7867,150.7867,150.7867,128,0
FAD.US,5,20250805,161500,150.63,150.63,150.63,150.63,100,0
FAD.US,5,20250805,162000,150.49,150.49,150.49,150.49,100,0
FAD.US,5,20250805,165000,149.07,149.07,149.07,149.07,127,0
FAD.US,5,20250805,183500,149.9772,149.9772,149.885,149.885,2728,0
FAD.US,5,20250805,184000,149.8,149.8,149.7,149.7,1371,0
FAD.US,5,20250805,200500,150.14,150.14,150.14,150.14,100,0
FAD.US,5,20250805,210000,149.835,149.835,149.835,149.835,423,0
FAD.US,5,20250805,210500,149.8301,149.8301,149.8301,149.8301,307,0
FAD.US,5,20250805,213500,150.03,150.03,150.03,150.03,100,0
FAD.US,5,20250805,214500,150.04,150.04,150.04,150.04,285,0
FAD.US,5,20250805,215500,150.0277,150.0277,150,150,2532,0
FAD.US,5,20250806,153000,150.55,150.55,150.55,150.55,144,0
FAD.US,5,20250806,171000,149.94,149.94,149.94,149.94,500,0
FAD.US,5,20250806,172000,150.07,150.07,149.948,150.0488,1449,0
FAD.US,5,20250806,180000,150.17,150.2099,150.05,150.2099,318,0
FAD.US,5,20250806,181000,150.2799,150.2799,150.2799,150.2799,120,0
FAD.US,5,20250806,181500,150.259,150.259,150.259,150.259,319,0
FAD.US,5,20250806,190000,150.29,150.29,150.29,150.29,333,0
FAD.US,5,20250806,191500,150.16,150.16,150.16,150.16,159,0
FAD.US,5,20250806,194000,150.22,150.22,150.22,150.22,100,0
FAD.US,5,20250806,195500,150.055,150.055,150.055,150.055,115,0
FAD.US,5,20250806,204500,150.225,150.225,150.225,150.225,118,0
FAD.US,5,20250806,210000,150.38,150.38,150.38,150.38,108,0
FAD.US,5,20250806,212500,150.656,150.656,150.656,150.656,188,0
FAD.US,5,20250806,214000,150.5356,150.5356,150.5356,150.5356,293,0
FAD.US,5,20250807,155000,151.5339,151.5339,151.5339,151.5339,214,0
FAD.US,5,20250807,174000,149.8186,149.8186,149.8186,149.8186,400,0
FAD.US,5,20250807,181000,149.81,149.9201,149.81,149.9201,805,0
FAD.US,5,20250807,181500,149.8247,149.8247,149.8247,149.8247,506,0
FAD.US,5,20250807,182000,149.96,149.96,149.96,149.96,100,0
FAD.US,5,20250807,183000,149.895,149.895,149.895,149.895,383,0
FAD.US,5,20250807,184500,149.19,149.21,149.19,149.21,386,0
FAD.US,5,20250807,185000,149.25,149.36,149.25,149.36,599,0
FAD.US,5,20250807,185500,149.4372,149.4372,149.4372,149.4372,250,0
FAD.US,5,20250807,192000,149.44,149.44,149.44,149.44,100,0
FAD.US,5,20250807,194500,149.4,149.4,149.4,149.4,100,0
FAD.US,5,20250807,201000,149.19,149.289,149.19,149.289,556,0
FAD.US,5,20250807,205500,149.5419,149.5419,149.5419,149.5419,249,0
FAD.US,5,20250807,210500,149.589,149.589,149.4922,149.4922,1506,0
FAD.US,5,20250807,212000,149.37,149.37,149.37,149.37,256,0
FAD.US,5,20250807,212500,149.54,149.54,149.3501,149.3501,1010,0
FAD.US,5,20250807,213500,149.82,149.82,149.82,149.82,336,0
FAD.US,5,20250807,214000,149.679,149.68,149.679,149.68,480,0
FAD.US,5,20250807,214500,150.03,150.04,150.03,150.035,10192,0
FAD.US,5,20250808,154000,150.7638,150.7638,150.7638,150.7638,206,0
FAD.US,5,20250808,164500,150.6337,150.6337,150.6337,150.6337,192,0
FAD.US,5,20250808,180500,150.5,150.51,150.5,150.51,17895,0
FAD.US,5,20250808,181000,150.59,150.62,150.485,150.485,654,0
FAD.US,5,20250808,203000,150.065,150.065,150.065,150.065,171,0
FAD.US,5,20250808,214000,150.14,150.14,150.14,150.14,100,0
FAD.US,5,20250811,172500,150.3996,150.3996,150.3996,150.3996,100,0
FAD.US,5,20250811,174000,150.28,150.28,150.28,150.28,184,0
FAD.US,5,20250811,185000,150.26,150.26,150.26,150.26,114,0
FAD.US,5,20250811,201500,149.975,149.975,149.975,149.975,115,0
FAD.US,5,20250811,204500,150,150,150,150,100,0
FAD.US,5,20250811,215000,149.48,149.48,149.48,149.48,100,0
FAD.US,5,20250811,215500,149.7189,149.7189,149.7189,149.7189,124,0
FAD.US,5,20250812,153000,150.77,150.77,150.77,150.77,198,0
FAD.US,5,20250812,165000,151.51,151.51,151.51,151.51,125,0
FAD.US,5,20250812,172500,151.65,151.65,151.65,151.65,109,0
FAD.US,5,20250812,182000,151.88,151.88,151.88,151.88,346,0
FAD.US,5,20250812,190500,152.12,152.12,152.12,152.12,677,0
FAD.US,5,20250812,212500,152.75,152.75,152.75,152.75,1016,0
FAD.US,5,20250813,153000,153.6,153.6,153.6,153.6,120,0
FAD.US,5,20250813,162000,153.0175,153.0175,153.0175,153.0175,100,0
FAD.US,5,20250813,172500,152.6575,152.6575,152.6575,152.6575,130,0
FAD.US,5,20250813,173500,152.555,152.555,152.555,152.555,100,0
FAD.US,5,20250813,180500,152.6739,152.6739,152.6739,152.6739,169,0
FAD.US,5,20250813,193500,152.96,152.96,152.96,152.96,100,0
FAD.US,5,20250813,215000,153.8657,153.92,153.8657,153.92,311,0
FAD.US,5,20250814,163000,152.65,152.65,152.35,152.35,319,0
FAD.US,5,20250814,165500,152.68,152.79,152.6613,152.6613,400,0
FAD.US,5,20250814,172500,151.8245,151.8245,151.8245,151.8245,100,0
FAD.US,5,20250814,183000,151.43,151.43,151.43,151.43,10593,0
FAD.US,5,20250814,184000,151.4716,151.4716,151.4716,151.4716,109,0
FAD.US,5,20250814,184500,151.585,151.585,151.585,151.585,241,0
FAD.US,5,20250814,192000,151.8264,151.8264,151.8264,151.8264,171,0
FAD.US,5,20250814,200500,151.8062,151.8062,151.8062,151.8062,223,0
FAD.US,5,20250814,202000,151.83,151.83,151.83,151.83,132,0
FAD.US,5,20250814,211000,152.2418,152.2418,152.2418,152.2418,529,0
FAD.US,5,20250814,213000,152.16,152.16,152.16,152.16,159,0
FAD.US,5,20250814,214500,152.2698,152.2698,152.2698,152.2698,179,0
FAD.US,5,20250815,164000,151.6814,151.6814,151.6814,151.6814,114,0
FAD.US,5,20250815,173500,151.8528,151.8528,151.8528,151.8528,339,0
FAD.US,5,20250815,175000,151.81,151.81,151.81,151.81,170,0
FAD.US,5,20250815,180000,151.7836,151.7836,151.7836,151.7836,168,0
FAD.US,5,20250815,201500,152.17,152.17,151.97,152.1316,636,0
FAD.US,5,20250815,202500,152.076,152.076,152.076,152.076,100,0
FAD.US,5,20250815,212500,152.06,152.11,152.06,152.11,558,0
FAD.US,5,20250815,213000,152.1101,152.17,152.11,152.17,702,0
FAD.US,5,20250815,214000,152.055,152.055,152.055,152.055,100,0
FAD.US,5,20250818,153000,151.69,151.69,151.69,151.69,489,0
FAD.US,5,20250818,154000,152.06,152.06,152.06,152.06,122,0
FAD.US,5,20250818,160500,152.28,152.28,152.28,152.28,100,0
FAD.US,5,20250818,163500,152.5909,152.5909,152.5909,152.5909,151,0
FAD.US,5,20250818,164500,152.42,152.42,152.355,152.355,200,0
FAD.US,5,20250818,165000,152.6397,152.6397,152.6397,152.6397,387,0
FAD.US,5,20250818,185500,152.38,152.38,152.38,152.38,160,0
FAD.US,5,20250818,201000,152.75,152.75,152.75,152.75,100,0
FAD.US,5,20250818,203000,152.8192,152.8192,152.8192,152.8192,107,0
FAD.US,5,20250818,204000,152.84,152.84,152.745,152.745,337,0
FAD.US,5,20250819,153000,152.87,152.87,152.87,152.87,129,0
FAD.US,5,20250819,161500,152.73,152.73,152.73,152.73,100,0
FAD.US,5,20250819,162500,152.5223,152.5223,152.5223,152.5223,100,0
FAD.US,5,20250819,163000,152.3765,152.3765,152.3765,152.3765,100,0
FAD.US,5,20250819,164500,152.21,152.21,152.21,152.21,100,0
FAD.US,5,20250819,170000,151.8036,151.8036,151.8036,151.8036,482,0
FAD.US,5,20250819,170500,151.68,151.68,151.68,151.68,120,0
FAD.US,5,20250819,171000,151.71,151.71,151.71,151.71,100,0
FAD.US,5,20250819,174000,151.9199,151.9199,151.9199,151.9199,164,0
FAD.US,5,20250819,184000,151.165,151.165,151.165,151.165,365,0
FAD.US,5,20250819,191000,150.93,150.93,150.91,150.91,200,0
FAD.US,5,20250819,193000,150.92,150.92,150.92,150.92,156,0
FAD.US,5,20250819,194000,150.98,150.98,150.98,150.98,200,0
FAD.US,5,20250819,211500,150.91,150.91,150.91,150.91,100,0
FAD.US,5,20250820,153000,150.82,150.82,150.82,150.82,184,0
FAD.US,5,20250820,161000,149.21,149.21,149.21,149.21,100,0
FAD.US,5,20250820,163500,149.2,149.2,149.2,149.2,205,0
FAD.US,5,20250820,174000,150.255,150.255,150.255,150.255,169,0
FAD.US,5,20250820,184000,150.3,150.3,150.3,150.3,100,0
FAD.US,5,20250820,211500,150.6412,150.6412,150.6412,150.6412,681,0
FAD.US,5,20250821,153000,150.53,150.53,150.53,150.53,125,0
FAD.US,5,20250821,154500,150.135,150.135,150.135,150.135,140,0
FAD.US,5,20250821,174000,151.11,151.11,151.11,151.11,200,0
FAD.US,5,20250821,181500,150.73,150.73,150.73,150.73,100,0
FAD.US,5,20250821,182500,150.71,150.71,150.71,150.71,446,0
FAD.US,5,20250821,191500,150.1495,150.1495,150.1495,150.1495,334,0
FAD.US,5,20250821,192500,150.135,150.135,150.135,150.135,170,0
FAD.US,5,20250821,201500,150.8403,150.8403,150.6132,150.6132,298,0
FAD.US,5,20250822,173000,154.9,154.9,154.9,154.9,100,0
FAD.US,5,20250822,174500,154.5627,154.5627,154.5627,154.5627,118,0
FAD.US,5,20250822,190500,154.6288,154.6288,154.6288,154.6288,148,0
FAD.US,5,20250822,201000,154.33,154.33,154.33,154.33,100,0
FAD.US,5,20250822,211000,154.255,154.255,154.13,154.13,852,0
FAD.US,5,20250822,211500,154.255,154.255,154.255,154.255,274,0
FAD.US,5,20250822,213500,153.98,153.98,153.98,153.98,171,0
FAD.US,5,20250825,154000,154.2299,154.2299,154.2299,154.2299,100,0
FAD.US,5,20250825,174000,153.93,153.93,153.93,153.93,100,0
FAD.US,5,20250825,184000,153.83566,153.83566,153.83566,153.83566,105,0
FAD.US,5,20250825,192500,153.66,153.66,153.66,153.66,100,0
FAD.US,5,20250825,193500,153.65,153.65,153.65,153.65,100,0
FAD.US,5,20250825,194000,153.65,153.65,153.65,153.65,825,0
FAD.US,5,20250825,215000,153.399,153.399,153.399,153.399,465,0
FAD.US,5,20250826,155000,154.061,154.061,154.061,154.061,222,0
FAD.US,5,20250826,165500,154.35,154.35,154.35,154.35,175,0
FAD.US,5,20250826,172500,154.265,154.265,154.265,154.265,100,0
FAD.US,5,20250826,181000,154.3,154.3,154.3,154.3,179,0
FAD.US,5,20250826,183500,154.56,154.56,154.56,154.56,100,0
FAD.US,5,20250826,213000,154.625,154.625,154.625,154.625,131,0
FAD.US,5,20250826,214000,154.27,154.27,154.27,154.27,100,0
FAD.US,5,20250826,215500,154.92,154.92,154.92,154.92,185,0
FAD.US,5,20250827,153000,154.99,154.99,154.99,154.99,117,0
FAD.US,5,20250827,154000,155.07,155.07,155.07,155.07,139,0
FAD.US,5,20250827,162500,155.366,155.366,155.366,155.366,114,0
FAD.US,5,20250827,163500,155.36,155.36,155.36,155.36,3284,0
FAD.US,5,20250827,170000,155.34,155.34,155.34,155.34,8570,0
FAD.US,5,20250827,171500,155.4278,155.4278,155.4278,155.4278,126,0
FAD.US,5,20250827,174500,155.37,155.37,155.37,155.37,212,0
FAD.US,5,20250827,181500,155.13,155.19,155.13,155.13,800,0
FAD.US,5,20250827,182000,155.12,155.12,155.12,155.12,200,0
FAD.US,5,20250827,191000,155.27,155.27,155.27,155.27,100,0
FAD.US,5,20250827,194000,155.2993,155.2993,155.2993,155.2993,129,0
FAD.US,5,20250827,201500,155.4164,155.4164,155.4164,155.4164,393,0
FAD.US,5,20250827,202500,155.3742,155.3742,155.3742,155.3742,308,0
FAD.US,5,20250827,204000,155.49,155.49,155.49,155.49,100,0
FAD.US,5,20250827,205000,155.6111,155.6111,155.6111,155.6111,101,0
FAD.US,5,20250827,205500,155.39,155.39,155.39,155.39,100,0
FAD.US,5,20250827,210000,155.46791,155.46791,155.46791,155.46791,154,0
FAD.US,5,20250828,153000,155.75,155.75,155.75,155.75,106,0
FAD.US,5,20250828,173500,155.995,155.995,155.995,155.995,381,0
FAD.US,5,20250828,175000,156.1735,156.1735,156.1735,156.1735,115,0
FAD.US,5,20250828,183000,156.15,156.15,156.15,156.15,640,0
FAD.US,5,20250828,185000,156.4498,156.45,156.4498,156.45,500,0
FAD.US,5,20250828,185500,156.25,156.26,156.25,156.26,300,0
FAD.US,5,20250828,191500,156.25,156.25,156.25,156.25,350,0
FAD.US,5,20250828,192000,156.3999,156.3999,156.3999,156.3999,350,0
FAD.US,5,20250828,210000,156.5094,156.5094,156.5094,156.5094,300,0
FAD.US,5,20250828,214000,156.335,156.345,156.335,156.345,270,0
FAD.US,5,20250829,153000,156.55,156.55,156.55,156.55,239,0
FAD.US,5,20250829,163500,155.03512,155.03512,155.03512,155.03512,250,0
FAD.US,5,20250829,165000,154.5506,154.5506,154.5506,154.5506,114,0
FAD.US,5,20250829,180000,154.753,154.753,154.753,154.753,232,0
FAD.US,5,20250829,192000,154.8227,154.8227,154.8227,154.8227,161,0
FAD.US,5,20250829,200500,154.8312,154.8312,154.8312,154.8312,304,0
FAD.US,5,20250829,215000,154.96,154.96,154.96,154.96,128,0
FAD.US,5,20250829,215500,155.24,155.24,155.24,155.24,100,0
FAD.US,5,20250902,160000,154,154,153.71,153.71,23687,0
FAD.US,5,20250902,172000,153.3448,153.3448,153.3448,153.3448,625,0
FAD.US,5,20250902,172500,153.25,153.54,153.25,153.54,871,0
FAD.US,5,20250902,180500,152.77,152.77,152.77,152.77,228,0
FAD.US,5,20250902,181500,152.92,152.92,152.92,152.92,137,0
FAD.US,5,20250902,183000,152.77,152.77,152.77,152.77,100,0
FAD.US,5,20250902,184000,152.8045,152.8045,152.8045,152.8045,328,0
FAD.US,5,20250902,190000,153.3673,153.3673,153.3673,153.3673,208,0
FAD.US,5,20250902,192000,153.4099,153.4099,153.4099,153.4099,213,0
FAD.US,5,20250902,193500,153.58,153.58,153.58,153.58,100,0
FAD.US,5,20250902,195000,153.9199,153.9199,153.9199,153.9199,195,0
FAD.US,5,20250902,201500,153.6,153.6,153.6,153.6,269,0
FAD.US,5,20250902,215000,153.99,153.99,153.99,153.99,391,0
FAD.US,5,20250903,153000,154.58,154.58,154.58,154.58,135,0
FAD.US,5,20250903,161500,153.99,153.99,153.99,153.99,100,0
FAD.US,5,20250903,164500,154.4485,154.4485,154.4485,154.4485,100,0
FAD.US,5,20250903,173000,154,154,154,154,111,0
FAD.US,5,20250903,182500,154.0221,154.0221,154.0221,154.0221,175,0
FAD.US,5,20250903,183000,154.01,154.01,154.01,154.01,101,0
FAD.US,5,20250903,191000,153.9553,153.9553,153.9553,153.9553,300,0
FAD.US,5,20250904,160500,153.8135,153.8135,153.8135,153.8135,155,0
FAD.US,5,20250904,171500,154.5561,154.5561,154.5561,154.5561,378,0
FAD.US,5,20250904,172000,154.79,154.79,154.7666,154.7666,1950,0
FAD.US,5,20250904,174500,154.825,154.825,154.825,154.825,114,0
FAD.US,5,20250904,175500,154.8655,154.8655,154.8655,154.8655,135,0
FAD.US,5,20250904,180000,154.6201,154.6201,154.6201,154.6201,236,0
FAD.US,5,20250904,181500,154.77,154.77,154.77,154.77,351,0
FAD.US,5,20250904,200000,155.08655,155.08655,155.08655,155.08655,138,0
FAD.US,5,20250904,203000,155.27,155.27,155.26,155.26,300,0
FAD.US,5,20250904,203500,155.1402,155.1402,155.1402,155.1402,943,0
FAD.US,5,20250904,205000,155.14,155.18,155.1,155.18,702,0
FAD.US,5,20250904,210000,155.26,155.27,155.17,155.27,642,0
FAD.US,5,20250904,211000,155.28,155.28,155.28,155.28,100,0
FAD.US,5,20250904,212500,155.41,155.41,155.41,155.41,1651,0
FAD.US,5,20250904,214000,155.46,155.46,155.46,155.46,134,0
FAD.US,5,20250905,153000,156.91,156.91,156.91,156.91,259,0
FAD.US,5,20250905,160000,155.968,155.968,155.968,155.968,164,0
FAD.US,5,20250905,161500,155.275,155.4,155.275,155.4,1421,0
FAD.US,5,20250905,173500,154.7243,154.9794,154.7243,154.9794,1219,0
FAD.US,5,20250905,180000,154.78,154.78,154.78,154.78,193,0
FAD.US,5,20250905,181500,155.0999,155.0999,155.0999,155.0999,250,0
FAD.US,5,20250905,185500,154.82,154.82,154.82,154.82,315,0
FAD.US,5,20250905,190500,155.0007,155.0007,154.965,154.965,595,0
FAD.US,5,20250905,193000,155.145,155.145,155.145,155.145,165,0
FAD.US,5,20250905,193500,154.9927,154.9927,154.9927,154.9927,137,0
FAD.US,5,20250905,194000,154.7225,154.7225,154.7225,154.7225,214,0
FAD.US,5,20250905,194500,154.731,154.731,154.731,154.731,151,0
FAD.US,5,20250908,155000,156.57,156.57,156.57,156.57,214,0
FAD.US,5,20250908,164500,156.785,156.785,156.785,156.785,145,0
FAD.US,5,20250908,172500,157.09,157.09,157.09,157.09,211,0
FAD.US,5,20250908,173500,156.89,156.89,156.89,156.89,100,0
FAD.US,5,20250908,183000,157.01,157.01,156.7112,156.7112,302,0
FAD.US,5,20250908,213500,157.04,157.04,157.04,157.04,1829,0
FAD.US,5,20250908,214000,156.985,156.985,156.985,156.985,159,0
FAD.US,5,20250908,215000,156.9575,157.1,156.9575,157.1,368,0
FAD.US,5,20250909,153000,157.31,157.31,157.31,157.31,118,0
FAD.US,5,20250909,154000,156.759,156.759,156.759,156.759,144,0
FAD.US,5,20250909,160000,156.7428,156.7428,156.7428,156.7428,170,0
FAD.US,5,20250909,161000,156.736,156.736,156.736,156.736,119,0
FAD.US,5,20250909,172500,156.4612,156.4612,156.4612,156.4612,185,0
FAD.US,5,20250909,175500,156.252,156.252,156.252,156.252,125,0
FAD.US,5,20250909,181000,156.5975,156.5975,156.5975,156.5975,125,0
FAD.US,5,20250909,183000,156.49,156.49,156.46,156.46,843,0
FAD.US,5,20250909,183500,156.68,156.68,156.5636,156.5636,3094,0
FAD.US,5,20250909,184000,156.58,156.58,156.58,156.58,198,0
FAD.US,5,20250909,190000,156.54,156.54,156.54,156.54,100,0
FAD.US,5,20250909,192000,156.4501,156.4501,156.4501,156.4501,100,0
FAD.US,5,20250909,195500,156.74954,156.74954,156.74954,156.74954,114,0
FAD.US,5,20250909,200000,156.78,156.78,156.78,156.78,195,0
FAD.US,5,20250909,200500,156.93,156.93,156.93,156.93,158,0
FAD.US,5,20250909,201500,156.92,156.92,156.92,156.92,300,0
FAD.US,5,20250909,210000,157.1575,157.1575,157.1575,157.1575,225,0
FAD.US,5,20250909,212000,157.0375,157.0375,157.0375,157.0375,113,0
FAD.US,5,20250910,153000,158.095,158.095,158.095,158.095,225,0
FAD.US,5,20250910,155000,158.33,158.33,158.33,158.33,115,0
FAD.US,5,20250910,160000,158.48,158.48,158.48,158.48,300,0
FAD.US,5,20250910,161500,158.29,158.29,158.29,158.29,185,0
FAD.US,5,20250910,165000,158.3,158.3,158.3,158.3,105,0
FAD.US,5,20250910,190000,158.06,158.06,158.06,158.06,100,0
FAD.US,5,20250910,204500,157.35,157.35,157.35,157.35,167,0
FAD.US,5,20250911,153000,158.31,158.3899,158.31,158.3899,440,0
FAD.US,5,20250911,155000,158.86,158.86,158.86,158.86,100,0
FAD.US,5,20250911,155500,158.8864,158.8864,158.709,158.709,321,0
FAD.US,5,20250911,161000,158.99,158.99,158.99,158.99,100,0
FAD.US,5,20250911,162500,159.015,159.015,159.015,159.015,100,0
FAD.US,5,20250911,170000,159.2756,159.29,159.2756,159.29,413,0
FAD.US,5,20250911,172500,159.46,159.46,159.46,159.46,160,0
FAD.US,5,20250911,174000,159.505,159.505,159.3863,159.3863,325,0
FAD.US,5,20250911,175500,159.6177,159.6177,159.6177,159.6177,470,0
FAD.US,5,20250911,182500,159.775,159.775,159.775,159.775,117,0
FAD.US,5,20250911,195500,159.7461,159.7461,159.555,159.575,1030,0
FAD.US,5,20250912,153500,159.48,159.48,159.48,159.48,156,0
FAD.US,5,20250912,162500,158.9288,158.9288,158.9288,158.9288,127,0
FAD.US,5,20250912,172000,158.8122,158.8122,158.8122,158.8122,150,0
FAD.US,5,20250912,180500,158.57,158.57,158.26,158.26,251,0
FAD.US,5,20250912,185000,158.729,158.729,158.729,158.729,150,0
FAD.US,5,20250912,190500,158.44,158.44,158.44,158.44,300,0
FAD.US,5,20250912,192500,158.725,158.725,158.725,158.725,200,0
FAD.US,5,20250912,193500,158.659,158.659,158.659,158.659,200,0
FAD.US,5,20250912,195500,158.774,158.774,158.774,158.774,200,0
FAD.US,5,20250912,201000,159.01,159.01,159.01,159.01,125,0
FAD.US,5,20250912,202000,158.92713,158.92713,158.92713,158.92713,202,0
FAD.US,5,20250912,202500,159.02,159.02,158.8895,158.8895,200,0
FAD.US,5,20250912,203500,159.0215,159.0215,159.0215,159.0215,150,0
FAD.US,5,20250912,205000,159.035,159.2083,158.9,159.2083,467,0
FAD.US,5,20250912,205500,159.074,159.074,159.074,159.074,200,0
FAD.US,5,20250912,212000,158.87,158.87,158.87,158.87,126,0
FAD.US,5,20250912,212500,158.77,158.77,158.76,158.76,300,0
FAD.US,5,20250912,213000,158.75,158.76,158.75,158.76,665,0
FAD.US,5,20250915,155000,159.41,159.415,159.41,159.415,283,0
FAD.US,5,20250915,161500,159.25,159.25,159.25,159.25,100,0
FAD.US,5,20250915,162500,159.2032,159.2032,159.2032,159.2032,356,0
FAD.US,5,20250915,173000,159.4,159.4,159.4,159.4,200,0
FAD.US,5,20250915,174500,159.31,159.31,159.31,159.31,400,0
FAD.US,5,20250915,175000,159.3769,159.3769,159.3769,159.3769,177,0
FAD.US,5,20250915,180500,159.56,159.56,159.56,159.56,100,0
FAD.US,5,20250915,181500,159.5619,159.5619,159.5619,159.5619,117,0
FAD.US,5,20250915,183000,159.55,159.55,159.55,159.55,130,0
FAD.US,5,20250915,184500,159.57,159.57,159.57,159.57,100,0
FAD.US,5,20250915,185000,159.56,159.56,159.56,159.56,444,0
FAD.US,5,20250915,185500,159.47,159.47,159.47,159.47,100,0
FAD.US,5,20250915,190000,159.36,159.48,159.36,159.48,300,0
FAD.US,5,20250915,200500,159.26,159.26,159.26,159.26,200,0
FAD.US,5,20250915,202500,159.28,159.28,159.28,159.28,274,0
FAD.US,5,20250915,210500,159.205,159.205,159.205,159.205,248,0
FAD.US,5,20250915,211500,159.25,159.25,159.25,159.25,100,0
FAD.US,5,20250915,214000,159.19,159.19,159.19,159.19,100,0
FAD.US,5,20250915,214500,159.27,159.27,159.27,159.27,100,0
FAD.US,5,20250916,153000,159.31,159.31,159.0792,159.0792,309,0
FAD.US,5,20250916,154000,158.73,158.73,158.73,158.73,124,0
FAD.US,5,20250916,155000,158.48,158.48,158.425,158.425,549,0
FAD.US,5,20250916,155500,158.5499,158.5499,158.5499,158.5499,117,0
FAD.US,5,20250916,160000,158.6129,158.6129,158.6129,158.6129,282,0
FAD.US,5,20250916,160500,158.35,158.35,158.25,158.25,505,0
FAD.US,5,20250916,161000,158.1884,158.1884,158.1884,158.1884,175,0
FAD.US,5,20250916,162500,158.08,158.08,157.94,157.94,466,0
FAD.US,5,20250916,171500,157.99,157.99,157.9,157.9,300,0
FAD.US,5,20250916,172500,157.77,157.9909,157.77,157.9909,3718,0
FAD.US,5,20250916,173500,157.895,157.895,157.895,157.895,118,0
FAD.US,5,20250916,174500,158.05,158.1099,158.05,158.1099,1260,0
FAD.US,5,20250916,181500,158.13,158.13,158.13,158.13,178,0
FAD.US,5,20250916,182000,158.2546,158.2546,158.2546,158.2546,177,0
FAD.US,5,20250916,183500,158.06,158.06,158.06,158.06,100,0
FAD.US,5,20250916,202500,158.5,158.5,158.5,158.5,100,0
FAD.US,5,20250916,210500,158.545,158.545,158.545,158.545,250,0
FAD.US,5,20250916,213500,158.42,158.42,158.42,158.42,100,0
FAD.US,5,20250916,214000,158.53,158.53,158.53,158.53,100,0
FAD.US,5,20250916,214500,158.77,158.77,158.77,158.77,610,0
FAD.US,5,20250917,153000,159.19,159.19,159.035,159.035,276,0
FAD.US,5,20250917,154000,159.4744,159.4744,159.4744,159.4744,125,0
FAD.US,5,20250917,160500,159.32,159.32,159.185,159.32,300,0
FAD.US,5,20250917,170000,159.225,159.225,159.225,159.225,109,0
FAD.US,5,20250917,170500,159.24,159.24,159.24,159.24,100,0
FAD.US,5,20250917,172500,159.27,159.27,159.26,159.26,305,0
FAD.US,5,20250917,175500,159.4385,159.4385,159.4385,159.4385,118,0
FAD.US,5,20250917,180000,159.23,159.23,159.23,159.23,322,0
FAD.US,5,20250917,181500,159.23,159.23,159.23,159.23,100,0
FAD.US,5,20250917,185000,158.7534,158.7534,158.7534,158.7534,445,0
FAD.US,5,20250917,192500,158.9912,158.9912,158.9912,158.9912,100,0
FAD.US,5,20250917,201000,159.06,159.06,159.06,159.06,200,0
FAD.US,5,20250917,203000,159.77,159.77,159.77,159.77,100,0
FAD.US,5,20250917,204000,158.485,158.485,158.485,158.485,143,0
FAD.US,5,20250917,211500,158.802,158.802,158.802,158.802,164,0
FAD.US,5,20250917,212500,159.29,159.29,159.29,159.29,155,0
FAD.US,5,20250917,213000,159.48,159.48,159.48,159.48,100,0
FAD.US,5,20250918,153000,160.34,160.34,160.34,160.34,191,0
FAD.US,5,20250918,162000,161.13,161.13,161.13,161.13,155,0
FAD.US,5,20250918,164000,161.14,161.14,161.14,161.14,300,0
FAD.US,5,20250918,174500,161.41,161.41,161.41,161.41,100,0
FAD.US,5,20250918,175000,161.14,161.14,161.14,161.14,300,0
FAD.US,5,20250918,183000,161.71,161.71,161.71,161.71,100,0
FAD.US,5,20250918,191000,162.06,162.06,162.06,162.06,147,0
FAD.US,5,20250918,192500,162.02,162.02,162.02,162.02,100,0
FAD.US,5,20250918,193000,161.87,161.87,161.87,161.87,300,0
FAD.US,5,20250918,193500,161.8,161.8,161.8,161.8,100,0
FAD.US,5,20250918,194000,161.76,161.76,161.76,161.76,116,0
FAD.US,5,20250918,201000,161.54,161.54,161.54,161.54,100,0
FAD.US,5,20250918,203000,161.76,161.76,161.76,161.76,148,0
FAD.US,5,20250918,211500,161.67,161.67,161.67,161.67,100,0
FAD.US,5,20250918,212500,161.6,161.6,161.6,161.6,200,0
FAD.US,5,20250918,214500,161.17,161.17,161.17,161.17,125,0
FAD.US,5,20250918,215500,161.6544,161.6544,161.6544,161.6544,123,0
FAD.US,5,20250919,153000,162.34,162.34,162.34,162.34,230,0
FAD.US,5,20250919,164000,161.36,161.36,161.36,161.36,100,0
FAD.US,5,20250919,180000,161.19,161.19,161.19,161.19,125,0
FAD.US,5,20250919,190500,161.575,161.575,161.575,161.575,222,0
FAD.US,5,20250919,191000,161.55,161.55,161.48,161.48,417,0
FAD.US,5,20250919,194500,161.4135,161.4135,161.4135,161.4135,100,0
FAD.US,5,20250919,204500,161.44,161.44,161.43,161.43,214,0
FAD.US,5,20250919,205000,161.46,161.46,161.345,161.3889,1015,0
FAD.US,5,20250919,213500,161.73,161.73,161.73,161.73,200,0
FAD.US,5,20250922,153000,161.28,161.28,160.86832,160.86832,329,0
FAD.US,5,20250922,162500,161.09,161.09,161.09,161.09,200,0
FAD.US,5,20250922,180500,161.54,161.54,161.54,161.54,100,0
FAD.US,5,20250922,181000,161.61,161.61,161.61,161.61,100,0
FAD.US,5,20250922,200000,162.12,162.12,162.12,162.12,100,0
FAD.US,5,20250922,203500,162.1702,162.1702,162.1702,162.1702,241,0
FAD.US,5,20250922,210500,162.4197,162.4197,162.4197,162.4197,103,0
FAD.US,5,20250922,212000,162.51,162.51,162.51,162.51,100,0
FAD.US,5,20250922,213000,162.565,162.565,162.565,162.565,124,0
FAD.US,5,20250922,213500,162.42,162.42,162.42,162.42,100,0
FAD.US,5,20250922,215000,162.57,162.57,162.45,162.45,466,0
FAD.US,5,20250923,153000,162.98,162.98,162.98,162.98,105,0
FAD.US,5,20250923,160500,162.695,162.695,162.695,162.695,100,0
FAD.US,5,20250923,163500,162.59,162.6,162.59,162.59,314,0
FAD.US,5,20250923,175500,162.41,162.5,162.41,162.5,1366,0
FAD.US,5,20250923,180000,162.3592,162.3592,162.3592,162.3592,102,0
FAD.US,5,20250923,183500,162.51,162.51,162.43,162.43,620,0
FAD.US,5,20250923,185000,162.4614,162.4614,162.4614,162.4614,146,0
FAD.US,5,20250923,190500,162.595,162.595,162.595,162.595,250,0
FAD.US,5,20250923,191000,162.6594,162.6594,162.6594,162.6594,158,0
FAD.US,5,20250923,192500,162.42,162.42,162.42,162.42,200,0
FAD.US,5,20250923,193500,161.86,161.86,161.86,161.86,100,0
FAD.US,5,20250923,201500,161.39,161.39,161.39,161.39,100,0
FAD.US,5,20250923,204500,161.535,161.535,161.535,161.535,103,0
FAD.US,5,20250924,153000,161.85,161.85,161.85,161.85,1950,0
FAD.US,5,20250924,162500,161.06,161.06,161.06,161.06,379,0
FAD.US,5,20250924,164500,161.035,161.09,161.035,161.09,349,0
FAD.US,5,20250924,165000,160.8937,160.8937,160.8937,160.8937,115,0
FAD.US,5,20250924,165500,161.075,161.075,161.075,161.075,216,0
FAD.US,5,20250924,173000,160.6601,160.6601,160.6601,160.6601,170,0
FAD.US,5,20250924,190500,160.1,160.1,160.1,160.1,100,0
FAD.US,5,20250924,193500,160.165,160.165,159.86,159.86,2251,0
FAD.US,5,20250924,195000,159.9632,159.9632,159.9632,159.9632,300,0
FAD.US,5,20250924,201500,159.77,159.77,159.77,159.77,131,0
FAD.US,5,20250924,202500,159.53,159.53,159.53,159.53,429,0
FAD.US,5,20250924,205500,159.95,159.98,159.95,159.98,682,0
FAD.US,5,20250925,153000,158.04,158.04,158.04,158.04,116,0
FAD.US,5,20250925,172000,158.065,158.065,158.065,158.065,131,0
FAD.US,5,20250925,181500,158.5118,158.5118,158.5118,158.5118,125,0
FAD.US,5,20250925,194000,158.07,158.07,157.9895,157.9895,250,0
FAD.US,5,20250925,202500,158.387,158.387,158.387,158.387,189,0
FAD.US,5,20250925,204500,158.67,158.67,158.67,158.67,100,0
FAD.US,5,20250925,205500,158.66,158.66,158.66,158.66,100,0
FAD.US,5,20250925,210000,158.58,158.59,158.58,158.59,300,0
FAD.US,5,20250925,212500,158.46,158.46,158.46,158.46,311,0
FAD.US,5,20250926,153000,159.15,159.15,159.15,159.15,115,0
FAD.US,5,20250926,155500,159.4775,159.4775,159.4775,159.4775,110,0
FAD.US,5,20250926,160500,159.3108,159.3108,159.03,159.03,381,0
FAD.US,5,20250926,170000,158.77,158.77,158.77,158.77,125,0
FAD.US,5,20250926,174000,158.8039,158.8039,158.8039,158.8039,174,0
FAD.US,5,20250926,182000,159.2596,159.2596,159.2596,159.2596,253,0
FAD.US,5,20250926,203500,159.3952,159.3952,159.3952,159.3952,121,0
FAD.US,5,20250926,204500,159.4468,159.565,159.4468,159.565,719,0
FAD.US,5,20250926,205000,159.48171,159.48171,159.48171,159.48171,133,0
FAD.US,5,20250926,212000,159.73,159.74,159.575,159.575,1800,0
FAD.US,5,20250929,163500,160.64,160.64,160.64,160.64,100,0
FAD.US,5,20250929,181500,160.415,160.415,160.415,160.415,109,0
FAD.US,5,20250929,182500,160.4172,160.4172,160.4172,160.4172,126,0
FAD.US,5,20250929,185000,160.3075,160.3075,160.08,160.26,829,0
FAD.US,5,20250929,194000,160.305,160.305,160.305,160.305,150,0
FAD.US,5,20250929,195000,160.37427,160.3895,160.37427,160.3895,226,0
FAD.US,5,20250929,200500,160.2266,160.2266,160.2266,160.2266,100,0
FAD.US,5,20250929,204500,160.6,160.6,160.6,160.6,400,0
FAD.US,5,20250929,211500,160.1482,160.1482,160.1482,160.1482,400,0
FAD.US,5,20250929,212500,160.1501,160.1501,160.1501,160.1501,537,0
FAD.US,5,20250929,213000,160.37,160.37,160.37,160.37,315,0
FAD.US,5,20250929,213500,160.5104,160.5104,160.5104,160.5104,100,0
FAD.US,5,20250929,214000,160.37,160.505,160.37,160.48,3805,0
FAD.US,5,20250929,214500,160.46,160.46,160.46,160.46,209,0
FAD.US,5,20250929,215500,160.27,160.27,160.27,160.27,3000,0
FAD.US,5,20250930,153000,160.83,160.83,160.83,160.83,145,0
FAD.US,5,20250930,162000,160.02,160.02,160.02,160.02,125,0
FAD.US,5,20250930,175500,159.3406,159.3406,159.3406,159.3406,260,0
FAD.US,5,20250930,183000,159.5202,159.6596,159.5202,159.6596,258,0
FAD.US,5,20250930,192000,159.185,159.24,159.185,159.24,451,0
FAD.US,5,20250930,194500,159.45,159.45,159.45,159.45,200,0
FAD.US,5,20250930,201000,159.71,159.71,159.71,159.71,800,0
FAD.US,5,20250930,203000,159.75,159.75,159.75,159.75,130,0
FAD.US,5,20250930,211000,160.0701,160.0701,160.0701,160.0701,144,0
FAD.US,5,20250930,213000,160.1984,160.1984,160.1984,160.1984,116,0
FAD.US,5,20251001,163000,160.49,160.49,160.3642,160.3642,2000,0
FAD.US,5,20251001,163500,160.44717,160.44717,160.44717,160.44717,115,0
FAD.US,5,20251001,171500,160.24,160.24,160.24,160.24,100,0
FAD.US,5,20251001,174000,160.4082,160.4082,160.4082,160.4082,120,0
FAD.US,5,20251001,174500,160.5496,160.61,160.48,160.48,1023,0
FAD.US,5,20251001,180000,160.6002,160.6002,160.6002,160.6002,124,0
FAD.US,5,20251001,201500,160.38,160.38,160.37,160.37,800,0
FAD.US,5,20251001,202000,160.43,160.43,160.3195,160.3195,200,0
FAD.US,5,20251002,155000,160.79,160.79,160.79,160.79,175,0
FAD.US,5,20251002,173000,160.54,160.54,160.495,160.495,375,0
FAD.US,5,20251002,185000,160.88,160.88,160.88,160.88,800,0
FAD.US,5,20251002,193500,161.0562,161.0562,161.0562,161.0562,112,0
FAD.US,5,20251002,194000,161.06,161.06,161.06,161.06,400,0
FAD.US,5,20251002,194500,160.8801,161.1239,160.8801,161.1239,539,0
FAD.US,5,20251002,200000,161.28,161.28,161.27,161.27,600,0
FAD.US,5,20251002,213500,161.605,161.605,161.605,161.605,158,0
FAD.US,5,20251002,214500,161.6163,161.6163,161.6163,161.6163,136,0
FAD.US,5,20251003,153000,162.28,162.28,162.28,162.28,279,0
FAD.US,5,20251003,163000,162.5,162.5,162.5,162.5,100,0
FAD.US,5,20251003,181000,162.7736,162.7736,162.7736,162.7736,138,0
FAD.US,5,20251003,183500,162.55,162.55,162.55,162.55,4124,0
FAD.US,5,20251003,185500,162.463,162.463,162.463,162.463,132,0
FAD.US,5,20251003,213500,161.715,161.715,161.715,161.715,111,0
FAD.US,5,20251006,153000,163.14,163.14,163.14,163.14,266,0
FAD.US,5,20251006,161500,162.1,162.18,161.945,162.1323,1609,0
FAD.US,5,20251006,162000,162.22,162.22,162.22,162.22,154,0
FAD.US,5,20251006,162500,162.4976,162.4976,162.365,162.365,1207,0
FAD.US,5,20251006,165000,162.659,162.659,162.659,162.659,100,0
FAD.US,5,20251006,170500,162.6764,162.6764,162.6764,162.6764,150,0
FAD.US,5,20251006,190000,162.99,162.99,162.99,162.99,200,0
FAD.US,5,20251006,194000,163.2474,163.35,163.2474,163.2687,325,0
FAD.US,5,20251006,195000,163.3,163.3,163.3,163.3,200,0
FAD.US,5,20251006,195500,163.4599,163.4599,163.4599,163.4599,186,0
FAD.US,5,20251006,200000,163.18,163.18,163.18,163.18,115,0
FAD.US,5,20251006,202500,163.1699,163.1699,163.1699,163.1699,142,0
FAD.US,5,20251006,204000,162.88,162.88,162.88,162.88,125,0
FAD.US,5,20251006,211500,162.9291,162.9291,162.9291,162.9291,201,0
FAD.US,5,20251006,212500,162.9367,162.9367,162.9367,162.9367,108,0
FAD.US,5,20251007,153000,163.37,163.37,163.37,163.37,408,0
FAD.US,5,20251007,155500,162.93,162.93,162.93,162.93,293,0
FAD.US,5,20251007,162000,162.51,162.52,162.51,162.51,300,0
FAD.US,5,20251007,165500,162.0866,162.0866,162.0866,162.0866,225,0
FAD.US,5,20251007,180500,160.5,160.5,160.5,160.5,204,0
FAD.US,5,20251007,182000,160.12,160.12,160.12,160.12,123,0
FAD.US,5,20251007,182500,160.53,160.71,160.53,160.71,832,0
FAD.US,5,20251007,194000,161.01,161.01,161.01,161.01,100,0
FAD.US,5,20251007,195500,161.09,161.09,161.09,161.09,100,0
FAD.US,5,20251007,211500,161.225,161.225,161.225,161.225,205,0
FAD.US,5,20251007,214000,161.11,161.11,161.11,161.11,386,0
FAD.US,5,20251007,215000,161.405,161.405,161.405,161.405,327,0
FAD.US,5,20251008,153000,162.09,162.09,162.09,162.09,116,0
FAD.US,5,20251008,181000,163.28,163.28,163.28,163.28,300,0
FAD.US,5,20251008,203500,163.36,163.36,162.99,162.99,428,0
FAD.US,5,20251008,205500,162.957,162.957,162.957,162.957,250,0
FAD.US,5,20251008,210500,162.8401,162.8401,162.8401,162.8401,174,0
FAD.US,5,20251009,154000,163.487,163.51,163.487,163.51,200,0
FAD.US,5,20251009,155000,163.18,163.18,163.18,163.18,100,0
FAD.US,5,20251009,164000,162.435,162.435,162.385,162.385,221,0
FAD.US,5,20251009,172500,162.97,162.97,162.97,162.97,100,0
FAD.US,5,20251009,173000,162.91,162.91,162.91,162.91,100,0
FAD.US,5,20251009,174000,162.75,162.75,162.75,162.75,142,0
FAD.US,5,20251009,180500,163.045,163.045,163.045,163.045,210,0
FAD.US,5,20251009,184000,162.98,162.98,162.78,162.78,358,0
FAD.US,5,20251009,184500,162.89,162.89,162.88,162.88,300,0
FAD.US,5,20251009,193500,162.4094,162.4094,162.4094,162.4094,156,0
FAD.US,5,20251009,195000,162.54,162.54,162.54,162.54,115,0
FAD.US,5,20251009,200000,162.4361,162.4361,162.4361,162.4361,123,0
FAD.US,5,20251009,203000,162.41,162.41,162.41,162.41,153,0
FAD.US,5,20251009,212500,162.69,162.69,162.69,162.69,100,0
FAD.US,5,20251010,153000,163.69,163.69,163.69,163.69,209,0
FAD.US,5,20251010,175500,160.07,160.07,160.07,160.07,134,0
FAD.US,5,20251010,184000,159.8795,159.8795,159.8795,159.8795,100,0
FAD.US,5,20251010,202000,159.53,159.53,159.53,159.53,541,0
FAD.US,5,20251010,213000,158.25,158.25,158.25,158.25,100,0
FAD.US,5,20251013,175000,161.175,161.18,161.1157,161.1157,600,0
FAD.US,5,20251013,183000,161.41,161.41,161.41,161.41,198,0
FAD.US,5,20251013,192000,161.41,161.41,161.41,161.41,100,0
FAD.US,5,20251013,200500,161.5311,161.5311,161.5311,161.5311,147,0
FAD.US,5,20251013,203500,161.66,161.66,161.66,161.66,439,0
FAD.US,5,20251013,214500,161.7,161.7,161.7,161.7,220,0
FAD.US,5,20251014,153000,159.91,159.91,159.91,159.91,282,0
FAD.US,5,20251014,165000,161.53,161.53,161.53,161.53,100,0
FAD.US,5,20251014,170000,161.497,161.497,161.497,161.497,150,0
FAD.US,5,20251014,185000,163.13,163.13,163.13,163.13,100,0
FAD.US,5,20251014,195500,163.48,163.48,163.48,163.48,100,0
FAD.US,5,20251014,201500,163.285,163.285,163.285,163.285,500,0
FAD.US,5,20251015,153000,164.48,164.48,164.2388,164.2388,435,0
FAD.US,5,20251015,153500,164.5,164.5,164.5,164.5,138,0
FAD.US,5,20251015,174000,163.9802,163.9802,163.9802,163.9802,253,0
FAD.US,5,20251015,175500,163.74,163.74,163.74,163.74,536,0
FAD.US,5,20251015,193500,163.3201,163.3201,163.3201,163.3201,317,0
FAD.US,5,20251015,194500,163.51227,163.51227,163.51227,163.51227,134,0
FAD.US,5,20251015,195000,163.72,163.72,163.72,163.72,100,0
FAD.US,5,20251015,201000,163.58,163.58,163.58,163.58,104,0
FAD.US,5,20251015,215000,164.04,164.04,164.04,164.04,118,0
FAD.US,5,20251016,153000,165.36,165.36,165.36,165.36,325,0
FAD.US,5,20251016,154000,165.04,165.04,165.04,165.04,103,0
FAD.US,5,20251016,163500,164.83,164.869,164.83,164.869,1175,0
FAD.US,5,20251016,173000,163.96,163.96,163.96,163.96,100,0
FAD.US,5,20251016,184000,162.46,162.46,162.2848,162.2848,291,0
FAD.US,5,20251016,185500,162.85,162.85,162.85,162.85,200,0
FAD.US,5,20251016,191000,163.196,163.196,163.196,163.196,153,0
FAD.US,5,20251016,192000,163.36,163.37,163.36,163.36,500,0
FAD.US,5,20251016,195000,162.76501,162.76501,162.76501,162.76501,332,0
FAD.US,5,20251016,213500,161.31,161.31,161.31,161.31,237,0
FAD.US,5,20251017,155000,161.35052,161.35052,161.35052,161.35052,320,0
FAD.US,5,20251017,162000,161.2478,161.2478,161.2478,161.2478,247,0
FAD.US,5,20251017,165000,160.675,160.675,160.675,160.675,354,0
FAD.US,5,20251017,175000,160.35,160.35,160.35,160.35,100,0
FAD.US,5,20251017,180500,160.8472,160.8472,160.8472,160.8472,125,0
FAD.US,5,20251017,181000,160.75,160.75,160.71,160.71,225,0
FAD.US,5,20251017,181500,160.91,160.91,160.8745,160.8745,400,0
FAD.US,5,20251017,182000,160.7607,160.7607,160.7607,160.7607,150,0
FAD.US,5,20251017,184000,160.1918,160.1918,160.1918,160.1918,100,0
FAD.US,5,20251017,205000,160.755,160.755,160.755,160.755,118,0
FAD.US,5,20251017,210500,160.6795,160.6795,160.6795,160.6795,146,0
FAD.US,5,20251017,211500,161.1598,161.1598,161.04,161.04,626,0
FAD.US,5,20251020,153000,163.01,163.01,163.01,163.01,133,0
FAD.US,5,20251020,165500,163.415,163.415,163.415,163.415,133,0
FAD.US,5,20251020,171500,163.28,163.28,163.28,163.28,159,0
FAD.US,5,20251020,184000,162.85,162.85,162.85,162.85,100,0
FAD.US,5,20251020,185500,162.98,162.98,162.98,162.98,500,0
FAD.US,5,20251020,190500,163.28,163.28,163.28,163.28,122,0
FAD.US,5,20251020,191500,163.45,163.45,163.45,163.45,100,0
FAD.US,5,20251020,200500,163.5056,163.5056,163.5056,163.5056,137,0
FAD.US,5,20251020,203000,163.37,163.37,163.37,163.37,1491,0
FAD.US,5,20251020,211000,163.405,163.405,163.405,163.405,105,0
FAD.US,5,20251020,212500,163.3022,163.3022,163.3022,163.3022,105,0
FAD.US,5,20251020,214500,163.46,163.46,163.46,163.46,101,0
FAD.US,5,20251021,153000,163.43,163.43,163.43,163.43,150,0
FAD.US,5,20251021,160000,161.9661,161.9661,161.9661,161.9661,163,0
FAD.US,5,20251021,160500,161.98,162.15,161.98,162.15,477,0
FAD.US,5,20251021,162000,162.6801,162.6801,162.6801,162.6801,165,0
FAD.US,5,20251021,174000,163.27,163.27,163.27,163.27,100,0
FAD.US,5,20251021,174500,163.3002,163.38,163.3002,163.38,292,0
FAD.US,5,20251021,175500,163.4199,163.4199,163.4199,163.4199,112,0
FAD.US,5,20251021,180000,163.265,163.265,163.265,163.265,109,0
FAD.US,5,20251021,182000,163.3726,163.3726,163.3726,163.3726,165,0
FAD.US,5,20251021,195500,162.8913,162.8913,162.835,162.835,746,0
FAD.US,5,20251021,200000,162.84,162.84,162.84,162.84,132,0
FAD.US,5,20251021,200500,162.9576,162.9576,162.9576,162.9576,137,0
FAD.US,5,20251021,213500,162.5352,162.5352,162.5352,162.5352,117,0
FAD.US,5,20251022,153000,162.2,162.2,162.2,162.2,236,0
FAD.US,5,20251022,182000,159.3473,159.3473,159.3473,159.3473,416,0
FAD.US,5,20251022,184500,159.6466,159.6466,159.6466,159.6466,290,0
FAD.US,5,20251022,185000,159.09,159.09,159.09,159.09,204,0
FAD.US,5,20251022,204000,159.20409,159.20409,159.20409,159.20409,200,0
FAD.US,5,20251022,215000,160.42,160.42,160.3139,160.3139,1249,0
FAD.US,5,20251023,153000,160.93,160.93,160.93,160.93,131,0
FAD.US,5,20251023,153500,161.25,161.25,161.25,161.25,180,0
FAD.US,5,20251023,160500,161.8265,161.8265,161.48,161.48,200,0
FAD.US,5,20251023,161000,161.37,161.3718,161.37,161.3718,200,0
FAD.US,5,20251023,162000,161.50642,161.50642,161.50642,161.50642,200,0
FAD.US,5,20251023,180000,162.1165,162.1165,162.0008,162.0008,284,0
FAD.US,5,20251023,182000,162.21,162.21,162.075,162.075,359,0
FAD.US,5,20251023,185000,162.23,162.23,162.23,162.23,3181,0
FAD.US,5,20251023,190000,162.29,162.51,162.29,162.51,2728,0
FAD.US,5,20251023,192000,162.39,162.39,162.39,162.39,420,0
FAD.US,5,20251023,202500,162.98,162.98,162.98,162.98,2169,0
FAD.US,5,20251023,203000,163.12,163.12,163.12,163.12,100,0
FAD.US,5,20251023,213000,162.9141,162.9141,162.9141,162.9141,404,0
FAD.US,5,20251024,153000,165.29,165.29,165.29,165.29,148,0
FAD.US,5,20251024,162500,165.151,165.151,165.151,165.151,121,0
FAD.US,5,20251024,173000,165.4975,165.4975,165.4975,165.4975,100,0
FAD.US,5,20251024,181500,165.45,165.45,165.45,165.45,194,0
FAD.US,5,20251024,185000,165.255,165.255,165.255,165.255,185,0
FAD.US,5,20251024,195000,165.315,165.315,165.315,165.315,224,0
FAD.US,5,20251024,210000,165.259,165.259,165.259,165.259,116,0
FAD.US,5,20251024,211500,165.2,165.2,165.2,165.2,100,0
FAD.US,5,20251024,215500,164.71,164.71,164.71,164.71,193,0
FAD.US,5,20251027,143000,166.88,166.88,166.88,166.88,135,0
FAD.US,5,20251027,155000,166.06,166.06,165.74,165.74,600,0
FAD.US,5,20251027,155500,166.07,166.07,166.07,166.07,500,0
FAD.US,5,20251027,162500,165.87,165.87,165.87,165.87,100,0
FAD.US,5,20251027,164000,166.1299,166.1299,166.1299,166.1299,185,0
FAD.US,5,20251027,165000,165.835,165.835,165.835,165.835,150,0
FAD.US,5,20251027,165500,165.8,165.8,165.8,165.8,305,0
FAD.US,5,20251027,171500,165.8255,165.8255,165.8255,165.8255,165,0
FAD.US,5,20251027,174500,165.96,165.96,165.96,165.96,100,0
FAD.US,5,20251027,181000,165.7,165.7,165.7,165.7,135,0
FAD.US,5,20251027,194500,165.985,166.14,165.985,166.14,220,0
FAD.US,5,20251027,195000,166.005,166.005,166.005,166.005,109,0
FAD.US,5,20251027,205500,166.34,166.34,166.34,166.34,200,0
FAD.US,5,20251028,152500,165.6452,165.6452,165.6452,165.6452,240,0
FAD.US,5,20251028,164000,165.4151,165.4151,165.4151,165.4151,180,0
FAD.US,5,20251028,184000,165.744,165.744,165.744,165.744,1049,0
FAD.US,5,20251028,185000,165.82,165.98,165.7,165.7,612,0
FAD.US,5,20251028,191000,165.755,165.755,165.755,165.755,120,0
FAD.US,5,20251028,192000,166.0286,166.0286,166.0286,166.0286,170,0
FAD.US,5,20251029,143000,165.65,165.65,165.65,165.65,117,0
FAD.US,5,20251029,144500,165.1159,165.1159,165.1159,165.1159,139,0
FAD.US,5,20251029,153500,165.38,165.38,165.38,165.38,125,0
FAD.US,5,20251029,160500,166.0641,166.0641,166.0641,166.0641,189,0
FAD.US,5,20251029,164500,166.2106,166.2106,166.2106,166.2106,203,0
FAD.US,5,20251029,165000,166.2517,166.2517,166.2517,166.2517,198,0
FAD.US,5,20251029,175000,166.3653,166.3653,166.3653,166.3653,201,0
FAD.US,5,20251029,190500,165.9837,165.9837,165.9837,165.9837,165,0
FAD.US,5,20251029,191500,165.82,165.82,165.82,165.82,125,0
FAD.US,5,20251029,192500,165.81,165.81,165.73505,165.73505,778,0
FAD.US,5,20251029,194000,164.2362,164.2362,164.2362,164.2362,115,0
FAD.US,5,20251029,194500,164.605,164.605,164.605,164.605,242,0
FAD.US,5,20251030,143000,163.99,163.99,163.99,163.99,541,0
FAD.US,5,20251030,145000,164.8505,164.8505,164.8505,164.8505,381,0
FAD.US,5,20251030,152000,164.4536,164.4536,164.4536,164.4536,155,0
FAD.US,5,20251030,153500,164.9,164.9,164.9,164.9,207,0
FAD.US,5,20251030,161500,164.71,164.98,164.71,164.98,400,0
FAD.US,5,20251030,164500,164.16,164.16,164.16,164.16,187,0
FAD.US,5,20251030,170000,164.025,164.28,164.025,164.28,753,0
FAD.US,5,20251030,170500,164.4171,164.4171,164.4171,164.4171,686,0
FAD.US,5,20251031,143000,164.27,164.27,164.27,164.27,523,0
FAD.US,5,20251031,152000,164,164,164,164,100,0
FAD.US,5,20251031,154500,164.675,164.675,164.675,164.675,228,0
FAD.US,5,20251031,165500,163.77,163.77,163.745,163.745,200,0
FAD.US,5,20251031,170000,163.62,163.62,163.62,163.62,100,0
FAD.US,5,20251031,171000,163.3206,163.3206,163.3206,163.3206,267,0
FAD.US,5,20251031,172000,163.37,163.37,163.37,163.37,114,0
FAD.US,5,20251031,201000,164.0173,164.0173,164.0173,164.0173,304,0
FAD.US,5,20251103,153000,165.11,165.11,165.11,165.11,165,0
FAD.US,5,20251103,182500,163.34,163.34,163.34,163.34,182,0
FAD.US,5,20251103,183000,163.58,163.58,163.58,163.58,123,0
FAD.US,5,20251103,200500,163.59874,163.59874,163.59874,163.59874,100,0
FAD.US,5,20251103,201500,163.9474,163.9474,163.9474,163.9474,1066,0
FAD.US,5,20251103,213000,163.85,163.85,163.85,163.85,163,0
FAD.US,5,20251103,214000,163.63,163.63,163.63,163.63,763,0
FAD.US,5,20251103,215500,163.8884,163.8884,163.8884,163.8884,100,0
FAD.US,5,20251104,153000,160.52,160.52,160.52,160.52,137,0
FAD.US,5,20251104,170500,161.4615,161.4615,161.4615,161.4615,175,0
FAD.US,5,20251104,171000,161.4495,161.4495,161.4495,161.4495,160,0
FAD.US,5,20251104,173500,161.64,161.64,161.64,161.64,125,0
FAD.US,5,20251104,182000,161.2586,161.2586,161.11,161.11,273,0
FAD.US,5,20251104,185000,161.3173,161.3173,161.3173,161.3173,101,0
FAD.US,5,20251104,190500,161.1598,161.1598,160.951,160.951,239,0
FAD.US,5,20251104,204000,160.58,160.58,160.58,160.58,175,0
FAD.US,5,20251104,204500,160.51,160.51,160.51,160.51,100,0
FAD.US,5,20251104,210500,160.53,160.53,160.53,160.53,250,0
FAD.US,5,20251105,153000,160.84,160.84,160.84,160.84,210,0
FAD.US,5,20251105,161000,161.2999,161.2999,161.2999,161.2999,302,0
FAD.US,5,20251105,170000,161.49,161.49,161.49,161.49,218,0
FAD.US,5,20251105,172000,161.14,161.14,161.14,161.14,100,0
FAD.US,5,20251105,173500,161.69,161.69,161.69,161.69,140,0
FAD.US,5,20251105,180000,162.335,162.335,162.335,162.335,114,0
FAD.US,5,20251105,184000,162.6982,162.6982,162.6982,162.6982,300,0
FAD.US,5,20251105,190500,162.6592,162.6592,162.6592,162.6592,137,0
FAD.US,5,20251105,201500,162.6882,162.6882,162.6882,162.6882,106,0
FAD.US,5,20251105,211500,163.00805,163.00805,163.00805,163.00805,120,0
FAD.US,5,20251105,215000,162.661,162.661,162.661,162.661,100,0
FAD.US,5,20251106,153000,162.64,162.64,162.64,162.64,130,0
FAD.US,5,20251106,163500,160.4,160.4,159.87,160.2,700,0
FAD.US,5,20251106,164000,159.94,160.1199,159.73,159.73,600,0
FAD.US,5,20251106,165500,159.55,159.55,159.55,159.55,108,0
FAD.US,5,20251106,174000,159.285,159.285,159.285,159.285,215,0
FAD.US,5,20251106,175500,159,159,159,159,159,0
FAD.US,5,20251106,180500,159.22,159.22,159.22,159.22,231,0
FAD.US,5,20251106,181000,159.4,159.4,159.4,159.4,100,0
FAD.US,5,20251106,192000,159.39,159.39,159.39,159.39,200,0
FAD.US,5,20251106,192500,159.67,159.67,159.67,159.67,100,0
FAD.US,5,20251106,193500,160.035,160.035,160.035,160.035,101,0
FAD.US,5,20251106,194000,160.0426,160.0426,160.0426,160.0426,100,0
FAD.US,5,20251106,195000,160.16,160.16,160.16,160.16,885,0
FAD.US,5,20251106,200500,159.8637,159.8637,159.8637,159.8637,279,0
FAD.US,5,20251106,203500,160.29,160.535,160.29,160.535,355,0
FAD.US,5,20251106,205000,159.88,159.88,159.88,159.88,155,0
FAD.US,5,20251106,210500,160.2799,160.2799,160.0009,160.0009,350,0
FAD.US,5,20251106,211500,160.23,160.23,160.23,160.23,174,0
FAD.US,5,20251106,213500,160.09,160.09,160.08,160.085,700,0
FAD.US,5,20251107,153000,157.43,157.43,157.43,157.43,230,0
FAD.US,5,20251107,160500,157.2,157.2,157.2,157.2,150,0
FAD.US,5,20251107,163500,157.67,157.67,157.67,157.67,367,0
FAD.US,5,20251107,170000,157.0563,157.0563,157.0563,157.0563,120,0
FAD.US,5,20251107,173000,156.75,156.75,156.75,156.75,100,0
FAD.US,5,20251107,174500,156.715,156.715,156.715,156.715,100,0
FAD.US,5,20251107,180000,156.35,156.35,156.35,156.35,595,0
FAD.US,5,20251107,195000,157.9708,157.9708,157.9708,157.9708,576,0
FAD.US,5,20251107,201000,158.73,158.73,158.73,158.73,100,0
FAD.US,5,20251107,202500,158.77,158.77,158.77,158.77,146,0
FAD.US,5,20251107,203000,159.265,159.265,159.265,159.265,100,0
FAD.US,5,20251107,211000,160.2,160.2,160.2,160.2,180,0
FAD.US,5,20251107,214000,160.01,160.01,160.01,160.01,245,0
FAD.US,5,20251110,153000,163.17,163.17,162.8319,162.8319,223,0
FAD.US,5,20251110,153500,162.9,162.95,162.9,162.95,300,0
FAD.US,5,20251110,154000,163.23,163.24,163.15,163.22,5074,0
FAD.US,5,20251110,154500,163.2,163.2,163.2,163.2,100,0
FAD.US,5,20251110,155500,162.51,162.51,162.51,162.51,271,0
FAD.US,5,20251110,170000,161.6599,161.6599,161.6599,161.6599,150,0
FAD.US,5,20251110,173000,161.825,161.825,161.825,161.825,394,0
FAD.US,5,20251110,181500,162.3492,162.3492,162.3492,162.3492,121,0
FAD.US,5,20251110,191500,163.115,163.115,163.115,163.115,155,0
FAD.US,5,20251110,203000,163.4999,163.4999,163.4999,163.4999,125,0
FAD.US,5,20251110,203500,163.1,163.1,163.1,163.1,113,0
FAD.US,5,20251110,205000,163.66,163.66,163.5684,163.5684,487,0
FAD.US,5,20251110,214500,163.44,163.44,163.44,163.44,131,0
FAD.US,5,20251110,215000,163.32,163.32,163.32,163.32,214,0
FAD.US,5,20251110,215500,163.05,163.05,163.05,163.05,100,0
FAD.US,5,20251111,153000,162.61,162.61,162.61,162.61,871,0
FAD.US,5,20251111,154000,161.8565,161.86,161.7861,161.7861,400,0
FAD.US,5,20251111,160000,162.12,162.27836,162.12,162.27836,712,0
FAD.US,5,20251111,161500,161.6,161.6,161.6,161.6,100,0
FAD.US,5,20251111,163500,161.26,161.26,161.2,161.2,200,0
FAD.US,5,20251111,171500,161.6482,161.6482,161.6482,161.6482,421,0
FAD.US,5,20251111,173500,161.55,161.55,161.55,161.55,407,0
FAD.US,5,20251111,181000,161.78,161.9,161.78,161.9,406,0
FAD.US,5,20251111,185000,161.985,161.985,161.985,161.985,235,0
FAD.US,5,20251111,190000,162.06,162.06,162.06,162.06,271,0
FAD.US,5,20251111,192000,162.28,162.2801,162.28,162.2801,280,0
FAD.US,5,20251111,193000,162.23,162.23,162.23,162.23,1448,0
FAD.US,5,20251111,195500,162.5099,162.5099,162.5099,162.5099,275,0
FAD.US,5,20251111,200500,162.31,162.31,162.31,162.31,122,0
FAD.US,5,20251111,201500,162.26,162.26,162.11,162.2251,662,0
FAD.US,5,20251111,211000,162.25,162.25,162.1507,162.1507,207,0
FAD.US,5,20251111,213500,161.9155,161.9155,161.9155,161.9155,125,0
FAD.US,5,20251111,214000,162.05,162.05,162.05,162.05,100,0
FAD.US,5,20251112,153000,163.09,163.09,162.9,162.9,251,0
FAD.US,5,20251112,153500,163.03,163.165,163.03,163.165,300,0
FAD.US,5,20251112,161000,163.33,163.33,163.33,163.33,274,0
FAD.US,5,20251112,161500,163.0212,163.0212,163.0212,163.0212,500,0
FAD.US,5,20251112,162500,163.22,163.22,163.22,163.22,126,0
FAD.US,5,20251112,163500,162.35,162.35,162.35,162.35,120,0
FAD.US,5,20251112,170000,162.125,162.125,162.01,162.01,200,0
FAD.US,5,20251112,175000,162.16,162.16,162.16,162.16,100,0
FAD.US,5,20251112,180500,161.9,161.9,161.9,161.9,102,0
FAD.US,5,20251112,191500,162.4199,162.4199,162.4199,162.4199,162,0
FAD.US,5,20251112,192000,162.09,162.09,162.09,162.09,200,0
FAD.US,5,20251112,194500,162.141,162.141,162.141,162.141,120,0
FAD.US,5,20251112,195000,162.003,162.003,162.003,162.003,118,0
FAD.US,5,20251112,201000,162.06,162.06,162.06,162.06,715,0
FAD.US,5,20251112,201500,161.88,161.88,161.88,161.88,550,0
FAD.US,5,20251112,202000,162.18,162.18,161.88,162.035,3061,0
FAD.US,5,20251112,210000,162.025,162.025,162.025,162.025,100,0
FAD.US,5,20251112,212000,162.2138,162.2138,162.2138,162.2138,100,0
FAD.US,5,20251112,213500,162.13,162.13,162.13,162.13,100,0
FAD.US,5,20251112,215500,162.15,162.15,161.875,161.875,529,0
FAD.US,5,20251113,153000,160.89,160.89,160.89,160.89,116,0
FAD.US,5,20251113,153500,160.5,160.5,160.5,160.5,300,0
FAD.US,5,20251113,171500,158.08,158.08,158.08,158.08,100,0
FAD.US,5,20251113,174500,157.8288,157.8288,157.8288,157.8288,498,0
FAD.US,5,20251113,175000,157.99,157.99,157.99,157.99,100,0
FAD.US,5,20251113,182500,158.02,158.02,158.02,158.02,189,0
FAD.US,5,20251113,183000,158.1436,158.1436,158.1436,158.1436,100,0
FAD.US,5,20251113,184500,157.79,157.79,157.79,157.79,100,0
FAD.US,5,20251113,191000,157.18,157.18,157.18,157.18,100,0
FAD.US,5,20251113,195000,156.63,156.65,156.63,156.65,269,0
FAD.US,5,20251113,201000,156.47,156.47,156.47,156.47,100,0
FAD.US,5,20251113,203000,157.0156,157.0156,157.0156,157.0156,275,0
FAD.US,5,20251113,203500,156.92,156.92,156.91,156.91,253,0
FAD.US,5,20251113,204000,156.665,156.665,156.665,156.665,100,0
FAD.US,5,20251113,204500,156.54,156.54,156.54,156.54,364,0
FAD.US,5,20251113,214000,156.78,156.78,156.78,156.78,100,0
FAD.US,5,20251113,215000,156.6475,156.6475,156.6475,156.6475,128,0
FAD.US,5,20251113,215500,156.535,156.535,156.535,156.535,152,0
FAD.US,5,20251114,153000,154.39,154.39,154.39,154.39,129,0
FAD.US,5,20251114,165500,157.59,157.59,157.59,157.59,181,0
FAD.US,5,20251114,180000,158.1,158.1,158.1,158.1,218,0
FAD.US,5,20251114,183000,158.05,158.05,158.05,158.05,300,0
FAD.US,5,20251114,183500,158.035,158.28,158.035,158.28,346,0
FAD.US,5,20251114,190000,157.62,157.62,157.62,157.62,205,0
FAD.US,5,20251117,153000,156.28,156.28,156.28,156.28,170,0
FAD.US,5,20251117,155500,156.8201,156.8901,156.82,156.8901,500,0
FAD.US,5,20251117,163500,156.22,156.22,156.22,156.22,278,0
FAD.US,5,20251117,183000,156.3615,156.3615,156.3615,156.3615,147,0
FAD.US,5,20251117,190000,155.6997,155.6997,155.6997,155.6997,164,0
FAD.US,5,20251117,202000,154.3587,154.3587,154.3587,154.3587,107,0
FAD.US,5,20251117,205000,153.64,153.64,153.64,153.64,133,0
FAD.US,5,20251117,210000,153.39,153.39,153.39,153.39,159,0
FAD.US,5,20251117,215000,154.28,154.28,154.28,154.28,119,0
FAD.US,5,20251117,215500,154.2778,154.2778,154.2778,154.2778,200,0
FAD.US,5,20251118,161000,152.78,152.78,152.78,152.78,100,0
FAD.US,5,20251118,162500,153.24,153.24,153.24,153.24,289,0
FAD.US,5,20251118,165500,152.81,152.81,152.739,152.739,26677,0
FAD.US,5,20251118,171500,153.03,153.03,153.03,153.03,350,0
FAD.US,5,20251118,172000,153.34,153.34,153.34,153.34,411,0
FAD.US,5,20251118,180500,154.03,154.03,154.03,154.03,330,0
FAD.US,5,20251118,195000,155.0696,155.0696,155.0696,155.0696,113,0
FAD.US,5,20251118,201000,154.765,154.765,154.765,154.765,113,0
FAD.US,5,20251118,204500,154.9372,154.9372,154.9372,154.9372,135,0
FAD.US,5,20251118,210000,154.92,154.9399,154.835,154.9399,412,0
FAD.US,5,20251118,214500,154.109,154.109,154.109,154.109,100,0
FAD.US,5,20251119,160000,155.1973,155.44,155.1973,155.44,469,0
FAD.US,5,20251119,161500,155.9115,155.9115,155.9115,155.9115,218,0
FAD.US,5,20251119,170000,154.7622,154.7622,154.655,154.655,283,0
FAD.US,5,20251119,185000,154.0645,154.0645,154.0645,154.0645,150,0
FAD.US,5,20251119,185500,154.04,154.04,154.04,154.04,142,0
FAD.US,5,20251119,190000,154.01,154.01,154.01,154.01,2087,0
FAD.US,5,20251119,203000,154.07,154.07,154.07,154.07,242,0
FAD.US,5,20251120,153000,157.78,157.78,157.78,157.78,149,0
FAD.US,5,20251120,153500,157.791,157.791,157.791,157.791,459,0
FAD.US,5,20251120,155000,157.63,157.63,157.63,157.63,100,0
FAD.US,5,20251120,161500,157.6348,157.6348,157.6348,157.6348,147,0
FAD.US,5,20251120,164000,158.2415,158.2415,158.16,158.16,323,0
FAD.US,5,20251120,173000,155.60402,155.60402,155.47,155.48,1024,0
FAD.US,5,20251120,181500,152.87,152.87,152.87,152.87,260,0
FAD.US,5,20251120,185500,152.7172,152.7172,152.7172,152.7172,113,0
FAD.US,5,20251120,192000,153.74,153.74,153.74,153.74,100,0
FAD.US,5,20251120,192500,153.325,153.325,153.325,153.325,150,0
FAD.US,5,20251120,204000,151.9797,151.9797,151.9797,151.9797,146,0
FAD.US,5,20251120,204500,152.1699,152.1699,152.1699,152.1699,102,0
FAD.US,5,20251120,210500,152.0029,152.0029,152.0029,152.0029,175,0
FAD.US,5,20251121,153000,151.41,151.41,151.1127,151.1127,285,0
FAD.US,5,20251121,182000,153.2019,153.2019,153.2019,153.2019,887,0
FAD.US,5,20251121,201500,153.83,153.83,153.83,153.83,100,0
FAD.US,5,20251121,210000,153.5861,153.5861,153.5861,153.5861,250,0
FAD.US,5,20251121,213000,152.8828,152.8828,152.8828,152.8828,168,0
FAD.US,5,20251124,160500,155.61,155.78,155.61,155.78,400,0
FAD.US,5,20251124,162500,155.41,155.41,155.41,155.41,277,0
FAD.US,5,20251124,165500,155.98,155.98,155.98,155.98,100,0
FAD.US,5,20251124,184500,156.58,156.58,156.58,156.58,10940,0
FAD.US,5,20251124,190000,156.68,156.68,156.68,156.68,498,0
FAD.US,5,20251124,193500,156.4797,156.4797,156.4797,156.4797,160,0
FAD.US,5,20251124,202000,156.75,156.75,156.75,156.75,100,0
FAD.US,5,20251124,204000,156.465,156.465,156.465,156.465,203,0
FAD.US,5,20251124,210500,156.51,156.51,156.51,156.51,210,0
FAD.US,5,20251124,215500,156.79,156.79,156.79,156.79,122,0
FAD.US,5,20251125,153000,157.06,157.06,157.06,157.06,296,0
FAD.US,5,20251125,161000,157.06,157.06,157.06,157.06,248,0
FAD.US,5,20251125,162500,156.9267,156.9267,156.9267,156.9267,108,0
FAD.US,5,20251125,174000,157.98,157.98,157.98,157.98,175,0
FAD.US,5,20251125,192500,158.4701,158.4701,158.4701,158.4701,183,0
FAD.US,5,20251125,205500,159,159,159,159,800,0
FAD.US,5,20251125,213000,159.285,159.285,159.285,159.285,155,0
FAD.US,5,20251125,214500,159.55,159.55,159.55,159.55,100,0
FAD.US,5,20251126,163500,160.7001,160.7001,160.7001,160.7001,136,0
FAD.US,5,20251126,171000,161.07,161.07,161.07,161.07,100,0
FAD.US,5,20251126,173500,161.13,161.13,161.13,161.13,200,0
FAD.US,5,20251126,174000,161.16,161.16,161.16,161.16,100,0
FAD.US,5,20251126,182000,161.0794,161.0794,161.0794,161.0794,138,0
FAD.US,5,20251126,182500,161.09,161.09,161.04,161.04,359,0
FAD.US,5,20251126,184000,161.175,161.175,161.175,161.175,100,0
FAD.US,5,20251126,185500,161.1856,161.1856,161.1856,161.1856,124,0
FAD.US,5,20251126,191000,161.15,161.15,161.15,161.15,100,0
FAD.US,5,20251126,202000,161.54,161.54,161.54,161.54,527,0
FAD.US,5,20251126,203000,161.86,161.86,161.79008,161.79028,576,0
FAD.US,5,20251126,204500,161.57,161.57,161.57,161.57,100,0
FAD.US,5,20251128,153000,162.02,162.02,162.02,162.02,145,0
FAD.US,5,20251128,155000,161.73,161.73,161.73,161.73,126,0
FAD.US,5,20251128,160000,161.62,161.62,161.62,161.62,154,0
FAD.US,5,20251128,175500,162.4865,162.4865,162.4865,162.4865,744,0
FAD.US,5,20251201,153000,161.12,161.12,161.12,161.12,1165,0
FAD.US,5,20251201,170000,161.045,161.06,161.045,161.06,326,0
FAD.US,5,20251201,172000,160.945,160.945,160.945,160.945,100,0
FAD.US,5,20251201,194500,161.7,161.705,161.5,161.5,917,0
FAD.US,5,20251201,202000,161.09,161.09,161.09,161.09,186,0
FAD.US,5,20251202,153000,161.92,161.92,161.92,161.92,175,0
FAD.US,5,20251202,162500,161.31,161.31,161.31,161.31,100,0
FAD.US,5,20251202,172000,160.95,160.95,160.95,160.95,175,0
FAD.US,5,20251202,175500,160.51,160.6426,160.51,160.6426,600,0
FAD.US,5,20251202,183500,161.055,161.055,161.055,161.055,100,0
FAD.US,5,20251202,191000,161.22,161.235,161.22,161.235,300,0
FAD.US,5,20251202,191500,161.235,161.235,161.235,161.235,100,0
FAD.US,5,20251202,202500,161.045,161.045,161.02347,161.02347,310,0
FAD.US,5,20251202,212500,161.185,161.185,161.185,161.185,157,0
FAD.US,5,20251202,214500,160.9102,160.9102,160.9102,160.9102,124,0
FAD.US,5,20251203,153000,160.9,160.9,160.9,160.9,105,0
FAD.US,5,20251203,154000,160.23,160.23,160.23,160.23,100,0
FAD.US,5,20251203,165500,160.87,160.87,160.87,160.87,168,0
FAD.US,5,20251203,185000,161.7,161.71,161.7,161.71,600,0
FAD.US,5,20251203,193000,161.63,161.79,161.63,161.79,595,0
FAD.US,5,20251203,194500,161.6,161.6,161.6,161.6,164,0
FAD.US,5,20251203,201000,161.5,161.5,161.5,161.5,196,0
FAD.US,5,20251203,203500,161.7,161.7,161.7,161.7,245,0
FAD.US,5,20251203,210500,161.98,161.98,161.9446,161.9446,682,0
FAD.US,5,20251203,212500,161.9265,161.9265,161.9265,161.9265,271,0
FAD.US,5,20251203,215000,162.11,162.11,162.11,162.11,112,0
FAD.US,5,20251204,153000,162.17,162.17,162.17,162.17,218,0
FAD.US,5,20251204,163000,162.84,162.84,162.815,162.815,299,0
FAD.US,5,20251204,165000,162.75,162.75,162.75,162.75,216,0
FAD.US,5,20251204,165500,162.86,162.86,162.86,162.86,109,0
FAD.US,5,20251204,184000,163.59,163.61,163.59,163.61,813,0
FAD.US,5,20251204,185000,163.49,163.49,163.49,163.49,1381,0
FAD.US,5,20251204,190000,163.65,163.65,163.65,163.65,2560,0
FAD.US,5,20251204,191000,163.52,163.52,163.52,163.52,1222,0
FAD.US,5,20251204,192500,163.635,163.635,163.635,163.635,169,0
FAD.US,5,20251204,194500,163.62,163.72,163.62,163.72,6035,0
FAD.US,5,20251204,201500,163.405,163.405,163.405,163.405,275,0
FAD.US,5,20251204,205000,163.4675,163.479,163.411,163.479,304,0
FAD.US,5,20251204,205500,163.609,163.609,163.609,163.609,183,0
FAD.US,5,20251204,210500,163.3399,163.3399,163.3399,163.3399,673,0
FAD.US,5,20251204,212000,163.4145,163.4145,163.4145,163.4145,113,0
FAD.US,5,20251204,215500,163.61,163.61,163.61,163.61,673,0
FAD.US,5,20251205,154000,163.4,163.4,163.4,163.4,100,0
FAD.US,5,20251205,163000,164.135,164.135,164.135,164.135,183,0
FAD.US,5,20251205,164000,164.12,164.12,164.12,164.12,100,0
FAD.US,5,20251205,182500,163.11,163.11,163.11,163.11,300,0
FAD.US,5,20251205,191000,163.935,163.935,163.935,163.935,100,0
FAD.US,5,20251205,200500,163.61,163.61,163.61,163.61,1000,0
FAD.US,5,20251205,205000,163.505,163.505,163.505,163.505,158,0
FAD.US,5,20251205,214000,163.46,163.46,163.46,163.46,612,0
FAD.US,5,20251208,153000,164.25,164.25,164.25,164.25,302,0
FAD.US,5,20251208,153500,163.83,163.83,163.83,163.83,100,0
FAD.US,5,20251208,155000,163.87,163.87,163.87,163.87,100,0
FAD.US,5,20251208,161500,163.8,163.8,163.8,163.8,170,0
FAD.US,5,20251208,162000,164.1,164.1,163.8806,163.8806,213,0
FAD.US,5,20251208,164000,163.78,163.78,163.78,163.78,100,0
FAD.US,5,20251208,170000,163.36,163.36,163.36,163.36,100,0
FAD.US,5,20251208,171000,163.2431,163.2431,163.2431,163.2431,664,0
FAD.US,5,20251208,175000,163.655,163.655,163.655,163.655,287,0
FAD.US,5,20251208,175500,163.655,163.655,163.655,163.655,100,0
FAD.US,5,20251208,183500,163.805,163.805,163.805,163.805,100,0
FAD.US,5,20251208,185000,163.735,163.735,163.735,163.735,120,0
FAD.US,5,20251208,192500,163.6,163.6,163.6,163.6,100,0
FAD.US,5,20251208,202500,163.55,163.555,163.55,163.555,434,0
FAD.US,5,20251208,203000,163.4173,163.56,163.4173,163.56,428,0
FAD.US,5,20251208,203500,163.707,163.72,163.707,163.72,1645,0
FAD.US,5,20251208,204500,163.81,163.81,163.7125,163.7125,5643,0
FAD.US,5,20251208,205000,163.66,163.66,163.66,163.66,108,0
FAD.US,5,20251209,153000,163.21,163.21,163.11,163.21,14460,0
FAD.US,5,20251209,164000,163.9695,163.9695,163.9695,163.9695,300,0
FAD.US,5,20251209,165000,164.03,164.03,163.98,163.98,258,0
FAD.US,5,20251209,165500,163.92,164.13,163.83,164.12,1486,0
FAD.US,5,20251209,181000,164.3,164.3,164.3,164.3,100,0
FAD.US,5,20251209,184000,163.95,163.95,163.95,163.95,367,0
FAD.US,5,20251209,185000,163.809,163.809,163.809,163.809,635,0
FAD.US,5,20251209,190500,164.12,164.12,164.12,164.12,100,0
FAD.US,5,20251209,192000,163.98,163.98,163.98,163.98,267,0
FAD.US,5,20251209,200000,163.95,163.95,163.95,163.95,100,0
FAD.US,5,20251209,201000,163.6405,163.6405,163.6405,163.6405,107,0
FAD.US,5,20251209,203000,163.86745,163.86745,163.86745,163.86745,101,0
FAD.US,5,20251209,211000,163.945,163.945,163.945,163.945,120,0
FAD.US,5,20251209,213000,163.64,163.65,163.64,163.65,430,0
FAD.US,5,20251209,213500,163.6681,163.83,163.6681,163.83,236,0
FAD.US,5,20251209,215000,163.7599,163.7599,163.7599,163.7599,366,0
FAD.US,5,20251209,215500,163.5,163.5,163.46094,163.46094,552,0
FAD.US,5,20251210,153000,163.72,163.72,163.72,163.72,342,0
FAD.US,5,20251210,153500,163.3,163.35,163.3,163.35,300,0
FAD.US,5,20251210,155000,163.29,163.29,163.29,163.29,100,0
FAD.US,5,20251210,160000,163.628,163.628,163.628,163.628,100,0
FAD.US,5,20251210,165000,163.39,163.39,163.38,163.38,400,0
FAD.US,5,20251210,171500,163.63,163.63,163.63,163.63,100,0
FAD.US,5,20251210,181000,163.835,163.835,163.835,163.835,183,0
FAD.US,5,20251210,184500,163.555,163.555,163.555,163.555,111,0
FAD.US,5,20251210,185000,163.78,163.78,163.78,163.78,270,0
FAD.US,5,20251210,200000,163.7678,163.7678,163.7678,163.7678,164,0
FAD.US,5,20251210,203000,165,165,165,165,100,0
FAD.US,5,20251210,205500,165.71705,165.71705,165.71705,165.71705,100,0
FAD.US,5,20251210,210000,165.55,165.55,165.55,165.55,100,0
FAD.US,5,20251210,212000,166.16,166.16,166.16,166.16,100,0
FAD.US,5,20251210,212500,165.85,165.85,165.85,165.85,100,0
FAD.US,5,20251210,213000,165.62,165.62,165.62,165.62,115,0
FAD.US,5,20251211,153000,165.24,165.24,164.79,164.79,330,0
FAD.US,5,20251211,153500,165.27,165.27,165.27,165.27,100,0
FAD.US,5,20251211,161000,165.74,165.74,165.74,165.74,100,0
FAD.US,5,20251211,165000,165,165,165,165,100,0
FAD.US,5,20251211,165500,165.24,165.313,165.24,165.313,443,0
FAD.US,5,20251211,172500,165.495,165.505,165.36101,165.37339,528,0
FAD.US,5,20251211,173000,165.45,165.45,165.45,165.45,100,0
FAD.US,5,20251211,174500,166.28,166.28,166.28,166.28,100,0
FAD.US,5,20251211,181500,166.34,166.34,166.34,166.34,100,0
FAD.US,5,20251211,182500,166.355,166.355,166.355,166.355,183,0
FAD.US,5,20251211,184500,166.6,166.6,166.6,166.6,217,0
FAD.US,5,20251211,190500,166.61,166.655,166.61,166.655,288,0
FAD.US,5,20251211,191000,166.78,166.78,166.78,166.78,100,0
FAD.US,5,20251211,192500,166.66,166.66,166.66,166.66,131,0
FAD.US,5,20251211,193500,166.73,166.73,166.73,166.73,500,0
FAD.US,5,20251211,195500,166.725,166.725,166.725,166.725,191,0
FAD.US,5,20251211,200500,166.7778,166.7778,166.7778,166.7778,121,0
FAD.US,5,20251211,201000,166.7562,166.7566,166.7562,166.7566,489,0
FAD.US,5,20251211,203500,167.13,167.13,167.13,167.13,100,0
FAD.US,5,20251211,204000,167.2,167.2,167.2,167.2,100,0
FAD.US,5,20251211,204500,167.21,167.21,167.21,167.21,100,0
FAD.US,5,20251211,205000,167.19,167.19,167.19,167.19,100,0
FAD.US,5,20251211,205500,167.15,167.15,167.15,167.15,100,0
FAD.US,5,20251211,215500,167.26,167.26,167.26,167.26,150,0
FAD.US,5,20251212,153000,167.45,167.45,167.45,167.45,149,0
FAD.US,5,20251212,155000,166.54,166.54,166.53,166.53,341,0
FAD.US,5,20251212,164500,165.57,165.57,165.57,165.57,102,0
FAD.US,5,20251212,173000,163.93,163.93,163.93,163.93,125,0
FAD.US,5,20251212,180500,164.14,164.14,164.14,164.14,1200,0
FAD.US,5,20251212,183000,164.175,164.175,164.175,164.175,191,0
FAD.US,5,20251212,191000,165.12,165.12,165.12,165.12,201,0
FAD.US,5,20251212,191500,165.32,165.32,165.32,165.32,100,0
FAD.US,5,20251212,204000,164.53,164.53,164.53,164.53,200,0
FAD.US,5,20251212,210000,164.37,164.37,164.37,164.37,100,0
FAD.US,5,20251212,211000,164.275,164.275,164.275,164.275,103,0
FAD.US,5,20251212,212000,164.0614,164.0614,164.0614,164.0614,303,0
FAD.US,5,20251215,153000,164.89,164.89,164.89,164.89,245,0
FAD.US,5,20251215,153500,164.9,164.9,164.9,164.9,100,0
FAD.US,5,20251215,154000,164.56,164.56,164.47,164.47,458,0
FAD.US,5,20251215,154500,164.05,164.05,164.05,164.05,100,0
FAD.US,5,20251215,155500,163.62,163.62,163.62,163.62,100,0
FAD.US,5,20251215,162500,163.18,163.18,163.18,163.18,100,0
FAD.US,5,20251215,165000,163.53,163.53,163.2487,163.2487,205,0
FAD.US,5,20251215,170500,163.35,163.35,163.35,163.35,100,0
FAD.US,5,20251215,171500,163.6639,163.6639,163.6639,163.6639,529,0
FAD.US,5,20251215,175500,163.31,163.36,163.31,163.36,200,0
FAD.US,5,20251215,180500,163.26,163.26,163.25,163.25,300,0
FAD.US,5,20251215,182000,163.17,163.17,163.17,163.17,100,0
FAD.US,5,20251215,185000,163.0215,163.0215,163.0215,163.0215,107,0
FAD.US,5,20251215,190500,163.23,163.23,163.23,163.23,100,0
FAD.US,5,20251215,194000,162.99,162.99,162.99,162.99,100,0
FAD.US,5,20251215,194500,162.895,162.895,162.895,162.895,373,0
FAD.US,5,20251215,200000,163.36,163.36,163.36,163.36,100,0
FAD.US,5,20251215,201000,163.13,163.13,163.13,163.13,137,0
FAD.US,5,20251215,204500,163.07,163.07,163.07,163.07,100,0
FAD.US,5,20251215,210000,163.1399,163.1399,163.1399,163.1399,153,0
FAD.US,5,20251215,214000,162.62,162.62,162.62,162.62,102,0
FAD.US,5,20251215,214500,162.32,162.32,162.32,162.32,100,0
FAD.US,5,20251215,215500,162.21,162.6,162.2,162.6,1324,0
FAD.US,5,20251216,153000,162,162,162,162,214,0
FAD.US,5,20251216,154000,162.68,162.68,162.68,162.68,200,0
FAD.US,5,20251216,154500,162.22,162.22,162.22,162.22,200,0
FAD.US,5,20251216,155000,163.07,163.07,163.05,163.07,500,0
FAD.US,5,20251216,155500,163.1841,163.1841,163.1841,163.1841,123,0
FAD.US,5,20251216,160000,163.18,163.18,163.18,163.18,100,0
FAD.US,5,20251216,162500,161.74,161.74,161.74,161.74,100,0
FAD.US,5,20251216,163000,162.1,162.1,162.1,162.1,142,0
FAD.US,5,20251216,165500,162.39,162.39,162.39,162.39,100,0
FAD.US,5,20251216,175000,161.871,161.871,161.871,161.871,101,0
FAD.US,5,20251216,180000,162.12,162.12,162.12,162.12,100,0
FAD.US,5,20251216,181500,162.15,162.15,162.15,162.15,200,0
FAD.US,5,20251216,183500,161.96,161.96,161.96,161.96,100,0
FAD.US,5,20251216,184500,161.495,161.495,161.495,161.495,191,0
FAD.US,5,20251216,192000,161.25,161.25,161.25,161.25,100,0
FAD.US,5,20251216,194000,161.7867,161.7867,161.7867,161.7867,100,0
FAD.US,5,20251216,195500,161.9775,161.9775,161.9775,161.9775,267,0
FAD.US,5,20251216,202000,161.56,161.56,161.56,161.56,100,0
FAD.US,5,20251216,211500,162.07,162.07,162.07,162.07,100,0
FAD.US,5,20251216,212000,161.9903,161.9903,161.9903,161.9903,182,0
FAD.US,5,20251216,213500,162.449,162.449,162.449,162.449,300,0
FAD.US,5,20251216,214500,162.58,162.58,162.58,162.58,100,0
FAD.US,5,20251217,153000,163.13,163.28,163.13,163.28,304,0
FAD.US,5,20251217,154500,162.61,162.61,162.6,162.6,300,0
FAD.US,5,20251217,162000,163.34,163.34,163.34,163.34,200,0
FAD.US,5,20251217,162500,163.02,163.14,163.02,163.12,4012,0
FAD.US,5,20251217,163000,162.8223,162.8223,162.8223,162.8223,170,0
FAD.US,5,20251217,163500,162.51,162.51,162.51,162.51,100,0
FAD.US,5,20251217,164000,162.2699,162.2699,161.71,161.71,217,0
FAD.US,5,20251217,170000,161.3,161.3,161.3,161.3,100,0
FAD.US,5,20251217,171500,161.6,161.6,161.6,161.6,100,0
FAD.US,5,20251217,172000,160.65,160.65,160.65,160.65,200,0
FAD.US,5,20251217,172500,161.33,161.33,161.33,161.33,100,0
FAD.US,5,20251217,174000,160.66,160.87,160.66,160.87,1397,0
FAD.US,5,20251217,175000,160.66,160.66,160.66,160.66,1300,0
FAD.US,5,20251217,181000,160.91,160.91,160.88,160.88,9448,0
FAD.US,5,20251217,181500,160.815,160.815,160.815,160.815,247,0
FAD.US,5,20251217,182000,161.18,161.18,161.18,161.18,100,0
FAD.US,5,20251217,190000,161.01,161.01,161.01,161.01,100,0
FAD.US,5,20251217,195000,160.0027,160.0027,160.0027,160.0027,350,0
FAD.US,5,20251217,195500,160.06,160.06,160.06,160.06,100,0
FAD.US,5,20251217,201500,160.04,160.04,160.04,160.04,100,0
FAD.US,5,20251217,204000,160.01,160.01,160.01,160.01,100,0
FAD.US,5,20251217,204500,159.75,159.75,159.75,159.75,126,0
FAD.US,5,20251217,210500,159.99,159.99,159.99,159.99,100,0
FAD.US,5,20251217,214500,159.5,159.76,159.5,159.76,378,0
FAD.US,5,20251217,215000,159.5,159.5,159.4571,159.4571,428,0
FAD.US,5,20251217,215500,159.43,159.43,159.43,159.43,100,0
FAD.US,5,20251218,153000,161.67,162.43,161.67,162.41,445,0
FAD.US,5,20251218,153500,162.225,162.225,162.06,162.06,246,0
FAD.US,5,20251218,154000,161.97,161.97,161.97,161.97,148,0
FAD.US,5,20251218,154500,161.35,161.35,161.35,161.35,100,0
FAD.US,5,20251218,160000,162.25,162.25,162.25,162.25,100,0
FAD.US,5,20251218,162500,162.706,162.706,162.706,162.706,474,0
FAD.US,5,20251218,163500,162.6,162.6,162.6,162.6,100,0
FAD.US,5,20251218,164000,162.42,162.63,162.4,162.63,756,0
FAD.US,5,20251218,170000,162.31,162.31,162.31,162.31,100,0
FAD.US,5,20251218,170500,162.53,162.53,162.53,162.53,100,0
FAD.US,5,20251218,171000,162.3124,162.3124,162.3124,162.3124,100,0
FAD.US,5,20251218,172000,162.35,162.35,162.35,162.35,100,0
FAD.US,5,20251218,174000,162.345,162.345,162.345,162.345,140,0
FAD.US,5,20251218,175500,162.1788,162.1788,162.1788,162.1788,148,0
FAD.US,5,20251218,180500,161.74,161.74,161.74,161.74,100,0
FAD.US,5,20251218,192000,161.78,161.78,161.78,161.78,236,0
FAD.US,5,20251218,201500,161.56,161.56,161.56,161.56,100,0
FAD.US,5,20251218,202500,161.3872,161.3872,161.3872,161.3872,245,0
FAD.US,5,20251218,210000,161,161,161,161,129,0
FAD.US,5,20251218,210500,161.355,161.355,161.355,161.355,195,0
FAD.US,5,20251218,211500,161.62,161.62,161.62,161.62,100,0
FAD.US,5,20251218,212500,161.5,161.58,161.5,161.58,500,0
FAD.US,5,20251218,213500,161.81,161.81,161.81,161.81,100,0
FAD.US,5,20251218,215500,161.37,161.485,161.37,161.485,200,0
FAD.US,5,20251219,153000,162.17,162.5,162.17,162.49,321,0
FAD.US,5,20251219,154500,163.1566,163.1566,163.1566,163.1566,149,0
FAD.US,5,20251219,160000,163.4,163.4,163.4,163.4,100,0
FAD.US,5,20251219,160500,163.63,163.63,163.63,163.63,100,0
FAD.US,5,20251219,162000,163.385,163.385,163.385,163.385,111,0
FAD.US,5,20251219,163000,163.65,163.65,163.65,163.65,100,0
FAD.US,5,20251219,171500,163.7,163.7,163.7,163.7,100,0
FAD.US,5,20251219,180500,164.19,164.19,164.19,164.19,512,0
FAD.US,5,20251219,182000,164.27,164.27,164.27,164.27,100,0
FAD.US,5,20251219,182500,164.0901,164.0901,164.0901,164.0901,144,0
FAD.US,5,20251219,190000,164.125,164.125,164.125,164.125,300,0
FAD.US,5,20251219,192500,164.2952,164.2952,164.28,164.28,275,0
FAD.US,5,20251219,201000,164.09,164.09,164.09,164.09,300,0
FAD.US,5,20251219,205500,164.04,164.04,164.03,164.03,295,0
FAD.US,5,20251219,210000,164.04,164.04,164.04,164.04,100,0
FAD.US,5,20251219,210500,164.28,164.28,164.28,164.28,100,0
FAD.US,5,20251219,212000,164.3369,164.3369,164.3369,164.3369,147,0
FAD.US,5,20251219,214500,164.4599,164.4599,164.4599,164.4599,105,0
FAD.US,5,20251222,153000,165.9,165.9,165.88,165.88,407,0
FAD.US,5,20251222,154500,165.63,165.63,165.63,165.63,200,0
FAD.US,5,20251222,155000,165.67,165.67,165.67,165.67,100,0
FAD.US,5,20251222,160500,166.1,166.1,166,166,580,0
FAD.US,5,20251222,163500,165.7301,165.7301,165.7301,165.7301,109,0
FAD.US,5,20251222,164000,166.05,166.05,166.05,166.05,100,0
FAD.US,5,20251222,182500,166.56,166.56,166.56,166.56,100,0
FAD.US,5,20251222,183500,166.55,166.55,166.55,166.55,352,0
FAD.US,5,20251222,204500,166.47,166.47,166.47,166.47,146,0
FAD.US,5,20251222,210000,166.475,166.475,166.475,166.475,150,0
FAD.US,5,20251222,213000,166.38,166.38,166.38,166.38,126,0
FAD.US,5,20251222,215500,166.08,166.08,166.06,166.06,200,0
