<TICKER>,<PER>,<DATE>,<TIME>,<OPEN>,<HIGH>,<LOW>,<CLOSE>,<VOL>,<OPENINT>
FJP.US,5,20250728,153000,60.86,60.86,60.86,60.86,286,0
FJP.US,5,20250728,155000,59.2865,59.2865,59.2865,59.2865,325,0
FJP.US,5,20250728,155500,59.305,59.54,59.305,59.54,909,0
FJP.US,5,20250728,171000,59.5599,59.5599,59.5599,59.5599,108,0
FJP.US,5,20250728,172000,59.294,59.294,59.294,59.294,484,0
FJP.US,5,20250728,173000,59.2877,59.2877,59.2877,59.2877,535,0
FJP.US,5,20250728,174500,59.55,59.55,59.55,59.55,100,0
FJP.US,5,20250728,175000,59.0501,59.0501,59.0501,59.0501,621,0
FJP.US,5,20250728,182500,59.37,59.37,59.37,59.37,255,0
FJP.US,5,20250728,183000,59.05,59.05,59.05,59.05,171,0
FJP.US,5,20250728,184500,59.6,59.6,59.6,59.6,100,0
FJP.US,5,20250728,190000,59.62,59.62,59.335,59.335,243,0
FJP.US,5,20250728,193000,59.2892,59.2892,59.2892,59.2892,127,0
FJP.US,5,20250728,200000,59.44,59.44,59.44,59.44,100,0
FJP.US,5,20250728,200500,59.46,59.46,59.265,59.3,1094,0
FJP.US,5,20250728,202000,59.4125,59.4125,59.4125,59.4125,200,0
FJP.US,5,20250728,214000,59.195,59.195,59.195,59.195,126,0
FJP.US,5,20250729,160000,59.4,59.4,59.4,59.4,100,0
FJP.US,5,20250729,164500,59.32,59.32,59.17,59.17,200,0
FJP.US,5,20250729,172500,58.9657,58.9657,58.9657,58.9657,611,0
FJP.US,5,20250729,173500,59.017,59.0663,59.017,59.0663,703,0
FJP.US,5,20250729,174000,58.9007,58.9007,58.9007,58.9007,134,0
FJP.US,5,20250729,182500,59.269,59.269,59.269,59.269,172,0
FJP.US,5,20250729,183000,59.26,59.26,59.26,59.26,100,0
FJP.US,5,20250729,185500,59.18,59.2999,59.18,59.2999,202,0
FJP.US,5,20250729,190000,59,59,59,59,1025,0
FJP.US,5,20250729,192500,59.29,59.29,59.29,59.29,620,0
FJP.US,5,20250729,193000,58.9415,58.9415,58.9415,58.9415,114,0
FJP.US,5,20250729,195500,59.28,59.28,59.28,59.28,100,0
FJP.US,5,20250729,204500,58.7601,59.1678,58.7601,59.1678,249,0
FJP.US,5,20250729,205000,59.28,59.28,59.21,59.21,200,0
FJP.US,5,20250729,211500,58.9603,58.9604,58.8405,58.9604,1474,0
FJP.US,5,20250729,212000,59.319,59.319,59.319,59.319,123,0
FJP.US,5,20250729,213500,59.28,59.28,59.17,59.17,200,0
FJP.US,5,20250729,214500,59.04,59.04,59.04,59.04,100,0
FJP.US,5,20250729,215500,59.3,59.37,59.3,59.37,1499,0
FJP.US,5,20250730,153000,59.26,59.26,59.26,59.26,2220,0
FJP.US,5,20250730,174500,59.9481,59.9481,59.7533,59.7533,580,0
FJP.US,5,20250730,182000,59.8356,59.8356,59.8356,59.8356,179,0
FJP.US,5,20250730,184000,59.38,59.38,59.38,59.38,233,0
FJP.US,5,20250730,190500,59.69,60.1299,59.69,60.1299,634,0
FJP.US,5,20250730,204500,59.8264,59.8264,59.8264,59.8264,101,0
FJP.US,5,20250730,214500,59.55,59.55,59.55,59.55,216,0
FJP.US,5,20250730,215500,59.8624,59.8624,59.8624,59.8624,335,0
FJP.US,5,20250731,173000,59.402,59.402,59.402,59.402,558,0
FJP.US,5,20250731,180500,59.365,59.365,59.365,59.365,363,0
FJP.US,5,20250731,183000,59.7299,59.7299,59.7299,59.7299,287,0
FJP.US,5,20250731,183500,59.5202,59.56,59.5202,59.56,615,0
FJP.US,5,20250731,190000,59.12,59.12,59.0754,59.0754,282,0
FJP.US,5,20250731,194000,59.41,59.41,59.41,59.41,100,0
FJP.US,5,20250731,202500,59.5483,59.5483,59.5483,59.5483,112,0
FJP.US,5,20250731,203000,59.6,59.6,59.6,59.6,100,0
FJP.US,5,20250731,204000,59.57,59.57,59.57,59.57,200,0
FJP.US,5,20250731,211000,59.1535,59.1535,59.1535,59.1535,102,0
FJP.US,5,20250731,214500,59.75,59.75,59.75,59.75,154,0
FJP.US,5,20250801,153000,60.06,60.06,59.93,59.93,668,0
FJP.US,5,20250801,170500,60.3055,60.3055,60.3055,60.3055,239,0
FJP.US,5,20250801,175500,60.17,60.17,60.17,60.17,339,0
FJP.US,5,20250801,185500,59.84,59.84,59.84,59.84,334,0
FJP.US,5,20250801,191500,60.125,60.125,60.125,60.125,175,0
FJP.US,5,20250801,192500,60.125,60.125,60.125,60.125,244,0
FJP.US,5,20250801,194500,60.43,60.43,60.43,60.43,100,0
FJP.US,5,20250801,204000,60.11,60.11,60.11,60.11,3061,0
FJP.US,5,20250801,214000,60.43,60.43,60.43,60.43,200,0
FJP.US,5,20250801,214500,60.42,60.43,60.42,60.43,400,0
FJP.US,5,20250804,153000,61.45,61.45,61.45,61.45,211,0
FJP.US,5,20250804,163500,61.345,61.345,61.345,61.345,725,0
FJP.US,5,20250804,172500,61.47,61.63,61.47,61.63,506,0
FJP.US,5,20250804,173000,61.4256,61.4256,61.4256,61.4256,221,0
FJP.US,5,20250804,184500,61.63,61.63,61.04,61.04,747,0
FJP.US,5,20250804,185000,61.7826,61.7826,61.7826,61.7826,106,0
FJP.US,5,20250804,185500,61.73,61.73,61.54,61.54,200,0
FJP.US,5,20250804,191000,61.72,61.72,61.58,61.58,200,0
FJP.US,5,20250804,191500,61.59,61.59,61.49,61.49,245,0
FJP.US,5,20250804,192000,61.4283,61.4283,61.4283,61.4283,469,0
FJP.US,5,20250804,193000,61.74,61.74,61.74,61.74,100,0
FJP.US,5,20250804,193500,61.5804,61.5804,61.5804,61.5804,346,0
FJP.US,5,20250804,194000,61.5504,61.5504,61.5504,61.5504,1146,0
FJP.US,5,20250804,194500,61.455,61.455,61.455,61.455,295,0
FJP.US,5,20250804,200500,61.41,61.41,61.41,61.41,644,0
FJP.US,5,20250804,201000,61.74,61.74,61.5,61.5,200,0
FJP.US,5,20250804,202500,61.4859,61.4859,61.4859,61.4859,221,0
FJP.US,5,20250804,204000,61.1274,61.1274,61.1274,61.1274,120,0
FJP.US,5,20250804,205000,61.49,61.49,61.49,61.49,198,0
FJP.US,5,20250804,205500,61.1201,61.1201,61.1201,61.1201,250,0
FJP.US,5,20250804,210500,61.13,61.4552,61.13,61.4552,335,0
FJP.US,5,20250804,212000,61.2529,61.2529,61.2529,61.2529,130,0
FJP.US,5,20250804,213000,61.86,61.86,61.86,61.86,1380,0
FJP.US,5,20250804,214500,61.539,61.539,61.539,61.539,163,0
FJP.US,5,20250805,161000,61.51,61.51,61.51,61.51,100,0
FJP.US,5,20250805,162000,61.28,61.28,61.28,61.28,135,0
FJP.US,5,20250805,164000,61.59,61.61,60.95,60.95,917,0
FJP.US,5,20250805,165000,61.54,61.54,61.54,61.54,132,0
FJP.US,5,20250805,165500,60.95,61.51,60.95,61.51,220,0
FJP.US,5,20250805,170000,61.55,61.55,61.55,61.55,100,0
FJP.US,5,20250805,171000,61.689,61.689,61.689,61.689,178,0
FJP.US,5,20250805,172000,61.401636,61.401636,61.401636,61.401636,181,0
FJP.US,5,20250805,184500,61.67,61.67,61.67,61.67,100,0
FJP.US,5,20250805,185000,61.66,61.66,61.36,61.36,535,0
FJP.US,5,20250805,190000,61.68,61.69,61.68,61.69,244,0
FJP.US,5,20250805,190500,61.67,61.67,61.67,61.67,100,0
FJP.US,5,20250805,200500,61.395,61.395,61.395,61.395,100,0
FJP.US,5,20250805,201500,61.6899,61.6899,61.03,61.03,202,0
FJP.US,5,20250805,202500,61.64,61.64,61.64,61.64,100,0
FJP.US,5,20250805,204500,61.36,61.36,61.36,61.36,200,0
FJP.US,5,20250805,205500,61.4046,61.4046,61.4046,61.4046,111,0
FJP.US,5,20250805,211500,61.64,61.7,61.525,61.525,1700,0
FJP.US,5,20250805,213000,61.52,61.68,61.52,61.68,400,0
FJP.US,5,20250805,213500,61.66,61.66,61.52,61.52,200,0
FJP.US,5,20250806,153000,62.42,62.42,62.42,62.42,242,0
FJP.US,5,20250806,160500,62.0965,62.0965,62.0965,62.0965,168,0
FJP.US,5,20250806,161000,62.51,62.51,62.51,62.51,100,0
FJP.US,5,20250806,161500,62.0906,62.0906,62.0906,62.0906,100,0
FJP.US,5,20250806,162000,62.23,62.23,62.23,62.23,100,0
FJP.US,5,20250806,162500,62.1122,62.1122,62.1122,62.1122,206,0
FJP.US,5,20250806,165500,61.972,61.972,61.972,61.972,264,0
FJP.US,5,20250806,172000,62.3,62.3,62.3,62.3,100,0
FJP.US,5,20250806,174500,62.376,62.376,62.376,62.376,100,0
FJP.US,5,20250806,175000,62.2826,62.2826,62.2826,62.2826,291,0
FJP.US,5,20250806,180000,62.34,62.34,62.34,62.34,2224,0
FJP.US,5,20250806,183500,62.232,62.232,62.232,62.232,224,0
FJP.US,5,20250806,184500,62.43,62.47,62.43,62.47,572,0
FJP.US,5,20250806,185000,62.49,62.49,62.239,62.239,804,0
FJP.US,5,20250806,194000,62.0101,62.0101,62.0101,62.0101,125,0
FJP.US,5,20250806,200500,62.3915,62.3915,62.332168,62.332168,891,0
FJP.US,5,20250806,202500,62.49,62.49,62.49,62.49,100,0
FJP.US,5,20250806,204000,62.5006,62.5006,62.5006,62.5006,436,0
FJP.US,5,20250806,215500,62.48,62.48,62.48,62.48,100,0
FJP.US,5,20250807,155000,62.9556,62.9556,62.9556,62.9556,241,0
FJP.US,5,20250807,155500,63.23,63.23,63.23,63.23,122,0
FJP.US,5,20250807,161500,63.14,63.14,63.14,63.14,200,0
FJP.US,5,20250807,165000,63.3,63.3,63.3,63.3,103,0
FJP.US,5,20250807,170500,62.825,62.825,62.825,62.825,496,0
FJP.US,5,20250807,173500,62.895,62.895,62.895,62.895,148,0
FJP.US,5,20250807,174000,62.56,63.2299,62.56,63.2299,377,0
FJP.US,5,20250807,175500,62.97,62.97,62.97,62.97,100,0
FJP.US,5,20250807,184500,62.8156,62.8156,62.8156,62.8156,103,0
FJP.US,5,20250807,185500,62.93,62.985,62.652,62.985,1480,0
FJP.US,5,20250807,195000,62.75,62.75,62.75,62.75,217,0
FJP.US,5,20250807,200000,62.9396,62.9396,62.9396,62.9396,266,0
FJP.US,5,20250807,210500,62.5901,62.5901,62.5901,62.5901,167,0
FJP.US,5,20250807,213000,63.41,63.41,62.66,62.66,1400,0
FJP.US,5,20250808,155500,63.74,63.74,63.74,63.74,460,0
FJP.US,5,20250808,162000,64.059,64.059,64.059,64.059,321,0
FJP.US,5,20250808,163000,63.682,63.682,63.682,63.682,523,0
FJP.US,5,20250808,172500,63.88,63.88,63.88,63.88,481,0
FJP.US,5,20250808,173000,63.88,63.88,63.88,63.88,1500,0
FJP.US,5,20250808,175000,63.99,63.99,63.99,63.99,161,0
FJP.US,5,20250808,175500,63.835,63.835,63.835,63.835,100,0
FJP.US,5,20250808,180000,63.81,63.81,63.81,63.81,350,0
FJP.US,5,20250808,183000,63.85,63.85,63.85,63.85,175,0
FJP.US,5,20250808,184000,63.935,63.935,63.935,63.935,100,0
FJP.US,5,20250808,190000,63.78,63.78,63.78,63.78,200,0
FJP.US,5,20250808,190500,63.835,63.835,63.835,63.835,143,0
FJP.US,5,20250808,191500,63.9899,63.9899,63.835,63.835,293,0
FJP.US,5,20250808,195000,63.99,63.99,63.99,63.99,360,0
FJP.US,5,20250808,200500,63.865,63.865,63.7814,63.7814,1691,0
FJP.US,5,20250808,203000,63.81,63.81,63.81,63.81,100,0
FJP.US,5,20250808,204000,63.696,63.696,63.696,63.696,230,0
FJP.US,5,20250808,204500,63.83,63.83,63.83,63.83,500,0
FJP.US,5,20250808,213500,63.69,63.765,63.68,63.765,771,0
FJP.US,5,20250808,215500,63.765,63.765,63.68,63.68,1200,0
FJP.US,5,20250811,155500,63.9667,63.9667,63.9667,63.9667,177,0
FJP.US,5,20250811,163500,64.0591,64.0591,64.0591,64.0591,229,0
FJP.US,5,20250811,170000,63.77,63.77,63.77,63.77,100,0
FJP.US,5,20250811,173500,63.755,63.755,63.755,63.755,209,0
FJP.US,5,20250811,174000,64.0899,64.0899,64.0899,64.0899,275,0
FJP.US,5,20250811,182500,63.7512,63.7512,63.7512,63.7512,364,0
FJP.US,5,20250811,183500,63.78,63.9312,63.78,63.9312,605,0
FJP.US,5,20250811,190000,63.43,63.735,63.42,63.42,864,0
FJP.US,5,20250811,201500,63.7,63.7,63.43,63.7,765,0
FJP.US,5,20250811,202500,63.6776,63.6776,63.6776,63.6776,250,0
FJP.US,5,20250811,203000,63.43,63.98,63.43,63.98,468,0
FJP.US,5,20250811,212500,63.849,63.85,63.849,63.85,536,0
FJP.US,5,20250811,213500,63.59,63.59,63.59,63.59,903,0
FJP.US,5,20250811,214000,63.7,63.7,63.7,63.7,340,0
FJP.US,5,20250811,215500,63.59,63.91,63.47,63.91,761,0
FJP.US,5,20250812,153000,63.86,64.18,63.86,63.94,1233,0
FJP.US,5,20250812,154500,64.175,64.2,64.175,64.2,500,0
FJP.US,5,20250812,161500,64.249,64.249,64.249,64.249,192,0
FJP.US,5,20250812,163000,64.3132,64.3132,64.3132,64.3132,175,0
FJP.US,5,20250812,165500,64.32,64.33,64.3132,64.33,920,0
FJP.US,5,20250812,170000,64.33,64.33,64.33,64.33,500,0
FJP.US,5,20250812,170500,64.0986,64.0986,64.0986,64.0986,410,0
FJP.US,5,20250812,174500,64.2863,64.2863,64.2863,64.2863,163,0
FJP.US,5,20250812,175000,63.86,63.86,63.86,63.86,149,0
FJP.US,5,20250812,175500,64.5377,64.5377,64.5377,64.5377,156,0
FJP.US,5,20250812,190500,64.45,64.45,64.36,64.45,1732,0
FJP.US,5,20250812,192000,64.46,64.46,64.46,64.46,100,0
FJP.US,5,20250812,200000,64.45,64.45,64.45,64.45,500,0
FJP.US,5,20250812,215500,64.62,64.62,64.62,64.62,156,0
FJP.US,5,20250813,153000,64.45,64.45,64.45,64.45,204,0
FJP.US,5,20250813,154500,64.2579,64.2579,64.2579,64.2579,560,0
FJP.US,5,20250813,163500,64.7499,64.7499,64.7499,64.7499,425,0
FJP.US,5,20250813,164500,64,64.6525,64,64.6525,346,0
FJP.US,5,20250813,171000,64.43,64.43,64.43,64.43,120,0
FJP.US,5,20250813,174000,64.598,64.598,64.2792,64.2792,353,0
FJP.US,5,20250813,174500,64.58,64.72,64.57,64.71,614,0
FJP.US,5,20250813,175000,64.54,64.54,64.539452,64.539452,312,0
FJP.US,5,20250813,175500,64.25,64.25,64.25,64.25,178,0
FJP.US,5,20250813,192500,64.74,64.74,64.74,64.74,100,0
FJP.US,5,20250813,193500,64.602891,64.602891,64.602891,64.602891,152,0
FJP.US,5,20250813,200500,64.2851,64.2851,64.2851,64.2851,121,0
FJP.US,5,20250813,211000,64.5685,64.5685,64.495,64.495,1038,0
FJP.US,5,20250813,212500,64.74,64.74,64.74,64.74,121,0
FJP.US,5,20250813,215500,64.72,64.72,64.72,64.72,143,0
FJP.US,5,20250814,153000,63.99,63.99,63.99,63.99,312,0
FJP.US,5,20250814,161000,64.105,64.105,64.105,64.105,367,0
FJP.US,5,20250814,163000,64.1387,64.1387,64.1387,64.1387,312,0
FJP.US,5,20250814,172000,64.3526,64.3526,64.3526,64.3526,154,0
FJP.US,5,20250814,173500,63.73,63.73,63.525,63.525,329,0
FJP.US,5,20250814,174500,64.28,64.28,64.28,64.28,100,0
FJP.US,5,20250814,185500,63.884368,64.2489,63.884368,64.2489,348,0
FJP.US,5,20250814,195000,64.21,64.21,63.6582,63.6582,324,0
FJP.US,5,20250814,200000,64.21,64.21,64.06,64.06,200,0
FJP.US,5,20250814,202000,63.9826,63.9826,63.9826,63.9826,155,0
FJP.US,5,20250814,203000,64.0608,64.0608,64.0608,64.0608,155,0
FJP.US,5,20250814,204500,63.955,63.955,63.955,63.955,265,0
FJP.US,5,20250814,205000,63.955,63.955,63.955,63.955,122,0
FJP.US,5,20250814,211500,63.965,63.965,63.965,63.965,325,0
FJP.US,5,20250814,213000,63.9357,63.9357,63.9357,63.9357,108,0
FJP.US,5,20250814,213500,64.29,64.29,64.28,64.28,500,0
FJP.US,5,20250815,153000,64.71,64.71,64.71,64.71,218,0
FJP.US,5,20250815,155000,64.8288,64.8288,64.8288,64.8288,120,0
FJP.US,5,20250815,161000,64.99,64.99,64.98,64.99,1000,0
FJP.US,5,20250815,161500,64.4605,64.4605,64.4605,64.4605,155,0
FJP.US,5,20250815,162000,64.3071,64.3071,64.3071,64.3071,174,0
FJP.US,5,20250815,162500,64.73,64.73,64.73,64.73,100,0
FJP.US,5,20250815,163000,64.73,64.73,64.73,64.73,100,0
FJP.US,5,20250815,163500,64.73,64.73,64.73,64.73,100,0
FJP.US,5,20250815,164000,64.73,64.73,64.72,64.72,200,0
FJP.US,5,20250815,164500,64.83,64.83,64.73,64.73,200,0
FJP.US,5,20250815,165000,64.82,64.82,64.73,64.73,200,0
FJP.US,5,20250815,170000,64.82,64.82,64.82,64.82,100,0
FJP.US,5,20250815,170500,64.83,64.83,64.83,64.83,100,0
FJP.US,5,20250815,171000,64.83,64.83,64.83,64.83,296,0
FJP.US,5,20250815,171500,64.48,65.1299,64.33,65.095,615,0
FJP.US,5,20250815,172500,64.91,64.91,64.91,64.91,100,0
FJP.US,5,20250815,174000,64.83,64.83,64.83,64.83,100,0
FJP.US,5,20250815,174500,64.99,64.99,64.99,64.99,100,0
FJP.US,5,20250815,180000,64.83,64.83,64.83,64.83,100,0
FJP.US,5,20250815,180500,64.83,64.83,64.83,64.83,100,0
FJP.US,5,20250815,182000,64.99,64.99,64.99,64.99,100,0
FJP.US,5,20250815,182500,64.6,64.6,64.6,64.6,263,0
FJP.US,5,20250815,183000,64.98,64.98,64.98,64.98,100,0
FJP.US,5,20250815,185000,64.98,64.98,64.5766,64.5766,223,0
FJP.US,5,20250815,185500,64.6,64.98,64.6,64.98,389,0
FJP.US,5,20250815,190000,64.83,64.83,64.83,64.83,200,0
FJP.US,5,20250815,190500,64.98,64.98,64.98,64.98,100,0
FJP.US,5,20250815,191000,64.98,64.98,64.98,64.98,100,0
FJP.US,5,20250815,191500,64.483,64.483,64.483,64.483,233,0
FJP.US,5,20250815,192000,64.98,64.98,64.98,64.98,100,0
FJP.US,5,20250815,193000,64.98,64.98,64.98,64.98,100,0
FJP.US,5,20250815,193500,64.6,64.6,64.6,64.6,161,0
FJP.US,5,20250815,194000,64.99,64.99,64.99,64.99,200,0
FJP.US,5,20250815,194500,64.83,64.83,64.83,64.83,100,0
FJP.US,5,20250815,195000,64.99,64.99,64.99,64.99,100,0
FJP.US,5,20250815,200000,64.83,64.83,64.83,64.83,100,0
FJP.US,5,20250815,201000,64.67,64.67,64.67,64.67,155,0
FJP.US,5,20250815,201500,64.83,64.83,64.83,64.83,100,0
FJP.US,5,20250815,203000,64.83,64.83,64.83,64.83,100,0
FJP.US,5,20250815,204500,64.83,64.83,64.83,64.83,100,0
FJP.US,5,20250815,210000,64.83,64.83,64.83,64.83,100,0
FJP.US,5,20250815,211000,64.83,64.83,64.83,64.83,100,0
FJP.US,5,20250815,212000,64.83,64.83,64.83,64.83,100,0
FJP.US,5,20250815,213500,64.78,64.78,64.78,64.78,100,0
FJP.US,5,20250815,214000,64.83,64.83,64.83,64.83,200,0
FJP.US,5,20250815,214500,64.82,64.82,64.82,64.82,200,0
FJP.US,5,20250815,215000,64.85,64.85,64.85,64.85,200,0
FJP.US,5,20250815,215500,64.73,65.07,64.73,65.06,1708,0
FJP.US,5,20250818,153000,65.01,65.01,65.01,65.01,234,0
FJP.US,5,20250818,153500,64.655,64.655,64.655,64.655,100,0
FJP.US,5,20250818,160500,64.8825,64.8825,64.8825,64.8825,155,0
FJP.US,5,20250818,161500,64.725,64.725,64.725,64.725,125,0
FJP.US,5,20250818,162500,64.7134,64.7134,64.7134,64.7134,252,0
FJP.US,5,20250818,163000,65.1399,65.1399,65.1399,65.1399,155,0
FJP.US,5,20250818,174500,65.13,65.13,65.13,65.13,159,0
FJP.US,5,20250818,180500,64.79,64.79,64.79,64.79,111,0
FJP.US,5,20250818,182500,65.1499,65.1499,65.1499,65.1499,110,0
FJP.US,5,20250818,183500,64.79,64.79,64.79,64.79,300,0
FJP.US,5,20250818,184500,65.0457,65.0457,65.0457,65.0457,216,0
FJP.US,5,20250818,190000,64.935,65.07,64.935,65.06,1300,0
FJP.US,5,20250818,190500,64.8,64.8,64.8,64.8,500,0
FJP.US,5,20250818,194500,64.9254,64.9254,64.9254,64.9254,301,0
FJP.US,5,20250818,200000,64.86,64.86,64.86,64.86,100,0
FJP.US,5,20250818,200500,64.86,64.86,64.86,64.86,418,0
FJP.US,5,20250818,201500,64.74,64.85,64.74,64.85,200,0
FJP.US,5,20250818,202500,64.98,64.98,64.98,64.98,106,0
FJP.US,5,20250818,211500,64.845,64.8577,64.845,64.8577,251,0
FJP.US,5,20250818,214500,64.87,64.87,64.6699,64.6699,693,0
FJP.US,5,20250818,215500,64.93,64.93,64.93,64.93,295,0
FJP.US,5,20250819,153000,64.91,64.91,64.91,64.91,225,0
FJP.US,5,20250819,154500,64.9226,64.9226,64.9226,64.9226,131,0
FJP.US,5,20250819,155000,64.895,64.895,64.5501,64.5501,391,0
FJP.US,5,20250819,163000,65.17,65.17,65.17,65.17,1930,0
FJP.US,5,20250819,164000,64.981949,65.185,64.981949,65.185,220,0
FJP.US,5,20250819,170500,64.885,64.885,64.885,64.885,323,0
FJP.US,5,20250819,171500,65.17,65.17,65.17,65.17,458,0
FJP.US,5,20250819,172500,65.14,65.17,65.14,65.17,700,0
FJP.US,5,20250819,173000,65.17,65.17,65.17,65.17,200,0
FJP.US,5,20250819,173500,64.885,65.17,64.885,65.17,930,0
FJP.US,5,20250819,174000,65.17,65.17,65.05,65.05,300,0
FJP.US,5,20250819,175500,65.04,65.04,65.04,65.04,100,0
FJP.US,5,20250819,180000,65.16,65.17,65.16,65.17,800,0
FJP.US,5,20250819,180500,65.17,65.17,65.045,65.045,1900,0
FJP.US,5,20250819,181000,65.03,65.17,65.02,65.045,3294,0
FJP.US,5,20250819,181500,65.04,65.04,65.04,65.04,200,0
FJP.US,5,20250819,182500,65.17,65.17,65.17,65.17,1174,0
FJP.US,5,20250819,191000,64.8875,64.9007,64.8746,64.8746,474,0
FJP.US,5,20250819,192500,64.8775,64.8775,64.8775,64.8775,100,0
FJP.US,5,20250819,195500,64.6919,64.7048,64.6919,64.7048,309,0
FJP.US,5,20250820,153500,64.376,64.376,64.376,64.376,140,0
FJP.US,5,20250820,161000,64.7085,64.7085,64.7085,64.7085,238,0
FJP.US,5,20250820,165000,64.8438,64.8438,64.8438,64.8438,982,0
FJP.US,5,20250820,171000,65.06,65.06,65.06,65.06,117,0
FJP.US,5,20250820,172500,64.85,65.06,64.79,65.06,658,0
FJP.US,5,20250820,173500,64.76,64.76,64.76,64.76,100,0
FJP.US,5,20250820,174000,65.07,65.07,65.07,65.07,346,0
FJP.US,5,20250820,182500,65.0344,65.0344,65.0344,65.0344,151,0
FJP.US,5,20250820,185000,64.36,64.36,64.36,64.36,207,0
FJP.US,5,20250820,195500,64.4677,64.4677,64.4677,64.4677,115,0
FJP.US,5,20250820,202000,64.73,64.73,64.73,64.73,150,0
FJP.US,5,20250820,203000,64.8728,64.8728,64.8728,64.8728,150,0
FJP.US,5,20250820,204000,65.0152,65.0152,65.0152,65.0152,111,0
FJP.US,5,20250821,153000,64.675073,64.675073,64.675073,64.675073,169,0
FJP.US,5,20250821,163500,64.55,64.55,64.55,64.55,268,0
FJP.US,5,20250821,165000,64.1701,64.1701,64.1701,64.1701,107,0
FJP.US,5,20250821,171500,64.485,64.485,64.485,64.485,100,0
FJP.US,5,20250821,172000,64.52,64.52,64.52,64.52,100,0
FJP.US,5,20250821,175500,64.52,64.52,64.52,64.52,100,0
FJP.US,5,20250821,182000,64.61,64.6495,64.61,64.6495,312,0
FJP.US,5,20250821,182500,64.6618,64.6618,64.605,64.605,519,0
FJP.US,5,20250821,184000,64.605,64.605,64.605,64.605,200,0
FJP.US,5,20250821,191500,64.46,64.46,64.46,64.46,100,0
FJP.US,5,20250821,192000,64.57,64.57,64.57,64.57,230,0
FJP.US,5,20250821,195000,64.46,64.47,64.46,64.47,300,0
FJP.US,5,20250821,201000,64.5,64.5,64.5,64.5,269,0
FJP.US,5,20250821,212500,64.255,64.255,64.255,64.255,297,0
FJP.US,5,20250821,215500,64.445,64.52,64.35,64.52,501,0
FJP.US,5,20250822,153000,64.98,64.98,64.98,64.98,224,0
FJP.US,5,20250822,162500,65.4981,65.54,65.3734,65.54,4974,0
FJP.US,5,20250822,164000,65.3456,65.3456,65.3456,65.3456,150,0
FJP.US,5,20250822,174000,65.4813,65.4813,65.4813,65.4813,407,0
FJP.US,5,20250822,174500,65.375,65.375,65.375,65.375,116,0
FJP.US,5,20250822,185500,65.4208,65.4208,65.4208,65.4208,138,0
FJP.US,5,20250822,191500,65.67,68.09,65.5048,65.67,2460,0
FJP.US,5,20250822,192000,65.671,65.671,65.671,65.671,100,0
FJP.US,5,20250822,192500,65.8,65.8,65.6326,65.6326,255,0
FJP.US,5,20250822,195500,65.78,65.78,65.78,65.78,106,0
FJP.US,5,20250822,200000,65.6498,65.6498,65.6498,65.6498,196,0
FJP.US,5,20250822,201500,65.5533,65.5533,65.5533,65.5533,167,0
FJP.US,5,20250822,205500,65.66,65.66,65.659,65.659,971,0
FJP.US,5,20250822,210500,65.445,65.4451,65.2346,65.2346,541,0
FJP.US,5,20250822,211000,65.445,65.445,65.445,65.445,221,0
FJP.US,5,20250822,213500,65.48,65.48,65.48,65.48,200,0
FJP.US,5,20250825,153000,65.02,65.02,65.02,65.02,181,0
FJP.US,5,20250825,154000,64.77,64.77,64.77,64.77,100,0
FJP.US,5,20250825,162000,64.76,64.76,64.76,64.76,100,0
FJP.US,5,20250825,163000,65.09,65.09,65.09,65.09,400,0
FJP.US,5,20250825,163500,65.0835,65.0835,65.0835,65.0835,134,0
FJP.US,5,20250825,164000,64.925,64.925,64.79,64.79,200,0
FJP.US,5,20250825,165500,64.89,64.89,64.77,64.7701,300,0
FJP.US,5,20250825,171500,65.009,65.009,65.009,65.009,110,0
FJP.US,5,20250825,172500,64.907397,64.907397,64.907397,64.907397,116,0
FJP.US,5,20250825,173000,64.99,65.0099,64.99,65.0099,652,0
FJP.US,5,20250825,174500,64.905,64.905,64.905,64.905,100,0
FJP.US,5,20250825,175500,64.88,64.88,64.88,64.88,900,0
FJP.US,5,20250825,181000,64.88,64.88,64.88,64.88,540,0
FJP.US,5,20250825,182000,64.8296,64.8296,64.8136,64.8136,582,0
FJP.US,5,20250825,182500,64.8463,64.8463,64.8463,64.8463,380,0
FJP.US,5,20250825,183500,64.88,64.88,64.856,64.856,309,0
FJP.US,5,20250825,185000,64.8928,64.8928,64.8928,64.8928,155,0
FJP.US,5,20250825,185500,64.9989,64.9989,64.9989,64.9989,147,0
FJP.US,5,20250825,194000,64.8,64.8,64.8,64.8,100,0
FJP.US,5,20250825,200000,64.7203,64.7203,64.7203,64.7203,360,0
FJP.US,5,20250825,203000,64.56,64.6001,64.5505,64.5505,1002,0
FJP.US,5,20250825,204000,64.56,64.56,64.55,64.55,500,0
FJP.US,5,20250825,211500,64.5539,64.5539,64.5539,64.5539,276,0
FJP.US,5,20250825,214500,64.5243,64.5243,64.5243,64.5243,122,0
FJP.US,5,20250826,160000,64.2,64.2,64.2,64.2,100,0
FJP.US,5,20250826,163500,64.71,64.71,64.71,64.71,200,0
FJP.US,5,20250826,164000,64.7199,64.7199,64.7199,64.7199,168,0
FJP.US,5,20250826,171000,64.3519,64.3519,64.3519,64.3519,198,0
FJP.US,5,20250826,173500,64.3665,64.3665,64.3665,64.3665,223,0
FJP.US,5,20250826,175500,64.71,64.71,64.71,64.71,442,0
FJP.US,5,20250826,181000,64.415,64.415,64.415,64.415,119,0
FJP.US,5,20250826,183000,64.6834,64.6834,64.6834,64.6834,136,0
FJP.US,5,20250826,185000,64.36,64.36,64.36,64.36,6000,0
FJP.US,5,20250826,193000,64.475,64.475,64.475,64.475,100,0
FJP.US,5,20250826,194000,64.4961,64.6401,64.4961,64.6401,336,0
FJP.US,5,20250826,201500,64.608,64.608,64.608,64.608,200,0
FJP.US,5,20250826,203500,64.6549,64.6549,64.6549,64.6549,750,0
FJP.US,5,20250826,210500,64.46,64.46,64.46,64.46,333,0
FJP.US,5,20250826,212000,64.53,64.53,64.53,64.53,136,0
FJP.US,5,20250826,213000,64.53,64.53,64.53,64.53,100,0
FJP.US,5,20250826,215500,64.4,64.42,64.4,64.4,400,0
FJP.US,5,20250827,153000,64.02,64.02,64.02,64.02,274,0
FJP.US,5,20250827,153500,63.905,63.905,63.905,63.905,100,0
FJP.US,5,20250827,163500,64.1039,64.1039,64.01,64.01,319,0
FJP.US,5,20250827,165500,64.4599,64.4599,64.4599,64.4599,155,0
FJP.US,5,20250827,170500,64.46,64.46,64.46,64.46,168,0
FJP.US,5,20250827,171500,64.4723,64.4723,64.18,64.18,237,0
FJP.US,5,20250827,185000,64.67,64.67,64.67,64.67,256,0
FJP.US,5,20250827,190500,64.67,64.67,64.3838,64.3838,311,0
FJP.US,5,20250827,192500,64.1,64.1,64.1,64.1,155,0
FJP.US,5,20250827,203500,64.5486,64.5486,64.5486,64.5486,150,0
FJP.US,5,20250827,205500,64.41,64.41,64.41,64.41,100,0
FJP.US,5,20250827,212500,64.439582,64.439582,64.439582,64.439582,133,0
FJP.US,5,20250827,213000,64.3632,64.3632,64.3632,64.3632,224,0
FJP.US,5,20250827,215500,64.15,64.73,64.1,64.73,1820,0
FJP.US,5,20250828,160000,64.7662,64.7662,64.7662,64.7662,391,0
FJP.US,5,20250828,160500,65.39,65.39,65.39,65.39,168,0
FJP.US,5,20250828,163500,65.075,65.075,65.075,65.075,147,0
FJP.US,5,20250828,164500,64.73,64.73,64.73,64.73,100,0
FJP.US,5,20250828,173500,65.3833,65.3833,65.3833,65.3833,122,0
FJP.US,5,20250828,181000,65.055,65.055,65.055,65.055,441,0
FJP.US,5,20250828,183000,65.1,65.1,65.1,65.1,249,0
FJP.US,5,20250828,183500,65.28,65.28,65.28,65.28,100,0
FJP.US,5,20250828,184000,65.1,65.1,65.1,65.1,110,0
FJP.US,5,20250828,184500,65.245,65.245,65.245,65.245,200,0
FJP.US,5,20250828,191500,65.1,65.1,65.1,65.1,200,0
FJP.US,5,20250828,195000,65.2788,65.2788,65.2788,65.2788,182,0
FJP.US,5,20250828,200500,65.27,65.27,65.27,65.27,101,0
FJP.US,5,20250828,201500,65.1,65.1,65.1,65.1,300,0
FJP.US,5,20250828,203000,64.65,64.65,64.65,64.65,100,0
FJP.US,5,20250828,212000,64.65,64.65,64.65,64.65,103,0
FJP.US,5,20250829,153000,64.54,64.54,64.54,64.54,141,0
FJP.US,5,20250829,154500,64.26,64.26,64.0521,64.0521,200,0
FJP.US,5,20250829,155500,64.43,64.43,64.43,64.43,152,0
FJP.US,5,20250829,163000,64.8892,64.8892,64.8892,64.8892,106,0
FJP.US,5,20250829,165000,64.525,64.525,64.525,64.525,100,0
FJP.US,5,20250829,165500,64.24,64.2401,64.1764,64.1764,755,0
FJP.US,5,20250829,171500,64.6,64.6,64.6,64.6,307,0
FJP.US,5,20250829,181500,64.565,64.565,64.4909,64.4909,574,0
FJP.US,5,20250829,182000,64.67,64.88,64.65,64.88,603,0
FJP.US,5,20250829,194500,64.53,64.53,64.53,64.53,400,0
FJP.US,5,20250829,200500,64.44,64.44,64.44,64.44,100,0
FJP.US,5,20250829,213500,64.575,64.575,64.575,64.575,174,0
FJP.US,5,20250829,214000,64.575,64.575,64.575,64.575,136,0
FJP.US,5,20250902,164500,64.48,64.48,64.48,64.48,496,0
FJP.US,5,20250902,165000,64.48,64.48,64.48,64.48,100,0
FJP.US,5,20250902,170500,64.48,64.48,64.48,64.48,100,0
FJP.US,5,20250902,180500,64.8518,64.8518,64.8518,64.8518,187,0
FJP.US,5,20250902,183000,64.67,64.67,64.67,64.67,100,0
FJP.US,5,20250902,191000,64.7706,64.7706,64.7706,64.7706,123,0
FJP.US,5,20250902,191500,64.38,64.38,64.38,64.38,159,0
FJP.US,5,20250902,200500,64.7011,64.74,64.7011,64.74,449,0
FJP.US,5,20250902,201500,64.3801,64.3801,64.3801,64.3801,135,0
FJP.US,5,20250902,210000,64.6101,64.6101,64.6101,64.6101,105,0
FJP.US,5,20250902,210500,64.4245,64.4245,64.4245,64.4245,154,0
FJP.US,5,20250902,215500,64.79,64.79,64.79,64.79,200,0
FJP.US,5,20250903,153000,64.58,64.58,64.58,64.58,291,0
FJP.US,5,20250903,153500,64.605,64.605,64.605,64.605,115,0
FJP.US,5,20250903,165500,64.802,64.802,64.802,64.802,230,0
FJP.US,5,20250903,171000,64.8205,64.8205,64.8205,64.8205,540,0
FJP.US,5,20250903,171500,65.0899,65.0899,65.0899,65.0899,283,0
FJP.US,5,20250903,180500,64.43,64.4301,64.3904,64.3904,490,0
FJP.US,5,20250903,190500,64.7092,64.7092,64.7092,64.7092,223,0
FJP.US,5,20250903,192000,64.775,64.775,64.775,64.775,142,0
FJP.US,5,20250903,195500,64.7995,64.7995,64.64,64.64,209,0
FJP.US,5,20250903,211500,65.0199,65.0199,64.6,64.6,500,0
FJP.US,5,20250903,215500,64.7725,64.815,64.7725,64.815,369,0
FJP.US,5,20250904,170500,65.3479,65.4899,65.3479,65.3479,1448,0
FJP.US,5,20250904,171000,65.179344,65.3479,65.09,65.3479,606,0
FJP.US,5,20250904,182000,65.135,65.14,65.135,65.14,1600,0
FJP.US,5,20250904,182500,65.13,65.13,65.13,65.13,100,0
FJP.US,5,20250904,183500,65.4434,65.4434,65.4434,65.4434,163,0
FJP.US,5,20250904,184500,65.1905,65.1905,65.1905,65.1905,123,0
FJP.US,5,20250904,190000,65.1539,65.1539,65.1539,65.1539,268,0
FJP.US,5,20250904,191000,65.13,65.13,65.0299,65.0299,270,0
FJP.US,5,20250904,192000,65.42,65.42,65.42,65.42,131,0
FJP.US,5,20250904,192500,65.3748,65.3748,65.3748,65.3748,200,0
FJP.US,5,20250904,200000,65.135,65.135,65.135,65.135,100,0
FJP.US,5,20250904,201500,65.135,65.135,65.135,65.135,169,0
FJP.US,5,20250904,204500,65.1578,65.1578,65.1578,65.1578,129,0
FJP.US,5,20250904,211000,65.198501,65.198501,65.198501,65.198501,307,0
FJP.US,5,20250904,213000,65.1995,65.1995,65.1995,65.1995,197,0
FJP.US,5,20250904,215500,65.16,65.16,65.16,65.16,100,0
FJP.US,5,20250905,154000,65.955,65.955,65.955,65.955,620,0
FJP.US,5,20250905,154500,65.955,65.955,65.955,65.955,137,0
FJP.US,5,20250905,160500,66.035,66.035,66.035,66.035,422,0
FJP.US,5,20250905,163000,65.585,65.585,65.585,65.585,130,0
FJP.US,5,20250905,173500,65.6535,65.6535,65.6535,65.6535,341,0
FJP.US,5,20250905,174500,65.6453,65.6453,65.6453,65.6453,321,0
FJP.US,5,20250905,175000,65.615,65.615,65.5404,65.5404,209,0
FJP.US,5,20250905,183000,65.8461,65.8461,65.8461,65.8461,117,0
FJP.US,5,20250905,190000,65.44,65.44,65.44,65.44,387,0
FJP.US,5,20250905,200000,65.66,65.66,65.66,65.66,200,0
FJP.US,5,20250905,210000,65.66,65.66,65.66,65.66,100,0
FJP.US,5,20250905,215500,65.725,65.725,65.725,65.725,100,0
FJP.US,5,20250908,172000,66.83,66.83,66.83,66.83,210,0
FJP.US,5,20250908,175500,66.77,66.77,66.77,66.77,728,0
FJP.US,5,20250908,183500,67.2046,67.2046,67.115,67.115,993,0
FJP.US,5,20250908,191500,67.08,67.08,67.05,67.05,200,0
FJP.US,5,20250908,192500,67.08,67.08,67.08,67.08,296,0
FJP.US,5,20250908,193000,67.1174,67.1174,67.1174,67.1174,105,0
FJP.US,5,20250908,195500,67.08,67.08,67.08,67.08,100,0
FJP.US,5,20250908,202000,67.08,67.08,67.08,67.08,186,0
FJP.US,5,20250908,202500,67.08,67.08,67.08,67.08,105,0
FJP.US,5,20250908,204500,67.0544,67.08,67.0544,67.08,215,0
FJP.US,5,20250908,212000,67.4,67.4,67.4,67.4,135,0
FJP.US,5,20250908,213500,67.08,67.08,67.08,67.08,100,0
FJP.US,5,20250908,214500,67.3296,67.3296,67.3296,67.3296,131,0
FJP.US,5,20250909,153000,66.21,66.21,66.21,66.21,360,0
FJP.US,5,20250909,155000,65.84,65.89,65.7899,65.7899,800,0
FJP.US,5,20250909,161000,66.145,66.145,66.145,66.145,250,0
FJP.US,5,20250909,162000,66.1686,66.1686,66.1686,66.1686,305,0
FJP.US,5,20250909,172000,66.2597,66.2597,66.2597,66.2597,277,0
FJP.US,5,20250909,173500,66.145,66.1451,66.145,66.1451,200,0
FJP.US,5,20250909,175000,66.145,66.145,66.145,66.145,196,0
FJP.US,5,20250909,181500,66.27,66.27,66.27,66.27,100,0
FJP.US,5,20250909,182500,66.29,66.29,66.29,66.29,200,0
FJP.US,5,20250909,184500,66.29,66.335,66.29,66.335,310,0
FJP.US,5,20250909,185500,66.3023,66.3023,66.3023,66.3023,110,0
FJP.US,5,20250909,190000,66.29,66.29,66.29,66.29,100,0
FJP.US,5,20250909,200000,66.4216,66.4216,66.4216,66.4216,167,0
FJP.US,5,20250909,201500,66.29,66.29,66.1405,66.1405,339,0
FJP.US,5,20250909,214000,66.43,66.43,66.35,66.35,1277,0
FJP.US,5,20250910,153000,66.73,66.73,66.73,66.73,110,0
FJP.US,5,20250910,163500,66.6975,66.6975,66.6975,66.6975,196,0
FJP.US,5,20250910,171000,66.575,66.575,66.575,66.575,260,0
FJP.US,5,20250910,174000,66.705,66.705,66.7,66.7,216,0
FJP.US,5,20250910,182000,66.83,66.83,66.83,66.83,100,0
FJP.US,5,20250910,185000,66.85,66.85,66.85,66.85,105,0
FJP.US,5,20250910,192000,66.758,66.758,66.576,66.576,811,0
FJP.US,5,20250910,193000,66.6205,66.6205,66.6205,66.6205,1281,0
FJP.US,5,20250910,215500,66.59,66.59,66.59,66.59,180,0
FJP.US,5,20250911,153000,66.84,66.84,66.84,66.84,140,0
FJP.US,5,20250911,154000,67.32,67.32,67.32,67.32,295,0
FJP.US,5,20250911,161000,66.72,66.77,66.72,66.73,456,0
FJP.US,5,20250911,163500,66.79,66.79,66.79,66.79,1000,0
FJP.US,5,20250911,164500,67.0315,67.0315,67.0315,67.0315,467,0
FJP.US,5,20250911,175500,67.2718,67.2718,67.2718,67.2718,134,0
FJP.US,5,20250911,181500,66.79,67.1504,66.79,67.1504,1416,0
FJP.US,5,20250911,193500,67.205,67.205,67.205,67.205,506,0
FJP.US,5,20250911,214500,66.75,67.49,66.75,67.49,6227,0
FJP.US,5,20250911,215500,67.55,67.55,67.55,67.55,150,0
FJP.US,5,20250912,153000,66.61,66.61,66.61,66.61,119,0
FJP.US,5,20250912,154000,66.6,66.6,66.6,66.6,100,0
FJP.US,5,20250912,155000,66.95,66.95,66.685,66.685,200,0
FJP.US,5,20250912,164500,66.75,66.75,66.75,66.75,100,0
FJP.US,5,20250912,174000,66.585,66.585,66.585,66.585,177,0
FJP.US,5,20250912,183500,66.705,66.705,66.705,66.705,200,0
FJP.US,5,20250912,184000,66.6515,66.6515,66.6515,66.6515,223,0
FJP.US,5,20250912,185500,66.705,66.705,66.705,66.705,300,0
FJP.US,5,20250912,190000,66.6598,66.705,66.6598,66.705,800,0
FJP.US,5,20250912,205500,66.9,66.9,66.82,66.82,200,0
FJP.US,5,20250912,210000,66.9,66.9,66.82,66.9,400,0
FJP.US,5,20250912,210500,66.705,66.705,66.705,66.705,100,0
FJP.US,5,20250912,212500,66.705,66.705,66.705,66.705,124,0
FJP.US,5,20250912,213000,66.705,66.705,66.705,66.705,100,0
FJP.US,5,20250915,163500,67.32,67.32,67.32,67.32,100,0
FJP.US,5,20250915,165000,66.77,66.77,66.77,66.77,500,0
FJP.US,5,20250915,170000,67.2155,67.2155,67.2155,67.2155,175,0
FJP.US,5,20250915,172000,67.41,67.41,67.41,67.41,100,0
FJP.US,5,20250915,172500,67.345,67.345,67.34,67.34,344,0
FJP.US,5,20250915,173000,67.42,67.42,67.42,67.42,100,0
FJP.US,5,20250915,184000,67.19,67.19,67.19,67.19,100,0
FJP.US,5,20250915,185000,67.52,67.52,67.205,67.205,200,0
FJP.US,5,20250915,191000,67.5699,67.5699,67.5699,67.5699,157,0
FJP.US,5,20250915,191500,67.1995,67.1995,67.1995,67.1995,270,0
FJP.US,5,20250915,193500,67.313,67.313,67.313,67.313,257,0
FJP.US,5,20250915,204500,67.3325,67.3325,67.3325,67.3325,100,0
FJP.US,5,20250915,210000,67.3459,67.3459,67.315,67.315,725,0
FJP.US,5,20250915,211000,67.2394,67.62,67.2394,67.315,5081,0
FJP.US,5,20250915,211500,67.315,67.315,67.315,67.315,219,0
FJP.US,5,20250915,212000,67.315,67.6299,67.315,67.315,848,0
FJP.US,5,20250915,212500,67.315,67.315,67.315,67.315,425,0
FJP.US,5,20250915,213500,67.57,67.57,67.315,67.315,800,0
FJP.US,5,20250915,214500,67.3465,67.3465,67.315,67.315,375,0
FJP.US,5,20250915,215500,67.44,67.63,67.315,67.57,1300,0
FJP.US,5,20250916,153000,67.16,67.16,67.16,67.16,114,0
FJP.US,5,20250916,161500,67.24,67.32,67.13,67.32,500,0
FJP.US,5,20250916,162000,67.036781,67.036781,67.036781,67.036781,209,0
FJP.US,5,20250916,162500,67.1,67.1,67.1,67.1,100,0
FJP.US,5,20250916,170500,67.25,67.25,67.25,67.25,183,0
FJP.US,5,20250916,171500,67.215,67.215,67.205,67.205,2100,0
FJP.US,5,20250916,172000,67.205,67.205,67.205,67.205,100,0
FJP.US,5,20250916,172500,67.205,67.21,67.2,67.2,2369,0
FJP.US,5,20250916,180000,67.2,67.2,67.2,67.2,1800,0
FJP.US,5,20250916,180500,67.2,67.2,67.2,67.2,100,0
FJP.US,5,20250916,185500,67.11,67.11,67.11,67.11,126,0
FJP.US,5,20250916,192500,67.2,67.2,67.1006,67.1006,397,0
FJP.US,5,20250916,194000,67.1001,67.17,67.1001,67.17,578,0
FJP.US,5,20250916,202500,67.15,67.225,67.15,67.15,300,0
FJP.US,5,20250916,204500,67.25,67.25,67.25,67.25,211,0
FJP.US,5,20250916,205000,67.29,67.29,67.29,67.29,100,0
FJP.US,5,20250916,205500,66.82,66.82,66.82,66.82,43607,0
FJP.US,5,20250916,210500,67.3,67.3,67.3,67.3,308,0
FJP.US,5,20250916,212500,67.29,67.29,67.1,67.15,450,0
FJP.US,5,20250916,214000,67.249,67.249,67.249,67.249,241,0
FJP.US,5,20250917,153000,66.72,66.72,66.3101,66.3101,709,0
FJP.US,5,20250917,155000,66.4494,66.4494,66.4494,66.4494,135,0
FJP.US,5,20250917,163500,66.745,66.745,66.745,66.745,110,0
FJP.US,5,20250917,164500,66.7593,66.7593,66.7593,66.7593,105,0
FJP.US,5,20250917,172500,66.71,66.71,66.71,66.71,100,0
FJP.US,5,20250917,180000,66.467,66.467,66.467,66.467,254,0
FJP.US,5,20250917,181000,66.88,66.88,66.88,66.88,300,0
FJP.US,5,20250917,183500,66.31,66.31,66.31,66.31,141,0
FJP.US,5,20250917,190000,66.71,66.71,66.71,66.71,100,0
FJP.US,5,20250917,194500,66.94,66.94,66.94,66.94,100,0
FJP.US,5,20250917,195500,66.9115,66.9115,66.715,66.715,451,0
FJP.US,5,20250917,202500,67.2076,67.24,67.2076,67.24,328,0
FJP.US,5,20250917,204000,66.72,66.72,66.72,66.72,100,0
FJP.US,5,20250917,210500,67.06,67.06,67.06,67.06,120,0
FJP.US,5,20250917,214000,66.655,66.655,66.655,66.655,100,0
FJP.US,5,20250918,153000,66.29,66.29,66.29,66.29,488,0
FJP.US,5,20250918,160000,66.274326,66.274326,66.274326,66.274326,100,0
FJP.US,5,20250918,164500,66.385,66.385,66.36,66.36,247,0
FJP.US,5,20250918,170000,66.36,66.36,66.36,66.36,111,0
FJP.US,5,20250918,170500,66.1541,66.335,66.1541,66.335,302,0
FJP.US,5,20250918,173000,66.3662,66.3662,66.3662,66.3662,201,0
FJP.US,5,20250918,175000,66.33,66.33,66.33,66.33,10273,0
FJP.US,5,20250918,181500,66.379,66.379,66.379,66.379,209,0
FJP.US,5,20250918,182500,66.4262,66.4262,66.4262,66.4262,116,0
FJP.US,5,20250918,192500,66.3658,66.3658,66.3658,66.3658,298,0
FJP.US,5,20250918,200000,66.16,66.16,66.16,66.16,104,0
FJP.US,5,20250918,215500,66.52,66.81,66.52,66.81,400,0
FJP.US,5,20250919,153000,66.11,66.11,66.11,66.11,443,0
FJP.US,5,20250919,164000,66.04,66.04,66.04,66.04,200,0
FJP.US,5,20250919,170500,66.3799,66.3799,66.3799,66.3799,280,0
FJP.US,5,20250919,171500,66.3799,66.3799,66.3799,66.3799,100,0
FJP.US,5,20250919,172000,66.3799,66.3799,66,66.3099,2100,0
FJP.US,5,20250919,172500,66.3099,66.3099,66.155,66.3099,1350,0
FJP.US,5,20250919,173000,66.155,66.3099,66,66,515,0
FJP.US,5,20250919,173500,66.025,66.025,66.025,66.025,439,0
FJP.US,5,20250919,191000,66.025,66.025,66.025,66.025,124,0
FJP.US,5,20250919,204500,66.101,66.101,66.101,66.101,106,0
FJP.US,5,20250922,153000,65.8,65.8,65.8,65.8,263,0
FJP.US,5,20250922,161000,66.0388,66.0388,66.0388,66.0388,104,0
FJP.US,5,20250922,162000,65.881859,65.881859,65.881859,65.881859,303,0
FJP.US,5,20250922,173000,65.8244,65.8244,65.8244,65.8244,431,0
FJP.US,5,20250922,175500,65.8,65.8,65.8,65.8,955,0
FJP.US,5,20250922,180500,65.7219,65.7219,65.7219,65.7219,395,0
FJP.US,5,20250922,185000,66.109,66.109,66.109,66.109,150,0
FJP.US,5,20250922,203000,66.02,66.06,65.855,65.855,700,0
FJP.US,5,20250922,210000,66.21,66.21,66.04,66.04,300,0
FJP.US,5,20250922,214000,66.01,66.11,66,66,449,0
FJP.US,5,20250922,215500,66.185,66.185,66.01,66.04,300,0
FJP.US,5,20250923,153000,66.38,66.38,66.38,66.38,2207,0
FJP.US,5,20250923,165000,66.025,66.025,66.025,66.025,100,0
FJP.US,5,20250923,172500,65.879,65.879,65.879,65.879,109,0
FJP.US,5,20250923,175500,66.048541,66.048541,66.048541,66.048541,105,0
FJP.US,5,20250923,183500,66.25,66.25,66.25,66.25,100,0
FJP.US,5,20250923,185000,65.9399,65.9399,65.9399,65.9399,167,0
FJP.US,5,20250923,200000,66.165,66.165,66.165,66.165,563,0
FJP.US,5,20250923,200500,66.07,66.07,66.07,66.07,106,0
FJP.US,5,20250923,202000,66.259,66.259,66.259,66.259,100,0
FJP.US,5,20250923,214500,66.0351,66.0351,66.0351,66.0351,160,0
FJP.US,5,20250924,153500,65.87,65.87,65.87,65.87,200,0
FJP.US,5,20250924,154500,65.8849,65.8849,65.8849,65.8849,118,0
FJP.US,5,20250924,155000,65.905,65.905,65.905,65.905,139,0
FJP.US,5,20250924,165000,66.25,66.25,66.125,66.125,890,0
FJP.US,5,20250924,172500,65.52,65.52,65.52,65.52,2358,0
FJP.US,5,20250924,173000,65.815,65.815,65.815,65.815,114,0
FJP.US,5,20250924,173500,65.815,65.815,65.815,65.815,420,0
FJP.US,5,20250924,184000,65.55,65.55,65.55,65.55,100,0
FJP.US,5,20250924,190500,65.55,65.85,65.55,65.85,473,0
FJP.US,5,20250924,193500,65.8364,65.8364,65.8364,65.8364,402,0
FJP.US,5,20250924,200500,65.749,65.749,65.749,65.749,684,0
FJP.US,5,20250924,201000,65.8,65.8,65.8,65.8,380,0
FJP.US,5,20250924,201500,66.0499,66.0499,65.8,65.8,759,0
FJP.US,5,20250924,213000,66.04,66.04,66.04,66.04,169,0
FJP.US,5,20250925,153000,65.22,65.22,65.22,65.22,861,0
FJP.US,5,20250925,153500,65.65,65.65,65.65,65.65,100,0
FJP.US,5,20250925,154000,65.0005,65.0005,65.0005,65.0005,239,0
FJP.US,5,20250925,160000,65.0001,65.0001,65.0001,65.0001,163,0
FJP.US,5,20250925,160500,65.05,65.05,65.05,65.05,100,0
FJP.US,5,20250925,161000,65.355,65.355,65.355,65.355,207,0
FJP.US,5,20250925,163500,65.07,65.0701,65.07,65.0701,200,0
FJP.US,5,20250925,171500,65.5494,65.58,65.325,65.325,564,0
FJP.US,5,20250925,172000,65.0714,65.0714,65.0714,65.0714,305,0
FJP.US,5,20250925,175500,65.3433,65.3433,65.3433,65.3433,188,0
FJP.US,5,20250925,180000,65.3988,65.3988,65.3988,65.3988,369,0
FJP.US,5,20250925,185000,65.3896,65.3896,65.3896,65.3896,101,0
FJP.US,5,20250925,192000,65.3067,65.3067,65.3067,65.3067,114,0
FJP.US,5,20250925,210000,65.4053,65.4053,65.4053,65.4053,259,0
FJP.US,5,20250925,211500,65.4621,65.4621,65.4621,65.4621,153,0
FJP.US,5,20250925,213500,65.0301,65.3158,65.0301,65.3158,286,0
FJP.US,5,20250926,153000,65.43,65.43,65.43,65.43,256,0
FJP.US,5,20250926,160000,65.09,65.1,65.09,65.09,533,0
FJP.US,5,20250926,161000,65.4222,65.77,65.0379,65.77,961,0
FJP.US,5,20250926,163000,65.36,65.36,65.36,65.36,134,0
FJP.US,5,20250926,163500,65.7,65.7,65.02,65.16,1398,0
FJP.US,5,20250926,164000,65.36,65.36,65.36,65.36,100,0
FJP.US,5,20250926,165000,65.0201,65.7,65.0201,65.462,1425,0
FJP.US,5,20250926,171000,65.325,65.325,65.325,65.325,800,0
FJP.US,5,20250926,202000,65.3886,65.679,65.37,65.679,2134,0
FJP.US,5,20250926,202500,65.4,65.4,65.4,65.4,719,0
FJP.US,5,20250926,213000,65.67,65.67,65.67,65.67,170,0
FJP.US,5,20250926,215500,65.47,65.47,65.47,65.47,200,0
FJP.US,5,20250929,153000,66.08,66.08,66.08,66.08,680,0
FJP.US,5,20250929,155000,65.5397,65.5397,65.5397,65.5397,106,0
FJP.US,5,20250929,165500,66.0115,66.0115,66.0115,66.0115,127,0
FJP.US,5,20250929,172000,66.1303,66.1303,66.1303,66.1303,168,0
FJP.US,5,20250929,175000,65.5975,65.5975,65.24,65.36,1399,0
FJP.US,5,20250929,180000,65.74,65.74,65.74,65.74,100,0
FJP.US,5,20250929,181500,65.98,65.98,65.98,65.98,100,0
FJP.US,5,20250929,183500,65.623,65.623,65.623,65.623,125,0
FJP.US,5,20250929,185500,65.35,65.673791,65.35,65.673791,1112,0
FJP.US,5,20250929,190000,65.6425,65.6425,65.63,65.63,5075,0
FJP.US,5,20250929,191000,65.84,65.84,65.84,65.84,100,0
FJP.US,5,20250929,193500,65.5775,65.5775,65.5775,65.5775,129,0
FJP.US,5,20250929,194000,65.705,65.705,65.705,65.705,302,0
FJP.US,5,20250929,200000,65.43,65.67,65.43,65.67,1253,0
FJP.US,5,20250929,200500,65.61,65.61,65.61,65.61,877,0
FJP.US,5,20250929,210000,65.8193,65.8193,65.8193,65.8193,100,0
FJP.US,5,20250929,214000,66.1,66.11,65.37,66.11,1140,0
FJP.US,5,20250930,153000,65.01,65.01,65.01,65.01,550,0
FJP.US,5,20250930,153500,65.08,65.08,65.08,65.08,402,0
FJP.US,5,20250930,165500,64.88,65.21,64.88,65.21,557,0
FJP.US,5,20250930,171000,65.15,65.15,65.15,65.15,118,0
FJP.US,5,20250930,174500,65.06,65.06,65.06,65.06,100,0
FJP.US,5,20250930,184000,65.11,65.11,65.11,65.11,100,0
FJP.US,5,20250930,203500,65.11,65.11,65.11,65.11,100,0
FJP.US,5,20250930,212000,64.86,64.86,64.86,64.86,181,0
FJP.US,5,20250930,215000,65.0705,65.0705,65.0705,65.0705,145,0
FJP.US,5,20250930,215500,64.96,64.96,64.96,64.96,103,0
FJP.US,5,20251001,153000,65.27,65.325,65.27,65.325,358,0
FJP.US,5,20251001,154500,65.36,65.36,65.36,65.36,100,0
FJP.US,5,20251001,160000,65.41,65.41,65.41,65.41,100,0
FJP.US,5,20251001,164000,65.235,65.235,65.235,65.235,100,0
FJP.US,5,20251001,171000,65.32,65.32,65.32,65.32,100,0
FJP.US,5,20251001,174500,65.09,65.09,65.09,65.09,400,0
FJP.US,5,20251001,175000,65.06,65.06,65.06,65.06,261,0
FJP.US,5,20251001,183500,64.885,64.885,64.885,64.885,201,0
FJP.US,5,20251001,184500,64.917,64.917,64.917,64.917,193,0
FJP.US,5,20251001,190000,64.85,65.06,64.85,65.06,368,0
FJP.US,5,20251001,190500,64.79,64.7901,64.79,64.7901,200,0
FJP.US,5,20251001,192500,65.21,65.21,65.21,65.21,100,0
FJP.US,5,20251001,200000,65.02,65.02,65.02,65.02,1119,0
FJP.US,5,20251001,202500,65.2699,65.2699,65.2699,65.2699,162,0
FJP.US,5,20251001,204500,65.3,65.3,65.3,65.3,100,0
FJP.US,5,20251001,211500,65.0015,65.0015,65.0015,65.0015,197,0
FJP.US,5,20251001,212000,65.3,65.3,65.3,65.3,100,0
FJP.US,5,20251001,213000,65.0022,65.0022,65.0022,65.0022,125,0
FJP.US,5,20251001,214000,64.97,64.97,64.97,64.97,144,0
FJP.US,5,20251001,215000,65.14,65.14,65.14,65.14,100,0
FJP.US,5,20251001,215500,64.94,64.94,64.94,64.94,200,0
FJP.US,5,20251002,153000,64.73,64.73,64.73,64.73,202,0
FJP.US,5,20251002,154000,64.53,64.53,64.5,64.5,350,0
FJP.US,5,20251002,160000,64.77,64.77,64.77,64.77,100,0
FJP.US,5,20251002,165000,64.69,64.69,64.69,64.69,158,0
FJP.US,5,20251002,170000,64.14,64.14,64.14,64.14,11400,0
FJP.US,5,20251002,175000,64.61,64.61,64.61,64.61,100,0
FJP.US,5,20251002,182000,64.7813,64.7813,64.7813,64.7813,174,0
FJP.US,5,20251002,190000,64.56,64.56,64.56,64.56,164,0
FJP.US,5,20251002,194000,64.53,64.53,64.2767,64.2767,233,0
FJP.US,5,20251002,203500,64.82,64.82,64.82,64.82,180,0
FJP.US,5,20251002,210000,64.53,64.53,64.53,64.53,104,0
FJP.US,5,20251002,215500,64.53,64.53,64.53,64.53,100,0
FJP.US,5,20251003,153000,65.28,65.28,65.28,65.28,373,0
FJP.US,5,20251003,173500,65.342,65.342,65.342,65.342,161,0
FJP.US,5,20251003,175500,65.42,65.42,65.42,65.42,105,0
FJP.US,5,20251003,181500,65.16,65.16,65.16,65.16,117,0
FJP.US,5,20251003,190500,65.395,65.63,65.395,65.63,430,0
FJP.US,5,20251003,202000,65.43,65.43,65.43,65.43,100,0
FJP.US,5,20251003,204000,65.69,65.69,65.65,65.65,400,0
FJP.US,5,20251003,205000,65.4827,65.4827,65.4827,65.4827,329,0
FJP.US,5,20251003,210000,65.43,65.43,65.43,65.43,224,0
FJP.US,5,20251003,210500,65.486458,65.486458,65.486458,65.486458,305,0
FJP.US,5,20251003,211000,65.69,65.69,65.69,65.69,180,0
FJP.US,5,20251006,153000,66.05,66.05,66.05,66.05,356,0
FJP.US,5,20251006,155500,65.9724,65.9724,65.9584,65.9584,333,0
FJP.US,5,20251006,160000,65.69,65.69,65.69,65.69,100,0
FJP.US,5,20251006,160500,66.14,66.14,66.14,66.14,127,0
FJP.US,5,20251006,161000,65.78,65.78,65.78,65.78,100,0
FJP.US,5,20251006,165000,66.23,66.23,66.23,66.23,100,0
FJP.US,5,20251006,165500,66.2813,66.2813,66.2813,66.2813,500,0
FJP.US,5,20251006,173500,65.91,65.91,65.91,65.91,169,0
FJP.US,5,20251006,174000,66.03,66.03,65.92,65.9751,700,0
FJP.US,5,20251006,174500,65.92,66.29,65.92,66.29,225,0
FJP.US,5,20251006,175500,66.255,66.255,66.255,66.255,200,0
FJP.US,5,20251006,180000,66.29,66.29,66.29,66.29,300,0
FJP.US,5,20251006,182500,66.255,66.255,66.255,66.255,100,0
FJP.US,5,20251006,183000,66.29,66.29,66.29,66.29,125,0
FJP.US,5,20251006,183500,66.3299,66.3299,66.3299,66.3299,487,0
FJP.US,5,20251006,184500,66.55,66.55,66.55,66.55,100,0
FJP.US,5,20251006,191000,66.6,66.6,66.6,66.6,500,0
FJP.US,5,20251006,192000,65.91,65.91,65.91,65.91,100,0
FJP.US,5,20251006,193000,65.92,65.92,65.92,65.92,100,0
FJP.US,5,20251006,205000,65.97,65.97,65.97,65.97,100,0
FJP.US,5,20251006,205500,66.5016,66.5016,66.5016,66.5016,162,0
FJP.US,5,20251006,213000,65.74,65.74,65.74,65.74,100,0
FJP.US,5,20251006,215500,65.93,65.93,65.93,65.93,139,0
FJP.US,5,20251007,153000,65.5,65.82,65.5,65.82,330,0
FJP.US,5,20251007,155000,65.45,65.45,65.45,65.45,100,0
FJP.US,5,20251007,155500,65.46,65.46,65.46,65.46,100,0
FJP.US,5,20251007,160000,65.37,65.37,65.37,65.37,100,0
FJP.US,5,20251007,160500,65.31,65.31,65.31,65.31,100,0
FJP.US,5,20251007,161500,65.41,65.41,65.41,65.41,100,0
FJP.US,5,20251007,162500,65.35,66.0799,65.35,66.0799,482,0
FJP.US,5,20251007,163500,65.28,65.28,65.28,65.28,100,0
FJP.US,5,20251007,164000,65.28,65.28,65.28,65.28,100,0
FJP.US,5,20251007,165000,65.31,65.31,65.29,65.29,253,0
FJP.US,5,20251007,165500,65.28,65.28,65.28,65.28,100,0
FJP.US,5,20251007,170000,65.28,65.28,65.28,65.28,100,0
FJP.US,5,20251007,170500,65.23,65.23,65.23,65.23,100,0
FJP.US,5,20251007,171000,65.23,65.23,65.23,65.23,100,0
FJP.US,5,20251007,171500,65.25,65.25,65.25,65.25,100,0
FJP.US,5,20251007,172000,65.23,65.4,65.23,65.4,600,0
FJP.US,5,20251007,172500,65.24,65.4,65.24,65.4,200,0
FJP.US,5,20251007,173000,65.23,65.38,65.23,65.34,400,0
FJP.US,5,20251007,174000,65.25,65.25,65.25,65.25,100,0
FJP.US,5,20251007,174500,65.25,65.36,65.25,65.25,300,0
FJP.US,5,20251007,175000,65.37,65.37,65.37,65.37,101,0
FJP.US,5,20251007,175500,65.9367,65.9367,65.9367,65.9367,130,0
FJP.US,5,20251007,180500,65.32,65.32,65.22,65.22,405,0
FJP.US,5,20251007,181500,65.28,65.28,65.28,65.28,142,0
FJP.US,5,20251007,182500,65.33,65.33,65.33,65.33,100,0
FJP.US,5,20251007,183000,65.35,65.36,65.35,65.36,200,0
FJP.US,5,20251007,183500,65.36,65.8,65.36,65.8,896,0
FJP.US,5,20251007,184500,65.39,65.46,65.39,65.46,500,0
FJP.US,5,20251007,190000,65.34,65.34,65.303,65.34,316,0
FJP.US,5,20251007,190500,65.44,65.46,65.44,65.46,1123,0
FJP.US,5,20251007,191000,65.493013,65.493013,65.493013,65.493013,145,0
FJP.US,5,20251007,192500,65.36,65.36,65.36,65.36,100,0
FJP.US,5,20251007,193500,65.45,65.45,65.393,65.4,1610,0
FJP.US,5,20251007,194000,65.6135,65.6135,65.6135,65.6135,227,0
FJP.US,5,20251007,200000,65.25,65.34,65.2,65.25,602,0
FJP.US,5,20251007,200500,65.21,65.21,65.13,65.13,202,0
FJP.US,5,20251007,201500,65.17,65.17,65.17,65.17,100,0
FJP.US,5,20251007,202500,65.15,65.235,65.15,65.235,203,0
FJP.US,5,20251007,203000,65.13,65.26,65.13,65.26,200,0
FJP.US,5,20251007,204500,65.07,65.15,65.07,65.15,300,0
FJP.US,5,20251007,205000,65.08,65.08,65.08,65.08,100,0
FJP.US,5,20251007,205500,65.12,65.12,65.12,65.12,100,0
FJP.US,5,20251007,210000,65.07,65.07,65.07,65.07,100,0
FJP.US,5,20251007,210500,65.07,65.14,65.07,65.14,200,0
FJP.US,5,20251007,211000,65.09,65.14,65.07,65.14,300,0
FJP.US,5,20251007,211500,65.07,65.07,65.07,65.07,100,0
FJP.US,5,20251007,212000,65.205,65.205,65.205,65.205,200,0
FJP.US,5,20251007,212500,65.07,65.205,65.07,65.07,300,0
FJP.US,5,20251007,213000,65.06,65.12,65.06,65.07,600,0
FJP.US,5,20251007,213500,65.205,65.205,65.205,65.205,100,0
FJP.US,5,20251007,214500,65.08,65.14,65.08,65.14,300,0
FJP.US,5,20251007,215000,65.16,65.2,65.11,65.2,341,0
FJP.US,5,20251007,215500,65.12,65.27,65.1,65.27,804,0
FJP.US,5,20251008,153000,65.47,65.47,65.47,65.47,357,0
FJP.US,5,20251008,170500,65.5132,65.5132,65.5132,65.5132,1000,0
FJP.US,5,20251008,171500,65.6567,65.6567,65.6567,65.6567,105,0
FJP.US,5,20251008,173500,65.465,65.465,65.465,65.465,500,0
FJP.US,5,20251008,193500,64.95,64.95,64.95,64.95,224,0
FJP.US,5,20251008,195500,64.87,64.87,64.87,64.87,100,0
FJP.US,5,20251008,204500,64.9721,64.9721,64.9721,64.9721,125,0
FJP.US,5,20251008,205500,65.293,65.293,65.293,65.293,735,0
FJP.US,5,20251008,210000,64.98,64.98,64.95,64.95,300,0
FJP.US,5,20251008,211000,65.6199,65.6199,65.6199,65.6199,270,0
FJP.US,5,20251008,211500,65.29,65.29,65.29,65.29,118,0
FJP.US,5,20251008,214000,65.29,65.29,65.29,65.29,200,0
FJP.US,5,20251008,214500,65.54,65.54,65.54,65.54,100,0
FJP.US,5,20251008,215000,65.59,65.59,65.59,65.59,100,0
FJP.US,5,20251008,215500,65.4,65.4,65.12,65.12,200,0
FJP.US,5,20251009,153000,65.69,65.69,65.69,65.69,205,0
FJP.US,5,20251009,154000,65.46,65.46,65.44,65.46,1400,0
FJP.US,5,20251009,155000,65.45,65.45,65.45,65.45,1100,0
FJP.US,5,20251009,155500,65.46,65.46,65.46,65.46,800,0
FJP.US,5,20251009,160500,65.5879,65.5879,65.5879,65.5879,112,0
FJP.US,5,20251009,161500,65.5005,65.6499,65.5005,65.6499,1391,0
FJP.US,5,20251009,162000,65.474,65.474,65.474,65.474,109,0
FJP.US,5,20251009,163500,64.95,64.95,64.95,64.95,100,0
FJP.US,5,20251009,164500,64.9214,64.9214,64.9214,64.9214,151,0
FJP.US,5,20251009,170500,65.21,65.21,65.21,65.21,700,0
FJP.US,5,20251009,175500,65.3984,65.3984,65.3984,65.3984,171,0
FJP.US,5,20251009,181000,65.4,65.4,65.4,65.4,302,0
FJP.US,5,20251009,185000,64.92,64.92,64.92,64.92,152,0
FJP.US,5,20251009,190000,65.1176,65.1176,65.1176,65.1176,169,0
FJP.US,5,20251009,192500,65.1402,65.1402,65.1402,65.1402,218,0
FJP.US,5,20251009,195500,65.18,65.18,65.18,65.18,100,0
FJP.US,5,20251009,204000,64.955,65.09,64.94,65.09,600,0
FJP.US,5,20251009,213000,65.06,65.06,65.06,65.06,172,0
FJP.US,5,20251009,213500,64.9275,64.9275,64.9275,64.9275,100,0
FJP.US,5,20251010,153000,63.77,63.77,63.16,63.16,894,0
FJP.US,5,20251010,161000,63.08,63.08,63.08,63.08,227,0
FJP.US,5,20251010,171500,63.9019,63.9019,63.9019,63.9019,492,0
FJP.US,5,20251010,172500,66.93,66.93,63.545,65.33,5268,0
FJP.US,5,20251010,173000,63.53,63.715,63.51,63.715,2361,0
FJP.US,5,20251010,173500,63.38,63.38,62.7,62.7,519,0
FJP.US,5,20251010,174000,62.93,63.15,62.93,63.1499,1710,0
FJP.US,5,20251010,174500,62.16,63.7,62.16,63.7,1992,0
FJP.US,5,20251010,175000,63.6951,64.68,63.6951,64.68,300,0
FJP.US,5,20251010,175500,64.626,64.626,63.61,63.73,900,0
FJP.US,5,20251010,180000,64.595,64.605,62.99,63.29,1300,0
FJP.US,5,20251010,180500,62.945,63.59,62.92,63.59,400,0
FJP.US,5,20251010,181000,63.65,63.8759,63.39,63.39,700,0
FJP.US,5,20251010,181500,63.375,63.46,63.05,63.05,894,0
FJP.US,5,20251010,182000,63.03,63.06,63.03,63.06,852,0
FJP.US,5,20251010,183000,63,63.02,63,63.02,525,0
FJP.US,5,20251010,185000,62.72,62.72,62.72,62.72,100,0
FJP.US,5,20251010,190500,62.8,62.8,62.8,62.8,100,0
FJP.US,5,20251010,191000,62.7255,63.015,62.54,62.54,472,0
FJP.US,5,20251010,191500,62.805,62.805,62.805,62.805,200,0
FJP.US,5,20251010,194000,62.875,62.875,62.875,62.875,100,0
FJP.US,5,20251010,201000,62.815,62.815,62.421,62.49,1300,0
FJP.US,5,20251010,202000,62.8655,62.8655,62.8655,62.8655,145,0
FJP.US,5,20251010,205500,62.82,62.82,62.82,62.82,100,0
FJP.US,5,20251010,211500,62.86,62.86,62.86,62.86,147,0
FJP.US,5,20251010,215500,62.86,62.86,62.86,62.86,200,0
FJP.US,5,20251013,153000,63.51,63.51,63.51,63.51,207,0
FJP.US,5,20251013,154000,63.145,63.145,63.145,63.145,134,0
FJP.US,5,20251013,155000,62.59,62.77,62.006,62.77,3277,0
FJP.US,5,20251013,155500,64.345,64.57,63.1647,63.3904,2536,0
FJP.US,5,20251013,160000,63.38,63.38,63.38,63.38,100,0
FJP.US,5,20251013,161000,63.1,63.1,63.1,63.1,313,0
FJP.US,5,20251013,172500,63.11,63.11,63.11,63.11,100,0
FJP.US,5,20251013,173000,63.435,63.435,63.435,63.435,182,0
FJP.US,5,20251013,190000,63.47,63.47,63.47,63.47,589,0
FJP.US,5,20251014,153000,63.62,63.62,63.51,63.51,874,0
FJP.US,5,20251014,170000,63.86,63.8601,63.86,63.8601,232,0
FJP.US,5,20251014,172000,64.19,64.19,64.05,64.05,400,0
FJP.US,5,20251014,174000,64.15,64.15,64.15,64.15,399,0
FJP.US,5,20251014,181500,64.2338,64.2338,64.2338,64.2338,348,0
FJP.US,5,20251014,184500,64.85,64.85,64.85,64.85,113,0
FJP.US,5,20251014,185000,64.3846,64.3846,64.3846,64.3846,316,0
FJP.US,5,20251014,185500,64.48,64.48,64.48,64.48,116,0
FJP.US,5,20251014,191500,64.07,64.07,64.07,64.07,4525,0
FJP.US,5,20251014,192500,64.7427,64.7427,64.445,64.445,216,0
FJP.US,5,20251014,194000,64.03,64.82,64.03,64.82,210,0
FJP.US,5,20251014,195500,64.4637,64.4637,64.4637,64.4637,282,0
FJP.US,5,20251014,204000,64.8199,64.8199,64.533,64.533,689,0
FJP.US,5,20251014,205000,64.162971,64.162971,64.162971,64.162971,145,0
FJP.US,5,20251014,211500,64.07,64.25,64.07,64.25,2167,0
FJP.US,5,20251015,153000,65.17,65.17,65.17,65.17,436,0
FJP.US,5,20251015,172500,65.125,65.125,65.125,65.125,244,0
FJP.US,5,20251015,173500,64.69,64.69,64.69,64.69,336,0
FJP.US,5,20251015,175500,64.69,64.7101,64.69,64.7101,1495,0
FJP.US,5,20251015,182500,65.055,65.26,65.055,65.26,231,0
FJP.US,5,20251015,193500,64.5673,65.2441,64.5673,65.2441,982,0
FJP.US,5,20251015,201500,65.09,65.09,65.09,65.09,100,0
FJP.US,5,20251015,202500,65.058207,65.058207,65.058207,65.058207,294,0
FJP.US,5,20251015,203000,65.24,65.28,65.19,65.28,314,0
FJP.US,5,20251015,211500,64.8163,64.8163,64.8163,64.8163,110,0
FJP.US,5,20251015,212500,64.7701,64.7701,64.7701,64.7701,114,0
FJP.US,5,20251015,214000,65.03,65.03,65.03,65.03,230,0
FJP.US,5,20251016,153000,65.32,65.32,65.32,65.32,231,0
FJP.US,5,20251016,155500,65.275013,65.275013,65.275013,65.275013,142,0
FJP.US,5,20251016,160000,65.175,65.175,65.175,65.175,100,0
FJP.US,5,20251016,162000,65.6038,65.6038,65.6038,65.6038,150,0
FJP.US,5,20251016,164500,65.64,65.74,65.64,65.74,200,0
FJP.US,5,20251016,174000,65.36,65.3675,65.36,65.3675,200,0
FJP.US,5,20251016,174500,65.37,65.37,65.37,65.37,100,0
FJP.US,5,20251016,183000,65.26,65.26,65.26,65.26,158,0
FJP.US,5,20251016,183500,65.4931,65.4931,65.4931,65.4931,121,0
FJP.US,5,20251016,184000,65.295,65.295,65.295,65.295,784,0
FJP.US,5,20251016,184500,65.26,65.26,65.26,65.26,200,0
FJP.US,5,20251016,193500,65.3448,65.3448,65.3448,65.3448,172,0
FJP.US,5,20251016,200500,65.28,65.28,65.28,65.28,183,0
FJP.US,5,20251016,211500,64.96,65.63,64.92,65.63,683,0
FJP.US,5,20251016,214500,65.4139,65.4139,65.4139,65.4139,110,0
FJP.US,5,20251017,153000,65.11,65.11,65.11,65.11,508,0
FJP.US,5,20251017,160000,65.4609,65.4609,65.4609,65.4609,248,0
FJP.US,5,20251017,162500,65.6346,65.6346,65.6346,65.6346,140,0
FJP.US,5,20251017,172500,65.5,65.5,65.5,65.5,100,0
FJP.US,5,20251017,174500,65.3674,65.3674,65.3674,65.3674,142,0
FJP.US,5,20251017,181000,65.34,65.34,65.34,65.34,100,0
FJP.US,5,20251017,183500,65.34,65.34,65.34,65.34,191,0
FJP.US,5,20251017,191500,65.338,65.338,65.338,65.338,118,0
FJP.US,5,20251017,194500,65.305,65.305,63.69,65.18,1396,0
FJP.US,5,20251017,215500,65.51,65.51,65.51,65.51,100,0
FJP.US,5,20251020,153000,65.91,65.91,65.91,65.91,109,0
FJP.US,5,20251020,154500,66.1367,66.1367,66.1367,66.1367,252,0
FJP.US,5,20251020,155500,66.01,66.31,66.01,66.31,2000,0
FJP.US,5,20251020,165000,66.5028,66.5028,66.5028,66.5028,101,0
FJP.US,5,20251020,181500,66.44,66.44,66.44,66.44,100,0
FJP.US,5,20251020,190500,66.149,66.149,66.149,66.149,157,0
FJP.US,5,20251020,195500,66.04,66.04,66.04,66.04,100,0
FJP.US,5,20251020,213000,66.04,66.04,66.04,66.04,100,0
FJP.US,5,20251021,153000,65.25,65.25,65.25,65.25,499,0
FJP.US,5,20251021,154500,65.21,65.2225,65.21,65.2225,200,0
FJP.US,5,20251021,155500,65.24,65.24,65.24,65.24,100,0
FJP.US,5,20251021,171000,65.3812,65.3812,65.3812,65.3812,296,0
FJP.US,5,20251021,182000,65.3724,65.5,65.3724,65.5,482,0
FJP.US,5,20251021,185000,65.6999,65.6999,65.6999,65.6999,376,0
FJP.US,5,20251021,195500,65.63,65.63,65.59,65.59,200,0
FJP.US,5,20251021,203000,65.315,65.315,65.315,65.315,100,0
FJP.US,5,20251021,203500,65.3482,65.3482,65.3482,65.3482,165,0
FJP.US,5,20251021,205000,65.6999,65.6999,65.6999,65.6999,200,0
FJP.US,5,20251021,212000,64.93,64.93,64.93,64.93,238,0
FJP.US,5,20251021,215500,65.62,65.62,65.62,65.62,100,0
FJP.US,5,20251022,153000,65.71,65.71,65.71,65.71,123,0
FJP.US,5,20251022,161000,65.5701,65.5701,65.5701,65.5701,120,0
FJP.US,5,20251022,161500,65.4501,65.78,65.4501,65.78,453,0
FJP.US,5,20251022,163500,65.6424,65.6424,65.6424,65.6424,300,0
FJP.US,5,20251022,175500,65.8284,65.8284,65.8284,65.8284,222,0
FJP.US,5,20251022,180500,65.805,65.805,65.805,65.805,149,0
FJP.US,5,20251022,181500,65.535,65.5701,65.535,65.5701,400,0
FJP.US,5,20251022,200000,65.7995,65.7995,65.7995,65.7995,277,0
FJP.US,5,20251022,200500,65.52,65.845,65.52,65.8,737,0
FJP.US,5,20251022,205500,66.01,66.01,66.01,66.01,227,0
FJP.US,5,20251022,211500,66.08,66.08,66.08,66.08,177,0
FJP.US,5,20251022,212500,65.8497,65.8497,65.8497,65.8497,175,0
FJP.US,5,20251023,153000,66.03,66.03,66.03,66.03,192,0
FJP.US,5,20251023,163500,65.8465,65.941855,65.8465,65.941855,411,0
FJP.US,5,20251023,165500,65.843,65.843,65.843,65.843,227,0
FJP.US,5,20251023,171000,65.9254,65.9254,65.9254,65.9254,138,0
FJP.US,5,20251023,171500,65.881,66.09,65.881,66.09,1368,0
FJP.US,5,20251023,182000,65.905,65.905,65.905,65.905,119,0
FJP.US,5,20251023,194500,65.8858,65.8858,65.8858,65.8858,416,0
FJP.US,5,20251023,195000,65.905,65.905,65.905,65.905,141,0
FJP.US,5,20251023,195500,65.867141,65.867141,65.867141,65.867141,174,0
FJP.US,5,20251023,203500,65.905,65.905,65.905,65.905,285,0
FJP.US,5,20251023,211500,66.05,66.05,66.05,66.05,509,0
FJP.US,5,20251023,214500,65.996,65.996,65.996,65.996,331,0
FJP.US,5,20251023,215000,65.9401,65.9401,65.9401,65.9401,118,0
FJP.US,5,20251023,215500,66.09,66.1,66.09,66.1,473,0
FJP.US,5,20251024,153000,66.17,66.17,66.17,66.17,117,0
FJP.US,5,20251024,155500,66.185,66.185,66.185,66.185,182,0
FJP.US,5,20251024,161500,66.62,66.62,66.22,66.22,359,0
FJP.US,5,20251024,162500,66.33,66.33,66.33,66.33,100,0
FJP.US,5,20251024,172500,66.325,66.325,66.325,66.325,274,0
FJP.US,5,20251024,173000,66.41,66.69,66.41,66.69,1386,0
FJP.US,5,20251024,174500,66.6899,66.6899,66.6899,66.6899,374,0
FJP.US,5,20251024,175500,66.66,66.66,66.66,66.66,423,0
FJP.US,5,20251024,185000,66.255,66.255,66.255,66.255,268,0
FJP.US,5,20251024,191500,66.56,66.61,66.51,66.61,1800,0
FJP.US,5,20251024,192000,66.29,66.29,66.29,66.29,100,0
FJP.US,5,20251024,192500,66.29,66.29,66.29,66.29,100,0
FJP.US,5,20251024,210000,66.4674,66.4674,66.4674,66.4674,462,0
FJP.US,5,20251024,210500,65.9098,65.9098,65.9098,65.9098,200,0
FJP.US,5,20251027,143000,66.89,66.89,66.89,66.89,170,0
FJP.US,5,20251027,153500,67.025,67.025,66.9885,66.9885,894,0
FJP.US,5,20251027,155000,67.025,67.025,67.025,67.025,254,0
FJP.US,5,20251027,163500,66.965,66.965,66.965,66.965,390,0
FJP.US,5,20251027,171500,66.7782,66.7782,66.7782,66.7782,218,0
FJP.US,5,20251027,173000,66.97,67.0539,66.97,67.0539,476,0
FJP.US,5,20251027,175000,66.965,66.965,66.9241,66.9241,279,0
FJP.US,5,20251027,180000,66.62,66.62,66.62,66.62,164,0
FJP.US,5,20251027,192000,66.99,66.99,66.99,66.99,212,0
FJP.US,5,20251027,201500,66.99,66.99,66.99,66.99,115,0
FJP.US,5,20251027,202500,66.99,66.99,66.99,66.99,419,0
FJP.US,5,20251027,203000,66.99,66.99,66.99,66.99,323,0
FJP.US,5,20251028,143000,66.4,66.4,66.4,66.4,124,0
FJP.US,5,20251028,143500,66.82,66.82,66.82,66.82,100,0
FJP.US,5,20251028,153500,66.4456,66.4456,66.4456,66.4456,135,0
FJP.US,5,20251028,160500,66.6901,66.6901,66.6901,66.6901,105,0
FJP.US,5,20251028,163000,66.596,66.596,66.596,66.596,269,0
FJP.US,5,20251028,164000,66.61,66.84,66.61,66.7412,1006,0
FJP.US,5,20251028,172000,66.3301,66.3301,66.3301,66.3301,160,0
FJP.US,5,20251028,182500,66.6615,66.6615,66.33,66.33,417,0
FJP.US,5,20251028,201000,66.79,66.79,66.79,66.79,200,0
FJP.US,5,20251028,203000,66.6357,66.6357,66.6357,66.6357,168,0
FJP.US,5,20251029,143000,66.4,66.4,66.4,66.4,115,0
FJP.US,5,20251029,145500,66.14,66.525,66.14,66.525,344,0
FJP.US,5,20251029,150000,66.145,66.145,66.145,66.145,108,0
FJP.US,5,20251029,152000,66.08,66.08,66.08,66.08,181,0
FJP.US,5,20251029,152500,66.23,66.41,66.23,66.41,6812,0
FJP.US,5,20251029,155500,66.0784,66.0784,66.0784,66.0784,151,0
FJP.US,5,20251029,160500,66.4063,66.4063,66.3946,66.3946,630,0
FJP.US,5,20251029,163000,66.2776,66.2776,66.2776,66.2776,200,0
FJP.US,5,20251029,164000,66.3415,66.3415,66.3415,66.3415,103,0
FJP.US,5,20251029,170000,66.44,66.44,66.44,66.44,100,0
FJP.US,5,20251029,171500,66.59,66.59,66.59,66.59,633,0
FJP.US,5,20251029,173000,66.2512,66.2512,66.2512,66.2512,143,0
FJP.US,5,20251029,175500,66.5,66.5836,65.95,66.5836,477,0
FJP.US,5,20251029,180500,66.58,66.58,66.58,66.58,562,0
FJP.US,5,20251029,190000,66.3,66.64,66.3,66.64,482,0
FJP.US,5,20251029,200000,65.91,65.91,65.91,65.91,195,0
FJP.US,5,20251029,205000,65.995,65.995,65.995,65.995,473,0
FJP.US,5,20251030,143000,66.17,66.17,66.17,66.17,493,0
FJP.US,5,20251030,144500,66.35,66.35,66.35,66.35,140,0
FJP.US,5,20251030,152500,66.63,66.63,66.2193,66.4267,865,0
FJP.US,5,20251030,154500,66.56,66.56,66.56,66.56,224,0
FJP.US,5,20251030,155000,66.56,66.6399,66.56,66.6399,355,0
FJP.US,5,20251030,163000,66.59,66.59,66.59,66.59,926,0
FJP.US,5,20251030,181500,66.4567,66.4567,66.4567,66.4567,205,0
FJP.US,5,20251030,184000,66.2701,66.457,66.2701,66.457,340,0
FJP.US,5,20251030,190000,66.62,66.63,66.62,66.63,700,0
FJP.US,5,20251030,190500,66.4284,66.4284,66.4284,66.4284,258,0
FJP.US,5,20251030,191000,66.3984,66.3984,66.3984,66.3984,220,0
FJP.US,5,20251030,195500,66.5422,66.5422,66.5422,66.5422,151,0
FJP.US,5,20251030,202500,66.58,66.58,66.435,66.435,475,0
FJP.US,5,20251030,204000,66.43,66.43,66.43,66.43,282,0
FJP.US,5,20251031,143000,66.68,66.68,66.68,66.68,280,0
FJP.US,5,20251031,145500,66.6399,66.64,66.6399,66.64,200,0
FJP.US,5,20251031,154500,66.4256,66.4256,66.4256,66.4256,370,0
FJP.US,5,20251031,155500,66.6399,66.64,66.6399,66.6399,400,0
FJP.US,5,20251031,162000,66.79,66.845,66.79,66.845,200,0
FJP.US,5,20251031,170000,66.61,66.61,66.61,66.61,100,0
FJP.US,5,20251031,171000,66.5326,66.555,66.32,66.32,1455,0
FJP.US,5,20251031,173500,66.3543,66.3543,66.14,66.269038,1871,0
FJP.US,5,20251031,174000,66.5499,66.5499,66.5499,66.5499,100,0
FJP.US,5,20251031,185500,66.335,66.335,66.335,66.335,101,0
FJP.US,5,20251031,192500,66.14,66.14,66.14,66.14,944,0
FJP.US,5,20251031,194500,66.44,66.44,66.44,66.44,1417,0
FJP.US,5,20251031,203000,66.335,66.335,66.335,66.335,132,0
FJP.US,5,20251031,203500,66.53,66.53,66.53,66.53,900,0
FJP.US,5,20251103,162500,66.23,66.23,66.23,66.23,100,0
FJP.US,5,20251103,164500,66.17,66.17,66.17,66.17,250,0
FJP.US,5,20251103,165000,66.265,66.265,66.265,66.265,200,0
FJP.US,5,20251103,172500,66.3,66.3,66.3,66.3,260,0
FJP.US,5,20251103,181500,66.2651,66.2651,66.2651,66.2651,153,0
FJP.US,5,20251103,185000,66.6,66.65,66.6,66.6,1311,0
FJP.US,5,20251103,191500,66.2415,66.2415,66.2415,66.2415,250,0
FJP.US,5,20251103,193000,66.345,66.345,66.345,66.345,100,0
FJP.US,5,20251103,194000,66.345,66.345,66.345,66.345,111,0
FJP.US,5,20251103,195500,66.345,66.345,66.345,66.345,189,0
FJP.US,5,20251103,202500,66.345,66.345,66.345,66.345,295,0
FJP.US,5,20251104,153000,66.21,66.21,66.21,66.21,449,0
FJP.US,5,20251104,162000,66.4465,66.4465,66.399671,66.399671,416,0
FJP.US,5,20251104,162500,66.4966,66.4966,66.1,66.1,254,0
FJP.US,5,20251104,163000,66.61,66.83,66.61,66.83,500,0
FJP.US,5,20251104,174500,66.1701,66.1701,66.1701,66.1701,182,0
FJP.US,5,20251104,175000,66.85,66.85,66.85,66.85,694,0
FJP.US,5,20251104,175500,66.7,66.7,66.52,66.52,399,0
FJP.US,5,20251104,182000,66.486,66.79,66.47,66.79,608,0
FJP.US,5,20251104,184500,66.7175,66.7175,66.7175,66.7175,143,0
FJP.US,5,20251104,185000,66.595,66.72,66.595,66.595,1400,0
FJP.US,5,20251104,190500,66.6075,66.6075,66.5825,66.5825,551,0
FJP.US,5,20251104,191000,66.595,66.595,66.595,66.595,100,0
FJP.US,5,20251104,191500,66.71,66.72,66.595,66.595,500,0
FJP.US,5,20251104,192000,66.5766,66.5766,66.5766,66.5766,137,0
FJP.US,5,20251104,194500,66.47,66.47,66.47,66.47,171,0
FJP.US,5,20251104,205000,66.569,66.569,66.569,66.569,253,0
FJP.US,5,20251105,153000,66.52,66.52,66.52,66.52,102,0
FJP.US,5,20251105,153500,66.13,66.445,66.08,66.09,1799,0
FJP.US,5,20251105,160000,66.4475,66.4475,66.4475,66.4475,100,0
FJP.US,5,20251105,170000,66.75,66.775,66.75,66.775,200,0
FJP.US,5,20251105,171000,66.175,66.2,66.175,66.19,730,0
FJP.US,5,20251105,174000,66.5061,66.5061,66.18,66.18,1847,0
FJP.US,5,20251105,184000,66.39,66.39,66.39,66.39,1830,0
FJP.US,5,20251105,190000,66.574,66.574,66.495,66.495,204,0
FJP.US,5,20251105,190500,66.17,66.17,66.17,66.17,2116,0
FJP.US,5,20251105,191000,66.5,66.5,66.5,66.5,828,0
FJP.US,5,20251105,191500,66.7511,66.7511,66.7511,66.7511,124,0
FJP.US,5,20251105,192000,66.66,66.66,66.66,66.66,512,0
FJP.US,5,20251105,194000,66.5,66.5,66.5,66.5,404,0
FJP.US,5,20251105,194500,66.5,66.5,66.5,66.5,120,0
FJP.US,5,20251105,195500,66.6815,66.6815,66.6815,66.6815,834,0
FJP.US,5,20251105,205500,66.595,66.595,66.595,66.595,108,0
FJP.US,5,20251105,211500,66.584,66.584,66.584,66.584,342,0
FJP.US,5,20251105,213500,66.6086,66.6086,66.6086,66.6086,144,0
FJP.US,5,20251106,165500,66.79,66.79,66.79,66.79,356,0
FJP.US,5,20251106,173000,66.667,66.667,66.667,66.667,140,0
FJP.US,5,20251106,182000,67.22,67.22,67.22,67.22,521,0
FJP.US,5,20251106,185500,67.0567,67.0567,67.0567,67.0567,105,0
FJP.US,5,20251106,190500,66.4471,66.4471,66.4471,66.4471,130,0
FJP.US,5,20251106,193000,66.855,66.855,66.855,66.855,300,0
FJP.US,5,20251106,194500,66.9284,67.2036,66.9284,67.2036,295,0
FJP.US,5,20251106,201000,66.8794,66.8794,66.8794,66.8794,153,0
FJP.US,5,20251106,211500,67.0746,67.0746,67.0746,67.0746,282,0
FJP.US,5,20251106,213000,67.0746,67.0746,67.0746,67.0746,306,0
FJP.US,5,20251107,153000,66.58,66.58,66.58,66.58,1525,0
FJP.US,5,20251107,155500,66.8576,66.8576,66.8576,66.8576,124,0
FJP.US,5,20251107,160000,66.79,66.79,66.7753,66.7753,255,0
FJP.US,5,20251107,163500,66.52,66.52,66.52,66.52,100,0
FJP.US,5,20251107,170000,66.765,66.765,66.765,66.765,100,0
FJP.US,5,20251107,171500,66.6635,66.765,66.6635,66.765,273,0
FJP.US,5,20251107,172000,66.8302,66.8302,66.765,66.765,440,0
FJP.US,5,20251107,173500,66.6803,66.72,66.6803,66.72,290,0
FJP.US,5,20251107,174000,66.5783,66.7947,66.5783,66.7947,327,0
FJP.US,5,20251107,180000,66.6,66.6,66.6,66.6,100,0
FJP.US,5,20251107,182000,66.47,66.47,66.47,66.47,700,0
FJP.US,5,20251107,182500,66.59,66.59,66.58,66.58,300,0
FJP.US,5,20251107,183000,66.8064,66.8064,66.8064,66.8064,178,0
FJP.US,5,20251107,185000,67.21,67.21,67.21,67.21,100,0
FJP.US,5,20251107,191500,67.1292,67.1292,67.1292,67.1292,197,0
FJP.US,5,20251107,192000,67.21,67.21,67.21,67.21,100,0
FJP.US,5,20251107,194000,67.24,67.24,67.24,67.24,190,0
FJP.US,5,20251107,202000,67.37,67.37,67.37,67.37,100,0
FJP.US,5,20251107,210000,67.38,67.38,67.06,67.06,436,0
FJP.US,5,20251107,211500,66.89,66.89,66.76,66.8201,500,0
FJP.US,5,20251107,212500,67.06,67.06,67.06,67.06,350,0
FJP.US,5,20251110,153000,67.39,67.39,67.39,67.39,1140,0
FJP.US,5,20251110,160500,67.12,67.12,67.12,67.12,100,0
FJP.US,5,20251110,170500,67.4435,67.4435,67.4435,67.4435,134,0
FJP.US,5,20251110,173500,67.04,67.04,67.04,67.04,103,0
FJP.US,5,20251110,182500,67.495,67.495,67.495,67.495,111,0
FJP.US,5,20251110,185000,67.63,67.63,67.53,67.53,427,0
FJP.US,5,20251110,190000,67.5149,67.5149,67.5149,67.5149,125,0
FJP.US,5,20251110,194500,67.504,67.504,67.504,67.504,104,0
FJP.US,5,20251110,195000,67.53,67.53,67.53,67.53,140,0
FJP.US,5,20251110,211500,67.76,67.76,67.34,67.34,233,0
FJP.US,5,20251111,153000,67.33,67.33,67.33,67.33,118,0
FJP.US,5,20251111,160500,67.08,67.08,67.08,67.08,100,0
FJP.US,5,20251111,165000,67.3805,67.3805,67.3805,67.3805,151,0
FJP.US,5,20251111,165500,67.40662,67.40662,67.40662,67.40662,185,0
FJP.US,5,20251111,170000,66.99,67.02,66.99,67.02,239,0
FJP.US,5,20251111,171000,67.03,67.345,67.03,67.345,406,0
FJP.US,5,20251111,172000,67.1,67.1,67.1,67.1,100,0
FJP.US,5,20251111,172500,67.065,67.065,67.065,67.065,204,0
FJP.US,5,20251111,173000,67.08,67.305,67.08,67.305,301,0
FJP.US,5,20251111,174000,67.305,67.305,67.305,67.305,100,0
FJP.US,5,20251111,174500,67.3797,67.3797,67.3797,67.3797,179,0
FJP.US,5,20251111,175500,67.41,67.41,67.41,67.41,498,0
FJP.US,5,20251111,180000,67.315,67.315,67.315,67.315,144,0
FJP.US,5,20251111,180500,67.28,67.28,67.28,67.28,100,0
FJP.US,5,20251111,181500,67.315,67.315,67.315,67.315,366,0
FJP.US,5,20251111,182000,67.06,67.06,67.06,67.06,100,0
FJP.US,5,20251111,183500,67.06,67.57,67.02,67.02,18473,0
FJP.US,5,20251111,184000,67.21,67.29,67.07,67.07,5539,0
FJP.US,5,20251111,184500,67.28,67.28,67.28,67.28,200,0
FJP.US,5,20251111,185000,67.3544,67.37,67.28,67.37,2242,0
FJP.US,5,20251111,192000,67.415,67.415,67.415,67.415,200,0
FJP.US,5,20251111,193000,67.4125,67.4125,67.4125,67.4125,100,0
FJP.US,5,20251111,194500,67.425,67.425,67.425,67.425,200,0
FJP.US,5,20251111,195000,67.639,67.639,67.4,67.425,825,0
FJP.US,5,20251111,210000,67.3023,67.3023,67.3023,67.3023,119,0
FJP.US,5,20251112,153000,67.65,67.65,67.65,67.65,106,0
FJP.US,5,20251112,160000,67.47,67.47,67.47,67.47,193,0
FJP.US,5,20251112,163500,67.795,67.795,67.795,67.795,109,0
FJP.US,5,20251112,170000,67.8457,67.8457,67.8457,67.8457,362,0
FJP.US,5,20251112,171000,67.6371,67.6371,67.6371,67.6371,174,0
FJP.US,5,20251112,172500,67.63,67.63,67.63,67.63,408,0
FJP.US,5,20251112,174000,67.85,67.85,67.85,67.85,213,0
FJP.US,5,20251112,195500,67.87,67.9076,67.87,67.9076,373,0
FJP.US,5,20251112,200000,68.01,68.01,68.01,68.01,100,0
FJP.US,5,20251112,200500,67.8535,67.8804,67.8535,67.8804,248,0
FJP.US,5,20251112,204500,67.8284,67.8284,67.8284,67.8284,294,0
FJP.US,5,20251112,214000,67.7448,67.7448,67.61,67.61,431,0
FJP.US,5,20251112,214500,67.87,68.13,67.87,68.13,373,0
FJP.US,5,20251113,153000,68.17,68.17,68.17,68.17,172,0
FJP.US,5,20251113,155500,68.6427,68.6427,68.6427,68.6427,159,0
FJP.US,5,20251113,170000,68.17,68.17,68.17,68.17,182,0
FJP.US,5,20251113,173000,68.0291,68.0291,68.0291,68.0291,111,0
FJP.US,5,20251113,182000,67.678,67.678,67.678,67.678,128,0
FJP.US,5,20251113,183500,68.16,68.47,67.84,68.4628,950,0
FJP.US,5,20251113,185500,68.09,68.09,68.09,68.09,322,0
FJP.US,5,20251113,190500,68.04,68.04,68.04,68.04,129,0
FJP.US,5,20251113,201500,67.89,67.89,67.89,67.89,212,0
FJP.US,5,20251113,204000,68.3099,68.3099,67.9205,67.9205,398,0
FJP.US,5,20251113,210000,67.4201,67.4201,67.4201,67.4201,162,0
FJP.US,5,20251113,211000,67.71,67.71,67.71,67.71,236,0
FJP.US,5,20251113,213000,68.0599,68.0599,68.0599,68.0599,263,0
FJP.US,5,20251113,213500,67.56,67.56,67.56,67.56,100,0
FJP.US,5,20251113,214000,67.56,67.56,67.56,67.56,116,0
FJP.US,5,20251113,214500,67.355,67.355,67.355,67.355,100,0
FJP.US,5,20251114,153000,68.14,68.14,68.14,68.14,281,0
FJP.US,5,20251114,154000,67.76,67.76,67.76,67.76,380,0
FJP.US,5,20251114,160500,68.16491,68.16491,68.16491,68.16491,119,0
FJP.US,5,20251114,161000,68.09,68.09,68.09,68.09,125,0
FJP.US,5,20251114,164500,67.965,67.965,67.965,67.965,369,0
FJP.US,5,20251114,172000,67.96,67.96,67.96,67.96,428,0
FJP.US,5,20251114,180500,68.06,68.64,67.9796,68.225,5432,0
FJP.US,5,20251114,185000,68.1145,68.1145,68.1145,68.1145,178,0
FJP.US,5,20251114,202500,68.45,68.45,68.38,68.45,500,0
FJP.US,5,20251114,203000,68.075,68.075,68.075,68.075,356,0
FJP.US,5,20251114,212500,68.1873,68.1873,68.1873,68.1873,134,0
FJP.US,5,20251114,213000,68.46,68.46,68.46,68.46,170,0
FJP.US,5,20251114,214500,68.115,68.115,68.115,68.115,102,0
FJP.US,5,20251114,215500,68.25,68.25,68.25,68.25,163,0
FJP.US,5,20251117,153000,67.4,67.4,67.4,67.4,162,0
FJP.US,5,20251117,153500,67.76,67.76,67.76,67.76,100,0
FJP.US,5,20251117,163000,67.44,67.44,67.44,67.44,198,0
FJP.US,5,20251117,171000,67.44,67.58,67.44,67.44,700,0
FJP.US,5,20251117,172000,67.44,67.44,67.44,67.44,100,0
FJP.US,5,20251117,191000,67.4571,67.4571,67.4571,67.4571,116,0
FJP.US,5,20251117,191500,67.6099,67.6099,67.6099,67.6099,1035,0
FJP.US,5,20251117,200000,67.42,67.42,67.42,67.42,100,0
FJP.US,5,20251117,202500,67.28,67.28,67.27,67.27,300,0
FJP.US,5,20251117,204000,66.98,66.98,66.98,66.98,130,0
FJP.US,5,20251117,210500,66.975,66.975,66.9363,66.9363,278,0
FJP.US,5,20251117,211500,67.0009,67.0009,67.0009,67.0009,123,0
FJP.US,5,20251117,213000,66.975,66.975,66.9395,66.9395,1615,0
FJP.US,5,20251117,214000,66.975,66.975,66.975,66.975,2069,0
FJP.US,5,20251117,214500,67.0518,67.0518,67.0518,67.0518,148,0
FJP.US,5,20251117,215500,66.975,66.9751,66.975,66.9751,200,0
FJP.US,5,20251118,153000,65.89,65.89,65.89,65.89,176,0
FJP.US,5,20251118,171500,65.75,65.75,65.54,65.54,2389,0
FJP.US,5,20251118,173500,65.979,65.979,65.979,65.979,111,0
FJP.US,5,20251118,175500,65.82,65.82,65.82,65.82,100,0
FJP.US,5,20251118,181000,66.1,66.1,66.1,66.1,193,0
FJP.US,5,20251118,194500,65.9633,65.9633,65.9633,65.9633,366,0
FJP.US,5,20251118,204000,66.0611,66.0611,66.0611,66.0611,151,0
FJP.US,5,20251118,210000,66,66,66,66,1000,0
FJP.US,5,20251118,213500,66.2799,66.2799,66.2799,66.2799,228,0
FJP.US,5,20251118,214500,66.04,66.04,66.04,66.04,100,0
FJP.US,5,20251119,153000,65.91,65.91,65.91,65.91,142,0
FJP.US,5,20251119,165000,66.1444,66.1444,66.1444,66.1444,217,0
FJP.US,5,20251119,173500,65.74,65.74,65.74,65.74,181,0
FJP.US,5,20251119,185000,65.8506,65.8506,65.8506,65.8506,174,0
FJP.US,5,20251119,205000,65.97286,65.97286,65.97286,65.97286,111,0
FJP.US,5,20251119,215500,65.95,65.95,65.95,65.95,100,0
FJP.US,5,20251120,153000,66.18,66.18,66.18,66.18,109,0
FJP.US,5,20251120,161500,66.295,66.295,66.295,66.295,155,0
FJP.US,5,20251120,162000,66.295,66.295,66.295,66.295,133,0
FJP.US,5,20251120,171500,66.127,66.33,66.127,66.33,319,0
FJP.US,5,20251120,172000,66.05,66.05,66.05,66.05,100,0
FJP.US,5,20251120,172500,66.265,66.48,66.265,66.48,647,0
FJP.US,5,20251120,173000,66.14,66.14,66.14,66.14,100,0
FJP.US,5,20251120,173500,66.04,66.05,66.04,66.05,200,0
FJP.US,5,20251120,175500,65.64,65.64,65.64,65.64,100,0
FJP.US,5,20251120,180000,65.69,65.69,65.69,65.69,100,0
FJP.US,5,20251120,181500,65.55,65.55,65.55,65.55,100,0
FJP.US,5,20251120,184000,65.6553,65.6553,65.542,65.542,234,0
FJP.US,5,20251120,191000,65.6,65.6,65.6,65.6,646,0
FJP.US,5,20251120,192000,65.73,65.73,65.73,65.73,106,0
FJP.US,5,20251120,201500,65.7608,65.7608,65.625,65.625,428,0
FJP.US,5,20251120,202500,65.5722,65.5722,65.5722,65.5722,187,0
FJP.US,5,20251120,211500,65.655,65.655,65.655,65.655,101,0
FJP.US,5,20251120,213500,65.3386,65.3386,65.3386,65.3386,324,0
FJP.US,5,20251121,153000,66.47,66.47,66.47,66.47,305,0
FJP.US,5,20251121,155000,66.67,66.71,66.5657,66.5657,808,0
FJP.US,5,20251121,164500,66.3933,66.3933,66.3933,66.3933,162,0
FJP.US,5,20251121,170500,66.2042,66.2042,66.2042,66.2042,170,0
FJP.US,5,20251121,175000,66.74,66.74,66.74,66.74,632,0
FJP.US,5,20251121,190500,66.76,66.76,66.76,66.76,100,0
FJP.US,5,20251121,194500,67.0199,67.0199,67.0199,67.0199,613,0
FJP.US,5,20251121,195500,66.705,66.705,66.705,66.705,117,0
FJP.US,5,20251121,201500,66.75,66.75,66.75,66.75,500,0
FJP.US,5,20251121,202000,66.9699,66.9699,66.9699,66.9699,117,0
FJP.US,5,20251121,202500,66.805,66.8051,66.805,66.8051,200,0
FJP.US,5,20251121,204500,67.0388,67.0388,66.785,66.9804,679,0
FJP.US,5,20251124,153000,66.52,66.52,66.52,66.52,862,0
FJP.US,5,20251124,153500,66.575,66.575,66.575,66.575,150,0
FJP.US,5,20251124,154500,66.49,66.49,66.49,66.49,157,0
FJP.US,5,20251124,155500,66.46,66.46,66.46,66.46,122,0
FJP.US,5,20251124,160000,66.5908,66.5908,66.5908,66.5908,117,0
FJP.US,5,20251124,162500,66.64,66.64,66.64,66.64,179,0
FJP.US,5,20251124,182500,66.94,67,66.74,67,889,0
FJP.US,5,20251124,184500,66.81,66.81,66.39,66.39,416,0
FJP.US,5,20251124,191000,66.845,66.845,66.845,66.845,162,0
FJP.US,5,20251125,153000,66.87,66.87,66.87,66.87,112,0
FJP.US,5,20251125,162500,67.16,67.16,67.16,67.16,100,0
FJP.US,5,20251125,170000,67.3863,67.3863,67.3863,67.3863,235,0
FJP.US,5,20251125,180000,67.405,67.5649,67.405,67.5649,679,0
FJP.US,5,20251125,183000,67.48,67.48,67.48,67.48,400,0
FJP.US,5,20251125,184500,67.48,67.48,67.48,67.48,558,0
FJP.US,5,20251125,191000,67.48,67.48,67.48,67.48,400,0
FJP.US,5,20251125,202000,67.48,67.48,67.48,67.48,188,0
FJP.US,5,20251125,204000,67.53,67.53,67.53,67.53,200,0
FJP.US,5,20251125,212500,67.53,67.53,67.53,67.53,323,0
FJP.US,5,20251126,163000,67.93,67.93,67.93,67.93,300,0
FJP.US,5,20251126,164000,67.92,68.05,67.92,67.92,6700,0
FJP.US,5,20251126,171000,68.175,68.175,68.175,68.175,703,0
FJP.US,5,20251126,172000,67.98,67.98,67.98,67.98,136,0
FJP.US,5,20251126,175500,68.363,68.363,68.363,68.363,736,0
FJP.US,5,20251126,182500,68.325,68.325,68.325,68.325,204,0
FJP.US,5,20251126,183000,68.325,68.325,68.325,68.325,332,0
FJP.US,5,20251126,183500,68.402,68.402,68.402,68.402,112,0
FJP.US,5,20251126,184000,68.05,68.05,68.05,68.05,121,0
FJP.US,5,20251126,195500,68.5738,68.5738,68.5738,68.5738,319,0
FJP.US,5,20251126,201000,68.58,68.58,68.58,68.58,474,0
FJP.US,5,20251126,211000,68.405,68.405,68.405,68.405,104,0
FJP.US,5,20251126,214500,68.19,68.24,68.19,68.19,3011,0
FJP.US,5,20251128,153000,68.51,68.51,68.1512,68.1512,425,0
FJP.US,5,20251128,155000,68.2225,68.2225,68.0813,68.0813,460,0
FJP.US,5,20251128,160500,67.8401,67.8401,67.8401,67.8401,106,0
FJP.US,5,20251128,163500,68.225,68.225,68.225,68.225,161,0
FJP.US,5,20251128,164000,68.57,68.57,68.57,68.57,740,0
FJP.US,5,20251128,164500,68.205,68.205,68.205,68.205,148,0
FJP.US,5,20251128,171000,68.6548,68.6548,68.6548,68.6548,367,0
FJP.US,5,20251128,173500,68.3973,68.3973,68.3973,68.3973,406,0
FJP.US,5,20251201,160000,68.24,68.24,68.1004,68.1004,221,0
FJP.US,5,20251201,160500,67.63,67.7867,67.63,67.7867,565,0
FJP.US,5,20251201,163000,68.19,68.19,68.0404,68.0404,372,0
FJP.US,5,20251201,170000,67.61,67.9205,67.61,67.9205,1112,0
FJP.US,5,20251201,170500,67.68,67.68,67.68,67.68,100,0
FJP.US,5,20251201,171500,68.27,68.27,68.27,68.27,587,0
FJP.US,5,20251201,173000,68.13,68.27,68.13,68.27,400,0
FJP.US,5,20251201,173500,67.9568,67.9568,67.9568,67.9568,149,0
FJP.US,5,20251201,175500,67.945,68.2799,67.945,67.945,1114,0
FJP.US,5,20251201,183500,67.9944,67.9944,67.9785,67.9785,257,0
FJP.US,5,20251201,192500,67.81,67.81,67.81,67.81,100,0
FJP.US,5,20251201,194500,68.1,68.1,68.1,68.1,100,0
FJP.US,5,20251202,153000,67.31,67.31,67.31,67.31,610,0
FJP.US,5,20251202,171000,67.2896,67.2896,67.2896,67.2896,135,0
FJP.US,5,20251202,180000,67.6,67.6,67.6,67.6,100,0
FJP.US,5,20251202,183000,66.8101,67.205,66.8101,67.205,429,0
FJP.US,5,20251202,183500,67.53,67.53,67.53,67.53,100,0
FJP.US,5,20251202,184000,67.0557,67.0557,67.0557,67.0557,100,0
FJP.US,5,20251202,185000,67.205,67.205,67.205,67.205,104,0
FJP.US,5,20251202,190000,67.19,67.19,67.19,67.19,157,0
FJP.US,5,20251202,193000,67.19,67.2855,67.19,67.2855,262,0
FJP.US,5,20251202,212000,67.22,67.22,67.22,67.22,114,0
FJP.US,5,20251202,212500,67.2557,67.2557,67.2557,67.2557,221,0
FJP.US,5,20251202,215000,67.2896,67.2896,67.2896,67.2896,126,0
FJP.US,5,20251203,153000,67.19,67.19,67.19,67.19,254,0
FJP.US,5,20251203,155000,67.305,67.305,67.305,67.305,172,0
FJP.US,5,20251203,165000,67.435,67.7,67.435,67.7,500,0
FJP.US,5,20251203,170000,67.475,67.475,67.475,67.475,331,0
FJP.US,5,20251203,173500,67.4909,67.4909,67.4909,67.4909,140,0
FJP.US,5,20251203,174500,67.2201,67.2201,67.2201,67.2201,178,0
FJP.US,5,20251203,175000,67.51,67.51,67.51,67.51,100,0
FJP.US,5,20251203,175500,67.28,67.4636,67.28,67.4636,286,0
FJP.US,5,20251203,180500,67.465,67.465,67.465,67.465,190,0
FJP.US,5,20251203,181000,67.4077,67.465,67.4077,67.465,353,0
FJP.US,5,20251203,181500,67.413,67.413,67.413,67.413,287,0
FJP.US,5,20251203,182500,67.5,67.5,67.5,67.5,100,0
FJP.US,5,20251203,190500,67.5279,67.5279,67.5279,67.5279,195,0
FJP.US,5,20251203,191500,67.65,67.65,67.65,67.65,100,0
FJP.US,5,20251203,215500,67.62,67.79,67.57,67.57,369,0
FJP.US,5,20251204,153000,68.02,68.095,68.02,68.095,378,0
FJP.US,5,20251204,154500,67.91,67.91,67.91,67.91,900,0
FJP.US,5,20251204,160000,67.82,67.82,67.82,67.82,625,0
FJP.US,5,20251204,163000,67.95,67.95,67.95,67.95,209,0
FJP.US,5,20251204,163500,68.07,68.07,68.07,68.07,100,0
FJP.US,5,20251204,165500,67.71,67.71,67.71,67.71,218,0
FJP.US,5,20251204,173500,67.75,67.75,67.75,67.75,321,0
FJP.US,5,20251204,175000,67.8671,67.8671,67.8671,67.8671,513,0
FJP.US,5,20251204,182500,67.705,67.705,67.705,67.705,233,0
FJP.US,5,20251204,183000,67.8,67.935,67.8,67.935,1645,0
FJP.US,5,20251204,183500,67.595,67.765,67.595,67.765,300,0
FJP.US,5,20251204,190500,67.8107,67.8107,67.8107,67.8107,352,0
FJP.US,5,20251204,191000,67.8032,67.8032,67.8032,67.8032,284,0
FJP.US,5,20251204,195000,67.8,67.8,67.8,67.8,100,0
FJP.US,5,20251204,202500,67.544,67.544,67.544,67.544,100,0
FJP.US,5,20251204,204000,67.6973,67.6973,67.6973,67.6973,126,0
FJP.US,5,20251204,212000,67.79,67.94,67.405,67.405,1738,0
FJP.US,5,20251204,212500,67.74481,67.74481,67.74481,67.74481,183,0
FJP.US,5,20251204,214500,67.66,67.66,67.66,67.66,100,0
FJP.US,5,20251204,215500,67.43,67.43,67.43,67.43,100,0
FJP.US,5,20251205,153000,68.79,68.79,68.79,68.79,215,0
FJP.US,5,20251205,161500,67.7268,67.7268,67.7268,67.7268,160,0
FJP.US,5,20251205,162500,67.645,67.645,67.645,67.645,100,0
FJP.US,5,20251205,164000,67.36,67.36,67.36,67.36,100,0
FJP.US,5,20251205,182000,67.615,67.615,67.38,67.38,253,0
FJP.US,5,20251205,183000,67.89,67.89,67.89,67.89,841,0
FJP.US,5,20251205,183500,67.615,67.615,67.615,67.615,110,0
FJP.US,5,20251205,194000,67.38,67.38,67.38,67.38,145,0
FJP.US,5,20251205,195000,67.89,67.89,67.66205,67.66238,557,0
FJP.US,5,20251205,204500,67.75,67.75,67.75,67.75,200,0
FJP.US,5,20251205,205000,67.58,67.58,67.58,67.58,225,0
FJP.US,5,20251205,210000,67.87,67.88,67.86,67.86,495,0
FJP.US,5,20251205,212000,67.6155,67.6155,67.6155,67.6155,641,0
FJP.US,5,20251205,215500,67.85,67.89,67.85,67.89,207,0
FJP.US,5,20251208,153000,67.89,67.89,67.89,67.89,474,0
FJP.US,5,20251208,155500,68.3799,68.3799,68.3799,68.3799,365,0
FJP.US,5,20251208,161000,67.54,67.54,67.54,67.54,100,0
FJP.US,5,20251208,161500,67.92,67.92,67.92,67.92,190,0
FJP.US,5,20251208,162500,67.92,67.92,67.88,67.88,269,0
FJP.US,5,20251208,172000,68.18,68.18,68.18,68.18,100,0
FJP.US,5,20251208,174000,67.9098,67.9098,67.9098,67.9098,232,0
FJP.US,5,20251208,182500,67.9,67.9,67.801,67.801,397,0
FJP.US,5,20251208,183500,67.9,67.9,67.9,67.9,215,0
FJP.US,5,20251208,185000,67.86,68.22,67.86,68.22,500,0
FJP.US,5,20251208,192000,67.9375,67.9375,67.9375,67.9375,165,0
FJP.US,5,20251208,200500,67.8725,67.8725,67.8725,67.8725,148,0
FJP.US,5,20251208,204000,68.098,68.098,68.098,68.098,124,0
FJP.US,5,20251208,210000,67.89,67.89,67.89,67.89,100,0
FJP.US,5,20251208,214500,68.18,68.22,68.15,68.22,1118,0
FJP.US,5,20251208,215000,67.905,67.905,67.905,67.905,200,0
FJP.US,5,20251208,215500,68.22,68.22,68.21,68.22,500,0
FJP.US,5,20251209,153000,68.1,68.1,68.1,68.1,177,0
FJP.US,5,20251209,153500,68.61,68.61,68.61,68.61,100,0
FJP.US,5,20251209,161500,68.59,68.59,68.59,68.59,100,0
FJP.US,5,20251209,163500,68.59,68.59,68.59,68.59,100,0
FJP.US,5,20251209,164500,68.315,68.315,68.315,68.315,100,0
FJP.US,5,20251209,170000,68.54,68.54,68.54,68.54,100,0
FJP.US,5,20251209,171500,68.54,68.54,68.54,68.54,125,0
FJP.US,5,20251209,174500,68.25,68.25,68.25,68.25,236,0
FJP.US,5,20251209,175000,68.54,68.54,68.54,68.54,125,0
FJP.US,5,20251209,175500,68.3,68.3,68.25,68.25,459,0
FJP.US,5,20251209,180500,68.43,68.43,68.43,68.43,5295,0
FJP.US,5,20251209,182500,68.284,68.284,68.284,68.284,104,0
FJP.US,5,20251209,183000,68.235,68.235,68.235,68.235,127,0
FJP.US,5,20251209,183500,68.225,68.225,67.95,68.225,1550,0
FJP.US,5,20251209,185000,68.2,68.2,68.2,68.2,100,0
FJP.US,5,20251209,191500,68.2,68.2,68.2,68.2,100,0
FJP.US,5,20251209,194500,68.11,68.11,68.11,68.11,104,0
FJP.US,5,20251209,200500,68.134,68.134,68.02,68.0405,1559,0
FJP.US,5,20251209,211000,68.1331,68.1331,68.1331,68.1331,138,0
FJP.US,5,20251210,153000,68.3,68.3,68.3,68.3,494,0
FJP.US,5,20251210,160000,68.14,68.14,68.14,68.14,100,0
FJP.US,5,20251210,161000,68.84,68.84,68.671,68.671,469,0
FJP.US,5,20251210,164500,68.43,68.43,68.43,68.43,168,0
FJP.US,5,20251210,171500,68.435,68.435,68.435,68.435,174,0
FJP.US,5,20251210,172000,68.6378,68.7248,68.6378,68.7248,908,0
FJP.US,5,20251210,172500,68.6378,68.6385,68.6378,68.6385,538,0
FJP.US,5,20251210,175000,68.74,68.74,68.74,68.74,100,0
FJP.US,5,20251210,181500,68.7,68.74,68.68,68.74,500,0
FJP.US,5,20251210,184000,68.5374,68.5374,68.5374,68.5374,145,0
FJP.US,5,20251210,185000,68.75,68.76,68.75,68.75,900,0
FJP.US,5,20251210,190000,68.5305,68.5305,68.5305,68.5305,103,0
FJP.US,5,20251210,192000,68.74,68.75,68.74,68.75,200,0
FJP.US,5,20251210,193500,68.75,68.75,68.75,68.75,100,0
FJP.US,5,20251210,194500,68.595,68.595,68.595,68.595,145,0
FJP.US,5,20251210,200500,68.675,68.675,68.675,68.675,201,0
FJP.US,5,20251210,211000,68.9764,68.9764,68.9764,68.9764,217,0
FJP.US,5,20251210,211500,69.14,69.21,69.14,69.21,248,0
FJP.US,5,20251210,213000,69.22,69.22,69.22,69.22,200,0
FJP.US,5,20251210,215000,69.24,69.24,69.24,69.24,100,0
FJP.US,5,20251211,153000,68.79,68.79,68.79,68.79,143,0
FJP.US,5,20251211,160500,69.3799,69.3799,69.3799,69.3799,106,0
FJP.US,5,20251211,165000,69.11,69.11,69.0736,69.0736,289,0
FJP.US,5,20251211,173500,69.38,69.38,69.38,69.38,104,0
FJP.US,5,20251211,190500,69.36,69.36,69.36,69.36,486,0
FJP.US,5,20251211,203500,69.18,69.18,69.18,69.18,200,0
FJP.US,5,20251211,210000,69,69.19,69,69.19,900,0
FJP.US,5,20251211,212000,69.19,69.19,69.19,69.19,100,0
FJP.US,5,20251211,215000,69.02,69.02,69,69,200,0
FJP.US,5,20251212,153000,67.92,67.92,67.92,67.92,177,0
FJP.US,5,20251212,172500,67.9658,67.9658,67.9658,67.9658,239,0
FJP.US,5,20251212,184000,67.645,67.645,67.645,67.645,150,0
FJP.US,5,20251212,184500,67.95,67.95,67.95,67.95,100,0
FJP.US,5,20251212,191000,67.69,67.99,67.69,67.99,1406,0
FJP.US,5,20251212,191500,67.99,67.99,67.94,67.94,500,0
FJP.US,5,20251212,194500,67.99,67.99,67.99,67.99,100,0
FJP.US,5,20251212,195500,67.8826,67.8826,67.8826,67.8826,206,0
FJP.US,5,20251212,204500,67.795,67.795,67.795,67.795,100,0
FJP.US,5,20251212,205500,67.795,67.795,67.795,67.795,124,0
FJP.US,5,20251212,210000,67.7037,67.7037,67.7037,67.7037,155,0
FJP.US,5,20251212,211500,67.7708,67.7708,67.7708,67.7708,224,0
FJP.US,5,20251215,153000,69.01,69.01,69.01,69.01,314,0
FJP.US,5,20251215,155000,68.58,68.58,68.58,68.58,138,0
FJP.US,5,20251215,164500,68.49,68.49,68.49,68.49,145,0
FJP.US,5,20251215,172500,68.49,68.49,68.49,68.49,175,0
FJP.US,5,20251215,175500,68.50953,68.50953,68.50953,68.50953,106,0
FJP.US,5,20251215,180000,68.594,68.594,68.594,68.594,100,0
FJP.US,5,20251215,183000,68.69,68.69,68.09,68.09,291,0
FJP.US,5,20251215,183500,68.415,68.415,68.415,68.415,362,0
FJP.US,5,20251215,190500,68.415,68.415,68.415,68.415,793,0
FJP.US,5,20251215,195000,68.66,68.66,68.66,68.66,100,0
FJP.US,5,20251215,195500,68.475,68.475,68.475,68.475,241,0
FJP.US,5,20251215,200500,68.66,68.66,68.28,68.28,255,0
FJP.US,5,20251215,202500,68.66,68.67,68.66,68.67,200,0
FJP.US,5,20251215,203500,68.66,68.669,68.655,68.669,700,0
FJP.US,5,20251215,204000,68.669,68.669,68.669,68.669,200,0
FJP.US,5,20251215,210000,68.66,68.67,68.66,68.67,200,0
FJP.US,5,20251215,211000,68.67,68.81,68.67,68.81,458,0
FJP.US,5,20251215,212000,68.79,68.79,68.79,68.79,200,0
FJP.US,5,20251215,213000,68.79,68.79,68.79,68.79,200,0
FJP.US,5,20251215,214000,68.79,68.81,68.79,68.81,300,0
FJP.US,5,20251215,214500,68.8,68.81,68.8,68.8,500,0
FJP.US,5,20251215,215000,68.84,68.84,68.84,68.84,100,0
FJP.US,5,20251215,215500,68.84,68.84,68.84,68.84,100,0
FJP.US,5,20251216,161500,67.685,67.685,67.37,67.37,884,0
FJP.US,5,20251216,163500,67.645,67.645,67.645,67.645,169,0
FJP.US,5,20251216,171500,67.34,67.34,67.32,67.34,944,0
FJP.US,5,20251216,172000,67.65893,67.65893,67.65893,67.65893,161,0
FJP.US,5,20251216,175000,67.7225,67.7225,67.7225,67.7225,114,0
FJP.US,5,20251216,183000,67.7999,67.7999,67.6245,67.6674,2329,0
FJP.US,5,20251216,184000,67.8,67.8,67.76,67.79,1000,0
FJP.US,5,20251216,190000,67.5321,67.5321,67.5321,67.5321,113,0
FJP.US,5,20251216,190500,67.64,67.65,67.64,67.65,600,0
FJP.US,5,20251216,192000,67.64,67.64,67.64,67.64,257,0
FJP.US,5,20251216,192500,67.3232,67.3232,67.3232,67.3232,103,0
FJP.US,5,20251216,204000,67.8,67.8,67.8,67.8,292,0
FJP.US,5,20251216,205500,67.615,67.615,67.615,67.615,147,0
FJP.US,5,20251216,215500,67.81,67.81,67.642,67.81,705,0
FJP.US,5,20251217,162500,66.8101,66.8101,66.8101,66.8101,167,0
FJP.US,5,20251217,163000,67.1,67.1,67.1,67.1,179,0
FJP.US,5,20251217,171500,67,67,67,67,102,0
FJP.US,5,20251217,174500,67.005,67.005,67.005,67.005,393,0
FJP.US,5,20251217,175000,66.9623,66.9623,66.9623,66.9623,100,0
FJP.US,5,20251217,193000,66.96,66.96,66.96,66.96,289,0
FJP.US,5,20251217,204500,66.9572,66.9572,66.9572,66.9572,144,0
FJP.US,5,20251217,211000,67.04,67.04,67.04,67.04,100,0
FJP.US,5,20251217,214000,67.035,67.04,67.035,67.04,250,0
FJP.US,5,20251218,153000,67.21,67.21,67.21,67.21,559,0
FJP.US,5,20251218,153500,67.33,67.33,67.33,67.33,157,0
FJP.US,5,20251218,160500,66.925,66.925,66.925,66.925,672,0
FJP.US,5,20251218,162500,67.003,67.003,67.003,67.003,100,0
FJP.US,5,20251218,164500,67.23,67.23,67.0624,67.0624,200,0
FJP.US,5,20251218,174000,67.0406,67.28,67.0406,67.28,708,0
FJP.US,5,20251218,174500,67.1247,67.1247,66.95,66.95,792,0
FJP.US,5,20251218,180500,67.115,67.115,67.075,67.075,300,0
FJP.US,5,20251218,181000,67.075,67.075,66.94,66.94,200,0
FJP.US,5,20251218,182500,66.69,66.69,66.69,66.69,168,0
FJP.US,5,20251218,194500,66.844,66.844,66.844,66.844,122,0
FJP.US,5,20251218,201000,66.9,66.9,66.9,66.9,124,0
FJP.US,5,20251218,205500,66.87,66.87,66.87,66.87,600,0
FJP.US,5,20251218,210500,66.87,66.87,66.87,66.87,377,0
FJP.US,5,20251218,214500,66.865,66.865,66.865,66.865,141,0
FJP.US,5,20251219,153000,67.37,67.37,67.37,67.37,104,0
FJP.US,5,20251219,164500,67.17,67.17,67.17,67.17,100,0
FJP.US,5,20251219,170500,67.25,67.25,67.25,67.25,100,0
FJP.US,5,20251219,175000,67.44,67.44,67.28,67.28,600,0
FJP.US,5,20251219,175500,67.404,67.404,67.404,67.404,572,0
FJP.US,5,20251219,180500,67.44,67.44,67.44,67.44,100,0
FJP.US,5,20251219,181000,67.44,67.44,67.44,67.44,200,0
FJP.US,5,20251219,182000,67.6199,67.6199,67.6199,67.6199,248,0
FJP.US,5,20251219,182500,67.5522,67.5522,67.5522,67.5522,336,0
FJP.US,5,20251219,184500,67.44,67.44,67.44,67.44,500,0
FJP.US,5,20251219,185500,67.26,67.26,67.26,67.26,116,0
FJP.US,5,20251219,200500,67.6199,67.6199,67.6199,67.6199,212,0
FJP.US,5,20251219,203000,67.6199,67.6199,67.6199,67.6199,134,0
FJP.US,5,20251219,210000,67.54,67.6193,67.54,67.6193,200,0
FJP.US,5,20251219,213000,67.4593,67.4593,67.4593,67.4593,268,0
FJP.US,5,20251219,213500,67.619,67.619,67.619,67.619,100,0
FJP.US,5,20251219,214000,67.619,67.619,67.619,67.619,200,0
FJP.US,5,20251219,215500,67.445,67.4729,67.445,67.45,330,0
FJP.US,5,20251222,153000,67.13,67.13,67.13,67.13,139,0
FJP.US,5,20251222,160500,67,67,67,67,100,0
FJP.US,5,20251222,161500,66.99,67.08,66.99,67.08,783,0
FJP.US,5,20251222,164500,67.034,67.034,67.034,67.034,100,0
FJP.US,5,20251222,173000,67.291,67.31,67.291,67.31,300,0
FJP.US,5,20251222,181500,67.35,67.35,67.35,67.35,100,0
FJP.US,5,20251222,182500,67.26,67.26,67.26,67.26,105,0
FJP.US,5,20251222,183000,67.3528,67.3528,67.3528,67.3528,367,0
FJP.US,5,20251222,183500,67.26,67.26,67.26,67.26,187,0
FJP.US,5,20251222,185000,67.26,67.26,67.26,67.26,200,0
FJP.US,5,20251222,190000,67.53,67.53,67.53,67.53,100,0
FJP.US,5,20251222,203000,67.4199,67.4199,67.4199,67.4199,208,0
FJP.US,5,20251222,204000,67.18,67.1801,66.95,66.9601,954,0
FJP.US,5,20251222,205000,67.18,67.18,67.18,67.18,272,0
FJP.US,5,20251222,205500,67.2,67.2,67.2,67.2,100,0
FJP.US,5,20251222,210000,67.19,67.19,67.19,67.19,100,0
FJP.US,5,20251222,213500,67.19,67.19,67.19,67.19,100,0
FJP.US,5,20251222,215500,67.19,67.2,67.19,67.2,200,0
