<TICKER>,<PER>,<DATE>,<TIME>,<OPEN>,<HIGH>,<LOW>,<CLOSE>,<VOL>,<OPENINT>
FLN.US,5,20250728,153000,18.51,18.975,18.51,18.97,5349,0
FLN.US,5,20250728,161000,18.74,18.74,18.74,18.74,100,0
FLN.US,5,20250728,165000,18.824,18.824,18.824,18.824,150,0
FLN.US,5,20250728,181500,18.81,18.81,18.7451,18.7641,2134,0
FLN.US,5,20250728,182000,18.741,18.77,18.741,18.77,700,0
FLN.US,5,20250728,182500,18.7634,18.7634,18.7634,18.7634,500,0
FLN.US,5,20250728,183000,18.7744,18.7744,18.7605,18.7605,1000,0
FLN.US,5,20250728,190500,18.77,18.77,18.77,18.77,100,0
FLN.US,5,20250728,203000,18.73,18.77,18.721,18.721,300,0
FLN.US,5,20250728,211000,18.75,18.75,18.75,18.75,200,0
FLN.US,5,20250728,211500,18.75,18.7599,18.745,18.75,500,0
FLN.US,5,20250728,212000,18.75,18.75,18.74,18.74,468,0
FLN.US,5,20250728,212500,18.7301,18.7301,18.7301,18.7301,318,0
FLN.US,5,20250728,213000,18.7301,18.7301,18.73,18.73,431,0
FLN.US,5,20250728,213500,18.75,18.75,18.74,18.74,239,0
FLN.US,5,20250728,214000,18.76,18.76,18.76,18.76,100,0
FLN.US,5,20250728,215000,18.77,18.78,18.77,18.78,200,0
FLN.US,5,20250729,161000,18.77,18.77,18.77,18.77,100,0
FLN.US,5,20250729,165000,18.79,18.79,18.79,18.79,200,0
FLN.US,5,20250729,173000,18.835,18.835,18.835,18.835,100,0
FLN.US,5,20250729,174000,18.789,18.825,18.7801,18.7801,1000,0
FLN.US,5,20250729,175500,18.87,18.87,18.87,18.87,262,0
FLN.US,5,20250729,180500,18.86,18.8636,18.86,18.86,500,0
FLN.US,5,20250729,181000,18.86,18.86,18.86,18.86,100,0
FLN.US,5,20250729,181500,18.8566,18.87,18.8566,18.87,756,0
FLN.US,5,20250729,182000,18.88,18.945,18.88,18.8801,921,0
FLN.US,5,20250729,182500,18.88,18.88,18.88,18.88,407,0
FLN.US,5,20250729,183000,18.87,18.87,18.87,18.87,100,0
FLN.US,5,20250729,183500,18.88,18.9,18.87,18.9,1238,0
FLN.US,5,20250729,205000,18.9033,18.905,18.9,18.9,1810,0
FLN.US,5,20250729,212500,18.896275,18.896275,18.896275,18.896275,400,0
FLN.US,5,20250729,215000,18.9,18.91,18.9,18.91,200,0
FLN.US,5,20250730,153000,18.9,18.92,18.9,18.92,345,0
FLN.US,5,20250730,154500,18.92,18.92,18.92,18.92,434,0
FLN.US,5,20250730,155000,18.92,18.92,18.9,18.9,2120,0
FLN.US,5,20250730,170000,18.78,18.78,18.78,18.78,100,0
FLN.US,5,20250730,190000,18.84,18.84,18.84,18.84,100,0
FLN.US,5,20250730,204500,18.89,18.95,18.89,18.95,1827,0
FLN.US,5,20250730,211500,18.94,18.94,18.94,18.94,100,0
FLN.US,5,20250730,212000,18.94,19.07,18.94,19.07,1400,0
FLN.US,5,20250730,214000,18.9,18.9002,18.9,18.9002,865,0
FLN.US,5,20250730,215000,18.91,18.91,18.91,18.91,100,0
FLN.US,5,20250730,215500,18.95,18.95,18.95,18.95,462,0
FLN.US,5,20250731,161000,18.82,18.82,18.82,18.82,100,0
FLN.US,5,20250731,181500,18.91,18.91,18.91,18.91,100,0
FLN.US,5,20250731,194500,18.995,18.995,18.995,18.995,100,0
FLN.US,5,20250801,153000,18.75,18.75,18.75,18.75,465,0
FLN.US,5,20250801,160500,18.965,19,18.96,19,1170,0
FLN.US,5,20250801,161500,19,19,18.98,19,2965,0
FLN.US,5,20250801,174500,19.06,19.06,19.06,19.06,100,0
FLN.US,5,20250801,185500,19.0506,19.0506,19.0506,19.0506,156,0
FLN.US,5,20250801,200000,19.03,19.03,19.03,19.03,100,0
FLN.US,5,20250801,204000,19.04,19.04,18.965,18.965,5001,0
FLN.US,5,20250801,215500,18.9464,18.9464,18.9464,18.9464,240,0
FLN.US,5,20250804,163500,19.25,19.25,19.25,19.25,324,0
FLN.US,5,20250804,185500,19.08,19.08,19.08,19.08,1000,0
FLN.US,5,20250804,200500,19.07,19.07,19.07,19.07,960,0
FLN.US,5,20250804,201000,19.13,19.1652,19.13,19.1652,475,0
FLN.US,5,20250805,154500,19.245,19.2505,19.245,19.2505,600,0
FLN.US,5,20250805,203000,19.21,19.21,19.2,19.2,700,0
FLN.US,5,20250805,205500,19.29,19.29,19.29,19.29,100,0
FLN.US,5,20250805,213000,19.2,19.2,19.2,19.2,100,0
FLN.US,5,20250806,153000,19.28,19.28,19.28,19.28,100,0
FLN.US,5,20250806,193500,19.5,19.5,19.5,19.5,100,0
FLN.US,5,20250806,195500,19.47,19.47,19.47,19.47,100,0
FLN.US,5,20250806,200000,19.47,19.47,19.47,19.47,100,0
FLN.US,5,20250806,202500,19.46,19.46,19.46,19.46,100,0
FLN.US,5,20250807,153500,19.525,19.525,19.525,19.525,165,0
FLN.US,5,20250807,154000,19.53,19.6,19.53,19.6,400,0
FLN.US,5,20250807,154500,19.5,19.5,19.47,19.47,3460,0
FLN.US,5,20250807,161500,19.46,19.47,19.45,19.46,700,0
FLN.US,5,20250807,162500,19.43,19.43,19.43,19.43,100,0
FLN.US,5,20250807,163000,19.45,19.46,19.45,19.46,600,0
FLN.US,5,20250807,164000,19.53,19.53,19.48,19.5111,1900,0
FLN.US,5,20250807,171500,19.5,19.5,19.5,19.5,100,0
FLN.US,5,20250807,172000,19.51,19.51,19.51,19.51,1000,0
FLN.US,5,20250807,173000,19.51,19.51,19.51,19.51,100,0
FLN.US,5,20250807,183000,19.6,19.6,19.58,19.6,300,0
FLN.US,5,20250807,183500,19.6,19.6,19.59,19.59,900,0
FLN.US,5,20250807,200000,19.725,19.725,19.725,19.725,110,0
FLN.US,5,20250807,200500,19.8,19.8,19.8,19.8,500,0
FLN.US,5,20250807,210500,19.91,19.91,19.91,19.91,345,0
FLN.US,5,20250807,214000,19.68,19.68,19.68,19.68,100,0
FLN.US,5,20250807,215500,19.72,19.7658,19.72,19.7658,200,0
FLN.US,5,20250808,174500,19.9642,19.9642,19.9642,19.9642,105,0
FLN.US,5,20250808,212500,19.915,19.915,19.9023,19.9023,600,0
FLN.US,5,20250811,153000,19.95,19.95,19.95,19.95,501,0
FLN.US,5,20250811,153500,19.875,19.875,19.875,19.875,215,0
FLN.US,5,20250811,201500,19.9434,19.9434,19.9434,19.9434,157,0
FLN.US,5,20250811,213000,19.92,19.92,19.9,19.9,1200,0
FLN.US,5,20250812,161000,20.035,20.035,20.035,20.035,100,0
FLN.US,5,20250812,170000,20.035,20.035,20.035,20.035,100,0
FLN.US,5,20250812,171000,20.0223,20.0223,20.0223,20.0223,250,0
FLN.US,5,20250812,183500,20.055,20.055,20.055,20.055,300,0
FLN.US,5,20250812,210000,20.1,20.1,20.0999,20.0999,200,0
FLN.US,5,20250812,212000,20.075,20.075,20.075,20.075,900,0
FLN.US,5,20250812,212500,20.1,20.1,20.1,20.1,200,0
FLN.US,5,20250812,215500,20.1,20.1,20.1,20.1,100,0
FLN.US,5,20250813,153000,20.01,20.11,20.01,20.11,343,0
FLN.US,5,20250813,161000,20.05,20.05,20.05,20.05,400,0
FLN.US,5,20250813,161500,20.05,20.05,20.05,20.05,100,0
FLN.US,5,20250813,165000,20,20,20,20,100,0
FLN.US,5,20250813,194000,20.0866,20.0866,20.0866,20.0866,176,0
FLN.US,5,20250813,200500,20.04,20.135,20.04,20.135,306,0
FLN.US,5,20250813,205000,20.01,20.01,20.01,20.01,100,0
FLN.US,5,20250814,153500,19.9,19.9,19.9,19.9,773,0
FLN.US,5,20250814,164000,20,20,19.97,20,683,0
FLN.US,5,20250814,183500,20.1399,20.1399,20.1399,20.1399,175,0
FLN.US,5,20250814,200000,19.9,19.9,19.9,19.9,100,0
FLN.US,5,20250815,155500,20.1399,20.1399,20.1399,20.1399,250,0
FLN.US,5,20250815,165000,20.015,20.015,20.015,20.015,175,0
FLN.US,5,20250815,171000,19.95,19.95,19.95,19.95,726,0
FLN.US,5,20250815,200000,19.9,19.975,19.9,19.975,350,0
FLN.US,5,20250815,205000,19.975,19.975,19.975,19.975,100,0
FLN.US,5,20250815,213500,20.0066,20.0066,20.0066,20.0066,192,0
FLN.US,5,20250815,215000,19.96,20.1,19.91,20.1,2100,0
FLN.US,5,20250818,153000,19.91,19.9752,19.91,19.9752,420,0
FLN.US,5,20250818,163500,19.97,19.98,19.97,19.98,700,0
FLN.US,5,20250818,171500,20.21,20.21,20.21,20.21,150,0
FLN.US,5,20250818,172000,20.01,20.01,20.01,20.01,100,0
FLN.US,5,20250818,173000,20.085,20.085,20.085,20.085,250,0
FLN.US,5,20250818,200500,19.97,19.97,19.97,19.97,719,0
FLN.US,5,20250819,153000,19.9,19.9,19.89,19.89,1799,0
FLN.US,5,20250819,154000,19.91,19.91,19.65,19.65,300,0
FLN.US,5,20250819,162500,19.72,19.72,19.72,19.72,100,0
FLN.US,5,20250819,193500,19.86,19.86,19.86,19.86,200,0
FLN.US,5,20250819,195500,19.88,19.88,19.88,19.88,133,0
FLN.US,5,20250820,153000,19.79,19.79,19.79,19.79,1131,0
FLN.US,5,20250820,163000,19.9069,19.9069,19.9069,19.9069,100,0
FLN.US,5,20250821,162000,19.8,19.8,19.8,19.8,500,0
FLN.US,5,20250821,182000,19.785,19.785,19.785,19.785,395,0
FLN.US,5,20250821,201500,19.93,19.93,19.93,19.93,100,0
FLN.US,5,20250822,163500,20.32,20.32,20.32,20.32,273,0
FLN.US,5,20250822,175500,20.23,20.23,20.1317,20.1317,300,0
FLN.US,5,20250822,184500,20.265,20.265,20.265,20.265,614,0
FLN.US,5,20250822,185000,20.31,20.32,20.31,20.32,200,0
FLN.US,5,20250822,200000,20.27,20.27,20.27,20.27,421,0
FLN.US,5,20250822,215500,20.33,20.33,20.33,20.33,159,0
FLN.US,5,20250825,153000,20.42,20.42,20.42,20.42,1280,0
FLN.US,5,20250825,160000,20.32,20.32,20.32,20.32,100,0
FLN.US,5,20250825,162500,20.38,20.4,20.38,20.39,1668,0
FLN.US,5,20250825,163500,20.4,20.4,20.308965,20.308965,700,0
FLN.US,5,20250825,180500,20.32,20.5,20.2125,20.5,1300,0
FLN.US,5,20250825,200000,20.45,20.45,20.45,20.45,100,0
FLN.US,5,20250826,160500,20.38,20.38,20.38,20.38,199,0
FLN.US,5,20250826,165500,20.3305,20.3305,20.3305,20.3305,125,0
FLN.US,5,20250826,181500,20.23,20.23,20.23,20.23,237,0
FLN.US,5,20250826,210000,20.145,20.145,20.145,20.145,111,0
FLN.US,5,20250827,155500,20.1,20.1,20.1,20.1,301,0
FLN.US,5,20250827,163500,20.0933,20.0933,20.0933,20.0933,220,0
FLN.US,5,20250827,210500,20.27,20.27,20.27,20.27,100,0
FLN.US,5,20250828,160500,20.38,20.38,20.38,20.38,700,0
FLN.US,5,20250828,163000,20.5,20.5,20.5,20.5,100,0
FLN.US,5,20250829,153000,20.61,20.61,20.61,20.61,199,0
FLN.US,5,20250829,181500,20.575,20.575,20.575,20.575,150,0
FLN.US,5,20250829,182500,20.58,20.58,20.58,20.58,151,0
FLN.US,5,20250829,194500,20.4256,20.4256,20.4256,20.4256,938,0
FLN.US,5,20250829,195000,20.495,20.495,20.495,20.495,204,0
FLN.US,5,20250829,214000,20.485,20.485,20.485,20.485,500,0
FLN.US,5,20250902,153000,20.2,20.2,20.2,20.2,222,0
FLN.US,5,20250902,154000,20.31,20.31,20.31,20.31,9000,0
FLN.US,5,20250902,161500,20.4,20.4,20.4,20.4,100,0
FLN.US,5,20250902,170000,20.41,20.41,20.41,20.41,100,0
FLN.US,5,20250902,181000,20.64,20.64,20.64,20.64,760,0
FLN.US,5,20250902,183500,20.4618,20.4618,20.4618,20.4618,150,0
FLN.US,5,20250902,190500,20.58,20.63,20.58,20.61,1300,0
FLN.US,5,20250902,191500,20.5015,20.5015,20.5015,20.5015,311,0
FLN.US,5,20250902,195000,20.6138,20.6138,20.6138,20.6138,100,0
FLN.US,5,20250903,160000,20.65,20.65,20.65,20.65,251,0
FLN.US,5,20250904,164000,20.72,20.72,20.72,20.72,100,0
FLN.US,5,20250904,191500,20.6058,20.6058,20.6058,20.6058,237,0
FLN.US,5,20250905,153500,21,21,21,21,646,0
FLN.US,5,20250905,160500,21.22,21.22,21.2,21.2,627,0
FLN.US,5,20250905,162000,21.0534,21.0534,21.0534,21.0534,100,0
FLN.US,5,20250905,200500,21.06,21.06,21.06,21.06,100,0
FLN.US,5,20250908,183000,20.8622,20.8622,20.8622,20.8622,134,0
FLN.US,5,20250908,200500,20.86,20.86,20.86,20.86,263,0
FLN.US,5,20250909,173500,20.765,20.89,20.765,20.89,1782,0
FLN.US,5,20250909,175000,20.7,20.7,20.7,20.7,300,0
FLN.US,5,20250909,194000,20.94,20.94,20.94,20.94,375,0
FLN.US,5,20250909,200000,20.74,20.74,20.74,20.74,290,0
FLN.US,5,20250909,201500,20.7357,20.7357,20.7357,20.7357,870,0
FLN.US,5,20250910,155000,20.93,20.93,20.9,20.9,300,0
FLN.US,5,20250910,161000,20.98,20.98,20.98,20.98,352,0
FLN.US,5,20250910,163500,21.08,21.08,21.08,21.08,299,0
FLN.US,5,20250910,183500,20.9,20.9,20.9,20.9,100,0
FLN.US,5,20250910,205500,21.0028,21.01,21.0028,21.01,307,0
FLN.US,5,20250911,153000,20.47,20.47,20.47,20.47,415,0
FLN.US,5,20250911,153500,21.11,21.17,21.02,21.02,500,0
FLN.US,5,20250911,191000,21.25,21.25,21.25,21.25,100,0
FLN.US,5,20250911,194000,21.3188,21.3188,21.3188,21.3188,126,0
FLN.US,5,20250911,205500,21.39,21.39,21.39,21.39,100,0
FLN.US,5,20250912,153500,21.35,21.35,21.35,21.35,213,0
FLN.US,5,20250912,172500,21.1,21.1,21.1,21.1,212,0
FLN.US,5,20250912,215500,21.22,21.22,21.22,21.22,100,0
FLN.US,5,20250915,153000,21.52,21.52,21.52,21.52,258,0
FLN.US,5,20250915,181000,21.5,21.5,21.5,21.5,315,0
FLN.US,5,20250915,184000,21.5085,21.5085,21.5085,21.5085,350,0
FLN.US,5,20250915,203500,21.36,21.43,21.36,21.43,200,0
FLN.US,5,20250916,161500,21.3199,21.42,21.3199,21.42,200,0
FLN.US,5,20250916,165000,21.48,21.48,21.48,21.48,100,0
FLN.US,5,20250916,172000,21.54,21.54,21.53,21.53,800,0
FLN.US,5,20250916,182500,21.5,21.5,21.5,21.5,115,0
FLN.US,5,20250916,184000,21.59,21.59,21.59,21.59,186,0
FLN.US,5,20250916,192500,21.4676,21.4676,21.4676,21.4676,368,0
FLN.US,5,20250916,200500,21.45,21.45,21.45,21.45,154,0
FLN.US,5,20250917,164500,21.62,21.62,21.62,21.62,100,0
FLN.US,5,20250917,175000,21.57,21.57,21.57,21.57,500,0
FLN.US,5,20250917,195500,21.53,21.53,21.53,21.53,236,0
FLN.US,5,20250917,212000,21.5128,21.5128,21.5128,21.5128,1160,0
FLN.US,5,20250918,154000,21.33,21.33,21.33,21.33,700,0
FLN.US,5,20250918,161000,21.18,21.18,21.18,21.18,450,0
FLN.US,5,20250918,164000,21.3712,21.3712,21.3712,21.3712,150,0
FLN.US,5,20250918,165500,21.38,21.38,21.38,21.38,100,0
FLN.US,5,20250918,170000,21.35,21.35,21.35,21.35,355,0
FLN.US,5,20250918,173500,21.42,21.42,21.42,21.42,218,0
FLN.US,5,20250918,175500,21.42,21.42,21.42,21.42,466,0
FLN.US,5,20250918,210000,21.28,21.28,21.28,21.28,149,0
FLN.US,5,20250919,160500,21.3666,21.3666,21.3666,21.3666,150,0
FLN.US,5,20250919,162500,21.37,21.37,21.37,21.37,138,0
FLN.US,5,20250919,173000,21.35,21.37,21.35,21.35,500,0
FLN.US,5,20250919,203000,21.4144,21.4144,21.3405,21.3405,835,0
FLN.US,5,20250919,212000,21.42,21.42,21.42,21.42,300,0
FLN.US,5,20250919,214000,21.345,21.345,21.345,21.345,100,0
FLN.US,5,20250919,215000,21.36,21.36,21.36,21.36,100,0
FLN.US,5,20250922,153000,21,21.225,21,21.225,801,0
FLN.US,5,20250922,172500,21.12,21.12,21.12,21.12,212,0
FLN.US,5,20250922,182500,21.2995,21.2995,21.2995,21.2995,294,0
FLN.US,5,20250922,210000,21.35,21.35,21.35,21.35,100,0
FLN.US,5,20250922,212500,21.398,21.398,21.398,21.398,200,0
FLN.US,5,20250923,153000,21.4,21.4,21.4,21.4,262,0
FLN.US,5,20250923,175000,21.64,21.64,21.64,21.64,422,0
FLN.US,5,20250923,202500,21.7,21.7,21.7,21.7,100,0
FLN.US,5,20250924,154000,21.542,21.542,21.542,21.542,300,0
FLN.US,5,20250924,160000,21.7,21.7,21.7,21.7,100,0
FLN.US,5,20250924,160500,21.6047,21.6047,21.6047,21.6047,100,0
FLN.US,5,20250924,193500,21.52,21.52,21.52,21.52,500,0
FLN.US,5,20250924,215500,21.51,21.51,21.51,21.51,126,0
FLN.US,5,20250925,154000,21.28,21.28,21.2,21.2001,1100,0
FLN.US,5,20250925,163500,21.27,21.4,21.27,21.4,347,0
FLN.US,5,20250925,182000,21.2616,21.2616,21.2616,21.2616,400,0
FLN.US,5,20250925,184500,21.3,21.3,21.3,21.3,100,0
FLN.US,5,20250925,215500,21.28,21.28,21.28,21.28,100,0
FLN.US,5,20250926,164500,21.22,21.23,21.12,21.12,1600,0
FLN.US,5,20250926,180500,21.26,21.26,21.26,21.26,1070,0
FLN.US,5,20250926,185000,21.26,21.26,21.26,21.26,100,0
FLN.US,5,20250929,181500,21.48,21.48,21.48,21.48,150,0
FLN.US,5,20250929,195500,21.47,21.47,21.47,21.47,747,0
FLN.US,5,20250929,200000,21.4,21.52,21.4,21.4625,1441,0
FLN.US,5,20250929,200500,21.47,21.47,21.47,21.47,150,0
FLN.US,5,20250929,215500,21.38,21.38,21.36,21.36,200,0
FLN.US,5,20250930,164000,21.56,21.56,21.56,21.56,100,0
FLN.US,5,20251001,160000,21.35,21.35,21.35,21.35,200,0
FLN.US,5,20251001,174500,21.27,21.27,21.19,21.19,200,0
FLN.US,5,20251001,182000,21.3,21.3,21.3,21.3,293,0
FLN.US,5,20251001,215000,21.276,21.276,21.276,21.276,279,0
FLN.US,5,20251002,161500,21.1347,21.1347,20.93,20.93,1319,0
FLN.US,5,20251002,183000,20.945,20.945,20.945,20.945,474,0
FLN.US,5,20251002,214000,21.0337,21.0337,21.0337,21.0337,200,0
FLN.US,5,20251003,163500,19.87,19.87,19.87,19.87,100,0
FLN.US,5,20251003,181000,20.87,20.87,20.87,20.87,420,0
FLN.US,5,20251006,185000,20.84,20.84,20.84,20.84,178,0
FLN.US,5,20251006,191500,21.1072,21.1072,20.832,20.832,400,0
FLN.US,5,20251006,195000,20.9731,20.9731,20.9731,20.9731,146,0
FLN.US,5,20251007,155500,20.603,20.7515,20.603,20.71,1961,0
FLN.US,5,20251007,162500,20.6905,20.6905,20.6905,20.6905,248,0
FLN.US,5,20251007,163500,20.7388,20.7388,20.59,20.59,500,0
FLN.US,5,20251007,164000,20.7046,20.7046,20.7046,20.7046,200,0
FLN.US,5,20251007,180500,20.755,20.755,20.755,20.755,197,0
FLN.US,5,20251007,203000,20.8,20.8,20.76,20.76,600,0
FLN.US,5,20251007,215500,20.67,20.67,20.61,20.61,300,0
FLN.US,5,20251008,153000,20.66,20.74,20.66,20.66,622,0
FLN.US,5,20251008,154500,20.775,20.775,20.775,20.775,200,0
FLN.US,5,20251008,173500,20.785,20.785,20.785,20.785,550,0
FLN.US,5,20251008,212000,20.7564,20.7564,20.7564,20.7564,500,0
FLN.US,5,20251008,212500,20.85,20.85,20.85,20.85,168,0
FLN.US,5,20251009,153000,21.02,21.02,21.02,21.02,100,0
FLN.US,5,20251009,155500,20.74,20.7401,20.65,20.7401,800,0
FLN.US,5,20251009,162500,20.7272,20.7272,20.7272,20.7272,200,0
FLN.US,5,20251009,165000,20.7367,20.7367,20.7367,20.7367,200,0
FLN.US,5,20251009,175500,20.8245,20.8245,20.8245,20.8245,186,0
FLN.US,5,20251009,180000,20.73,20.73,20.73,20.73,100,0
FLN.US,5,20251009,194000,20.64,20.64,20.63,20.63,1000,0
FLN.US,5,20251010,181500,20.25,20.25,20.25,20.25,155,0
FLN.US,5,20251010,195000,20.32,20.32,20.32,20.32,143,0
FLN.US,5,20251010,210000,20.14,20.14,20.0584,20.0584,218,0
FLN.US,5,20251010,210500,20.1991,20.1991,20.1991,20.1991,400,0
FLN.US,5,20251010,211000,20.195,20.195,20.195,20.195,267,0
FLN.US,5,20251013,160500,20.4286,20.4286,20.4286,20.4286,500,0
FLN.US,5,20251013,163000,20.42,20.42,20.42,20.42,100,0
FLN.US,5,20251013,171500,20.3601,20.3601,20.3601,20.3601,833,0
FLN.US,5,20251014,160500,20.4,20.44,20.37,20.44,889,0
FLN.US,5,20251014,161500,20.34,20.34,20.34,20.34,100,0
FLN.US,5,20251014,183500,20.43,20.43,20.43,20.43,100,0
FLN.US,5,20251014,194500,20.38,20.62,20.35,20.515,1662,0
FLN.US,5,20251014,195000,20.515,20.515,20.515,20.515,675,0
FLN.US,5,20251014,195500,20.47,20.525,20.36,20.48,3325,0
FLN.US,5,20251015,161000,20.59,20.6055,20.59,20.59,600,0
FLN.US,5,20251015,215500,20.55,20.55,20.55,20.55,100,0
FLN.US,5,20251016,162000,20.745,20.745,20.745,20.745,168,0
FLN.US,5,20251016,170000,20.8047,20.8047,20.8047,20.8047,1975,0
FLN.US,5,20251016,172500,20.805,20.805,20.805,20.805,147,0
FLN.US,5,20251016,184500,20.74,20.74,20.69,20.69,200,0
FLN.US,5,20251016,211500,20.631887,20.631887,20.631887,20.631887,400,0
FLN.US,5,20251017,172000,20.735,20.735,20.735,20.735,100,0
FLN.US,5,20251017,172500,20.72,20.72,20.72,20.72,100,0
FLN.US,5,20251017,173500,20.7427,20.7427,20.7427,20.7427,480,0
FLN.US,5,20251017,180500,20.74,20.74,20.74,20.74,100,0
FLN.US,5,20251017,185500,20.7775,20.7775,20.7775,20.7775,100,0
FLN.US,5,20251017,203500,20.8286,20.8286,20.8286,20.8286,170,0
FLN.US,5,20251017,204000,20.815,20.815,20.815,20.815,100,0
FLN.US,5,20251020,154000,20.9,20.92,20.9,20.92,128928,0
FLN.US,5,20251020,162500,21.0165,21.0165,21.0165,21.0165,172,0
FLN.US,5,20251020,174000,21.03,21.03,21.03,21.03,100,0
FLN.US,5,20251020,175500,21.1,21.1784,21.1,21.1,4577,0
FLN.US,5,20251020,194000,21.12,21.15,21.12,21.15,20350,0
FLN.US,5,20251020,194500,21.0012,21.0012,21.0012,21.0012,500,0
FLN.US,5,20251020,195000,21.1,21.12,21.1,21.1,1600,0
FLN.US,5,20251020,195500,21.1,21.1,21.1,21.1,379,0
FLN.US,5,20251020,200000,21.1,21.1,20.9001,20.9001,1704,0
FLN.US,5,20251020,202000,20.95,20.95,20.95,20.95,100,0
FLN.US,5,20251020,205000,20.95,20.95,20.95,20.95,16156,0
FLN.US,5,20251021,155500,20.8177,20.8177,20.8177,20.8177,382,0
FLN.US,5,20251021,163000,20.87,20.87,20.87,20.87,265,0
FLN.US,5,20251021,165000,20.84,20.84,20.82,20.84,2600,0
FLN.US,5,20251021,172000,20.888,20.888,20.888,20.888,167,0
FLN.US,5,20251021,181000,20.8301,20.8301,20.8301,20.8301,100,0
FLN.US,5,20251021,190000,20.83,20.83,20.83,20.83,100,0
FLN.US,5,20251021,191000,20.83,20.83,20.83,20.83,100,0
FLN.US,5,20251021,192000,20.83,20.83,20.83,20.83,100,0
FLN.US,5,20251021,202000,20.7613,20.77,20.7613,20.77,701,0
FLN.US,5,20251021,202500,20.769,20.79,20.742,20.742,800,0
FLN.US,5,20251021,210000,20.84,20.84,20.84,20.84,800,0
FLN.US,5,20251021,211000,20.84,20.84,20.77,20.77,1500,0
FLN.US,5,20251021,212000,20.75,20.7501,20.725,20.725,2546,0
FLN.US,5,20251022,170000,20.93,20.93,20.9,20.9,400,0
FLN.US,5,20251023,155000,21.08,21.08,21.08,21.08,200,0
FLN.US,5,20251023,162500,21.025,21.025,21.025,21.025,350,0
FLN.US,5,20251023,165000,21.12,21.13,21.12,21.13,400,0
FLN.US,5,20251024,160000,21.18,21.18,21.18,21.18,191,0
FLN.US,5,20251024,214500,21.13,21.13,21.13,21.13,100,0
FLN.US,5,20251027,170500,21.2924,21.2924,21.2924,21.2924,180,0
FLN.US,5,20251027,180000,21.26,21.2601,21.25,21.2601,900,0
FLN.US,5,20251027,190500,21.32,21.32,21.32,21.32,100,0
FLN.US,5,20251028,162000,21.46,21.46,21.46,21.46,100,0
FLN.US,5,20251028,175500,21.5384,21.5384,21.5384,21.5384,100,0
FLN.US,5,20251029,143000,21.68,21.68,21.68,21.68,255,0
FLN.US,5,20251029,180500,21.69,21.69,21.645,21.645,867,0
FLN.US,5,20251029,193500,21.63,21.63,21.63,21.63,100,0
FLN.US,5,20251030,155500,21.54,21.54,21.54,21.54,100,0
FLN.US,5,20251030,181000,21.605612,21.605612,21.605612,21.605612,137,0
FLN.US,5,20251031,143000,21.59,21.59,21.535,21.535,281,0
FLN.US,5,20251031,192500,21.54,21.54,21.48,21.48,3489,0
FLN.US,5,20251103,153000,21.59,21.59,21.59,21.59,406,0
FLN.US,5,20251103,162500,21.65,21.65,21.65,21.65,100,0
FLN.US,5,20251103,163000,21.66,21.7,21.66,21.7,965,0
FLN.US,5,20251103,210500,21.664,21.664,21.664,21.664,300,0
FLN.US,5,20251104,165500,21.57,21.57,21.5685,21.5685,1324,0
FLN.US,5,20251104,183500,21.51,21.51,21.51,21.51,100,0
FLN.US,5,20251104,205000,21.3996,21.43,21.3996,21.43,500,0
FLN.US,5,20251104,215500,21.43,21.43,21.43,21.43,600,0
FLN.US,5,20251105,194000,21.8755,21.8755,21.8755,21.8755,100,0
FLN.US,5,20251105,213000,21.9,21.9,21.9,21.9,100,0
FLN.US,5,20251106,164000,21.99,21.99,21.99,21.99,100,0
FLN.US,5,20251106,165000,21.98,21.98,21.98,21.98,300,0
FLN.US,5,20251106,170500,21.99,21.99,21.99,21.99,100,0
FLN.US,5,20251106,171500,21.99,21.99,21.99,21.99,370,0
FLN.US,5,20251106,173000,21.98,21.98,21.98,21.98,100,0
FLN.US,5,20251106,173500,22,22,21.95,21.95,513,0
FLN.US,5,20251106,175000,21.9504,21.9504,21.9504,21.9504,136,0
FLN.US,5,20251107,154000,21.89,21.89,21.89,21.89,635,0
FLN.US,5,20251107,165000,21.97,21.98,21.97,21.97,300,0
FLN.US,5,20251110,153000,22.25,22.25,22.25,22.25,218,0
FLN.US,5,20251110,163500,22.3,22.3045,22.3,22.3045,816,0
FLN.US,5,20251110,175500,22.2709,22.2709,22.2709,22.2709,1472,0
FLN.US,5,20251110,183500,22.3,22.3,22.3,22.3,2156,0
FLN.US,5,20251110,185000,22.3,22.3,22.3,22.3,200,0
FLN.US,5,20251111,153000,22.67,22.67,22.67,22.67,100,0
FLN.US,5,20251111,195000,22.709,22.709,22.709,22.709,490,0
FLN.US,5,20251112,161500,22.62,22.62,22.62,22.62,200,0
FLN.US,5,20251112,163500,22.63,22.63,22.63,22.63,300,0
FLN.US,5,20251112,171000,22.64,22.64,22.64,22.64,100,0
FLN.US,5,20251112,174500,22.61,22.61,22.61,22.61,100,0
FLN.US,5,20251112,175500,22.605,22.605,22.605,22.605,836,0
FLN.US,5,20251112,180000,22.56,22.5601,22.56,22.5601,400,0
FLN.US,5,20251112,213000,22.6787,22.6787,22.675,22.675,1000,0
FLN.US,5,20251113,162000,22.74,22.74,22.74,22.74,260,0
FLN.US,5,20251113,165500,22.6201,22.6201,22.6201,22.6201,247,0
FLN.US,5,20251113,172500,22.64,22.64,22.64,22.64,100,0
FLN.US,5,20251113,174000,22.59,22.59,22.59,22.59,100,0
FLN.US,5,20251113,175500,22.61,22.61,22.61,22.61,1355,0
FLN.US,5,20251113,194500,22.46,22.46,22.46,22.46,100,0
FLN.US,5,20251113,202500,22.4104,22.4104,22.4104,22.4104,100,0
FLN.US,5,20251114,160500,22.46,22.46,22.46,22.46,500,0
FLN.US,5,20251114,174500,22.52,22.54,22.52,22.54,500,0
FLN.US,5,20251114,181000,22.4506,22.4506,22.4506,22.4506,547,0
FLN.US,5,20251117,153000,22.38,22.38,22.38,22.38,105,0
FLN.US,5,20251117,164500,22.3808,22.3808,22.3808,22.3808,1552,0
FLN.US,5,20251117,175500,22.424,22.424,22.424,22.424,190,0
FLN.US,5,20251117,193000,22.3492,22.3492,22.3492,22.3492,1116,0
FLN.US,5,20251117,195000,22.36,22.39,22.35,22.365,2000,0
FLN.US,5,20251117,195500,22.3,22.3,22.3,22.3,100,0
FLN.US,5,20251117,201000,22.34,22.34,22.34,22.34,100,0
FLN.US,5,20251118,161500,22.22,22.22,22.22,22.22,100,0
FLN.US,5,20251118,180000,22.32,22.32,22.32,22.32,100,0
FLN.US,5,20251118,184000,22.31,22.31,22.31,22.31,359,0
FLN.US,5,20251118,184500,22.3,22.32,22.3,22.32,631,0
FLN.US,5,20251118,211000,22.35,22.35,22.35,22.35,100,0
FLN.US,5,20251119,160000,22.33,22.33,22.33,22.33,100,0
FLN.US,5,20251119,192500,22.0898,22.0898,22.0898,22.0898,223,0
FLN.US,5,20251120,153000,22.23,22.23,22.23,22.23,100,0
FLN.US,5,20251120,155500,22.26,22.26,22.25,22.25,1076,0
FLN.US,5,20251120,165000,22.21,22.21,22.21,22.21,200,0
FLN.US,5,20251120,172000,22.14,22.14,22.14,22.14,100,0
FLN.US,5,20251120,182000,22.01,22.01,22.01,22.01,100,0
FLN.US,5,20251120,184000,22,22,22,22,100,0
FLN.US,5,20251120,200500,22.045,22.045,22.045,22.045,100,0
FLN.US,5,20251120,201500,22,22,22,22,584,0
FLN.US,5,20251120,203000,22,22,22,22,100,0
FLN.US,5,20251120,204500,22.07,22.07,22.07,22.07,100,0
FLN.US,5,20251120,210500,22.01,22.01,22.01,22.01,100,0
FLN.US,5,20251120,212500,22.04,22.04,22.04,22.04,100,0
FLN.US,5,20251120,213000,22.04,22.04,22,22,900,0
FLN.US,5,20251121,153000,21.75,21.75,21.75,21.75,100,0
FLN.US,5,20251121,172500,21.66,21.66,21.66,21.66,100,0
FLN.US,5,20251121,200000,21.722,21.8,21.722,21.8,260,0
FLN.US,5,20251121,201500,21.85,21.85,21.85,21.85,768,0
FLN.US,5,20251121,202000,21.79,21.79,21.79,21.79,100,0
FLN.US,5,20251124,160000,21.94,21.94,21.94,21.94,100,0
FLN.US,5,20251124,171000,21.885,21.885,21.885,21.885,141,0
FLN.US,5,20251124,173000,22.005,22.005,22.005,22.005,100,0
FLN.US,5,20251124,174500,21.95,21.95,21.95,21.95,130,0
FLN.US,5,20251124,185000,21.91,21.91,21.8802,21.8802,1000,0
FLN.US,5,20251124,194500,21.98,21.98,21.98,21.98,100,0
FLN.US,5,20251124,205500,21.8933,21.8933,21.8933,21.8933,365,0
FLN.US,5,20251124,215500,22.21,22.4999,21.92,21.92,6186,0
FLN.US,5,20251125,155000,21.95,21.95,21.95,21.95,300,0
FLN.US,5,20251125,161500,22.11,22.11,22.11,22.11,100,0
FLN.US,5,20251125,201500,22.187,22.187,22.187,22.187,250,0
FLN.US,5,20251126,160500,22.5,22.53,22.5,22.5,400,0
FLN.US,5,20251126,161500,22.4552,22.4552,22.4552,22.4552,135,0
FLN.US,5,20251126,162000,22.435,22.435,22.435,22.435,100,0
FLN.US,5,20251126,163000,22.46,22.46,22.46,22.46,100,0
FLN.US,5,20251126,171500,22.5201,22.5201,22.48,22.5201,600,0
FLN.US,5,20251126,173500,22.53,22.53,22.53,22.53,100,0
FLN.US,5,20251126,182000,22.54,22.54,22.54,22.54,324,0
FLN.US,5,20251126,185000,22.54,22.54,22.54,22.54,100,0
FLN.US,5,20251126,194500,22.5101,22.5101,22.5101,22.5101,215,0
FLN.US,5,20251126,195500,22.615,22.615,22.615,22.615,457,0
FLN.US,5,20251126,201000,22.53,22.53,22.53,22.53,740,0
FLN.US,5,20251126,202500,22.71,22.71,22.62,22.67,499,0
FLN.US,5,20251126,211000,22.63,22.63,22.63,22.63,100,0
FLN.US,5,20251128,154500,22.63,22.63,22.63,22.63,221,0
FLN.US,5,20251128,185500,22.0751,22.0751,22.075,22.075,200,0
FLN.US,5,20251201,153000,22.2,22.2,21.11,21.39,4011,0
FLN.US,5,20251201,153500,22.6,22.6,22.56,22.56,485,0
FLN.US,5,20251201,154500,22.52,22.657,22.52,22.657,1355,0
FLN.US,5,20251201,155500,22.6,22.6,22.59,22.59,600,0
FLN.US,5,20251201,160000,22.59,22.59,22.58,22.5801,2636,0
FLN.US,5,20251201,160500,22.6,22.6,22.58,22.59,500,0
FLN.US,5,20251201,161000,22.6965,22.6965,22.6965,22.6965,122,0
FLN.US,5,20251201,164000,22.645,22.645,22.6309,22.6309,882,0
FLN.US,5,20251201,165000,22.71,22.71,22.71,22.71,100,0
FLN.US,5,20251201,170000,22.635,22.635,22.635,22.635,238,0
FLN.US,5,20251201,172000,22.69,22.69,22.639,22.639,400,0
FLN.US,5,20251201,173500,22.6084,22.6084,22.6084,22.6084,925,0
FLN.US,5,20251201,180000,22.6,22.6,22.6,22.6,100,0
FLN.US,5,20251201,180500,22.58,22.58,22.58,22.58,359,0
FLN.US,5,20251201,212000,22.62,22.62,22.62,22.62,200,0
FLN.US,5,20251202,153000,22.55,22.55,22.55,22.55,123,0
FLN.US,5,20251202,163000,22.87,22.87,22.87,22.87,250,0
FLN.US,5,20251202,165000,22.91,22.91,22.91,22.91,100,0
FLN.US,5,20251202,174000,22.77,22.77,22.77,22.77,940,0
FLN.US,5,20251202,175000,22.835,22.835,22.835,22.835,150,0
FLN.US,5,20251202,195500,22.8688,22.8688,22.8688,22.8688,102,0
FLN.US,5,20251202,211000,22.963,22.9799,22.929,22.9799,1241,0
FLN.US,5,20251203,161500,23.11,23.11,23.11,23.11,100,0
FLN.US,5,20251203,185500,23.01,23.12,23.01,23.12,8756,0
FLN.US,5,20251203,193500,23.06,23.06,23.06,23.06,500,0
FLN.US,5,20251203,200000,22.97,22.9701,22.97,22.9701,200,0
FLN.US,5,20251203,205500,23.07,23.07,23.07,23.07,100,0
FLN.US,5,20251203,210000,23,23,23,23,500,0
FLN.US,5,20251203,214000,23.04,23.04,23.04,23.04,122,0
FLN.US,5,20251203,215500,23.07,23.07,23.025,23.025,2200,0
FLN.US,5,20251204,161500,23.37,23.37,23.37,23.37,100,0
FLN.US,5,20251204,162000,23.34,23.34,23.34,23.34,100,0
FLN.US,5,20251204,200500,23.195,23.195,23.195,23.195,100,0
FLN.US,5,20251205,154000,23.27,23.27,23.27,23.27,300,0
FLN.US,5,20251205,161500,23.43,23.43,23.43,23.43,100,0
FLN.US,5,20251205,164000,23.365,23.365,23.36,23.36,500,0
FLN.US,5,20251205,172500,22.85,22.9,22.83,22.83,4000,0
FLN.US,5,20251205,182000,22.98,22.98,22.98,22.98,100,0
FLN.US,5,20251205,193000,22.56,22.6,22.56,22.6,500,0
FLN.US,5,20251205,195500,22.47,22.47,22.47,22.47,100,0
FLN.US,5,20251205,201500,22.41,22.41,22.3775,22.3775,968,0
FLN.US,5,20251205,204000,22.54,22.54,22.54,22.54,100,0
FLN.US,5,20251205,214500,22.43,22.43,22.43,22.43,100,0
FLN.US,5,20251208,155500,22.64,22.64,22.64,22.64,1104,0
FLN.US,5,20251208,162500,22.45,22.45,22.45,22.45,100,0
FLN.US,5,20251209,163000,22.37,22.37,22.37,22.37,100,0
FLN.US,5,20251209,165000,22.54,22.54,22.53,22.54,1400,0
FLN.US,5,20251209,171500,22.405,22.43,22.405,22.43,200,0
FLN.US,5,20251209,182500,22.44,22.44,22.44,22.44,743,0
FLN.US,5,20251209,183000,22.46,22.46,22.46,22.46,4821,0
FLN.US,5,20251209,193500,22.495,22.495,22.495,22.495,445,0
FLN.US,5,20251209,210000,22.64,22.64,22.64,22.64,2311,0
FLN.US,5,20251210,153000,22.99,22.99,22.99,22.99,225,0
FLN.US,5,20251210,162500,22.45,22.45,22.45,22.45,398,0
FLN.US,5,20251210,175000,22.415,22.415,22.415,22.415,255,0
FLN.US,5,20251210,191500,22.3,22.3,22.3,22.3,303,0
FLN.US,5,20251210,201500,22.45,22.555,22.45,22.555,540,0
FLN.US,5,20251210,212000,22.68,22.68,22.68,22.68,18159,0
FLN.US,5,20251211,171500,22.93,22.93,22.93,22.93,4942,0
FLN.US,5,20251211,185500,22.95,22.95,22.95,22.95,3936,0
FLN.US,5,20251211,200500,22.915,22.915,22.91,22.91,212,0
FLN.US,5,20251211,210000,23.01,23.01,23.01,23.01,200,0
FLN.US,5,20251211,210500,23.01,23.01,23.01,23.01,100,0
FLN.US,5,20251211,211000,23.02,23.02,23.01,23.01,1821,0
FLN.US,5,20251212,171000,22.5566,22.5566,22.5566,22.5566,100,0
FLN.US,5,20251212,180000,22.625,22.625,22.625,22.625,200,0
FLN.US,5,20251212,185000,22.73,22.73,22.73,22.73,389,0
FLN.US,5,20251212,203500,22.79,22.79,22.79,22.79,572,0
FLN.US,5,20251212,211000,22.83,22.9,22.83,22.84,18100,0
FLN.US,5,20251215,153000,23.3,23.3,23.3,23.3,1137,0
FLN.US,5,20251215,153500,23.05,23.06,23.05,23.06,5000,0
FLN.US,5,20251215,154500,23.01,23.01,23.01,23.01,284,0
FLN.US,5,20251215,162000,22.9187,22.9187,22.9187,22.9187,100,0
FLN.US,5,20251215,163000,22.96,22.96,22.96,22.96,100,0
FLN.US,5,20251215,164500,22.6901,22.6901,22.6901,22.6901,445,0
FLN.US,5,20251215,175000,23.06,23.06,23.06,23.06,100,0
FLN.US,5,20251215,200500,22.95,22.95,22.95,22.95,200,0
FLN.US,5,20251215,204000,22.95,22.95,22.8,22.8,580,0
FLN.US,5,20251216,153500,22.66,22.66,22.66,22.66,100,0
FLN.US,5,20251216,162500,22.5,22.5,22.5,22.5,300,0
FLN.US,5,20251216,165000,22.365,22.365,22.365,22.365,723,0
FLN.US,5,20251216,172000,22.21,22.32,22.21,22.3,2017,0
FLN.US,5,20251216,200500,22.454424,22.454424,22.454424,22.454424,630,0
FLN.US,5,20251217,161000,21.87,21.87,21.87,21.87,100,0
FLN.US,5,20251217,165500,21.82,21.82,21.82,21.82,100,0
FLN.US,5,20251217,170000,21.89,21.89,21.89,21.89,1000,0
FLN.US,5,20251217,175000,21.8154,21.8154,21.8154,21.8154,1436,0
FLN.US,5,20251217,195500,21.96,21.96,21.96,21.96,559,0
FLN.US,5,20251217,202500,21.815,21.815,21.815,21.815,682,0
FLN.US,5,20251217,204000,21.79,21.79,21.79,21.79,304,0
FLN.US,5,20251217,204500,21.77,21.7701,21.67,21.67,400,0
FLN.US,5,20251217,211000,21.8,21.8,21.8,21.8,100,0
FLN.US,5,20251219,200500,22.365,22.365,22.365,22.365,319,0
FLN.US,5,20251219,201500,22.37,22.37,22.37,22.37,100,0
FLN.US,5,20251219,214000,22.29,22.29,22.29,22.29,100,0
FLN.US,5,20251219,215000,22.3,22.3,22.3,22.3,100,0
FLN.US,5,20251219,215500,22.4199,22.4199,22.4199,22.4199,332,0
FLN.US,5,20251222,153500,22.1883,22.1883,22.1883,22.1883,706,0
FLN.US,5,20251222,154000,22.16,22.16,22.16,22.16,224,0
FLN.US,5,20251222,155000,22.19,22.22,22.19,22.22,375,0
FLN.US,5,20251222,161500,22.29,22.29,22.29,22.29,100,0
FLN.US,5,20251222,164000,22.24,22.24,22.24,22.24,100,0
FLN.US,5,20251222,212000,22.1,22.1,22.1,22.1,1000,0
