<TICKER>,<PER>,<DATE>,<TIME>,<OPEN>,<HIGH>,<LOW>,<CLOSE>,<VOL>,<OPENINT>
HEAL.US,5,20250728,153000,31.95,31.95,31.95,31.95,75.3333333258,0
HEAL.US,5,20250728,155500,31.875,31.875,31.875,31.875,99.99999998999999,0
HEAL.US,5,20250728,160000,31.8552,31.8552,31.8552,31.8552,172.66666664939999,0
HEAL.US,5,20250728,162500,31.86,31.86,31.86,31.86,133.33333331999998,0
HEAL.US,5,20250728,163000,31.8234,31.8234,31.8234,31.8234,161.6666666505,0
HEAL.US,5,20250728,180500,31.86,31.8603,31.86,31.8603,266.66666663999996,0
HEAL.US,5,20250728,182500,31.905,31.905,31.905,31.905,82.3333333251,0
HEAL.US,5,20250728,183500,31.8303,31.8303,31.8303,31.8303,57.999999994199996,0
HEAL.US,5,20250728,190500,31.95,31.9782,31.95,31.9782,996.666666567,0
HEAL.US,5,20250728,191500,31.95,31.95,31.905,31.905,99.99999998999999,0
HEAL.US,5,20250728,193000,31.905,31.905,31.905,31.905,33.333333329999995,0
HEAL.US,5,20250728,195000,31.86,31.86,31.86,31.86,66.66666665999999,0
HEAL.US,5,20250728,202000,31.887,31.887,31.86,31.86,681.9999999318,0
HEAL.US,5,20250728,204000,31.89,31.89,31.89,31.89,66.66666665999999,0
HEAL.US,5,20250728,211500,31.86,31.86,31.86,31.86,33.333333329999995,0
HEAL.US,5,20250729,154500,31.905,31.905,31.905,31.905,33.333333329999995,0
HEAL.US,5,20250729,155500,31.86,31.8603,31.7712,31.7712,193.333333314,0
HEAL.US,5,20250729,162000,31.875,31.875,31.875,31.875,53.999999994599996,0
HEAL.US,5,20250729,172000,31.77,31.77,31.77,31.77,99.99999998999999,0
HEAL.US,5,20250729,180000,31.86,31.86,31.86,31.86,33.333333329999995,0
HEAL.US,5,20250729,184500,31.74,31.7982,31.71,31.7982,333.3333333,0
HEAL.US,5,20250729,185500,31.7982,31.7982,31.7982,31.7982,166.66666665,0
HEAL.US,5,20250729,192000,31.77,31.77,31.77,31.77,33.333333329999995,0
HEAL.US,5,20250729,192500,31.6638,31.6638,31.6638,31.6638,166.66666665,0
HEAL.US,5,20250729,204000,31.8,31.89,31.8,31.815,342.3333332991,0
HEAL.US,5,20250729,211500,31.89,31.89,31.815,31.866,695.3333332638,0
HEAL.US,5,20250729,212000,31.89,31.89,31.803,31.815,193.333333314,0
HEAL.US,5,20250729,212500,31.815,31.89,31.815,31.815,819.999999918,0
HEAL.US,5,20250729,213500,31.74,31.74,31.74,31.74,66.66666665999999,0
HEAL.US,5,20250729,214000,31.68,31.68,31.68,31.68,33.333333329999995,0
HEAL.US,5,20250730,153000,31.56,31.56,31.56,31.56,191.6666666475,0
HEAL.US,5,20250730,163500,31.68,31.68,31.59,31.68,359.999999964,0
HEAL.US,5,20250730,164000,31.77,31.77,31.77,31.77,99.99999998999999,0
HEAL.US,5,20250730,171500,31.71,31.71,31.71,31.71,33.333333329999995,0
HEAL.US,5,20250730,174500,31.8222,31.8222,31.8222,31.8222,72.33333332609999,0
HEAL.US,5,20250730,181500,31.7283,31.7283,31.7283,31.7283,42.6666666624,0
HEAL.US,5,20250730,191000,31.815,31.815,31.815,31.815,77.99999999219999,0
HEAL.US,5,20250730,192500,31.86,31.86,31.86,31.86,119.6666666547,0
HEAL.US,5,20250730,193500,31.92,31.92,31.92,31.92,166.66666665,0
HEAL.US,5,20250730,201500,31.905,31.905,31.905,31.905,166.66666665,0
HEAL.US,5,20250730,203500,31.8147,31.8147,31.8147,31.8147,64.6666666602,0
HEAL.US,5,20250730,204000,31.8,31.8,31.8,31.8,133.33333331999998,0
HEAL.US,5,20250730,204500,31.887,31.887,31.8867,31.8867,118.99999998809999,0
HEAL.US,5,20250730,205500,31.62,31.62,31.62,31.62,33.333333329999995,0
HEAL.US,5,20250730,210000,31.575,31.6038,31.575,31.6038,833.3333332499999,0
HEAL.US,5,20250730,210500,31.5,31.5,31.5,31.5,166.66666665,0
HEAL.US,5,20250730,215000,31.515,31.515,31.515,31.515,33.333333329999995,0
HEAL.US,5,20250731,153000,31.59,31.59,31.59,31.59,99.99999998999999,0
HEAL.US,5,20250731,154000,31.53,31.53,31.53,31.53,85.3333333248,0
HEAL.US,5,20250731,160000,31.7718,31.7718,31.7718,31.7718,41.6666666625,0
HEAL.US,5,20250731,174500,31.785,31.785,31.785,31.785,133.33333331999998,0
HEAL.US,5,20250731,181500,31.8,31.8,31.8,31.8,133.33333331999998,0
HEAL.US,5,20250731,185000,31.815,31.815,31.815,31.815,39.999999996,0
HEAL.US,5,20250731,190500,31.815,31.815,31.815,31.815,499.99999994999996,0
HEAL.US,5,20250731,195000,31.68,31.68,31.68,31.68,33.333333329999995,0
HEAL.US,5,20250731,202000,31.62,31.95,31.62,31.68,1816.666666485,0
HEAL.US,5,20250731,202500,31.68,31.68,31.68,31.68,33.333333329999995,0
HEAL.US,5,20250731,205000,31.68,31.68,31.68,31.68,799.9999999199999,0
HEAL.US,5,20250731,210000,31.65,31.65,31.56,31.56,133.33333331999998,0
HEAL.US,5,20250731,211500,31.5,31.5,31.5,31.5,33.333333329999995,0
HEAL.US,5,20250731,213000,31.35,31.35,31.35,31.35,33.333333329999995,0
HEAL.US,5,20250731,213500,31.407,31.407,31.2,31.2,333.3333333,0
HEAL.US,5,20250731,214000,31.407,31.41,31.407,31.407,133.33333331999998,0
HEAL.US,5,20250731,214500,31.41,31.41,31.308,31.308,133.33333331999998,0
HEAL.US,5,20250731,215500,31.275,31.35,31.23,31.23,799.9999999199999,0
HEAL.US,5,20250801,153000,31.2,31.2,31.2,31.2,33.333333329999995,0
HEAL.US,5,20250801,154000,30.9303,30.96,30.9303,30.96,216.666666645,0
HEAL.US,5,20250801,154500,30.93,30.93,30.93,30.93,66.66666665999999,0
HEAL.US,5,20250801,160500,30.6,30.6303,30.6,30.6003,199.99999997999998,0
HEAL.US,5,20250801,164000,30.996,30.996,30.996,30.996,129.6666666537,0
HEAL.US,5,20250801,170000,30.9,30.9,30.9,30.9,48.3333333285,0
HEAL.US,5,20250801,175500,30.96,30.96,30.9,30.9,66.66666665999999,0
HEAL.US,5,20250801,183000,31.08,31.08,31.08,31.08,66.66666665999999,0
HEAL.US,5,20250801,183500,31.0833,31.1259,31.0833,31.1259,233.33333330999997,0
HEAL.US,5,20250801,184000,31.17,31.17,31.0821,31.0821,399.99999995999997,0
HEAL.US,5,20250801,184500,31.065,31.065,31.065,31.065,166.66666665,0
HEAL.US,5,20250801,185000,31.065,31.065,31.065,31.065,666.6666666,0
HEAL.US,5,20250801,185500,30.96,30.96,30.96,30.96,99.99999998999999,0
HEAL.US,5,20250801,192500,30.9843,30.9843,30.9843,30.9843,166.66666665,0
HEAL.US,5,20250801,194500,31.0455,31.0455,30.945,31.02,1169.6666665496998,0
HEAL.US,5,20250801,195000,30.99,30.99,30.99,30.99,4182.9999995817,0
HEAL.US,5,20250801,200000,30.915,30.915,30.915,30.915,66.66666665999999,0
HEAL.US,5,20250801,200500,30.915,30.915,30.915,30.915,99.99999998999999,0
HEAL.US,5,20250801,205500,30.87,30.87,30.87,30.87,199.99999997999998,0
HEAL.US,5,20250801,211000,30.87,30.96,30.87,30.96,116.66666665499999,0
HEAL.US,5,20250801,213000,30.9711,30.9711,30.9711,30.9711,99.99999998999999,0
HEAL.US,5,20250801,213500,30.96,30.96,30.951,30.951,133.33333331999998,0
HEAL.US,5,20250801,214000,30.96,30.96,30.96,30.96,66.66666665999999,0
HEAL.US,5,20250801,215000,30.993,30.993,30.993,30.993,43.333333329,0
HEAL.US,5,20250801,215500,30.96,30.96,30.96,30.96,33.333333329999995,0
HEAL.US,5,20250804,153000,31.08,31.47,31.08,31.23,1031.9999998967999,0
HEAL.US,5,20250804,153500,31.23,31.29,31.23,31.29,66.66666665999999,0
HEAL.US,5,20250804,155000,31.23,31.29,31.23,31.29,66.66666665999999,0
HEAL.US,5,20250804,155500,31.32,31.32,31.29,31.29,66.66666665999999,0
HEAL.US,5,20250804,160000,31.35,31.35,31.35,31.35,133.33333331999998,0
HEAL.US,5,20250804,160500,31.32,31.32,31.32,31.32,49.999999994999996,0
HEAL.US,5,20250804,161000,31.32,31.32,31.32,31.32,99.99999998999999,0
HEAL.US,5,20250804,161500,31.32,31.32,31.32,31.32,33.333333329999995,0
HEAL.US,5,20250804,162000,31.3086,31.3086,31.3086,31.3086,40.9999999959,0
HEAL.US,5,20250804,163000,31.365,31.365,31.365,31.365,99.99999998999999,0
HEAL.US,5,20250804,164000,31.365,31.365,31.365,31.365,67.3333333266,0
HEAL.US,5,20250804,165000,31.365,31.365,31.23,31.26,3169.3333330163996,0
HEAL.US,5,20250804,174000,31.3887,31.47,31.3887,31.47,266.66666663999996,0
HEAL.US,5,20250804,175000,31.47,31.47,31.47,31.47,133.33333331999998,0
HEAL.US,5,20250804,181000,31.5,31.5,31.5,31.5,166.66666665,0
HEAL.US,5,20250804,181500,31.485,31.485,31.485,31.485,67.99999999319999,0
HEAL.US,5,20250804,182500,31.5,31.5,31.5,31.5,240.33333330929997,0
HEAL.US,5,20250804,183500,31.5,31.5,31.5,31.5,99.99999998999999,0
HEAL.US,5,20250804,185500,31.5,31.5,31.5,31.5,107.99999998919999,0
HEAL.US,5,20250804,190000,31.5,31.5,31.5,31.5,66.66666665999999,0
HEAL.US,5,20250804,190500,31.5,31.5,31.5,31.5,99.99999998999999,0
HEAL.US,5,20250804,192000,31.515,31.515,31.515,31.515,166.66666665,0
HEAL.US,5,20250804,192500,31.515,31.515,31.515,31.515,33.333333329999995,0
HEAL.US,5,20250804,194500,31.515,31.515,31.515,31.515,66.66666665999999,0
HEAL.US,5,20250804,200500,31.515,31.515,31.515,31.515,33.333333329999995,0
HEAL.US,5,20250804,201000,31.515,31.515,31.515,31.515,33.333333329999995,0
HEAL.US,5,20250804,202000,31.59,31.92,31.515,31.59,3822.3333329510997,0
HEAL.US,5,20250804,203000,31.65,31.65,31.59,31.59,2325.9999997674,0
HEAL.US,5,20250804,204000,31.59,31.62,31.53,31.53,293.99999997059996,0
HEAL.US,5,20250804,204500,31.53,31.53,31.53,31.53,33.333333329999995,0
HEAL.US,5,20250804,205000,31.53,31.53,31.53,31.53,99.99999998999999,0
HEAL.US,5,20250804,205500,31.53,31.53,31.53,31.53,66.66666665999999,0
HEAL.US,5,20250804,210500,31.62,31.89,31.59,31.86,2380.9999997618997,0
HEAL.US,5,20250804,211500,31.65,31.65,31.65,31.65,66.66666665999999,0
HEAL.US,5,20250804,212000,31.65,31.65,31.65,31.65,33.333333329999995,0
HEAL.US,5,20250804,212500,31.65,31.74,31.65,31.65,666.6666666,0
HEAL.US,5,20250804,213000,31.74,31.74,31.62,31.62,2083.333333125,0
HEAL.US,5,20250804,213500,31.62,31.62,31.62,31.62,266.66666663999996,0
HEAL.US,5,20250804,214000,31.62,31.62,31.62,31.62,33.333333329999995,0
HEAL.US,5,20250804,214500,31.53,31.65,31.53,31.575,783.333333255,0
HEAL.US,5,20250804,215000,31.53,31.53,31.53,31.53,66.66666665999999,0
HEAL.US,5,20250804,215500,31.47,31.485,31.47,31.485,166.66666665,0
HEAL.US,5,20250805,154000,30.6,30.6,30.6,30.6,33.333333329999995,0
HEAL.US,5,20250805,154500,30.675,30.9,30.675,30.7908,499.99999994999996,0
HEAL.US,5,20250805,161000,30.96,30.96,30.96,30.96,64.33333332689999,0
HEAL.US,5,20250805,162000,30.825,30.825,30.825,30.825,33.333333329999995,0
HEAL.US,5,20250805,163500,30.7749,30.7749,30.7749,30.7749,166.66666665,0
HEAL.US,5,20250805,171500,30.78,30.78,30.75,30.75,83.333333325,0
HEAL.US,5,20250805,192000,30.5889,30.5889,30.5889,30.5889,71.33333332619999,0
HEAL.US,5,20250805,195000,30.66,30.66,30.66,30.66,33.333333329999995,0
HEAL.US,5,20250805,201000,30.57,30.66,30.57,30.63,2466.6666664199997,0
HEAL.US,5,20250805,202500,30.57,30.63,30.57,30.57,174.33333331589998,0
HEAL.US,5,20250805,203000,30.5115,30.54,30.5115,30.54,126.666666654,0
HEAL.US,5,20250805,210000,30.51,30.51,30.51,30.51,33.333333329999995,0
HEAL.US,5,20250806,153000,30.36,30.36,29.91,30.165,727.3333332605999,0
HEAL.US,5,20250806,153500,30.18,30.18,30.18,30.18,33.333333329999995,0
HEAL.US,5,20250806,154500,30.18,30.18,30.18,30.18,66.66666665999999,0
HEAL.US,5,20250806,161500,30.0675,30.078,30.0675,30.075,666.6666666,0
HEAL.US,5,20250806,165500,29.9706,29.9706,29.9706,29.9706,587.9999999411999,0
HEAL.US,5,20250806,170000,29.97,29.97,29.97,29.97,33.333333329999995,0
HEAL.US,5,20250806,170500,29.7615,29.7615,29.7615,29.7615,61.6666666605,0
HEAL.US,5,20250806,172000,29.907,29.907,29.907,29.907,38.999999996099994,0
HEAL.US,5,20250806,175000,29.9682,29.9682,29.9682,29.9682,142.66666665239998,0
HEAL.US,5,20250806,184500,29.85,29.85,29.85,29.85,166.66666665,0
HEAL.US,5,20250806,202500,29.925,29.925,29.925,29.925,391.9999999608,0
HEAL.US,5,20250806,203000,29.8851,29.925,29.8851,29.925,566.66666661,0
HEAL.US,5,20250806,204000,29.895,29.895,29.895,29.895,99.99999998999999,0
HEAL.US,5,20250806,205500,29.9802,29.9802,29.9802,29.9802,33.333333329999995,0
HEAL.US,5,20250806,211500,29.9703,29.9703,29.9703,29.9703,154.9999999845,0
HEAL.US,5,20250806,214000,29.895,29.895,29.895,29.895,33.333333329999995,0
HEAL.US,5,20250807,153000,30.15,30.15,30.15,30.15,157.9999999842,0
HEAL.US,5,20250807,162000,30.03,30.03,30.03,30.03,66.66666665999999,0
HEAL.US,5,20250807,163500,30.069,30.069,30.069,30.069,72.33333332609999,0
HEAL.US,5,20250807,172000,29.9244,29.9244,29.9244,29.9244,78.33333332549999,0
HEAL.US,5,20250807,173500,29.94,29.9715,29.94,29.9715,199.99999997999998,0
HEAL.US,5,20250807,174000,29.85,29.85,29.85,29.85,669.9999999329999,0
HEAL.US,5,20250807,175000,29.8623,29.88,29.8623,29.88,134.3333333199,0
HEAL.US,5,20250807,180500,29.805,29.805,29.805,29.805,33.333333329999995,0
HEAL.US,5,20250807,191000,29.7792,29.7792,29.7792,29.7792,67.6666666599,0
HEAL.US,5,20250807,191500,29.76,29.76,29.76,29.76,105.66666665609999,0
HEAL.US,5,20250807,202000,29.76,29.76,29.76,29.76,333.3333333,0
HEAL.US,5,20250808,154500,30.27,30.27,30.27,30.27,43.666666662299995,0
HEAL.US,5,20250808,162000,30.36,30.36,30.36,30.36,119.999999988,0
HEAL.US,5,20250808,164500,30.4646,30.4646,30.4646,30.4646,68.99999999309999,0
HEAL.US,5,20250808,165500,30.27,30.27,30.27,30.27,35.9999999964,0
HEAL.US,5,20250808,172000,30.24,30.24,30.24,30.24,33.333333329999995,0
HEAL.US,5,20250808,173500,30.3213,30.3213,30.3213,30.3213,166.66666665,0
HEAL.US,5,20250808,174500,30.24,30.24,30.2115,30.2115,158.33333331749998,0
HEAL.US,5,20250808,175500,30.315,30.315,30.315,30.315,333.3333333,0
HEAL.US,5,20250808,183500,30.285,30.285,30.285,30.285,33.333333329999995,0
HEAL.US,5,20250808,191000,30.3,30.33,30.3,30.33,389.99999996099996,0
HEAL.US,5,20250808,192000,30.3,30.3,30.3,30.3,35.9999999964,0
HEAL.US,5,20250808,194000,30.3,30.3,30.3,30.3,33.333333329999995,0
HEAL.US,5,20250808,200000,30.3,30.3,30.3,30.3,33.333333329999995,0
HEAL.US,5,20250808,202000,30.3,30.3,30.3,30.3,34.6666666632,0
HEAL.US,5,20250808,204000,30.345,30.345,30.345,30.345,33.333333329999995,0
HEAL.US,5,20250808,210000,30.33,30.33,30.33,30.33,33.333333329999995,0
HEAL.US,5,20250808,212000,30.33,30.33,30.33,30.33,96.666666657,0
HEAL.US,5,20250808,214500,30.5355,30.5355,30.5355,30.5355,79.999999992,0
HEAL.US,5,20250811,153000,30.36,30.45,30.3,30.45,1265.9999998734,0
HEAL.US,5,20250811,160000,30.48,30.48,30.48,30.48,33.333333329999995,0
HEAL.US,5,20250811,162000,30.51,30.51,30.51,30.51,33.333333329999995,0
HEAL.US,5,20250811,162500,30.597,30.597,30.597,30.597,396.666666627,0
HEAL.US,5,20250811,164500,30.51,30.51,30.51,30.51,66.66666665999999,0
HEAL.US,5,20250811,172000,30.48,30.48,30.48,30.48,33.333333329999995,0
HEAL.US,5,20250811,175500,30.525,30.54,30.51,30.54,302.99999996969996,0
HEAL.US,5,20250811,180500,30.54,30.54,30.54,30.54,333.3333333,0
HEAL.US,5,20250811,183000,30.5646,30.5646,30.5646,30.5646,666.6666666,0
HEAL.US,5,20250811,183500,30.48,30.48,30.48,30.48,33.333333329999995,0
HEAL.US,5,20250811,184000,30.48,30.48,30.48,30.48,33.333333329999995,0
HEAL.US,5,20250811,184500,30.51,30.51,30.51,30.51,33.333333329999995,0
HEAL.US,5,20250811,191000,30.42,30.42,30.39,30.39,648.9999999350999,0
HEAL.US,5,20250811,191500,30.42,30.42,30.42,30.42,666.6666666,0
HEAL.US,5,20250811,195000,30.4413,30.4413,30.4413,30.4413,33.333333329999995,0
HEAL.US,5,20250811,202000,30.36,30.3603,30.36,30.3603,66.66666665999999,0
HEAL.US,5,20250811,211500,30.51,30.51,30.33,30.36,1366.66666653,0
HEAL.US,5,20250811,214000,30.405,30.45,30.405,30.45,349.999999965,0
HEAL.US,5,20250811,215000,30.405,30.405,30.405,30.405,99.99999998999999,0
HEAL.US,5,20250812,153500,30.39,30.54,30.39,30.54,215.99999997839998,0
HEAL.US,5,20250812,160000,30.36,30.36,30.3318,30.3318,166.66666665,0
HEAL.US,5,20250812,161500,30.36,30.45,30.36,30.36,166.66666665,0
HEAL.US,5,20250812,172500,30.51,30.51,30.51,30.51,166.66666665,0
HEAL.US,5,20250812,181500,30.4932,30.4932,30.4932,30.4932,144.66666665219998,0
HEAL.US,5,20250812,183500,30.525,30.525,30.525,30.525,399.99999995999997,0
HEAL.US,5,20250812,191500,30.45,30.45,30.45,30.45,162.99999998369998,0
HEAL.US,5,20250812,192500,30.63,30.6582,30.63,30.6582,325.3333333008,0
HEAL.US,5,20250812,195000,30.585,30.585,30.585,30.585,33.333333329999995,0
HEAL.US,5,20250812,205000,30.69,30.69,30.66,30.69,666.6666666,0
HEAL.US,5,20250812,205500,30.5025,30.5025,30.5025,30.5025,99.99999998999999,0
HEAL.US,5,20250812,212500,30.81,30.81,30.81,30.81,92.3333333241,0
HEAL.US,5,20250812,213000,30.72,30.75,30.621,30.621,363.66666663029997,0
HEAL.US,5,20250813,153000,30.72,30.75,30.72,30.75,482.33333328509997,0
HEAL.US,5,20250813,154000,30.81,30.81,30.7818,30.7818,74.66666665919999,0
HEAL.US,5,20250813,154500,31.032,31.032,31.032,31.032,66.66666665999999,0
HEAL.US,5,20250813,155000,30.96,30.96,30.96,30.96,58.6666666608,0
HEAL.US,5,20250813,160500,31.035,31.035,31.035,31.035,38.3333333295,0
HEAL.US,5,20250813,163500,30.96,30.96,30.96,30.96,33.333333329999995,0
HEAL.US,5,20250813,165000,30.96,31.0497,30.96,31.0497,533.3333332799999,0
HEAL.US,5,20250813,172000,30.9678,30.9678,30.9678,30.9678,66.9999999933,0
HEAL.US,5,20250813,172500,31.1154,31.23,31.1154,31.23,1108.9999998890999,0
HEAL.US,5,20250813,174000,31.2057,31.2057,31.2057,31.2057,666.6666666,0
HEAL.US,5,20250813,183500,31.0488,31.0488,31.0488,31.0488,76.99999999229999,0
HEAL.US,5,20250813,194000,31.2018,31.2018,31.2018,31.2018,99.99999998999999,0
HEAL.US,5,20250813,203500,31.356,31.356,31.356,31.356,61.333333327199995,0
HEAL.US,5,20250813,210000,31.3272,31.3272,31.3272,31.3272,80.9999999919,0
HEAL.US,5,20250813,210500,31.32,31.377,31.2,31.377,333.3333333,0
HEAL.US,5,20250814,153000,30.9,30.9,30.9,30.9,220.9999999779,0
HEAL.US,5,20250814,160500,30.9,30.9,30.9,30.9,33.6666666633,0
HEAL.US,5,20250814,181500,30.9,30.9,30.9,30.9,133.33333331999998,0
HEAL.US,5,20250814,190500,30.99,31.02,30.9339,30.9339,666.6666666,0
HEAL.US,5,20250814,192500,30.885,30.885,30.885,30.885,130.99999998689998,0
HEAL.US,5,20250814,193500,30.93,30.93,30.93,30.93,33.333333329999995,0
HEAL.US,5,20250814,201000,30.7806,30.7806,30.7806,30.7806,78.33333332549999,0
HEAL.US,5,20250814,211000,30.975,30.975,30.975,30.975,199.99999997999998,0
HEAL.US,5,20250814,212000,30.99,30.99,30.99,30.99,94.9999999905,0
HEAL.US,5,20250814,214500,31.14,31.167,31.08,31.167,233.33333330999997,0
HEAL.US,5,20250815,153000,31.05,31.05,31.05,31.05,1136.3333332196999,0
HEAL.US,5,20250815,171500,31.44,31.44,31.44,31.44,166.66666665,0
HEAL.US,5,20250815,172500,31.23,31.23,31.2,31.2,195.9999999804,0
HEAL.US,5,20250815,175500,31.335,31.335,31.335,31.335,47.3333333286,0
HEAL.US,5,20250815,182000,31.2,31.2,31.2,31.2,44.3333333289,0
HEAL.US,5,20250815,192500,31.548,31.548,31.548,31.548,66.66666665999999,0
HEAL.US,5,20250815,201000,31.5,31.5864,31.5,31.5,166.66666665,0
HEAL.US,5,20250815,202500,31.5,31.5,31.32,31.32,141.9999999858,0
HEAL.US,5,20250815,204500,31.53,31.53,31.53,31.53,33.333333329999995,0
HEAL.US,5,20250815,210500,31.323,31.323,31.323,31.323,33.333333329999995,0
HEAL.US,5,20250815,211000,31.434,31.434,31.434,31.434,66.66666665999999,0
HEAL.US,5,20250815,211500,31.3845,31.3845,31.3845,31.3845,49.999999994999996,0
HEAL.US,5,20250815,212000,31.41,31.41,31.41,31.41,50.6666666616,0
HEAL.US,5,20250815,212500,31.434,31.434,31.434,31.434,99.99999998999999,0
HEAL.US,5,20250815,213000,31.4304,31.4304,31.4304,31.4304,33.333333329999995,0
HEAL.US,5,20250815,215000,31.29,31.29,31.29,31.29,33.333333329999995,0
HEAL.US,5,20250815,215500,31.29,31.29,31.29,31.29,33.333333329999995,0
HEAL.US,5,20250818,153000,31.29,31.29,31.29,31.29,42.999999995699994,0
HEAL.US,5,20250818,155000,31.59,31.68,31.59,31.68,199.99999997999998,0
HEAL.US,5,20250818,164000,31.6764,31.6764,31.6764,31.6764,33.333333329999995,0
HEAL.US,5,20250818,164500,31.83,31.83,31.56,31.56,66.66666665999999,0
HEAL.US,5,20250818,165000,31.8567,31.8567,31.6695,31.6695,208.33333331249997,0
HEAL.US,5,20250818,171000,31.695,31.695,31.695,31.695,49.999999994999996,0
HEAL.US,5,20250818,173000,31.56,31.56,31.56,31.56,33.333333329999995,0
HEAL.US,5,20250818,174500,31.56,31.56,31.56,31.56,55.666666661099995,0
HEAL.US,5,20250818,175500,31.56,31.56,31.56,31.56,33.333333329999995,0
HEAL.US,5,20250818,204500,31.77,31.77,31.77,31.77,33.333333329999995,0
HEAL.US,5,20250819,153000,31.68,31.68,31.68,31.68,64.33333332689999,0
HEAL.US,5,20250819,153500,31.7076,31.7076,31.7076,31.7076,99.99999998999999,0
HEAL.US,5,20250819,155000,31.71,31.77,31.71,31.77,221.99999997779997,0
HEAL.US,5,20250819,160000,31.6041,31.6041,31.6041,31.6041,120.6666666546,0
HEAL.US,5,20250819,162500,31.65,31.65,31.65,31.65,33.333333329999995,0
HEAL.US,5,20250819,164500,31.74,31.74,31.71,31.74,99.99999998999999,0
HEAL.US,5,20250819,165500,31.59,31.59,31.59,31.59,33.333333329999995,0
HEAL.US,5,20250819,174000,31.47,31.47,31.47,31.47,99.99999998999999,0
HEAL.US,5,20250819,182000,31.4055,31.4055,31.4055,31.4055,83.333333325,0
HEAL.US,5,20250819,185500,31.23,31.23,31.23,31.23,33.333333329999995,0
HEAL.US,5,20250819,191000,31.365,31.365,31.29,31.32,424.9999999575,0
HEAL.US,5,20250819,192500,31.41,31.437,31.41,31.437,222.33333331109998,0
HEAL.US,5,20250819,195000,31.284,31.284,31.284,31.284,166.66666665,0
HEAL.US,5,20250819,204500,31.44,31.4532,31.41,31.44,2396.6666664269997,0
HEAL.US,5,20250819,211500,31.3203,31.3203,31.32,31.32,202.33333331309998,0
HEAL.US,5,20250819,213500,31.173,31.173,31.173,31.173,1289.999999871,0
HEAL.US,5,20250819,214000,31.32,31.44,31.17,31.17,316.66666663499996,0
HEAL.US,5,20250819,214500,31.2,31.2,31.2,31.2,33.333333329999995,0
HEAL.US,5,20250819,215000,31.2,31.2,31.2,31.2,33.333333329999995,0
HEAL.US,5,20250820,153000,31.08,31.08,31.08,31.08,138.6666666528,0
HEAL.US,5,20250820,161000,30.99,30.99,30.81,30.81,133.33333331999998,0
HEAL.US,5,20250820,161500,30.8283,30.8283,30.8283,30.8283,33.333333329999995,0
HEAL.US,5,20250820,163000,30.81,30.81,30.81,30.81,33.333333329999995,0
HEAL.US,5,20250820,164000,30.8469,30.8469,30.8469,30.8469,41.333333329199995,0
HEAL.US,5,20250820,181000,30.8496,30.8496,30.8496,30.8496,66.66666665999999,0
HEAL.US,5,20250820,211000,31.257,31.26,31.257,31.26,166.66666665,0
HEAL.US,5,20250820,214000,31.29,31.29,31.29,31.29,157.6666666509,0
HEAL.US,5,20250821,153000,31.08,31.08,31.08,31.08,198.3333333135,0
HEAL.US,5,20250821,161500,31.29,31.29,31.29,31.29,33.333333329999995,0
HEAL.US,5,20250821,170000,31.272,31.272,31.272,31.272,33.333333329999995,0
HEAL.US,5,20250821,185500,31.44,31.44,31.44,31.44,33.333333329999995,0
HEAL.US,5,20250821,192500,31.23,31.23,31.23,31.23,33.333333329999995,0
HEAL.US,5,20250821,203000,31.32,31.32,31.32,31.32,37.333333329599995,0
HEAL.US,5,20250821,205000,31.284,31.284,31.284,31.284,476.33333328569995,0
HEAL.US,5,20250821,215500,31.3326,31.3326,31.3326,31.3326,33.333333329999995,0
HEAL.US,5,20250822,160000,31.62,31.65,31.62,31.65,132.6666666534,0
HEAL.US,5,20250822,160500,31.74,31.74,31.74,31.74,199.99999997999998,0
HEAL.US,5,20250822,161000,31.8,32.07,31.8,32.07,156.66666665099999,0
HEAL.US,5,20250822,180500,32.01,32.01,32.01,32.01,33.333333329999995,0
HEAL.US,5,20250822,192500,32.067,32.07,32.067,32.07,99.99999998999999,0
HEAL.US,5,20250822,193000,32.07,32.07,32.07,32.07,323.6666666343,0
HEAL.US,5,20250822,200500,31.98,31.98,31.98,31.98,333.3333333,0
HEAL.US,5,20250822,215500,32.07,32.07,32.07,32.07,587.3333332745999,0
HEAL.US,5,20250825,153000,32.04,32.04,31.86,32.01,450.9999999549,0
HEAL.US,5,20250825,155500,32.007,32.01,32.007,32.01,153.333333318,0
HEAL.US,5,20250825,163500,32.0082,32.0082,32.0082,32.0082,316.66666663499996,0
HEAL.US,5,20250825,164500,31.98,31.98,31.98,31.98,233.33333330999997,0
HEAL.US,5,20250825,165000,31.86,31.86,31.86,31.86,33.333333329999995,0
HEAL.US,5,20250825,165500,31.95,31.95,31.83,31.83,66.66666665999999,0
HEAL.US,5,20250825,171000,31.83,31.83,31.83,31.83,66.66666665999999,0
HEAL.US,5,20250825,173500,31.83,31.83,31.83,31.83,333.3333333,0
HEAL.US,5,20250825,174000,31.86,31.89,31.86,31.89,499.99999994999996,0
HEAL.US,5,20250825,174500,31.83,31.86,31.815,31.815,433.33333329,0
HEAL.US,5,20250825,175500,31.815,31.815,31.815,31.815,33.333333329999995,0
HEAL.US,5,20250825,180500,31.8225,31.8225,31.8225,31.8225,49.999999994999996,0
HEAL.US,5,20250825,181500,31.83,31.86,31.83,31.86,333.3333333,0
HEAL.US,5,20250825,182000,31.74,31.74,31.74,31.74,33.333333329999995,0
HEAL.US,5,20250825,184500,31.7958,31.7958,31.7958,31.7958,99.99999998999999,0
HEAL.US,5,20250825,185000,31.8375,31.8375,31.8375,31.8375,33.333333329999995,0
HEAL.US,5,20250825,190500,31.74,31.74,31.74,31.74,33.333333329999995,0
HEAL.US,5,20250825,193500,31.815,31.815,31.815,31.815,63.9999999936,0
HEAL.US,5,20250825,194000,31.74,31.74,31.74,31.74,116.66666665499999,0
HEAL.US,5,20250825,200500,31.8,31.8,31.74,31.7928,699.99999993,0
HEAL.US,5,20250825,203500,31.6923,31.6923,31.6923,31.6923,166.66666665,0
HEAL.US,5,20250825,204500,31.74,31.74,31.59,31.59,366.66666662999995,0
HEAL.US,5,20250825,210000,31.74,31.74,31.71,31.74,493.333333284,0
HEAL.US,5,20250825,210500,31.56,31.7091,31.56,31.68,366.66666662999995,0
HEAL.US,5,20250825,211000,31.56,31.56,31.56,31.56,499.99999994999996,0
HEAL.US,5,20250825,211500,31.68,31.68,31.68,31.68,466.66666661999994,0
HEAL.US,5,20250825,213500,31.605,31.605,31.605,31.605,33.333333329999995,0
HEAL.US,5,20250825,214500,31.605,31.71,31.5,31.71,399.99999995999997,0
HEAL.US,5,20250826,153000,31.47,31.47,31.47,31.47,161.6666666505,0
HEAL.US,5,20250826,165500,31.53,31.53,31.53,31.53,33.333333329999995,0
HEAL.US,5,20250826,173000,31.434,31.434,31.4124,31.4124,666.6666666,0
HEAL.US,5,20250826,175000,31.4934,31.4934,31.4934,31.4934,51.9999999948,0
HEAL.US,5,20250826,180000,31.62,31.62,31.62,31.62,330.33333330029996,0
HEAL.US,5,20250826,182000,31.3803,31.53,31.3803,31.53,211.33333331219998,0
HEAL.US,5,20250826,185000,31.53,31.53,31.53,31.53,163.6666666503,0
HEAL.US,5,20250826,195000,31.5366,31.5366,31.5366,31.5366,66.66666665999999,0
HEAL.US,5,20250826,195500,31.545,31.545,31.545,31.545,74.66666665919999,0
HEAL.US,5,20250826,200000,31.62,31.65,31.62,31.65,77.6666666589,0
HEAL.US,5,20250826,201500,31.5366,31.5765,31.5366,31.5765,95.33333332379999,0
HEAL.US,5,20250826,203000,31.4403,31.4403,31.4403,31.4403,133.33333331999998,0
HEAL.US,5,20250826,203500,31.4631,31.4631,31.4631,31.4631,59.999999994,0
HEAL.US,5,20250826,211000,31.4427,31.4427,31.4427,31.4427,133.33333331999998,0
HEAL.US,5,20250826,215000,31.5744,31.5744,31.5744,31.5744,33.333333329999995,0
HEAL.US,5,20250827,153000,31.41,31.41,31.41,31.41,581.9999999418,0
HEAL.US,5,20250827,162500,31.47,31.47,31.47,31.47,133.33333331999998,0
HEAL.US,5,20250827,193500,31.635,31.635,31.635,31.635,499.99999994999996,0
HEAL.US,5,20250827,194500,31.74,31.7679,31.74,31.7679,166.66666665,0
HEAL.US,5,20250827,195500,31.74,31.7691,31.719,31.7691,334.99999996649996,0
HEAL.US,5,20250827,200000,31.74,31.7697,31.74,31.7697,333.3333333,0
HEAL.US,5,20250827,201000,31.5582,31.77,31.5582,31.77,233.33333330999997,0
HEAL.US,5,20250827,201500,31.7694,31.89,31.7694,31.83,1013.333333232,0
HEAL.US,5,20250827,202000,31.7718,31.7718,31.7718,31.7718,99.99999998999999,0
HEAL.US,5,20250827,202500,31.83,31.83,31.83,31.83,266.66666663999996,0
HEAL.US,5,20250827,203000,31.83,31.83,31.77,31.77,133.33333331999998,0
HEAL.US,5,20250827,205000,31.83,31.83,31.83,31.83,166.66666665,0
HEAL.US,5,20250827,211500,31.6416,31.6416,31.6416,31.6416,344.99999996549997,0
HEAL.US,5,20250827,214500,31.725,31.725,31.725,31.725,91.66666665749999,0
HEAL.US,5,20250828,153000,31.59,31.59,31.59,31.59,183.99999998159998,0
HEAL.US,5,20250828,155000,31.56,31.59,31.5,31.56,833.3333332499999,0
HEAL.US,5,20250828,161000,31.62,31.77,31.62,31.6569,603.333333273,0
HEAL.US,5,20250828,174500,31.56,31.56,31.56,31.56,299.99999997,0
HEAL.US,5,20250828,175000,31.62,31.62,31.62,31.62,59.999999994,0
HEAL.US,5,20250828,190000,31.62,31.62,31.563,31.563,199.66666664669998,0
HEAL.US,5,20250828,194000,31.62,31.62,31.62,31.62,233.33333330999997,0
HEAL.US,5,20250828,212500,31.62,31.62,31.62,31.62,33.333333329999995,0
HEAL.US,5,20250829,153000,31.59,31.59,31.59,31.59,227.33333331059998,0
HEAL.US,5,20250829,161500,31.5,31.5,31.5,31.5,66.66666665999999,0
HEAL.US,5,20250829,163000,31.56,31.56,31.56,31.56,93.333333324,0
HEAL.US,5,20250829,164500,31.35,31.35,31.35,31.35,36.666666663,0
HEAL.US,5,20250829,174000,31.44,31.44,31.44,31.44,36.9999999963,0
HEAL.US,5,20250829,174500,31.44,31.44,31.44,31.44,47.3333333286,0
HEAL.US,5,20250829,195500,31.5,31.5,31.5,31.5,33.333333329999995,0
HEAL.US,5,20250829,210500,31.6497,31.6497,31.6497,31.6497,333.3333333,0
HEAL.US,5,20250829,211500,31.62,31.62,31.38,31.38,799.9999999199999,0
HEAL.US,5,20250829,214000,31.5465,31.5465,31.5465,31.5465,499.99999994999996,0
HEAL.US,5,20250902,154500,31.336381,31.336381,31.336381,31.336381,300,0
HEAL.US,5,20250902,155500,31.5,31.5,31.5,31.5,100,0
HEAL.US,5,20250902,160500,31.38,31.38,30.69,30.69,20297,0
HEAL.US,5,20250902,161000,31.29,31.31,31.18,31.3,4600,0
HEAL.US,5,20250902,165000,31.28,31.2801,31.28,31.2801,599,0
HEAL.US,5,20250902,173500,31.285,31.285,31.285,31.285,100,0
HEAL.US,5,20250902,200000,31.1306,31.1306,31.1306,31.1306,126,0
HEAL.US,5,20250902,214500,31.41,31.41,31.41,31.41,100,0
HEAL.US,5,20250903,153000,31,31.29,30.87,30.87,386,0
HEAL.US,5,20250903,153500,31.27,31.27,31.1701,31.1701,350,0
HEAL.US,5,20250903,155000,31.22,31.22,31.22,31.22,180,0
HEAL.US,5,20250903,160500,31.24,31.3735,31.24,31.3735,273,0
HEAL.US,5,20250903,163000,31.26,31.26,31.26,31.26,199,0
HEAL.US,5,20250903,163500,31.3703,31.3703,31.3703,31.3703,105,0
HEAL.US,5,20250903,165000,31.38,31.38,31.38,31.38,100,0
HEAL.US,5,20250903,183500,31.26,31.26,31.26,31.26,100,0
HEAL.US,5,20250903,184000,31.3085,31.3085,31.3085,31.3085,118,0
HEAL.US,5,20250903,191000,31.251,31.251,31.251,31.251,140,0
HEAL.US,5,20250903,192000,31.26,31.26,31.2518,31.2518,820,0
HEAL.US,5,20250903,193500,31.22,31.22,31.22,31.22,2136,0
HEAL.US,5,20250903,201500,31.265,31.265,31.21,31.21,200,0
HEAL.US,5,20250903,202000,31.15,31.15,31.15,31.15,100,0
HEAL.US,5,20250903,203000,31.2486,31.2486,31.15,31.15,282,0
HEAL.US,5,20250903,205500,31.2454,31.2454,31.2454,31.2454,184,0
HEAL.US,5,20250903,211500,31.15,31.15,31.15,31.15,110,0
HEAL.US,5,20250903,213000,31.15,31.15,31.15,31.15,150,0
HEAL.US,5,20250903,215000,31.29,31.39,31.14,31.14,1436,0
HEAL.US,5,20250904,153000,31.41,31.41,31.41,31.41,302,0
HEAL.US,5,20250904,154000,31.2304,31.2304,31.2304,31.2304,102,0
HEAL.US,5,20250904,154500,31.3356,31.3356,31.32,31.32,328,0
HEAL.US,5,20250904,160000,31.365,31.365,31.365,31.365,162,0
HEAL.US,5,20250904,161000,31.335,31.335,31.335,31.335,530,0
HEAL.US,5,20250904,162500,31.26,31.325,31.24,31.24,453,0
HEAL.US,5,20250904,201500,31.73,31.73,31.73,31.73,100,0
HEAL.US,5,20250904,202000,31.73,31.73,31.73,31.73,300,0
HEAL.US,5,20250904,203500,31.6537,31.6537,31.6537,31.6537,256,0
HEAL.US,5,20250904,211500,31.5401,31.6534,31.5401,31.6534,301,0
HEAL.US,5,20250904,212000,31.71,31.71,31.667,31.667,700,0
HEAL.US,5,20250904,213000,31.69,31.69,31.685,31.685,268,0
HEAL.US,5,20250904,213500,31.6072,31.6072,31.6072,31.6072,111,0
HEAL.US,5,20250905,153000,31.92,31.92,31.92,31.92,146,0
HEAL.US,5,20250905,154500,32.082,32.082,32.082,32.082,470,0
HEAL.US,5,20250905,161000,31.95,31.95,31.95,31.95,100,0
HEAL.US,5,20250905,162500,31.87,31.87,31.74,31.74,600,0
HEAL.US,5,20250905,170000,31.8023,31.8023,31.8023,31.8023,159,0
HEAL.US,5,20250905,174000,31.83,31.83,31.83,31.83,359,0
HEAL.US,5,20250905,193500,31.845,31.845,31.845,31.845,100,0
HEAL.US,5,20250905,211500,31.91,32.03,31.91,31.92,700,0
HEAL.US,5,20250905,212000,32.03,32.14,31.96,32.14,1098,0
HEAL.US,5,20250908,154000,32.2672,32.2672,32.2672,32.2672,100,0
HEAL.US,5,20250908,162500,32.34,32.34,32.34,32.34,300,0
HEAL.US,5,20250908,163000,32.35,32.35,32.31,32.31,250,0
HEAL.US,5,20250908,164500,32.41,32.42,32.41,32.42,587,0
HEAL.US,5,20250908,165500,32.57,32.57,32.57,32.57,300,0
HEAL.US,5,20250908,182500,32.4618,32.4618,32.4618,32.4618,429,0
HEAL.US,5,20250908,191000,32.43,32.43,32.43,32.43,153,0
HEAL.US,5,20250908,193500,32.42,32.42,32.42,32.42,100,0
HEAL.US,5,20250908,202000,32.39,32.39,32.39,32.39,1121,0
HEAL.US,5,20250908,204000,32.45,32.45,32.45,32.45,308,0
HEAL.US,5,20250909,153000,32.55,32.55,32.55,32.55,110,0
HEAL.US,5,20250909,161000,32.52,32.5201,32.52,32.5201,232,0
HEAL.US,5,20250909,163500,32.43,32.43,32.43,32.43,300,0
HEAL.US,5,20250909,165500,32.35,32.35,32.33,32.33,200,0
HEAL.US,5,20250909,175500,32.435,32.435,32.435,32.435,160,0
HEAL.US,5,20250909,200000,32.6,32.6,32.6,32.6,200,0
HEAL.US,5,20250910,153000,32.7,32.7,32.7,32.7,211,0
HEAL.US,5,20250910,154500,32.365,32.365,32.365,32.365,666,0
HEAL.US,5,20250910,162000,32.36,32.3679,32.36,32.3679,500,0
HEAL.US,5,20250910,162500,32.19,32.19,32.19,32.19,300,0
HEAL.US,5,20250910,163000,32.1,32.1,32.1,32.1,200,0
HEAL.US,5,20250910,165000,32.19,32.19,32.19,32.19,300,0
HEAL.US,5,20250910,170000,32.0118,32.0118,32.0118,32.0118,159,0
HEAL.US,5,20250910,185000,32.0277,32.0277,32.0277,32.0277,108,0
HEAL.US,5,20250910,193500,32.1,32.198,32.1,32.198,620,0
HEAL.US,5,20250910,213000,32.0068,32.0068,32,32,308,0
HEAL.US,5,20250911,153000,31.88,31.88,31.39,31.39,1156,0
HEAL.US,5,20250911,154500,32.085,32.085,32.085,32.085,100,0
HEAL.US,5,20250911,155500,32.2,32.2,32.2,32.2,378,0
HEAL.US,5,20250911,173500,32.5184,32.5184,32.5184,32.5184,150,0
HEAL.US,5,20250911,180000,32.52,32.52,32.52,32.52,200,0
HEAL.US,5,20250911,181500,32.4435,32.59,32.4435,32.59,423,0
HEAL.US,5,20250911,182000,32.6,32.6,32.59,32.59,900,0
HEAL.US,5,20250911,184500,32.595,32.595,32.595,32.595,117,0
HEAL.US,5,20250911,191500,32.52,32.52,32.52,32.52,100,0
HEAL.US,5,20250911,192500,32.52,32.52,32.52,32.52,100,0
HEAL.US,5,20250911,205500,32.71,32.71,32.71,32.71,100,0
HEAL.US,5,20250911,211500,32.6,32.62,32.6,32.61,500,0
HEAL.US,5,20250911,213500,32.66,32.66,32.66,32.66,300,0
HEAL.US,5,20250911,214000,32.78,32.78,32.78,32.78,200,0
HEAL.US,5,20250912,153000,32.27,32.27,32.27,32.27,627,0
HEAL.US,5,20250912,161000,32.3017,32.3017,32.3017,32.3017,266,0
HEAL.US,5,20250912,171000,32.24,32.24,32.24,32.24,183,0
HEAL.US,5,20250912,212000,32.37,32.37,32.37,32.37,100,0
HEAL.US,5,20250912,212500,32.37,32.37,32.37,32.37,102,0
HEAL.US,5,20250912,215000,32.34,32.34,32.34,32.34,100,0
HEAL.US,5,20250915,153000,32.42,32.42,32.42,32.42,184,0
HEAL.US,5,20250915,163000,32.35,32.35,32.35,32.35,113,0
HEAL.US,5,20250915,164000,32.5,32.5,32.46,32.5,1000,0
HEAL.US,5,20250915,181000,32.42,32.42,32.42,32.42,100,0
HEAL.US,5,20250915,201500,32.29,32.29,32.29,32.29,100,0
HEAL.US,5,20250915,215000,32.325,32.325,32.325,32.325,1000,0
HEAL.US,5,20250916,153000,32.18,32.18,32.18,32.18,325,0
HEAL.US,5,20250916,161000,31.96,31.96,31.96,31.96,100,0
HEAL.US,5,20250916,170000,32.06,32.06,32.06,32.06,1000,0
HEAL.US,5,20250916,205500,32.0999,32.0999,32.0999,32.0999,109,0
HEAL.US,5,20250916,210500,32.1,32.1,32.1,32.1,100,0
HEAL.US,5,20250916,211000,32.11,32.11,32.11,32.11,200,0
HEAL.US,5,20250917,153000,32.11,32.11,32.11,32.11,521,0
HEAL.US,5,20250917,162000,32.03,32.03,32.03,32.03,600,0
HEAL.US,5,20250917,180000,32.11,32.11,32.11,32.11,258,0
HEAL.US,5,20250917,194000,32.19,32.19,32.19,32.19,400,0
HEAL.US,5,20250917,200000,32.19,32.3,32.19,32.3,749,0
HEAL.US,5,20250917,201500,32.155,32.155,32.155,32.155,100,0
HEAL.US,5,20250917,203000,32.135,32.135,32.135,32.135,333,0
HEAL.US,5,20250917,204000,32.03,32.03,32.03,32.03,100,0
HEAL.US,5,20250917,205500,31.77,31.77,31.77,31.77,200,0
HEAL.US,5,20250917,210000,31.89,31.89,31.89,31.89,349,0
HEAL.US,5,20250917,210500,31.89,31.89,31.89,31.89,100,0
HEAL.US,5,20250917,213500,31.925,31.925,31.925,31.925,674,0
HEAL.US,5,20250918,173000,32.19,32.19,32.19,32.19,100,0
HEAL.US,5,20250918,192500,32.365,32.365,32.365,32.365,466,0
HEAL.US,5,20250918,211000,32.42,32.42,32.42,32.42,314,0
HEAL.US,5,20250919,153000,32.62,32.62,32.62,32.62,405,0
HEAL.US,5,20250919,160500,32.46,32.46,32.46,32.46,200,0
HEAL.US,5,20250919,162500,32.59,32.59,32.59,32.59,100,0
HEAL.US,5,20250919,164000,32.52,32.52,32.5,32.5,2012,0
HEAL.US,5,20250919,191000,32.56,32.56,32.56,32.56,174,0
HEAL.US,5,20250919,194500,32.5315,32.5315,32.5315,32.5315,133,0
HEAL.US,5,20250919,204000,32.385,32.385,32.385,32.385,100,0
HEAL.US,5,20250922,153000,32.35,32.35,32.35,32.35,851,0
HEAL.US,5,20250922,165500,32.26,32.26,32.26,32.26,100,0
HEAL.US,5,20250922,171500,32.3569,32.3569,32.3569,32.3569,120,0
HEAL.US,5,20250922,191000,32.51,32.51,32.3557,32.3557,240,0
HEAL.US,5,20250922,212500,32.3601,32.3601,32.3601,32.3601,333,0
HEAL.US,5,20250923,153000,32.36,32.56,32.31,32.37,770,0
HEAL.US,5,20250923,154500,32.56,32.56,32.56,32.56,211,0
HEAL.US,5,20250923,162000,32.77,32.78,32.6,32.77,1300,0
HEAL.US,5,20250923,163000,32.78,32.78,32.64,32.64,200,0
HEAL.US,5,20250923,171000,32.76,32.76,32.76,32.76,100,0
HEAL.US,5,20250923,174500,32.76,32.7782,32.76,32.7782,222,0
HEAL.US,5,20250923,180000,32.7303,32.7303,32.7303,32.7303,126,0
HEAL.US,5,20250923,184500,32.6553,32.6553,32.6553,32.6553,153,0
HEAL.US,5,20250923,185000,32.665,32.665,32.665,32.665,1000,0
HEAL.US,5,20250923,190500,32.77,32.8182,32.77,32.8182,308,0
HEAL.US,5,20250923,201500,32.48,32.489,32.48,32.489,400,0
HEAL.US,5,20250923,202000,32.36,32.36,32.35,32.36,6426,0
HEAL.US,5,20250923,204500,32.34,32.415,32.34,32.415,600,0
HEAL.US,5,20250923,214500,32.355,32.355,32.355,32.355,200,0
HEAL.US,5,20250924,153000,32.22,32.22,32.22,32.22,260,0
HEAL.US,5,20250924,161000,32.145,32.145,32.145,32.145,100,0
HEAL.US,5,20250924,162000,32.25,32.25,32.25,32.25,828,0
HEAL.US,5,20250924,182500,32.0507,32.0507,32.0507,32.0507,100,0
HEAL.US,5,20250924,201500,32.045,32.045,32.045,32.045,162,0
HEAL.US,5,20250924,210000,32,32,31.8,31.88,700,0
HEAL.US,5,20250925,153000,31.43,31.43,31.43,31.43,460,0
HEAL.US,5,20250925,160000,31.0193,31.0193,31.0193,31.0193,166,0
HEAL.US,5,20250925,163500,31.29,31.29,31.29,31.29,350,0
HEAL.US,5,20250925,173500,31.24,31.24,31.1607,31.1607,321,0
HEAL.US,5,20250925,174000,31.2345,31.2345,31.2345,31.2345,177,0
HEAL.US,5,20250925,180000,31.1221,31.13,31.1221,31.13,204,0
HEAL.US,5,20250925,202000,31.33,31.33,31.33,31.33,140,0
HEAL.US,5,20250926,153000,31.45,31.45,31.45,31.45,202,0
HEAL.US,5,20250926,203000,31.805,31.82,31.805,31.82,1000,0
HEAL.US,5,20250926,213500,31.63,31.63,31.63,31.63,100,0
HEAL.US,5,20250929,153000,31.96,31.96,31.96,31.96,386,0
HEAL.US,5,20250929,211500,31.83,31.83,31.83,31.83,100,0
HEAL.US,5,20250929,215500,31.84,31.84,31.84,31.84,157,0
HEAL.US,5,20250930,155500,31.89,31.9099,31.89,31.9099,895,0
HEAL.US,5,20250930,171000,31.9,31.9,31.9,31.9,149,0
HEAL.US,5,20250930,202500,31.87,31.87,31.87,31.87,100,0
HEAL.US,5,20250930,204000,31.89,31.98,31.89,31.9,1150,0
HEAL.US,5,20250930,213500,31.895,31.895,31.895,31.895,136,0
HEAL.US,5,20251001,153000,31.87,31.87,31.87,31.87,100,0
HEAL.US,5,20251001,202000,31.9194,31.9194,31.9194,31.9194,850,0
HEAL.US,5,20251001,202500,31.99,31.99,31.99,31.99,12300,0
HEAL.US,5,20251001,212000,31.99,32.02,31.99,32.02,400,0
HEAL.US,5,20251001,214500,32.005,32.005,32.005,32.005,200,0
HEAL.US,5,20251002,153000,32.09,32.09,32.09,32.09,246,0
HEAL.US,5,20251002,172500,32.1,32.28,32.1,32.28,700,0
HEAL.US,5,20251002,184000,32.25,32.25,32.25,32.25,100,0
HEAL.US,5,20251002,205000,32.328254,32.328254,32.2783,32.2783,436,0
HEAL.US,5,20251002,213000,32.435,32.45,32.25,32.25,332,0
HEAL.US,5,20251002,214000,32.435,32.46,32.435,32.46,200,0
HEAL.US,5,20251002,214500,32.3975,32.3975,32.3975,32.3975,166,0
HEAL.US,5,20251002,215000,32.4037,32.4037,32.4037,32.4037,133,0
HEAL.US,5,20251003,153000,32.53,32.53,32.53,32.53,650,0
HEAL.US,5,20251003,160000,32.999,32.999,32.999,32.999,100,0
HEAL.US,5,20251003,162500,33.07,33.07,33.07,33.07,300,0
HEAL.US,5,20251003,163000,33.33,33.33,33.32,33.32,300,0
HEAL.US,5,20251003,164500,33.185,33.185,33.185,33.185,100,0
HEAL.US,5,20251003,171000,33.095,33.095,33.095,33.095,230,0
HEAL.US,5,20251003,172000,32.88,32.88,32.88,32.88,264,0
HEAL.US,5,20251003,192000,32.93,32.93,32.93,32.93,1000,0
HEAL.US,5,20251003,192500,33.06,33.1,33.01,33.1,1010,0
HEAL.US,5,20251003,200000,32.75,32.75,32.75,32.75,4280,0
HEAL.US,5,20251003,200500,32.62,32.62,32.6,32.6,298,0
HEAL.US,5,20251003,202000,32.94,32.94,32.8557,32.94,367,0
HEAL.US,5,20251003,203000,32.86,32.86,32.86,32.86,100,0
HEAL.US,5,20251003,205500,32.85,32.85,32.85,32.85,100,0
HEAL.US,5,20251003,212500,32.945,32.96,32.93,32.95,1020,0
HEAL.US,5,20251003,215000,32.88,32.88,32.88,32.88,300,0
HEAL.US,5,20251006,153000,32.88,32.88,32.7866,32.7866,994,0
HEAL.US,5,20251006,171000,32.87,32.87,32.87,32.87,100,0
HEAL.US,5,20251006,173500,32.7882,32.7882,32.7882,32.7882,310,0
HEAL.US,5,20251006,195000,32.81,32.81,32.81,32.81,500,0
HEAL.US,5,20251006,202000,32.8519,32.8519,32.8519,32.8519,1000,0
HEAL.US,5,20251006,211500,32.74,32.74,32.74,32.74,167,0
HEAL.US,5,20251007,153000,32.9,32.9,32.9,32.9,145,0
HEAL.US,5,20251007,164000,32.872,32.872,32.872,32.872,147,0
HEAL.US,5,20251007,200500,32.899,32.899,32.899,32.899,200,0
HEAL.US,5,20251007,201000,32.899,32.899,32.899,32.899,100,0
HEAL.US,5,20251007,210500,32.9199,32.9199,32.9199,32.9199,244,0
HEAL.US,5,20251007,211000,32.9199,32.9199,32.9199,32.9199,182,0
HEAL.US,5,20251007,213000,32.91,32.91,32.8,32.81,6632,0
HEAL.US,5,20251007,215500,32.85,32.85,32.85,32.85,100,0
HEAL.US,5,20251008,153000,32.89,32.89,32.89,32.89,334,0
HEAL.US,5,20251008,154500,32.87,32.87,32.81,32.87,300,0
HEAL.US,5,20251008,160500,32.87,32.87,32.87,32.87,333,0
HEAL.US,5,20251008,161500,32.9999,32.9999,32.935,32.942,900,0
HEAL.US,5,20251008,162500,32.98,32.98,32.98,32.98,500,0
HEAL.US,5,20251008,164000,32.9999,33,32.9999,33,294,0
HEAL.US,5,20251008,164500,33.03,33.1525,33.03,33.03,1033,0
HEAL.US,5,20251008,171500,33.26,33.26,33.1888,33.1888,500,0
HEAL.US,5,20251008,174500,33.155,33.155,33.155,33.155,150,0
HEAL.US,5,20251008,180000,33.31,33.31,33.2777,33.2777,450,0
HEAL.US,5,20251008,181000,33.265,33.265,33.265,33.265,566,0
HEAL.US,5,20251008,184000,33.275,33.275,33.275,33.275,300,0
HEAL.US,5,20251008,184500,33.34,33.34,33.34,33.34,250,0
HEAL.US,5,20251008,185000,33.38,33.38,33.38,33.38,137,0
HEAL.US,5,20251008,185500,33.38,33.38,33.38,33.38,463,0
HEAL.US,5,20251008,190000,33.4,33.4,33.38,33.38,1400,0
HEAL.US,5,20251008,190500,33.4,33.58,33.3998,33.48,1778,0
HEAL.US,5,20251008,191000,33.51,33.51,33.51,33.51,375,0
HEAL.US,5,20251008,192500,33.38,33.38,33.38,33.38,200,0
HEAL.US,5,20251008,194000,33.38,33.38,33.38,33.38,200,0
HEAL.US,5,20251008,204000,33.59,33.59,33.59,33.59,296,0
HEAL.US,5,20251008,205500,33.58,33.58,33.58,33.58,178,0
HEAL.US,5,20251008,211000,33.405,33.405,33.405,33.405,100,0
HEAL.US,5,20251008,212000,33.447,33.447,33.447,33.447,200,0
HEAL.US,5,20251009,153000,33.39,33.39,33.39,33.39,282,0
HEAL.US,5,20251009,170000,33.315,33.315,33.315,33.315,1000,0
HEAL.US,5,20251009,184500,33.2,33.2,33.07,33.07,764,0
HEAL.US,5,20251009,211000,33.06,33.06,33.06,33.06,100,0
HEAL.US,5,20251009,214500,33.06,33.41,32.97,32.97,5441,0
HEAL.US,5,20251009,215500,33.065,33.065,33.065,33.065,300,0
HEAL.US,5,20251010,153000,33.04,33.04,33.04,33.04,461,0
HEAL.US,5,20251010,160500,32.87,32.87,32.87,32.87,200,0
HEAL.US,5,20251010,161500,32.76,32.76,32.76,32.76,200,0
HEAL.US,5,20251010,162000,32.73,32.73,32.73,32.73,200,0
HEAL.US,5,20251010,163500,32.85,32.85,32.85,32.85,100,0
HEAL.US,5,20251010,164000,32.85,32.85,32.71,32.71,300,0
HEAL.US,5,20251010,165500,32.58,32.58,32.58,32.58,100,0
HEAL.US,5,20251010,170000,32.415,32.415,32.415,32.415,200,0
HEAL.US,5,20251010,170500,32.38,32.38,32.38,32.38,100,0
HEAL.US,5,20251010,171000,32.38,32.38,32.38,32.38,100,0
HEAL.US,5,20251010,171500,32.38,32.38,32.38,32.38,100,0
HEAL.US,5,20251010,172500,32.2,32.2,32.02,32.12,400,0
HEAL.US,5,20251010,173000,31.915,31.915,31.915,31.915,200,0
HEAL.US,5,20251010,175500,32,32.085,32,32.085,700,0
HEAL.US,5,20251010,180000,32.045,32.045,32.045,32.045,100,0
HEAL.US,5,20251010,182000,31.8201,31.8201,31.8201,31.8201,600,0
HEAL.US,5,20251010,183000,32.12,32.12,32.12,32.12,100,0
HEAL.US,5,20251010,184000,32.12,32.12,32.12,32.12,100,0
HEAL.US,5,20251010,185000,31.97,31.97,31.97,31.97,100,0
HEAL.US,5,20251010,191000,31.96,31.96,31.91,31.91,300,0
HEAL.US,5,20251010,194000,32.08,32.08,31.955,31.955,200,0
HEAL.US,5,20251010,200000,32.04,32.04,32.04,32.04,100,0
HEAL.US,5,20251010,200500,31.91,31.91,31.91,31.91,100,0
HEAL.US,5,20251010,201500,31.8891,31.8891,31.8891,31.8891,133,0
HEAL.US,5,20251010,202000,32.04,32.04,31.91,31.91,266,0
HEAL.US,5,20251010,203000,31.935,31.935,31.935,31.935,100,0
HEAL.US,5,20251010,204000,31.935,31.935,31.935,31.935,100,0
HEAL.US,5,20251010,205000,31.82,31.865,31.82,31.865,300,0
HEAL.US,5,20251010,205500,31.86,31.86,31.86,31.86,100,0
HEAL.US,5,20251010,211000,31.86,31.86,31.86,31.86,135,0
HEAL.US,5,20251010,211500,31.859,31.859,31.859,31.859,156,0
HEAL.US,5,20251010,212500,31.84,31.84,31.84,31.84,200,0
HEAL.US,5,20251010,213000,31.825,31.825,31.825,31.825,100,0
HEAL.US,5,20251010,213500,31.825,31.825,31.825,31.825,100,0
HEAL.US,5,20251010,215000,31.9,31.9,31.9,31.9,100,0
HEAL.US,5,20251010,215500,31.78,31.78,31.78,31.78,200,0
HEAL.US,5,20251013,153000,31.85,31.85,31.85,31.85,470,0
HEAL.US,5,20251013,154500,31.8999,31.8999,31.8999,31.8999,100,0
HEAL.US,5,20251013,160000,31.8655,31.8655,31.8655,31.8655,109,0
HEAL.US,5,20251013,163000,31.96,31.96,31.96,31.96,100,0
HEAL.US,5,20251013,173000,31.922,31.922,31.922,31.922,374,0
HEAL.US,5,20251013,204000,31.83,31.83,31.83,31.83,454,0
HEAL.US,5,20251013,211000,31.9123,31.9123,31.9123,31.9123,117,0
HEAL.US,5,20251014,153000,31.2298,31.2298,31.2298,31.2298,103,0
HEAL.US,5,20251014,162000,31.54,31.54,31.54,31.54,104,0
HEAL.US,5,20251014,171500,31.64,31.64,31.64,31.64,100,0
HEAL.US,5,20251014,174000,31.7656,31.7656,31.7656,31.7656,167,0
HEAL.US,5,20251014,180000,31.87,31.87,31.87,31.87,323,0
HEAL.US,5,20251014,195500,31.91,31.91,31.91,31.91,750,0
HEAL.US,5,20251014,210500,32.0343,32.0343,32.0343,32.0343,130,0
HEAL.US,5,20251014,211500,31.91,31.91,31.91,31.91,170,0
HEAL.US,5,20251014,214500,32.0149,32.0149,32.0149,32.0149,400,0
HEAL.US,5,20251014,215000,32.03,32.03,32.03,32.03,138,0
HEAL.US,5,20251014,215500,31.96,31.96,31.96,31.96,200,0
HEAL.US,5,20251015,153000,32.25,32.25,32.25,32.25,162,0
HEAL.US,5,20251015,171000,32.2928,32.2928,32.2928,32.2928,179,0
HEAL.US,5,20251015,173500,32.315,32.44,32.315,32.44,1445,0
HEAL.US,5,20251015,174500,32.1801,32.1801,32.18,32.18,599,0
HEAL.US,5,20251015,180500,32.35,32.53,32.35,32.38,1736,0
HEAL.US,5,20251015,181000,32.45,32.568,32.45,32.568,400,0
HEAL.US,5,20251015,182000,32.43,32.528,32.43,32.52,1080,0
HEAL.US,5,20251015,190000,32.37,32.37,32.37,32.37,100,0
HEAL.US,5,20251015,205500,32.405,32.405,32.405,32.405,666,0
HEAL.US,5,20251015,215000,32.4,32.4,32.4,32.4,666,0
HEAL.US,5,20251016,153000,32.49,32.49,32.49,32.49,100,0
HEAL.US,5,20251016,153500,32.745,32.745,32.745,32.745,100,0
HEAL.US,5,20251016,154500,32.79,32.79,32.79,32.79,100,0
HEAL.US,5,20251016,155000,32.87,32.87,32.772,32.772,759,0
HEAL.US,5,20251016,155500,32.785,32.785,32.785,32.785,167,0
HEAL.US,5,20251016,172500,32.924,32.924,32.924,32.924,500,0
HEAL.US,5,20251016,174000,32.8,32.8,32.8,32.8,808,0
HEAL.US,5,20251016,174500,32.655,32.655,32.655,32.655,500,0
HEAL.US,5,20251016,182500,32.655,32.655,32.655,32.655,100,0
HEAL.US,5,20251016,185500,32.68,32.69,32.68,32.69,1800,0
HEAL.US,5,20251016,190500,32.6787,32.6787,32.6787,32.6787,334,0
HEAL.US,5,20251016,191500,32.79,32.92,32.79,32.92,280,0
HEAL.US,5,20251016,192000,32.765,32.7917,32.765,32.7917,300,0
HEAL.US,5,20251016,194000,32.765,32.765,32.765,32.765,378,0
HEAL.US,5,20251016,200000,32.6,32.6,32.6,32.6,200,0
HEAL.US,5,20251016,202000,32.5299,32.5299,32.5299,32.5299,230,0
HEAL.US,5,20251016,210500,32.405,32.405,32.405,32.405,334,0
HEAL.US,5,20251016,213500,32.385,32.385,32.22,32.22,200,0
HEAL.US,5,20251016,214000,32.4147,32.4147,32.3763,32.3763,609,0
HEAL.US,5,20251016,215000,32.4793,32.4793,32.4793,32.4793,334,0
HEAL.US,5,20251017,153000,32,32,32,32,625,0
HEAL.US,5,20251017,154500,31.9,31.9,31.9,31.9,200,0
HEAL.US,5,20251017,160000,31.9477,31.9477,31.92,31.92,234,0
HEAL.US,5,20251017,164500,32.0717,32.0717,32.0717,32.0717,132,0
HEAL.US,5,20251017,194000,31.77,31.7701,31.77,31.7701,200,0
HEAL.US,5,20251017,202500,31.9286,31.9286,31.9286,31.9286,150,0
HEAL.US,5,20251017,211500,32.08,32.08,32.08,32.08,1186,0
HEAL.US,5,20251020,153000,32.17,32.17,32.17,32.17,632,0
HEAL.US,5,20251020,162500,32.4976,32.4976,32.4976,32.4976,108,0
HEAL.US,5,20251020,165500,32.67,32.67,32.67,32.67,100,0
HEAL.US,5,20251020,184000,32.595,32.655,32.595,32.655,377,0
HEAL.US,5,20251020,185000,32.69,32.69,32.66,32.69,700,0
HEAL.US,5,20251020,191000,32.75,32.75,32.7071,32.7071,216,0
HEAL.US,5,20251020,200000,32.79,32.8988,32.79,32.8988,1452,0
HEAL.US,5,20251020,212000,32.7202,32.7202,32.7202,32.7202,106,0
HEAL.US,5,20251020,215500,32.74,32.74,32.74,32.74,100,0
HEAL.US,5,20251021,153500,32.46,32.47,32.46,32.47,200,0
HEAL.US,5,20251021,184500,32.89,33.0084,32.89,33.0084,300,0
HEAL.US,5,20251021,214500,32.8103,32.8103,32.8103,32.8103,130,0
HEAL.US,5,20251021,215500,32.94,32.94,32.835,32.835,634,0
HEAL.US,5,20251022,153000,32.87,32.87,32.87,32.87,260,0
HEAL.US,5,20251022,163500,32.79,32.79,32.79,32.79,200,0
HEAL.US,5,20251022,171500,32.77,32.77,32.77,32.77,100,0
HEAL.US,5,20251022,173000,32.65,32.65,32.65,32.65,201,0
HEAL.US,5,20251022,174000,32.7,32.7,32.7,32.7,100,0
HEAL.US,5,20251022,192000,32.31,32.31,32.289,32.289,232,0
HEAL.US,5,20251023,153000,32.53,32.53,32.53,32.53,263,0
HEAL.US,5,20251023,163000,32.59,32.59,32.58,32.585,646,0
HEAL.US,5,20251023,165000,32.555,32.555,32.555,32.555,164,0
HEAL.US,5,20251023,180500,32.55,32.55,32.55,32.55,133,0
HEAL.US,5,20251023,183000,32.6,32.6,32.6,32.6,134,0
HEAL.US,5,20251023,200000,32.84,32.84,32.84,32.84,100,0
HEAL.US,5,20251024,153000,32.94,32.94,32.94,32.94,914,0
HEAL.US,5,20251024,163500,33.205,33.205,33.1107,33.12,800,0
HEAL.US,5,20251024,183500,33.155,33.155,33.155,33.155,100,0
HEAL.US,5,20251024,192000,33.2,33.2,33.2,33.2,100,0
HEAL.US,5,20251024,192500,33.12,33.1201,33.12,33.1201,200,0
HEAL.US,5,20251024,200500,33.19,33.2,33.19,33.19,4125,0
HEAL.US,5,20251024,201000,33.26,33.27,33.26,33.27,300,0
HEAL.US,5,20251024,202000,33.26,33.26,33.26,33.26,564,0
HEAL.US,5,20251024,215000,33.0876,33.0876,33.0876,33.0876,400,0
HEAL.US,5,20251027,143000,33.16,33.16,33.16,33.16,111,0
HEAL.US,5,20251027,161000,33.195,33.28,33.19,33.2303,1100,0
HEAL.US,5,20251027,164500,33.299,33.3,33.234,33.234,934,0
HEAL.US,5,20251027,165500,33.2988,33.2988,33.2988,33.2988,1350,0
HEAL.US,5,20251027,172000,33.29,33.29,33.273,33.273,398,0
HEAL.US,5,20251027,181500,33.28,33.28,33.28,33.28,100,0
HEAL.US,5,20251027,205500,33.235,33.235,33.235,33.235,100,0
HEAL.US,5,20251028,143000,33,33,33,33,1224,0
HEAL.US,5,20251028,151000,32.77,32.8671,32.77,32.8671,937,0
HEAL.US,5,20251028,170000,32.9,32.9,32.9,32.9,100,0
HEAL.US,5,20251028,170500,32.8,32.8,32.8,32.8,600,0
HEAL.US,5,20251028,204000,32.79,32.79,32.74,32.79,1838,0
HEAL.US,5,20251029,143000,32.53,32.53,32.36,32.36,581,0
HEAL.US,5,20251029,143500,32.36,32.36,32.31,32.32,800,0
HEAL.US,5,20251029,144000,32.28,32.29,32.24,32.24,795,0
HEAL.US,5,20251029,144500,32.28,32.64,32.28,32.34,900,0
HEAL.US,5,20251029,145000,32.28,32.36,32.28,32.36,800,0
HEAL.US,5,20251029,145500,32.36,32.55,32.36,32.36,1914,0
HEAL.US,5,20251029,150000,32.37,32.37,32.37,32.37,100,0
HEAL.US,5,20251029,174500,32.77,33.03,32.77,32.77,300,0
HEAL.US,5,20251029,180500,32.8223,32.8223,32.8223,32.8223,400,0
HEAL.US,5,20251029,181000,32.94,32.94,32.94,32.94,700,0
HEAL.US,5,20251029,193500,32.515,32.53,32.515,32.53,200,0
HEAL.US,5,20251029,205000,32.4603,32.4603,32.4603,32.4603,130,0
HEAL.US,5,20251030,143000,32.05,32.05,32.05,32.05,182,0
HEAL.US,5,20251030,143500,32.0862,32.0862,32.0862,32.0862,133,0
HEAL.US,5,20251030,144000,32.345,32.345,32.345,32.345,334,0
HEAL.US,5,20251030,153500,32.44,32.44,32.44,32.44,100,0
HEAL.US,5,20251030,162500,32.44,32.44,32.44,32.44,100,0
HEAL.US,5,20251030,164500,32.36,32.36,32.36,32.36,100,0
HEAL.US,5,20251030,174000,32.285,32.285,32.285,32.285,114,0
HEAL.US,5,20251030,174500,32.3005,32.3005,32.3005,32.3005,400,0
HEAL.US,5,20251030,175000,32.285,32.285,32.285,32.285,459,0
HEAL.US,5,20251030,180500,32.265,32.265,32.19,32.19,327,0
HEAL.US,5,20251030,182000,32.32,32.33,32.2,32.2,413,0
HEAL.US,5,20251030,182500,32.2241,32.2241,32.2241,32.2241,250,0
HEAL.US,5,20251030,185500,32.18,32.18,32.18,32.18,119,0
HEAL.US,5,20251030,190500,32.32,32.32,32.2,32.2,201,0
HEAL.US,5,20251030,193500,32.06,32.06,32.06,32.06,200,0
HEAL.US,5,20251030,194000,32,32,32,32,500,0
HEAL.US,5,20251030,201000,32.0086,32.0086,32.0086,32.0086,100,0
HEAL.US,5,20251030,201500,32.05,32.05,32.05,32.05,200,0
HEAL.US,5,20251030,204000,32.03,32.03,32.03,32.03,100,0
HEAL.US,5,20251030,205500,32,32,32,32,100,0
HEAL.US,5,20251031,155500,31.93,31.93,31.93,31.93,125,0
HEAL.US,5,20251031,172500,31.79,31.79,31.79,31.79,200,0
HEAL.US,5,20251031,174500,31.69,31.69,31.69,31.69,166,0
HEAL.US,5,20251031,205500,31.74,31.74,31.74,31.74,100,0
HEAL.US,5,20251103,153000,30.8,31.67,30.8,31.56,850,0
HEAL.US,5,20251103,161500,31.5,31.5,31.5,31.5,258,0
HEAL.US,5,20251103,172000,31.4508,31.4508,31.4508,31.4508,200,0
HEAL.US,5,20251103,175500,31.59,31.59,31.59,31.59,100,0
HEAL.US,5,20251103,180000,31.63,31.63,31.535,31.535,500,0
HEAL.US,5,20251103,183500,31.5999,31.6,31.5999,31.6,266,0
HEAL.US,5,20251103,203500,31.665,31.665,31.665,31.665,143,0
HEAL.US,5,20251103,212500,31.72,31.72,31.72,31.72,100,0
HEAL.US,5,20251104,160500,31.61,31.61,31.61,31.61,250,0
HEAL.US,5,20251104,171500,31.805,31.805,31.805,31.805,100,0
HEAL.US,5,20251104,172500,31.805,31.91,31.805,31.91,600,0
HEAL.US,5,20251104,175000,31.86,31.87,31.86,31.86,500,0
HEAL.US,5,20251104,190500,31.8,31.8,31.8,31.8,100,0
HEAL.US,5,20251104,191000,31.6,31.6,31.6,31.6,3817,0
HEAL.US,5,20251104,192500,31.6,31.6,31.6,31.6,790,0
HEAL.US,5,20251105,153000,31.44,31.44,31.44,31.44,178,0
HEAL.US,5,20251105,163000,31.185,31.185,31.185,31.185,383,0
HEAL.US,5,20251105,171000,31.13,31.13,31.13,31.13,200,0
HEAL.US,5,20251105,173500,31.2118,31.2118,31.2118,31.2118,106,0
HEAL.US,5,20251105,185000,31.59,31.59,31.59,31.59,100,0
HEAL.US,5,20251105,190500,31.414,31.414,31.414,31.414,129,0
HEAL.US,5,20251105,192500,31.321,31.321,31.321,31.321,158,0
HEAL.US,5,20251105,193500,31.41,31.411,31.4,31.411,401,0
HEAL.US,5,20251105,194500,31.31,31.31,31.31,31.31,200,0
HEAL.US,5,20251105,214500,31.45,31.45,31.45,31.45,250,0
HEAL.US,5,20251106,174500,30.61,30.61,30.61,30.61,300,0
HEAL.US,5,20251106,184000,30.6769,30.6769,30.6769,30.6769,150,0
HEAL.US,5,20251106,184500,30.72,30.72,30.6975,30.6975,1306,0
HEAL.US,5,20251106,191500,30.74,30.74,30.74,30.74,100,0
HEAL.US,5,20251106,195000,30.845,30.845,30.84,30.84,800,0
HEAL.US,5,20251106,200000,30.84,30.84,30.745,30.745,664,0
HEAL.US,5,20251106,201000,30.84,30.85,30.84,30.84,300,0
HEAL.US,5,20251106,214000,30.8155,30.825,30.8155,30.825,300,0
HEAL.US,5,20251106,214500,30.815,30.815,30.815,30.815,100,0
HEAL.US,5,20251106,215000,30.8253,30.8253,30.8253,30.8253,300,0
HEAL.US,5,20251107,153000,30.43,30.43,30.43,30.43,731,0
HEAL.US,5,20251107,155000,30.13,30.1848,30.13,30.1848,200,0
HEAL.US,5,20251107,161500,30.38,30.38,30.38,30.38,100,0
HEAL.US,5,20251107,170500,30,30,30,30,600,0
HEAL.US,5,20251107,172000,30.1,30.13,29.98,30.0442,650,0
HEAL.US,5,20251107,174500,30.0967,30.0967,30.0967,30.0967,500,0
HEAL.US,5,20251107,175500,29.98,29.98,29.98,29.98,200,0
HEAL.US,5,20251107,181000,30.09,30.09,30.09,30.09,320,0
HEAL.US,5,20251107,182500,29.934713,29.934713,29.934713,29.934713,161,0
HEAL.US,5,20251110,153000,30.58,30.58,30.58,30.58,533,0
HEAL.US,5,20251110,155000,30.49,30.49,30.49,30.49,100,0
HEAL.US,5,20251110,155500,30.476,30.476,30.476,30.476,132,0
HEAL.US,5,20251110,170500,30.2496,30.2496,30.2496,30.2496,100,0
HEAL.US,5,20251110,172500,30.31,30.4299,30.31,30.33,2096,0
HEAL.US,5,20251110,173500,30.275,30.275,30.275,30.275,200,0
HEAL.US,5,20251110,175000,30.4273,30.4273,30.4273,30.4273,1461,0
HEAL.US,5,20251110,182500,30.41,30.41,30.41,30.41,1232,0
HEAL.US,5,20251110,183500,30.425,30.425,30.425,30.425,105,0
HEAL.US,5,20251110,185000,30.425,30.425,30.425,30.425,200,0
HEAL.US,5,20251110,201000,30.31,30.3785,30.31,30.3785,232,0
HEAL.US,5,20251110,205000,30.425,30.56,30.425,30.56,895,0
HEAL.US,5,20251110,212000,30.425,30.425,30.26,30.37,1200,0
HEAL.US,5,20251110,212500,30.46,30.47,30.37,30.37,1055,0
HEAL.US,5,20251110,213500,30.46,30.46,30.46,30.46,100,0
HEAL.US,5,20251110,214500,30.46,30.46,30.46,30.46,100,0
HEAL.US,5,20251110,215500,30.375,30.375,30.375,30.375,100,0
HEAL.US,5,20251111,153000,30.42,30.42,30.42,30.42,733,0
HEAL.US,5,20251111,161500,30.52,30.52,30.52,30.52,100,0
HEAL.US,5,20251111,165000,30.67,30.67,30.67,30.67,100,0
HEAL.US,5,20251111,174000,30.67,30.67,30.67,30.67,100,0
HEAL.US,5,20251111,175500,30.66,30.7,30.66,30.7,750,0
HEAL.US,5,20251111,181500,30.7213,30.7213,30.7213,30.7213,150,0
HEAL.US,5,20251111,190000,30.835,30.835,30.77,30.77,200,0
HEAL.US,5,20251111,192000,30.88,30.88,30.88,30.88,400,0
HEAL.US,5,20251111,193000,30.8087,30.8087,30.8087,30.8087,160,0
HEAL.US,5,20251111,195000,30.88,30.88,30.88,30.88,100,0
HEAL.US,5,20251111,202000,30.88,30.88,30.88,30.88,100,0
HEAL.US,5,20251111,215000,30.84,30.855,30.84,30.855,200,0
HEAL.US,5,20251111,215500,30.755,30.755,30.65,30.65,302,0
HEAL.US,5,20251112,153000,30.7107,30.7107,30.7107,30.7107,100,0
HEAL.US,5,20251112,162500,30.75,30.75,30.75,30.75,100,0
HEAL.US,5,20251112,164000,30.72,30.72,30.72,30.72,424,0
HEAL.US,5,20251112,172500,30.715,30.715,30.715,30.715,1951,0
HEAL.US,5,20251112,173500,30.77,30.77,30.77,30.77,100,0
HEAL.US,5,20251112,181500,30.7999,30.7999,30.7999,30.7999,100,0
HEAL.US,5,20251112,184000,30.8,30.8,30.8,30.8,200,0
HEAL.US,5,20251112,185500,30.85,30.85,30.85,30.85,100,0
HEAL.US,5,20251112,192000,30.86,30.86,30.86,30.86,100,0
HEAL.US,5,20251113,165000,30.4,30.4,30.4,30.4,200,0
HEAL.US,5,20251113,181000,30.3444,30.3444,30.3444,30.3444,363,0
HEAL.US,5,20251113,193500,30.22,30.22,30.22,30.22,200,0
HEAL.US,5,20251114,153000,29.62,29.62,29.62,29.62,341,0
HEAL.US,5,20251114,170000,29.85,30,29.83,30,4533,0
HEAL.US,5,20251114,174000,29.915,29.915,29.915,29.915,164,0
HEAL.US,5,20251114,192500,29.92,29.942,29.9,29.942,500,0
HEAL.US,5,20251114,205500,30.04,30.049,30.03,30.03,666,0
HEAL.US,5,20251114,215500,29.87,29.87,29.87,29.87,100,0
HEAL.US,5,20251117,153000,29.8,29.8,29.8,29.8,749,0
HEAL.US,5,20251117,203500,29.2364,29.2364,29.2364,29.2364,167,0
HEAL.US,5,20251117,205000,29.11,29.2218,29.11,29.2218,410,0
HEAL.US,5,20251118,160500,28.985,28.985,28.985,28.985,100,0
HEAL.US,5,20251118,161500,28.87,28.87,28.87,28.87,100,0
HEAL.US,5,20251118,163500,28.92,28.92,28.92,28.92,200,0
HEAL.US,5,20251118,164000,29.015,29.015,29.015,29.015,448,0
HEAL.US,5,20251118,181500,29.1876,29.1876,29.1876,29.1876,100,0
HEAL.US,5,20251118,182000,29.18,29.18,29.18,29.18,223,0
HEAL.US,5,20251118,183500,29.259,29.259,29.259,29.259,173,0
HEAL.US,5,20251118,184500,29.3,29.3,29.3,29.3,973,0
HEAL.US,5,20251118,192500,29.47,29.47,29.47,29.47,100,0
HEAL.US,5,20251118,211000,29.49,29.5166,29.49,29.49,585,0
HEAL.US,5,20251118,213500,29.4822,29.5,29.4822,29.5,286,0
HEAL.US,5,20251118,215000,29.56,29.575,29.56,29.575,267,0
HEAL.US,5,20251119,153000,29.41,29.41,29.41,29.41,571,0
HEAL.US,5,20251119,161000,29.38,29.38,29.38,29.38,200,0
HEAL.US,5,20251119,161500,29.45,29.45,29.45,29.45,345,0
HEAL.US,5,20251119,165000,29.45,29.46,29.45,29.45,925,0
HEAL.US,5,20251119,184000,29.2908,29.2908,29.2501,29.2501,360,0
HEAL.US,5,20251119,200000,29.25,29.365,29.25,29.365,5607,0
HEAL.US,5,20251119,200500,29.37,29.37,29.37,29.37,230,0
HEAL.US,5,20251119,205500,29.3,29.3,29.3,29.3,300,0
HEAL.US,5,20251119,210000,29.355,29.3787,29.355,29.3787,1300,0
HEAL.US,5,20251119,210500,29.355,29.355,29.355,29.355,400,0
HEAL.US,5,20251119,211000,29.375,29.375,29.375,29.375,200,0
HEAL.US,5,20251119,211500,29.415,29.415,29.335,29.35,500,0
HEAL.US,5,20251119,212000,29.33,29.46,29.32,29.46,1410,0
HEAL.US,5,20251119,212500,29.48,29.48,29.46,29.46,549,0
HEAL.US,5,20251119,214000,29.4687,29.485,29.4687,29.485,404,0
HEAL.US,5,20251119,215500,29.535,29.535,29.535,29.535,100,0
HEAL.US,5,20251120,153000,29.78,29.78,29.78,29.78,3900,0
HEAL.US,5,20251120,181500,29.38,29.38,29.38,29.38,169,0
HEAL.US,5,20251120,214500,29,29,29,29,100,0
HEAL.US,5,20251121,153000,28.94,28.94,28.94,28.94,670,0
HEAL.US,5,20251121,161000,29.195,29.195,29.195,29.195,412,0
HEAL.US,5,20251121,163000,29.31,29.31,29.31,29.31,200,0
HEAL.US,5,20251121,164500,29.25,29.25,29.25,29.25,700,0
HEAL.US,5,20251121,172500,29.38,29.38,29.38,29.38,124,0
HEAL.US,5,20251121,180500,30,30.03,30,30.03,285,0
HEAL.US,5,20251121,182000,30.01,30.01,30.01,30.01,100,0
HEAL.US,5,20251121,182500,30.036,30.036,30.036,30.036,347,0
HEAL.US,5,20251121,195500,30.1,30.1,30.1,30.1,100,0
HEAL.US,5,20251121,210000,30.23,30.23,30.23,30.23,280,0
HEAL.US,5,20251121,214500,30.16,30.16,30.16,30.16,100,0
HEAL.US,5,20251121,215000,30.23,30.23,30.23,30.23,210,0
HEAL.US,5,20251124,161000,30.99,30.99,30.93,30.93,800,0
HEAL.US,5,20251124,163000,31.06,31.06,31.06,31.06,201,0
HEAL.US,5,20251124,165500,31.04,31.04,31.04,31.04,100,0
HEAL.US,5,20251124,170000,31.06,31.06,31.04,31.06,800,0
HEAL.US,5,20251124,180500,31.02,31.02,31.02,31.02,300,0
HEAL.US,5,20251124,185000,31.08,31.08,31.08,31.08,100,0
HEAL.US,5,20251124,191500,30.995,30.995,30.995,30.995,800,0
HEAL.US,5,20251124,194500,31,31,31,31,100,0
HEAL.US,5,20251125,153000,31.14,31.14,31.14,31.14,690,0
HEAL.US,5,20251125,155000,31.27,31.27,31.27,31.27,100,0
HEAL.US,5,20251125,164000,31.65,31.72,31.65,31.685,300,0
HEAL.US,5,20251125,164500,31.72,31.73,31.72,31.73,11370,0
HEAL.US,5,20251125,165000,31.83,31.83,31.74,31.74,200,0
HEAL.US,5,20251125,171500,31.78,31.78,31.78,31.78,100,0
HEAL.US,5,20251125,173000,31.770168,31.770168,31.770168,31.770168,155,0
HEAL.US,5,20251125,173500,31.62,31.6705,31.62,31.6705,300,0
HEAL.US,5,20251125,180500,31.74,31.74,31.74,31.74,100,0
HEAL.US,5,20251126,162000,31.905,31.905,31.905,31.905,147,0
HEAL.US,5,20251126,164500,31.95,31.95,31.95,31.95,100,0
HEAL.US,5,20251126,165500,32,32,32,32,100,0
HEAL.US,5,20251126,174500,31.8225,31.8225,31.8225,31.8225,168,0
HEAL.US,5,20251126,193000,31.9899,31.9899,31.9899,31.9899,181,0
HEAL.US,5,20251126,195000,31.885,31.885,31.885,31.885,100,0
HEAL.US,5,20251126,201500,31.98,31.98,31.98,31.98,100,0
HEAL.US,5,20251126,211500,31.7801,31.7801,31.7801,31.7801,513,0
HEAL.US,5,20251126,213500,31.885,31.885,31.885,31.885,100,0
HEAL.US,5,20251128,153500,31.6,31.6,31.5965,31.5965,200,0
HEAL.US,5,20251128,155000,31.6343,31.6343,31.6343,31.6343,347,0
HEAL.US,5,20251128,175500,31.63,31.63,31.63,31.63,100,0
HEAL.US,5,20251201,153000,31.28,31.28,31.28,31.28,1184,0
HEAL.US,5,20251201,154500,31.19,31.19,31.19,31.19,116,0
HEAL.US,5,20251201,170500,31.28,31.28,31.28,31.28,100,0
HEAL.US,5,20251201,191000,31.5,31.5,31.27,31.27,300,0
HEAL.US,5,20251201,192500,31.395,31.395,31.395,31.395,205,0
HEAL.US,5,20251201,201000,31.395,31.395,31.395,31.395,200,0
HEAL.US,5,20251201,210500,31.23,31.2865,31.23,31.2865,260,0
HEAL.US,5,20251201,212500,31.2984,31.2984,31.2984,31.2984,333,0
HEAL.US,5,20251202,153000,31.28,31.28,31.28,31.28,586,0
HEAL.US,5,20251202,163000,31.16,31.16,31.16,31.16,500,0
HEAL.US,5,20251202,183000,31.17,31.17,31.06,31.06,500,0
HEAL.US,5,20251202,183500,31.185,31.185,31.185,31.185,200,0
HEAL.US,5,20251203,154000,31.1,31.26,31.1,31.26,500,0
HEAL.US,5,20251203,164000,31.2565,31.2565,31.2565,31.2565,200,0
HEAL.US,5,20251203,201000,31.1948,31.1948,31.1948,31.1948,150,0
HEAL.US,5,20251203,205000,31.3,31.32,31.2883,31.2883,4527,0
HEAL.US,5,20251203,210000,31.275,31.275,31.275,31.275,500,0
HEAL.US,5,20251204,153000,31.16,31.16,31.12,31.12,357,0
HEAL.US,5,20251204,160000,30.8801,30.8801,30.8801,30.8801,100,0
HEAL.US,5,20251204,164500,31.36,31.46,31.36,31.36,600,0
HEAL.US,5,20251204,182500,31.37,31.37,31.37,31.37,191,0
HEAL.US,5,20251204,183500,31.45,31.45,31.45,31.45,319,0
HEAL.US,5,20251204,215500,31.45,31.45,31.45,31.45,2400,0
HEAL.US,5,20251205,153000,31.61,31.61,31.61,31.61,624,0
HEAL.US,5,20251205,153500,31.47,31.47,31.416,31.416,266,0
HEAL.US,5,20251205,161500,31.585,31.585,31.585,31.585,100,0
HEAL.US,5,20251205,172000,31.6,31.6,31.6,31.6,500,0
HEAL.US,5,20251205,175500,31.5,31.5,31.5,31.5,24903,0
HEAL.US,5,20251205,180500,31.495,31.495,31.495,31.495,100,0
HEAL.US,5,20251205,182500,31.4,31.435,31.4,31.435,500,0
HEAL.US,5,20251205,183500,31.59,31.59,31.59,31.59,200,0
HEAL.US,5,20251205,185000,31.42,31.42,31.42,31.42,200,0
HEAL.US,5,20251205,204500,31.19,31.19,31.19,31.19,100,0
HEAL.US,5,20251205,205000,31.3,31.3,31.16,31.18,2000,0
HEAL.US,5,20251205,205500,31.17,31.3,31.15,31.225,2106,0
HEAL.US,5,20251208,153000,31.23,31.23,31.23,31.23,309,0
HEAL.US,5,20251208,164500,31.11,31.11,31.11,31.11,145,0
HEAL.US,5,20251208,182500,30.99,30.99,30.99,30.99,240,0
HEAL.US,5,20251208,194000,30.99,30.99,30.99,30.99,215,0
HEAL.US,5,20251208,214500,31.0624,31.0624,31.0624,31.0624,166,0
HEAL.US,5,20251209,163500,30.835,30.835,30.835,30.835,160,0
HEAL.US,5,20251209,171500,30.895,30.976,30.895,30.976,527,0
HEAL.US,5,20251209,191000,30.825,30.825,30.825,30.825,300,0
HEAL.US,5,20251209,194000,30.84,30.84,30.84,30.84,523,0
HEAL.US,5,20251209,200000,30.805,30.805,30.805,30.805,800,0
HEAL.US,5,20251209,211500,30.748,30.748,30.748,30.748,180,0
HEAL.US,5,20251209,212500,30.9,30.9,30.9,30.9,100,0
HEAL.US,5,20251209,213000,30.786,30.786,30.786,30.786,161,0
HEAL.US,5,20251210,153000,30.45,30.45,30.45,30.45,304,0
HEAL.US,5,20251210,164500,30.6775,30.6775,30.6775,30.6775,333,0
HEAL.US,5,20251210,172000,30.69,30.69,30.69,30.69,195,0
HEAL.US,5,20251210,174500,30.58,30.58,30.58,30.58,100,0
HEAL.US,5,20251210,182000,30.645,30.645,30.645,30.645,100,0
HEAL.US,5,20251210,184500,30.4871,30.4871,30.4871,30.4871,242,0
HEAL.US,5,20251210,200000,30.75,30.75,30.75,30.75,100,0
HEAL.US,5,20251210,200500,30.706,30.706,30.706,30.706,300,0
HEAL.US,5,20251210,202000,30.69,30.69,30.69,30.69,200,0
HEAL.US,5,20251210,203500,30.6,30.6,30.6,30.6,1551,0
HEAL.US,5,20251210,212000,30.7913,30.7913,30.7913,30.7913,300,0
HEAL.US,5,20251211,153000,30.34,30.34,30.34,30.34,210,0
HEAL.US,5,20251211,161000,30.56,30.56,30.56,30.56,166,0
HEAL.US,5,20251211,162000,30.43,30.43,30.43,30.43,593,0
HEAL.US,5,20251211,163000,30.43,30.43,30.43,30.43,184,0
HEAL.US,5,20251211,172000,30.545,30.545,30.545,30.545,207,0
HEAL.US,5,20251211,172500,30.5697,30.5697,30.5697,30.5697,300,0
HEAL.US,5,20251211,175500,30.5326,30.5326,30.5326,30.5326,684,0
HEAL.US,5,20251211,210500,30.65,30.65,30.65,30.65,400,0
HEAL.US,5,20251212,172000,30.31,30.32,30.3,30.31,900,0
HEAL.US,5,20251212,173000,30.48,30.48,30.48,30.48,1000,0
HEAL.US,5,20251212,175500,30.35,30.35,30.35,30.35,100,0
HEAL.US,5,20251212,181000,30.57,30.57,30.57,30.57,100,0
HEAL.US,5,20251212,190500,30.66,30.68,30.6224,30.6224,334,0
HEAL.US,5,20251212,191500,30.545,30.545,30.545,30.545,200,0
HEAL.US,5,20251212,213000,30.41,30.41,30.41,30.41,200,0
HEAL.US,5,20251215,153000,30.64,30.64,30.64,30.64,108,0
HEAL.US,5,20251215,155500,30.57,30.585,30.57,30.57,300,0
HEAL.US,5,20251215,162000,30.48,30.48,30.48,30.48,100,0
HEAL.US,5,20251215,165000,30.2657,30.2657,30.2657,30.2657,191,0
HEAL.US,5,20251215,173500,30.45,30.55,30.45,30.505,500,0
HEAL.US,5,20251215,184000,30.35,30.35,30.35,30.35,167,0
HEAL.US,5,20251215,184500,30.35,30.35,30.35,30.35,150,0
HEAL.US,5,20251215,192000,30.47,30.48,30.47,30.48,297,0
HEAL.US,5,20251215,193000,30.235,30.49,30.22,30.49,1131,0
HEAL.US,5,20251215,202000,30.35,30.35,30.35,30.35,350,0
HEAL.US,5,20251215,203500,30.35,30.35,30.35,30.35,100,0
HEAL.US,5,20251215,211500,30.31,30.31,30.31,30.31,100,0
HEAL.US,5,20251216,153000,30.01,30.01,30.01,30.01,336,0
HEAL.US,5,20251216,154500,30.0887,30.0887,30,30,266,0
HEAL.US,5,20251216,160000,30.011,30.011,30.011,30.011,166,0
HEAL.US,5,20251216,161000,30,30,30,30,540,0
HEAL.US,5,20251216,174000,29.94,29.94,29.94,29.94,300,0
HEAL.US,5,20251216,214000,29.86,29.86,29.86,29.86,300,0
HEAL.US,5,20251217,153000,29.81,29.81,29.81,29.81,431,0
HEAL.US,5,20251217,153500,30.26,30.26,30.26,30.26,773,0
HEAL.US,5,20251217,154500,30.0303,30.0303,30.0303,30.0303,113,0
HEAL.US,5,20251217,155500,30.115,30.115,30.03,30.04,604,0
HEAL.US,5,20251217,165000,30.17,30.17,30.17,30.17,300,0
HEAL.US,5,20251217,190000,30.001,30.001,30.001,30.001,366,0
HEAL.US,5,20251217,191500,30,30,30,30,200,0
HEAL.US,5,20251217,194000,30,30,29.9896,29.9896,270,0
HEAL.US,5,20251217,195000,29.8479,29.8479,29.8479,29.8479,171,0
HEAL.US,5,20251217,202000,29.85,29.85,29.85,29.85,100,0
HEAL.US,5,20251217,203000,29.7,29.7,29.7,29.7,167,0
HEAL.US,5,20251217,205500,29.85,29.85,29.85,29.85,310,0
HEAL.US,5,20251217,215500,29.785,29.785,29.785,29.785,333,0
HEAL.US,5,20251218,160500,29.88,29.88,29.8428,29.8428,456,0
HEAL.US,5,20251218,163000,29.78,29.78,29.78,29.78,313,0
HEAL.US,5,20251218,181000,29.76,29.76,29.76,29.76,100,0
HEAL.US,5,20251218,203000,29.655,29.655,29.655,29.655,110,0
HEAL.US,5,20251218,210500,29.47,29.47,29.47,29.47,450,0
HEAL.US,5,20251218,214500,29.78,29.78,29.77,29.77,900,0
HEAL.US,5,20251218,215000,29.685,29.685,29.685,29.685,1000,0
HEAL.US,5,20251218,215500,29.57,29.57,29.57,29.57,334,0
HEAL.US,5,20251219,170000,29.6999,29.6999,29.6626,29.6626,324,0
HEAL.US,5,20251219,201500,29.7999,29.7999,29.7999,29.7999,167,0
HEAL.US,5,20251219,215500,29.75,29.75,29.75,29.75,200,0
HEAL.US,5,20251222,153000,29.5,29.5,29.44,29.44,1913,0
HEAL.US,5,20251222,153500,29.89,29.92,29.76,29.92,428,0
HEAL.US,5,20251222,155000,30.13,30.13,30.13,30.13,100,0
HEAL.US,5,20251222,160500,30.065,30.065,30,30,500,0
HEAL.US,5,20251222,165000,30.11,30.11,30.11,30.11,119,0
HEAL.US,5,20251222,180000,30.44,30.485,30.44,30.485,200,0
HEAL.US,5,20251222,181500,30.375,30.375,30.375,30.375,133,0
HEAL.US,5,20251222,184500,30.3716,30.3716,30.3716,30.3716,116,0
HEAL.US,5,20251222,185500,30.3905,30.3905,30.3905,30.3905,256,0
HEAL.US,5,20251222,192000,30.22,30.49,30.22,30.23,1329,0
HEAL.US,5,20251222,192500,30.46,30.46,30.46,30.46,100,0
HEAL.US,5,20251222,202500,30.42,30.42,30.42,30.42,100,0
HEAL.US,5,20251222,211500,30.22,30.22,30.22,30.22,200,0
