<TICKER>,<PER>,<DATE>,<TIME>,<OPEN>,<HIGH>,<LOW>,<CLOSE>,<VOL>,<OPENINT>
IMOM.US,5,20250728,153000,33.19,33.19,33.19,33.19,278,0
IMOM.US,5,20250728,154500,33.0647,33.0647,33.0647,33.0647,243,0
IMOM.US,5,20250728,160500,32.94,32.94,32.94,32.94,100,0
IMOM.US,5,20250728,161000,32.9842,32.9842,32.9842,32.9842,173,0
IMOM.US,5,20250728,164000,32.9295,32.9694,32.9295,32.9694,1097,0
IMOM.US,5,20250728,165000,32.9364,32.9364,32.9364,32.9364,299,0
IMOM.US,5,20250728,170000,32.8501,32.8501,32.8501,32.8501,177,0
IMOM.US,5,20250728,170500,32.91,32.91,32.91,32.91,177,0
IMOM.US,5,20250728,174000,32.9,32.9,32.9,32.9,100,0
IMOM.US,5,20250728,174500,32.82,32.82,32.82,32.82,100,0
IMOM.US,5,20250728,175500,32.835,32.84,32.835,32.8399,556,0
IMOM.US,5,20250728,180000,32.83,32.83,32.82,32.82,200,0
IMOM.US,5,20250728,191500,32.8,32.8,32.7999,32.7999,430,0
IMOM.US,5,20250728,192000,32.79,32.79,32.79,32.79,445,0
IMOM.US,5,20250728,192500,32.78,32.78,32.78,32.78,100,0
IMOM.US,5,20250728,195000,32.76,32.76,32.76,32.76,100,0
IMOM.US,5,20250728,200500,32.75,32.75,32.75,32.75,100,0
IMOM.US,5,20250728,201000,32.745,32.745,32.745,32.745,300,0
IMOM.US,5,20250728,201500,32.745,32.745,32.745,32.745,919,0
IMOM.US,5,20250728,204000,32.72,32.72,32.64,32.64,400,0
IMOM.US,5,20250728,205500,32.72,32.72,32.63,32.705,1200,0
IMOM.US,5,20250728,210500,32.78,32.79,32.779,32.79,1958,0
IMOM.US,5,20250728,213500,32.71,32.72,32.64,32.71,800,0
IMOM.US,5,20250728,214000,32.7451,32.7451,32.72,32.72,300,0
IMOM.US,5,20250728,214500,32.71,32.71,32.71,32.71,100,0
IMOM.US,5,20250728,215000,32.71,32.73,32.64,32.73,600,0
IMOM.US,5,20250728,215500,32.73,32.73,32.66,32.73,500,0
IMOM.US,5,20250729,153500,32.93,32.93,32.93,32.93,100,0
IMOM.US,5,20250729,160500,32.9,32.9,32.8914,32.9,574,0
IMOM.US,5,20250729,164500,32.9728,32.9728,32.9728,32.9728,127,0
IMOM.US,5,20250729,171000,33.0099,33.0099,33.0099,33.0099,180,0
IMOM.US,5,20250729,174500,32.98,32.98,32.98,32.98,1000,0
IMOM.US,5,20250729,183000,32.9633,32.99,32.9633,32.99,1420,0
IMOM.US,5,20250729,185500,33.0081,33.0081,33.0081,33.0081,1080,0
IMOM.US,5,20250729,211500,33.02,33.02,33.02,33.02,151,0
IMOM.US,5,20250729,212000,33.02,33.02,33.02,33.02,364,0
IMOM.US,5,20250729,215000,33.0353,33.0353,33.0353,33.0353,155,0
IMOM.US,5,20250730,153000,33.1472,33.1472,33.1472,33.1472,134,0
IMOM.US,5,20250730,160000,33.18,33.18,33.12,33.12,596,0
IMOM.US,5,20250730,160500,33.18,33.18,33.18,33.18,119,0
IMOM.US,5,20250730,161500,33.24,33.24,33.2399,33.2399,2000,0
IMOM.US,5,20250730,163500,33.21,33.21,33.21,33.21,100,0
IMOM.US,5,20250730,165000,33.22,33.22,33.22,33.22,100,0
IMOM.US,5,20250730,171000,33.19,33.19,33.19,33.19,200,0
IMOM.US,5,20250730,174500,33.16,33.16,33.16,33.16,300,0
IMOM.US,5,20250730,180500,33.25,33.25,33.14,33.14,359,0
IMOM.US,5,20250730,183500,33.19,33.19,33.19,33.19,400,0
IMOM.US,5,20250730,193000,33.18,33.18,33.18,33.18,400,0
IMOM.US,5,20250730,201000,33.23,33.23,33.22,33.22,400,0
IMOM.US,5,20250730,204000,33.2113,33.2113,33.12,33.12,593,0
IMOM.US,5,20250730,210000,32.99,32.99,32.99,32.99,300,0
IMOM.US,5,20250730,211500,33.01,33.01,33.01,33.01,200,0
IMOM.US,5,20250730,212500,32.98,32.98,32.97,32.97,300,0
IMOM.US,5,20250730,213500,32.96,32.96,32.96,32.96,200,0
IMOM.US,5,20250730,214000,32.99,32.99,32.99,32.99,200,0
IMOM.US,5,20250730,214500,33.01,33.01,33.01,33.01,100,0
IMOM.US,5,20250730,215000,33.03,33.03,33.02,33.02,300,0
IMOM.US,5,20250730,215500,33.095,33.139,33.095,33.139,295,0
IMOM.US,5,20250731,153000,33.51,33.51,33.51,33.51,389,0
IMOM.US,5,20250731,160000,33.31,33.31,33.31,33.31,200,0
IMOM.US,5,20250731,160500,33.32,33.32,33.32,33.32,300,0
IMOM.US,5,20250731,161500,33.32,33.32,33.32,33.32,166,0
IMOM.US,5,20250731,165000,33.31,33.31,33.31,33.31,371,0
IMOM.US,5,20250731,172500,33.3,33.3074,33.3,33.3074,1565,0
IMOM.US,5,20250731,174000,33.2705,33.2705,33.2705,33.2705,190,0
IMOM.US,5,20250731,182500,33.3255,33.3255,33.3255,33.3255,133,0
IMOM.US,5,20250731,192500,33.27,33.27,33.27,33.27,100,0
IMOM.US,5,20250731,193500,33.22,33.22,33.22,33.22,1994,0
IMOM.US,5,20250731,202000,33.190311,33.190311,33.190311,33.190311,541,0
IMOM.US,5,20250731,203500,33.19,33.19,33.19,33.19,254,0
IMOM.US,5,20250731,210500,33.19,33.19,33.19,33.19,100,0
IMOM.US,5,20250731,211500,33.16,33.16,33.16,33.16,100,0
IMOM.US,5,20250731,213000,33.22,33.27,33.2199,33.26,1620,0
IMOM.US,5,20250801,153000,33.31,33.31,33.31,33.31,1507,0
IMOM.US,5,20250801,153500,33.25,33.25,33.25,33.25,200,0
IMOM.US,5,20250801,161000,33.06,33.06,33.06,33.06,473,0
IMOM.US,5,20250801,161500,33.1,33.1,33.1,33.1,1245,0
IMOM.US,5,20250801,162000,33.23,33.23,33.23,33.23,101,0
IMOM.US,5,20250801,162500,33.27,33.27,33.27,33.27,600,0
IMOM.US,5,20250801,174000,33.2694,33.2694,33.2694,33.2694,150,0
IMOM.US,5,20250801,180500,33.31,33.31,33.31,33.31,100,0
IMOM.US,5,20250801,183500,33.2516,33.2516,33.2516,33.2516,1540,0
IMOM.US,5,20250801,202000,33.17,33.19,33.17,33.19,645,0
IMOM.US,5,20250801,202500,33.21,33.21,33.21,33.21,100,0
IMOM.US,5,20250801,203000,33.2005,33.2005,33.2005,33.2005,190,0
IMOM.US,5,20250801,205000,33.26,33.26,33.26,33.26,100,0
IMOM.US,5,20250801,212000,33.26,33.26,33.25,33.25,200,0
IMOM.US,5,20250804,153000,34.01,34.01,33.92,33.92,587,0
IMOM.US,5,20250804,153500,33.8001,33.8001,33.8001,33.8001,176,0
IMOM.US,5,20250804,154000,33.8813,33.8813,33.8813,33.8813,170,0
IMOM.US,5,20250804,155500,33.94,33.94,33.93,33.93,280,0
IMOM.US,5,20250804,192000,33.871,33.871,33.871,33.871,113,0
IMOM.US,5,20250804,194000,33.87,33.87,33.87,33.87,600,0
IMOM.US,5,20250804,201500,33.875,33.88,33.875,33.88,2000,0
IMOM.US,5,20250804,214000,33.875,33.875,33.875,33.875,100,0
IMOM.US,5,20250804,215500,33.88,33.88,33.88,33.88,303,0
IMOM.US,5,20250805,154000,33.7428,33.7428,33.7428,33.7428,140,0
IMOM.US,5,20250805,160000,33.7,33.7,33.7,33.7,100,0
IMOM.US,5,20250805,163000,33.62,33.635,33.55,33.63,1270,0
IMOM.US,5,20250805,163500,33.63,33.74,33.63,33.74,200,0
IMOM.US,5,20250805,180500,33.69,33.6901,33.69,33.6901,296,0
IMOM.US,5,20250805,194000,33.8187,33.8187,33.8187,33.8187,110,0
IMOM.US,5,20250805,195000,33.81,33.8185,33.81,33.8185,472,0
IMOM.US,5,20250805,210000,33.7401,33.76,33.7401,33.76,672,0
IMOM.US,5,20250805,210500,33.74,33.74,33.74,33.74,100,0
IMOM.US,5,20250806,153000,33.98,33.98,33.98,33.98,100,0
IMOM.US,5,20250806,154500,33.89,33.898,33.89,33.89,525,0
IMOM.US,5,20250806,161500,33.92,33.92,33.8798,33.8798,1194,0
IMOM.US,5,20250806,162000,33.8999,33.8999,33.8999,33.8999,102,0
IMOM.US,5,20250806,164500,33.88,33.88,33.88,33.88,424,0
IMOM.US,5,20250806,171500,33.895,33.895,33.895,33.895,100,0
IMOM.US,5,20250806,175000,33.895,33.895,33.895,33.895,217,0
IMOM.US,5,20250806,180000,33.895,33.895,33.895,33.895,100,0
IMOM.US,5,20250806,181500,33.8999,33.8999,33.895,33.895,616,0
IMOM.US,5,20250806,183500,33.9,33.9,33.9,33.9,112,0
IMOM.US,5,20250806,190000,33.9,33.9,33.8999,33.8999,531,0
IMOM.US,5,20250806,192000,34.05,34.05,34.05,34.05,100,0
IMOM.US,5,20250806,192500,34.04,34.04,34.04,34.04,675,0
IMOM.US,5,20250806,195500,34.04,34.07,34.04,34.07,400,0
IMOM.US,5,20250806,200000,34.07,34.07,34.07,34.07,200,0
IMOM.US,5,20250806,202500,34.08,34.08,34.08,34.08,250,0
IMOM.US,5,20250806,214500,34.04,34.04,34.04,34.04,299,0
IMOM.US,5,20250807,153000,34.4899,34.4899,34.4899,34.4899,161,0
IMOM.US,5,20250807,160500,34.3992,34.3992,34.3992,34.3992,100,0
IMOM.US,5,20250807,162000,34.33,34.33,34.28,34.3299,2319,0
IMOM.US,5,20250807,162500,34.2899,34.2899,34.23,34.23,400,0
IMOM.US,5,20250807,163000,34.265,34.265,34.265,34.265,175,0
IMOM.US,5,20250807,164500,34.23,34.23,34.23,34.23,143,0
IMOM.US,5,20250807,174000,34.25,34.25,34.25,34.25,100,0
IMOM.US,5,20250807,180500,34.265,34.265,34.265,34.265,111,0
IMOM.US,5,20250807,200000,34.29,34.29,34.2681,34.2681,200,0
IMOM.US,5,20250807,200500,34.26,34.26,34.26,34.26,200,0
IMOM.US,5,20250807,204000,34.24,34.24,34.24,34.24,100,0
IMOM.US,5,20250807,212000,34.18,34.18,34.18,34.18,100,0
IMOM.US,5,20250807,214500,34.3989,34.3989,34.3989,34.3989,300,0
IMOM.US,5,20250807,215500,34.4,34.4,34.4,34.4,440,0
IMOM.US,5,20250808,153000,34.43,34.43,34.43,34.43,279,0
IMOM.US,5,20250808,160500,34.57,34.57,34.57,34.57,101,0
IMOM.US,5,20250808,161000,34.59,34.59,34.59,34.59,145,0
IMOM.US,5,20250808,162000,34.59,34.59,34.59,34.59,149,0
IMOM.US,5,20250808,172500,34.5399,34.54,34.4552,34.4552,482,0
IMOM.US,5,20250808,183500,34.5445,34.5445,34.5445,34.5445,103,0
IMOM.US,5,20250808,192000,34.55,34.55,34.55,34.55,100,0
IMOM.US,5,20250808,193000,34.5027,34.5027,34.5027,34.5027,136,0
IMOM.US,5,20250808,212000,34.535,34.535,34.535,34.535,200,0
IMOM.US,5,20250808,213000,34.5016,34.5016,34.5,34.5,1242,0
IMOM.US,5,20250811,154000,34.35,34.35,34.35,34.35,100,0
IMOM.US,5,20250811,154500,34.4889,34.4889,34.4889,34.4889,693,0
IMOM.US,5,20250811,161000,34.43,34.49,34.38,34.49,558,0
IMOM.US,5,20250811,161500,34.38,34.38,34.38,34.38,100,0
IMOM.US,5,20250811,171500,34.42,34.42,34.4199,34.4199,296,0
IMOM.US,5,20250811,182000,34.47,34.47,34.47,34.47,133,0
IMOM.US,5,20250811,191000,34.42,34.42,34.4199,34.4199,204,0
IMOM.US,5,20250811,192000,34.35,34.4,34.35,34.4,722,0
IMOM.US,5,20250811,200500,34.36,34.36,34.36,34.36,193,0
IMOM.US,5,20250811,202000,34.39,34.39,34.39,34.39,158,0
IMOM.US,5,20250811,215500,34.39,34.39,34.39,34.39,100,0
IMOM.US,5,20250812,153500,34.58,34.58,34.58,34.58,100,0
IMOM.US,5,20250812,160000,34.7,34.7,34.7,34.7,140,0
IMOM.US,5,20250812,160500,34.62,34.62,34.62,34.62,600,0
IMOM.US,5,20250812,170000,34.7106,34.725,34.7106,34.725,378,0
IMOM.US,5,20250812,170500,34.8,34.8,34.755,34.755,200,0
IMOM.US,5,20250812,173000,34.8,34.8,34.8,34.8,184,0
IMOM.US,5,20250812,173500,34.77,34.77,34.77,34.77,307,0
IMOM.US,5,20250812,180000,34.7906,34.7906,34.7906,34.7906,466,0
IMOM.US,5,20250812,195000,34.8818,34.8818,34.8818,34.8818,100,0
IMOM.US,5,20250812,203000,34.89,34.89,34.89,34.89,100,0
IMOM.US,5,20250812,205500,34.8899,34.8899,34.8899,34.8899,118,0
IMOM.US,5,20250812,211500,34.9,34.9,34.8999,34.8999,2000,0
IMOM.US,5,20250812,212000,34.9,34.9,34.9,34.9,100,0
IMOM.US,5,20250812,215500,34.855,34.855,34.8,34.8,4495,0
IMOM.US,5,20250813,153500,35.24,35.24,35.24,35.24,303,0
IMOM.US,5,20250813,154500,35.2,35.2,35.2,35.2,125,0
IMOM.US,5,20250813,155500,35.1852,35.1852,35.1852,35.1852,312,0
IMOM.US,5,20250813,181000,35.11,35.11,35.11,35.11,400,0
IMOM.US,5,20250813,201500,35.13,35.13,35.13,35.13,1072,0
IMOM.US,5,20250813,202000,35.0702,35.12,35.0702,35.12,714,0
IMOM.US,5,20250814,161000,34.95,35.0005,34.87,35.0005,848,0
IMOM.US,5,20250814,163000,35.0967,35.0967,35.0967,35.0967,214,0
IMOM.US,5,20250814,175000,34.996929,34.996929,34.996929,34.996929,123,0
IMOM.US,5,20250814,180500,34.9539,34.9539,34.9539,34.9539,100,0
IMOM.US,5,20250814,181000,34.95,34.95,34.95,34.95,100,0
IMOM.US,5,20250814,201000,34.96,34.96,34.96,34.96,273,0
IMOM.US,5,20250814,205500,34.975,34.975,34.975,34.975,453,0
IMOM.US,5,20250814,210500,34.9301,34.9301,34.9301,34.9301,145,0
IMOM.US,5,20250814,211500,34.995,34.995,34.995,34.995,100,0
IMOM.US,5,20250815,161000,35.0615,35.0615,35.0615,35.0615,150,0
IMOM.US,5,20250815,182500,35.085,35.085,35.085,35.085,143,0
IMOM.US,5,20250815,185000,35.09,35.09,35.09,35.09,778,0
IMOM.US,5,20250815,191000,35.0626,35.0626,35.0626,35.0626,100,0
IMOM.US,5,20250815,205500,35.14,35.14,35.14,35.14,330,0
IMOM.US,5,20250815,215500,35.0829,35.0829,35.0829,35.0829,100,0
IMOM.US,5,20250818,153000,35.25,35.25,35.25,35.25,188,0
IMOM.US,5,20250818,154500,35.3338,35.3338,35.3338,35.3338,100,0
IMOM.US,5,20250818,155000,35.306,35.306,35.306,35.306,103,0
IMOM.US,5,20250818,160000,35.295,35.295,35.295,35.295,100,0
IMOM.US,5,20250818,161000,35.2986,35.2986,35.2986,35.2986,329,0
IMOM.US,5,20250818,163000,35.3498,35.3498,35.3498,35.3498,174,0
IMOM.US,5,20250818,164000,35.26,35.26,35.26,35.26,120,0
IMOM.US,5,20250818,164500,35.27,35.27,35.26,35.2601,516,0
IMOM.US,5,20250818,170000,35.26,35.26,35.26,35.26,100,0
IMOM.US,5,20250818,172000,35.3,35.3,35.3,35.3,100,0
IMOM.US,5,20250818,172500,35.29,35.29,35.29,35.29,100,0
IMOM.US,5,20250818,173500,35.344,35.344,35.344,35.344,100,0
IMOM.US,5,20250818,175000,35.32,35.32,35.32,35.32,200,0
IMOM.US,5,20250818,175500,35.37,35.37,35.3699,35.3699,400,0
IMOM.US,5,20250818,180000,35.3853,35.3853,35.3853,35.3853,100,0
IMOM.US,5,20250818,181000,35.365,35.365,35.365,35.365,500,0
IMOM.US,5,20250818,181500,35.365,35.365,35.365,35.365,100,0
IMOM.US,5,20250818,185000,35.32,35.32,35.32,35.32,100,0
IMOM.US,5,20250818,190500,35.28,35.28,35.28,35.28,200,0
IMOM.US,5,20250818,192000,35.29,35.29,35.29,35.29,100,0
IMOM.US,5,20250818,193500,35.3445,35.3445,35.3445,35.3445,100,0
IMOM.US,5,20250818,194000,35.318,35.318,35.318,35.318,500,0
IMOM.US,5,20250818,195000,35.3699,35.3699,35.29,35.29,1100,0
IMOM.US,5,20250818,201500,35.29,35.29,35.27,35.27,300,0
IMOM.US,5,20250818,202000,35.26,35.26,35.26,35.26,100,0
IMOM.US,5,20250818,202500,35.29,35.29,35.29,35.29,100,0
IMOM.US,5,20250818,205000,35.29,35.29,35.29,35.29,100,0
IMOM.US,5,20250818,210000,35.29,35.29,35.29,35.29,100,0
IMOM.US,5,20250818,210500,35.28,35.28,35.28,35.28,100,0
IMOM.US,5,20250818,214000,35.3811,35.3811,35.3811,35.3811,198,0
IMOM.US,5,20250818,214500,35.36,35.36,35.36,35.36,474,0
IMOM.US,5,20250819,153000,35.2,35.2,34.86,34.86,421,0
IMOM.US,5,20250819,164500,34.77,34.77,34.73,34.73,300,0
IMOM.US,5,20250819,170500,34.7756,34.7756,34.7756,34.7756,250,0
IMOM.US,5,20250819,183000,34.79,34.79,34.7899,34.7899,200,0
IMOM.US,5,20250819,185000,34.78,34.78,34.7799,34.7799,628,0
IMOM.US,5,20250819,185500,34.76,34.76,34.65,34.65,276,0
IMOM.US,5,20250819,194000,34.6852,34.7318,34.6852,34.7318,730,0
IMOM.US,5,20250819,200500,34.72,34.72,34.72,34.72,156,0
IMOM.US,5,20250819,215500,34.7466,34.7466,34.7466,34.7466,100,0
IMOM.US,5,20250820,153000,34.71,34.71,34.71,34.71,498,0
IMOM.US,5,20250820,161000,34.465,34.465,34.465,34.465,144,0
IMOM.US,5,20250820,164000,34.4739,34.4739,34.4739,34.4739,200,0
IMOM.US,5,20250820,164500,34.51,34.51,34.51,34.51,100,0
IMOM.US,5,20250820,165000,34.505,34.505,34.505,34.505,550,0
IMOM.US,5,20250820,170000,34.47,34.47,34.47,34.47,100,0
IMOM.US,5,20250820,190000,34.5201,34.5201,34.52,34.52,384,0
IMOM.US,5,20250820,214000,34.5931,34.5931,34.5931,34.5931,179,0
IMOM.US,5,20250821,154500,33.67,34.45,33.67,34.45,314,0
IMOM.US,5,20250821,160500,34.58,34.58,34.58,34.58,490,0
IMOM.US,5,20250821,161000,34.6,34.6,34.6,34.6,619,0
IMOM.US,5,20250821,162000,34.6299,34.6299,34.6299,34.6299,181,0
IMOM.US,5,20250821,164000,34.586,34.602,34.586,34.602,441,0
IMOM.US,5,20250821,170000,34.62,34.62,34.62,34.62,100,0
IMOM.US,5,20250821,195500,34.56,34.56,34.56,34.56,285,0
IMOM.US,5,20250821,213000,34.48,34.48,34.45,34.45,200,0
IMOM.US,5,20250822,154000,34.63,34.63,34.63,34.63,103,0
IMOM.US,5,20250822,160000,34.82,34.82,34.82,34.82,100,0
IMOM.US,5,20250822,160500,35.04,35.04,34.9329,34.9329,1500,0
IMOM.US,5,20250822,162500,35.07,35.07,35.07,35.07,200,0
IMOM.US,5,20250822,174500,35,35,35,35,139,0
IMOM.US,5,20250822,191000,35.1011,35.1011,35.1011,35.1011,115,0
IMOM.US,5,20250822,205000,35.07,35.07,35.07,35.07,200,0
IMOM.US,5,20250822,211000,35.045,35.08,35.045,35.08,1125,0
IMOM.US,5,20250825,154500,35.08,35.08,35.08,35.08,436,0
IMOM.US,5,20250825,155500,35.06,35.06,35.06,35.06,100,0
IMOM.US,5,20250825,162000,35.14,35.14,35.14,35.14,175,0
IMOM.US,5,20250825,164000,35.08,35.08,35.08,35.08,100,0
IMOM.US,5,20250825,165000,35.05,35.05,35.05,35.05,217,0
IMOM.US,5,20250825,172500,34.985,34.985,34.985,34.985,100,0
IMOM.US,5,20250825,180000,34.91,34.91,34.91,34.91,486,0
IMOM.US,5,20250825,201000,34.82,34.83,34.82,34.83,1800,0
IMOM.US,5,20250825,201500,34.82,34.82,34.82,34.82,300,0
IMOM.US,5,20250826,154500,34.7506,34.7506,34.7506,34.7506,255,0
IMOM.US,5,20250826,161500,34.89,34.9,34.89,34.9,700,0
IMOM.US,5,20250826,172000,34.9275,34.9275,34.9275,34.9275,133,0
IMOM.US,5,20250826,174000,34.9072,34.9072,34.9072,34.9072,170,0
IMOM.US,5,20250826,175000,34.9001,34.9001,34.9,34.9001,570,0
IMOM.US,5,20250826,175500,34.85,34.85,34.8309,34.8309,277,0
IMOM.US,5,20250826,184000,34.88,34.88,34.88,34.88,170,0
IMOM.US,5,20250826,185000,34.8778,34.8778,34.8778,34.8778,125,0
IMOM.US,5,20250826,191500,34.8638,34.8638,34.8638,34.8638,393,0
IMOM.US,5,20250826,194000,34.8815,34.8815,34.8815,34.8815,204,0
IMOM.US,5,20250826,194500,34.8611,34.8611,34.8611,34.8611,167,0
IMOM.US,5,20250826,202000,34.88,34.88,34.88,34.88,143,0
IMOM.US,5,20250827,170500,34.5899,34.5899,34.5899,34.5899,156,0
IMOM.US,5,20250827,174000,34.5948,34.5948,34.5948,34.5948,100,0
IMOM.US,5,20250827,183000,34.535,34.5351,34.53,34.53,300,0
IMOM.US,5,20250827,184500,34.56,34.56,34.56,34.56,100,0
IMOM.US,5,20250827,200500,34.59,34.59,34.59,34.59,442,0
IMOM.US,5,20250827,202500,34.58,34.58,34.58,34.58,213,0
IMOM.US,5,20250827,203500,34.625,34.625,34.5,34.571,9089,0
IMOM.US,5,20250827,211000,34.55,34.5999,34.55,34.5999,296,0
IMOM.US,5,20250827,215000,34.63,34.63,34.63,34.63,100,0
IMOM.US,5,20250827,215500,34.6213,34.6213,34.6213,34.6213,400,0
IMOM.US,5,20250828,153000,34.87,34.87,34.87,34.87,225,0
IMOM.US,5,20250828,161500,34.671,34.671,34.671,34.671,1900,0
IMOM.US,5,20250828,162000,34.78,34.78,34.78,34.78,122,0
IMOM.US,5,20250828,163500,34.6545,34.695,34.64,34.6801,1240,0
IMOM.US,5,20250828,164500,34.631,34.631,34.631,34.631,725,0
IMOM.US,5,20250828,170000,34.66,34.66,34.66,34.66,211,0
IMOM.US,5,20250828,171000,34.635,34.635,34.635,34.635,149,0
IMOM.US,5,20250828,173500,34.59,34.59,34.59,34.59,100,0
IMOM.US,5,20250828,181500,34.665,34.665,34.665,34.665,170,0
IMOM.US,5,20250828,190500,34.65,34.65,34.65,34.65,200,0
IMOM.US,5,20250828,191000,34.65,34.65,34.65,34.65,200,0
IMOM.US,5,20250828,192000,34.71,34.71,34.71,34.71,341,0
IMOM.US,5,20250828,200000,34.7,34.7,34.66,34.66,257,0
IMOM.US,5,20250828,211500,34.7111,34.7111,34.7111,34.7111,139,0
IMOM.US,5,20250828,214500,34.64,34.64,34.64,34.64,100,0
IMOM.US,5,20250829,160000,34.51,34.51,34.51,34.51,100,0
IMOM.US,5,20250829,164000,34.6521,34.6521,34.6521,34.6521,339,0
IMOM.US,5,20250829,173500,34.501,34.5328,34.501,34.5328,1688,0
IMOM.US,5,20250829,181000,34.605,34.605,34.605,34.605,100,0
IMOM.US,5,20250829,190000,34.56,34.56,34.56,34.56,100,0
IMOM.US,5,20250829,192000,34.5565,34.5565,34.5565,34.5565,477,0
IMOM.US,5,20250829,200000,34.5508,34.5508,34.5508,34.5508,102,0
IMOM.US,5,20250829,211000,34.64,34.64,34.64,34.64,105,0
IMOM.US,5,20250902,153500,33.97,33.97,33.92,33.92,200,0
IMOM.US,5,20250902,154000,34.0948,34.0948,34.0948,34.0948,700,0
IMOM.US,5,20250902,154500,34.17,34.17,34.17,34.17,178,0
IMOM.US,5,20250902,161000,34.2794,34.2794,34.2794,34.2794,110,0
IMOM.US,5,20250902,165500,34.3,34.3,34.2999,34.2999,1004,0
IMOM.US,5,20250902,170500,34.2908,34.2908,34.2908,34.2908,100,0
IMOM.US,5,20250902,175000,34.28,34.28,34.28,34.28,227,0
IMOM.US,5,20250902,180500,34.17,34.17,34.17,34.17,436,0
IMOM.US,5,20250902,185000,34.2,34.23,34.2,34.23,17039,0
IMOM.US,5,20250902,202000,34.22,34.22,34.22,34.22,1001,0
IMOM.US,5,20250902,211500,34.2724,34.2724,34.2724,34.2724,225,0
IMOM.US,5,20250902,215000,34.295,34.295,34.295,34.295,100,0
IMOM.US,5,20250902,215500,34.295,34.295,34.295,34.295,239,0
IMOM.US,5,20250903,161500,34.29,34.29,34.29,34.29,160,0
IMOM.US,5,20250903,163000,34.375,34.375,34.375,34.375,259,0
IMOM.US,5,20250903,164500,34.3337,34.3337,34.3337,34.3337,221,0
IMOM.US,5,20250903,172000,34.37,34.37,34.37,34.37,194,0
IMOM.US,5,20250903,173500,34.4,34.4,34.4,34.4,1563,0
IMOM.US,5,20250903,174500,34.365,34.365,34.365,34.365,482,0
IMOM.US,5,20250903,181500,34.35,34.35,34.35,34.35,120,0
IMOM.US,5,20250903,184500,34.3,34.3,34.3,34.3,100,0
IMOM.US,5,20250903,194000,34.38,34.38,34.38,34.38,432,0
IMOM.US,5,20250903,200500,34.261,34.281,34.261,34.281,3992,0
IMOM.US,5,20250904,155000,34.5496,34.5496,34.549,34.549,313,0
IMOM.US,5,20250904,161000,34.51,34.51,34.51,34.51,208,0
IMOM.US,5,20250904,172500,34.47,34.4801,34.47,34.4801,3560,0
IMOM.US,5,20250904,175500,34.495,34.495,34.495,34.495,566,0
IMOM.US,5,20250904,184000,34.485,34.485,34.485,34.485,170,0
IMOM.US,5,20250904,184500,34.47,34.47,34.47,34.47,441,0
IMOM.US,5,20250904,190500,34.49,34.49,34.49,34.49,139,0
IMOM.US,5,20250904,202500,34.5085,34.5085,34.5085,34.5085,603,0
IMOM.US,5,20250904,203500,34.4986,34.5114,34.49,34.505,9893,0
IMOM.US,5,20250904,205500,34.49,34.49,34.49,34.49,100,0
IMOM.US,5,20250904,210500,34.5,34.5,34.5,34.5,859,0
IMOM.US,5,20250904,213000,34.515,34.515,34.515,34.515,217,0
IMOM.US,5,20250904,215500,34.54,34.54,34.54,34.54,127,0
IMOM.US,5,20250905,155000,34.92,34.965,34.91,34.9189,5151,0
IMOM.US,5,20250905,160000,34.8,34.8,34.8,34.8,211,0
IMOM.US,5,20250905,160500,34.83,34.83,34.83,34.83,261,0
IMOM.US,5,20250905,161000,34.92,34.9295,34.92,34.9295,404,0
IMOM.US,5,20250905,165000,34.695,34.695,34.695,34.695,257,0
IMOM.US,5,20250905,171500,34.71,34.71,34.71,34.71,100,0
IMOM.US,5,20250905,175500,34.8789,34.8789,34.8789,34.8789,800,0
IMOM.US,5,20250905,180000,34.85,34.85,34.75,34.7901,1646,0
IMOM.US,5,20250905,191500,34.75,34.82,34.73,34.73,3322,0
IMOM.US,5,20250905,192000,34.82,34.82,34.8199,34.8199,200,0
IMOM.US,5,20250905,210500,34.8191,34.8191,34.8191,34.8191,127,0
IMOM.US,5,20250905,212500,34.83,34.83,34.8299,34.8299,1384,0
IMOM.US,5,20250905,213000,34.8191,34.8191,34.755,34.755,281,0
IMOM.US,5,20250905,213500,34.71,34.71,34.71,34.71,100,0
IMOM.US,5,20250908,153000,34.96,34.96,34.96,34.96,376,0
IMOM.US,5,20250908,153500,35.1,35.1,35.1,35.1,100,0
IMOM.US,5,20250908,155000,35.145,35.16,35.145,35.16,300,0
IMOM.US,5,20250908,183500,35.26,35.26,35.26,35.26,496,0
IMOM.US,5,20250908,213000,35.29,35.29,35.2899,35.2899,200,0
IMOM.US,5,20250908,214000,35.2611,35.29,35.2611,35.2899,737,0
IMOM.US,5,20250909,162000,35,35,35,35,411,0
IMOM.US,5,20250909,165500,35.15,35.15,35.106,35.106,290,0
IMOM.US,5,20250909,170000,35.105,35.105,35.105,35.105,161,0
IMOM.US,5,20250909,171500,35.056,35.056,35.056,35.056,440,0
IMOM.US,5,20250909,172500,35.1089,35.1089,35.1089,35.1089,104,0
IMOM.US,5,20250909,173500,35.0485,35.0485,35.0485,35.0485,130,0
IMOM.US,5,20250909,182500,35.087583,35.087583,35.087583,35.087583,105,0
IMOM.US,5,20250909,194500,35.15,35.15,35.1499,35.1499,600,0
IMOM.US,5,20250909,204500,35.08,35.08,35.08,35.08,100,0
IMOM.US,5,20250909,205000,35.16,35.17,35.1599,35.17,498,0
IMOM.US,5,20250909,214000,35.06,35.06,35.0509,35.0509,398,0
IMOM.US,5,20250909,215500,35.13,35.13,35.13,35.13,392,0
IMOM.US,5,20250910,160500,35.55,35.56,35.55,35.56,345,0
IMOM.US,5,20250910,162000,35.57,35.57,35.55,35.55,745,0
IMOM.US,5,20250910,163500,35.57,35.57,35.57,35.57,455,0
IMOM.US,5,20250910,175000,35.52,35.52,35.52,35.52,137,0
IMOM.US,5,20250910,183500,35.43,35.43,35.43,35.43,2108,0
IMOM.US,5,20250910,190000,35.4999,35.5,35.4999,35.5,728,0
IMOM.US,5,20250910,193500,35.422,35.422,35.422,35.422,319,0
IMOM.US,5,20250910,210500,35.4058,35.4058,35.4058,35.4058,752,0
IMOM.US,5,20250910,215500,35.42,35.42,35.41,35.41,282,0
IMOM.US,5,20250911,161000,35.85,35.85,35.85,35.85,100,0
IMOM.US,5,20250911,161500,35.8,35.8,35.8,35.8,173,0
IMOM.US,5,20250911,162500,35.75,35.86,35.75,35.75,1289,0
IMOM.US,5,20250911,170000,35.75,35.75,35.7499,35.7499,800,0
IMOM.US,5,20250911,172000,35.9,35.9,35.9,35.9,167,0
IMOM.US,5,20250911,173500,35.83,35.83,35.83,35.83,3331,0
IMOM.US,5,20250911,174000,35.8197,35.8197,35.8197,35.8197,658,0
IMOM.US,5,20250911,180000,35.89,35.89,35.89,35.89,110,0
IMOM.US,5,20250911,182000,35.92,35.92,35.92,35.92,100,0
IMOM.US,5,20250911,183500,35.8596,35.8596,35.8596,35.8596,198,0
IMOM.US,5,20250911,195500,35.86,35.885,35.86,35.885,638,0
IMOM.US,5,20250911,211500,35.9309,35.9309,35.9309,35.9309,200,0
IMOM.US,5,20250911,213500,35.9312,35.9312,35.9312,35.9312,300,0
IMOM.US,5,20250911,214000,35.95,35.95,35.915,35.915,500,0
IMOM.US,5,20250911,215000,35.97,35.97,35.97,35.97,300,0
IMOM.US,5,20250912,153000,35.92,35.92,35.9,35.91,321,0
IMOM.US,5,20250912,160500,35.74,35.74,35.74,35.74,309,0
IMOM.US,5,20250912,161000,35.6995,35.6995,35.6995,35.6995,105,0
IMOM.US,5,20250912,165000,35.78,35.78,35.78,35.78,1026,0
IMOM.US,5,20250912,183500,35.84,35.84,35.84,35.84,167,0
IMOM.US,5,20250912,191500,35.815,35.815,35.815,35.815,492,0
IMOM.US,5,20250912,192500,35.88,35.88,35.8799,35.8799,220,0
IMOM.US,5,20250912,195000,35.82,35.82,35.82,35.82,457,0
IMOM.US,5,20250912,203500,35.91,35.91,35.91,35.91,335,0
IMOM.US,5,20250912,204000,35.91,35.94,35.91,35.94,539,0
IMOM.US,5,20250912,212000,35.82,35.82,35.82,35.82,100,0
IMOM.US,5,20250915,153500,35.91,35.91,35.91,35.91,131,0
IMOM.US,5,20250915,164500,35.9505,35.9505,35.9505,35.9505,149,0
IMOM.US,5,20250915,165000,35.9512,35.9512,35.9512,35.9512,717,0
IMOM.US,5,20250915,170000,35.95,35.95,35.95,35.95,326,0
IMOM.US,5,20250915,171000,35.97,35.97,35.97,35.97,167,0
IMOM.US,5,20250915,172500,35.97,35.97,35.96,35.96,310,0
IMOM.US,5,20250915,181500,36.0458,36.0458,36.0458,36.0458,115,0
IMOM.US,5,20250915,191500,35.9411,35.9411,35.9411,35.9411,225,0
IMOM.US,5,20250915,200000,36.08,36.08,36.08,36.08,100,0
IMOM.US,5,20250915,204000,36.08,36.08,36.08,36.08,521,0
IMOM.US,5,20250915,205000,36.0862,36.0862,36.0862,36.0862,148,0
IMOM.US,5,20250915,210000,36.0862,36.0862,36.0862,36.0862,231,0
IMOM.US,5,20250915,213000,36.0835,36.0835,36.0835,36.0835,100,0
IMOM.US,5,20250915,215000,36.08,36.08,36.08,36.08,279,0
IMOM.US,5,20250916,155500,35.8904,35.8904,35.8904,35.8904,112,0
IMOM.US,5,20250916,160500,35.9,35.9,35.9,35.9,900,0
IMOM.US,5,20250916,161000,35.9,35.9,35.9,35.9,500,0
IMOM.US,5,20250916,161500,35.975,35.975,35.97,35.97,287,0
IMOM.US,5,20250916,173500,35.79,35.79,35.79,35.79,218,0
IMOM.US,5,20250916,194000,35.99,35.99,35.99,35.99,135,0
IMOM.US,5,20250916,195500,35.96,35.96,35.96,35.96,102,0
IMOM.US,5,20250916,202500,35.96,35.96,35.96,35.96,111,0
IMOM.US,5,20250916,203000,35.98,35.98,35.98,35.98,800,0
IMOM.US,5,20250917,153000,35.93,35.93,35.93,35.93,279,0
IMOM.US,5,20250917,160500,35.6122,35.6122,35.6122,35.6122,128,0
IMOM.US,5,20250917,161000,35.6891,35.6891,35.6891,35.6891,240,0
IMOM.US,5,20250917,161500,35.68,35.68,35.68,35.68,353,0
IMOM.US,5,20250917,162500,35.64,35.64,35.64,35.64,800,0
IMOM.US,5,20250917,173000,35.5,35.5,35.465,35.465,558,0
IMOM.US,5,20250917,175000,35.4301,35.4301,35.4301,35.4301,947,0
IMOM.US,5,20250917,175500,35.4301,35.4301,35.4301,35.4301,300,0
IMOM.US,5,20250917,203500,35.4508,35.4508,35.4508,35.4508,1341,0
IMOM.US,5,20250917,204000,35.4085,35.4085,35.4085,35.4085,390,0
IMOM.US,5,20250917,205000,35.2744,35.2744,35.2744,35.2744,510,0
IMOM.US,5,20250917,211000,35.42,35.42,35.42,35.42,100,0
IMOM.US,5,20250917,213500,35.45,35.45,35.45,35.45,567,0
IMOM.US,5,20250918,153000,35.28,35.28,35.28,35.28,302,0
IMOM.US,5,20250918,160000,35.42,35.42,35.42,35.42,200,0
IMOM.US,5,20250918,165000,35.415,35.415,35.415,35.415,334,0
IMOM.US,5,20250918,181500,35.45,35.45,35.45,35.45,732,0
IMOM.US,5,20250918,182500,35.578,35.58,35.5638,35.58,1500,0
IMOM.US,5,20250918,183000,35.57,35.57,35.53,35.53,1435,0
IMOM.US,5,20250918,183500,35.58,35.59,35.58,35.59,300,0
IMOM.US,5,20250918,185000,35.57,35.57,35.57,35.57,120,0
IMOM.US,5,20250918,190500,35.57,35.57,35.57,35.57,100,0
IMOM.US,5,20250918,192000,35.57,35.57,35.57,35.57,150,0
IMOM.US,5,20250918,195500,35.57,35.57,35.57,35.57,150,0
IMOM.US,5,20250918,200500,35.54,35.54,35.54,35.54,100,0
IMOM.US,5,20250918,201000,35.53,35.53,35.53,35.53,100,0
IMOM.US,5,20250918,203000,35.52,35.52,35.52,35.52,100,0
IMOM.US,5,20250918,203500,35.52,35.56,35.52,35.52,800,0
IMOM.US,5,20250918,204000,35.52,35.52,35.52,35.52,100,0
IMOM.US,5,20250918,205000,35.54,35.54,35.54,35.54,120,0
IMOM.US,5,20250918,210500,35.5345,35.5345,35.5345,35.5345,105,0
IMOM.US,5,20250919,160000,35.5055,35.5055,35.5055,35.5055,100,0
IMOM.US,5,20250919,164000,35.494,35.494,35.49,35.49,1600,0
IMOM.US,5,20250919,164500,35.4945,35.4945,35.4945,35.4945,111,0
IMOM.US,5,20250919,174000,35.503,35.503,35.503,35.503,112,0
IMOM.US,5,20250919,175500,35.55,35.55,35.5499,35.5499,325,0
IMOM.US,5,20250919,182500,35.4452,35.4452,35.4452,35.4452,256,0
IMOM.US,5,20250919,192000,35.5225,35.5225,35.5225,35.5225,499,0
IMOM.US,5,20250919,195000,35.58,35.58,35.58,35.58,400,0
IMOM.US,5,20250919,210500,35.5416,35.5416,35.535,35.535,609,0
IMOM.US,5,20250919,211000,35.49,35.49,35.49,35.49,100,0
IMOM.US,5,20250919,211500,35.5,35.5,35.43,35.49,1300,0
IMOM.US,5,20250919,215000,35.61,35.62,35.61,35.62,1000,0
IMOM.US,5,20250922,161000,35.72,35.72,35.72,35.72,239,0
IMOM.US,5,20250922,163000,35.74,35.74,35.7399,35.7399,1200,0
IMOM.US,5,20250922,165500,35.7,35.7,35.7,35.7,155,0
IMOM.US,5,20250922,183000,35.7712,35.7712,35.7701,35.7701,337,0
IMOM.US,5,20250922,185000,35.7739,35.7739,35.7739,35.7739,1034,0
IMOM.US,5,20250922,190000,35.7795,35.7795,35.7795,35.7795,100,0
IMOM.US,5,20250922,190500,35.78,35.89,35.7799,35.89,413,0
IMOM.US,5,20250922,202500,35.97,35.979,35.97,35.979,949,0
IMOM.US,5,20250922,213500,35.934021,35.934021,35.934021,35.934021,161,0
IMOM.US,5,20250923,153000,35.83,35.83,35.83,35.83,124,0
IMOM.US,5,20250923,161500,35.862,35.87,35.862,35.87,307,0
IMOM.US,5,20250923,175500,35.7418,35.7418,35.7418,35.7418,191,0
IMOM.US,5,20250923,180000,35.77,35.77,35.77,35.77,100,0
IMOM.US,5,20250923,192000,35.785,35.785,35.785,35.785,1393,0
IMOM.US,5,20250923,205000,35.78,35.78,35.7799,35.7799,400,0
IMOM.US,5,20250924,154000,35.81,35.81,35.81,35.81,250,0
IMOM.US,5,20250924,164500,35.8656,35.8656,35.8656,35.8656,230,0
IMOM.US,5,20250924,181000,35.7075,35.7075,35.7075,35.7075,123,0
IMOM.US,5,20250924,193500,35.85,35.86,35.85,35.8599,806,0
IMOM.US,5,20250924,201500,35.74,35.74,35.74,35.74,200,0
IMOM.US,5,20250924,215500,35.7139,35.7139,35.7139,35.7139,232,0
IMOM.US,5,20250925,153000,35.66,35.66,35.66,35.66,100,0
IMOM.US,5,20250925,161000,35.59,35.59,35.59,35.59,222,0
IMOM.US,5,20250925,172500,35.561,35.561,35.561,35.561,429,0
IMOM.US,5,20250925,174500,35.66,35.66,35.57,35.57,1450,0
IMOM.US,5,20250925,180500,35.6396,35.6396,35.6396,35.6396,136,0
IMOM.US,5,20250925,183000,35.5746,35.5746,35.5746,35.5746,197,0
IMOM.US,5,20250925,205500,35.575,35.575,35.575,35.575,281,0
IMOM.US,5,20250926,171000,35.9,35.9,35.9,35.9,101,0
IMOM.US,5,20250926,173500,35.885,35.885,35.885,35.885,117,0
IMOM.US,5,20250926,174000,35.92,35.92,35.9199,35.9199,340,0
IMOM.US,5,20250926,191500,35.9077,35.9077,35.9077,35.9077,529,0
IMOM.US,5,20250926,214000,35.92,35.92,35.92,35.92,400,0
IMOM.US,5,20250926,215500,35.96,35.96,35.96,35.96,200,0
IMOM.US,5,20250929,153000,36.435,36.49,36.435,36.49,1000,0
IMOM.US,5,20250929,161000,36.38,36.38,36.38,36.38,100,0
IMOM.US,5,20250929,161500,36.35,36.35,36.35,36.35,255,0
IMOM.US,5,20250929,163500,36.38,36.38,36.38,36.38,200,0
IMOM.US,5,20250929,164500,36.37,36.37,36.37,36.37,100,0
IMOM.US,5,20250929,165000,36.38,36.39,36.38,36.39,291,0
IMOM.US,5,20250929,172000,36.35,36.35,36.35,36.35,510,0
IMOM.US,5,20250929,174500,36.32,36.32,36.32,36.32,355,0
IMOM.US,5,20250929,180000,36.31,36.42,36.3,36.42,694,0
IMOM.US,5,20250929,180500,36.37,36.37,36.37,36.37,299,0
IMOM.US,5,20250929,181500,36.32,36.32,36.32,36.32,355,0
IMOM.US,5,20250929,183500,36.32,36.32,36.32,36.32,100,0
IMOM.US,5,20250929,185000,36.32,36.32,36.32,36.32,455,0
IMOM.US,5,20250929,191500,36.3,36.305,36.3,36.305,300,0
IMOM.US,5,20250929,192000,36.28,36.28,36.28,36.28,355,0
IMOM.US,5,20250929,195000,36.28,36.28,36.28,36.28,510,0
IMOM.US,5,20250929,201500,36.31,36.31,36.31,36.31,446,0
IMOM.US,5,20250929,203500,36.31,36.32,36.31,36.32,346,0
IMOM.US,5,20250929,204000,36.32,36.32,36.295,36.295,291,0
IMOM.US,5,20250929,205500,36.32,36.32,36.32,36.32,191,0
IMOM.US,5,20250929,211000,36.3,36.3,36.3,36.3,127,0
IMOM.US,5,20250929,212500,36.31,36.31,36.31,36.31,127,0
IMOM.US,5,20250929,213500,36.31,36.31,36.31,36.31,200,0
IMOM.US,5,20250929,215000,36.3972,36.3972,36.3972,36.3972,151,0
IMOM.US,5,20250930,153000,36.475,36.475,36.475,36.475,200,0
IMOM.US,5,20250930,161000,36.43,36.43,36.43,36.43,100,0
IMOM.US,5,20250930,172500,36.559,36.559,36.559,36.559,133,0
IMOM.US,5,20250930,183000,36.6288,36.6387,36.5906,36.6387,514,0
IMOM.US,5,20250930,192000,36.63,36.63,36.63,36.63,135,0
IMOM.US,5,20250930,194000,36.6399,36.64,36.6399,36.64,1762,0
IMOM.US,5,20250930,204500,36.59,36.59,36.59,36.59,269,0
IMOM.US,5,20250930,212500,36.605,36.605,36.605,36.605,371,0
IMOM.US,5,20250930,215000,36.65,36.65,36.65,36.65,299,0
IMOM.US,5,20250930,215500,36.56,36.56,36.56,36.56,500,0
IMOM.US,5,20251001,154500,36.6514,36.6514,36.6514,36.6514,225,0
IMOM.US,5,20251001,162500,36.79,36.79,36.67,36.67,1712,0
IMOM.US,5,20251001,165000,36.6876,36.6876,36.6876,36.6876,125,0
IMOM.US,5,20251001,171500,36.6535,36.6535,36.6535,36.6535,150,0
IMOM.US,5,20251001,174500,36.65,36.65,36.64,36.64,755,0
IMOM.US,5,20251001,175000,36.54,36.54,36.54,36.54,1500,0
IMOM.US,5,20251001,184500,36.6029,36.6029,36.6029,36.6029,137,0
IMOM.US,5,20251001,191000,36.68,36.69,36.68,36.6899,900,0
IMOM.US,5,20251001,201000,36.645,36.66,36.645,36.66,236,0
IMOM.US,5,20251001,211000,36.7399,36.74,36.7399,36.74,292,0
IMOM.US,5,20251001,211500,36.6594,36.6594,36.6594,36.6594,118,0
IMOM.US,5,20251001,215000,36.72,36.72,36.72,36.72,250,0
IMOM.US,5,20251002,162000,36.6,36.61,36.6,36.61,383,0
IMOM.US,5,20251002,162500,36.5786,36.59,36.5786,36.59,1808,0
IMOM.US,5,20251002,163000,36.72,36.72,36.6,36.6,600,0
IMOM.US,5,20251002,200000,36.72,36.72,36.72,36.72,400,0
IMOM.US,5,20251002,204000,36.7145,36.7145,36.68,36.68,3380,0
IMOM.US,5,20251002,212000,36.8099,36.8099,36.8099,36.8099,200,0
IMOM.US,5,20251002,212500,36.7616,36.7616,36.7616,36.7616,200,0
IMOM.US,5,20251002,215500,36.67,36.67,36.63,36.63,600,0
IMOM.US,5,20251003,153000,36.85,36.85,36.85,36.85,101,0
IMOM.US,5,20251003,154500,37.0342,37.0342,37.0342,37.0342,135,0
IMOM.US,5,20251003,161500,36.92,37.029,36.92,37.02,1393,0
IMOM.US,5,20251003,163000,36.99,36.99,36.99,36.99,134,0
IMOM.US,5,20251003,182500,36.9799,36.9799,36.9799,36.9799,135,0
IMOM.US,5,20251003,191000,36.882,36.882,36.882,36.882,676,0
IMOM.US,5,20251003,192000,36.8664,36.8664,36.8301,36.8301,200,0
IMOM.US,5,20251003,194500,36.88,36.88,36.85,36.85,2886,0
IMOM.US,5,20251003,210000,36.885,36.95,36.885,36.95,674,0
IMOM.US,5,20251003,214500,36.96,36.96,36.96,36.96,300,0
IMOM.US,5,20251003,215500,36.968,36.968,36.968,36.968,169,0
IMOM.US,5,20251006,153000,36.82,36.82,36.82,36.82,158,0
IMOM.US,5,20251006,153500,36.91,37.0461,36.9005,37.0461,1852,0
IMOM.US,5,20251006,165000,36.97,36.97,36.97,36.97,100,0
IMOM.US,5,20251006,182000,36.95,37.01,36.945,37.0099,1650,0
IMOM.US,5,20251006,183000,36.88,36.88,36.88,36.88,100,0
IMOM.US,5,20251007,153500,36.57,36.57,36.57,36.57,100,0
IMOM.US,5,20251007,164500,36.52,36.5201,36.52,36.5201,1200,0
IMOM.US,5,20251007,165000,36.6133,36.6133,36.6133,36.6133,110,0
IMOM.US,5,20251007,172000,36.6187,36.619,36.6187,36.619,700,0
IMOM.US,5,20251007,173500,36.56,36.56,36.56,36.56,100,0
IMOM.US,5,20251007,180000,36.564914,36.564914,36.564914,36.564914,252,0
IMOM.US,5,20251007,181500,36.57,36.57,36.57,36.57,135,0
IMOM.US,5,20251007,183500,36.5663,36.5663,36.5663,36.5663,1380,0
IMOM.US,5,20251007,184500,36.5999,36.5999,36.5999,36.5999,274,0
IMOM.US,5,20251007,185500,36.5725,36.5725,36.5725,36.5725,100,0
IMOM.US,5,20251007,190000,36.5675,36.5675,36.5675,36.5675,109,0
IMOM.US,5,20251007,191000,36.5745,36.5745,36.5745,36.5745,150,0
IMOM.US,5,20251007,193500,36.58,36.58,36.58,36.58,100,0
IMOM.US,5,20251007,200000,36.553679,36.553679,36.553679,36.553679,416,0
IMOM.US,5,20251007,201500,36.55,36.55,36.55,36.55,118,0
IMOM.US,5,20251007,211500,36.4178,36.4178,36.4178,36.4178,220,0
IMOM.US,5,20251007,215500,36.47,36.47,36.47,36.47,169,0
IMOM.US,5,20251008,153500,36.75,36.75,36.75,36.75,274,0
IMOM.US,5,20251008,155000,36.7699,36.7699,36.7699,36.7699,100,0
IMOM.US,5,20251008,161000,36.7852,36.7852,36.7852,36.7852,155,0
IMOM.US,5,20251008,161500,36.79,36.8,36.79,36.8,200,0
IMOM.US,5,20251008,192000,36.68,36.68,36.68,36.68,201,0
IMOM.US,5,20251008,205000,36.75,36.75,36.749,36.7499,2109,0
IMOM.US,5,20251008,214500,36.756,36.756,36.756,36.756,800,0
IMOM.US,5,20251008,215500,36.83,36.83,36.83,36.83,300,0
IMOM.US,5,20251009,153500,36.76,36.9,36.76,36.9,1815,0
IMOM.US,5,20251009,160500,36.77,36.77,36.77,36.77,531,0
IMOM.US,5,20251009,161000,36.72,36.72,36.72,36.72,153,0
IMOM.US,5,20251009,161500,36.8,36.8,36.8,36.8,199,0
IMOM.US,5,20251009,162500,36.73,36.73,36.69,36.69,2200,0
IMOM.US,5,20251009,165500,36.64,36.64,36.64,36.64,441,0
IMOM.US,5,20251009,175000,36.5911,36.5911,36.5911,36.5911,347,0
IMOM.US,5,20251009,180000,36.63,36.6301,36.63,36.6301,260,0
IMOM.US,5,20251009,180500,36.62,36.62,36.62,36.62,136,0
IMOM.US,5,20251009,182500,36.5845,36.5845,36.5845,36.5845,142,0
IMOM.US,5,20251009,183000,36.55,36.55,36.55,36.55,109,0
IMOM.US,5,20251009,184000,36.6,36.6,36.5999,36.5999,382,0
IMOM.US,5,20251009,195500,36.5,36.5,36.5,36.5,100,0
IMOM.US,5,20251009,204000,36.54,36.54,36.54,36.54,200,0
IMOM.US,5,20251009,215000,36.53,36.53,36.5204,36.5204,270,0
IMOM.US,5,20251009,215500,36.555,36.555,36.555,36.555,177,0
IMOM.US,5,20251010,154500,36.1154,36.1154,36.1154,36.1154,500,0
IMOM.US,5,20251010,155500,36.085,36.085,36.085,36.085,100,0
IMOM.US,5,20251010,161000,36.1399,36.1399,36.1399,36.1399,380,0
IMOM.US,5,20251010,165500,36,36,36,36,100,0
IMOM.US,5,20251010,171500,35.9445,35.9445,35.9445,35.9445,125,0
IMOM.US,5,20251010,180000,35.8504,35.86,35.8504,35.86,800,0
IMOM.US,5,20251010,190000,35.8,35.8,35.8,35.8,314,0
IMOM.US,5,20251010,205000,35.6935,35.6935,35.6935,35.6935,200,0
IMOM.US,5,20251010,205500,35.71,35.71,35.71,35.71,233,0
IMOM.US,5,20251010,213500,35.72,35.72,35.72,35.72,100,0
IMOM.US,5,20251010,215500,35.69,35.69,35.69,35.69,193,0
IMOM.US,5,20251013,160000,36.005,36.005,36.005,36.005,336,0
IMOM.US,5,20251013,161500,36.035,36.035,36.035,36.035,184,0
IMOM.US,5,20251013,163000,35.88,35.88,35.88,35.88,250,0
IMOM.US,5,20251013,171000,35.9728,35.9728,35.9728,35.9728,170,0
IMOM.US,5,20251013,192000,36.035,36.035,36.035,36.035,266,0
IMOM.US,5,20251014,154000,35.6927,35.6927,35.6927,35.6927,116,0
IMOM.US,5,20251014,161000,35.8182,35.8182,35.8182,35.8182,357,0
IMOM.US,5,20251014,161500,35.9099,35.9099,35.9099,35.9099,300,0
IMOM.US,5,20251014,162500,35.9,35.9,35.9,35.9,100,0
IMOM.US,5,20251014,164500,36.0299,36.0299,36.0299,36.0299,184,0
IMOM.US,5,20251014,165500,36.03,36.03,36.03,36.03,167,0
IMOM.US,5,20251014,171000,36.03,36.03,36.0299,36.0299,800,0
IMOM.US,5,20251014,175000,36.073,36.073,36.073,36.073,301,0
IMOM.US,5,20251014,194000,36.2,36.2,36.2,36.2,124,0
IMOM.US,5,20251014,212500,36.092337,36.092337,36.092337,36.092337,520,0
IMOM.US,5,20251015,154000,36.247,36.247,36.247,36.247,117,0
IMOM.US,5,20251015,154500,36.12,36.12,36.11,36.11,900,0
IMOM.US,5,20251015,155500,36.24,36.24,36.24,36.24,100,0
IMOM.US,5,20251015,162000,36.205,36.205,36.205,36.205,216,0
IMOM.US,5,20251015,162500,36.13,36.22,36.13,36.22,700,0
IMOM.US,5,20251015,170500,36.109,36.109,36.0844,36.0844,280,0
IMOM.US,5,20251015,200500,35.97,35.97,35.97,35.97,600,0
IMOM.US,5,20251015,203000,35.94,35.94,35.94,35.94,100,0
IMOM.US,5,20251015,203500,35.94,35.94,35.94,35.94,100,0
IMOM.US,5,20251015,204000,35.95,35.95,35.95,35.95,100,0
IMOM.US,5,20251015,205000,35.97,35.97,35.97,35.97,100,0
IMOM.US,5,20251015,210000,35.98,35.98,35.98,35.98,100,0
IMOM.US,5,20251015,210500,35.98,35.98,35.98,35.98,100,0
IMOM.US,5,20251015,211000,35.994,35.994,35.994,35.994,341,0
IMOM.US,5,20251015,211500,36.02,36.02,35.99,35.99,200,0
IMOM.US,5,20251015,212000,36,36,36,36,200,0
IMOM.US,5,20251015,212500,36,36,36,36,100,0
IMOM.US,5,20251015,213000,36,36,36,36,100,0
IMOM.US,5,20251015,215000,35.98,35.98,35.96,35.96,330,0
IMOM.US,5,20251015,215500,35.96,35.96,35.96,35.96,100,0
IMOM.US,5,20251016,153000,36.36,36.36,36.36,36.36,155,0
IMOM.US,5,20251016,160000,36.05,36.05,36.05,36.05,100,0
IMOM.US,5,20251016,161500,36.008,36.008,36.008,36.008,100,0
IMOM.US,5,20251016,172500,36.105,36.105,36.105,36.105,100,0
IMOM.US,5,20251016,173000,36.1,36.1,36.1,36.1,115,0
IMOM.US,5,20251016,181000,36.0674,36.0674,36.0674,36.0674,162,0
IMOM.US,5,20251016,183000,36.05,36.05,36.05,36.05,1101,0
IMOM.US,5,20251016,184500,36,36,36,36,597,0
IMOM.US,5,20251016,200500,36.13,36.13,36.13,36.13,136,0
IMOM.US,5,20251017,153000,35.81,35.81,35.81,35.81,204,0
IMOM.US,5,20251017,173000,35.35,35.35,35.35,35.35,1500,0
IMOM.US,5,20251017,180000,35.45,35.45,35.45,35.45,400,0
IMOM.US,5,20251017,180500,35.45,35.45,35.45,35.45,3200,0
IMOM.US,5,20251017,181500,35.42,35.42,35.42,35.42,115,0
IMOM.US,5,20251017,184000,35.46,35.46,35.46,35.46,100,0
IMOM.US,5,20251017,184500,35.41,35.41,35.41,35.41,1600,0
IMOM.US,5,20251017,190000,35.38,35.38,35.38,35.38,1200,0
IMOM.US,5,20251017,192500,35.37,35.37,35.37,35.37,2800,0
IMOM.US,5,20251017,194000,35.3301,35.3301,35.3301,35.3301,161,0
IMOM.US,5,20251017,194500,35.38,35.38,35.38,35.38,200,0
IMOM.US,5,20251017,202500,35.52,35.52,35.5199,35.5199,942,0
IMOM.US,5,20251017,203500,35.5099,35.5099,35.47,35.47,809,0
IMOM.US,5,20251017,204000,35.46,35.46,35.46,35.46,187,0
IMOM.US,5,20251017,205000,35.5,35.5,35.5,35.5,100,0
IMOM.US,5,20251017,211000,35.52,35.52,35.52,35.52,122,0
IMOM.US,5,20251017,212500,35.5,35.5,35.5,35.5,400,0
IMOM.US,5,20251017,214500,35.51,35.51,35.51,35.51,100,0
IMOM.US,5,20251020,155500,36.04,36.04,36.04,36.04,100,0
IMOM.US,5,20251020,162000,36.04,36.04,36.04,36.04,121,0
IMOM.US,5,20251020,172500,36.1451,36.1451,36.1451,36.1451,178,0
IMOM.US,5,20251020,185500,36.04,36.1092,36.04,36.1092,238,0
IMOM.US,5,20251020,193000,36.05,36.05,36.05,36.05,450,0
IMOM.US,5,20251020,195000,36.1599,36.1599,36.1599,36.1599,400,0
IMOM.US,5,20251020,195500,36.1243,36.1243,36.1243,36.1243,200,0
IMOM.US,5,20251020,200000,36.15,36.15,36.06,36.15,400,0
IMOM.US,5,20251020,201500,36.1599,36.1599,36.118,36.118,700,0
IMOM.US,5,20251020,202000,36.14,36.14,36.14,36.14,685,0
IMOM.US,5,20251020,203500,36.15,36.19,36.15,36.1575,4115,0
IMOM.US,5,20251020,204000,36.18,36.18,36.18,36.18,1010,0
IMOM.US,5,20251020,205000,36.18,36.18,36.1799,36.1799,200,0
IMOM.US,5,20251020,215000,36.17,36.17,36.17,36.17,100,0
IMOM.US,5,20251021,154500,35.6,35.6,35.6,35.6,100,0
IMOM.US,5,20251021,155000,35.595,35.61,35.595,35.61,1100,0
IMOM.US,5,20251021,162500,35.67,35.67,35.64,35.64,4100,0
IMOM.US,5,20251021,163000,35.61,35.61,35.61,35.61,124,0
IMOM.US,5,20251021,163500,35.61,35.61,35.61,35.61,400,0
IMOM.US,5,20251021,164000,35.59,35.59,35.59,35.59,2000,0
IMOM.US,5,20251021,170000,35.68,35.68,35.68,35.68,112,0
IMOM.US,5,20251021,175500,35.6592,35.6592,35.6592,35.6592,140,0
IMOM.US,5,20251021,181000,35.71,35.78,35.7099,35.7099,1600,0
IMOM.US,5,20251021,182500,35.6891,35.7,35.6891,35.6999,750,0
IMOM.US,5,20251021,183000,35.65,35.65,35.65,35.65,156,0
IMOM.US,5,20251021,184000,35.6699,35.6699,35.6699,35.6699,200,0
IMOM.US,5,20251021,193500,35.66,35.66,35.66,35.66,100,0
IMOM.US,5,20251021,205500,35.67,35.68,35.6699,35.6699,1000,0
IMOM.US,5,20251021,212500,35.625,35.625,35.625,35.625,133,0
IMOM.US,5,20251021,215000,35.66,35.66,35.66,35.66,100,0
IMOM.US,5,20251022,153000,35.43,35.43,35.43,35.43,136,0
IMOM.US,5,20251022,155500,35.78,35.78,35.78,35.78,100,0
IMOM.US,5,20251022,160500,35.74,35.77,35.7,35.77,2776,0
IMOM.US,5,20251022,161500,35.7,35.72,35.7,35.72,213,0
IMOM.US,5,20251022,174000,35.542,35.542,35.542,35.542,106,0
IMOM.US,5,20251022,182000,35.5043,35.5043,35.5043,35.5043,120,0
IMOM.US,5,20251022,184500,35.505,35.505,35.505,35.505,120,0
IMOM.US,5,20251022,191000,35.5222,35.5222,35.5222,35.5222,309,0
IMOM.US,5,20251022,200000,35.48,35.48,35.47,35.47,1720,0
IMOM.US,5,20251022,202500,35.4611,35.4611,35.4611,35.4611,128,0
IMOM.US,5,20251023,154000,35.8,35.81,35.8,35.81,3200,0
IMOM.US,5,20251023,154500,35.6801,35.6801,35.6801,35.6801,100,0
IMOM.US,5,20251023,165500,35.795,35.795,35.795,35.795,1697,0
IMOM.US,5,20251023,180500,35.755,35.755,35.755,35.755,100,0
IMOM.US,5,20251023,190000,35.8,35.8,35.8,35.8,100,0
IMOM.US,5,20251023,191500,35.745,35.745,35.745,35.745,406,0
IMOM.US,5,20251024,153500,36,36,36,36,351,0
IMOM.US,5,20251024,155500,36.03,36.03,36.03,36.03,100,0
IMOM.US,5,20251024,171000,36.035,36.035,36.0269,36.0269,200,0
IMOM.US,5,20251024,175000,36,36,36,36,208,0
IMOM.US,5,20251024,191500,35.98,36.03,35.98,36.03,350,0
IMOM.US,5,20251024,193500,35.98,36.03,35.9712,36.03,1460,0
IMOM.US,5,20251024,195000,35.9616,35.9616,35.9616,35.9616,300,0
IMOM.US,5,20251024,201000,35.976,35.976,35.976,35.976,167,0
IMOM.US,5,20251024,203500,36.015,36.015,36.015,36.015,100,0
IMOM.US,5,20251024,204000,36.0132,36.0132,36.0132,36.0132,121,0
IMOM.US,5,20251024,204500,36.017,36.017,36.017,36.017,100,0
IMOM.US,5,20251024,205000,35.9908,35.9908,35.9908,35.9908,115,0
IMOM.US,5,20251024,213500,36.03,36.03,36.03,36.03,2701,0
IMOM.US,5,20251027,144500,36.28,36.29,36.28,36.2899,936,0
IMOM.US,5,20251027,145000,36.2372,36.2372,36.2372,36.2372,100,0
IMOM.US,5,20251027,151500,36.2372,36.2372,36.2372,36.2372,100,0
IMOM.US,5,20251027,161500,36.18,36.18,36.16,36.16,321,0
IMOM.US,5,20251027,165000,36.1609,36.1609,36.1609,36.1609,180,0
IMOM.US,5,20251027,173000,36.23,36.23,36.2299,36.2299,1400,0
IMOM.US,5,20251027,175000,36.225,36.225,36.225,36.225,255,0
IMOM.US,5,20251027,181500,36.215,36.215,36.215,36.215,102,0
IMOM.US,5,20251027,201500,36.2547,36.2547,36.2547,36.2547,203,0
IMOM.US,5,20251027,203500,36.265,36.265,36.265,36.265,530,0
IMOM.US,5,20251027,204500,36.298,36.298,36.298,36.298,100,0
IMOM.US,5,20251028,150500,36.15,36.15,36.15,36.15,100,0
IMOM.US,5,20251028,151000,36.19,36.19,36.16,36.16,200,0
IMOM.US,5,20251028,155000,36.22,36.22,36.22,36.22,205,0
IMOM.US,5,20251028,161500,36.21,36.259063,36.21,36.259063,1800,0
IMOM.US,5,20251028,171000,36.28,36.28,36.28,36.28,1584,0
IMOM.US,5,20251028,175500,36.3353,36.3353,36.3353,36.3353,150,0
IMOM.US,5,20251028,182000,36.284,36.284,36.284,36.284,109,0
IMOM.US,5,20251028,193000,36.24,36.24,36.24,36.24,220,0
IMOM.US,5,20251028,203000,36.3168,36.3168,36.3168,36.3168,133,0
IMOM.US,5,20251028,205000,36.2548,36.2548,36.2548,36.2548,2263,0
IMOM.US,5,20251029,151000,36.54,36.54,36.54,36.54,900,0
IMOM.US,5,20251029,155000,36.48,36.48,36.48,36.48,100,0
IMOM.US,5,20251029,173000,36.56,36.56,36.56,36.56,900,0
IMOM.US,5,20251029,174000,36.57,36.57,36.57,36.57,100,0
IMOM.US,5,20251029,180000,36.525,36.525,36.525,36.525,600,0
IMOM.US,5,20251029,183000,36.49,36.5,36.49,36.5,2766,0
IMOM.US,5,20251029,184000,36.53,36.53,36.53,36.53,144,0
IMOM.US,5,20251029,185500,36.5,36.5,36.48,36.48,1025,0
IMOM.US,5,20251029,190500,36.49,36.49,36.49,36.49,136,0
IMOM.US,5,20251029,191000,36.44,36.44,36.39,36.39,1195,0
IMOM.US,5,20251029,195000,36.2,36.2,36.2,36.2,200,0
IMOM.US,5,20251029,204500,36.24,36.2402,36.2,36.2402,400,0
IMOM.US,5,20251030,150000,36.2848,36.2848,36.2848,36.2848,108,0
IMOM.US,5,20251030,151000,36.23,36.2301,36.2117,36.2117,924,0
IMOM.US,5,20251030,161500,36.3837,36.3837,36.3837,36.3837,275,0
IMOM.US,5,20251030,174000,36.38,36.39,36.38,36.39,1302,0
IMOM.US,5,20251030,184500,36.3,36.3001,36.3,36.3001,340,0
IMOM.US,5,20251030,192000,36.3464,36.3464,36.3464,36.3464,123,0
IMOM.US,5,20251030,194500,36.3,36.3,36.3,36.3,177,0
IMOM.US,5,20251030,202000,36.32,36.32,36.32,36.32,100,0
IMOM.US,5,20251030,202500,36.3,36.3,36.3,36.3,100,0
IMOM.US,5,20251030,204500,36.23,36.23,36.23,36.23,266,0
IMOM.US,5,20251030,205500,36.23,36.23,36.23,36.23,200,0
IMOM.US,5,20251031,143500,36.39,36.39,36.386,36.386,356,0
IMOM.US,5,20251031,160000,36.47,36.48,36.47,36.48,207,0
IMOM.US,5,20251031,170500,36.42,36.42,36.42,36.42,274,0
IMOM.US,5,20251031,171000,36.4099,36.4099,36.4099,36.4099,165,0
IMOM.US,5,20251031,171500,36.39,36.39,36.39,36.39,192,0
IMOM.US,5,20251031,175000,36.357,36.357,36.357,36.357,270,0
IMOM.US,5,20251031,175500,36.3576,36.3576,36.3576,36.3576,125,0
IMOM.US,5,20251031,180000,36.355,36.48,36.35,36.3501,3333,0
IMOM.US,5,20251031,190000,36.39,36.39,36.39,36.39,100,0
IMOM.US,5,20251031,192500,36.371,36.371,36.371,36.371,129,0
IMOM.US,5,20251031,200500,36.36,36.36,36.36,36.36,100,0
IMOM.US,5,20251031,201000,36.36,36.36,36.35,36.36,392,0
IMOM.US,5,20251031,201500,36.395,36.395,36.395,36.395,229,0
IMOM.US,5,20251031,202500,36.395,36.395,36.395,36.395,300,0
IMOM.US,5,20251031,203000,36.45,36.46,36.4499,36.46,300,0
IMOM.US,5,20251031,204000,36.45,36.46,36.4499,36.4499,764,0
IMOM.US,5,20251031,205500,36.48,36.48,36.48,36.48,100,0
IMOM.US,5,20251103,161500,36.434,36.52,36.434,36.52,578,0
IMOM.US,5,20251103,164500,36.49,36.49,36.49,36.49,227,0
IMOM.US,5,20251103,173000,36.47,36.47,36.47,36.47,114,0
IMOM.US,5,20251103,175000,36.485,36.485,36.485,36.485,159,0
IMOM.US,5,20251103,180000,36.5,36.5,36.4999,36.4999,200,0
IMOM.US,5,20251103,181000,36.49,36.49,36.49,36.49,200,0
IMOM.US,5,20251103,183000,36.497,36.497,36.497,36.497,164,0
IMOM.US,5,20251103,183500,36.495039,36.495039,36.495039,36.495039,351,0
IMOM.US,5,20251103,184000,36.505,36.505,36.505,36.505,162,0
IMOM.US,5,20251103,194500,36.53,36.6,36.5,36.6,4597,0
IMOM.US,5,20251103,204000,36.5165,36.5165,36.5165,36.5165,121,0
IMOM.US,5,20251103,205500,36.5284,36.5284,36.5284,36.5284,160,0
IMOM.US,5,20251103,212000,36.525,36.525,36.525,36.525,449,0
IMOM.US,5,20251103,213500,36.53,36.53,36.5299,36.5299,556,0
IMOM.US,5,20251103,215000,36.5001,36.5001,36.5001,36.5001,539,0
IMOM.US,5,20251103,215500,36.46,36.46,36.46,36.46,3315,0
IMOM.US,5,20251104,155500,36.6191,36.6191,36.6191,36.6191,508,0
IMOM.US,5,20251104,164000,36.6599,36.66,36.58,36.66,722,0
IMOM.US,5,20251104,175500,36.58,36.58,36.58,36.58,136,0
IMOM.US,5,20251104,181500,36.6,36.6,36.6,36.6,136,0
IMOM.US,5,20251104,182000,36.575,36.575,36.575,36.575,292,0
IMOM.US,5,20251104,183500,36.54,36.54,36.54,36.54,239,0
IMOM.US,5,20251104,201000,36.4501,36.4501,36.4501,36.4501,100,0
IMOM.US,5,20251104,210500,36.4013,36.4013,36.4013,36.4013,129,0
IMOM.US,5,20251105,153000,36.59,36.59,36.59,36.59,107,0
IMOM.US,5,20251105,160500,36.585,36.585,36.585,36.585,100,0
IMOM.US,5,20251105,162000,36.6192,36.6192,36.6192,36.6192,164,0
IMOM.US,5,20251105,162500,36.69,36.69,36.6899,36.6899,3689,0
IMOM.US,5,20251105,163000,36.63,36.68,36.63,36.68,3499,0
IMOM.US,5,20251105,185500,36.6301,36.6301,36.6301,36.6301,150,0
IMOM.US,5,20251105,191500,36.71,36.71,36.71,36.71,100,0
IMOM.US,5,20251105,192500,36.695,36.695,36.695,36.695,145,0
IMOM.US,5,20251105,193000,36.68,36.6801,36.61,36.6101,2027,0
IMOM.US,5,20251105,194500,36.66,36.66,36.66,36.66,297,0
IMOM.US,5,20251105,195500,36.6105,36.635,36.6105,36.635,300,0
IMOM.US,5,20251105,210000,36.62,36.66,36.62,36.66,2112,0
IMOM.US,5,20251105,212000,36.66,36.66,36.66,36.66,370,0
IMOM.US,5,20251105,215000,36.65,36.655,36.65,36.655,888,0
IMOM.US,5,20251105,215500,36.6595,36.6595,36.6504,36.6504,400,0
IMOM.US,5,20251106,154500,36.7718,36.8,36.7718,36.8,600,0
IMOM.US,5,20251106,161500,36.72,36.72,36.6601,36.6601,685,0
IMOM.US,5,20251106,162500,36.74,36.74,36.74,36.74,412,0
IMOM.US,5,20251106,163000,36.7301,36.7301,36.7301,36.7301,194,0
IMOM.US,5,20251106,163500,36.67,36.67,36.571,36.581,2806,0
IMOM.US,5,20251106,165000,36.5709,36.5709,36.5709,36.5709,185,0
IMOM.US,5,20251106,170500,36.65,36.71,36.65,36.71,11448,0
IMOM.US,5,20251106,172000,36.63,36.69,36.63,36.69,11572,0
IMOM.US,5,20251106,172500,36.636,36.636,36.636,36.636,100,0
IMOM.US,5,20251106,174000,36.622,36.622,36.622,36.622,137,0
IMOM.US,5,20251106,190500,36.6585,36.66,36.6585,36.66,350,0
IMOM.US,5,20251106,195500,36.65,36.6501,36.65,36.6501,350,0
IMOM.US,5,20251106,203500,36.755,36.755,36.755,36.755,1609,0
IMOM.US,5,20251106,212000,36.78,36.78,36.78,36.78,100,0
IMOM.US,5,20251107,153000,36.67,36.69,36.64,36.64,4100,0
IMOM.US,5,20251107,153500,36.615,36.615,36.615,36.615,312,0
IMOM.US,5,20251107,155000,36.706,36.706,36.699,36.699,318,0
IMOM.US,5,20251107,155500,36.76,36.76,36.76,36.76,100,0
IMOM.US,5,20251107,161000,36.73,36.75,36.73,36.75,748,0
IMOM.US,5,20251107,165000,36.68,36.68,36.68,36.68,500,0
IMOM.US,5,20251107,171000,36.66,36.66,36.66,36.66,500,0
IMOM.US,5,20251107,173500,36.66,36.66,36.66,36.66,1000,0
IMOM.US,5,20251107,180500,36.59,36.59,36.59,36.59,3000,0
IMOM.US,5,20251107,183000,36.731,36.74,36.713,36.713,1264,0
IMOM.US,5,20251107,183500,36.72,36.72,36.72,36.72,100,0
IMOM.US,5,20251107,193500,36.81,36.82,36.79,36.8,1621,0
IMOM.US,5,20251107,203000,36.825,36.825,36.825,36.825,294,0
IMOM.US,5,20251107,205500,36.86,36.86,36.86,36.86,1166,0
IMOM.US,5,20251110,153000,37.53,37.53,37.53,37.53,173,0
IMOM.US,5,20251110,162500,37.3235,37.502,37.3235,37.42,2316,0
IMOM.US,5,20251110,194500,37.53,37.56,37.53,37.56,1800,0
IMOM.US,5,20251110,211500,37.535,37.535,37.535,37.535,481,0
IMOM.US,5,20251110,215000,37.535,37.535,37.535,37.535,110,0
IMOM.US,5,20251111,153000,37.45,37.45,37.45,37.45,3500,0
IMOM.US,5,20251111,155000,37.49,37.49,37.49,37.49,1000,0
IMOM.US,5,20251111,161000,37.4997,37.4997,37.4997,37.4997,190,0
IMOM.US,5,20251111,162000,37.4801,37.4801,37.4801,37.4801,375,0
IMOM.US,5,20251111,172000,37.48,37.48,37.46,37.465,300,0
IMOM.US,5,20251111,173500,37.51,37.51,37.51,37.51,285,0
IMOM.US,5,20251111,181500,37.5753,37.5753,37.5753,37.5753,971,0
IMOM.US,5,20251111,185000,37.61,37.61,37.61,37.61,100,0
IMOM.US,5,20251111,191500,37.62,37.62,37.62,37.62,100,0
IMOM.US,5,20251111,195500,37.56,37.59,37.56,37.59,376,0
IMOM.US,5,20251111,200000,37.63,37.63,37.63,37.63,500,0
IMOM.US,5,20251111,203000,37.655,37.655,37.655,37.655,100,0
IMOM.US,5,20251111,204000,37.65,37.6517,37.65,37.6517,526,0
IMOM.US,5,20251111,212000,37.6582,37.6582,37.6582,37.6582,100,0
IMOM.US,5,20251112,155000,37.94,37.94,37.94,37.94,100,0
IMOM.US,5,20251112,161000,38.0201,38.0201,38.02,38.02,1130,0
IMOM.US,5,20251112,164000,38.1064,38.1064,38.1064,38.1064,210,0
IMOM.US,5,20251112,165000,38.1395,38.1395,38.1122,38.1122,1284,0
IMOM.US,5,20251112,170000,38.123,38.13,38.123,38.13,1334,0
IMOM.US,5,20251112,171500,38.146,38.146,38.146,38.146,105,0
IMOM.US,5,20251112,175500,38.1565,38.1796,38.1565,38.1796,338,0
IMOM.US,5,20251112,184500,38.22,38.22,38.22,38.22,100,0
IMOM.US,5,20251112,190500,38.175,38.175,38.175,38.175,117,0
IMOM.US,5,20251112,191000,38.205,38.25,38.16,38.25,1916,0
IMOM.US,5,20251112,195000,38.25,38.25,38.25,38.25,102,0
IMOM.US,5,20251112,195500,38.2,38.2,38.2,38.2,242,0
IMOM.US,5,20251112,200500,38.185,38.185,38.185,38.185,1000,0
IMOM.US,5,20251112,202000,38.1749,38.21,38.04,38.1395,17647,0
IMOM.US,5,20251112,203000,38.09,38.09,38.09,38.09,100,0
IMOM.US,5,20251112,203500,38.13,38.142,38.01,38.09,9961,0
IMOM.US,5,20251112,205500,38.1195,38.16,37.902,38.0355,39783,0
IMOM.US,5,20251112,212000,37.99,37.99,37.99,37.99,100,0
IMOM.US,5,20251112,212500,38.0355,38.0355,37.9101,37.975,50017,0
IMOM.US,5,20251112,215500,38.01,38.01,37.97,38.01,824,0
IMOM.US,5,20251113,153500,38.46,38.46,38.46,38.46,100,0
IMOM.US,5,20251113,154500,38.43,38.43,38.43,38.43,100,0
IMOM.US,5,20251113,155000,38.435,38.4495,38.435,38.44,1210,0
IMOM.US,5,20251113,161500,38.469,38.469,38.469,38.469,100,0
IMOM.US,5,20251113,164500,38.4,38.4,38.4,38.4,537,0
IMOM.US,5,20251113,165000,38.35,38.35,38.35,38.35,354,0
IMOM.US,5,20251113,170500,38.33,38.33,38.33,38.33,117,0
IMOM.US,5,20251113,173000,38.3,38.3,38.3,38.3,100,0
IMOM.US,5,20251113,190000,38.24,38.2694,38.24,38.2694,2022,0
IMOM.US,5,20251113,191000,38.17,38.2,38.135,38.15,2367,0
IMOM.US,5,20251113,194000,38.0107,38.0107,38.0107,38.0107,1513,0
IMOM.US,5,20251113,202000,38.01,38.01,38.01,38.01,100,0
IMOM.US,5,20251113,204000,38.015,38.015,38.015,38.015,368,0
IMOM.US,5,20251113,211500,37.98,37.98,37.98,37.98,100,0
IMOM.US,5,20251113,212500,37.97,37.99,37.97,37.985,400,0
IMOM.US,5,20251113,213000,37.985,37.985,37.985,37.985,200,0
IMOM.US,5,20251113,213500,37.99,38.01,37.99,38.01,1132,0
IMOM.US,5,20251113,215000,38.014,38.014,38.014,38.014,120,0
IMOM.US,5,20251114,153000,37.65,37.65,37.65,37.65,100,0
IMOM.US,5,20251114,153500,37.655,37.6791,37.655,37.6791,2300,0
IMOM.US,5,20251114,154000,37.68,37.68,37.68,37.68,445,0
IMOM.US,5,20251114,155000,37.826,37.826,37.826,37.826,193,0
IMOM.US,5,20251114,160500,37.79,37.79,37.79,37.79,100,0
IMOM.US,5,20251114,161500,37.8,37.81,37.8,37.8,500,0
IMOM.US,5,20251114,162500,37.81,37.81,37.79,37.79,655,0
IMOM.US,5,20251114,164500,37.88,37.95,37.87,37.8712,57293,0
IMOM.US,5,20251114,165000,37.9085,37.94,37.87,37.93,13239,0
IMOM.US,5,20251114,165500,37.88,37.88,37.88,37.88,300,0
IMOM.US,5,20251114,170500,37.82,37.82,37.82,37.82,1027,0
IMOM.US,5,20251114,172000,37.945,37.945,37.945,37.945,100,0
IMOM.US,5,20251114,174500,37.97,37.99,37.97,37.99,2600,0
IMOM.US,5,20251114,175000,37.96,37.96,37.96,37.96,901,0
IMOM.US,5,20251114,182000,37.9625,37.9625,37.9625,37.9625,350,0
IMOM.US,5,20251114,183500,37.9686,37.98,37.9686,37.98,600,0
IMOM.US,5,20251114,184000,37.95,37.95,37.95,37.95,100,0
IMOM.US,5,20251114,191000,37.94,37.94,37.93,37.93,700,0
IMOM.US,5,20251114,192000,37.88,37.88,37.88,37.88,200,0
IMOM.US,5,20251114,193000,37.91,37.94,37.88,37.94,1964,0
IMOM.US,5,20251114,195000,37.84,37.84,37.84,37.84,100,0
IMOM.US,5,20251114,195500,37.9099,37.92,37.9099,37.92,300,0
IMOM.US,5,20251114,205000,37.935,37.94,37.935,37.9399,300,0
IMOM.US,5,20251114,205500,37.98,37.98,37.93,37.93,3711,0
IMOM.US,5,20251114,210000,37.94,37.94,37.94,37.94,2982,0
IMOM.US,5,20251114,210500,37.94,37.94,37.9006,37.9006,277,0
IMOM.US,5,20251114,212000,37.84,37.84,37.84,37.84,105,0
IMOM.US,5,20251114,213500,37.890806,37.93,37.890806,37.93,431,0
IMOM.US,5,20251114,215500,37.89,37.89,37.89,37.89,100,0
IMOM.US,5,20251117,153500,37.93,37.93,37.92,37.93,1505,0
IMOM.US,5,20251117,154000,37.94,37.9667,37.8201,37.875,3841,0
IMOM.US,5,20251117,155500,38,38,38,38,157,0
IMOM.US,5,20251117,161000,37.9072,37.9072,37.86,37.86,730,0
IMOM.US,5,20251117,164000,37.86,37.86,37.86,37.86,100,0
IMOM.US,5,20251117,165500,37.838,37.838,37.826,37.826,1900,0
IMOM.US,5,20251117,170500,37.76,37.76,37.75,37.75,200,0
IMOM.US,5,20251117,171000,37.741,37.75,37.741,37.75,800,0
IMOM.US,5,20251117,172000,37.75,37.75,37.745,37.745,200,0
IMOM.US,5,20251117,172500,37.75,37.75,37.75,37.75,277,0
IMOM.US,5,20251117,173500,37.87,37.87,37.87,37.87,100,0
IMOM.US,5,20251117,183500,37.92,37.92,37.92,37.92,100,0
IMOM.US,5,20251117,190000,37.858,37.858,37.858,37.858,105,0
IMOM.US,5,20251117,192500,37.8499,37.8499,37.76,37.76,200,0
IMOM.US,5,20251117,193500,37.76,37.76,37.76,37.76,100,0
IMOM.US,5,20251117,194500,37.79,37.79,37.79,37.79,100,0
IMOM.US,5,20251117,205500,37.6501,37.6501,37.5296,37.5296,1095,0
IMOM.US,5,20251117,211000,37.51,37.51,37.51,37.51,400,0
IMOM.US,5,20251117,211500,37.52,37.52,37.52,37.52,100,0
IMOM.US,5,20251117,212000,37.49,37.4901,37.49,37.4901,200,0
IMOM.US,5,20251117,214500,37.525,37.53,37.525,37.53,648,0
IMOM.US,5,20251117,215500,37.59,37.6,37.59,37.59,741,0
IMOM.US,5,20251118,153000,36.72,36.72,36.72,36.72,1380,0
IMOM.US,5,20251118,154000,36.99,36.9906,36.99,36.99,610,0
IMOM.US,5,20251118,155500,36.89,36.89,36.89,36.89,100,0
IMOM.US,5,20251118,162000,36.82,36.8373,36.82,36.8351,561,0
IMOM.US,5,20251118,163000,36.84,36.84,36.83,36.83,200,0
IMOM.US,5,20251118,164000,36.76,36.7601,36.68,36.76,1484,0
IMOM.US,5,20251118,170500,36.66,36.66,36.66,36.66,100,0
IMOM.US,5,20251118,171000,36.7,36.7,36.7,36.7,200,0
IMOM.US,5,20251118,171500,36.71,36.73,36.705,36.72,970,0
IMOM.US,5,20251118,172500,36.79,36.79,36.79,36.79,100,0
IMOM.US,5,20251118,174000,36.82,36.82,36.82,36.82,100,0
IMOM.US,5,20251118,181500,36.8,36.8,36.8,36.8,100,0
IMOM.US,5,20251118,190000,36.92,36.92,36.92,36.92,100,0
IMOM.US,5,20251118,193000,36.9999,36.9999,36.96,36.96,300,0
IMOM.US,5,20251118,202500,36.95,36.95,36.95,36.95,100,0
IMOM.US,5,20251118,204000,36.9758,36.9758,36.9758,36.9758,128,0
IMOM.US,5,20251118,204500,36.98,36.985,36.98,36.985,900,0
IMOM.US,5,20251118,215500,36.88,36.88,36.88,36.88,100,0
IMOM.US,5,20251119,161000,37.01,37.065,37.01,37.065,577,0
IMOM.US,5,20251119,161500,37.055,37.055,37.055,37.055,402,0
IMOM.US,5,20251119,162000,37.01,37.0128,37.01,37.0118,931,0
IMOM.US,5,20251119,162500,36.99,36.99,36.98,36.98,200,0
IMOM.US,5,20251119,164000,36.924121,36.924121,36.924121,36.924121,218,0
IMOM.US,5,20251119,165000,36.87,36.87,36.87,36.87,100,0
IMOM.US,5,20251119,172000,36.78,36.78,36.74,36.74,1050,0
IMOM.US,5,20251119,173000,36.72,36.72,36.72,36.72,452,0
IMOM.US,5,20251119,174000,36.6541,36.6541,36.6541,36.6541,200,0
IMOM.US,5,20251119,175000,36.7,36.7,36.7,36.7,400,0
IMOM.US,5,20251119,182000,36.67,36.67,36.67,36.67,100,0
IMOM.US,5,20251119,190000,36.71,36.722,36.71,36.722,400,0
IMOM.US,5,20251119,200500,36.7383,36.7383,36.7383,36.7383,255,0
IMOM.US,5,20251119,201000,36.72,36.745,36.72,36.745,727,0
IMOM.US,5,20251119,205000,36.69,36.69,36.69,36.69,100,0
IMOM.US,5,20251119,205500,36.695,36.695,36.695,36.695,100,0
IMOM.US,5,20251119,214000,36.82,36.82,36.8199,36.8199,2000,0
IMOM.US,5,20251119,215000,36.77,36.77,36.755,36.755,383,0
IMOM.US,5,20251120,153000,37.73,37.73,37.73,37.73,820,0
IMOM.US,5,20251120,161000,37.42,37.42,37.42,37.42,100,0
IMOM.US,5,20251120,161500,37.3761,37.39,37.3761,37.39,291,0
IMOM.US,5,20251120,162500,37.465,37.465,37.465,37.465,100,0
IMOM.US,5,20251120,163000,37.47,37.47,37.47,37.47,100,0
IMOM.US,5,20251120,164000,37.4501,37.4501,37.4501,37.4501,105,0
IMOM.US,5,20251120,164500,37.47,37.47,37.47,37.47,100,0
IMOM.US,5,20251120,171000,37.27,37.27,37.27,37.27,100,0
IMOM.US,5,20251120,182500,36.81,36.81,36.81,36.81,100,0
IMOM.US,5,20251120,191000,36.85,36.85,36.85,36.85,100,0
IMOM.US,5,20251120,203500,36.7267,36.73,36.7267,36.73,1957,0
IMOM.US,5,20251120,214000,36.7099,36.7099,36.7099,36.7099,125,0
IMOM.US,5,20251121,155000,36.49,36.49,36.49,36.49,280,0
IMOM.US,5,20251121,155500,36.4309,36.4309,36.4309,36.4309,100,0
IMOM.US,5,20251121,162000,36.28,36.28,36.28,36.28,300,0
IMOM.US,5,20251121,164000,36.2499,36.26,36.2499,36.26,656,0
IMOM.US,5,20251121,165000,36.285,36.285,36.285,36.285,669,0
IMOM.US,5,20251121,171500,36.2,36.2,36.2,36.2,236,0
IMOM.US,5,20251121,173000,36.27,36.27,36.27,36.27,200,0
IMOM.US,5,20251121,190500,36.3678,36.3678,36.3678,36.3678,439,0
IMOM.US,5,20251121,191000,36.35,36.35,36.35,36.35,300,0
IMOM.US,5,20251121,191500,36.33,36.3799,36.33,36.3799,380,0
IMOM.US,5,20251121,194000,36.32,36.38,36.32,36.38,300,0
IMOM.US,5,20251121,200000,36.53,36.53,36.53,36.53,200,0
IMOM.US,5,20251121,204000,36.51,36.51,36.51,36.51,100,0
IMOM.US,5,20251121,213500,36.48,36.48,36.48,36.48,100,0
IMOM.US,5,20251121,214000,36.48,36.48,36.4799,36.4799,1100,0
IMOM.US,5,20251124,161000,36.6,36.6,36.6,36.6,100,0
IMOM.US,5,20251124,161500,36.65,36.65,36.65,36.65,3629,0
IMOM.US,5,20251124,165000,36.67,36.67,36.67,36.67,100,0
IMOM.US,5,20251124,165500,36.69,36.69,36.69,36.69,100,0
IMOM.US,5,20251124,170000,36.71,36.71,36.69,36.7,1897,0
IMOM.US,5,20251124,171000,36.6601,36.6601,36.6601,36.6601,191,0
IMOM.US,5,20251124,173000,36.69,36.69,36.68,36.69,600,0
IMOM.US,5,20251124,174500,36.65,36.65,36.65,36.65,100,0
IMOM.US,5,20251124,183000,36.6419,36.6419,36.625,36.625,467,0
IMOM.US,5,20251124,184000,36.64,36.64,36.63,36.63,200,0
IMOM.US,5,20251124,184500,36.65,36.65,36.65,36.65,100,0
IMOM.US,5,20251124,191000,36.72,36.72,36.72,36.72,100,0
IMOM.US,5,20251124,192000,36.7499,36.7499,36.7499,36.7499,109,0
IMOM.US,5,20251124,192500,36.715,36.715,36.715,36.715,817,0
IMOM.US,5,20251124,195000,36.74,36.74,36.74,36.74,100,0
IMOM.US,5,20251124,201000,36.72,36.72,36.72,36.72,100,0
IMOM.US,5,20251124,202000,36.74,36.74,36.72,36.72,1865,0
IMOM.US,5,20251124,204500,36.6501,36.6501,36.65,36.6501,519,0
IMOM.US,5,20251124,205000,36.65,36.65,36.65,36.65,100,0
IMOM.US,5,20251124,212500,36.76,36.76,36.76,36.76,1127,0
IMOM.US,5,20251124,215000,36.72,36.72,36.72,36.72,100,0
IMOM.US,5,20251124,215500,36.71,36.71,36.71,36.71,141,0
IMOM.US,5,20251125,154000,36.78,36.78,36.75,36.75,1870,0
IMOM.US,5,20251125,160000,36.61,36.61,36.61,36.61,100,0
IMOM.US,5,20251125,160500,36.625,36.625,36.625,36.625,236,0
IMOM.US,5,20251125,161500,36.68,36.68,36.68,36.68,100,0
IMOM.US,5,20251125,162000,36.6972,36.6972,36.6972,36.6972,361,0
IMOM.US,5,20251125,164500,36.75,36.75,36.75,36.75,100,0
IMOM.US,5,20251125,170500,36.74,36.74,36.74,36.74,100,0
IMOM.US,5,20251125,171000,36.78,36.78,36.78,36.78,200,0
IMOM.US,5,20251125,174500,36.78,36.78,36.78,36.78,100,0
IMOM.US,5,20251125,175500,36.83,36.83,36.83,36.83,300,0
IMOM.US,5,20251125,180000,36.83,36.83,36.83,36.83,100,0
IMOM.US,5,20251125,183000,36.88,36.88,36.88,36.88,100,0
IMOM.US,5,20251125,183500,36.945,36.945,36.945,36.945,363,0
IMOM.US,5,20251125,184500,36.92,36.92,36.92,36.92,256,0
IMOM.US,5,20251125,194000,36.861,36.861,36.861,36.861,149,0
IMOM.US,5,20251125,195000,36.88,36.88,36.88,36.88,100,0
IMOM.US,5,20251125,201500,36.8731,36.8731,36.8731,36.8731,207,0
IMOM.US,5,20251125,203000,36.821,36.821,36.821,36.821,463,0
IMOM.US,5,20251125,204500,36.91,36.91,36.91,36.91,200,0
IMOM.US,5,20251125,214500,36.88,36.88,36.88,36.88,100,0
IMOM.US,5,20251125,215000,36.91,36.91,36.91,36.91,118,0
IMOM.US,5,20251125,215500,36.89,36.91,36.89,36.89,655,0
IMOM.US,5,20251126,153500,37.39,37.39,37.39,37.39,300,0
IMOM.US,5,20251126,154000,37.4174,37.4174,37.4174,37.4174,105,0
IMOM.US,5,20251126,160000,37.3495,37.3495,37.3495,37.3495,548,0
IMOM.US,5,20251126,161000,37.36,37.36,37.36,37.36,300,0
IMOM.US,5,20251126,170500,37.48,37.48,37.48,37.48,200,0
IMOM.US,5,20251126,171000,37.5,37.5,37.5,37.5,200,0
IMOM.US,5,20251126,172000,37.55,37.55,37.55,37.55,200,0
IMOM.US,5,20251126,172500,37.565,37.58,37.565,37.5795,530,0
IMOM.US,5,20251126,173000,37.567,37.567,37.567,37.567,120,0
IMOM.US,5,20251126,175500,37.5925,37.5925,37.59,37.59,211,0
IMOM.US,5,20251126,180000,37.55,37.55,37.55,37.55,200,0
IMOM.US,5,20251126,181000,37.57,37.57,37.5582,37.5582,400,0
IMOM.US,5,20251126,184500,37.55,37.55,37.55,37.55,200,0
IMOM.US,5,20251126,192500,37.56,37.56,37.56,37.56,100,0
IMOM.US,5,20251126,193000,37.56,37.56,37.56,37.56,200,0
IMOM.US,5,20251126,194500,37.52,37.52,37.52,37.52,100,0
IMOM.US,5,20251126,195000,37.53,37.53,37.53,37.53,100,0
IMOM.US,5,20251126,195500,37.53,37.53,37.53,37.53,100,0
IMOM.US,5,20251126,200000,37.545,37.545,37.545,37.545,100,0
IMOM.US,5,20251126,201000,37.54,37.54,37.54,37.54,100,0
IMOM.US,5,20251126,203500,37.545,37.545,37.545,37.545,100,0
IMOM.US,5,20251126,205500,37.5499,37.5499,37.5499,37.5499,100,0
IMOM.US,5,20251126,211500,37.5436,37.55,37.5436,37.55,450,0
IMOM.US,5,20251126,212000,37.565,37.57,37.565,37.57,300,0
IMOM.US,5,20251126,213000,37.585,37.585,37.58,37.58,799,0
IMOM.US,5,20251126,213500,37.58,37.58,37.575,37.575,300,0
IMOM.US,5,20251126,214000,37.575,37.58,37.575,37.58,200,0
IMOM.US,5,20251128,155500,37.74,37.75,37.74,37.75,200,0
IMOM.US,5,20251128,160000,37.8,37.8,37.8,37.8,977,0
IMOM.US,5,20251128,174000,37.778,37.778,37.778,37.778,238,0
IMOM.US,5,20251128,180000,37.77,37.77,37.77,37.77,100,0
IMOM.US,5,20251128,185500,37.78,37.78,37.78,37.78,259,0
IMOM.US,5,20251201,154000,37.39,37.39,37.39,37.39,300,0
IMOM.US,5,20251201,160000,37.455,37.455,37.455,37.455,202,0
IMOM.US,5,20251201,163000,37.4022,37.4022,37.4022,37.4022,150,0
IMOM.US,5,20251201,170000,37.4832,37.4832,37.48,37.48,684,0
IMOM.US,5,20251201,172000,37.46,37.46,37.46,37.46,268,0
IMOM.US,5,20251201,184500,37.4922,37.4922,37.4922,37.4922,101,0
IMOM.US,5,20251201,191500,37.47,37.47,37.47,37.47,800,0
IMOM.US,5,20251201,200000,37.435,37.435,37.435,37.435,666,0
IMOM.US,5,20251201,200500,37.415,37.415,37.415,37.415,150,0
IMOM.US,5,20251201,204000,37.4099,37.4099,37.4099,37.4099,150,0
IMOM.US,5,20251201,215500,37.325,37.325,37.325,37.325,164,0
IMOM.US,5,20251202,153000,37.32,37.32,37.32,37.32,194,0
IMOM.US,5,20251202,162500,37.4738,37.4738,37.4738,37.4738,270,0
IMOM.US,5,20251202,165500,37.4501,37.4501,37.45,37.45,408,0
IMOM.US,5,20251202,174000,37.455,37.455,37.455,37.455,100,0
IMOM.US,5,20251202,182000,37.4765,37.4765,37.4765,37.4765,224,0
IMOM.US,5,20251202,183000,37.46,37.4601,37.46,37.4601,200,0
IMOM.US,5,20251202,185000,37.46,37.46,37.46,37.46,274,0
IMOM.US,5,20251202,190500,37.455,37.455,37.455,37.455,1112,0
IMOM.US,5,20251202,210000,37.545,37.545,37.545,37.545,130,0
IMOM.US,5,20251202,210500,37.54,37.54,37.54,37.54,169,0
IMOM.US,5,20251202,212000,37.5008,37.5008,37.5008,37.5008,1491,0
IMOM.US,5,20251202,214000,37.57,37.6192,37.57,37.57,2050,0
IMOM.US,5,20251202,215500,37.5403,37.5409,37.49,37.5409,1001,0
IMOM.US,5,20251203,161000,37.57,37.57,37.57,37.57,100,0
IMOM.US,5,20251203,172500,37.62,37.6222,37.62,37.62,425,0
IMOM.US,5,20251203,173000,37.61,37.61,37.61,37.61,100,0
IMOM.US,5,20251203,175500,37.528,37.528,37.528,37.528,500,0
IMOM.US,5,20251203,181500,37.56,37.56,37.56,37.56,200,0
IMOM.US,5,20251203,191500,37.66,37.66,37.66,37.66,100,0
IMOM.US,5,20251203,194000,37.66,37.66,37.645,37.645,200,0
IMOM.US,5,20251203,194500,37.665,37.665,37.665,37.665,100,0
IMOM.US,5,20251203,201000,37.6259,37.6259,37.6259,37.6259,119,0
IMOM.US,5,20251203,201500,37.66,37.66,37.63,37.64,400,0
IMOM.US,5,20251203,203500,37.7,37.71,37.696,37.702,2501,0
IMOM.US,5,20251203,204500,37.67,37.67,37.63,37.6301,18083,0
IMOM.US,5,20251203,211000,37.675,37.675,37.675,37.675,181,0
IMOM.US,5,20251203,212000,37.675,37.7054,37.675,37.7054,345,0
IMOM.US,5,20251203,215500,37.67,37.67,37.64,37.64,600,0
IMOM.US,5,20251204,162000,37.7,37.7,37.7,37.7,100,0
IMOM.US,5,20251204,171500,37.765,37.765,37.765,37.765,107,0
IMOM.US,5,20251204,172000,37.775,37.775,37.775,37.775,902,0
IMOM.US,5,20251204,172500,37.77,37.77,37.77,37.77,100,0
IMOM.US,5,20251204,190000,37.725,37.7593,37.725,37.73,4332,0
IMOM.US,5,20251204,190500,37.715,37.715,37.715,37.715,141,0
IMOM.US,5,20251204,192500,37.72,37.72,37.72,37.72,100,0
IMOM.US,5,20251204,194000,37.7047,37.7047,37.7047,37.7047,3300,0
IMOM.US,5,20251204,200000,37.73,37.7419,37.73,37.7419,225,0
IMOM.US,5,20251204,201500,37.7,37.71,37.7,37.71,400,0
IMOM.US,5,20251204,202000,37.61,37.61,37.61,37.61,100,0
IMOM.US,5,20251204,203000,37.635,37.65,37.635,37.65,200,0
IMOM.US,5,20251204,203500,37.685,37.685,37.685,37.685,100,0
IMOM.US,5,20251204,210500,37.63,37.63,37.63,37.63,100,0
IMOM.US,5,20251205,153000,37.91,37.91,37.91,37.91,290,0
IMOM.US,5,20251205,154500,37.943,37.95,37.915,37.95,965,0
IMOM.US,5,20251205,170000,37.7785,37.78,37.75,37.78,300,0
IMOM.US,5,20251205,174500,37.63,37.65,37.63,37.65,200,0
IMOM.US,5,20251205,180500,37.71,37.71,37.7099,37.7099,200,0
IMOM.US,5,20251205,184000,37.6257,37.64,37.6257,37.64,232,0
IMOM.US,5,20251205,190500,37.71,37.71,37.71,37.71,100,0
IMOM.US,5,20251205,202000,37.66,37.66,37.66,37.66,235,0
IMOM.US,5,20251205,204000,37.67,37.67,37.67,37.67,100,0
IMOM.US,5,20251205,210000,37.6402,37.6402,37.6402,37.6402,128,0
IMOM.US,5,20251208,154000,37.8701,37.8701,37.8701,37.8701,316,0
IMOM.US,5,20251208,161500,37.81,37.81,37.7833,37.7833,557,0
IMOM.US,5,20251208,162000,37.79,37.79,37.79,37.79,100,0
IMOM.US,5,20251208,165500,37.73,37.73,37.73,37.73,100,0
IMOM.US,5,20251208,171000,37.77,37.77,37.77,37.77,100,0
IMOM.US,5,20251208,172000,37.78,37.78,37.78,37.78,100,0
IMOM.US,5,20251208,174000,37.7923,37.799,37.79,37.79,556,0
IMOM.US,5,20251208,182500,37.79,37.79,37.79,37.79,100,0
IMOM.US,5,20251208,183500,37.79,37.81,37.79,37.7901,625,0
IMOM.US,5,20251208,185000,37.81,37.81,37.81,37.81,100,0
IMOM.US,5,20251208,192000,37.8659,37.8659,37.8659,37.8659,182,0
IMOM.US,5,20251208,195000,37.84,37.84,37.84,37.84,600,0
IMOM.US,5,20251208,203000,37.8299,37.8299,37.81,37.81,317,0
IMOM.US,5,20251208,204000,37.83,37.83,37.83,37.83,100,0
IMOM.US,5,20251208,215500,37.79,37.79,37.79,37.79,100,0
IMOM.US,5,20251209,161500,38,38,38,38,555,0
IMOM.US,5,20251209,162000,37.96,37.96,37.96,37.96,100,0
IMOM.US,5,20251209,162500,37.99,37.99,37.99,37.99,100,0
IMOM.US,5,20251209,164000,38.04,38.06,38.03,38.03,1408,0
IMOM.US,5,20251209,164500,37.985,37.985,37.985,37.985,137,0
IMOM.US,5,20251209,165500,38.0299,38.0299,38.0299,38.0299,150,0
IMOM.US,5,20251209,170000,38.025,38.03,38.025,38.03,200,0
IMOM.US,5,20251209,171000,38.07,38.07,38.07,38.07,100,0
IMOM.US,5,20251209,175500,38.02,38.02,38.02,38.02,100,0
IMOM.US,5,20251209,180000,38.0899,38.0899,38.0899,38.0899,194,0
IMOM.US,5,20251209,182000,37.9906,38.01,37.9906,38.01,858,0
IMOM.US,5,20251209,192500,37.965,37.965,37.965,37.965,119,0
IMOM.US,5,20251209,193000,37.967,37.967,37.967,37.967,100,0
IMOM.US,5,20251209,200000,37.95,37.95,37.95,37.95,100,0
IMOM.US,5,20251209,202500,37.93,37.93,37.93,37.93,100,0
IMOM.US,5,20251209,205500,37.96,37.96,37.96,37.96,100,0
IMOM.US,5,20251209,215000,37.93,37.93,37.93,37.93,100,0
IMOM.US,5,20251209,215500,37.96,37.96,37.9359,37.9359,280,0
IMOM.US,5,20251210,154500,37.976,37.976,37.976,37.976,270,0
IMOM.US,5,20251210,161500,37.93,37.93,37.93,37.93,316,0
IMOM.US,5,20251210,163000,37.91,37.91,37.91,37.91,100,0
IMOM.US,5,20251210,164000,37.926,37.926,37.926,37.926,203,0
IMOM.US,5,20251210,171000,37.95,37.95,37.95,37.95,100,0
IMOM.US,5,20251210,175500,38.06,38.08,38.06,38.08,700,0
IMOM.US,5,20251210,185500,38.11,38.11,38.11,38.11,200,0
IMOM.US,5,20251210,190500,38.115,38.115,38.115,38.115,300,0
IMOM.US,5,20251210,195000,38.1137,38.1137,38.1137,38.1137,300,0
IMOM.US,5,20251210,195500,38.1,38.1,38.1,38.1,138,0
IMOM.US,5,20251210,200000,38.0215,38.3489,38.0215,38.3489,3952,0
IMOM.US,5,20251210,200500,38.2,38.23,38.2,38.23,200,0
IMOM.US,5,20251210,205000,38.27,38.2799,38.269,38.2799,669,0
IMOM.US,5,20251210,210500,38.43,38.43,38.43,38.43,1743,0
IMOM.US,5,20251210,211000,38.44,38.44,38.44,38.44,100,0
IMOM.US,5,20251210,214000,38.41,38.41,38.404,38.404,251,0
IMOM.US,5,20251210,215500,38.367,38.367,38.367,38.367,174,0
IMOM.US,5,20251211,153500,38.48,38.48,38.48,38.48,109,0
IMOM.US,5,20251211,160000,38.4295,38.4295,38.4295,38.4295,168,0
IMOM.US,5,20251211,164000,38.6292,38.6292,38.6292,38.6292,1000,0
IMOM.US,5,20251211,164500,38.63,38.63,38.6299,38.6299,600,0
IMOM.US,5,20251211,173500,38.549,38.563,38.535,38.563,1573,0
IMOM.US,5,20251211,174000,38.56,38.56,38.56,38.56,200,0
IMOM.US,5,20251211,191500,38.67,38.67,38.67,38.67,100,0
IMOM.US,5,20251211,194500,38.6815,38.6815,38.6815,38.6815,387,0
IMOM.US,5,20251211,201500,38.68,38.68,38.6796,38.6796,900,0
IMOM.US,5,20251211,202000,38.67,38.67,38.67,38.67,100,0
IMOM.US,5,20251211,205000,38.6615,38.6615,38.6615,38.6615,492,0
IMOM.US,5,20251212,154000,38.68,38.68,38.68,38.68,158,0
IMOM.US,5,20251212,161000,38.6215,38.6215,38.6215,38.6215,470,0
IMOM.US,5,20251212,162000,38.5,38.5,38.41,38.4401,6077,0
IMOM.US,5,20251212,162500,38.4,38.4,38.4,38.4,200,0
IMOM.US,5,20251212,163500,38.4,38.4,38.4,38.4,100,0
IMOM.US,5,20251212,164500,38.42,38.45,38.42,38.45,300,0
IMOM.US,5,20251212,165500,38.4,38.4,38.4,38.4,100,0
IMOM.US,5,20251212,170500,38.29,38.2921,38.29,38.2921,782,0
IMOM.US,5,20251212,171500,38.2799,38.28,38.2799,38.28,600,0
IMOM.US,5,20251212,172500,38.26,38.26,38.26,38.26,200,0
IMOM.US,5,20251212,173500,38.215,38.215,38.2,38.2,200,0
IMOM.US,5,20251212,175000,38.208,38.208,38.208,38.208,400,0
IMOM.US,5,20251212,175500,38.21,38.21,38.21,38.21,100,0
IMOM.US,5,20251212,184000,38.35,38.35,38.35,38.35,100,0
IMOM.US,5,20251212,191000,38.42,38.42,38.42,38.42,200,0
IMOM.US,5,20251212,192500,38.445,38.445,38.4,38.4001,746,0
IMOM.US,5,20251212,193000,38.4776,38.4776,38.4776,38.4776,376,0
IMOM.US,5,20251212,201500,38.41,38.4199,38.37,38.4199,750,0
IMOM.US,5,20251212,214500,38.34,38.34,38.34,38.34,549,0
IMOM.US,5,20251212,215500,38.32,38.32,38.32,38.32,139,0
IMOM.US,5,20251215,155000,38.5,38.5,38.5,38.5,500,0
IMOM.US,5,20251215,155500,38.5,38.5,38.5,38.5,500,0
IMOM.US,5,20251215,160000,38.51,38.51,38.51,38.51,327,0
IMOM.US,5,20251215,161500,38.5,38.5,38.5,38.5,100,0
IMOM.US,5,20251215,162500,38.45,38.45,38.45,38.45,200,0
IMOM.US,5,20251215,163000,38.45,38.45,38.45,38.45,200,0
IMOM.US,5,20251215,165500,38.5,38.5,38.5,38.5,100,0
IMOM.US,5,20251215,173000,38.51,38.51,38.47,38.47,1800,0
IMOM.US,5,20251215,173500,38.45,38.45,38.45,38.45,450,0
IMOM.US,5,20251215,175000,38.43,38.43,38.43,38.43,100,0
IMOM.US,5,20251215,181500,38.45,38.45,38.45,38.45,400,0
IMOM.US,5,20251215,182500,38.4414,38.4414,38.4414,38.4414,306,0
IMOM.US,5,20251215,183000,38.47,38.47,38.455,38.46,1399,0
IMOM.US,5,20251215,184500,38.48,38.48,38.48,38.48,1000,0
IMOM.US,5,20251215,185500,38.445,38.445,38.445,38.445,150,0
IMOM.US,5,20251215,190000,38.45,38.45,38.45,38.45,200,0
IMOM.US,5,20251215,193000,38.4401,38.4401,38.36,38.36,452,0
IMOM.US,5,20251215,194000,38.395,38.395,38.395,38.395,300,0
IMOM.US,5,20251215,201000,38.41,38.4101,38.41,38.4101,298,0
IMOM.US,5,20251215,203000,38.45,38.45,38.45,38.45,100,0
IMOM.US,5,20251215,204000,38.45,38.45,38.45,38.45,100,0
IMOM.US,5,20251215,210500,38.445,38.445,38.445,38.445,100,0
IMOM.US,5,20251215,213000,38.4649,38.4649,38.4649,38.4649,909,0
IMOM.US,5,20251215,215000,38.489,38.4897,38.489,38.4897,405,0
IMOM.US,5,20251215,215500,38.49,38.49,38.49,38.49,100,0
IMOM.US,5,20251216,154500,38.33,38.33,38.28,38.305,800,0
IMOM.US,5,20251216,155000,38.36,38.38,38.34,38.375,1101,0
IMOM.US,5,20251216,155500,38.37,38.37,38.37,38.37,200,0
IMOM.US,5,20251216,160000,38.3998,38.3998,38.3998,38.3998,100,0
IMOM.US,5,20251216,160500,38.3839,38.3839,38.3839,38.3839,150,0
IMOM.US,5,20251216,161000,38.35,38.35,38.35,38.35,1303,0
IMOM.US,5,20251216,162000,38.25,38.25,38.1501,38.1501,794,0
IMOM.US,5,20251216,162500,38.22,38.22,38.22,38.22,200,0
IMOM.US,5,20251216,164000,38.1996,38.1996,38.1996,38.1996,385,0
IMOM.US,5,20251216,165000,38.22,38.22,38.22,38.22,575,0
IMOM.US,5,20251216,165500,38.25,38.25,38.25,38.25,100,0
IMOM.US,5,20251216,171500,38.1654,38.1654,38.1654,38.1654,100,0
IMOM.US,5,20251216,174500,38.13,38.2,38.13,38.155,3308,0
IMOM.US,5,20251216,175000,38.2,38.2,38.2,38.2,100,0
IMOM.US,5,20251216,184000,38.25,38.25,38.25,38.25,200,0
IMOM.US,5,20251216,185000,38.185,38.185,38.14,38.1706,4615,0
IMOM.US,5,20251216,193000,38.12,38.12,38.12,38.12,100,0
IMOM.US,5,20251216,194000,38.155,38.155,38.155,38.155,100,0
IMOM.US,5,20251216,202000,38.1364,38.1364,38.1364,38.1364,523,0
IMOM.US,5,20251216,204000,38.145,38.15,38.145,38.15,200,0
IMOM.US,5,20251216,205000,38.25,38.25,38.25,38.25,200,0
IMOM.US,5,20251216,205500,38.2499,38.2499,38.2499,38.2499,150,0
IMOM.US,5,20251216,210000,38.2329,38.2329,38.2329,38.2329,130,0
IMOM.US,5,20251216,213500,38.24,38.24,38.24,38.24,100,0
IMOM.US,5,20251216,214000,38.25,38.25,38.25,38.25,652,0
IMOM.US,5,20251216,214500,38.2603,38.2603,38.25,38.25,626,0
IMOM.US,5,20251216,215000,38.272,38.272,38.272,38.272,117,0
IMOM.US,5,20251216,215500,38.219,38.219,38.18,38.18,334,0
IMOM.US,5,20251217,155000,38.3862,38.3862,38.3862,38.3862,369,0
IMOM.US,5,20251217,160500,38.39,38.39,38.39,38.39,532,0
IMOM.US,5,20251217,161500,38.415,38.415,38.415,38.415,187,0
IMOM.US,5,20251217,162000,38.43,38.43,38.43,38.43,200,0
IMOM.US,5,20251217,164500,38.3,38.3,38.3,38.3,550,0
IMOM.US,5,20251217,170000,38.26,38.26,38.26,38.26,100,0
IMOM.US,5,20251217,171000,38.23,38.23,38.23,38.23,154,0
IMOM.US,5,20251217,172000,38.25,38.25,38.245,38.245,435,0
IMOM.US,5,20251217,175500,38.26,38.26,38.26,38.26,100,0
IMOM.US,5,20251217,180500,38.2389,38.27,38.2389,38.2699,495,0
IMOM.US,5,20251217,182000,38.245,38.26,38.245,38.2498,800,0
IMOM.US,5,20251217,183000,38.29,38.3,38.29,38.3,1000,0
IMOM.US,5,20251217,183500,38.3,38.3,38.29,38.29,200,0
IMOM.US,5,20251217,184000,38.29,38.32,38.29,38.31,1881,0
IMOM.US,5,20251217,184500,38.31,38.31,38.28,38.29,3083,0
IMOM.US,5,20251217,194500,38.2399,38.2399,38.2399,38.2399,625,0
IMOM.US,5,20251217,201000,38.1145,38.2,38.1145,38.15,1104,0
IMOM.US,5,20251217,201500,38.2,38.22,38.2,38.22,1218,0
IMOM.US,5,20251217,202000,38.2,38.2,38.2,38.2,200,0
IMOM.US,5,20251217,202500,38.175,38.175,38.175,38.175,610,0
IMOM.US,5,20251217,205000,38.14,38.14,38.14,38.14,107,0
IMOM.US,5,20251217,210000,38.1381,38.1381,38.1381,38.1381,225,0
IMOM.US,5,20251217,215500,38.18,38.18,38.18,38.18,100,0
IMOM.US,5,20251218,154000,38.44,38.44,38.44,38.44,100,0
IMOM.US,5,20251218,154500,38.438,38.438,38.438,38.438,2064,0
IMOM.US,5,20251218,155500,38.49,38.49,38.49,38.49,800,0
IMOM.US,5,20251218,161500,38.4059,38.4059,38.4059,38.4059,170,0
IMOM.US,5,20251218,162000,38.39,38.39,38.39,38.39,100,0
IMOM.US,5,20251218,163500,38.5038,38.5038,38.5038,38.5038,443,0
IMOM.US,5,20251218,164500,38.475,38.475,38.475,38.475,371,0
IMOM.US,5,20251218,165000,38.51,38.51,38.51,38.51,100,0
IMOM.US,5,20251218,171000,38.56,38.56,38.5599,38.5599,619,0
IMOM.US,5,20251218,171500,38.62,38.62,38.5962,38.5962,1176,0
IMOM.US,5,20251218,172000,38.605,38.615,38.605,38.6073,770,0
IMOM.US,5,20251218,182500,38.31,38.31,38.3,38.3001,827,0
IMOM.US,5,20251218,183000,38.331,38.375,38.33,38.375,615,0
IMOM.US,5,20251218,183500,38.38,38.38,38.3799,38.3799,1128,0
IMOM.US,5,20251218,192500,38.515,38.515,38.515,38.515,467,0
IMOM.US,5,20251218,193500,38.515,38.515,38.515,38.515,370,0
IMOM.US,5,20251218,194500,38.49,38.49,38.49,38.49,300,0
IMOM.US,5,20251218,211000,38.465,38.465,38.465,38.465,963,0
IMOM.US,5,20251218,211500,38.475,38.475,38.475,38.475,500,0
IMOM.US,5,20251218,215500,38.47,38.47,38.47,38.47,100,0
IMOM.US,5,20251219,153500,38.9,38.9,38.9,38.9,100,0
IMOM.US,5,20251219,154000,38.89,38.89,38.89,38.89,1139,0
IMOM.US,5,20251219,154500,38.93,38.94,38.93,38.94,926,0
IMOM.US,5,20251219,161500,39.02,39.0257,39.01,39.01,776,0
IMOM.US,5,20251219,162500,38.99,38.99,38.945,38.98,1155,0
IMOM.US,5,20251219,163500,39.0199,39.0199,39.0199,39.0199,514,0
IMOM.US,5,20251219,164500,38.9895,38.9895,38.965,38.965,1047,0
IMOM.US,5,20251219,165500,38.9675,38.9675,38.9675,38.9675,673,0
IMOM.US,5,20251219,170000,38.98,38.98,38.965,38.965,702,0
IMOM.US,5,20251219,170500,38.9793,39.01,38.9793,39.0099,1565,0
IMOM.US,5,20251219,171000,38.995,38.995,38.995,38.995,200,0
IMOM.US,5,20251219,172000,39.01,39.01,39.0099,39.0099,200,0
IMOM.US,5,20251219,172500,39.01,39.01,39.01,39.01,100,0
IMOM.US,5,20251219,174500,38.9758,38.9758,38.9758,38.9758,150,0
IMOM.US,5,20251219,175000,38.9758,38.9758,38.9758,38.9758,100,0
IMOM.US,5,20251219,181000,39,39.02,39,39.02,778,0
IMOM.US,5,20251219,182000,39.03,39.03,39.03,39.03,100,0
IMOM.US,5,20251219,184500,39.05,39.06,39.05,39.06,9219,0
IMOM.US,5,20251219,185000,39.04,39.09,39.04,39.0599,500,0
IMOM.US,5,20251219,191000,39.0585,39.0585,39.0585,39.0585,258,0
IMOM.US,5,20251219,192000,39.0458,39.0458,39.0458,39.0458,128,0
IMOM.US,5,20251219,193500,39.08,39.08,39.08,39.08,300,0
IMOM.US,5,20251219,195000,39.025,39.025,39.025,39.025,100,0
IMOM.US,5,20251219,201000,39.025,39.025,39.025,39.025,512,0
IMOM.US,5,20251219,201500,39.0001,39.0001,39.0001,39.0001,571,0
IMOM.US,5,20251219,202500,39.025,39.05,39.025,39.0499,500,0
IMOM.US,5,20251219,204000,39.05,39.05,39.05,39.05,200,0
IMOM.US,5,20251219,210000,39.09,39.09,39.09,39.09,133,0
IMOM.US,5,20251219,212000,39.085,39.085,39.085,39.085,100,0
IMOM.US,5,20251219,213000,39.07,39.07,39.07,39.07,100,0
IMOM.US,5,20251219,213500,39.0308,39.0308,39.0308,39.0308,591,0
IMOM.US,5,20251219,215000,39.01,39.01,39,39,426,0
IMOM.US,5,20251222,153000,38.86,38.96,38.86,38.96,1196,0
IMOM.US,5,20251222,153500,39.03,39.05,39.02,39.049,982,0
IMOM.US,5,20251222,154500,39.08,39.08,39.08,39.08,100,0
IMOM.US,5,20251222,155500,39.05,39.05,39.05,39.05,203,0
IMOM.US,5,20251222,161500,38.9597,38.96,38.9597,38.96,200,0
IMOM.US,5,20251222,162000,38.98,38.99,38.96,38.99,1121,0
IMOM.US,5,20251222,163000,38.9701,38.9701,38.9701,38.9701,130,0
IMOM.US,5,20251222,171000,39.08,39.08,39.08,39.08,127,0
IMOM.US,5,20251222,172000,39.16,39.16,39.07,39.08,1858,0
IMOM.US,5,20251222,172500,39.13,39.13,39.1299,39.1299,1992,0
IMOM.US,5,20251222,173000,39.1041,39.1041,39.1041,39.1041,109,0
IMOM.US,5,20251222,173500,39.1099,39.1099,39.1099,39.1099,200,0
IMOM.US,5,20251222,174500,39.0601,39.0832,39.0601,39.0832,393,0
IMOM.US,5,20251222,180500,39.08,39.08,39.08,39.08,100,0
IMOM.US,5,20251222,181000,39.08,39.08,39.08,39.08,100,0
IMOM.US,5,20251222,181500,39.09,39.09,39.09,39.09,100,0
IMOM.US,5,20251222,183500,39.095,39.095,39.095,39.095,100,0
IMOM.US,5,20251222,184500,39.1,39.1,39.1,39.1,100,0
IMOM.US,5,20251222,192000,39.08,39.08,39.08,39.08,400,0
IMOM.US,5,20251222,203500,39.1099,39.1099,39.1099,39.1099,279,0
IMOM.US,5,20251222,205000,39.1075,39.1075,39.1075,39.1075,461,0
IMOM.US,5,20251222,205500,39.13,39.13,39.125,39.125,200,0
IMOM.US,5,20251222,211000,39.14,39.14,39.14,39.14,100,0
IMOM.US,5,20251222,211500,39.16,39.16,39.16,39.16,800,0
IMOM.US,5,20251222,215500,39.17,39.17,39.17,39.17,300,0
