<TICKER>,<PER>,<DATE>,<TIME>,<OPEN>,<HIGH>,<LOW>,<CLOSE>,<VOL>,<OPENINT>
JPY.US,5,20250728,153000,28.87,28.87,28.87,28.87,226,0
JPY.US,5,20250728,170500,28.7375,28.7375,28.7375,28.7375,150,0
JPY.US,5,20250728,185000,28.74,28.74,28.74,28.74,173,0
JPY.US,5,20250728,202000,28.71,28.71,28.67,28.67,1740,0
JPY.US,5,20250728,210000,28.72,28.72,28.72,28.72,19707,0
JPY.US,5,20250729,164000,28.5,28.5,28.48,28.48,430,0
JPY.US,5,20250729,173000,28.42,28.42,28.42,28.42,150,0
JPY.US,5,20250729,180500,28.4201,28.4201,28.4201,28.4201,200,0
JPY.US,5,20250729,191000,28.47,28.47,28.47,28.47,6542,0
JPY.US,5,20250729,213500,28.46,28.46,28.4,28.4,840,0
JPY.US,5,20250730,190000,28.57,28.61,28.46,28.53,2118,0
JPY.US,5,20250730,212500,28.38,28.38,28.36,28.36,6447,0
JPY.US,5,20250731,180500,28.355,28.355,28.355,28.355,100,0
JPY.US,5,20250731,183500,28.35,28.35,28.32,28.32,1450,0
JPY.US,5,20250801,202000,28.32,28.33,28.32,28.33,15945,0
JPY.US,5,20250804,213000,28.82,28.83,28.82,28.83,400,0
JPY.US,5,20250805,171000,28.6651,28.6651,28.6651,28.6651,433,0
JPY.US,5,20250805,201500,28.78,28.78,28.78,28.78,100,0
JPY.US,5,20250806,161000,29.081,29.081,29.081,29.081,171,0
JPY.US,5,20250806,164000,29.051,29.051,29.051,29.051,619,0
JPY.US,5,20250806,172000,29.1493,29.1493,29.1493,29.1493,130,0
JPY.US,5,20250806,185500,29.18,29.18,29.18,29.18,14319,0
JPY.US,5,20250806,201500,29.21,29.21,29.21,29.21,100,0
JPY.US,5,20250806,204000,29.2099,29.2099,29.2099,29.2099,342,0
JPY.US,5,20250806,211000,29.2,29.2,29.2,29.2,100,0
JPY.US,5,20250806,213000,29.2455,29.2455,29.2455,29.2455,299,0
JPY.US,5,20250807,154000,29.57,29.63,29.57,29.63,200,0
JPY.US,5,20250807,155000,29.59,29.59,29.56,29.56,200,0
JPY.US,5,20250807,161000,29.5199,29.5199,29.5199,29.5199,169,0
JPY.US,5,20250807,161500,29.49,29.49,29.484,29.484,269,0
JPY.US,5,20250807,163000,29.46,29.4616,29.46,29.4616,200,0
JPY.US,5,20250807,170000,29.42,29.42,29.42,29.42,100,0
JPY.US,5,20250807,171500,29.44,29.44,29.44,29.44,100,0
JPY.US,5,20250807,173500,29.43,29.43,29.43,29.43,100,0
JPY.US,5,20250807,174500,29.43,29.43,29.43,29.43,100,0
JPY.US,5,20250807,180500,29.44,29.44,29.44,29.44,100,0
JPY.US,5,20250807,184000,29.43,29.43,29.43,29.43,200,0
JPY.US,5,20250807,185000,29.4443,29.4443,29.4443,29.4443,340,0
JPY.US,5,20250807,195500,29.43,29.43,29.43,29.43,200,0
JPY.US,5,20250807,205000,29.425,29.425,29.425,29.425,100,0
JPY.US,5,20250807,215500,29.45,29.45,29.45,29.45,100,0
JPY.US,5,20250808,160000,29.96,29.96,29.96,29.96,166,0
JPY.US,5,20250808,161500,29.985,29.985,29.985,29.985,199,0
JPY.US,5,20250808,172500,30,30,30,30,100,0
JPY.US,5,20250808,181500,29.9972,29.9972,29.9972,29.9972,1000,0
JPY.US,5,20250808,210000,30.04,30.04,30.04,30.04,100,0
JPY.US,5,20250808,211500,30.05,30.05,30.05,30.05,300,0
JPY.US,5,20250808,215500,29.99,29.99,29.99,29.99,200,0
JPY.US,5,20250811,153000,30.12,30.12,30.07,30.075,2194,0
JPY.US,5,20250811,154000,30.065,30.065,30.065,30.065,245,0
JPY.US,5,20250811,154500,30.0722,30.0722,30.0722,30.0722,332,0
JPY.US,5,20250811,155500,30.07,30.07,30.07,30.07,4000,0
JPY.US,5,20250811,160000,30.06,30.06,30.06,30.06,132,0
JPY.US,5,20250811,160500,30.05,30.05,30.05,30.05,6000,0
JPY.US,5,20250811,180000,30.0476,30.0476,30.0476,30.0476,332,0
JPY.US,5,20250811,181500,30.11,30.11,30.11,30.11,156,0
JPY.US,5,20250811,211000,29.95,29.95,29.95,29.95,500,0
JPY.US,5,20250811,214000,29.94,29.94,29.81,29.81,500,0
JPY.US,5,20250811,215000,29.9,29.9,29.9,29.9,200,0
JPY.US,5,20250812,153000,30.205,30.205,30.205,30.205,100,0
JPY.US,5,20250812,153500,30.27,30.27,30.27,30.27,100,0
JPY.US,5,20250812,154000,30.285,30.285,30.285,30.285,100,0
JPY.US,5,20250812,154500,30.295,30.295,30.295,30.295,100,0
JPY.US,5,20250812,155000,30.285,30.285,30.285,30.285,100,0
JPY.US,5,20250812,155500,30.33,30.33,30.33,30.33,200,0
JPY.US,5,20250812,160000,30.33,30.33,30.33,30.33,239,0
JPY.US,5,20250812,161000,30.34,30.345,30.34,30.345,3019,0
JPY.US,5,20250812,162500,30.37,30.37,30.37,30.37,258,0
JPY.US,5,20250812,163500,30.365,30.365,30.365,30.365,227,0
JPY.US,5,20250812,164500,30.35,30.3899,30.35,30.3899,587,0
JPY.US,5,20250812,165500,30.385,30.385,30.385,30.385,222,0
JPY.US,5,20250812,170500,30.385,30.385,30.385,30.385,290,0
JPY.US,5,20250812,171500,30.425,30.425,30.425,30.425,294,0
JPY.US,5,20250812,173000,30.43,30.43,30.43,30.43,297,0
JPY.US,5,20250812,174500,30.495,30.495,30.495,30.495,201,0
JPY.US,5,20250812,175500,30.485,30.485,30.485,30.485,203,0
JPY.US,5,20250812,180500,30.465,30.465,30.465,30.465,508,0
JPY.US,5,20250812,181500,30.46,30.46,30.46,30.46,210,0
JPY.US,5,20250812,183000,30.485,30.485,30.485,30.485,211,0
JPY.US,5,20250812,184500,30.48,30.48,30.48,30.48,213,0
JPY.US,5,20250812,190000,30.4765,30.4765,30.475,30.475,808,0
JPY.US,5,20250812,191000,30.475,30.475,30.475,30.475,220,0
JPY.US,5,20250812,192500,30.475,30.475,30.475,30.475,251,0
JPY.US,5,20250812,194000,30.485,30.485,30.485,30.485,253,0
JPY.US,5,20250812,195500,30.48,30.48,30.48,30.48,254,0
JPY.US,5,20250812,201000,30.485,30.485,30.485,30.485,255,0
JPY.US,5,20250812,202000,30.485,30.485,30.485,30.485,285,0
JPY.US,5,20250812,204000,30.485,30.485,30.485,30.485,285,0
JPY.US,5,20250812,205500,30.485,30.485,30.485,30.485,215,0
JPY.US,5,20250812,210500,30.485,30.485,30.485,30.485,215,0
JPY.US,5,20250812,211000,30.485,30.485,30.485,30.485,144,0
JPY.US,5,20250812,212000,30.485,30.485,30.485,30.485,144,0
JPY.US,5,20250812,212500,30.5,30.5,30.5,30.5,144,0
JPY.US,5,20250812,213000,30.5,30.5,30.5,30.5,144,0
JPY.US,5,20250812,213500,30.5,30.5,30.5,30.5,144,0
JPY.US,5,20250812,214000,30.5,30.5,30.5,30.5,108,0
JPY.US,5,20250812,215500,30.48,30.48,30.47,30.47,300,0
JPY.US,5,20250813,162000,30.505,30.505,30.505,30.505,100,0
JPY.US,5,20250813,183000,30.42,30.42,30.42,30.42,1589,0
JPY.US,5,20250813,195500,30.38,30.3801,30.38,30.3801,1800,0
JPY.US,5,20250814,163000,30.41,30.41,30.41,30.41,600,0
JPY.US,5,20250814,201500,30.315,30.315,30.315,30.315,329,0
JPY.US,5,20250818,153000,28.84,30.86,28.84,30.86,1327,0
JPY.US,5,20250818,153500,30.86,30.86,30.86,30.86,6000,0
JPY.US,5,20250818,154000,30.91,30.91,30.91,30.91,100,0
JPY.US,5,20250818,154500,30.945,30.945,30.945,30.945,121,0
JPY.US,5,20250818,162000,30.95,30.95,30.95,30.95,100,0
JPY.US,5,20250818,164500,30.9,30.9,30.9,30.9,100,0
JPY.US,5,20250818,171000,30.92,30.92,30.92,30.92,100,0
JPY.US,5,20250818,174500,30.97,30.97,30.97,30.97,100,0
JPY.US,5,20250818,180000,30.95,30.95,30.95,30.95,100,0
JPY.US,5,20250818,183500,30.94,30.94,30.94,30.94,100,0
JPY.US,5,20250818,190000,30.93,30.93,30.93,30.93,100,0
JPY.US,5,20250818,215500,30.96,30.96,30.89,30.89,2672,0
JPY.US,5,20250819,153000,30.91,30.9101,30.9062,30.91,6600,0
JPY.US,5,20250819,153500,30.9002,30.9002,30.9002,30.9002,105,0
JPY.US,5,20250819,154000,30.91,30.91,30.9047,30.91,3973,0
JPY.US,5,20250819,170000,30.89,30.89,30.89,30.89,400,0
JPY.US,5,20250819,173500,30.9,30.9,30.9,30.9,200,0
JPY.US,5,20250819,174500,30.88,30.88,30.88,30.88,200,0
JPY.US,5,20250819,181500,30.88,30.88,30.8,30.8,15308,0
JPY.US,5,20250819,183000,30.88,30.88,30.88,30.88,100,0
JPY.US,5,20250820,153000,30.75,30.75,30.75,30.75,416,0
JPY.US,5,20250820,153500,30.76,30.7601,30.63,30.63,500,0
JPY.US,5,20250820,155000,29.17,29.17,28.98,29.17,300,0
JPY.US,5,20250820,172500,30.73,30.7301,30.73,30.7301,200,0
JPY.US,5,20250820,175000,30.73,30.73,30.73,30.73,100,0
JPY.US,5,20250820,213500,30.82,30.83,30.82,30.83,18489,0
JPY.US,5,20250820,214500,30.8,30.8,30.8,30.8,1200,0
JPY.US,5,20250820,215000,30.8,30.8,30.795,30.795,2000,0
JPY.US,5,20250821,153000,30.41,30.41,30.41,30.41,179,0
JPY.US,5,20250821,175000,30.43,30.43,30.43,30.43,100,0
JPY.US,5,20250822,175500,30.88,30.88,30.86,30.8601,600,0
JPY.US,5,20250822,213000,30.88,30.88,30.88,30.88,300,0
JPY.US,5,20250825,153000,30.82,30.82,30.82,30.82,1157,0
JPY.US,5,20250825,153500,30.722,30.73,30.722,30.73,289,0
JPY.US,5,20250826,210000,30.44,30.44,30.44,30.44,535,0
JPY.US,5,20250827,180000,30.25,30.27,30.11,30.11,1750,0
JPY.US,5,20250827,182500,30.3023,30.3023,30.3023,30.3023,100,0
JPY.US,5,20250828,210000,30.705,30.705,30.705,30.705,100,0
JPY.US,5,20250829,183000,30.2972,30.2972,30.2972,30.2972,152,0
JPY.US,5,20250829,192000,30.2573,30.2573,30.2573,30.2573,100,0
JPY.US,5,20250902,153000,30.06,30.06,30.06,30.06,122,0
JPY.US,5,20250902,184000,30.08,30.115,30.08,30.115,12867,0
JPY.US,5,20250902,185500,30.17,30.17,30.17,30.17,100,0
JPY.US,5,20250902,191500,30.14,30.17,30.14,30.14,864,0
JPY.US,5,20250902,202500,30.1786,30.185,30.1786,30.185,312,0
JPY.US,5,20250903,211500,30.07,30.07,30.07,30.07,15146,0
JPY.US,5,20250903,215500,30.1212,30.1212,30.1212,30.1212,133,0
JPY.US,5,20250904,214500,30.47,30.47,30.47,30.47,15201,0
JPY.US,5,20250904,215000,30.48,30.5,30.48,30.48,1805,0
JPY.US,5,20250905,155500,30.89,30.92,30.89,30.92,3237,0
JPY.US,5,20250905,160500,30.87,30.87,30.77,30.8022,3562,0
JPY.US,5,20250905,163500,30.565,30.565,30.565,30.565,100,0
JPY.US,5,20250905,164000,30.5552,30.5552,30.5552,30.5552,150,0
JPY.US,5,20250905,202500,30.6,30.6,30.6,30.6,84656,0
JPY.US,5,20250908,153000,31.29,31.29,31.29,31.29,145,0
JPY.US,5,20250908,193500,31.285,31.285,31.285,31.285,2000,0
JPY.US,5,20250908,194500,31.27,31.27,31.27,31.27,190,0
JPY.US,5,20250908,213000,31.28,31.28,31.28,31.28,92316,0
JPY.US,5,20250909,175500,30.95,30.96,30.935,30.96,7986,0
JPY.US,5,20250909,182000,30.95,30.95,30.95,30.95,100,0
JPY.US,5,20250909,211000,31.03,31.03,31.01,31.01,200,0
JPY.US,5,20250909,213000,31.02,31.02,31,31.005,16769,0
JPY.US,5,20250909,215500,31.02,31.02,31.02,31.02,100,0
JPY.US,5,20250910,154000,31.33,31.33,31.33,31.33,2000,0
JPY.US,5,20250910,164500,31.34,31.34,31.34,31.34,100,0
JPY.US,5,20250910,170000,31.34,31.34,31.34,31.34,477,0
JPY.US,5,20250910,173000,31.26,31.26,31.26,31.26,100,0
JPY.US,5,20250910,175500,31.305,31.305,31.305,31.305,144,0
JPY.US,5,20250910,181500,31.3073,31.3073,31.3073,31.3073,143,0
JPY.US,5,20250910,193500,31.24,31.24,31.24,31.24,100,0
JPY.US,5,20250911,155000,31.45,31.45,31.45,31.45,100,0
JPY.US,5,20250911,165500,31.5746,31.5746,31.5746,31.5746,221,0
JPY.US,5,20250911,170000,31.565,31.565,31.565,31.565,100,0
JPY.US,5,20250911,170500,31.565,31.565,31.565,31.565,300,0
JPY.US,5,20250911,171500,31.5738,31.5738,31.5738,31.5738,250,0
JPY.US,5,20250911,172000,31.595,31.595,31.595,31.595,110,0
JPY.US,5,20250911,174000,31.6096,31.6096,31.6096,31.6096,177,0
JPY.US,5,20250911,184000,31.58,31.58,31.58,31.58,377,0
JPY.US,5,20250911,185500,31.55,31.585,31.55,31.55,1600,0
JPY.US,5,20250911,190500,31.5675,31.5675,31.5675,31.5675,165,0
JPY.US,5,20250911,191000,31.58,31.58,31.58,31.58,500,0
JPY.US,5,20250911,203500,31.55,31.55,31.55,31.55,200,0
JPY.US,5,20250911,204000,31.53,31.53,31.53,31.53,200,0
JPY.US,5,20250911,205000,31.55,31.55,31.55,31.55,200,0
JPY.US,5,20250911,212500,31.59,31.59,31.59,31.59,100,0
JPY.US,5,20250911,214000,31.56,31.56,31.56,31.56,100,0
JPY.US,5,20250911,215500,31.55,31.55,31.55,31.55,200,0
JPY.US,5,20250912,153500,31.31,31.31,31.31,31.31,100,0
JPY.US,5,20250912,160000,31.27,31.2701,31.27,31.2701,356,0
JPY.US,5,20250912,183000,31.2765,31.2765,31.2765,31.2765,115,0
JPY.US,5,20250912,185000,31.32,31.32,31.32,31.32,477,0
JPY.US,5,20250912,215500,31.35,31.35,31.335,31.335,5578,0
JPY.US,5,20250915,153000,31.72,31.72,31.72,31.72,103,0
JPY.US,5,20250915,153500,31.43,31.43,31.43,31.43,200,0
JPY.US,5,20250915,172500,31.51,31.5154,31.51,31.5154,600,0
JPY.US,5,20250915,173000,31.5,31.5,31.5,31.5,157,0
JPY.US,5,20250915,183500,31.505,31.505,31.505,31.505,100,0
JPY.US,5,20250916,153500,31.52,31.52,31.52,31.52,289,0
JPY.US,5,20250916,154000,31.51,31.51,31.51,31.51,100,0
JPY.US,5,20250916,180500,31.52,31.52,31.52,31.52,100,0
JPY.US,5,20250916,214000,31.529,31.529,31.529,31.529,100,0
JPY.US,5,20250917,153000,31.61,31.61,31.61,31.61,100,0
JPY.US,5,20250917,170500,31.63,31.63,31.63,31.63,188,0
JPY.US,5,20250917,215000,31.54,31.54,31.54,31.54,300,0
JPY.US,5,20250918,162500,31.745,31.745,31.745,31.745,200,0
JPY.US,5,20250918,204000,31.72,31.72,31.72,31.72,3299,0
JPY.US,5,20250919,173000,31.49,31.49,31.49,31.49,114,0
JPY.US,5,20250923,185500,31.68,31.6801,31.68,31.6801,594,0
JPY.US,5,20250924,215000,31.458,31.458,31.356,31.356,1100,0
JPY.US,5,20250925,174500,31.4793,31.4793,31.4793,31.4793,952,0
JPY.US,5,20250925,182500,31.415,31.415,31.415,31.415,100,0
JPY.US,5,20250926,160500,31.4855,31.4855,31.4855,31.4855,150,0
JPY.US,5,20250926,161000,31.45,31.45,31.45,31.45,250,0
JPY.US,5,20250926,185500,31.47,31.4875,31.31,31.31,350,0
JPY.US,5,20250926,190500,31.44,31.46,31.44,31.46,31065,0
JPY.US,5,20250926,203000,31.46,31.4819,31.33,31.33,1808,0
JPY.US,5,20250929,161000,31.4229,31.4229,31.39,31.39,409,0
JPY.US,5,20250929,161500,31.45,31.45,31.45,31.45,100,0
JPY.US,5,20250929,182000,31.406,31.406,31.406,31.406,1000,0
JPY.US,5,20250929,182500,31.38,31.3804,31.38,31.3804,4554,0
JPY.US,5,20250930,160500,31.255,31.255,31.255,31.255,300,0
JPY.US,5,20250930,161500,31.25,31.25,31.25,31.25,100,0
JPY.US,5,20250930,184000,31.25,31.25,31.25,31.25,879,0
JPY.US,5,20250930,192500,31.32,31.32,31.32,31.32,100,0
JPY.US,5,20250930,212000,31.4,31.4,31.4,31.4,7072,0
JPY.US,5,20250930,214500,31.38,31.389,31.38,31.389,1000,0
JPY.US,5,20251001,153000,31.4,31.4,31.4,31.4,103,0
JPY.US,5,20251001,153500,31.63,31.63,31.48,31.48,1588,0
JPY.US,5,20251001,161500,31.41,31.45,31.41,31.45,300,0
JPY.US,5,20251001,163500,31.45,32.45,31.45,32.32,10740,0
JPY.US,5,20251001,164500,31.37,31.37,31.37,31.37,100,0
JPY.US,5,20251001,172000,31.375,31.375,31.375,31.375,200,0
JPY.US,5,20251001,201000,31.26,31.26,31.23,31.23,208,0
JPY.US,5,20251001,202000,31.29,31.29,31.29,31.29,100,0
JPY.US,5,20251001,211500,31.28,31.28,31.28,31.28,200,0
JPY.US,5,20251001,215500,31.31,31.31,31.31,31.31,100,0
JPY.US,5,20251002,153000,31.31,31.31,31.31,31.31,200,0
JPY.US,5,20251002,155000,31.3428,31.3428,31.3428,31.3428,100,0
JPY.US,5,20251002,160000,31.2945,31.2945,31.2945,31.2945,250,0
JPY.US,5,20251002,171500,31.24,31.24,31.24,31.24,100,0
JPY.US,5,20251002,203500,31.28,31.2801,31.28,31.2801,600,0
JPY.US,5,20251002,213000,31.296,31.296,31.296,31.296,221,0
JPY.US,5,20251002,214500,31.33,31.33,31.33,31.33,1598,0
JPY.US,5,20251002,215500,31.305,31.305,31.3,31.3,300,0
JPY.US,5,20251003,160500,32,32,32,32,400,0
JPY.US,5,20251003,163000,32.08,32.08,32.08,32.08,600,0
JPY.US,5,20251003,175000,32.025,32.025,32.025,32.025,873,0
JPY.US,5,20251003,182000,32.0234,32.0234,32.0234,32.0234,200,0
JPY.US,5,20251003,202500,32.03,32.03,32.03,32.03,100,0
JPY.US,5,20251003,213500,32,32.01,32,32.01,600,0
JPY.US,5,20251006,153000,32.28,32.28,32.28,32.28,111,0
JPY.US,5,20251006,160000,32.28,32.28,32.28,32.28,100,0
JPY.US,5,20251006,162500,32.3745,32.3745,32.3745,32.3745,200,0
JPY.US,5,20251006,163500,32.4299,32.4299,32.385,32.385,300,0
JPY.US,5,20251006,173000,32.395,32.395,32.395,32.395,250,0
JPY.US,5,20251006,183000,32.4,32.4,32.4,32.4,154,0
JPY.US,5,20251006,184500,32.399,32.399,32.399,32.399,150,0
JPY.US,5,20251006,211500,32.4,32.4,32.395,32.395,3067,0
JPY.US,5,20251006,214500,32.39,32.39,32.3682,32.3682,1300,0
JPY.US,5,20251006,215000,32.4,32.4,32.4,32.4,616,0
JPY.US,5,20251007,153000,32.08,32.08,32.08,32.08,135,0
JPY.US,5,20251007,163000,31.9785,31.9785,31.9785,31.9785,130,0
JPY.US,5,20251007,174000,31.8966,31.8966,31.8966,31.8966,102,0
JPY.US,5,20251007,181000,31.9,31.9001,31.9,31.9001,200,0
JPY.US,5,20251007,193500,31.94,31.94,31.94,31.94,100,0
JPY.US,5,20251007,203000,31.905,31.905,31.905,31.905,100,0
JPY.US,5,20251007,210000,31.905,31.905,31.905,31.905,100,0
JPY.US,5,20251008,154000,31.72,31.755,31.72,31.755,300,0
JPY.US,5,20251008,155000,31.77,31.77,31.77,31.77,200,0
JPY.US,5,20251008,160500,31.75,31.75,31.75,31.75,30000,0
JPY.US,5,20251008,161000,31.755,31.755,31.755,31.755,1245,0
JPY.US,5,20251008,170000,31.8,31.9199,31.8,31.9199,1870,0
JPY.US,5,20251008,170500,31.78,31.78,31.78,31.78,100,0
JPY.US,5,20251008,171000,31.7615,31.7615,31.7615,31.7615,500,0
JPY.US,5,20251008,180000,31.75,31.75,31.75,31.75,100,0
JPY.US,5,20251008,182500,31.76,31.76,31.76,31.76,100,0
JPY.US,5,20251008,184000,31.75,31.75,31.75,31.75,250,0
JPY.US,5,20251008,184500,31.75,31.75,31.75,31.75,401,0
JPY.US,5,20251008,191000,31.7015,31.7015,31.7015,31.7015,787,0
JPY.US,5,20251008,195500,31.7,31.7,31.7,31.7,100,0
JPY.US,5,20251008,204500,31.695,31.695,31.695,31.695,250,0
JPY.US,5,20251008,214500,31.71,31.71,31.71,31.71,100,0
JPY.US,5,20251008,215000,31.72,31.72,31.63,31.63,1600,0
JPY.US,5,20251008,215500,31.69,31.69,31.42,31.47,34158,0
JPY.US,5,20251009,172000,31.788,31.788,31.788,31.788,500,0
JPY.US,5,20251009,172500,31.7799,31.7799,31.7799,31.7799,500,0
JPY.US,5,20251009,173000,31.735,31.735,31.735,31.735,100,0
JPY.US,5,20251009,181500,31.765,31.765,31.765,31.765,100,0
JPY.US,5,20251009,194500,31.65,31.65,31.65,31.65,700,0
JPY.US,5,20251010,160500,30.8717,30.8717,30.8717,30.8717,172,0
JPY.US,5,20251010,172000,30.87,30.87,30.87,30.87,100,0
JPY.US,5,20251010,172500,30.56,30.56,30.56,30.56,1800,0
JPY.US,5,20251010,175500,30.66,30.66,30.66,30.66,100,0
JPY.US,5,20251010,182000,30.65,30.65,30.65,30.65,652,0
JPY.US,5,20251010,191000,30.6558,30.6558,30.6558,30.6558,163,0
JPY.US,5,20251010,193500,30.445,30.445,30.445,30.445,250,0
JPY.US,5,20251010,201500,30.4099,30.53,30.4099,30.53,800,0
JPY.US,5,20251010,203000,30.38,30.38,30.38,30.38,200,0
JPY.US,5,20251010,203500,30.3692,30.3692,30.3692,30.3692,100,0
JPY.US,5,20251010,210500,30.31,30.31,30.31,30.31,500,0
JPY.US,5,20251010,212000,30.3108,30.3108,30.3108,30.3108,494,0
JPY.US,5,20251010,213000,30.35,30.35,30.35,30.35,5255,0
JPY.US,5,20251010,214000,30.2958,30.449,30.2958,30.449,856,0
JPY.US,5,20251010,215500,30.32,30.32,30.32,30.32,100,0
JPY.US,5,20251013,153000,30.59,30.59,30.59,30.59,793,0
JPY.US,5,20251013,155000,30.6007,30.6007,30.6007,30.6007,350,0
JPY.US,5,20251013,215500,30.73,30.73,30.73,30.73,100,0
JPY.US,5,20251014,205500,31.135,31.135,31.135,31.135,100,0
JPY.US,5,20251014,212500,31.1377,31.1377,31.1377,31.1377,160,0
JPY.US,5,20251015,153000,31.55,31.55,31.55,31.55,111,0
JPY.US,5,20251015,180500,31.5111,31.5111,31.5111,31.5111,317,0
JPY.US,5,20251015,183500,31.555,31.555,31.555,31.555,100,0
JPY.US,5,20251015,184500,31.54,31.54,31.54,31.54,316,0
JPY.US,5,20251015,215500,31.5699,31.5699,31.5699,31.5699,100,0
JPY.US,5,20251016,153000,31.58,31.58,31.58,31.58,250,0
JPY.US,5,20251016,154500,31.7093,31.7093,31.7093,31.7093,300,0
JPY.US,5,20251016,162000,31.66,31.66,31.66,31.66,100,0
JPY.US,5,20251016,185000,31.5701,31.5701,31.5701,31.5701,196,0
JPY.US,5,20251017,153000,31.68,31.68,31.68,31.68,127,0
JPY.US,5,20251017,153500,31.69,31.69,31.69,31.69,200,0
JPY.US,5,20251017,155000,31.7994,31.7994,31.7994,31.7994,452,0
JPY.US,5,20251017,160500,31.695,31.695,31.695,31.695,104,0
JPY.US,5,20251017,204000,31.73,31.73,31.73,31.73,400,0
JPY.US,5,20251020,154000,32.26,32.26,32.26,32.26,200,0
JPY.US,5,20251020,154500,32.3206,32.3206,32.3206,32.3206,185,0
JPY.US,5,20251020,161000,32.315,32.315,32.315,32.315,100,0
JPY.US,5,20251020,164500,32.4,32.4,32.4,32.4,100,0
JPY.US,5,20251020,165500,32.405,32.405,32.405,32.405,300,0
JPY.US,5,20251020,173500,32.365,32.365,32.365,32.365,100,0
JPY.US,5,20251020,175000,32.3882,32.3882,32.3882,32.3882,126,0
JPY.US,5,20251020,181000,32.32,32.32,32.25,32.32,532,0
JPY.US,5,20251020,204500,32.3,32.3,32.3,32.3,250,0
JPY.US,5,20251021,192500,31.955,31.955,31.955,31.955,100,0
JPY.US,5,20251021,195500,31.975,31.975,31.975,31.975,100,0
JPY.US,5,20251021,215000,31.98,31.98,31.98,31.98,999,0
JPY.US,5,20251022,153000,31.95,31.95,31.95,31.95,1000,0
JPY.US,5,20251022,155000,31.8507,31.8507,31.8507,31.8507,200,0
JPY.US,5,20251022,183000,31.895,31.895,31.895,31.895,100,0
JPY.US,5,20251022,203000,31.72,31.72,31.72,31.72,700,0
JPY.US,5,20251023,162500,31.735,31.735,31.735,31.735,160,0
JPY.US,5,20251023,182000,31.7592,31.7592,31.7592,31.7592,100,0
JPY.US,5,20251024,153000,31.7,31.7,31.7,31.7,1940,0
JPY.US,5,20251024,153500,31.9484,31.9755,31.94,31.9755,1035,0
JPY.US,5,20251024,154000,31.93,31.9515,31.93,31.9515,700,0
JPY.US,5,20251024,182500,31.975,31.975,31.975,31.975,200,0
JPY.US,5,20251024,195000,31.985,31.985,31.985,31.985,100,0
JPY.US,5,20251027,143000,32.07,32.07,32.07,32.07,1075,0
JPY.US,5,20251027,144500,32.192,32.192,32.19,32.19,269,0
JPY.US,5,20251027,171000,32.185,32.185,32.185,32.185,100,0
JPY.US,5,20251027,172000,32.2,32.2,32.2,32.2,100,0
JPY.US,5,20251027,190500,32.215,32.215,32.215,32.215,155,0
JPY.US,5,20251027,201000,32.23,32.23,32.23,32.23,400,0
JPY.US,5,20251027,202500,32.25,32.25,32.25,32.25,6946,0
JPY.US,5,20251028,185500,32.4006,32.4006,32.36,32.36,346,0
JPY.US,5,20251029,143500,31.9208,31.9208,31.9208,31.9208,200,0
JPY.US,5,20251029,150500,31.8718,31.8718,31.8718,31.8718,155,0
JPY.US,5,20251029,181000,32.06,32.06,32.06,32.06,100,0
JPY.US,5,20251029,182500,32.05,32.05,32.05,32.05,100,0
JPY.US,5,20251029,192000,31.985,31.985,31.985,31.985,100,0
JPY.US,5,20251029,194000,31.85,31.85,31.85,31.85,244,0
JPY.US,5,20251029,205000,31.91,31.94,31.875,31.905,2418,0
JPY.US,5,20251029,205500,31.93,32,31.895,32,12111,0
JPY.US,5,20251030,151500,31.875,31.875,31.875,31.875,100,0
JPY.US,5,20251030,171500,31.9201,31.99,31.92,31.99,500,0
JPY.US,5,20251031,201000,31.88,31.8901,31.88,31.8901,340,0
JPY.US,5,20251103,153000,31.99,31.99,31.99,31.99,364,0
JPY.US,5,20251103,155000,31.88,31.8801,31.88,31.8801,1200,0
JPY.US,5,20251104,153000,31.79,31.79,31.79,31.79,416,0
JPY.US,5,20251104,154500,31.66,31.6601,31.52,31.5201,2950,0
JPY.US,5,20251104,163500,31.785,31.785,31.785,31.785,100,0
JPY.US,5,20251104,164000,31.793,31.793,31.793,31.793,100,0
JPY.US,5,20251104,194000,31.56,31.56,31.5399,31.54,676,0
JPY.US,5,20251104,194500,31.58,31.58,31.54,31.54,1900,0
JPY.US,5,20251104,215500,31.561,31.58,31.561,31.58,1774,0
JPY.US,5,20251105,153000,31.29,31.325,31.29,31.325,1449,0
JPY.US,5,20251105,171000,31.395,31.395,31.395,31.395,100,0
JPY.US,5,20251105,214500,31.525,31.525,31.525,31.525,150,0
JPY.US,5,20251106,153000,31.48,31.48,31.48,31.48,594,0
JPY.US,5,20251106,154000,31.655,31.655,31.655,31.655,148,0
JPY.US,5,20251106,170500,31.5306,31.5306,31.5306,31.5306,100,0
JPY.US,5,20251107,154000,31.4385,31.48,31.4385,31.48,418,0
JPY.US,5,20251107,195500,31.58,31.58,31.58,31.58,5604,0
JPY.US,5,20251107,200500,31.5648,31.5648,31.5648,31.5648,300,0
JPY.US,5,20251107,213000,31.709,31.709,31.709,31.709,150,0
JPY.US,5,20251110,162000,31.78,31.78,31.78,31.78,200,0
JPY.US,5,20251111,153000,31.99,31.99,31.99,31.99,159,0
JPY.US,5,20251111,160500,31.96,31.96,31.96,31.96,100,0
JPY.US,5,20251112,161000,32.235,32.24,32.2,32.24,500,0
JPY.US,5,20251112,170500,32.2235,32.2235,32.2235,32.2235,108,0
JPY.US,5,20251112,171000,32.23,32.23,32.23,32.23,100,0
JPY.US,5,20251113,173000,32.02,32.02,32.02,32.02,100,0
JPY.US,5,20251113,175500,31.9445,31.9445,31.9445,31.9445,100,0
JPY.US,5,20251113,194000,31.825,31.825,31.825,31.825,520,0
JPY.US,5,20251113,201000,31.8415,31.8415,31.8415,31.8415,100,0
JPY.US,5,20251114,154000,32.0845,32.0845,32.0845,32.0845,100,0
JPY.US,5,20251117,153000,32,32,32,32,514,0
JPY.US,5,20251117,154000,31.925,31.925,31.925,31.925,100,0
JPY.US,5,20251117,194000,31.8273,31.8273,31.8273,31.8273,100,0
JPY.US,5,20251117,212500,31.5545,31.5545,31.5545,31.5545,100,0
JPY.US,5,20251118,164000,30.87,30.905,30.87,30.8949,1250,0
JPY.US,5,20251118,165000,30.86,30.86,30.86,30.86,100,0
JPY.US,5,20251118,171000,30.83,30.83,30.83,30.83,294,0
JPY.US,5,20251118,181000,30.9388,30.9388,30.9388,30.9388,1000,0
JPY.US,5,20251118,183500,30.93,30.93,30.93,30.93,100,0
JPY.US,5,20251118,194500,31.05,31.05,31.05,31.05,345,0
JPY.US,5,20251118,203000,31.0859,31.1,31.0859,31.1,872,0
JPY.US,5,20251118,210500,31.11,31.11,31.11,31.11,700,0
JPY.US,5,20251119,153500,30.95,30.95,30.95,30.95,200,0
JPY.US,5,20251119,202500,31.04,32,30.83,30.83,6124,0
JPY.US,5,20251119,205500,30.875,30.875,30.875,30.875,282,0
JPY.US,5,20251119,215000,30.95,30.95,30.95,30.95,100,0
JPY.US,5,20251119,215500,30.99,30.99,30.97,30.97,2001,0
JPY.US,5,20251120,153000,31.02,31.02,31.02,31.02,413,0
JPY.US,5,20251120,174500,30.85,30.85,30.85,30.85,100,0
JPY.US,5,20251120,181500,30.5413,30.595,30.5413,30.595,500,0
JPY.US,5,20251120,182500,30.5701,30.5833,30.5301,30.5301,1800,0
JPY.US,5,20251120,183000,30.5501,30.59,30.5501,30.5618,400,0
JPY.US,5,20251120,201500,30.55,30.58,30.55,30.5799,2400,0
JPY.US,5,20251120,203000,30.6,30.69,30.5999,30.5999,1600,0
JPY.US,5,20251121,153000,30,31.0401,28.92,30.96,6026,0
JPY.US,5,20251121,161500,30.9732,30.9732,30.9732,30.9732,161,0
JPY.US,5,20251121,195500,31.06,31.16,31.06,31.16,1456,0
JPY.US,5,20251121,203500,31.2526,31.2526,31.2526,31.2526,350,0
JPY.US,5,20251124,153000,31.195,31.195,31.195,31.195,500,0
JPY.US,5,20251124,212500,31.37,31.37,31.37,31.37,150,0
JPY.US,5,20251124,215000,31.36,31.36,31.36,31.36,200,0
JPY.US,5,20251125,174000,31.455,31.455,31.455,31.455,650,0
JPY.US,5,20251126,163500,31.9873,31.9873,31.9873,31.9873,100,0
JPY.US,5,20251126,191500,32.08,32.08,32.038,32.038,494,0
JPY.US,5,20251126,193000,32.125,32.125,32.125,32.125,100,0
JPY.US,5,20251126,202500,32.145,32.145,32.145,32.145,124,0
JPY.US,5,20251126,205500,32.135,32.135,32.135,32.135,100,0
JPY.US,5,20251128,153000,31.94,31.94,31.94,31.94,100,0
JPY.US,5,20251128,173000,32.0398,32.0398,32.0398,32.0398,100,0
JPY.US,5,20251201,153500,31.985,31.985,31.985,31.985,100,0
JPY.US,5,20251201,155000,32.031,32.031,32.031,32.031,125,0
JPY.US,5,20251201,160000,32.07,32.07,32.07,32.07,100,0
JPY.US,5,20251201,173000,32.05,32.05,32.05,32.05,100,0
JPY.US,5,20251201,193000,32.08,32.13,32.08,32.13,447,0
JPY.US,5,20251201,200000,32.03,32.03,32.02,32.0225,664,0
JPY.US,5,20251201,200500,32.03,32.03,32.03,32.03,261,0
JPY.US,5,20251201,204000,32.0053,32.0053,32.0053,32.0053,118,0
JPY.US,5,20251201,212000,32.0099,32.0099,32.0099,32.0099,250,0
JPY.US,5,20251201,213000,31.9999,31.9999,31.9999,31.9999,500,0
JPY.US,5,20251201,214000,32.01,32.01,32.01,32.01,1560,0
JPY.US,5,20251201,215500,31.975,31.975,31.975,31.975,100,0
JPY.US,5,20251202,153000,32.09,32.09,32.09,32.09,900,0
JPY.US,5,20251202,170000,31.94,31.94,31.94,31.94,13843,0
JPY.US,5,20251202,170500,31.99,31.99,31.99,31.99,614,0
JPY.US,5,20251202,190500,31.8194,31.8194,31.8194,31.8194,642,0
JPY.US,5,20251202,215000,31.91,31.91,31.9099,31.9099,324,0
JPY.US,5,20251203,153000,31.69,31.69,31.69,31.69,107,0
JPY.US,5,20251203,154000,31.71,31.71,31.71,31.71,200,0
JPY.US,5,20251203,160500,31.705,31.705,31.705,31.705,100,0
JPY.US,5,20251203,211500,31.883,31.883,31.883,31.883,302,0
JPY.US,5,20251204,153000,32.4596,32.4596,32.4596,32.4596,100,0
JPY.US,5,20251204,205000,32.25,32.25,32.25,32.25,14353,0
JPY.US,5,20251205,153000,34.44,34.44,34.44,34.44,153,0
JPY.US,5,20251205,171000,32.23,32.23,32.23,32.23,100,0
JPY.US,5,20251205,204500,32.25,32.25,32.25,32.25,100,0
JPY.US,5,20251205,212000,32.26,32.26,32.26,32.26,300,0
JPY.US,5,20251208,182000,32.03,32.03,32.0299,32.0299,368,0
JPY.US,5,20251209,162500,32.15,32.15,32.15,32.15,100,0
JPY.US,5,20251209,182000,32.14,32.14,32.14,32.14,100,0
JPY.US,5,20251209,193000,32.07,32.07,32.07,32.07,300,0
JPY.US,5,20251210,193000,32.0427,32.0427,32.0427,32.0427,128,0
JPY.US,5,20251210,215000,32.28,32.28,32.28,32.28,1092,0
JPY.US,5,20251211,201500,32.34,32.34,32.34,32.34,100,0
JPY.US,5,20251212,153000,32.31,32.31,32.31,32.31,122,0
JPY.US,5,20251212,164500,32.165,32.165,32.165,32.165,100,0
JPY.US,5,20251212,203500,32.1799,32.18,32.1799,32.18,400,0
JPY.US,5,20251215,200000,32.545,32.545,32.545,32.545,100,0
JPY.US,5,20251216,183500,32.26,32.26,32.26,32.26,100,0
JPY.US,5,20251216,190000,32.16,32.16,32.16,32.16,100,0
JPY.US,5,20251216,212000,32.195,32.195,32.195,32.195,100,0
JPY.US,5,20251216,213500,32.225,32.225,32.225,32.225,160,0
JPY.US,5,20251217,153000,31.98,31.98,31.98,31.98,135,0
JPY.US,5,20251217,154000,32,32,32,32,200,0
JPY.US,5,20251217,181500,31.875,31.875,31.875,31.875,193,0
JPY.US,5,20251217,210500,31.8165,31.8165,31.8165,31.8165,100,0
JPY.US,5,20251217,211500,31.815,31.815,31.815,31.815,100,0
JPY.US,5,20251218,153000,32.05,32.05,32.05,32.05,200,0
JPY.US,5,20251218,153500,32.03,32.03,32.03,32.03,300,0
JPY.US,5,20251218,171500,32.09,32.09,32.09,32.09,200,0
JPY.US,5,20251218,180500,32,32,32,32,1000,0
JPY.US,5,20251218,181000,31.93,31.93,31.93,31.93,156,0
JPY.US,5,20251218,215500,31.94,31.94,31.94,31.94,100,0
JPY.US,5,20251219,161000,31.895,31.895,31.895,31.895,156,0
JPY.US,5,20251219,163000,31.895,31.895,31.895,31.895,160,0
JPY.US,5,20251219,190500,31.93,31.9302,31.93,31.9302,200,0
JPY.US,5,20251222,153000,31.75,31.75,31.75,31.75,106,0
JPY.US,5,20251222,154000,31.7015,31.7015,31.7015,31.7015,242,0
JPY.US,5,20251222,213500,31.86,31.86,31.86,31.86,11202,0
