<TICKER>,<PER>,<DATE>,<TIME>,<OPEN>,<HIGH>,<LOW>,<CLOSE>,<VOL>,<OPENINT>
KNGZ.US,5,20250728,153000,34.27,34.27,34.27,34.27,165,0
KNGZ.US,5,20250728,155000,34.18,34.18,34.18,34.18,200,0
KNGZ.US,5,20250728,184000,34.31,34.31,34.3,34.3,900,0
KNGZ.US,5,20250728,190500,34.295,34.295,34.295,34.295,295,0
KNGZ.US,5,20250728,211000,34.24,34.24,34.24,34.24,100,0
KNGZ.US,5,20250729,154500,34.3271,34.3271,34.3271,34.3271,302,0
KNGZ.US,5,20250729,174000,34.24,34.24,34.24,34.24,100,0
KNGZ.US,5,20250729,214500,34.2386,34.2386,34.211,34.211,703,0
KNGZ.US,5,20250729,215500,34.26,34.26,34.26,34.26,300,0
KNGZ.US,5,20250730,181500,34.24,34.24,34.24,34.24,100,0
KNGZ.US,5,20250730,182000,34.25,34.25,34.25,34.25,100,0
KNGZ.US,5,20250730,194000,34.35,34.35,34.34,34.35,400,0
KNGZ.US,5,20250730,195000,34.31,34.31,34.31,34.31,231,0
KNGZ.US,5,20250730,204000,34.19,34.19,34.19,34.19,100,0
KNGZ.US,5,20250730,213500,33.88,33.88,33.88,33.88,1214,0
KNGZ.US,5,20250730,215500,34,34,34,34,100,0
KNGZ.US,5,20250731,184000,33.8663,33.8663,33.8663,33.8663,140,0
KNGZ.US,5,20250801,192500,33.18,33.18,33.18,33.18,100,0
KNGZ.US,5,20250801,195000,33.1128,33.1128,33.1128,33.1128,104,0
KNGZ.US,5,20250801,212000,33.121,33.121,33.121,33.121,1888,0
KNGZ.US,5,20250804,153500,33.3772,33.3772,33.3772,33.3772,177,0
KNGZ.US,5,20250804,161500,33.41,33.41,33.41,33.41,100,0
KNGZ.US,5,20250804,183500,33.48,33.48,33.48,33.48,500,0
KNGZ.US,5,20250804,185500,33.56,33.56,33.56,33.56,100,0
KNGZ.US,5,20250804,194000,33.52,33.52,33.52,33.52,192,0
KNGZ.US,5,20250804,203000,33.49,33.49,33.49,33.49,100,0
KNGZ.US,5,20250804,204000,33.55,33.55,33.55,33.55,739,0
KNGZ.US,5,20250804,205000,33.54,33.54,33.53,33.53,600,0
KNGZ.US,5,20250804,215500,33.599,33.599,33.599,33.599,280,0
KNGZ.US,5,20250805,161000,33.6,33.6,33.6,33.6,100,0
KNGZ.US,5,20250805,165000,33.515,33.515,33.515,33.515,565,0
KNGZ.US,5,20250805,171000,33.54,33.54,33.54,33.54,298,0
KNGZ.US,5,20250805,173000,33.555,33.555,33.555,33.555,100,0
KNGZ.US,5,20250805,174500,33.58,33.58,33.58,33.58,200,0
KNGZ.US,5,20250805,184000,33.5901,33.5901,33.59,33.59,200,0
KNGZ.US,5,20250805,184500,33.58,33.58,33.58,33.58,100,0
KNGZ.US,5,20250805,185500,33.68,33.68,33.68,33.68,100,0
KNGZ.US,5,20250805,190500,33.6722,33.675,33.6722,33.675,429,0
KNGZ.US,5,20250805,192000,33.63,33.63,33.63,33.63,100,0
KNGZ.US,5,20250805,192500,33.73,33.74,33.66,33.66,466,0
KNGZ.US,5,20250805,212500,33.66,33.69,33.66,33.69,450,0
KNGZ.US,5,20250805,214000,33.67,33.67,33.67,33.67,1568,0
KNGZ.US,5,20250806,161500,33.6,33.6,33.6,33.6,100,0
KNGZ.US,5,20250806,164000,33.6599,33.66,33.6599,33.66,492,0
KNGZ.US,5,20250806,165000,33.63,33.66,33.63,33.66,400,0
KNGZ.US,5,20250806,173000,33.74,33.74,33.74,33.74,100,0
KNGZ.US,5,20250806,204000,33.7,33.7,33.7,33.7,1345,0
KNGZ.US,5,20250807,153000,33.95,33.95,33.95,33.95,192,0
KNGZ.US,5,20250807,160500,33.82,33.82,33.82,33.82,100,0
KNGZ.US,5,20250807,180000,33.66,33.66,33.66,33.66,1336,0
KNGZ.US,5,20250807,181000,33.655,33.68,33.655,33.68,400,0
KNGZ.US,5,20250807,202500,33.611,33.611,33.611,33.611,500,0
KNGZ.US,5,20250807,204500,33.605,33.6051,33.605,33.6051,200,0
KNGZ.US,5,20250807,211500,33.63,33.63,33.63,33.63,100,0
KNGZ.US,5,20250807,212500,33.6523,33.67,33.6523,33.67,200,0
KNGZ.US,5,20250807,214000,33.67,33.67,33.67,33.67,100,0
KNGZ.US,5,20250807,215500,33.66,33.66,33.66,33.66,100,0
KNGZ.US,5,20250808,153000,33.76,33.76,33.76,33.76,294,0
KNGZ.US,5,20250811,173000,33.7043,33.7043,33.7043,33.7043,200,0
KNGZ.US,5,20250811,203000,33.7486,33.75,33.695,33.75,12028,0
KNGZ.US,5,20250811,212500,33.77,33.77,33.77,33.77,100,0
KNGZ.US,5,20250811,215500,33.68,33.75,33.68,33.75,500,0
KNGZ.US,5,20250812,155500,34.02,34.02,34.02,34.02,100,0
KNGZ.US,5,20250812,194000,34.25,34.25,34.25,34.25,100,0
KNGZ.US,5,20250812,211500,34.16,34.18,34.15,34.16,3574,0
KNGZ.US,5,20250812,214000,34.2899,34.2899,34.2899,34.2899,880,0
KNGZ.US,5,20250812,215500,34.3,34.3,34.3,34.3,100,0
KNGZ.US,5,20250813,153000,34.42,34.42,34.42,34.42,248,0
KNGZ.US,5,20250813,154500,34.49,34.49,34.49,34.49,100,0
KNGZ.US,5,20250813,173500,34.5945,34.5945,34.5945,34.5945,100,0
KNGZ.US,5,20250813,174500,34.57,34.57,34.57,34.57,200,0
KNGZ.US,5,20250813,193000,34.6,34.6,34.59,34.59,1444,0
KNGZ.US,5,20250813,212000,34.8099,34.8099,34.8099,34.8099,174,0
KNGZ.US,5,20250813,215500,34.9,34.9,34.9,34.9,100,0
KNGZ.US,5,20250814,153000,34.62,34.62,34.62,34.62,382,0
KNGZ.US,5,20250814,160000,34.55,34.55,34.55,34.55,100,0
KNGZ.US,5,20250814,163500,34.559,34.559,34.559,34.559,650,0
KNGZ.US,5,20250814,175500,34.65,34.65,34.65,34.65,700,0
KNGZ.US,5,20250814,193500,34.6587,34.6587,34.6587,34.6587,300,0
KNGZ.US,5,20250814,203000,34.58,34.58,34.58,34.58,100,0
KNGZ.US,5,20250814,210500,34.71,34.71,34.71,34.71,171,0
KNGZ.US,5,20250815,153000,34.66,34.66,34.66,34.66,1171,0
KNGZ.US,5,20250815,160000,34.745,34.745,34.745,34.745,100,0
KNGZ.US,5,20250815,203500,34.729,34.729,34.729,34.729,300,0
KNGZ.US,5,20250815,212500,34.63,34.63,34.63,34.63,1273,0
KNGZ.US,5,20250818,161500,34.73,34.73,34.73,34.73,100,0
KNGZ.US,5,20250818,174000,34.66,34.66,34.66,34.66,215,0
KNGZ.US,5,20250818,184500,34.67,34.67,34.67,34.67,2000,0
KNGZ.US,5,20250818,190000,34.6,34.6,34.6,34.6,1203,0
KNGZ.US,5,20250818,190500,34.63,34.63,34.63,34.63,1415,0
KNGZ.US,5,20250818,191000,34.65,34.65,34.65,34.65,5547,0
KNGZ.US,5,20250818,192000,34.65,34.65,34.65,34.65,3693,0
KNGZ.US,5,20250818,192500,34.64,34.64,34.64,34.64,3693,0
KNGZ.US,5,20250818,195000,34.68,34.68,34.68,34.68,1154,0
KNGZ.US,5,20250818,200500,34.6101,34.6101,34.6101,34.6101,111,0
KNGZ.US,5,20250818,201500,34.7,34.7,34.7,34.7,100,0
KNGZ.US,5,20250818,202500,34.69,34.69,34.69,34.69,1000,0
KNGZ.US,5,20250818,204000,34.61,34.61,34.61,34.61,1100,0
KNGZ.US,5,20250818,205500,34.6669,34.6669,34.6669,34.6669,683,0
KNGZ.US,5,20250818,215500,34.6,34.62,34.6,34.6,4300,0
KNGZ.US,5,20250819,153000,34.62,34.62,34.62,34.62,170,0
KNGZ.US,5,20250819,155000,34.87,34.87,34.87,34.87,100,0
KNGZ.US,5,20250819,160000,34.94,34.94,34.94,34.94,100,0
KNGZ.US,5,20250819,163500,34.9601,34.9601,34.9601,34.9601,314,0
KNGZ.US,5,20250819,184500,34.75,34.75,34.75,34.75,169,0
KNGZ.US,5,20250819,185000,34.7435,34.7435,34.73,34.7301,534,0
KNGZ.US,5,20250819,185500,34.78,34.78,34.78,34.78,270,0
KNGZ.US,5,20250819,193000,34.81,34.82,34.81,34.82,243,0
KNGZ.US,5,20250819,211500,34.752,34.752,34.752,34.752,958,0
KNGZ.US,5,20250819,214000,34.79,34.79,34.79,34.79,122,0
KNGZ.US,5,20250820,180500,34.745,34.745,34.745,34.745,181,0
KNGZ.US,5,20250820,183500,34.795,34.795,34.795,34.795,305,0
KNGZ.US,5,20250820,184500,34.7618,34.7618,34.7618,34.7618,254,0
KNGZ.US,5,20250820,195500,34.88,34.88,34.88,34.88,300,0
KNGZ.US,5,20250820,202500,34.8289,34.8289,34.8289,34.8289,300,0
KNGZ.US,5,20250820,212000,34.92,34.92,34.92,34.92,100,0
KNGZ.US,5,20250821,160000,34.82,34.82,34.82,34.82,100,0
KNGZ.US,5,20250821,161500,34.8748,34.8748,34.8748,34.8748,100,0
KNGZ.US,5,20250821,193500,34.78,34.78,34.78,34.78,100,0
KNGZ.US,5,20250821,210500,34.93,34.93,34.93,34.93,900,0
KNGZ.US,5,20250821,214000,34.8179,34.8179,34.8179,34.8179,211,0
KNGZ.US,5,20250821,214500,34.83,34.83,34.83,34.83,100,0
KNGZ.US,5,20250822,153500,35.12,35.12,35.12,35.12,127,0
KNGZ.US,5,20250822,155500,35.21,35.21,35.21,35.21,100,0
KNGZ.US,5,20250822,184500,35.6269,35.6269,35.6269,35.6269,2103,0
KNGZ.US,5,20250825,153000,35.55,35.55,35.55,35.55,332,0
KNGZ.US,5,20250825,161500,35.42,35.42,35.42,35.42,100,0
KNGZ.US,5,20250825,171500,35.3144,35.3144,35.3144,35.3144,119,0
KNGZ.US,5,20250825,191500,35.4,35.4,35.4,35.4,177,0
KNGZ.US,5,20250825,192000,35.449,35.449,35.449,35.449,200,0
KNGZ.US,5,20250825,195000,35.4,35.4,35.4,35.4,638,0
KNGZ.US,5,20250826,160500,35.403,35.403,35.403,35.403,170,0
KNGZ.US,5,20250826,162000,35.44,35.44,35.44,35.44,100,0
KNGZ.US,5,20250826,170500,35.37,35.37,35.37,35.37,2400,0
KNGZ.US,5,20250826,174500,35.35,35.35,35.35,35.35,100,0
KNGZ.US,5,20250826,183000,35.2762,35.2762,35.2762,35.2762,171,0
KNGZ.US,5,20250826,192500,35.3352,35.3352,35.3352,35.3352,150,0
KNGZ.US,5,20250826,193000,35.399,35.399,35.34,35.34,2134,0
KNGZ.US,5,20250826,201000,35.38,35.38,35.38,35.38,100,0
KNGZ.US,5,20250826,211500,35.25,35.25,35.25,35.25,200,0
KNGZ.US,5,20250826,213000,35.38,35.38,35.38,35.38,100,0
KNGZ.US,5,20250827,153000,35.29,35.29,35.29,35.29,452,0
KNGZ.US,5,20250827,154000,35.406,35.406,35.406,35.406,280,0
KNGZ.US,5,20250827,161000,35.4,35.4,35.4,35.4,100,0
KNGZ.US,5,20250827,181000,35.35,35.35,35.35,35.35,488,0
KNGZ.US,5,20250827,190000,35.379,35.379,35.379,35.379,140,0
KNGZ.US,5,20250827,192000,35.45,35.45,35.45,35.45,100,0
KNGZ.US,5,20250827,214000,35.43,35.52,35.43,35.43,4875,0
KNGZ.US,5,20250828,161000,35.48,35.48,35.48,35.48,100,0
KNGZ.US,5,20250828,173000,35.274,35.274,35.274,35.274,133,0
KNGZ.US,5,20250828,201000,35.325,35.325,35.325,35.325,450,0
KNGZ.US,5,20250828,210500,35.3598,35.3598,35.3598,35.3598,489,0
KNGZ.US,5,20250828,212500,35.47,35.47,35.47,35.47,750,0
KNGZ.US,5,20250829,162000,35.44,35.44,35.44,35.44,100,0
KNGZ.US,5,20250829,185500,35.3841,35.3841,35.3841,35.3841,116,0
KNGZ.US,5,20250829,195000,35.42,35.42,35.42,35.42,918,0
KNGZ.US,5,20250829,202000,35.43,35.43,35.43,35.43,100,0
KNGZ.US,5,20250829,203500,35.44,35.44,35.44,35.44,100,0
KNGZ.US,5,20250829,204500,35.44,35.44,35.44,35.44,100,0
KNGZ.US,5,20250829,205500,35.398,35.44,35.398,35.44,202,0
KNGZ.US,5,20250829,211000,35.36,35.45,35.36,35.45,474,0
KNGZ.US,5,20250829,213000,35.46,35.46,35.46,35.46,100,0
KNGZ.US,5,20250902,153000,35.04,35.04,35,35,2411,0
KNGZ.US,5,20250902,155500,35.13,35.13,35.13,35.13,100,0
KNGZ.US,5,20250902,175500,35.04,35.04,35.04,35.04,284,0
KNGZ.US,5,20250902,180500,35.04,35.04,35.04,35.04,100,0
KNGZ.US,5,20250902,183500,34.9425,34.9425,34.9425,34.9425,295,0
KNGZ.US,5,20250902,184500,34.9956,34.9956,34.9956,34.9956,390,0
KNGZ.US,5,20250902,211000,35.08,35.08,35.08,35.08,142,0
KNGZ.US,5,20250902,212500,35.07,35.07,35.07,35.07,100,0
KNGZ.US,5,20250903,154000,35.245,35.245,35.245,35.245,120,0
KNGZ.US,5,20250903,154500,35.185,35.2,35.185,35.2,216,0
KNGZ.US,5,20250903,162000,35.13,35.13,35.13,35.13,100,0
KNGZ.US,5,20250903,162500,35.075,35.0932,35.075,35.0932,1080,0
KNGZ.US,5,20250903,210500,35.13,35.13,35.13,35.13,100,0
KNGZ.US,5,20250903,211500,35.07,35.07,35.07,35.07,142,0
KNGZ.US,5,20250903,213000,35.02,35.02,35.02,35.02,168,0
KNGZ.US,5,20250903,214500,35.09354,35.09354,35.09354,35.09354,200,0
KNGZ.US,5,20250903,215000,35.17,35.17,35.17,35.17,100,0
KNGZ.US,5,20250904,153000,35.3,35.3,35.3,35.3,486,0
KNGZ.US,5,20250904,160000,35.33,35.33,35.33,35.33,100,0
KNGZ.US,5,20250904,163500,35.31,35.31,35.31,35.31,1187,0
KNGZ.US,5,20250904,191500,35.43,35.43,35.43,35.43,200,0
KNGZ.US,5,20250904,192000,35.35,35.35,35.35,35.35,100,0
KNGZ.US,5,20250904,203500,35.48,35.48,35.48,35.48,100,0
KNGZ.US,5,20250904,211000,35.44,35.5,35.44,35.5,2730,0
KNGZ.US,5,20250904,213000,35.5,35.5,35.5,35.5,300,0
KNGZ.US,5,20250904,215500,35.51,35.51,35.51,35.51,100,0
KNGZ.US,5,20250905,154500,35.77,35.77,35.77,35.77,100,0
KNGZ.US,5,20250905,162500,35.53,35.53,35.53,35.53,100,0
KNGZ.US,5,20250905,164500,35.42,35.42,35.42,35.42,200,0
KNGZ.US,5,20250905,170500,35.5,35.5,35.5,35.5,100,0
KNGZ.US,5,20250905,202000,35.479,35.479,35.47,35.47,300,0
KNGZ.US,5,20250908,153000,35.4652,35.4652,35.4652,35.4652,190,0
KNGZ.US,5,20250908,160500,35.35,35.35,35.35,35.35,100,0
KNGZ.US,5,20250908,161000,35.26,35.2601,35.26,35.2601,400,0
KNGZ.US,5,20250908,172000,35.42,35.42,35.42,35.42,201,0
KNGZ.US,5,20250908,214500,35.4294,35.4294,35.4294,35.4294,274,0
KNGZ.US,5,20250909,160500,35.42,35.42,35.42,35.42,270,0
KNGZ.US,5,20250909,190000,35.47,35.47,35.47,35.47,476,0
KNGZ.US,5,20250909,192500,35.52,35.52,35.52,35.52,200,0
KNGZ.US,5,20250909,200500,35.515,35.515,35.515,35.515,300,0
KNGZ.US,5,20250909,202500,35.55,35.55,35.55,35.55,540,0
KNGZ.US,5,20250909,212000,35.49,35.49,35.49,35.49,100,0
KNGZ.US,5,20250909,214500,35.455,35.455,35.455,35.455,224,0
KNGZ.US,5,20250910,153000,35.61,35.61,35.61,35.61,151,0
KNGZ.US,5,20250910,170000,35.5,35.5,35.5,35.5,100,0
KNGZ.US,5,20250910,180500,35.5788,35.5788,35.5788,35.5788,600,0
KNGZ.US,5,20250910,181000,35.58,35.58,35.58,35.58,200,0
KNGZ.US,5,20250910,193500,35.4515,35.4515,35.4515,35.4515,126,0
KNGZ.US,5,20250910,215000,35.5,35.5,35.5,35.5,124,0
KNGZ.US,5,20250911,160000,35.8,35.8,35.8,35.8,129,0
KNGZ.US,5,20250911,162000,35.75,35.75,35.75,35.75,1216,0
KNGZ.US,5,20250911,170000,35.93,35.93,35.93,35.93,100,0
KNGZ.US,5,20250911,171000,35.82,35.82,35.81,35.81,589,0
KNGZ.US,5,20250911,180500,35.8414,35.8414,35.8414,35.8414,2325,0
KNGZ.US,5,20250911,184500,35.9,35.9,35.9,35.9,247,0
KNGZ.US,5,20250911,193000,35.92,35.92,35.92,35.92,550,0
KNGZ.US,5,20250911,195500,35.95,35.95,35.95,35.95,300,0
KNGZ.US,5,20250911,214500,35.975,35.975,35.975,35.975,500,0
KNGZ.US,5,20250912,153500,35.96,35.96,35.96,35.96,200,0
KNGZ.US,5,20250912,154000,35.96,35.96,35.91,35.91,500,0
KNGZ.US,5,20250912,154500,35.93,35.93,35.93,35.93,100,0
KNGZ.US,5,20250912,163500,35.87,35.87,35.87,35.87,125,0
KNGZ.US,5,20250912,174000,35.83,35.85,35.83,35.85,744,0
KNGZ.US,5,20250912,184500,35.82,35.83,35.82,35.83,500,0
KNGZ.US,5,20250912,213500,35.7615,35.7615,35.7615,35.7615,279,0
KNGZ.US,5,20250915,161500,35.65,35.65,35.65,35.65,2686,0
KNGZ.US,5,20250915,170000,35.6894,35.6894,35.6894,35.6894,200,0
KNGZ.US,5,20250915,214500,35.54,35.54,35.54,35.54,253,0
KNGZ.US,5,20250916,155500,35.494,35.494,35.494,35.494,500,0
KNGZ.US,5,20250916,180500,35.455,35.455,35.455,35.455,300,0
KNGZ.US,5,20250916,200500,35.48,35.48,35.48,35.48,100,0
KNGZ.US,5,20250916,203000,35.539,35.539,35.4917,35.4917,1370,0
KNGZ.US,5,20250917,160000,35.75,35.75,35.75,35.75,100,0
KNGZ.US,5,20250917,180500,35.9,35.909,35.9,35.909,2800,0
KNGZ.US,5,20250917,194000,35.75,35.75,35.75,35.75,2907,0
KNGZ.US,5,20250917,202500,35.924,35.924,35.885,35.885,778,0
KNGZ.US,5,20250917,211500,35.61,35.61,35.61,35.61,1357,0
KNGZ.US,5,20250917,215000,35.72,35.72,35.72,35.72,629,0
KNGZ.US,5,20250918,153000,35.67,35.67,35.67,35.67,1518,0
KNGZ.US,5,20250918,172500,35.8277,35.8277,35.8277,35.8277,435,0
KNGZ.US,5,20250918,175500,35.85,35.85,35.85,35.85,100,0
KNGZ.US,5,20250918,193500,35.87,35.87,35.87,35.87,263,0
KNGZ.US,5,20250918,202000,35.8813,35.8813,35.8813,35.8813,300,0
KNGZ.US,5,20250918,204000,35.85,35.85,35.85,35.85,2068,0
KNGZ.US,5,20250919,172000,35.69,35.69,35.69,35.69,100,0
KNGZ.US,5,20250919,172500,35.7,35.7,35.7,35.7,150,0
KNGZ.US,5,20250919,173000,35.66,35.66,35.66,35.66,150,0
KNGZ.US,5,20250919,174500,35.7,35.7,35.7,35.7,200,0
KNGZ.US,5,20250919,175000,35.7,35.7,35.7,35.7,200,0
KNGZ.US,5,20250919,180000,35.72,35.72,35.72,35.72,200,0
KNGZ.US,5,20250919,181000,35.74,35.74,35.74,35.74,250,0
KNGZ.US,5,20250919,182000,35.77,35.77,35.77,35.77,200,0
KNGZ.US,5,20250919,182500,35.71,35.78,35.71,35.78,1500,0
KNGZ.US,5,20250919,183500,35.78,35.78,35.78,35.78,200,0
KNGZ.US,5,20250919,184500,35.78,35.78,35.78,35.78,200,0
KNGZ.US,5,20250919,185500,35.78,35.78,35.78,35.78,200,0
KNGZ.US,5,20250919,190000,35.78,35.78,35.78,35.78,200,0
KNGZ.US,5,20250919,191000,35.78,35.78,35.78,35.78,200,0
KNGZ.US,5,20250919,191500,35.78,35.78,35.78,35.78,200,0
KNGZ.US,5,20250919,192000,35.78,35.78,35.78,35.78,150,0
KNGZ.US,5,20250919,192500,35.78,35.78,35.78,35.78,150,0
KNGZ.US,5,20250919,193000,35.78,35.78,35.78,35.78,150,0
KNGZ.US,5,20250919,193500,35.78,35.78,35.78,35.78,100,0
KNGZ.US,5,20250919,194000,35.8,35.8,35.8,35.8,200,0
KNGZ.US,5,20250919,194500,35.8,35.8,35.8,35.8,100,0
KNGZ.US,5,20250919,205500,35.78,35.8,35.78,35.8,800,0
KNGZ.US,5,20250922,153000,35.5618,35.5618,35.5618,35.5618,154,0
KNGZ.US,5,20250922,162500,35.655,35.655,35.655,35.655,824,0
KNGZ.US,5,20250922,203000,35.6401,35.6401,35.6401,35.6401,148,0
KNGZ.US,5,20250923,161500,36,36.009,36,36.009,493,0
KNGZ.US,5,20250923,162500,35.9101,35.9101,35.9101,35.9101,580,0
KNGZ.US,5,20250923,192500,35.89,35.89,35.89,35.89,248,0
KNGZ.US,5,20250924,175500,35.85,35.85,35.85,35.85,243,0
KNGZ.US,5,20250924,184000,35.88,35.88,35.88,35.88,195,0
KNGZ.US,5,20250924,190500,35.795,35.795,35.795,35.795,200,0
KNGZ.US,5,20250924,200500,35.8,35.8,35.8,35.8,200,0
KNGZ.US,5,20250924,204000,35.8078,35.8078,35.8078,35.8078,700,0
KNGZ.US,5,20250925,160000,35.37,35.37,35.296294,35.296294,200,0
KNGZ.US,5,20250925,160500,35.335,35.335,35.335,35.335,150,0
KNGZ.US,5,20250925,182000,35.35,35.35,35.35,35.35,100,0
KNGZ.US,5,20250925,191000,35.2532,35.2532,35.2532,35.2532,138,0
KNGZ.US,5,20250925,201500,35.18,35.1801,35.18,35.1801,200,0
KNGZ.US,5,20250925,212500,35.1601,35.1601,35.1601,35.1601,148,0
KNGZ.US,5,20250926,153000,35.29,35.29,35.29,35.29,600,0
KNGZ.US,5,20250926,185000,35.431,35.431,35.431,35.431,100,0
KNGZ.US,5,20250929,153000,35.625,35.625,35.625,35.625,500,0
KNGZ.US,5,20250929,171500,35.57,35.57,35.57,35.57,126,0
KNGZ.US,5,20250929,175500,35.4983,35.4983,35.4983,35.4983,100,0
KNGZ.US,5,20250929,183000,35.54,35.54,35.54,35.54,400,0
KNGZ.US,5,20250929,191000,35.5399,35.5399,35.5399,35.5399,106,0
KNGZ.US,5,20250929,212000,35.56,35.56,35.55,35.56,1287,0
KNGZ.US,5,20250929,214000,35.5989,35.5989,35.5989,35.5989,250,0
KNGZ.US,5,20250930,153000,35.53,35.53,35.53,35.53,201,0
KNGZ.US,5,20250930,153500,35.6195,35.69,35.6195,35.69,522,0
KNGZ.US,5,20250930,160000,35.78,35.78,35.78,35.78,103,0
KNGZ.US,5,20250930,162000,35.7489,35.7489,35.7098,35.7098,2184,0
KNGZ.US,5,20250930,164000,35.6128,35.6128,35.6128,35.6128,465,0
KNGZ.US,5,20250930,174500,35.54,35.54,35.54,35.54,954,0
KNGZ.US,5,20250930,175000,35.6,35.6,35.6,35.6,166,0
KNGZ.US,5,20250930,215500,35.81,35.81,35.81,35.81,140,0
KNGZ.US,5,20251001,173000,35.82,35.82,35.82,35.82,120,0
KNGZ.US,5,20251001,175000,35.72,35.72,35.72,35.72,1658,0
KNGZ.US,5,20251002,153000,35.83,35.83,35.83,35.83,129,0
KNGZ.US,5,20251002,153500,35.8842,35.8842,35.8842,35.8842,448,0
KNGZ.US,5,20251002,165000,35.81,35.83,35.81,35.83,1172,0
KNGZ.US,5,20251002,193500,35.83,35.83,35.83,35.83,400,0
KNGZ.US,5,20251003,161000,36.1362,36.1362,36.1362,36.1362,300,0
KNGZ.US,5,20251003,163000,36.21,36.21,36.21,36.21,100,0
KNGZ.US,5,20251003,170000,36.21,36.21,36.21,36.21,100,0
KNGZ.US,5,20251003,185500,36.16,36.16,36.11,36.11,515,0
KNGZ.US,5,20251006,192000,36.08,36.08,36.08,36.08,358,0
KNGZ.US,5,20251006,194500,36.09,36.09,36.09,36.09,275,0
KNGZ.US,5,20251007,162500,35.9,35.9,35.76,35.89,15469,0
KNGZ.US,5,20251007,163500,35.86,35.86,35.86,35.86,500,0
KNGZ.US,5,20251007,164000,35.91,35.91,35.91,35.91,494,0
KNGZ.US,5,20251007,182000,35.77,35.77,35.77,35.77,100,0
KNGZ.US,5,20251007,182500,35.82,35.82,35.82,35.82,100,0
KNGZ.US,5,20251007,193000,35.87,35.87,35.87,35.87,100,0
KNGZ.US,5,20251007,195500,35.86,35.87,35.86,35.8699,826,0
KNGZ.US,5,20251008,153000,35.9,35.9,35.9,35.9,598,0
KNGZ.US,5,20251008,172500,35.965,35.965,35.965,35.965,275,0
KNGZ.US,5,20251008,173000,35.96,35.96,35.96,35.96,220,0
KNGZ.US,5,20251008,181000,36.03,36.03,36.03,36.03,529,0
KNGZ.US,5,20251008,211000,35.8812,35.8812,35.8812,35.8812,174,0
KNGZ.US,5,20251009,153000,36.01,36.01,36.01,36.01,280,0
KNGZ.US,5,20251009,161000,35.6501,35.6501,35.6501,35.6501,174,0
KNGZ.US,5,20251009,190500,35.68,35.68,35.68,35.68,100,0
KNGZ.US,5,20251009,191000,35.63,35.63,35.63,35.63,100,0
KNGZ.US,5,20251009,200500,35.62,35.62,35.62,35.62,500,0
KNGZ.US,5,20251009,201000,35.601498,35.601498,35.601498,35.601498,277,0
KNGZ.US,5,20251009,203500,35.61,35.61,35.61,35.61,316,0
KNGZ.US,5,20251009,214000,35.61,35.61,35.61,35.61,119,0
KNGZ.US,5,20251010,153000,35.68,35.68,35.68,35.68,311,0
KNGZ.US,5,20251010,155000,35.69,35.69,35.69,35.69,100,0
KNGZ.US,5,20251010,160500,35.6645,35.6645,35.6645,35.6645,140,0
KNGZ.US,5,20251010,174500,35.07,35.07,35.07,35.07,251,0
KNGZ.US,5,20251010,182000,34.97,34.97,34.9433,34.9433,620,0
KNGZ.US,5,20251010,211500,34.76,34.76,34.76,34.76,110,0
KNGZ.US,5,20251013,153000,34.98,34.98,34.98,34.98,141,0
KNGZ.US,5,20251013,160500,34.97,34.97,34.97,34.97,135,0
KNGZ.US,5,20251013,164500,34.99,34.99,34.99,34.99,100,0
KNGZ.US,5,20251013,190500,35.235,35.2899,35.235,35.2899,1347,0
KNGZ.US,5,20251013,213000,35.219,35.219,35.219,35.219,100,0
KNGZ.US,5,20251013,213500,35.1549,35.1549,35.1549,35.1549,800,0
KNGZ.US,5,20251014,163000,35.229,35.229,35.229,35.229,700,0
KNGZ.US,5,20251014,171500,35.24,35.24,35.24,35.24,2613,0
KNGZ.US,5,20251014,213500,35.5,35.5,35.5,35.5,300,0
KNGZ.US,5,20251015,154500,35.7,35.7,35.7,35.7,100,0
KNGZ.US,5,20251015,174000,35.595041,35.595041,35.595041,35.595041,864,0
KNGZ.US,5,20251015,202000,35.55,35.5501,35.55,35.5501,200,0
KNGZ.US,5,20251015,214500,35.54,35.54,35.54,35.54,534,0
KNGZ.US,5,20251016,154500,35.559,35.559,35.559,35.559,200,0
KNGZ.US,5,20251016,155500,35.48,35.48,35.48,35.48,300,0
KNGZ.US,5,20251016,202000,35.14,35.14,35.1265,35.1265,2860,0
KNGZ.US,5,20251016,203500,35.11,35.11,35.11,35.11,100,0
KNGZ.US,5,20251016,204000,35.15,35.15,35.15,35.15,100,0
KNGZ.US,5,20251016,204500,35.22,35.22,35.22,35.22,100,0
KNGZ.US,5,20251016,205000,35.22,35.22,35.22,35.22,100,0
KNGZ.US,5,20251016,205500,35.22,35.22,35.22,35.22,101,0
KNGZ.US,5,20251017,154000,35.22,35.22,35.22,35.22,100,0
KNGZ.US,5,20251017,162000,35.07,35.07,35.07,35.07,300,0
KNGZ.US,5,20251017,172000,35.075,35.075,35.075,35.075,100,0
KNGZ.US,5,20251017,174000,35.17,35.17,35.17,35.17,140,0
KNGZ.US,5,20251017,191000,35.17,35.17,35.12,35.12,2000,0
KNGZ.US,5,20251017,194500,35.14,35.14,35.14,35.14,100,0
KNGZ.US,5,20251017,203500,35.2552,35.2552,35.2552,35.2552,100,0
KNGZ.US,5,20251020,164000,35.55,35.55,35.55,35.55,271,0
KNGZ.US,5,20251020,172000,35.5201,35.5201,35.5201,35.5201,2473,0
KNGZ.US,5,20251020,201500,35.6499,35.6499,35.6499,35.6499,698,0
KNGZ.US,5,20251021,160500,35.63,35.63,35.63,35.63,300,0
KNGZ.US,5,20251021,161500,35.67,35.67,35.67,35.67,100,0
KNGZ.US,5,20251021,170000,35.8889,35.8889,35.8889,35.8889,533,0
KNGZ.US,5,20251021,212000,35.79,35.79,35.79,35.79,2154,0
KNGZ.US,5,20251021,213500,35.79,35.79,35.79,35.79,379,0
KNGZ.US,5,20251021,214500,35.785,35.785,35.785,35.785,830,0
KNGZ.US,5,20251021,215500,35.85,35.86,35.85,35.86,1180,0
KNGZ.US,5,20251022,155500,35.65,35.65,35.65,35.65,100,0
KNGZ.US,5,20251022,163500,35.6727,35.6727,35.6727,35.6727,522,0
KNGZ.US,5,20251022,174000,35.76,35.76,35.76,35.76,348,0
KNGZ.US,5,20251022,181500,35.73,35.73,35.73,35.73,100,0
KNGZ.US,5,20251023,153500,35.68,35.68,35.637,35.637,200,0
KNGZ.US,5,20251023,185000,35.6808,35.6808,35.6808,35.6808,281,0
KNGZ.US,5,20251024,175000,35.869,35.87,35.869,35.87,800,0
KNGZ.US,5,20251024,181000,35.8608,35.8608,35.8608,35.8608,879,0
KNGZ.US,5,20251024,192500,35.809,35.81,35.807,35.81,600,0
KNGZ.US,5,20251024,214500,35.765,35.765,35.765,35.765,300,0
KNGZ.US,5,20251027,143000,35.98,35.98,35.98,35.98,1675,0
KNGZ.US,5,20251027,144000,35.94,35.94,35.94,35.94,419,0
KNGZ.US,5,20251027,154000,36.16,36.16,36.16,36.16,100,0
KNGZ.US,5,20251027,161000,36.0588,36.0588,36.0588,36.0588,300,0
KNGZ.US,5,20251027,163000,36.0635,36.0635,36.0635,36.0635,101,0
KNGZ.US,5,20251028,144500,35.7996,35.7996,35.7996,35.7996,218,0
KNGZ.US,5,20251028,151500,35.81,35.81,35.81,35.81,100,0
KNGZ.US,5,20251028,154500,35.8815,35.8815,35.8815,35.8815,240,0
KNGZ.US,5,20251028,163500,35.92,35.928,35.92,35.928,600,0
KNGZ.US,5,20251028,170000,35.8245,35.8245,35.8245,35.8245,196,0
KNGZ.US,5,20251028,184000,35.975,35.975,35.97,35.97,530,0
KNGZ.US,5,20251028,190000,35.98,35.98,35.955,35.955,1400,0
KNGZ.US,5,20251028,192000,35.99,35.99,35.99,35.99,100,0
KNGZ.US,5,20251029,151500,35.81,35.81,35.81,35.81,100,0
KNGZ.US,5,20251029,170500,35.7671,35.83,35.7671,35.83,709,0
KNGZ.US,5,20251029,175500,35.7956,35.7956,35.7863,35.7863,308,0
KNGZ.US,5,20251029,182000,35.79,35.79,35.79,35.79,240,0
KNGZ.US,5,20251029,193500,35.62,35.62,35.62,35.62,100,0
KNGZ.US,5,20251029,195000,35.59,35.59,35.59,35.59,100,0
KNGZ.US,5,20251029,195500,35.61,35.61,35.61,35.61,100,0
KNGZ.US,5,20251029,203500,35.4,35.45,35.4,35.45,4998,0
KNGZ.US,5,20251029,204500,35.5094,35.5094,35.5094,35.5094,567,0
KNGZ.US,5,20251030,150500,35.61,35.61,35.61,35.61,100,0
KNGZ.US,5,20251030,170000,35.67,35.67,35.67,35.67,600,0
KNGZ.US,5,20251030,182500,35.5501,35.5501,35.55,35.55,600,0
KNGZ.US,5,20251030,190500,35.59,35.59,35.59,35.59,100,0
KNGZ.US,5,20251030,200500,35.499,35.499,35.499,35.499,700,0
KNGZ.US,5,20251030,201500,35.42,35.46,35.39,35.46,8618,0
KNGZ.US,5,20251030,202000,35.38,35.38,35.38,35.38,1928,0
KNGZ.US,5,20251030,203000,35.42,35.42,35.38,35.38,2975,0
KNGZ.US,5,20251030,203500,35.4342,35.4342,35.4342,35.4342,226,0
KNGZ.US,5,20251031,145000,35.34,35.34,35.34,35.34,100,0
KNGZ.US,5,20251031,171000,35.3704,35.4092,35.3704,35.4092,1291,0
KNGZ.US,5,20251031,174000,35.37,35.37,35.37,35.37,100,0
KNGZ.US,5,20251031,175000,35.28,35.2812,35.255,35.255,1004,0
KNGZ.US,5,20251031,181500,35.28,35.28,35.28,35.28,100,0
KNGZ.US,5,20251031,191500,35.25,35.25,35.24,35.25,1387,0
KNGZ.US,5,20251031,192000,35.25,35.25,35.25,35.25,220,0
KNGZ.US,5,20251031,192500,35.3,35.3,35.3,35.3,2113,0
KNGZ.US,5,20251031,195500,35.35,35.35,35.35,35.35,100,0
KNGZ.US,5,20251031,205500,35.48,35.48,35.48,35.48,100,0
KNGZ.US,5,20251103,173000,35.1,35.17,35.1,35.17,2395,0
KNGZ.US,5,20251103,182500,35.04,35.04,35.04,35.04,1690,0
KNGZ.US,5,20251103,193500,35.1232,35.1232,35.1232,35.1232,5122,0
KNGZ.US,5,20251104,154000,34.915,34.915,34.915,34.915,152,0
KNGZ.US,5,20251104,155000,34.91,34.91,34.91,34.91,100,0
KNGZ.US,5,20251104,171500,34.92,34.92,34.92,34.92,163,0
KNGZ.US,5,20251104,190500,34.76,34.76,34.76,34.76,100,0
KNGZ.US,5,20251104,195000,34.86,34.86,34.8249,34.825,1674,0
KNGZ.US,5,20251104,195500,34.815,34.815,34.815,34.815,145,0
KNGZ.US,5,20251104,212000,34.8319,34.87,34.8319,34.87,703,0
KNGZ.US,5,20251105,172000,34.9178,34.9178,34.9178,34.9178,370,0
KNGZ.US,5,20251105,173000,34.97,34.97,34.97,34.97,100,0
KNGZ.US,5,20251105,180000,35.17,35.17,35.17,35.17,100,0
KNGZ.US,5,20251105,193500,35.1913,35.1913,35.1913,35.1913,108,0
KNGZ.US,5,20251105,203500,35.2018,35.2018,35.2018,35.2018,115,0
KNGZ.US,5,20251106,173000,34.9484,34.9484,34.9484,34.9484,123,0
KNGZ.US,5,20251106,175500,34.9,34.9,34.9,34.9,100,0
KNGZ.US,5,20251106,184500,34.93,34.93,34.93,34.93,100,0
KNGZ.US,5,20251106,194000,34.95,34.95,34.95,34.95,1495,0
KNGZ.US,5,20251106,201500,34.985,34.985,34.985,34.985,200,0
KNGZ.US,5,20251106,211000,35.01,35.01,35.01,35.01,156,0
KNGZ.US,5,20251106,212500,35.03,35.12,35.03,35.03,402,0
KNGZ.US,5,20251106,213500,35.01,35.01,35.01,35.01,2726,0
KNGZ.US,5,20251106,214500,34.97,34.97,34.97,34.97,200,0
KNGZ.US,5,20251106,215500,34.91,34.91,34.91,34.91,200,0
KNGZ.US,5,20251107,155500,34.84,34.84,34.84,34.84,390,0
KNGZ.US,5,20251107,184500,34.58,34.58,34.58,34.58,335,0
KNGZ.US,5,20251107,215500,35,35,35,35,195,0
KNGZ.US,5,20251110,155500,34.951,34.951,34.951,34.951,429,0
KNGZ.US,5,20251110,180500,34.83,34.83,34.83,34.83,439,0
KNGZ.US,5,20251110,203500,34.983,35.03,34.983,35.03,3672,0
KNGZ.US,5,20251111,184500,35.22,35.22,35.22,35.22,100,0
KNGZ.US,5,20251111,214000,35.16,35.1601,35.16,35.1601,200,0
KNGZ.US,5,20251112,155500,35.56,35.56,35.56,35.56,100,0
KNGZ.US,5,20251112,211500,35.54,35.54,35.54,35.54,473,0
KNGZ.US,5,20251112,212000,35.54,35.54,35.5,35.5,538,0
KNGZ.US,5,20251113,153000,35.49,35.49,35.49,35.49,399,0
KNGZ.US,5,20251113,154000,35.499,35.499,35.455,35.455,200,0
KNGZ.US,5,20251113,201500,35.26,35.26,35.26,35.26,161,0
KNGZ.US,5,20251114,162500,34.849,34.85,34.79,34.85,1066,0
KNGZ.US,5,20251114,170000,34.954,34.954,34.954,34.954,175,0
KNGZ.US,5,20251114,193500,34.9536,34.9536,34.9536,34.9536,272,0
KNGZ.US,5,20251114,203500,35.01,35.01,35.01,35.01,100,0
KNGZ.US,5,20251114,204500,35.01,35.01,35.01,35.01,100,0
KNGZ.US,5,20251114,205000,35.02,35.02,35.02,35.02,100,0
KNGZ.US,5,20251114,215000,34.85,34.85,34.85,34.85,300,0
KNGZ.US,5,20251114,215500,34.8,34.8,34.8,34.8,376,0
KNGZ.US,5,20251117,191000,34.5059,34.5059,34.5059,34.5059,2613,0
KNGZ.US,5,20251117,193000,34.48,34.48,34.48,34.48,100,0
KNGZ.US,5,20251117,203500,34.2701,34.2701,34.2701,34.2701,534,0
KNGZ.US,5,20251118,155000,34.08,34.08,34.08,34.08,100,0
KNGZ.US,5,20251118,164000,34.06,34.06,34.06,34.06,1528,0
KNGZ.US,5,20251118,165000,34.06,34.06,34.06,34.06,145,0
KNGZ.US,5,20251118,174500,34.172452,34.172452,34.172452,34.172452,200,0
KNGZ.US,5,20251118,182500,34.1,34.1,34.1,34.1,100,0
KNGZ.US,5,20251118,211500,34.3027,34.3027,34.3027,34.3027,1179,0
KNGZ.US,5,20251119,153000,34.22,34.22,34.15,34.15,2861,0
KNGZ.US,5,20251119,160000,34.17,34.17,34.17,34.17,100,0
KNGZ.US,5,20251119,192500,34.2,34.24,34.2,34.22,3113,0
KNGZ.US,5,20251119,194000,34.16,34.16,34.16,34.16,11910,0
KNGZ.US,5,20251119,202500,34.05,34.05,34.03,34.03,1552,0
KNGZ.US,5,20251119,212000,34.1837,34.1837,34.11,34.1101,1544,0
KNGZ.US,5,20251119,214000,34.1301,34.23,34.13,34.165,4598,0
KNGZ.US,5,20251119,214500,34.15,34.15,34.09,34.09,18209,0
KNGZ.US,5,20251120,153000,34.29,34.29,34.29,34.29,351,0
KNGZ.US,5,20251120,153500,34.5,34.509,34.4,34.4,300,0
KNGZ.US,5,20251120,154500,34.41,34.41,34.41,34.41,100,0
KNGZ.US,5,20251120,155000,34.52,34.52,34.52,34.52,100,0
KNGZ.US,5,20251120,174000,34.12,34.12,34.12,34.12,100,0
KNGZ.US,5,20251120,184500,33.76,33.76,33.76,33.76,100,0
KNGZ.US,5,20251120,194500,33.7994,33.7994,33.7994,33.7994,403,0
KNGZ.US,5,20251120,200500,33.74,33.74,33.74,33.74,1500,0
KNGZ.US,5,20251120,205000,33.766,33.766,33.766,33.766,292,0
KNGZ.US,5,20251121,160000,33.99,33.99,33.99,33.99,100,0
KNGZ.US,5,20251121,160500,34,34,34,34,1986,0
KNGZ.US,5,20251121,171500,34.2199,34.2199,34.2199,34.2199,200,0
KNGZ.US,5,20251121,180500,34.61,34.6201,34.61,34.6201,1948,0
KNGZ.US,5,20251121,190500,34.55,34.55,34.55,34.55,141,0
KNGZ.US,5,20251121,193000,34.55,34.55,34.535,34.535,300,0
KNGZ.US,5,20251121,212500,34.53,34.55123,34.53,34.549155,2100,0
KNGZ.US,5,20251124,153000,34.66,34.66,34.66,34.66,238,0
KNGZ.US,5,20251124,162500,34.55,34.55,34.55,34.55,486,0
KNGZ.US,5,20251124,170500,34.7499,34.76,34.748,34.76,2302,0
KNGZ.US,5,20251124,172500,34.71,34.71,34.71,34.71,100,0
KNGZ.US,5,20251124,180500,34.74,34.74,34.74,34.74,174,0
KNGZ.US,5,20251124,201000,34.759,34.759,34.7361,34.7361,3060,0
KNGZ.US,5,20251124,202500,34.67,34.69,34.66,34.66,6883,0
KNGZ.US,5,20251124,212000,34.62,34.6201,34.62,34.6201,200,0
KNGZ.US,5,20251124,213500,34.6393,34.6393,34.6393,34.6393,200,0
KNGZ.US,5,20251124,214000,34.6285,34.6576,34.6285,34.6576,400,0
KNGZ.US,5,20251124,214500,34.655,34.655,34.655,34.655,300,0
KNGZ.US,5,20251125,160000,34.75,34.75,34.75,34.75,100,0
KNGZ.US,5,20251125,171500,34.9161,34.9161,34.9161,34.9161,144,0
KNGZ.US,5,20251125,175500,34.9921,34.9921,34.9921,34.9921,200,0
KNGZ.US,5,20251125,180000,35.015,35.015,35.015,35.015,100,0
KNGZ.US,5,20251125,203500,34.9254,34.9254,34.9254,34.9254,132,0
KNGZ.US,5,20251125,210000,34.95,34.95,34.95,34.95,296,0
KNGZ.US,5,20251125,210500,35,35.05,35,35.0499,300,0
KNGZ.US,5,20251126,162000,35.24,35.24,35.24,35.24,143,0
KNGZ.US,5,20251126,164000,35.249,35.249,35.239,35.239,1085,0
KNGZ.US,5,20251126,165500,35.2207,35.2207,35.2207,35.2207,995,0
KNGZ.US,5,20251126,190500,35.35,35.35,35.35,35.35,300,0
KNGZ.US,5,20251126,191500,35.265,35.265,35.265,35.265,235,0
KNGZ.US,5,20251126,194000,35.2999,35.2999,35.2999,35.2999,400,0
KNGZ.US,5,20251126,203000,35.26,35.26,35.24,35.24,846,0
KNGZ.US,5,20251126,213500,35.2949,35.2949,35.2949,35.2949,445,0
KNGZ.US,5,20251126,214000,35.3005,35.3005,35.3005,35.3005,100,0
KNGZ.US,5,20251126,214500,35.274,35.274,35.274,35.274,717,0
KNGZ.US,5,20251126,215000,35.3,35.3,35.26,35.29,910,0
KNGZ.US,5,20251126,215500,35.269,35.269,35.269,35.269,630,0
KNGZ.US,5,20251128,153000,35.2363,35.2363,35.2363,35.2363,1311,0
KNGZ.US,5,20251128,154000,35.21,35.21,35.18,35.18,300,0
KNGZ.US,5,20251128,154500,35.2375,35.2375,35.2375,35.2375,352,0
KNGZ.US,5,20251128,155000,35.265,35.265,35.265,35.265,348,0
KNGZ.US,5,20251128,160000,35.3182,35.3499,35.3182,35.3182,572,0
KNGZ.US,5,20251128,161000,35.3315,35.3315,35.3315,35.3315,268,0
KNGZ.US,5,20251128,174000,35.4515,35.49,35.4515,35.49,383,0
KNGZ.US,5,20251128,181000,35.41,35.43,35.41,35.41,1723,0
KNGZ.US,5,20251128,181500,35.47,35.47,35.47,35.47,208,0
KNGZ.US,5,20251128,184500,35.418,35.418,35.418,35.418,199,0
KNGZ.US,5,20251128,185000,35.4095,35.4095,35.4095,35.4095,191,0
KNGZ.US,5,20251201,153000,35.29,35.29,35.181,35.181,1311,0
KNGZ.US,5,20251201,155000,35.3968,35.3968,35.3968,35.3968,100,0
KNGZ.US,5,20251201,165000,35.485,35.485,35.48,35.48,200,0
KNGZ.US,5,20251201,170500,35.545,35.545,35.54,35.54,200,0
KNGZ.US,5,20251201,182500,35.46,35.46,35.46,35.46,158,0
KNGZ.US,5,20251201,192500,35.57,35.57,35.57,35.57,199,0
KNGZ.US,5,20251201,194000,35.6,35.6,35.6,35.6,100,0
KNGZ.US,5,20251202,162000,35.3396,35.3396,35.3396,35.3396,122,0
KNGZ.US,5,20251202,192500,35.395,35.395,35.395,35.395,101,0
KNGZ.US,5,20251202,202000,35.54,35.54,35.54,35.54,130,0
KNGZ.US,5,20251202,203000,35.49,35.49,35.49,35.49,157,0
KNGZ.US,5,20251202,204000,35.44,35.44,35.44,35.44,280,0
KNGZ.US,5,20251202,210500,35.56,35.56,35.56,35.56,1476,0
KNGZ.US,5,20251203,154000,35.94,35.94,35.94,35.94,625,0
KNGZ.US,5,20251203,160500,35.83,35.83,35.83,35.83,250,0
KNGZ.US,5,20251203,164000,35.84,35.84,35.84,35.84,100,0
KNGZ.US,5,20251203,171000,35.85,35.85,35.85,35.85,203,0
KNGZ.US,5,20251203,180500,35.93,35.93,35.93,35.93,300,0
KNGZ.US,5,20251203,193000,35.995,35.995,35.995,35.995,130,0
KNGZ.US,5,20251203,193500,36.05,36.05,36.05,36.05,131,0
KNGZ.US,5,20251203,195000,36.1,36.1,36.1,36.1,363,0
KNGZ.US,5,20251203,205000,36.1,36.1,36.1,36.1,100,0
KNGZ.US,5,20251203,210500,36.04,36.11,36,36.11,402,0
KNGZ.US,5,20251204,155000,36.085,36.085,36.085,36.085,800,0
KNGZ.US,5,20251204,163000,36.184,36.184,36.184,36.184,200,0
KNGZ.US,5,20251204,172500,36.21,36.21,36.21,36.21,100,0
KNGZ.US,5,20251204,173000,36.2578,36.2578,36.2578,36.2578,450,0
KNGZ.US,5,20251204,185000,36.25,36.25,36.25,36.25,667,0
KNGZ.US,5,20251204,190500,36.21,36.21,36.21,36.21,400,0
KNGZ.US,5,20251204,200000,36.24,36.282,36.24,36.282,295,0
KNGZ.US,5,20251204,201000,36.24,36.24,36.24,36.24,100,0
KNGZ.US,5,20251204,213500,36.1204,36.1204,36.1204,36.1204,309,0
KNGZ.US,5,20251204,215500,36.1925,36.1925,36.1925,36.1925,400,0
KNGZ.US,5,20251205,153000,36.09,36.09,36.09,36.09,851,0
KNGZ.US,5,20251205,155000,36.34,36.34,36.34,36.34,100,0
KNGZ.US,5,20251205,160000,36.34,36.3822,36.34,36.3822,200,0
KNGZ.US,5,20251205,162000,36.3654,36.3654,36.3654,36.3654,100,0
KNGZ.US,5,20251205,181000,36.31,36.31,36.31,36.31,400,0
KNGZ.US,5,20251205,185000,36.2823,36.2823,36.2823,36.2823,172,0
KNGZ.US,5,20251205,200000,36.44,36.4496,36.4285,36.4285,600,0
KNGZ.US,5,20251205,201000,36.4315,36.4315,36.4315,36.4315,185,0
KNGZ.US,5,20251205,202000,36.395,36.395,36.395,36.395,100,0
KNGZ.US,5,20251208,153500,36.26,36.2772,36.26,36.2772,363,0
KNGZ.US,5,20251208,173000,36.33,36.33,36.33,36.33,100,0
KNGZ.US,5,20251208,181000,36.2655,36.2655,36.229654,36.234278,800,0
KNGZ.US,5,20251208,194500,36.199,36.199,36.199,36.199,100,0
KNGZ.US,5,20251208,213000,36.17,36.17,36.17,36.17,100,0
KNGZ.US,5,20251209,175500,36.3176,36.3176,36.3176,36.3176,230,0
KNGZ.US,5,20251209,182000,36.2695,36.2695,36.2695,36.2695,234,0
KNGZ.US,5,20251209,194000,36.29,36.29,36.28,36.29,600,0
KNGZ.US,5,20251209,194500,36.26,36.26,36.26,36.26,300,0
KNGZ.US,5,20251209,195500,36.205,36.21,36.205,36.21,222,0
KNGZ.US,5,20251209,201500,36.22,36.22,36.22,36.22,1380,0
KNGZ.US,5,20251209,212000,36.26,36.26,36.25,36.25,421,0
KNGZ.US,5,20251209,213500,36.21,36.255,36.1509,36.255,5407,0
KNGZ.US,5,20251209,214000,36.2,36.2,36.1314,36.1314,2496,0
KNGZ.US,5,20251209,215000,36.29,36.29,36.29,36.29,100,0
KNGZ.US,5,20251209,215500,36.26,36.26,36.26,36.26,400,0
KNGZ.US,5,20251210,170500,36.387,36.387,36.387,36.387,414,0
KNGZ.US,5,20251210,194000,36.33,36.34,36.33,36.33,1929,0
KNGZ.US,5,20251210,195500,36.39,36.39,36.39,36.39,250,0
KNGZ.US,5,20251210,202500,36.465,36.465,36.465,36.465,107,0
KNGZ.US,5,20251210,213500,36.835,36.835,36.7818,36.7818,1020,0
KNGZ.US,5,20251210,215500,36.86,36.86,36.86,36.86,159,0
KNGZ.US,5,20251211,153000,36.75,36.75,36.7061,36.7061,559,0
KNGZ.US,5,20251211,175000,36.87,36.87,36.87,36.87,100,0
KNGZ.US,5,20251211,185000,36.88,36.88,36.87,36.87,1354,0
KNGZ.US,5,20251211,193000,36.89,36.89,36.88,36.89,674,0
KNGZ.US,5,20251211,200000,36.9027,36.9027,36.9027,36.9027,170,0
KNGZ.US,5,20251211,200500,36.94,36.95,36.93,36.94,5602,0
KNGZ.US,5,20251211,201000,36.88,36.88,36.88,36.88,5413,0
KNGZ.US,5,20251211,203000,36.9003,36.95,36.9003,36.95,2810,0
KNGZ.US,5,20251211,204000,36.93,36.95,36.88,36.95,2999,0
KNGZ.US,5,20251211,205000,36.8887,36.8887,36.8887,36.8887,187,0
KNGZ.US,5,20251211,210500,36.99,37,36.99,36.99,1310,0
KNGZ.US,5,20251211,211000,37,37,37,37,100,0
KNGZ.US,5,20251211,211500,36.999,36.999,36.997,36.997,200,0
KNGZ.US,5,20251211,212000,37,37,37,37,100,0
KNGZ.US,5,20251211,212500,36.89,36.89,36.89,36.89,100,0
KNGZ.US,5,20251211,213000,37,37,37,37,100,0
KNGZ.US,5,20251211,215500,37.01,37.01,37.01,37.01,100,0
KNGZ.US,5,20251212,153000,36.76,36.76,36.76,36.76,100,0
KNGZ.US,5,20251212,155000,36.76,36.76,36.76,36.76,100,0
KNGZ.US,5,20251212,155500,36.725,36.725,36.725,36.725,262,0
KNGZ.US,5,20251212,160000,36.74,36.74,36.74,36.74,100,0
KNGZ.US,5,20251212,160500,36.705,36.705,36.68,36.68,200,0
KNGZ.US,5,20251212,163000,36.58,36.58,36.58,36.58,100,0
KNGZ.US,5,20251212,185500,36.4084,36.4084,36.4084,36.4084,2906,0
KNGZ.US,5,20251212,190000,36.38,36.38,36.38,36.38,100,0
KNGZ.US,5,20251212,190500,36.46,36.46,36.4,36.4,300,0
KNGZ.US,5,20251212,191000,36.42,36.4509,36.42,36.4509,315,0
KNGZ.US,5,20251212,192000,36.435,36.435,36.435,36.435,311,0
KNGZ.US,5,20251212,192500,36.37,36.37,36.37,36.37,100,0
KNGZ.US,5,20251212,193000,36.425,36.425,36.425,36.425,413,0
KNGZ.US,5,20251212,204500,36.31,36.31,36.25,36.25,1815,0
KNGZ.US,5,20251212,205500,36.25,36.25,36.25,36.25,100,0
KNGZ.US,5,20251212,215000,36.37,36.41,36.37,36.41,600,0
KNGZ.US,5,20251212,215500,36.34,36.34,36.34,36.34,150,0
KNGZ.US,5,20251215,153000,36.34,36.42,36.34,36.42,1163,0
KNGZ.US,5,20251215,154500,36.48,36.48,36.48,36.48,100,0
KNGZ.US,5,20251215,160000,36.38,36.38,36.38,36.38,100,0
KNGZ.US,5,20251215,162500,36.29,36.29,36.29,36.29,100,0
KNGZ.US,5,20251215,181000,36.311,36.3193,36.311,36.3193,856,0
KNGZ.US,5,20251215,181500,36.31,36.31,36.31,36.31,100,0
KNGZ.US,5,20251215,184500,36.351,36.351,36.351,36.351,1475,0
KNGZ.US,5,20251215,185000,36.3,36.3,36.3,36.3,100,0
KNGZ.US,5,20251215,185500,36.29,36.29,36.29,36.29,100,0
KNGZ.US,5,20251215,200000,36.41,36.41,36.41,36.41,100,0
KNGZ.US,5,20251215,212000,36.4774,36.4774,36.4774,36.4774,100,0
KNGZ.US,5,20251215,213000,36.4798,36.48,36.455,36.48,5036,0
KNGZ.US,5,20251215,213500,36.41,36.41,36.41,36.41,208,0
KNGZ.US,5,20251215,215000,36.375,36.375,36.375,36.375,181,0
KNGZ.US,5,20251216,153000,36.39,36.39,36.39,36.39,100,0
KNGZ.US,5,20251216,161000,36.17,36.17,36.17,36.17,410,0
KNGZ.US,5,20251216,165500,36.3,36.3,36.3,36.3,400,0
KNGZ.US,5,20251216,171000,36.28,36.28,36.28,36.28,300,0
KNGZ.US,5,20251216,183500,36.1328,36.1328,36.1328,36.1328,402,0
KNGZ.US,5,20251216,191000,36.02,36.02,36.02,36.02,621,0
KNGZ.US,5,20251216,194000,36.15,36.15,36.14,36.14,706,0
KNGZ.US,5,20251217,153000,36.2126,36.2126,36.2126,36.2126,190,0
KNGZ.US,5,20251217,162000,36.24,36.2401,36.24,36.2401,640,0
KNGZ.US,5,20251217,163500,36.247,36.247,36.247,36.247,743,0
KNGZ.US,5,20251218,154500,36.057,36.057,36.057,36.057,695,0
KNGZ.US,5,20251218,165000,36.16,36.16,36.15,36.15,500,0
KNGZ.US,5,20251218,173500,36.18,36.18,36.1799,36.1799,800,0
KNGZ.US,5,20251218,205000,35.964305,35.964305,35.964305,35.964305,547,0
KNGZ.US,5,20251218,212000,36.0196,36.0196,36.0196,36.0196,308,0
KNGZ.US,5,20251218,215500,35.93,35.93,35.93,35.93,531,0
KNGZ.US,5,20251219,172500,36.04,36.04,36.04,36.04,200,0
KNGZ.US,5,20251219,175500,36.1,36.1,36.1,36.1,1060,0
KNGZ.US,5,20251219,215500,36.074,36.074,36.01,36.01,736,0
KNGZ.US,5,20251222,153000,36.08,36.08,36.08,36.08,162,0
KNGZ.US,5,20251222,154500,36.13,36.13,36.13,36.13,100,0
KNGZ.US,5,20251222,155500,36.13,36.209,36.13,36.209,541,0
KNGZ.US,5,20251222,163000,36.16,36.16,36.16,36.16,100,0
KNGZ.US,5,20251222,171500,36.22,36.22,36.22,36.22,100,0
KNGZ.US,5,20251222,175000,36.24,36.24,36.24,36.24,381,0
KNGZ.US,5,20251222,200500,36.09,36.09,36.09,36.09,200,0
KNGZ.US,5,20251222,201500,36.09,36.09,36.09,36.09,100,0
