<TICKER>,<PER>,<DATE>,<TIME>,<OPEN>,<HIGH>,<LOW>,<CLOSE>,<VOL>,<OPENINT>
NSI.US,5,20250728,153000,30.25,30.25,30.25,30.25,164,0
NSI.US,5,20250728,160000,30.15,30.15,30.15,30.15,164,0
NSI.US,5,20250728,161000,30.17,30.2,30.1699,30.18,13874,0
NSI.US,5,20250728,171000,30.2,30.2,30.2,30.2,100,0
NSI.US,5,20250728,211000,30.08,30.08,30.08,30.08,100,0
NSI.US,5,20250729,153500,30.13,30.22,30.13,30.22,200,0
NSI.US,5,20250729,170000,30.13,30.13,30.13,30.13,100,0
NSI.US,5,20250729,173500,30.03,30.03,30.03,30.03,100,0
NSI.US,5,20250729,193500,30.1074,30.1074,30.1074,30.1074,100,0
NSI.US,5,20250729,215000,30.095,30.095,30.095,30.095,126,0
NSI.US,5,20250730,153500,30.13,30.13,30.085,30.085,200,0
NSI.US,5,20250730,171000,30.0668,30.0668,30.0668,30.0668,122,0
NSI.US,5,20250730,212000,29.92,29.92,29.92,29.92,398,0
NSI.US,5,20250731,154000,29.66,29.66,29.66,29.66,100,0
NSI.US,5,20250731,185500,29.8392,29.8392,29.8392,29.8392,100,0
NSI.US,5,20250731,195500,29.68,29.68,29.68,29.68,100,0
NSI.US,5,20250731,211000,29.69,29.69,29.68,29.68,1744,0
NSI.US,5,20250801,153000,29.396,29.396,29.396,29.396,100,0
NSI.US,5,20250801,170500,29.37,29.3799,29.37,29.37,3230,0
NSI.US,5,20250801,173500,29.38,29.38,29.38,29.38,227,0
NSI.US,5,20250801,183500,29.418,29.418,29.418,29.418,100,0
NSI.US,5,20250801,195000,29.3356,29.3356,29.3356,29.3356,212,0
NSI.US,5,20250804,153000,29.71,29.71,29.71,29.71,100,0
NSI.US,5,20250804,174500,29.6301,29.6301,29.6301,29.6301,534,0
NSI.US,5,20250804,175500,29.7055,29.7055,29.7055,29.7055,100,0
NSI.US,5,20250804,184000,29.66,29.6601,29.66,29.6601,1205,0
NSI.US,5,20250804,191000,29.67,29.6701,29.67,29.6701,816,0
NSI.US,5,20250804,192500,29.67,29.6701,29.67,29.6701,1021,0
NSI.US,5,20250804,213000,29.739,29.739,29.739,29.739,100,0
NSI.US,5,20250805,153000,29.69,29.81,29.69,29.81,200,0
NSI.US,5,20250805,153500,29.83,29.83,29.83,29.83,100,0
NSI.US,5,20250805,161000,29.72,29.72,29.72,29.72,600,0
NSI.US,5,20250805,192500,29.8,29.8,29.8,29.8,100,0
NSI.US,5,20250805,213000,29.7464,29.7464,29.7464,29.7464,111,0
NSI.US,5,20250806,153000,29.9199,29.9199,29.9199,29.9199,122,0
NSI.US,5,20250806,154000,29.662,29.662,29.662,29.662,100,0
NSI.US,5,20250806,155500,29.725,29.725,29.725,29.725,200,0
NSI.US,5,20250806,161500,29.64,29.64,29.64,29.64,300,0
NSI.US,5,20250806,180500,29.67,29.67,29.67,29.67,100,0
NSI.US,5,20250806,184000,29.7224,29.7224,29.7224,29.7224,100,0
NSI.US,5,20250806,213500,29.73,29.73,29.73,29.73,100,0
NSI.US,5,20250807,153000,30.3464,30.3464,30.2244,30.2244,200,0
NSI.US,5,20250807,161500,30.19,30.21,30.19,30.19,8000,0
NSI.US,5,20250807,180500,30.12,30.12,30.12,30.12,152,0
NSI.US,5,20250807,181000,30.12,30.12,30.12,30.12,100,0
NSI.US,5,20250807,182000,30.12,30.12,30.12,30.12,600,0
NSI.US,5,20250807,202000,30.0836,30.0836,30.0836,30.0836,1114,0
NSI.US,5,20250807,203000,30.095,30.095,30.095,30.095,234,0
NSI.US,5,20250807,215000,30.18,30.18,30.18,30.18,100,0
NSI.US,5,20250807,215500,30.17,30.17,30.17,30.17,231,0
NSI.US,5,20250808,153000,30.04,30.16,30.04,30.16,200,0
NSI.US,5,20250808,164000,30.0999,30.0999,30.0999,30.0999,100,0
NSI.US,5,20250808,183500,30.0956,30.0956,30.0956,30.0956,199,0
NSI.US,5,20250808,195500,30.13,30.13,30.1299,30.1299,2910,0
NSI.US,5,20250811,153000,30.06,30.06,30.06,30.06,100,0
NSI.US,5,20250811,155000,30.135,30.135,30.135,30.135,100,0
NSI.US,5,20250811,190000,30.12,30.12,30.12,30.12,100,0
NSI.US,5,20250811,204000,30.09,30.09,30.02,30.02,200,0
NSI.US,5,20250812,153000,30.2681,30.2681,30.2681,30.2681,100,0
NSI.US,5,20250812,155500,30.23,30.24,30.23,30.2399,900,0
NSI.US,5,20250812,170000,30.3068,30.3068,30.3068,30.3068,100,0
NSI.US,5,20250812,182500,30.399,30.399,30.399,30.399,100,0
NSI.US,5,20250812,210000,30.4194,30.4194,30.4194,30.4194,486,0
NSI.US,5,20250813,153000,30.6,30.6,30.6,30.6,100,0
NSI.US,5,20250813,153500,30.6101,30.6101,30.61,30.61,200,0
NSI.US,5,20250813,154500,30.685,30.685,30.685,30.685,100,0
NSI.US,5,20250813,170500,30.63,30.63,30.63,30.63,100,0
NSI.US,5,20250813,184500,30.55,30.55,30.55,30.55,766,0
NSI.US,5,20250813,201000,30.5101,30.5101,30.5101,30.5101,214,0
NSI.US,5,20250814,153000,30.19,30.34,30.19,30.34,200,0
NSI.US,5,20250814,154000,30.296,30.296,30.296,30.296,100,0
NSI.US,5,20250814,164500,30.44,30.44,30.44,30.44,100,0
NSI.US,5,20250814,174000,30.355,30.355,30.355,30.355,100,0
NSI.US,5,20250814,181500,30.35,30.35,30.35,30.35,100,0
NSI.US,5,20250815,153000,30.29,30.29,30.29,30.29,100,0
NSI.US,5,20250815,153500,30.41,30.41,30.41,30.41,100,0
NSI.US,5,20250815,165000,30.44,30.44,30.44,30.44,451,0
NSI.US,5,20250818,153000,30.56,30.56,30.56,30.56,100,0
NSI.US,5,20250818,182500,30.475,30.475,30.475,30.475,430,0
NSI.US,5,20250819,153000,30.32,30.32,30.32,30.32,100,0
NSI.US,5,20250819,171000,30.23,30.23,30.23,30.23,100,0
NSI.US,5,20250819,195000,30.1201,30.1201,30.12,30.1201,500,0
NSI.US,5,20250820,153000,29.95,29.95,29.95,29.95,100,0
NSI.US,5,20250820,155000,29.93,29.93,29.93,29.93,1861,0
NSI.US,5,20250820,180500,29.9,29.9,29.9,29.9,500,0
NSI.US,5,20250820,182500,29.94,29.94,29.94,29.94,100,0
NSI.US,5,20250820,193500,29.9924,29.9924,29.9924,29.9924,100,0
NSI.US,5,20250820,210500,29.9698,29.9698,29.9698,29.9698,288,0
NSI.US,5,20250820,215000,29.99,29.99,29.99,29.99,299,0
NSI.US,5,20250821,153000,29.9928,29.9928,29.9928,29.9928,100,0
NSI.US,5,20250821,171000,30.12,30.12,30.12,30.12,100,0
NSI.US,5,20250821,183500,30.0217,30.0387,30.02,30.0387,600,0
NSI.US,5,20250821,184500,30.02,30.02,30.02,30.02,484,0
NSI.US,5,20250821,205000,30.13,30.13,30.13,30.13,100,0
NSI.US,5,20250821,210000,30.14,30.14,30.14,30.14,100,0
NSI.US,5,20250821,211000,30.16,30.16,30.16,30.16,100,0
NSI.US,5,20250821,212000,30.16,30.16,30.16,30.16,100,0
NSI.US,5,20250821,212500,30.16,30.16,30.16,30.16,100,0
NSI.US,5,20250821,213000,30.15,30.15,30.15,30.15,100,0
NSI.US,5,20250821,213500,30.15,30.15,30.15,30.15,100,0
NSI.US,5,20250821,214000,30.14,30.14,30.14,30.14,100,0
NSI.US,5,20250821,214500,30.14,30.14,30.13,30.13,200,0
NSI.US,5,20250822,153000,30.1595,30.1595,30.1595,30.1595,100,0
NSI.US,5,20250822,153500,30.2183,30.2183,30.2183,30.2183,100,0
NSI.US,5,20250822,160000,30.39,30.39,30.39,30.39,100,0
NSI.US,5,20250822,161500,30.62,30.62,30.62,30.62,100,0
NSI.US,5,20250822,180000,30.6799,30.6799,30.6799,30.6799,100,0
NSI.US,5,20250822,183000,30.65,30.65,30.65,30.65,367,0
NSI.US,5,20250822,205500,30.66,30.66,30.66,30.66,100,0
NSI.US,5,20250825,153000,30.6628,30.6628,30.6628,30.6628,100,0
NSI.US,5,20250825,153500,30.7544,30.7544,30.7544,30.7544,100,0
NSI.US,5,20250825,163500,30.8,30.8,30.8,30.8,100,0
NSI.US,5,20250825,172500,30.7885,30.7885,30.7885,30.7885,352,0
NSI.US,5,20250825,180500,30.81,30.81,30.81,30.81,259,0
NSI.US,5,20250825,212500,30.69,30.69,30.64,30.64,200,0
NSI.US,5,20250826,153000,30.54,30.54,30.54,30.54,100,0
NSI.US,5,20250826,160000,30.6,30.6,30.6,30.6,100,0
NSI.US,5,20250826,160500,30.5385,30.5385,30.5385,30.5385,100,0
NSI.US,5,20250826,190000,30.5056,30.5056,30.5056,30.5056,3276,0
NSI.US,5,20250827,153000,30.25,30.25,30.05,30.05,200,0
NSI.US,5,20250827,154000,30.1152,30.1152,30.1152,30.1152,100,0
NSI.US,5,20250827,155000,30.15,30.15,30.15,30.15,100,0
NSI.US,5,20250827,185000,30.1701,30.1701,30.1701,30.1701,100,0
NSI.US,5,20250827,195500,30.191,30.191,30.191,30.191,100,0
NSI.US,5,20250827,200000,30.2699,30.2699,30.26,30.2699,793,0
NSI.US,5,20250827,210500,30.31,30.31,30.31,30.31,100,0
NSI.US,5,20250827,213500,30.3199,30.32,30.3199,30.32,200,0
NSI.US,5,20250828,153000,30.235,30.235,30.235,30.235,100,0
NSI.US,5,20250828,160000,30.405,30.405,30.405,30.405,100,0
NSI.US,5,20250828,165500,30.42,30.42,30.42,30.42,110,0
NSI.US,5,20250828,193000,30.44,30.44,30.44,30.44,1400,0
NSI.US,5,20250828,202500,30.47,30.47,30.47,30.47,100,0
NSI.US,5,20250828,215500,30.44,30.44,30.44,30.44,471,0
NSI.US,5,20250829,153000,30.1205,30.1205,30.1205,30.1205,100,0
NSI.US,5,20250829,163000,30.18,30.18,30.18,30.18,400,0
NSI.US,5,20250829,184500,30.17,30.33,30.17,30.19,3800,0
NSI.US,5,20250829,212500,30.13,30.13,30.13,30.13,9015,0
NSI.US,5,20250902,154500,29.8494,29.8494,29.8494,29.8494,100,0
NSI.US,5,20250902,161500,29.92,29.92,29.92,29.92,478,0
NSI.US,5,20250902,164500,29.92,29.92,29.92,29.92,100,0
NSI.US,5,20250903,153000,30.08,30.08,30.08,30.08,100,0
NSI.US,5,20250903,160500,30.175,30.175,30.175,30.175,100,0
NSI.US,5,20250903,184000,30.17,30.17,30.1699,30.17,5419,0
NSI.US,5,20250903,212000,30.1045,30.1045,30.1045,30.1045,100,0
NSI.US,5,20250904,153000,30.1,30.1,29.94,29.94,200,0
NSI.US,5,20250904,153500,30.0745,30.0745,30.0745,30.0745,100,0
NSI.US,5,20250904,183000,30.1298,30.1298,30.1298,30.1298,110,0
NSI.US,5,20250904,210000,30.195,30.195,30.195,30.195,100,0
NSI.US,5,20250904,213000,30.24,30.24,30.24,30.24,165,0
NSI.US,5,20250904,213500,30.24,30.24,30.24,30.24,3354,0
NSI.US,5,20250905,153000,30.52,30.52,30.52,30.52,100,0
NSI.US,5,20250905,154000,30.625,30.625,30.625,30.625,100,0
NSI.US,5,20250905,162500,30.47,30.47,30.43,30.43,200,0
NSI.US,5,20250905,210500,30.5432,30.5432,30.5432,30.5432,100,0
NSI.US,5,20250908,153000,30.6865,30.6865,30.6865,30.6865,100,0
NSI.US,5,20250908,162000,30.6306,30.66,30.6306,30.66,224,0
NSI.US,5,20250908,162500,30.69,30.69,30.66,30.69,4000,0
NSI.US,5,20250908,174000,30.7245,30.7245,30.7245,30.7245,100,0
NSI.US,5,20250908,192000,30.77,30.79,30.7408,30.7408,2000,0
NSI.US,5,20250908,205500,30.812,30.812,30.812,30.812,100,0
NSI.US,5,20250909,153000,30.95,30.95,30.95,30.95,100,0
NSI.US,5,20250909,154500,31.02,31.02,31.02,31.02,100,0
NSI.US,5,20250909,162500,31.0868,31.0868,31.0868,31.0868,100,0
NSI.US,5,20250909,182500,31.1,31.1,31.1,31.1,167,0
NSI.US,5,20250909,190500,31.1,31.1,31.1,31.1,100,0
NSI.US,5,20250909,191000,31.12,31.25,31.1199,31.25,1000,0
NSI.US,5,20250909,193000,31.09,31.09,31.09,31.09,100,0
NSI.US,5,20250909,205500,31.07,31.07,31.07,31.07,1665,0
NSI.US,5,20250909,214500,31.055,31.055,31.055,31.055,100,0
NSI.US,5,20250910,153000,31.391,31.391,31.391,31.391,100,0
NSI.US,5,20250910,164000,31.41,31.4101,31.41,31.4101,200,0
NSI.US,5,20250910,171500,31.467,31.467,31.467,31.467,100,0
NSI.US,5,20250910,201500,31.36,31.36,31.36,31.36,32897,0
NSI.US,5,20250911,153000,31.54,31.54,31.54,31.54,100,0
NSI.US,5,20250911,161000,31.61,31.61,31.61,31.61,200,0
NSI.US,5,20250911,164000,31.5701,31.5701,31.5701,31.5701,240,0
NSI.US,5,20250911,165500,31.65,31.65,31.65,31.65,100,0
NSI.US,5,20250911,202500,31.62,31.62,31.62,31.62,786,0
NSI.US,5,20250912,153500,31.73,31.73,31.675,31.675,200,0
NSI.US,5,20250912,155500,31.6577,31.6577,31.6577,31.6577,157,0
NSI.US,5,20250912,171000,31.69,31.8699,31.69,31.7999,803,0
NSI.US,5,20250912,173000,31.6415,31.6415,31.6415,31.6415,100,0
NSI.US,5,20250912,205000,31.72,31.72,31.6908,31.6908,316,0
NSI.US,5,20250912,205500,31.65,31.65,31.65,31.65,405,0
NSI.US,5,20250915,153000,31.55,31.8155,31.55,31.8155,842,0
NSI.US,5,20250915,155000,31.86,31.86,31.86,31.86,100,0
NSI.US,5,20250915,162500,31.93,31.93,31.93,31.93,100,0
NSI.US,5,20250915,170000,31.93,31.93,31.93,31.93,470,0
NSI.US,5,20250915,172500,31.9,31.93,31.9,31.93,250,0
NSI.US,5,20250915,181000,31.93,31.93,31.93,31.93,349,0
NSI.US,5,20250915,192500,31.87,31.87,31.84,31.84,200,0
NSI.US,5,20250915,201500,31.95,31.95,31.95,31.95,100,0
NSI.US,5,20250915,204000,31.89,31.89,31.89,31.89,147,0
NSI.US,5,20250916,153000,32.03,32.03,32.03,32.03,100,0
NSI.US,5,20250916,170500,32.01,32.01,32.01,32.01,200,0
NSI.US,5,20250916,175000,32,32,32,32,386,0
NSI.US,5,20250916,190500,32.0499,32.0499,32.01,32.01,683,0
NSI.US,5,20250916,201000,32.075,32.075,32.075,32.075,100,0
NSI.US,5,20250917,153000,32.199,32.199,32.199,32.199,100,0
NSI.US,5,20250917,160000,32.34,32.34,32.34,32.34,100,0
NSI.US,5,20250917,170500,32.279,32.279,32.279,32.279,100,0
NSI.US,5,20250917,200500,32.3945,32.3945,32.3945,32.3945,100,0
NSI.US,5,20250917,204000,32.24,32.24,32.2399,32.2399,678,0
NSI.US,5,20250917,212500,32.355,32.355,32.355,32.355,155,0
NSI.US,5,20250918,154000,32.099,32.099,32.099,32.099,100,0
NSI.US,5,20250918,160000,32.172,32.172,32.172,32.172,100,0
NSI.US,5,20250918,162500,32.275,32.275,32.275,32.275,100,0
NSI.US,5,20250918,174500,32.33,32.33,32.33,32.33,100,0
NSI.US,5,20250918,184000,32.33,32.52,32.32,32.33,19075,0
NSI.US,5,20250918,184500,32.34,32.34,32.32,32.33,3210,0
NSI.US,5,20250919,153000,32.09,32.09,32.09,32.09,100,0
NSI.US,5,20250919,153500,32.1117,32.1117,32.1117,32.1117,100,0
NSI.US,5,20250919,182000,32.19,32.19,32.19,32.19,2343,0
NSI.US,5,20250922,153000,32.24,32.24,32.24,32.24,100,0
NSI.US,5,20250922,160500,32.24,32.24,32.1956,32.1956,239,0
NSI.US,5,20250922,161000,32.22,32.22,32.22,32.22,100,0
NSI.US,5,20250922,170000,32.22,32.22,32.22,32.22,100,0
NSI.US,5,20250922,183500,32.32,32.32,32.32,32.32,100,0
NSI.US,5,20250922,192000,32.315,32.3151,32.315,32.3151,200,0
NSI.US,5,20250922,202500,32.39,32.39,32.39,32.39,100,0
NSI.US,5,20250923,153000,32.454,32.454,32.454,32.454,100,0
NSI.US,5,20250923,162000,32.623,32.623,32.623,32.623,100,0
NSI.US,5,20250923,175000,32.62,32.62,32.62,32.62,159,0
NSI.US,5,20250923,184000,32.5208,32.5208,32.5208,32.5208,100,0
NSI.US,5,20250923,193500,32.52,32.52,32.52,32.52,100,0
NSI.US,5,20250923,194000,32.52,32.52,32.52,32.52,451,0
NSI.US,5,20250923,203000,32.45,32.45,32.45,32.45,100,0
NSI.US,5,20250924,153500,32.4468,32.4468,32.4258,32.4258,700,0
NSI.US,5,20250924,181000,32.277,32.277,32.277,32.277,100,0
NSI.US,5,20250924,191000,32.39,32.39,32.39,32.39,100,0
NSI.US,5,20250924,215500,32.308,32.308,32.308,32.308,100,0
NSI.US,5,20250925,154500,32.068,32.068,32.068,32.068,100,0
NSI.US,5,20250925,162000,32.27,32.27,32.27,32.27,100,0
NSI.US,5,20250925,162500,32.2499,32.25,32.2499,32.2499,526,0
NSI.US,5,20250925,164500,32.22,32.22,32.22,32.22,100,0
NSI.US,5,20250925,212000,32.1383,32.1383,32.1383,32.1383,100,0
NSI.US,5,20250925,215500,32.14,32.14,32.14,32.14,100,0
NSI.US,5,20250926,153000,31.75,32.055,31.75,32.055,309,0
NSI.US,5,20250926,162500,32.05,32.05,32.05,32.05,15479,0
NSI.US,5,20250929,153000,32.37,32.3701,32.37,32.3701,200,0
NSI.US,5,20250929,153500,32.4,32.4,32.4,32.4,100,0
NSI.US,5,20250929,171500,32.4,32.4,32.4,32.4,200,0
NSI.US,5,20250929,183500,32.3001,32.31,32.3001,32.3001,803,0
NSI.US,5,20250929,194000,32.34,32.35,32.34,32.35,210,0
NSI.US,5,20250929,205500,32.3799,32.3799,32.3799,32.3799,100,0
NSI.US,5,20250930,153000,32.34,32.34,32.34,32.34,100,0
NSI.US,5,20250930,175000,32.1876,32.1876,32.1876,32.1876,500,0
NSI.US,5,20250930,190000,32.23,32.23,32.22,32.22,500,0
NSI.US,5,20251001,153000,32.6,32.6,32.6,32.6,100,0
NSI.US,5,20251001,155000,32.4455,32.4455,32.4455,32.4455,100,0
NSI.US,5,20251001,175000,32.4971,32.4971,32.4971,32.4971,100,0
NSI.US,5,20251002,153000,32.745,32.745,32.745,32.745,100,0
NSI.US,5,20251002,155000,32.5885,32.5885,32.5885,32.5885,100,0
NSI.US,5,20251002,164500,32.5099,32.5099,32.5099,32.5099,100,0
NSI.US,5,20251002,165000,32.49,32.49,32.49,32.49,100,0
NSI.US,5,20251002,173500,32.365,32.365,32.365,32.365,100,0
NSI.US,5,20251002,184000,32.381,32.381,32.381,32.381,100,0
NSI.US,5,20251002,191500,32.5,32.5,32.4415,32.4415,200,0
NSI.US,5,20251002,200000,32.5,32.5,32.5,32.5,100,0
NSI.US,5,20251003,161500,32.57,32.57,32.57,32.57,100,0
NSI.US,5,20251003,172000,32.63,32.63,32.63,32.63,300,0
NSI.US,5,20251003,194500,32.5603,32.5603,32.5603,32.5603,100,0
NSI.US,5,20251003,214500,32.61,32.61,32.61,32.61,3000,0
NSI.US,5,20251006,154000,32.94,32.94,32.94,32.94,100,0
NSI.US,5,20251006,154500,32.82,32.82,32.82,32.82,100,0
NSI.US,5,20251006,160000,32.91,32.91,32.91,32.91,100,0
NSI.US,5,20251006,163000,32.88,32.88,32.88,32.88,100,0
NSI.US,5,20251006,170000,32.89,32.89,32.89,32.89,200,0
NSI.US,5,20251006,172500,32.8633,32.8633,32.8633,32.8633,182,0
NSI.US,5,20251006,175500,32.9,32.9,32.9,32.9,100,0
NSI.US,5,20251006,180000,32.86,32.86,32.86,32.86,200,0
NSI.US,5,20251006,193000,32.9,32.9,32.9,32.9,100,0
NSI.US,5,20251006,195500,32.91,32.91,32.91,32.91,100,0
NSI.US,5,20251006,202000,32.9,32.9,32.9,32.9,100,0
NSI.US,5,20251006,210000,32.95,32.95,32.95,32.95,100,0
NSI.US,5,20251007,153000,32.8395,32.8395,32.8395,32.8395,100,0
NSI.US,5,20251007,164000,32.72,32.72,32.72,32.72,100,0
NSI.US,5,20251007,202500,32.5001,32.5001,32.5001,32.5001,100,0
NSI.US,5,20251007,203500,32.5035,32.5035,32.5035,32.5035,100,0
NSI.US,5,20251007,211000,32.46,32.46,32.46,32.46,480,0
NSI.US,5,20251007,212500,32.5,32.5,32.5,32.5,100,0
NSI.US,5,20251008,153000,32.29,32.29,32.29,32.29,160,0
NSI.US,5,20251008,154000,32.67,32.67,32.67,32.67,300,0
NSI.US,5,20251008,173000,32.8585,32.8585,32.8585,32.8585,100,0
NSI.US,5,20251008,185000,32.88,32.88,32.8799,32.8799,1180,0
NSI.US,5,20251009,153000,32.91,32.91,32.84,32.84,200,0
NSI.US,5,20251009,155500,32.69,32.69,32.69,32.69,100,0
NSI.US,5,20251009,190500,32.52,32.52,32.52,32.52,100,0
NSI.US,5,20251010,153500,32.59,32.59,32.59,32.59,100,0
NSI.US,5,20251010,160500,32.52,32.52,32.52,32.52,100,0
NSI.US,5,20251010,170000,32.2399,32.2399,32.2399,32.2399,100,0
NSI.US,5,20251010,171500,32.1,32.1,32.1,32.1,100,0
NSI.US,5,20251010,175000,31.97,31.97,31.97,31.97,100,0
NSI.US,5,20251010,183000,31.86,31.86,31.86,31.86,100,0
NSI.US,5,20251010,201000,31.55,31.55,31.55,31.55,100,0
NSI.US,5,20251010,214500,31.4978,31.4978,31.4978,31.4978,367,0
NSI.US,5,20251013,153000,32.37,32.37,32.37,32.37,260,0
NSI.US,5,20251013,153500,32.095,32.095,32.095,32.095,100,0
NSI.US,5,20251013,155500,32.27,32.279,32.27,32.279,267,0
NSI.US,5,20251013,175500,32.32,32.32,32.32,32.32,315,0
NSI.US,5,20251013,211500,32.33,32.33,32.33,32.33,727,0
NSI.US,5,20251014,153500,31.87,31.87,31.86,31.86,1195,0
NSI.US,5,20251014,155500,31.77,31.7701,31.76,31.7601,5812,0
NSI.US,5,20251014,165500,31.98,31.98,31.98,31.98,100,0
NSI.US,5,20251014,175500,32.12,32.12,32.12,32.12,100,0
NSI.US,5,20251014,194000,32.17,32.17,32.17,32.17,100,0
NSI.US,5,20251015,153000,32.32,32.32,32.32,32.32,100,0
NSI.US,5,20251015,155000,32.405,32.405,32.405,32.405,100,0
NSI.US,5,20251015,161000,32.59,32.59,32.59,32.59,100,0
NSI.US,5,20251015,174000,32.5,32.5,32.5,32.5,400,0
NSI.US,5,20251015,191000,32.4,32.4,32.4,32.4,100,0
NSI.US,5,20251015,211500,32.4715,32.4715,32.4715,32.4715,100,0
NSI.US,5,20251016,153000,33.08,33.08,32.666,32.666,354,0
NSI.US,5,20251016,154500,32.75,32.75,32.75,32.75,500,0
NSI.US,5,20251016,165500,32.795,32.795,32.795,32.795,300,0
NSI.US,5,20251016,173000,32.83,32.83,32.83,32.83,100,0
NSI.US,5,20251016,205000,32.5844,32.5844,32.5844,32.5844,100,0
NSI.US,5,20251017,153500,32.62,32.62,32.62,32.62,200,0
NSI.US,5,20251017,162000,32.77,32.77,32.77,32.77,100,0
NSI.US,5,20251017,163000,32.7,32.7,32.7,32.7,100,0
NSI.US,5,20251017,163500,32.68,32.68,32.68,32.68,100,0
NSI.US,5,20251017,173500,32.64,32.64,32.64,32.64,100,0
NSI.US,5,20251017,185000,32.63,32.63,32.63,32.63,300,0
NSI.US,5,20251017,203000,32.7508,32.7508,32.7508,32.7508,100,0
NSI.US,5,20251017,212500,32.8,32.8,32.7999,32.7999,494,0
NSI.US,5,20251020,153500,33.0779,33.0779,33.0779,33.0779,500,0
NSI.US,5,20251020,160500,32.962,32.962,32.962,32.962,500,0
NSI.US,5,20251020,162000,33.05,33.05,33.05,33.05,100,0
NSI.US,5,20251020,182000,33.12,33.1201,33.12,33.1201,200,0
NSI.US,5,20251020,182500,33.15,33.15,33.15,33.15,100,0
NSI.US,5,20251021,153000,32.87,32.87,32.87,32.87,100,0
NSI.US,5,20251021,153500,32.84,32.8401,32.81,32.8401,600,0
NSI.US,5,20251021,160000,32.84,32.84,32.84,32.84,100,0
NSI.US,5,20251021,163000,32.87,32.905,32.87,32.905,2200,0
NSI.US,5,20251021,164500,32.9,32.9,32.87,32.9,18308,0
NSI.US,5,20251021,172500,32.89,32.89,32.89,32.89,100,0
NSI.US,5,20251021,204500,32.83,32.83,32.83,32.83,100,0
NSI.US,5,20251021,211500,32.79,32.79,32.79,32.79,126,0
NSI.US,5,20251022,153000,32.7275,32.7275,32.7275,32.7275,100,0
NSI.US,5,20251022,154500,32.86,32.86,32.86,32.86,100,0
NSI.US,5,20251022,155000,32.95,32.95,32.95,32.95,100,0
NSI.US,5,20251022,161000,32.9001,32.9001,32.9001,32.9001,294,0
NSI.US,5,20251022,162000,32.9,32.9,32.9,32.9,300,0
NSI.US,5,20251022,164500,32.6596,32.6596,32.6596,32.6596,100,0
NSI.US,5,20251022,165500,32.79,32.79,32.79,32.79,100,0
NSI.US,5,20251022,173000,32.72,32.72,32.72,32.72,100,0
NSI.US,5,20251022,200000,32.549,32.5499,32.549,32.5499,5719,0
NSI.US,5,20251022,211000,32.6204,32.6204,32.6204,32.6204,996,0
NSI.US,5,20251022,215000,32.7599,32.7599,32.7599,32.7599,164,0
NSI.US,5,20251023,153500,32.88,32.88,32.88,32.88,100,0
NSI.US,5,20251023,163500,33.0099,33.01,33.0099,33.01,200,0
NSI.US,5,20251023,181500,33.01,33.01,32.9771,32.9771,1497,0
NSI.US,5,20251023,190000,32.9301,32.9301,32.9301,32.9301,437,0
NSI.US,5,20251023,200000,33.03,33.07,33.03,33.07,200,0
NSI.US,5,20251024,153000,33.35,33.35,33.35,33.35,200,0
NSI.US,5,20251024,160500,33.1655,33.1655,33.1655,33.1655,100,0
NSI.US,5,20251024,165500,33.22,33.22,33.22,33.22,15000,0
NSI.US,5,20251024,170500,33.25,33.93,33.25,33.6599,15000,0
NSI.US,5,20251024,193000,33.26,33.26,33.26,33.26,100,0
NSI.US,5,20251024,195500,33.2252,33.2252,33.2252,33.2252,119,0
NSI.US,5,20251024,200000,33.22,33.22,33.22,33.22,204,0
NSI.US,5,20251024,210500,33.22,33.22,33.22,33.22,300,0
NSI.US,5,20251027,143000,33.48,33.48,33.48,33.48,100,0
NSI.US,5,20251027,151500,33.41,33.41,33.41,33.41,100,0
NSI.US,5,20251027,155000,33.4399,33.44,33.3601,33.3601,1489,0
NSI.US,5,20251027,172500,33.41,33.4101,33.41,33.4101,200,0
NSI.US,5,20251027,174500,33.415,33.415,33.38,33.38,650,0
NSI.US,5,20251027,185000,33.41,33.41,33.41,33.41,100,0
NSI.US,5,20251027,193500,33.378,33.378,33.378,33.378,557,0
NSI.US,5,20251027,204500,33.4196,33.4196,33.4196,33.4196,100,0
NSI.US,5,20251027,205500,33.48,33.48,33.48,33.48,177,0
NSI.US,5,20251028,143000,33.39,33.39,33.39,33.39,100,0
NSI.US,5,20251028,152000,33.2901,33.2901,33.2901,33.2901,1171,0
NSI.US,5,20251028,160000,33.3696,33.3696,33.3696,33.3696,105,0
NSI.US,5,20251028,175000,33.43,33.43,33.43,33.43,100,0
NSI.US,5,20251028,181000,33.4689,33.4689,33.4689,33.4689,111,0
NSI.US,5,20251028,184000,33.47,33.47,33.47,33.47,200,0
NSI.US,5,20251028,200500,33.525,33.525,33.525,33.525,120,0
NSI.US,5,20251029,143000,33.85,33.85,33.85,33.85,100,0
NSI.US,5,20251029,164000,33.79,33.79,33.79,33.79,100,0
NSI.US,5,20251029,200000,33.69,33.6901,33.66,33.6601,786,0
NSI.US,5,20251029,201000,33.74,33.76,33.74,33.76,7000,0
NSI.US,5,20251030,143000,33.61,33.61,33.6099,33.6099,200,0
NSI.US,5,20251030,150500,33.69,33.69,33.69,33.69,100,0
NSI.US,5,20251030,151500,33.67,33.67,33.67,33.67,205,0
NSI.US,5,20251030,152500,33.65,33.65,33.65,33.65,100,0
NSI.US,5,20251030,154000,33.65,33.65,33.65,33.65,100,0
NSI.US,5,20251030,155000,33.68,33.68,33.68,33.68,100,0
NSI.US,5,20251030,160000,33.68,33.68,33.68,33.68,100,0
NSI.US,5,20251030,161000,33.69,33.69,33.69,33.69,100,0
NSI.US,5,20251030,162500,33.68,33.68,33.68,33.68,100,0
NSI.US,5,20251030,163500,33.66,33.66,33.66,33.66,100,0
NSI.US,5,20251030,164000,33.63,33.63,33.63,33.63,201,0
NSI.US,5,20251030,165500,33.61,33.61,33.59,33.59,600,0
NSI.US,5,20251030,170000,33.59,33.59,33.59,33.59,2600,0
NSI.US,5,20251030,171000,33.63,33.63,33.63,33.63,100,0
NSI.US,5,20251030,172000,33.64,33.64,33.64,33.64,100,0
NSI.US,5,20251030,173000,33.63,33.63,33.63,33.63,100,0
NSI.US,5,20251030,175000,33.66,33.66,33.66,33.66,300,0
NSI.US,5,20251030,180000,33.64,33.64,33.64,33.64,100,0
NSI.US,5,20251030,181000,33.61,33.61,33.61,33.61,201,0
NSI.US,5,20251030,203500,33.585,33.585,33.585,33.585,100,0
NSI.US,5,20251031,143000,33.7577,33.7577,33.7577,33.7577,100,0
NSI.US,5,20251031,160000,33.574,33.574,33.574,33.574,100,0
NSI.US,5,20251031,180500,33.42,33.42,33.42,33.42,100,0
NSI.US,5,20251031,194500,33.552,33.552,33.552,33.552,100,0
NSI.US,5,20251031,205500,33.5201,33.5201,33.5201,33.5201,328,0
NSI.US,5,20251103,153500,33.83,33.83,33.83,33.83,100,0
NSI.US,5,20251103,185000,33.95,33.9599,33.95,33.9599,283,0
NSI.US,5,20251103,210500,33.8505,33.8505,33.8505,33.8505,100,0
NSI.US,5,20251104,153000,33.17,33.17,33.17,33.17,100,0
NSI.US,5,20251104,153500,33.18,33.18,33.17,33.17,300,0
NSI.US,5,20251104,154500,33.31,33.31,33.31,33.31,100,0
NSI.US,5,20251104,160000,33.438,33.438,33.438,33.438,100,0
NSI.US,5,20251104,165000,33.4117,33.4117,33.4117,33.4117,1931,0
NSI.US,5,20251104,165500,33.36,33.36,33.36,33.36,1286,0
NSI.US,5,20251104,212000,33.18,33.18,33.18,33.18,100,0
NSI.US,5,20251104,215500,33.18,33.19,33.18,33.19,270,0
NSI.US,5,20251105,153000,33.13,33.13,33.13,33.13,100,0
NSI.US,5,20251105,153500,33.2075,33.2075,33.2075,33.2075,100,0
NSI.US,5,20251105,155000,33.3,33.3,33.3,33.3,200,0
NSI.US,5,20251105,170000,33.4399,33.4399,33.4155,33.4155,266,0
NSI.US,5,20251105,195500,33.5175,33.5175,33.5175,33.5175,100,0
NSI.US,5,20251106,153000,33.43,33.43,33.43,33.43,100,0
NSI.US,5,20251106,154000,33.5,33.5,33.5,33.5,1800,0
NSI.US,5,20251106,160500,33.2995,33.2995,33.2995,33.2995,100,0
NSI.US,5,20251106,162000,33.32,33.32,33.32,33.32,100,0
NSI.US,5,20251106,173500,33.1485,33.1485,33.1485,33.1485,100,0
NSI.US,5,20251106,185000,33.245,33.29,33.245,33.29,576,0
NSI.US,5,20251106,192500,33.18,33.18,33.18,33.18,100,0
NSI.US,5,20251106,210500,33.3005,33.3005,33.3005,33.3005,100,0
NSI.US,5,20251107,153000,32.73,32.843,32.7,32.76,700,0
NSI.US,5,20251107,164000,32.76,32.76,32.76,32.76,102,0
NSI.US,5,20251107,173000,32.7499,32.75,32.7499,32.75,200,0
NSI.US,5,20251107,200500,32.8302,32.8302,32.8302,32.8302,100,0
NSI.US,5,20251107,203500,32.85,32.85,32.85,32.85,100,0
NSI.US,5,20251107,204000,32.975,32.975,32.975,32.975,100,0
NSI.US,5,20251110,153000,33.29,33.29,33.29,33.29,746,0
NSI.US,5,20251110,154000,33.52,33.52,33.52,33.52,100,0
NSI.US,5,20251110,174500,33.51,33.67,33.51,33.5545,8988,0
NSI.US,5,20251110,184500,33.6498,33.6498,33.6498,33.6498,3500,0
NSI.US,5,20251110,185000,33.66,33.66,33.6599,33.6599,7000,0
NSI.US,5,20251111,153500,33.715,33.715,33.715,33.715,100,0
NSI.US,5,20251111,203500,33.77,33.77,33.77,33.77,100,0
NSI.US,5,20251111,213500,33.788,33.788,33.788,33.788,195,0
NSI.US,5,20251112,153000,33.9,33.9,33.9,33.9,424,0
NSI.US,5,20251112,163500,33.86,33.86,33.86,33.86,100,0
NSI.US,5,20251112,191000,33.8212,33.8212,33.8212,33.8212,185,0
NSI.US,5,20251112,191500,33.83,33.83,33.83,33.83,112,0
NSI.US,5,20251112,212500,33.8085,33.8085,33.8085,33.8085,100,0
NSI.US,5,20251113,153500,33.8,33.8,33.75,33.75,200,0
NSI.US,5,20251113,165500,33.556,33.556,33.556,33.556,100,0
NSI.US,5,20251113,193000,33.379,33.379,33.379,33.379,100,0
NSI.US,5,20251113,203000,33.3019,33.3019,33.3019,33.3019,100,0
NSI.US,5,20251113,214500,33.358,33.358,33.358,33.358,100,0
NSI.US,5,20251114,153000,33,33,33,33,100,0
NSI.US,5,20251114,155000,33.24,33.24,33.24,33.24,200,0
NSI.US,5,20251114,163500,33.3,33.3,33.3,33.3,100,0
NSI.US,5,20251114,194000,33.35,33.35,33.35,33.35,100,0
NSI.US,5,20251117,153000,33.065,33.065,33.065,33.065,100,0
NSI.US,5,20251117,153500,33.15,33.15,33.15,33.15,100,0
NSI.US,5,20251117,160000,33.2489,33.2489,33.2489,33.2489,300,0
NSI.US,5,20251117,171500,33.03,33.0301,33.03,33.0301,348,0
NSI.US,5,20251117,174500,33.25,33.25,33.25,33.25,100,0
NSI.US,5,20251117,183500,33.245,33.29,33.245,33.2594,5300,0
NSI.US,5,20251117,184000,33.23,33.23,33.23,33.23,1000,0
NSI.US,5,20251117,191500,33.17,33.17,33.1699,33.1699,400,0
NSI.US,5,20251117,194500,33.15,33.15,33.15,33.15,100,0
NSI.US,5,20251117,205000,32.8901,32.8901,32.8901,32.8901,100,0
NSI.US,5,20251117,211500,32.87,32.87,32.87,32.87,152,0
NSI.US,5,20251117,214000,32.8999,32.8999,32.8999,32.8999,174,0
NSI.US,5,20251117,215500,32.96,32.96,32.96,32.96,100,0
NSI.US,5,20251118,153000,32.66,32.6601,32.66,32.6601,200,0
NSI.US,5,20251118,162000,32.556,32.556,32.556,32.556,122,0
NSI.US,5,20251118,184500,32.7504,32.7504,32.7504,32.7504,100,0
NSI.US,5,20251118,201500,32.88,32.88,32.88,32.88,100,0
NSI.US,5,20251119,153000,32.6135,32.6135,32.6135,32.6135,100,0
NSI.US,5,20251119,153500,32.7075,32.7075,32.7075,32.7075,100,0
NSI.US,5,20251119,161000,32.84,32.84,32.84,32.84,100,0
NSI.US,5,20251119,162000,32.7501,32.84,32.75,32.84,552,0
NSI.US,5,20251119,171000,32.7,32.7,32.7,32.7,100,0
NSI.US,5,20251120,153000,33.13,33.13,33.13,33.13,100,0
NSI.US,5,20251120,161500,33.025,33.025,33.025,33.025,100,0
NSI.US,5,20251120,163500,33.07,33.07,33.07,33.07,100,0
NSI.US,5,20251120,171500,32.858,32.858,32.858,32.858,100,0
NSI.US,5,20251120,180500,32.5525,32.5525,32.5525,32.5525,100,0
NSI.US,5,20251120,204000,32.3,32.3,32.3,32.3,500,0
NSI.US,5,20251121,153000,31.947,31.947,31.947,31.947,100,0
NSI.US,5,20251121,162000,31.81,31.81,31.81,31.81,100,0
NSI.US,5,20251121,200000,32.17,32.17,32.17,32.17,316,0
NSI.US,5,20251121,204000,32.17,32.17,32.17,32.17,100,0
NSI.US,5,20251124,153000,33,33,32.12,32.1201,1277,0
NSI.US,5,20251124,153500,32.19,32.19,32.19,32.19,100,0
NSI.US,5,20251124,160000,32.305,32.305,32.305,32.305,100,0
NSI.US,5,20251124,173000,32.415,32.415,32.415,32.415,100,0
NSI.US,5,20251124,185500,32.45,32.45,32.45,32.45,100,0
NSI.US,5,20251124,204500,32.42,32.42,32.42,32.42,135,0
NSI.US,5,20251124,214500,32.475,32.475,32.475,32.475,100,0
NSI.US,5,20251125,153000,32.385,32.385,32.385,32.385,100,0
NSI.US,5,20251125,155000,32.165,32.165,32.165,32.165,100,0
NSI.US,5,20251125,161000,32.284,32.284,32.284,32.284,100,0
NSI.US,5,20251125,171500,32.42,32.42,32.42,32.42,300,0
NSI.US,5,20251125,192000,32.5101,32.5101,32.5101,32.5101,100,0
NSI.US,5,20251125,213500,32.645,32.645,32.645,32.645,100,0
NSI.US,5,20251126,153500,33.11,33.11,33.11,33.11,100,0
NSI.US,5,20251126,155500,33.008,33.008,33.008,33.008,100,0
NSI.US,5,20251126,161500,33.01,33.04,33.01,33.04,13847,0
NSI.US,5,20251126,162000,33.09,33.09,33.04,33.04,2500,0
NSI.US,5,20251126,193500,33.1848,33.1848,33.1848,33.1848,500,0
NSI.US,5,20251126,202500,33.22,33.22,33.21,33.22,1800,0
NSI.US,5,20251128,153500,32.96,32.9601,32.96,32.9601,200,0
NSI.US,5,20251128,161500,33.05,33.0501,33.05,33.0501,200,0
NSI.US,5,20251128,165500,33.14,33.14,33.14,33.14,100,0
NSI.US,5,20251128,184000,33.1404,33.1404,33.1404,33.1404,2000,0
NSI.US,5,20251201,154000,33.06,33.06,33.06,33.06,100,0
NSI.US,5,20251201,161500,33.11,33.11,33.11,33.11,200,0
NSI.US,5,20251201,192500,33.0401,33.0401,33.0401,33.0401,255,0
NSI.US,5,20251202,164000,33.17,33.17,33.17,33.17,100,0
NSI.US,5,20251202,182500,33.19,33.19,33.19,33.19,100,0
NSI.US,5,20251202,185500,33.18,33.18,33.1799,33.18,5301,0
NSI.US,5,20251202,190500,33.198,33.198,33.155,33.155,420,0
NSI.US,5,20251202,192500,33.18,33.18,33.18,33.18,100,0
NSI.US,5,20251202,193000,33.1789,33.1789,33.1789,33.1789,780,0
NSI.US,5,20251202,210500,33.21,33.21,33.21,33.21,2696,0
NSI.US,5,20251202,211000,33.21,33.21,33.21,33.21,100,0
NSI.US,5,20251202,215500,33.24,33.24,33.24,33.24,100,0
NSI.US,5,20251203,153000,33.087,33.087,33.087,33.087,100,0
NSI.US,5,20251203,154500,33.14,33.14,33.14,33.14,100,0
NSI.US,5,20251203,155000,33.13,33.13,33.13,33.13,100,0
NSI.US,5,20251203,160000,33.14,33.14,33.14,33.14,200,0
NSI.US,5,20251203,160500,33.18,33.18,33.18,33.18,100,0
NSI.US,5,20251203,161500,33.2,33.2,33.2,33.2,100,0
NSI.US,5,20251203,163000,33.2,33.2,33.2,33.2,344,0
NSI.US,5,20251203,164000,33.25,33.25,33.25,33.25,100,0
NSI.US,5,20251203,164500,33.24,33.24,33.24,33.24,100,0
NSI.US,5,20251203,165000,33.23,33.23,33.23,33.23,100,0
NSI.US,5,20251203,165500,33.1985,33.1985,33.1985,33.1985,297,0
NSI.US,5,20251203,171000,33.24,33.24,33.24,33.24,242,0
NSI.US,5,20251203,172000,33.24,33.24,33.24,33.24,100,0
NSI.US,5,20251203,173500,33.25,33.25,33.25,33.25,100,0
NSI.US,5,20251203,174500,33.23,33.23,33.23,33.23,100,0
NSI.US,5,20251203,175000,33.22,33.22,33.22,33.22,100,0
NSI.US,5,20251203,175500,33.175,33.175,33.175,33.175,364,0
NSI.US,5,20251203,180500,33.175,33.175,33.175,33.175,100,0
NSI.US,5,20251203,184000,33.21,33.21,33.21,33.21,100,0
NSI.US,5,20251203,185500,33.22,33.22,33.22,33.22,100,0
NSI.US,5,20251203,192500,33.23,33.23,33.23,33.23,100,0
NSI.US,5,20251203,193000,33.26,33.26,33.26,33.26,361,0
NSI.US,5,20251203,195500,33.26,33.26,33.26,33.26,241,0
NSI.US,5,20251203,202000,33.26,33.26,33.26,33.26,240,0
NSI.US,5,20251203,204000,33.23,33.23,33.23,33.23,100,0
NSI.US,5,20251203,205500,33.24,33.24,33.24,33.24,100,0
NSI.US,5,20251203,212500,33.25,33.25,33.25,33.25,361,0
NSI.US,5,20251203,214500,33.26,33.26,33.255,33.255,463,0
NSI.US,5,20251203,215000,33.24,33.24,33.24,33.24,311,0
NSI.US,5,20251203,215500,33.24,33.25,33.24,33.25,702,0
NSI.US,5,20251204,154000,33.22,33.22,33.22,33.22,400,0
NSI.US,5,20251204,155500,33.16,33.16,33.16,33.16,100,0
NSI.US,5,20251204,160000,33.15,33.15,33.14,33.14,200,0
NSI.US,5,20251204,161000,33.14,33.15,33.14,33.15,200,0
NSI.US,5,20251204,161500,33.1392,33.1392,33.1392,33.1392,927,0
NSI.US,5,20251204,163000,33.22,33.22,33.21,33.21,700,0
NSI.US,5,20251204,164000,33.23,33.23,33.23,33.23,100,0
NSI.US,5,20251204,165000,33.22,33.22,33.22,33.22,100,0
NSI.US,5,20251204,170500,33.21,33.21,33.21,33.21,600,0
NSI.US,5,20251204,171500,33.22,33.23,33.22,33.23,400,0
NSI.US,5,20251204,173000,33.23,33.23,33.23,33.23,400,0
NSI.US,5,20251204,174000,33.21,33.21,33.21,33.21,100,0
NSI.US,5,20251204,174500,33.21,33.21,33.21,33.21,200,0
NSI.US,5,20251204,175500,33.23,33.23,33.23,33.23,900,0
NSI.US,5,20251204,180500,33.23,33.23,33.23,33.23,400,0
NSI.US,5,20251204,181500,33.22,33.22,33.22,33.22,200,0
NSI.US,5,20251204,182500,33.22,33.22,33.22,33.22,400,0
NSI.US,5,20251204,183500,33.18,33.2,33.18,33.2,1300,0
NSI.US,5,20251204,184500,33.2,33.2,33.2,33.2,200,0
NSI.US,5,20251204,185500,33.21,33.21,33.21,33.21,200,0
NSI.US,5,20251204,190500,33.19,33.19,33.19,33.19,100,0
NSI.US,5,20251204,191000,33.2,33.2,33.2,33.2,400,0
NSI.US,5,20251204,192500,33.2,33.2,33.2,33.2,100,0
NSI.US,5,20251204,194000,33.2,33.2,33.2,33.2,400,0
NSI.US,5,20251204,201500,33.18,33.18,33.18,33.18,200,0
NSI.US,5,20251204,203000,33.17,33.17,33.12,33.1201,4454,0
NSI.US,5,20251204,213000,33.1685,33.1685,33.1685,33.1685,100,0
NSI.US,5,20251205,154500,33.5655,33.5655,33.5655,33.5655,100,0
NSI.US,5,20251205,160500,33.7,33.7,33.7,33.7,100,0
NSI.US,5,20251205,171500,33.534,33.534,33.534,33.534,100,0
NSI.US,5,20251205,200000,33.39,33.39,33.39,33.39,100,0
NSI.US,5,20251208,153000,33.249,33.249,33.249,33.249,100,0
NSI.US,5,20251208,155000,33.34,33.34,33.34,33.34,180,0
NSI.US,5,20251209,153500,33.06,33.06,33.06,33.06,100,0
NSI.US,5,20251209,154000,33.204,33.204,33.204,33.204,100,0
NSI.US,5,20251209,184000,33.278,33.278,33.278,33.278,100,0
NSI.US,5,20251210,153000,33.23,33.24,33.192,33.24,1250,0
NSI.US,5,20251210,155000,33.29,33.29,33.28,33.28,200,0
NSI.US,5,20251210,163000,33.26,33.2601,33.26,33.2601,200,0
NSI.US,5,20251210,173000,33.31,33.32,33.3,33.32,1200,0
NSI.US,5,20251210,202000,33.464,33.464,33.464,33.464,100,0
NSI.US,5,20251210,212000,33.652,33.652,33.652,33.652,100,0
NSI.US,5,20251211,153000,33.352,33.352,33.35,33.35,200,0
NSI.US,5,20251211,162500,33.56,33.56,33.56,33.56,100,0
NSI.US,5,20251211,195500,33.5648,33.5648,33.5648,33.5648,242,0
NSI.US,5,20251212,153000,33.42,33.42,33.42,33.42,100,0
NSI.US,5,20251212,153500,33.66,33.66,33.66,33.66,100,0
NSI.US,5,20251212,161000,33.4008,33.4008,33.4008,33.4008,260,0
NSI.US,5,20251212,183000,33.1815,33.1815,33.1815,33.1815,100,0
NSI.US,5,20251212,204000,33.19,33.1901,33.17,33.1701,3530,0
NSI.US,5,20251212,214000,33.13,33.13,33.13,33.13,2954,0
NSI.US,5,20251215,153000,33.26,33.2601,33.26,33.2601,200,0
NSI.US,5,20251215,161000,33.215,33.215,33.215,33.215,120,0
NSI.US,5,20251215,164500,33.21,33.21,33.21,33.21,150,0
NSI.US,5,20251215,173500,33.23,33.23,33.23,33.23,100,0
NSI.US,5,20251215,185500,33.235,33.235,33.23,33.23,10274,0
NSI.US,5,20251215,203000,33.11,33.11,33.11,33.11,100,0
NSI.US,5,20251215,204500,33.12,33.12,33.12,33.12,294,0
NSI.US,5,20251216,155000,32.8,32.8,32.8,32.8,100,0
NSI.US,5,20251216,212000,32.6392,32.6392,32.6392,32.6392,100,0
NSI.US,5,20251216,214000,32.74,32.74,32.74,32.74,200,0
NSI.US,5,20251217,154000,32.515,32.515,32.515,32.515,100,0
NSI.US,5,20251217,162500,32.43,32.43,32.43,32.43,129,0
NSI.US,5,20251217,165000,32.39,32.39,32.39,32.39,100,0
NSI.US,5,20251217,180500,32.25,32.26,32.25,32.2599,500,0
NSI.US,5,20251218,153000,32.4,32.65,32.4,32.65,946,0
NSI.US,5,20251218,153500,32.46,32.46,32.46,32.46,200,0
NSI.US,5,20251218,154000,32.525,32.525,32.525,32.525,191,0
NSI.US,5,20251218,185000,32.5701,32.5701,32.5701,32.5701,102,0
NSI.US,5,20251218,204500,32.575,32.575,32.5703,32.5703,270,0
NSI.US,5,20251219,153000,32.856,32.856,32.856,32.856,100,0
NSI.US,5,20251219,171500,33.018,33.018,33.018,33.018,100,0
NSI.US,5,20251222,153500,32.93,32.93,32.93,32.93,100,0
NSI.US,5,20251222,155000,32.95,32.95,32.95,32.95,100,0
NSI.US,5,20251222,161500,32.94,32.9401,32.94,32.9401,318,0
NSI.US,5,20251222,164500,32.94,32.94,32.94,32.94,120,0
NSI.US,5,20251222,185500,33.028,33.028,33.028,33.028,100,0
NSI.US,5,20251222,190000,32.99,32.9901,32.99,32.9901,212,0
