<TICKER>,<PER>,<DATE>,<TIME>,<OPEN>,<HIGH>,<LOW>,<CLOSE>,<VOL>,<OPENINT>
QQQA.US,5,20250728,170500,45.262,45.285,45.262,45.285,300,0
QQQA.US,5,20250728,194000,45.27,45.27,45.27,45.27,100,0
QQQA.US,5,20250728,202500,45.21,45.24,45.21,45.24,500,0
QQQA.US,5,20250728,204000,45.22,45.2201,45.22,45.2201,300,0
QQQA.US,5,20250728,212000,45.24,45.2549,45.24,45.2549,600,0
QQQA.US,5,20250728,214000,45.24,45.24,45.24,45.24,100,0
QQQA.US,5,20250729,174000,45.2,45.2,45.2,45.2,200,0
QQQA.US,5,20250729,181000,45.21,45.21,45.21,45.21,100,0
QQQA.US,5,20250729,181500,45.21,45.25,45.21,45.25,400,0
QQQA.US,5,20250729,190500,45.37,45.37,45.37,45.37,100,0
QQQA.US,5,20250730,181000,45.49,45.49,45.49,45.49,150,0
QQQA.US,5,20250730,185000,45.4944,45.4944,45.4944,45.4944,150,0
QQQA.US,5,20250730,203000,45.58,45.58,45.56,45.56,2129,0
QQQA.US,5,20250730,212000,45.31,45.31,45.31,45.31,150,0
QQQA.US,5,20250731,214000,45.17,45.17,45.17,45.17,399,0
QQQA.US,5,20250801,163500,44.38,44.38,44.38,44.38,400,0
QQQA.US,5,20250801,164000,44.324377,44.324377,44.324377,44.324377,110,0
QQQA.US,5,20250801,211000,44.2323,44.2323,44.2323,44.2323,1225,0
QQQA.US,5,20250801,213500,44.25,44.25,44.25,44.25,100,0
QQQA.US,5,20250804,160500,44.75,44.75,44.75,44.75,100,0
QQQA.US,5,20250804,195000,44.76,44.76,44.76,44.76,100,0
QQQA.US,5,20250804,195500,44.76,44.78,44.76,44.78,588,0
QQQA.US,5,20250804,210000,44.79,44.79,44.7832,44.7832,300,0
QQQA.US,5,20250805,153000,45.2,45.2,45.2,45.2,236,0
QQQA.US,5,20250805,160000,45.42,45.42,45.42,45.42,100,0
QQQA.US,5,20250805,163500,45.179,45.179,45.179,45.179,443,0
QQQA.US,5,20250805,165000,45.015,45.04,45.015,45.04,296,0
QQQA.US,5,20250805,195500,45.18,45.18,45.18,45.18,112,0
QQQA.US,5,20250806,153000,44.54,44.7,44.54,44.628,14113,0
QQQA.US,5,20250806,153500,44.6,44.616,44.486,44.486,1100,0
QQQA.US,5,20250806,154500,44.62,44.62,44.62,44.62,898,0
QQQA.US,5,20250806,160000,44.6876,44.6876,44.6876,44.6876,180,0
QQQA.US,5,20250806,160500,44.79,44.79,44.79,44.79,100,0
QQQA.US,5,20250806,164000,44.66,44.66,44.66,44.66,100,0
QQQA.US,5,20250806,181000,44.93,44.93,44.93,44.93,100,0
QQQA.US,5,20250806,192000,44.93,44.93,44.93,44.93,200,0
QQQA.US,5,20250806,201000,44.96,44.96,44.96,44.96,100,0
QQQA.US,5,20250806,212500,45.099,45.099,45.099,45.099,100,0
QQQA.US,5,20250807,153000,45.19,45.19,45.19,45.19,116,0
QQQA.US,5,20250807,160000,45.12,45.12,45.12,45.12,400,0
QQQA.US,5,20250807,202000,44.58,44.58,44.58,44.58,100,0
QQQA.US,5,20250808,160500,45.16,45.1601,45.16,45.1601,400,0
QQQA.US,5,20250808,161000,45.17,45.17,45.17,45.17,600,0
QQQA.US,5,20250808,203500,45.19,45.19,45.19,45.19,1099,0
QQQA.US,5,20250808,205000,45.21,45.21,45.2,45.2,4148,0
QQQA.US,5,20250808,211000,45.2,45.2,45.19,45.19,2468,0
QQQA.US,5,20250808,211500,45.19,45.19,45.19,45.19,531,0
QQQA.US,5,20250808,215500,45.17,45.18,45.17,45.18,487,0
QQQA.US,5,20250811,155000,45.37,45.37,45.3699,45.3699,1000,0
QQQA.US,5,20250811,164500,45.365,45.365,45.365,45.365,100,0
QQQA.US,5,20250811,175500,45.3301,45.3301,45.33,45.33,222,0
QQQA.US,5,20250811,200000,45.17,45.17,45.17,45.17,698,0
QQQA.US,5,20250812,205500,45.79,45.79,45.79,45.79,100,0
QQQA.US,5,20250813,153500,46.17,46.17,46.05,46.05,1433,0
QQQA.US,5,20250813,155000,46.0002,46.0002,46.0002,46.0002,218,0
QQQA.US,5,20250813,195000,45.7599,45.7599,45.7599,45.7599,100,0
QQQA.US,5,20250814,154500,45.67,45.715,45.67,45.715,350,0
QQQA.US,5,20250814,195500,45.7244,45.73,45.71,45.71,436,0
QQQA.US,5,20250814,215500,45.7,45.7,45.7,45.7,140,0
QQQA.US,5,20250815,161500,45.33,45.3301,45.3,45.3,425,0
QQQA.US,5,20250815,165500,45.26,45.26,45.26,45.26,300,0
QQQA.US,5,20250815,172000,45.34,45.34,45.34,45.34,100,0
QQQA.US,5,20250815,175000,45.22,45.22,45.22,45.22,700,0
QQQA.US,5,20250815,182500,45.26,45.26,45.26,45.26,100,0
QQQA.US,5,20250815,185000,45.31,45.31,45.31,45.31,100,0
QQQA.US,5,20250815,190500,45.3,45.3,45.3,45.3,100,0
QQQA.US,5,20250815,193000,45.29,45.29,45.29,45.29,600,0
QQQA.US,5,20250815,200000,45.35,45.35,45.35,45.35,100,0
QQQA.US,5,20250815,203000,45.32,45.32,45.32,45.32,500,0
QQQA.US,5,20250815,210000,45.24,45.24,45.24,45.24,220,0
QQQA.US,5,20250815,213500,45.31,45.31,45.28,45.28,200,0
QQQA.US,5,20250815,215500,45.27,45.27,45.27,45.27,253,0
QQQA.US,5,20250818,153000,45.08,45.08,45.08,45.08,221,0
QQQA.US,5,20250818,155000,45.21,45.21,45.21,45.21,200,0
QQQA.US,5,20250818,194000,45.21,45.21,45.21,45.21,221,0
QQQA.US,5,20250819,164000,44.7795,44.78,44.74,44.7549,2097,0
QQQA.US,5,20250819,193500,44.555,44.57,44.555,44.57,1000,0
QQQA.US,5,20250820,153000,44.25,44.25,44.25,44.25,1150,0
QQQA.US,5,20250820,155000,43.76,43.7601,43.76,43.7601,934,0
QQQA.US,5,20250820,163500,43.5901,43.67,43.59,43.67,2700,0
QQQA.US,5,20250820,164500,43.49,43.5,43.49,43.5,648,0
QQQA.US,5,20250820,171500,43.82,43.82,43.818,43.818,800,0
QQQA.US,5,20250820,172000,43.9,43.9,43.9,43.9,600,0
QQQA.US,5,20250820,184000,44.1042,44.1042,44.1042,44.1042,100,0
QQQA.US,5,20250820,194500,44.21,44.21,44.21,44.21,800,0
QQQA.US,5,20250820,210500,44.18,44.2,44.18,44.2,705,0
QQQA.US,5,20250821,193000,43.93,43.93,43.93,43.93,100,0
QQQA.US,5,20250822,171000,45.0125,45.0125,45.0125,45.0125,106,0
QQQA.US,5,20250822,171500,45.0689,45.0689,45.0689,45.0689,111,0
QQQA.US,5,20250822,174000,44.97,44.97,44.955071,44.965196,2080,0
QQQA.US,5,20250822,193500,44.86,44.86,44.86,44.86,100,0
QQQA.US,5,20250822,211500,44.78,44.78,44.78,44.78,600,0
QQQA.US,5,20250822,212500,44.76,44.76,44.76,44.76,514,0
QQQA.US,5,20250825,192500,44.6628,44.6628,44.6628,44.6628,1290,0
QQQA.US,5,20250825,202500,44.64,44.67,44.64,44.67,200,0
QQQA.US,5,20250826,161000,44.68,44.68,44.68,44.68,100,0
QQQA.US,5,20250826,172000,44.67,44.68,44.6692,44.67,2000,0
QQQA.US,5,20250826,195500,44.545,44.56,44.545,44.5508,355,0
QQQA.US,5,20250826,205000,44.688047,44.688047,44.688047,44.688047,1000,0
QQQA.US,5,20250826,205500,44.71,44.71,44.71,44.71,100,0
QQQA.US,5,20250826,210000,44.7,44.7,44.7,44.7,100,0
QQQA.US,5,20250826,213000,44.73,44.73,44.73,44.73,100,0
QQQA.US,5,20250826,213500,44.72,44.72,44.72,44.72,200,0
QQQA.US,5,20250826,215500,44.71,44.71,44.71,44.71,919,0
QQQA.US,5,20250827,155000,44.49,44.49,44.49,44.49,100,0
QQQA.US,5,20250827,160500,44.48,44.48,44.48,44.48,160,0
QQQA.US,5,20250827,161500,44.56,44.56,44.56,44.56,100,0
QQQA.US,5,20250827,163000,44.62,44.62,44.605,44.605,500,0
QQQA.US,5,20250827,170500,44.5701,44.6,44.5701,44.6,350,0
QQQA.US,5,20250827,200000,44.6305,44.6305,44.6305,44.6305,670,0
QQQA.US,5,20250827,201000,44.65,44.67,44.65,44.67,200,0
QQQA.US,5,20250827,203000,44.69,44.69,44.69,44.69,100,0
QQQA.US,5,20250827,210000,44.65,44.65,44.642,44.642,670,0
QQQA.US,5,20250827,210500,44.63,44.64,44.63,44.64,600,0
QQQA.US,5,20250827,211000,44.5408,44.55,44.5408,44.55,770,0
QQQA.US,5,20250827,213500,44.6,44.6,44.6,44.6,100,0
QQQA.US,5,20250827,215500,44.66,44.66,44.66,44.66,1120,0
QQQA.US,5,20250828,153000,44.65,44.65,44.65,44.65,223,0
QQQA.US,5,20250828,162000,44.75,44.75,44.75,44.75,100,0
QQQA.US,5,20250828,164500,44.87,44.87,44.85,44.85,200,0
QQQA.US,5,20250828,170500,44.85,44.85,44.85,44.85,100,0
QQQA.US,5,20250828,171500,44.87,44.87,44.87,44.87,100,0
QQQA.US,5,20250828,173000,44.78,44.78,44.78,44.78,100,0
QQQA.US,5,20250828,214500,44.9,44.9,44.9,44.9,100,0
QQQA.US,5,20250829,160500,44.27,44.27,44.27,44.27,100,0
QQQA.US,5,20250829,163500,44.3084,44.3084,44.3084,44.3084,100,0
QQQA.US,5,20250829,182500,44.21,44.21,44.21,44.21,600,0
QQQA.US,5,20250829,185500,44.23,44.23,44.23,44.23,532,0
QQQA.US,5,20250829,205000,44.13,44.13,44.13,44.13,100,0
QQQA.US,5,20250829,210000,44.17,44.17,44.17,44.17,100,0
QQQA.US,5,20250829,213500,44.16,44.16,44.16,44.16,600,0
QQQA.US,5,20250902,153000,43.41,43.41,43.41,43.41,1011,0
QQQA.US,5,20250902,155000,43.65,43.65,43.62,43.62,600,0
QQQA.US,5,20250902,160500,43.52,43.52,43.52,43.52,500,0
QQQA.US,5,20250902,161500,43.52,43.52,43.52,43.52,100,0
QQQA.US,5,20250902,204000,43.58,43.58,43.58,43.58,800,0
QQQA.US,5,20250902,205500,43.65,43.65,43.65,43.65,343,0
QQQA.US,5,20250903,171500,43.85,43.85,43.85,43.85,110,0
QQQA.US,5,20250903,205000,43.54,43.54,43.54,43.54,600,0
QQQA.US,5,20250903,211000,43.53,43.53,43.53,43.53,800,0
QQQA.US,5,20250903,212500,43.58,43.58,43.58,43.58,348,0
QQQA.US,5,20250904,155000,43.765,43.765,43.765,43.765,150,0
QQQA.US,5,20250904,200500,44.06,44.06,44.06,44.06,555,0
QQQA.US,5,20250904,215500,44.28,44.28,44.27,44.27,200,0
QQQA.US,5,20250905,153500,44.595,44.595,44.595,44.595,200,0
QQQA.US,5,20250905,155000,44.65,44.65,44.65,44.65,328,0
QQQA.US,5,20250905,192500,44.2703,44.2703,44.2703,44.2703,500,0
QQQA.US,5,20250905,200500,44.28,44.28,44.28,44.28,981,0
QQQA.US,5,20250905,210000,44.38,44.38,44.36,44.36,279,0
QQQA.US,5,20250905,212000,44.43,44.43,44.43,44.43,100,0
QQQA.US,5,20250908,161500,44.79,44.79,44.79,44.79,100,0
QQQA.US,5,20250908,164000,45,45.0001,45,45.0001,308,0
QQQA.US,5,20250908,183000,44.889313,44.889313,44.889313,44.889313,345,0
QQQA.US,5,20250908,184000,44.87,44.87,44.87,44.87,100,0
QQQA.US,5,20250908,192500,44.85,44.85,44.85,44.85,200,0
QQQA.US,5,20250908,194000,44.84,44.84,44.84,44.84,200,0
QQQA.US,5,20250908,195500,44.8,44.8,44.8,44.8,200,0
QQQA.US,5,20250908,201500,44.9,44.9,44.9,44.9,548,0
QQQA.US,5,20250908,211000,44.91,44.91,44.91,44.91,100,0
QQQA.US,5,20250908,214500,44.9,44.9,44.9,44.9,300,0
QQQA.US,5,20250908,215500,44.9,44.9,44.9,44.9,100,0
QQQA.US,5,20250909,161500,44.92,44.92,44.92,44.92,100,0
QQQA.US,5,20250909,200500,45.1,45.1,45.1,45.1,200,0
QQQA.US,5,20250909,205000,45.17,45.17,45.17,45.17,100,0
QQQA.US,5,20250910,161500,45.59,45.59,45.59,45.59,100,0
QQQA.US,5,20250910,162500,45.644,45.66,45.644,45.644,1771,0
QQQA.US,5,20250910,191000,45.47,45.47,45.47,45.47,100,0
QQQA.US,5,20250910,194500,45.48,45.48,45.48,45.48,220,0
QQQA.US,5,20250910,195500,45.43,45.43,45.43,45.43,200,0
QQQA.US,5,20250910,203500,45.37,45.3701,45.37,45.3701,200,0
QQQA.US,5,20250910,204000,45.39,45.39,45.39,45.39,100,0
QQQA.US,5,20250910,212000,45.27,45.27,45.27,45.27,100,0
QQQA.US,5,20250910,213500,45.36,45.36,45.36,45.36,100,0
QQQA.US,5,20250910,215500,45.48,45.48,45.48,45.48,650,0
QQQA.US,5,20250912,153000,46.06,46.06,46.06,46.06,409,0
QQQA.US,5,20250912,154500,45.9989,45.9989,45.9989,45.9989,242,0
QQQA.US,5,20250912,161500,45.85,45.85,45.85,45.85,200,0
QQQA.US,5,20250912,164500,45.91,45.92,45.91,45.92,1786,0
QQQA.US,5,20250912,172000,45.92,45.92,45.92,45.92,217,0
QQQA.US,5,20250912,174000,45.87,45.87,45.87,45.87,217,0
QQQA.US,5,20250912,182000,45.9011,45.9011,45.901,45.901,438,0
QQQA.US,5,20250912,183000,45.91,45.91,45.91,45.91,100,0
QQQA.US,5,20250912,183500,45.9,45.9,45.9,45.9,100,0
QQQA.US,5,20250912,201500,45.97,45.97,45.97,45.97,200,0
QQQA.US,5,20250912,203000,46,46,46,46,103,0
QQQA.US,5,20250912,204000,46.03,46.03,46.03,46.03,100,0
QQQA.US,5,20250912,212000,46.0002,46.01,46.0002,46.01,218,0
QQQA.US,5,20250912,212500,46.009,46.009,46.009,46.009,100,0
QQQA.US,5,20250912,215000,45.95,45.95,45.95,45.95,300,0
QQQA.US,5,20250912,215500,45.92,45.92,45.92,45.92,300,0
QQQA.US,5,20250915,153000,45.92,45.92,45.92,45.92,601,0
QQQA.US,5,20250915,160000,46.06,46.06,46.0599,46.0599,400,0
QQQA.US,5,20250915,175500,46.09,46.09,46.09,46.09,300,0
QQQA.US,5,20250915,181500,46.075,46.075,46.075,46.075,100,0
QQQA.US,5,20250915,200000,46.146,46.16,46.146,46.16,1100,0
QQQA.US,5,20250915,200500,46.16,46.16,46.16,46.16,100,0
QQQA.US,5,20250915,214000,46.09,46.11,46.09,46.11,1005,0
QQQA.US,5,20250915,214500,46.12,46.12,46.12,46.12,100,0
QQQA.US,5,20250916,161000,46.11,46.11,46.11,46.11,100,0
QQQA.US,5,20250916,165000,46.0501,46.0501,46.0501,46.0501,300,0
QQQA.US,5,20250916,180000,45.92,45.92,45.92,45.92,100,0
QQQA.US,5,20250916,192000,46,46,46,46,100,0
QQQA.US,5,20250916,193000,45.99,45.99,45.99,45.99,100,0
QQQA.US,5,20250916,202000,46.01,46.01,46.01,46.01,100,0
QQQA.US,5,20250917,162500,46.05,46.05,46.05,46.05,100,0
QQQA.US,5,20250917,165500,45.97,45.985,45.97,45.985,200,0
QQQA.US,5,20250917,210500,46.11,46.11,46.11,46.11,100,0
QQQA.US,5,20250917,211000,46.15,46.15,46.15,46.15,100,0
QQQA.US,5,20250917,215000,46.12,46.12,46.12,46.12,300,0
QQQA.US,5,20250918,153000,46.36,46.51,46.36,46.51,416,0
QQQA.US,5,20250918,154000,46.52,46.52,46.52,46.52,100,0
QQQA.US,5,20250918,154500,46.48,46.48,46.4419,46.4419,750,0
QQQA.US,5,20250918,160500,46.7999,46.8,46.7999,46.7999,684,0
QQQA.US,5,20250918,161500,46.75,46.75,46.75,46.75,126,0
QQQA.US,5,20250918,192500,46.81,46.81,46.81,46.81,200,0
QQQA.US,5,20250918,194000,46.74,46.76,46.74,46.76,300,0
QQQA.US,5,20250918,200000,46.74,46.74,46.74,46.74,200,0
QQQA.US,5,20250918,201500,46.78,46.78,46.78,46.78,100,0
QQQA.US,5,20250918,202000,46.8,46.8,46.8,46.8,100,0
QQQA.US,5,20250918,203000,46.78,46.78,46.78,46.78,126,0
QQQA.US,5,20250918,215500,46.72,46.72,46.72,46.72,100,0
QQQA.US,5,20250919,153000,46.84,46.84,46.84,46.84,212,0
QQQA.US,5,20250919,155500,46.65,46.65,46.65,46.65,300,0
QQQA.US,5,20250919,170500,46.54,46.54,46.54,46.54,200,0
QQQA.US,5,20250919,183000,46.76,46.76,46.76,46.76,100,0
QQQA.US,5,20250919,185500,46.78,46.78,46.78,46.78,200,0
QQQA.US,5,20250919,190000,46.76,46.76,46.76,46.76,100,0
QQQA.US,5,20250919,190500,46.75,46.75,46.75,46.75,100,0
QQQA.US,5,20250919,191000,46.7,46.7,46.7,46.7,200,0
QQQA.US,5,20250919,193500,46.74,46.74,46.74,46.74,200,0
QQQA.US,5,20250919,195000,46.75,46.75,46.74,46.74,210,0
QQQA.US,5,20250919,202500,46.75,46.75,46.75,46.75,100,0
QQQA.US,5,20250919,205500,46.75,46.75,46.75,46.75,300,0
QQQA.US,5,20250919,212000,46.78,46.78,46.78,46.78,100,0
QQQA.US,5,20250919,215500,46.86,46.86,46.86,46.86,100,0
QQQA.US,5,20250922,190000,47,47,47,47,186,0
QQQA.US,5,20250922,201500,47.0067,47.0067,47.0067,47.0067,150,0
QQQA.US,5,20250922,214500,46.92,46.92,46.92,46.92,250,0
QQQA.US,5,20250922,215000,46.92,46.92,46.92,46.92,100,0
QQQA.US,5,20250923,180000,47.03,47.03,47.03,47.03,150,0
QQQA.US,5,20250923,215500,46.87,46.88,46.87,46.88,504,0
QQQA.US,5,20250924,192000,46.2306,46.2306,46.2306,46.2306,300,0
QQQA.US,5,20250924,215500,46.2202,46.2202,46.2202,46.2202,171,0
QQQA.US,5,20250925,153000,45.82,45.82,45.82,45.82,316,0
QQQA.US,5,20250925,155000,45.75,45.75,45.74,45.74,200,0
QQQA.US,5,20250925,155500,45.7,45.7,45.7,45.7,400,0
QQQA.US,5,20250925,161500,46.0673,46.0673,46.03,46.03,1100,0
QQQA.US,5,20250925,173500,46.17,46.17,46.17,46.17,100,0
QQQA.US,5,20250925,203000,46.06,46.06,46.06,46.06,100,0
QQQA.US,5,20250925,210000,46.11,46.11,46.11,46.11,100,0
QQQA.US,5,20250925,210500,46.13,46.13,46.13,46.13,100,0
QQQA.US,5,20250925,211000,46.12,46.12,46.12,46.12,100,0
QQQA.US,5,20250925,211500,46.1,46.1,46.1,46.1,100,0
QQQA.US,5,20250925,212500,46.07,46.07,46.06,46.06,600,0
QQQA.US,5,20250925,213000,46.09,46.09,46.09,46.09,100,0
QQQA.US,5,20250925,214000,46.08,46.08,46.08,46.08,100,0
QQQA.US,5,20250925,215500,46.1,46.11,46.1,46.11,395,0
QQQA.US,5,20250926,181500,46.04,46.04,46.04,46.04,200,0
QQQA.US,5,20250926,185500,46.17,46.17,46.17,46.17,100,0
QQQA.US,5,20250926,203000,46.19,46.19,46.19,46.19,200,0
QQQA.US,5,20250926,204500,46.27,46.27,46.27,46.27,200,0
QQQA.US,5,20250926,210000,46.28,46.28,46.28,46.28,295,0
QQQA.US,5,20250929,153000,46.64,46.64,46.64,46.64,226,0
QQQA.US,5,20250929,160000,46.86,46.86,46.86,46.86,596,0
QQQA.US,5,20250929,182500,46.6101,46.6101,46.6101,46.6101,100,0
QQQA.US,5,20250929,194500,46.7,46.7,46.689,46.689,228,0
QQQA.US,5,20250930,162000,46.65,46.65,46.65,46.65,164,0
QQQA.US,5,20250930,162500,46.63,46.63,46.63,46.63,3190,0
QQQA.US,5,20250930,163000,46.64,46.64,46.64,46.64,6380,0
QQQA.US,5,20250930,164500,46.66,46.69,46.66,46.69,525,0
QQQA.US,5,20250930,200500,46.52,46.52,46.52,46.52,100,0
QQQA.US,5,20251002,192000,47.48,47.48,47.48,47.48,500,0
QQQA.US,5,20251003,160000,47.5076,47.5076,47.5076,47.5076,100,0
QQQA.US,5,20251003,162500,47.5134,47.5134,47.51,47.51,416,0
QQQA.US,5,20251003,163000,47.602,47.602,47.602,47.602,100,0
QQQA.US,5,20251003,172000,47.69,47.69,47.69,47.69,100,0
QQQA.US,5,20251003,215500,47.26,47.26,47.26,47.26,100,0
QQQA.US,5,20251006,163000,48.2088,48.2088,48.2088,48.2088,500,0
QQQA.US,5,20251006,163500,48.22,48.22,48.2199,48.2199,800,0
QQQA.US,5,20251006,170000,48.27,48.27,48.25,48.25,300,0
QQQA.US,5,20251006,185500,48.32,48.32,48.32,48.32,200,0
QQQA.US,5,20251006,203500,48.33,48.33,48.33,48.33,200,0
QQQA.US,5,20251006,204000,48.3,48.3,48.3,48.3,100,0
QQQA.US,5,20251007,153000,48.45,48.45,48.45,48.45,233,0
QQQA.US,5,20251007,154500,48.48,48.48,48.4799,48.4799,200,0
QQQA.US,5,20251007,205000,47.76,47.76,47.76,47.76,105,0
QQQA.US,5,20251008,153000,47.89,47.89,47.89,47.89,102,0
QQQA.US,5,20251008,155500,48.2201,48.2201,48.2201,48.2201,100,0
QQQA.US,5,20251008,160000,48.29,48.29,48.29,48.29,278,0
QQQA.US,5,20251008,162000,48.26,48.26,48.26,48.26,100,0
QQQA.US,5,20251008,183000,48.61,48.6209,48.61,48.6209,1016,0
QQQA.US,5,20251008,184500,48.61,48.61,48.61,48.61,100,0
QQQA.US,5,20251008,192000,48.64,48.64,48.64,48.64,1422,0
QQQA.US,5,20251008,202500,48.76,48.76,48.76,48.76,1192,0
QQQA.US,5,20251008,213500,48.86,48.86,48.86,48.86,292,0
QQQA.US,5,20251009,153000,48.89,48.89,48.89,48.89,1003,0
QQQA.US,5,20251009,164500,48.6999,48.6999,48.6985,48.6985,300,0
QQQA.US,5,20251009,174000,48.78,48.78,48.78,48.78,183,0
QQQA.US,5,20251009,184500,48.8,48.8,48.8,48.8,196,0
QQQA.US,5,20251010,162000,48.77,48.77,48.77,48.77,178,0
QQQA.US,5,20251010,174000,47.56,47.56,47.56,47.56,100,0
QQQA.US,5,20251010,182500,47.66,47.6601,47.66,47.6601,316,0
QQQA.US,5,20251010,195500,47.3676,47.37,47.3676,47.37,200,0
QQQA.US,5,20251010,200500,47.37,47.37,47.37,47.37,100,0
QQQA.US,5,20251010,201000,47.4188,47.4188,47.4188,47.4188,150,0
QQQA.US,5,20251010,213000,47.0201,47.021,47.02,47.021,800,0
QQQA.US,5,20251013,165000,47.646,47.646,47.646,47.646,300,0
QQQA.US,5,20251013,172000,47.8,47.8,47.8,47.8,100,0
QQQA.US,5,20251013,191000,47.89,47.89,47.87,47.87,200,0
QQQA.US,5,20251013,192000,47.84,47.8404,47.84,47.8404,2600,0
QQQA.US,5,20251013,202000,47.94,47.94,47.94,47.94,200,0
QQQA.US,5,20251013,203000,47.96,47.96,47.96,47.96,100,0
QQQA.US,5,20251013,203500,47.96,47.96,47.96,47.96,700,0
QQQA.US,5,20251014,154500,47.1385,47.1385,47.1385,47.1385,105,0
QQQA.US,5,20251014,155000,47.1,47.1,47.1,47.1,100,0
QQQA.US,5,20251014,170000,47.65,47.65,47.65,47.65,100,0
QQQA.US,5,20251014,181500,47.73,47.73,47.73,47.73,100,0
QQQA.US,5,20251014,184000,48.01,48.01,48.01,48.01,175,0
QQQA.US,5,20251014,205500,48.02,48.02,48.02,48.02,175,0
QQQA.US,5,20251014,213500,47.84,47.84,47.84,47.84,130,0
QQQA.US,5,20251015,154500,47.915,47.915,47.915,47.915,100,0
QQQA.US,5,20251015,201000,47.84,47.84,47.82,47.8254,318,0
QQQA.US,5,20251015,204000,47.87,47.8701,47.87,47.8701,600,0
QQQA.US,5,20251016,160000,48.36,48.3601,48.36,48.3601,200,0
QQQA.US,5,20251016,173000,48.27,48.27,48.27,48.27,100,0
QQQA.US,5,20251016,173500,48.3468,48.3468,48.3468,48.3468,500,0
QQQA.US,5,20251016,205500,47.79,47.79,47.79,47.79,1006,0
QQQA.US,5,20251016,213000,47.61,47.61,47.61,47.61,436,0
QQQA.US,5,20251017,160000,47.82,47.82,47.82,47.82,2970,0
QQQA.US,5,20251017,190000,47.87,47.87,47.86,47.87,400,0
QQQA.US,5,20251017,215000,48.13,48.13,48.13,48.13,200,0
QQQA.US,5,20251017,215500,48.07,48.07,48.07,48.07,276,0
QQQA.US,5,20251020,212000,48.72,48.72,48.72,48.72,500,0
QQQA.US,5,20251020,215500,48.75,48.75,48.75,48.75,100,0
QQQA.US,5,20251021,155000,48.75,48.75,48.75,48.75,145,0
QQQA.US,5,20251021,172500,48.8768,48.8768,48.8768,48.8768,100,0
QQQA.US,5,20251021,181000,49.0198,49.0198,49.0198,49.0198,100,0
QQQA.US,5,20251021,182000,49.01,49.01,49.01,49.01,100,0
QQQA.US,5,20251021,183000,49.01,49.01,49.01,49.01,100,0
QQQA.US,5,20251021,205500,48.94,48.94,48.94,48.94,500,0
QQQA.US,5,20251021,211000,48.96,48.96,48.96,48.96,500,0
QQQA.US,5,20251021,212500,48.97,48.97,48.97,48.97,174,0
QQQA.US,5,20251022,153000,48.82,48.82,48.82,48.82,108,0
QQQA.US,5,20251022,163000,48.0992,48.0992,48.0992,48.0992,100,0
QQQA.US,5,20251022,164000,47.99,47.99,47.99,47.99,500,0
QQQA.US,5,20251022,184000,47.7,47.7,47.7,47.7,500,0
QQQA.US,5,20251022,191500,47.57,47.57,47.5517,47.5517,300,0
QQQA.US,5,20251022,200000,47.5,47.5,47.5,47.5,100,0
QQQA.US,5,20251022,201500,47.41,47.41,47.41,47.41,500,0
QQQA.US,5,20251022,215500,47.9,47.9,47.9,47.9,2000,0
QQQA.US,5,20251023,181000,48.56,48.56,48.56,48.56,101,0
QQQA.US,5,20251023,201000,48.73,48.73,48.73,48.73,500,0
QQQA.US,5,20251023,203000,48.78,48.78,48.78,48.78,500,0
QQQA.US,5,20251023,205000,48.73,48.73,48.73,48.73,500,0
QQQA.US,5,20251023,210500,48.77,48.77,48.77,48.77,500,0
QQQA.US,5,20251023,213500,48.76,48.76,48.76,48.76,1000,0
QQQA.US,5,20251024,202500,49.53,49.53,49.53,49.53,500,0
QQQA.US,5,20251024,203500,49.55,49.55,49.55,49.55,133,0
QQQA.US,5,20251024,212500,49.58,49.58,49.58,49.58,501,0
QQQA.US,5,20251027,143000,50.11,50.11,50.11,50.11,481,0
QQQA.US,5,20251027,160000,50.31,50.31,50.3097,50.3097,200,0
QQQA.US,5,20251027,165000,50.31,50.3101,50.31,50.3101,200,0
QQQA.US,5,20251027,174000,50.235,50.235,50.235,50.235,198,0
QQQA.US,5,20251027,174500,50.255,50.255,50.255,50.255,296,0
QQQA.US,5,20251027,175000,50.31,50.31,50.31,50.31,700,0
QQQA.US,5,20251027,175500,50.31,50.31,50.27,50.2851,900,0
QQQA.US,5,20251027,183500,50.28,50.28,50.28,50.28,100,0
QQQA.US,5,20251027,201000,50.38,50.38,50.34,50.34,200,0
QQQA.US,5,20251027,201500,50.3,50.3,50.3,50.3,300,0
QQQA.US,5,20251027,202000,50.3,50.3,50.3,50.3,530,0
QQQA.US,5,20251027,204000,50.325,50.325,50.325,50.325,118,0
QQQA.US,5,20251027,204500,50.32,50.32,50.32,50.32,921,0
QQQA.US,5,20251028,143000,50.47,50.47,50.47,50.47,397,0
QQQA.US,5,20251028,164000,50.45,50.45,50.4499,50.4499,600,0
QQQA.US,5,20251028,170000,50.47,50.47,50.47,50.47,100,0
QQQA.US,5,20251028,191000,50.4901,50.4901,50.49,50.49,800,0
QQQA.US,5,20251028,200500,50.57,50.57,50.57,50.57,190,0
QQQA.US,5,20251029,143500,50.7799,50.78,50.7799,50.78,400,0
QQQA.US,5,20251029,144500,50.84,50.84,50.8399,50.84,800,0
QQQA.US,5,20251029,145000,50.84,50.84,50.84,50.84,150,0
QQQA.US,5,20251029,150000,50.98,50.98,50.93,50.965,2065,0
QQQA.US,5,20251029,182000,50.9999,50.9999,50.9999,50.9999,100,0
QQQA.US,5,20251029,185500,51,51,51,51,100,0
QQQA.US,5,20251029,193000,50.97,50.97,50.97,50.97,500,0
QQQA.US,5,20251029,200000,50.84,50.84,50.84,50.84,232,0
QQQA.US,5,20251029,204000,50.77,50.77,50.77,50.77,151,0
QQQA.US,5,20251030,145500,50.7,50.7,50.7,50.7,266,0
QQQA.US,5,20251030,170500,50.4999,50.5,50.475,50.48,1290,0
QQQA.US,5,20251030,171000,50.5299,50.53,50.5299,50.53,600,0
QQQA.US,5,20251030,205500,50.08,50.08,50,50.016,2741,0
QQQA.US,5,20251031,143000,50.84,50.84,50.84,50.84,102,0
QQQA.US,5,20251031,143500,50.8,50.8,50.8,50.8,678,0
QQQA.US,5,20251031,190000,50.44,50.44,50.44,50.44,700,0
QQQA.US,5,20251031,191500,50.47,50.47,50.47,50.47,500,0
QQQA.US,5,20251031,193000,50.52,50.52,50.52,50.52,500,0
QQQA.US,5,20251031,194500,50.53,50.53,50.53,50.53,258,0
QQQA.US,5,20251031,201500,50.6,50.6,50.6,50.6,340,0
QQQA.US,5,20251103,160500,50.95,50.95,50.95,50.95,500,0
QQQA.US,5,20251103,171500,50.88,50.88,50.8799,50.8799,200,0
QQQA.US,5,20251103,175500,50.81,50.81,50.81,50.81,200,0
QQQA.US,5,20251103,193500,50.99,50.99,50.9898,50.9898,200,0
QQQA.US,5,20251103,215000,50.845,50.845,50.845,50.845,100,0
QQQA.US,5,20251104,170500,49.98,49.98,49.98,49.98,302,0
QQQA.US,5,20251104,212000,49.49,49.49,49.49,49.49,500,0
QQQA.US,5,20251104,214500,49.5603,49.5603,49.5603,49.5603,100,0
QQQA.US,5,20251105,165500,49.845,49.845,49.845,49.845,600,0
QQQA.US,5,20251105,180000,50,50,50,50,500,0
QQQA.US,5,20251105,194500,50.3302,50.3302,50.3302,50.3302,9254,0
QQQA.US,5,20251105,203500,50.36,50.36,50.36,50.36,500,0
QQQA.US,5,20251105,205000,50.35,50.35,50.35,50.35,500,0
QQQA.US,5,20251105,210500,50.38,50.38,50.38,50.38,500,0
QQQA.US,5,20251105,212000,50.42,50.42,50.42,50.42,500,0
QQQA.US,5,20251105,213500,50.32,50.32,50.32,50.32,129,0
QQQA.US,5,20251106,153000,49.93,49.93,49.93,49.93,354,0
QQQA.US,5,20251106,160500,49.24,49.32,49.24,49.32,1400,0
QQQA.US,5,20251106,163500,49.16,49.16,49.16,49.16,611,0
QQQA.US,5,20251106,164000,49.12,49.12,49.12,49.12,100,0
QQQA.US,5,20251106,172500,48.936,48.936,48.936,48.936,169,0
QQQA.US,5,20251106,174500,48.85,48.85,48.85,48.85,100,0
QQQA.US,5,20251106,181000,48.99,48.99,48.99,48.99,500,0
QQQA.US,5,20251106,183000,48.9,48.9,48.9,48.9,100,0
QQQA.US,5,20251106,183500,48.94,48.94,48.94,48.94,100,0
QQQA.US,5,20251106,191000,48.79,48.79,48.79,48.79,500,0
QQQA.US,5,20251106,205500,49.2499,49.2499,49.2499,49.2499,100,0
QQQA.US,5,20251106,211500,49.07,49.07,49.07,49.07,500,0
QQQA.US,5,20251106,212500,49.13,49.13,49.13,49.13,100,0
QQQA.US,5,20251106,215500,48.79,48.79,48.79,48.79,2000,0
QQQA.US,5,20251107,160500,47.87,47.87,47.87,47.87,500,0
QQQA.US,5,20251107,164500,47.55,47.55,47.55,47.55,100,0
QQQA.US,5,20251107,170000,47.59,47.59,47.59,47.59,100,0
QQQA.US,5,20251107,171000,47.34,47.34,47.34,47.34,500,0
QQQA.US,5,20251107,174500,47.31,47.31,47.31,47.31,200,0
QQQA.US,5,20251107,180500,47.19,47.19,47.19,47.19,500,0
QQQA.US,5,20251107,183000,47.5097,47.5097,47.5097,47.5097,100,0
QQQA.US,5,20251107,184500,47.47,47.47,47.47,47.47,500,0
QQQA.US,5,20251107,193000,47.85,47.85,47.85,47.85,200,0
QQQA.US,5,20251107,202500,47.91,47.91,47.91,47.91,300,0
QQQA.US,5,20251107,212000,48.19,48.19,48.19,48.19,100,0
QQQA.US,5,20251107,215500,48.45,48.45,48.45,48.45,100,0
QQQA.US,5,20251110,160500,49.6489,49.6489,49.6489,49.6489,544,0
QQQA.US,5,20251110,161000,49.64,49.6401,49.64,49.6401,200,0
QQQA.US,5,20251110,163500,49.79,49.79,49.79,49.79,100,0
QQQA.US,5,20251110,193500,49.72,49.72,49.72,49.72,100,0
QQQA.US,5,20251110,201000,49.67,49.67,49.67,49.67,500,0
QQQA.US,5,20251110,202500,49.72,49.72,49.72,49.72,500,0
QQQA.US,5,20251110,204000,49.75,49.76,49.75,49.76,600,0
QQQA.US,5,20251110,205500,49.79,49.79,49.79,49.79,512,0
QQQA.US,5,20251110,212500,49.81,49.82,49.81,49.82,6357,0
QQQA.US,5,20251110,213000,49.78,49.78,49.78,49.78,100,0
QQQA.US,5,20251110,214000,49.86,49.86,49.86,49.86,100,0
QQQA.US,5,20251111,210500,49.175,49.175,49.175,49.175,333,0
QQQA.US,5,20251111,215500,49.1,49.1,49.1,49.1,787,0
QQQA.US,5,20251112,163500,49.09,49.0901,49.09,49.0901,800,0
QQQA.US,5,20251112,164500,49.172,49.172,49.172,49.172,200,0
QQQA.US,5,20251112,205500,48.97,48.97,48.97,48.97,500,0
QQQA.US,5,20251112,212500,49,49.001,49,49.001,1000,0
QQQA.US,5,20251112,215000,49.12,49.12,49.12,49.12,1522,0
QQQA.US,5,20251113,170000,48.15,48.15,48.15,48.15,100,0
QQQA.US,5,20251113,171500,47.86,47.86,47.86,47.86,500,0
QQQA.US,5,20251113,190500,47.81,47.81,47.81,47.81,500,0
QQQA.US,5,20251113,200500,47.46,47.46,47.46,47.46,500,0
QQQA.US,5,20251113,205000,47.62,47.62,47.62,47.62,100,0
QQQA.US,5,20251113,211500,47.55,47.55,47.55,47.55,500,0
QQQA.US,5,20251113,215000,47.7299,47.73,47.7299,47.73,200,0
QQQA.US,5,20251113,215500,47.6565,47.6565,47.6565,47.6565,100,0
QQQA.US,5,20251114,154500,47.195,47.2,47.195,47.2,558,0
QQQA.US,5,20251114,155000,47.55,47.55,47.55,47.55,200,0
QQQA.US,5,20251114,162500,47.55,47.55,47.55,47.55,119,0
QQQA.US,5,20251114,174000,48.2,48.2,48.2,48.2,500,0
QQQA.US,5,20251114,211000,47.91,47.91,47.91,47.91,500,0
QQQA.US,5,20251114,215500,47.655,47.655,47.63,47.63,840,0
QQQA.US,5,20251117,184500,47.4574,47.4732,47.4574,47.47,1700,0
QQQA.US,5,20251117,190500,47.275,47.275,47.275,47.275,100,0
QQQA.US,5,20251117,201000,47.01,47.01,47.01,47.01,100,0
QQQA.US,5,20251118,153000,46.49,46.49,46.49,46.49,111,0
QQQA.US,5,20251118,161000,46.081,46.081,46.081,46.081,1000,0
QQQA.US,5,20251118,163500,46.15,46.15,46.12,46.12,11639,0
QQQA.US,5,20251118,171500,46.24,46.27,46.24,46.27,436,0
QQQA.US,5,20251118,182000,46.46,46.46,46.46,46.46,100,0
QQQA.US,5,20251118,183000,46.33,46.33,46.33,46.33,200,0
QQQA.US,5,20251118,191500,46.97,46.97,46.97,46.97,200,0
QQQA.US,5,20251118,194500,46.91,46.91,46.91,46.91,100,0
QQQA.US,5,20251118,200000,46.7508,46.7508,46.7508,46.7508,106,0
QQQA.US,5,20251118,202500,46.75,46.75,46.75,46.75,100,0
QQQA.US,5,20251118,203500,46.88,46.88,46.88,46.88,100,0
QQQA.US,5,20251118,212000,46.76,46.76,46.76,46.76,149,0
QQQA.US,5,20251118,215500,46.65,46.65,46.65,46.65,3000,0
QQQA.US,5,20251119,153000,46.6,46.6,46.6,46.6,100,0
QQQA.US,5,20251119,200000,46.34,46.34,46.34,46.34,197,0
QQQA.US,5,20251120,153000,47.555,47.555,47.555,47.555,100,0
QQQA.US,5,20251120,162000,47.3699,47.37,47.3699,47.3699,1000,0
QQQA.US,5,20251120,171000,46.94,46.9484,46.94,46.94,2222,0
QQQA.US,5,20251120,171500,46.8,46.8,46.8,46.8,164,0
QQQA.US,5,20251120,174500,46.085,46.085,46.085,46.085,250,0
QQQA.US,5,20251120,175500,45.81,45.81,45.81,45.81,404,0
QQQA.US,5,20251120,180000,45.78,45.78,45.78,45.78,300,0
QQQA.US,5,20251120,190500,45.63,45.63,45.6087,45.6299,3446,0
QQQA.US,5,20251120,194000,45.39,45.39,45.39,45.39,200,0
QQQA.US,5,20251120,195500,45.1201,45.1201,45.1201,45.1201,250,0
QQQA.US,5,20251120,211000,45.06,45.06,45.06,45.06,400,0
QQQA.US,5,20251120,213500,45,45,45,45,1000,0
QQQA.US,5,20251120,214000,44.7851,44.7851,44.785,44.785,200,0
QQQA.US,5,20251120,215000,44.7,44.7,44.69,44.7,648,0
QQQA.US,5,20251120,215500,44.77,44.77,44.77,44.77,200,0
QQQA.US,5,20251121,153500,44.9,44.9,44.9,44.9,215,0
QQQA.US,5,20251121,175000,44.9017,44.9017,44.9017,44.9017,100,0
QQQA.US,5,20251121,194000,45.04,45.04,45.04,45.04,100,0
QQQA.US,5,20251121,194500,45.18,45.18,45.18,45.18,100,0
QQQA.US,5,20251121,195500,45.27,45.27,45.27,45.27,200,0
QQQA.US,5,20251121,200500,45.46,45.46,45.46,45.46,408,0
QQQA.US,5,20251121,215000,45.24,45.24,45.24,45.24,100,0
QQQA.US,5,20251124,154500,45.88,45.89,45.865,45.89,434,0
QQQA.US,5,20251124,155000,45.96,45.975,45.95,45.975,3964,0
QQQA.US,5,20251124,164500,46.24,46.24,46.24,46.24,500,0
QQQA.US,5,20251124,170000,46.31,46.31,46.3099,46.3099,300,0
QQQA.US,5,20251124,173500,46.4405,46.4405,46.4405,46.4405,205,0
QQQA.US,5,20251124,181000,46.43,46.43,46.43,46.43,200,0
QQQA.US,5,20251124,182500,46.53,46.53,46.53,46.53,200,0
QQQA.US,5,20251124,183500,46.55,46.55,46.55,46.55,100,0
QQQA.US,5,20251124,184000,46.61,46.61,46.61,46.61,200,0
QQQA.US,5,20251124,185500,46.52,46.52,46.52,46.52,700,0
QQQA.US,5,20251124,191000,46.55,46.55,46.55,46.55,423,0
QQQA.US,5,20251124,215000,46.62,46.62,46.62,46.62,100,0
QQQA.US,5,20251125,160500,45.795,45.795,45.795,45.795,100,0
QQQA.US,5,20251125,163500,46.065,46.065,46.065,46.065,200,0
QQQA.US,5,20251125,164000,46.09,46.09,46.09,46.09,175,0
QQQA.US,5,20251125,174500,46.31,46.31,46.31,46.31,100,0
QQQA.US,5,20251125,180500,46.45,46.46,46.45,46.45,340,0
QQQA.US,5,20251125,194500,46.62,46.62,46.62,46.62,100,0
QQQA.US,5,20251125,210000,46.72,46.72,46.72,46.72,400,0
QQQA.US,5,20251125,211000,46.72,46.72,46.72,46.72,100,0
QQQA.US,5,20251126,215500,47.373,47.373,47.373,47.373,145,0
QQQA.US,5,20251128,153000,47.55,47.55,47.55,47.55,103,0
QQQA.US,5,20251128,183000,47.855,47.855,47.855,47.855,200,0
QQQA.US,5,20251201,153000,47.62,47.62,47.62,47.62,101,0
QQQA.US,5,20251201,162500,47.71,47.71,47.71,47.71,100,0
QQQA.US,5,20251202,193000,48.68,48.68,48.68,48.68,1144,0
QQQA.US,5,20251202,212000,48.889,48.889,48.889,48.889,278,0
QQQA.US,5,20251203,153000,48.79,48.79,48.79,48.79,105,0
QQQA.US,5,20251203,185500,49.03,49.03,49.03,49.03,300,0
QQQA.US,5,20251203,200500,49.07,49.07,49.07,49.07,743,0
QQQA.US,5,20251203,215500,49.2045,49.2045,49.2045,49.2045,1000,0
QQQA.US,5,20251204,171000,48.9135,48.9135,48.9135,48.9135,100,0
QQQA.US,5,20251204,215500,49.09,49.09,49.09,49.09,730,0
QQQA.US,5,20251208,153000,50.28,50.28,50.28,50.28,716,0
QQQA.US,5,20251208,162000,50.1707,50.1707,50.1707,50.1707,167,0
QQQA.US,5,20251208,163000,50.095,50.095,50.095,50.095,110,0
QQQA.US,5,20251208,210500,49.889,49.889,49.889,49.889,100,0
QQQA.US,5,20251208,211500,49.9399,49.9399,49.9332,49.9332,200,0
QQQA.US,5,20251208,215500,50.03,50.03,50.03,50.03,120,0
QQQA.US,5,20251209,155000,50.01,50.01,50.01,50.01,594,0
QQQA.US,5,20251209,171500,50.34,50.345,50.315,50.33,2150,0
QQQA.US,5,20251209,193000,50.37,50.37,50.37,50.37,750,0
QQQA.US,5,20251209,195000,50.3595,50.3595,50.3595,50.3595,167,0
QQQA.US,5,20251209,203000,50.4399,50.4399,50.4399,50.4399,1000,0
QQQA.US,5,20251209,204500,50.38,50.3801,50.38,50.3801,200,0
QQQA.US,5,20251209,211500,50.4116,50.4116,50.4116,50.4116,949,0
QQQA.US,5,20251209,215500,50.4795,50.4795,50.4795,50.4795,162,0
QQQA.US,5,20251210,153000,50.55,50.55,50.55,50.55,118,0
QQQA.US,5,20251210,154000,50.335,50.335,50.335,50.335,216,0
QQQA.US,5,20251210,161000,50.33,50.33,50.33,50.33,100,0
QQQA.US,5,20251210,205500,51,51,51,51,100,0
QQQA.US,5,20251210,213500,51.0265,51.0265,51.0265,51.0265,100,0
QQQA.US,5,20251210,214500,51,51,51,51,248,0
QQQA.US,5,20251210,215500,50.86,50.86,50.86,50.86,117,0
QQQA.US,5,20251211,161000,50.35,50.35,50.35,50.35,100,0
QQQA.US,5,20251211,184000,50.58,50.58,50.58,50.58,1800,0
QQQA.US,5,20251211,194000,50.7,50.7,50.7,50.7,100,0
QQQA.US,5,20251211,204000,50.76,50.7601,50.76,50.7601,318,0
QQQA.US,5,20251212,153000,50.42,50.42,50.42,50.42,1000,0
QQQA.US,5,20251212,155500,50.518,50.518,50.518,50.518,100,0
QQQA.US,5,20251212,160500,50.17,50.17,50.17,50.17,300,0
QQQA.US,5,20251212,174500,49.46,49.46,49.46,49.46,1500,0
QQQA.US,5,20251212,183500,49.73,49.73,49.72,49.72,200,0
QQQA.US,5,20251212,184000,49.73,49.75,49.73,49.75,600,0
QQQA.US,5,20251212,185000,49.77,49.77,49.77,49.77,100,0
QQQA.US,5,20251212,194000,49.81,49.81,49.81,49.81,300,0
QQQA.US,5,20251212,203000,49.57,49.57,49.57,49.57,700,0
QQQA.US,5,20251212,203500,49.56,49.56,49.56,49.56,1188,0
QQQA.US,5,20251212,210000,49.56,49.56,49.56,49.56,100,0
QQQA.US,5,20251212,215000,49.49,49.49,49.47,49.47,800,0
QQQA.US,5,20251212,215500,49.47,49.49,49.47,49.488,1600,0
QQQA.US,5,20251215,153000,50.05,50.05,50.05,50.05,797,0
QQQA.US,5,20251215,155000,49.8602,49.88,49.8602,49.88,225,0
QQQA.US,5,20251215,160500,49.81,49.81,49.81,49.81,275,0
QQQA.US,5,20251215,182000,49.8,49.8,49.79,49.79,200,0
QQQA.US,5,20251215,183000,49.86,49.86,49.86,49.86,200,0
QQQA.US,5,20251215,211000,49.75,49.75,49.75,49.75,500,0
QQQA.US,5,20251215,215500,49.49,49.49,49.49,49.49,344,0
QQQA.US,5,20251216,154000,49.435,49.435,49.435,49.435,100,0
QQQA.US,5,20251216,204000,49.35,49.35,49.35,49.35,500,0
QQQA.US,5,20251217,153000,49.66,49.66,49.66,49.66,234,0
QQQA.US,5,20251217,185500,48.44,48.44,48.44,48.44,100,0
QQQA.US,5,20251217,212000,48.22,48.22,48.22,48.22,139,0
QQQA.US,5,20251218,171000,49.55,49.55,49.5499,49.5499,200,0
QQQA.US,5,20251218,175000,49.55,49.55,49.55,49.55,100,0
QQQA.US,5,20251218,180500,49.44,49.44,49.44,49.44,100,0
QQQA.US,5,20251218,191000,49.5,49.5,49.5,49.5,100,0
QQQA.US,5,20251218,201000,49.46,49.46,49.46,49.46,100,0
QQQA.US,5,20251219,171000,50.32,50.32,50.32,50.32,200,0
QQQA.US,5,20251219,174000,50.36,50.36,50.36,50.36,200,0
QQQA.US,5,20251219,175500,50.27,50.27,50.27,50.27,100,0
QQQA.US,5,20251219,201000,50.47,50.47,50.45,50.45,200,0
QQQA.US,5,20251222,153000,51.06,51.06,51.06,51.06,305,0
QQQA.US,5,20251222,163000,50.7,50.7,50.7,50.7,100,0
QQQA.US,5,20251222,164500,50.68,50.68,50.68,50.68,100,0
QQQA.US,5,20251222,165000,50.67,50.67,50.67,50.67,100,0
QQQA.US,5,20251222,171500,50.75,50.75,50.75,50.75,101,0
QQQA.US,5,20251222,172000,50.76,50.76,50.76,50.76,100,0
QQQA.US,5,20251222,172500,50.79,50.79,50.79,50.79,200,0
QQQA.US,5,20251222,173000,50.79,50.79,50.79,50.79,100,0
QQQA.US,5,20251222,173500,50.77,50.77,50.77,50.77,100,0
QQQA.US,5,20251222,174000,50.79,50.79,50.79,50.79,100,0
QQQA.US,5,20251222,181500,50.8,50.8,50.8,50.8,100,0
QQQA.US,5,20251222,183000,50.79,50.79,50.79,50.79,100,0
QQQA.US,5,20251222,184500,50.74,50.74,50.74,50.74,100,0
QQQA.US,5,20251222,185000,50.78,50.81,50.78,50.81,200,0
QQQA.US,5,20251222,185500,50.83,50.83,50.83,50.83,100,0
QQQA.US,5,20251222,190500,50.82,50.82,50.82,50.82,100,0
QQQA.US,5,20251222,191000,50.8,50.8,50.8,50.8,100,0
QQQA.US,5,20251222,192500,50.8,50.8,50.79,50.79,600,0
QQQA.US,5,20251222,195500,50.8,50.8,50.8,50.8,100,0
QQQA.US,5,20251222,201500,50.79,50.79,50.79,50.79,488,0
QQQA.US,5,20251222,204500,50.85,50.85,50.85,50.85,100,0
QQQA.US,5,20251222,205000,50.8293,50.8293,50.8293,50.8293,100,0
QQQA.US,5,20251222,205500,50.81,50.81,50.81,50.81,100,0
QQQA.US,5,20251222,211500,50.78,50.78,50.78,50.78,100,0
QQQA.US,5,20251222,213000,50.83,50.83,50.83,50.83,100,0
QQQA.US,5,20251222,215500,50.84,50.86,50.84,50.86,354,0
