<TICKER>,<PER>,<DATE>,<TIME>,<OPEN>,<HIGH>,<LOW>,<CLOSE>,<VOL>,<OPENINT>
RTXG.US,5,20250728,154000,18.465,18.465,18.4,18.4,1218,0
RTXG.US,5,20250728,162500,18.49,18.49,18.49,18.49,216,0
RTXG.US,5,20250728,164500,18.5095,18.5095,18.5095,18.5095,100,0
RTXG.US,5,20250728,170000,18.3799,18.3799,18.3799,18.3799,200,0
RTXG.US,5,20250728,170500,18.3664,18.3664,18.36,18.36,644,0
RTXG.US,5,20250728,171000,18.369,18.379,18.3318,18.3318,1500,0
RTXG.US,5,20250728,172500,18.47,18.47,18.46,18.46,1246,0
RTXG.US,5,20250728,173500,18.4999,18.4999,18.4999,18.4999,100,0
RTXG.US,5,20250728,180500,18.43,18.43,18.3999,18.43,1000,0
RTXG.US,5,20250728,183000,18.47,18.47,18.47,18.47,424,0
RTXG.US,5,20250728,213000,18.39,18.39,18.39,18.39,100,0
RTXG.US,5,20250729,153000,18.681,18.99,18.681,18.99,1700,0
RTXG.US,5,20250729,154000,18.9019,18.9019,18.9019,18.9019,125,0
RTXG.US,5,20250729,161500,18.626,18.626,18.6201,18.6201,444,0
RTXG.US,5,20250729,162500,18.58,18.58,18.58,18.58,100,0
RTXG.US,5,20250729,172500,18.725,18.725,18.725,18.725,300,0
RTXG.US,5,20250729,175500,18.651,18.651,18.651,18.651,200,0
RTXG.US,5,20250729,181500,18.66,18.66,18.66,18.66,1008,0
RTXG.US,5,20250729,182000,18.709,18.709,18.709,18.709,1600,0
RTXG.US,5,20250729,191000,18.77,18.77,18.77,18.77,100,0
RTXG.US,5,20250729,193000,18.7074,18.7074,18.7074,18.7074,157,0
RTXG.US,5,20250729,214500,18.4771,18.4771,18.4771,18.4771,150,0
RTXG.US,5,20250730,153500,18.594,18.594,18.594,18.594,100,0
RTXG.US,5,20250730,155500,18.7,18.7,18.7,18.7,144,0
RTXG.US,5,20250730,162500,18.76,18.76,18.76,18.76,103,0
RTXG.US,5,20250730,165000,18.76,18.76,18.76,18.76,125,0
RTXG.US,5,20250730,211500,18.84,18.84,18.84,18.84,119,0
RTXG.US,5,20250731,153000,18.89,18.89,18.89,18.89,106,0
RTXG.US,5,20250731,154000,18.65,18.65,18.65,18.65,125,0
RTXG.US,5,20250731,161500,18.62,18.62,18.62,18.62,310,0
RTXG.US,5,20250731,195500,18.62,18.62,18.62,18.62,200,0
RTXG.US,5,20250731,201500,18.641,18.641,18.641,18.641,100,0
RTXG.US,5,20250731,213000,18.73,18.73,18.73,18.73,102,0
RTXG.US,5,20250801,153000,18.38,18.38,17.8171,17.8171,645,0
RTXG.US,5,20250801,154500,18.15,18.15,18.101,18.101,210,0
RTXG.US,5,20250801,161000,18.02,18.045,18.02,18.02,583,0
RTXG.US,5,20250801,163500,18.255,18.255,18.255,18.255,475,0
RTXG.US,5,20250801,164000,18.2825,18.2825,18.2825,18.2825,200,0
RTXG.US,5,20250801,170500,18.3492,18.3492,18.3492,18.3492,100,0
RTXG.US,5,20250804,153000,18.58,18.58,18.58,18.58,270,0
RTXG.US,5,20250804,154500,18.7,18.7,18.7,18.7,200,0
RTXG.US,5,20250804,155000,18.829,18.829,18.809,18.809,300,0
RTXG.US,5,20250804,160500,18.817,18.817,18.817,18.817,200,0
RTXG.US,5,20250804,162500,18.84,18.84,18.84,18.84,345,0
RTXG.US,5,20250804,171000,18.8881,18.919,18.88,18.919,2633,0
RTXG.US,5,20250804,172000,18.83,18.83,18.83,18.83,100,0
RTXG.US,5,20250804,172500,18.77,18.77,18.77,18.77,100,0
RTXG.US,5,20250804,181500,18.77,18.77,18.77,18.77,100,0
RTXG.US,5,20250804,192500,18.7067,18.7067,18.7067,18.7067,200,0
RTXG.US,5,20250804,195500,18.679,18.679,18.64,18.659,500,0
RTXG.US,5,20250804,202000,18.605,18.605,18.605,18.605,200,0
RTXG.US,5,20250804,202500,18.65,18.65,18.65,18.65,1500,0
RTXG.US,5,20250804,204500,18.65,18.65,18.65,18.65,100,0
RTXG.US,5,20250805,153000,18.87,18.87,18.6,18.6,303,0
RTXG.US,5,20250805,154500,18.6584,18.6584,18.6584,18.6584,200,0
RTXG.US,5,20250805,155500,18.76,18.76,18.76,18.76,100,0
RTXG.US,5,20250805,191500,18.43,18.43,18.43,18.43,100,0
RTXG.US,5,20250805,192000,18.4033,18.4033,18.4033,18.4033,200,0
RTXG.US,5,20250805,193500,18.415,18.415,18.415,18.415,250,0
RTXG.US,5,20250805,200500,18.425,18.425,18.425,18.425,132,0
RTXG.US,5,20250805,210000,18.419,18.419,18.419,18.419,150,0
RTXG.US,5,20250805,213500,18.41,18.41,18.41,18.41,500,0
RTXG.US,5,20250806,154500,18.3455,18.355,18.3455,18.355,1300,0
RTXG.US,5,20250806,155500,18.48,18.48,18.48,18.48,100,0
RTXG.US,5,20250806,172500,18.66,18.66,18.66,18.66,1650,0
RTXG.US,5,20250806,204500,18.49,18.49,18.49,18.49,100,0
RTXG.US,5,20250807,154000,17.971,17.971,17.9619,17.9619,275,0
RTXG.US,5,20250807,154500,18.059,18.0685,17.986,17.986,700,0
RTXG.US,5,20250807,162000,17.735,17.735,17.735,17.735,150,0
RTXG.US,5,20250807,163000,17.86,17.86,17.86,17.86,100,0
RTXG.US,5,20250807,165500,17.75,17.75,17.67,17.72,300,0
RTXG.US,5,20250807,170500,17.84,17.84,17.779,17.779,300,0
RTXG.US,5,20250807,173500,17.85,17.85,17.85,17.85,200,0
RTXG.US,5,20250807,194000,17.945,17.945,17.945,17.945,121,0
RTXG.US,5,20250807,215000,18.19,18.19,18.19,18.19,130,0
RTXG.US,5,20250807,215500,18.16,18.16,18.16,18.16,110,0
RTXG.US,5,20250808,153000,18.45,18.45,18.45,18.45,503,0
RTXG.US,5,20250808,160500,18.45,18.45,18.42,18.42,555,0
RTXG.US,5,20250808,202500,18.2078,18.2078,18.2078,18.2078,200,0
RTXG.US,5,20250808,215500,18.07,18.07,18.07,18.07,200,0
RTXG.US,5,20250811,153000,18.23,18.23,18.23,18.23,108,0
RTXG.US,5,20250811,154500,18.15,18.15,18.15,18.15,108,0
RTXG.US,5,20250811,155500,18.041,18.041,18.041,18.041,959,0
RTXG.US,5,20250811,172500,18.043,18.043,18.043,18.043,1000,0
RTXG.US,5,20250811,192000,18.02,18.02,18.02,18.02,100,0
RTXG.US,5,20250812,163000,18,18,18,18,119,0
RTXG.US,5,20250812,202500,18.1152,18.1152,18.1152,18.1152,2243,0
RTXG.US,5,20250813,170000,17.7582,17.765,17.7401,17.765,1000,0
RTXG.US,5,20250813,170500,17.771,17.79,17.771,17.7742,2875,0
RTXG.US,5,20250813,185000,17.54,17.54,17.54,17.54,100,0
RTXG.US,5,20250813,190500,17.63,17.63,17.63,17.63,247,0
RTXG.US,5,20250813,191500,17.6547,17.6547,17.62,17.62,300,0
RTXG.US,5,20250813,201000,17.889,17.889,17.889,17.889,200,0
RTXG.US,5,20250813,214500,18.04,18.04,18.04,18.04,100,0
RTXG.US,5,20250814,153000,18.21,18.21,18.21,18.21,115,0
RTXG.US,5,20250814,154000,18.311,18.35,18.27,18.27,1270,0
RTXG.US,5,20250814,162500,18.231,18.231,18.231,18.231,100,0
RTXG.US,5,20250814,163000,18.27,18.27,18.27,18.27,100,0
RTXG.US,5,20250814,174000,18.11,18.11,18.11,18.11,100,0
RTXG.US,5,20250814,200500,18.06,18.06,18.06,18.06,100,0
RTXG.US,5,20250815,155000,17.841,17.841,17.841,17.841,1200,0
RTXG.US,5,20250815,161000,17.875,17.875,17.875,17.875,125,0
RTXG.US,5,20250815,191500,18.07,18.07,18.07,18.07,100,0
RTXG.US,5,20250815,200000,18.03,18.03,18.03,18.03,140,0
RTXG.US,5,20250818,153000,17.95,17.95,17.95,17.95,108,0
RTXG.US,5,20250818,164000,18.311,18.311,18.311,18.311,500,0
RTXG.US,5,20250818,190000,18.3415,18.3415,18.3415,18.3415,176,0
RTXG.US,5,20250818,191500,18.291,18.291,18.281,18.281,1700,0
RTXG.US,5,20250818,193500,18.28,18.28,18.28,18.28,798,0
RTXG.US,5,20250818,204500,18.239,18.239,18.239,18.239,100,0
RTXG.US,5,20250818,213000,18.28,18.28,18.28,18.28,100,0
RTXG.US,5,20250819,162000,18.1242,18.1242,18.1242,18.1242,346,0
RTXG.US,5,20250819,164000,18.07,18.07,18.07,18.07,100,0
RTXG.US,5,20250819,172000,18.1049,18.1049,18.1049,18.1049,120,0
RTXG.US,5,20250819,182000,18.1048,18.1048,18.1048,18.1048,200,0
RTXG.US,5,20250819,182500,18.089,18.089,18.089,18.089,100,0
RTXG.US,5,20250819,190500,18.026,18.026,18.0045,18.0045,1906,0
RTXG.US,5,20250819,191500,18.0656,18.0656,18.0656,18.0656,100,0
RTXG.US,5,20250819,193000,18.03,18.03,18.03,18.03,100,0
RTXG.US,5,20250819,212500,17.83,17.83,17.83,17.83,100,0
RTXG.US,5,20250819,215500,17.861,17.861,17.861,17.861,100,0
RTXG.US,5,20250820,153000,17.91,17.94,17.91,17.94,270,0
RTXG.US,5,20250820,154500,17.84,17.84,17.82,17.82,230,0
RTXG.US,5,20250820,155000,17.88,17.88,17.88,17.88,100,0
RTXG.US,5,20250820,161500,17.82,17.82,17.82,17.82,324,0
RTXG.US,5,20250820,165500,17.96,17.96,17.96,17.96,100,0
RTXG.US,5,20250820,205500,18.4601,18.47,18.4601,18.47,220,0
RTXG.US,5,20250820,211500,18.6,18.6,18.6,18.6,800,0
RTXG.US,5,20250820,213500,18.63,18.63,18.63,18.63,100,0
RTXG.US,5,20250821,153000,18.61,18.61,18.61,18.61,176,0
RTXG.US,5,20250821,154500,18.58,18.58,18.58,18.58,100,0
RTXG.US,5,20250821,164500,18.72,18.74,18.72,18.74,200,0
RTXG.US,5,20250821,170500,18.6592,18.69,18.65,18.69,5384,0
RTXG.US,5,20250821,171500,18.551,18.561,18.5428,18.561,800,0
RTXG.US,5,20250821,173500,18.7,18.7,18.7,18.7,100,0
RTXG.US,5,20250821,185500,18.624,18.624,18.624,18.624,100,0
RTXG.US,5,20250821,202500,18.57,18.57,18.57,18.57,100,0
RTXG.US,5,20250821,203000,18.573,18.573,18.573,18.573,200,0
RTXG.US,5,20250821,211000,18.57,18.57,18.57,18.57,800,0
RTXG.US,5,20250821,215500,18.45,18.45,18.45,18.45,100,0
RTXG.US,5,20250822,160000,18.73,18.73,18.73,18.73,100,0
RTXG.US,5,20250822,211000,18.45,18.45,18.45,18.45,100,0
RTXG.US,5,20250822,211500,18.4756,18.4756,18.4756,18.4756,400,0
RTXG.US,5,20250825,153000,18.39,18.39,18.39,18.39,172,0
RTXG.US,5,20250825,160000,18.77,18.78,18.77,18.78,661,0
RTXG.US,5,20250825,160500,18.6809,18.6809,18.6802,18.6802,673,0
RTXG.US,5,20250825,171000,18.5337,18.5337,18.5337,18.5337,100,0
RTXG.US,5,20250825,190500,18.5,18.529,18.5,18.529,200,0
RTXG.US,5,20250825,192500,18.511,18.56,18.511,18.56,300,0
RTXG.US,5,20250826,155000,18.95,18.95,18.95,18.95,100,0
RTXG.US,5,20250826,160500,19.0543,19.0543,19.0543,19.0543,400,0
RTXG.US,5,20250826,161000,18.95,18.965,18.9475,18.965,600,0
RTXG.US,5,20250826,164000,18.93,18.93,18.93,18.93,100,0
RTXG.US,5,20250826,165000,18.8343,18.8343,18.8343,18.8343,1000,0
RTXG.US,5,20250826,174000,18.8305,18.8305,18.8305,18.8305,100,0
RTXG.US,5,20250826,175000,18.7699,18.7699,18.7699,18.7699,100,0
RTXG.US,5,20250826,182000,18.7985,18.7985,18.7985,18.7985,600,0
RTXG.US,5,20250826,184000,18.8568,18.8568,18.8568,18.8568,132,0
RTXG.US,5,20250826,191500,18.81,18.81,18.81,18.81,100,0
RTXG.US,5,20250826,203000,18.93,18.93,18.93,18.93,399,0
RTXG.US,5,20250826,210000,18.9796,18.9796,18.96,18.96,6200,0
RTXG.US,5,20250826,211500,18.9827,19.01,18.9827,19.01,599,0
RTXG.US,5,20250826,215500,19.17,19.22,19.17,19.22,270,0
RTXG.US,5,20250827,161500,19.13,19.13,19.13,19.13,100,0
RTXG.US,5,20250827,163500,19.11,19.11,19.11,19.11,100,0
RTXG.US,5,20250827,172500,19.3215,19.3215,19.3215,19.3215,400,0
RTXG.US,5,20250828,160500,19.2638,19.2638,19.2638,19.2638,250,0
RTXG.US,5,20250828,161000,19.29,19.29,19.29,19.29,100,0
RTXG.US,5,20250828,165000,19.3,19.3,19.3,19.3,500,0
RTXG.US,5,20250828,170500,19.31,19.31,19.31,19.31,100,0
RTXG.US,5,20250828,214500,19.431,19.431,19.4221,19.4221,250,0
RTXG.US,5,20250829,155000,19.31,19.31,19.31,19.31,100,0
RTXG.US,5,20250829,155500,19.25,19.25,19.25,19.25,500,0
RTXG.US,5,20250829,160000,19.29,19.29,19.29,19.29,200,0
RTXG.US,5,20250829,162000,19.06,19.0978,19.06,19.0978,908,0
RTXG.US,5,20250829,164500,18.979,18.979,18.979,18.979,117,0
RTXG.US,5,20250829,165000,18.94,18.94,18.94,18.94,100,0
RTXG.US,5,20250829,190500,19.0193,19.0193,19.0193,19.0193,1200,0
RTXG.US,5,20250829,191000,19.031,19.031,19.031,19.031,1847,0
RTXG.US,5,20250829,205000,19.07,19.07,19.07,19.07,100,0
RTXG.US,5,20250902,153000,18.53,18.761,18.53,18.761,505,0
RTXG.US,5,20250902,160500,18.7,18.7,18.7,18.7,100,0
RTXG.US,5,20250902,164500,18.8586,18.8594,18.8586,18.8594,400,0
RTXG.US,5,20250902,171000,18.825,18.825,18.825,18.825,400,0
RTXG.US,5,20250902,180500,18.69,18.69,18.69,18.69,100,0
RTXG.US,5,20250903,154500,18.58,18.58,18.58,18.58,100,0
RTXG.US,5,20250903,160000,18.58,18.58,18.58,18.58,132,0
RTXG.US,5,20250903,164000,18.52,18.52,18.52,18.52,100,0
RTXG.US,5,20250903,170000,18.6044,18.6044,18.6044,18.6044,400,0
RTXG.US,5,20250903,181500,18.7799,18.7799,18.7799,18.7799,200,0
RTXG.US,5,20250903,190000,18.63,18.63,18.63,18.63,100,0
RTXG.US,5,20250904,154000,18.88,18.88,18.88,18.88,100,0
RTXG.US,5,20250904,191500,18.9732,18.9732,18.9732,18.9732,112,0
RTXG.US,5,20250904,192500,18.9225,18.9225,18.9225,18.9225,750,0
RTXG.US,5,20250904,193500,18.93,18.93,18.93,18.93,122,0
RTXG.US,5,20250905,153500,18.85,18.85,18.8,18.8,225,0
RTXG.US,5,20250905,162000,18.4898,18.49,18.4898,18.49,258,0
RTXG.US,5,20250905,182500,18.33,18.33,18.33,18.33,109,0
RTXG.US,5,20250908,153000,18.68,18.68,18.68,18.68,169,0
RTXG.US,5,20250908,160500,17.88,17.88,17.88,17.88,100,0
RTXG.US,5,20250908,161000,18.01,18.02,18.01,18.02,966,0
RTXG.US,5,20250908,161500,17.91,17.91,17.91,17.91,100,0
RTXG.US,5,20250908,162000,17.9,17.9,17.9,17.9,200,0
RTXG.US,5,20250908,163500,18.2,18.2,18.2,18.2,300,0
RTXG.US,5,20250908,164000,18.2,18.2,18.2,18.2,740,0
RTXG.US,5,20250908,164500,18.24,18.24,18.22,18.22,348,0
RTXG.US,5,20250908,165000,18.269,18.269,18.269,18.269,350,0
RTXG.US,5,20250908,165500,18.26,18.26,18.26,18.26,716,0
RTXG.US,5,20250908,172500,18.17,18.17,18.17,18.17,100,0
RTXG.US,5,20250908,173000,18.26,18.26,18.26,18.26,100,0
RTXG.US,5,20250908,181500,18.1452,18.1452,18.1452,18.1452,155,0
RTXG.US,5,20250908,190500,18.121,18.121,18.121,18.121,122,0
RTXG.US,5,20250908,192500,18.13,18.13,18.13,18.13,100,0
RTXG.US,5,20250908,194000,18,18,18,18,100,0
RTXG.US,5,20250908,195000,17.89,17.89,17.89,17.89,100,0
RTXG.US,5,20250908,205500,17.876,17.876,17.876,17.876,368,0
RTXG.US,5,20250908,210500,17.82,17.82,17.82,17.82,179,0
RTXG.US,5,20250908,212000,17.809,17.809,17.809,17.809,500,0
RTXG.US,5,20250908,212500,17.79,17.79,17.79,17.79,100,0
RTXG.US,5,20250908,214000,17.73,17.73,17.73,17.73,100,0
RTXG.US,5,20250909,153000,17.56,17.56,17.519,17.519,315,0
RTXG.US,5,20250909,153500,17.56,17.6677,17.56,17.65,1122,0
RTXG.US,5,20250909,160500,17.329,17.3383,17.309,17.319,900,0
RTXG.US,5,20250909,161500,17.3,17.3,17.3,17.3,100,0
RTXG.US,5,20250909,162000,17.29,17.299,17.29,17.299,300,0
RTXG.US,5,20250909,162500,17.26,17.26,17.24,17.24,1086,0
RTXG.US,5,20250909,163000,17.3121,17.3121,17.3121,17.3121,100,0
RTXG.US,5,20250909,165500,17.3,17.3,17.3,17.3,200,0
RTXG.US,5,20250909,171500,17.24,17.24,17.24,17.24,290,0
RTXG.US,5,20250909,172000,17.101,17.101,17.101,17.101,722,0
RTXG.US,5,20250909,173500,17.1,17.1,17.079,17.079,200,0
RTXG.US,5,20250909,174500,17.1399,17.1399,17.1399,17.1399,200,0
RTXG.US,5,20250909,175000,17.16,17.16,17.16,17.16,222,0
RTXG.US,5,20250909,175500,17.175,17.175,17.15,17.15,400,0
RTXG.US,5,20250909,181000,17.135,17.135,17.135,17.135,150,0
RTXG.US,5,20250909,182500,17.15,17.15,17.15,17.15,100,0
RTXG.US,5,20250909,194500,17.43,17.43,17.43,17.43,100,0
RTXG.US,5,20250909,200500,17.429,17.44,17.429,17.44,400,0
RTXG.US,5,20250909,203500,17.395,17.395,17.395,17.395,150,0
RTXG.US,5,20250909,215000,17.339,17.339,17.339,17.339,100,0
RTXG.US,5,20250910,153000,17.32,17.32,17.32,17.32,600,0
RTXG.US,5,20250910,155000,17.42,17.42,17.42,17.42,100,0
RTXG.US,5,20250910,161000,17.5693,17.5693,17.5693,17.5693,142,0
RTXG.US,5,20250910,161500,17.4634,17.4634,17.4634,17.4634,300,0
RTXG.US,5,20250910,170000,17.584,17.62,17.584,17.62,500,0
RTXG.US,5,20250910,171500,17.4965,17.4965,17.4965,17.4965,240,0
RTXG.US,5,20250910,180000,17.654,17.654,17.654,17.654,100,0
RTXG.US,5,20250910,180500,17.6507,17.6507,17.6507,17.6507,100,0
RTXG.US,5,20250910,185500,17.74,17.74,17.74,17.74,100,0
RTXG.US,5,20250910,194500,17.73,17.73,17.73,17.73,100,0
RTXG.US,5,20250910,202000,17.8,17.8,17.8,17.8,400,0
RTXG.US,5,20250910,203500,17.8365,17.8365,17.8365,17.8365,100,0
RTXG.US,5,20250911,153000,18.07,18.07,18,18,320,0
RTXG.US,5,20250911,154500,18.1519,18.1519,18.1519,18.1519,100,0
RTXG.US,5,20250911,161000,18.261,18.261,18.261,18.261,900,0
RTXG.US,5,20250911,163000,18.3502,18.3502,18.3502,18.3502,200,0
RTXG.US,5,20250911,170000,18.41,18.41,18.41,18.41,100,0
RTXG.US,5,20250911,170500,18.351,18.3526,18.351,18.3526,300,0
RTXG.US,5,20250911,175500,18.589,18.5982,18.589,18.5982,1000,0
RTXG.US,5,20250911,191000,18.59,18.59,18.59,18.59,218,0
RTXG.US,5,20250911,195500,18.5692,18.5692,18.5395,18.54,800,0
RTXG.US,5,20250911,200000,18.54,18.54,18.54,18.54,100,0
RTXG.US,5,20250911,213500,18.6,18.6,18.6,18.6,1400,0
RTXG.US,5,20250911,214500,18.699,18.699,18.699,18.699,100,0
RTXG.US,5,20250912,154500,18.4593,18.4593,18.4593,18.4593,200,0
RTXG.US,5,20250912,160000,18.3,18.3,18.3,18.3,100,0
RTXG.US,5,20250912,162500,18.33,18.3301,18.33,18.3301,400,0
RTXG.US,5,20250912,163500,18.3,18.3,18.3,18.3,100,0
RTXG.US,5,20250912,165000,18.4685,18.4685,18.4685,18.4685,100,0
RTXG.US,5,20250912,165500,18.4325,18.4325,18.4325,18.4325,100,0
RTXG.US,5,20250912,170500,18.49,18.49,18.49,18.49,720,0
RTXG.US,5,20250912,172000,18.54,18.54,18.54,18.54,1520,0
RTXG.US,5,20250912,173500,18.41,18.41,18.41,18.41,1720,0
RTXG.US,5,20250912,175000,18.41,18.41,18.41,18.41,796,0
RTXG.US,5,20250912,204500,18.3655,18.3655,18.3655,18.3655,100,0
RTXG.US,5,20250912,210000,18.325,18.325,18.325,18.325,220,0
RTXG.US,5,20250912,213000,18.309,18.3096,18.309,18.3096,200,0
RTXG.US,5,20250912,213500,18.25,18.25,18.25,18.25,200,0
RTXG.US,5,20250912,214500,18.24,18.24,18.24,18.24,311,0
RTXG.US,5,20250912,215500,18.191,18.191,18.191,18.191,150,0
RTXG.US,5,20250915,161000,18.38,18.38,18.38,18.38,200,0
RTXG.US,5,20250915,162000,18.44,18.44,18.44,18.44,478,0
RTXG.US,5,20250915,180000,18.6,18.6,18.6,18.6,200,0
RTXG.US,5,20250915,210000,18.59,18.59,18.59,18.59,100,0
RTXG.US,5,20250915,215000,18.649,18.649,18.649,18.649,100,0
RTXG.US,5,20250916,153000,18.98,18.98,18.98,18.98,300,0
RTXG.US,5,20250916,165500,18.628,18.628,18.628,18.628,188,0
RTXG.US,5,20250916,170500,18.7417,18.7417,18.73,18.73,400,0
RTXG.US,5,20250916,174500,18.85,18.85,18.85,18.85,100,0
RTXG.US,5,20250916,184000,18.8904,18.8904,18.8904,18.8904,100,0
RTXG.US,5,20250916,192500,18.945,18.945,18.945,18.945,300,0
RTXG.US,5,20250916,213000,18.8401,18.8401,18.8401,18.8401,600,0
RTXG.US,5,20250917,161500,18.94,18.94,18.94,18.94,320,0
RTXG.US,5,20250917,163500,18.82,18.82,18.82,18.82,1291,0
RTXG.US,5,20250917,173500,18.869,18.869,18.869,18.869,200,0
RTXG.US,5,20250917,174500,18.92,18.92,18.9,18.9,528,0
RTXG.US,5,20250917,195500,18.855,18.855,18.855,18.855,300,0
RTXG.US,5,20250917,205500,18.61,18.61,18.61,18.61,100,0
RTXG.US,5,20250917,212000,18.749,18.75,18.749,18.75,200,0
RTXG.US,5,20250917,215000,18.78,18.78,18.78,18.78,269,0
RTXG.US,5,20250917,215500,18.749,18.749,18.749,18.749,200,0
RTXG.US,5,20250918,155500,18.59,18.59,18.5644,18.5644,1100,0
RTXG.US,5,20250918,181500,18.505,18.505,18.505,18.505,200,0
RTXG.US,5,20250918,183500,18.609,18.609,18.609,18.609,100,0
RTXG.US,5,20250918,215000,18.61,18.61,18.61,18.61,4488,0
RTXG.US,5,20250919,154000,18.63,18.63,18.595,18.595,300,0
RTXG.US,5,20250919,161500,18.52,18.52,18.52,18.52,100,0
RTXG.US,5,20250919,163500,18.47,18.47,18.47,18.47,100,0
RTXG.US,5,20250919,164500,18.37,18.37,18.37,18.37,766,0
RTXG.US,5,20250919,213000,18.69,18.69,18.69,18.69,455,0
RTXG.US,5,20250919,215000,18.751,18.77,18.751,18.77,2000,0
RTXG.US,5,20250922,153000,18.62,18.62,18.62,18.62,750,0
RTXG.US,5,20250922,154500,18.73,18.73,18.73,18.73,500,0
RTXG.US,5,20250922,161500,18.76,18.76,18.76,18.76,694,0
RTXG.US,5,20250922,170000,18.761,18.791,18.76,18.76,5400,0
RTXG.US,5,20250922,180500,18.8675,18.8675,18.8675,18.8675,100,0
RTXG.US,5,20250922,195000,18.94,18.94,18.94,18.94,545,0
RTXG.US,5,20250922,201500,18.9399,18.9399,18.9399,18.9399,100,0
RTXG.US,5,20250922,203000,18.8813,18.8813,18.8813,18.8813,900,0
RTXG.US,5,20250922,212500,19.03,19.03,19.03,19.03,100,0
RTXG.US,5,20250922,213000,19.021,19.021,19,19,596,0
RTXG.US,5,20250923,153000,18.95,18.95,18.95,18.95,110,0
RTXG.US,5,20250923,154000,19.15,19.15,19.1405,19.1405,220,0
RTXG.US,5,20250923,160000,19.2675,19.2675,19.2675,19.2675,150,0
RTXG.US,5,20250923,161000,19.27,19.33,19.27,19.33,200,0
RTXG.US,5,20250923,162000,19.33,19.33,19.33,19.33,226,0
RTXG.US,5,20250923,162500,19.38,19.38,19.38,19.38,289,0
RTXG.US,5,20250923,164000,19.34,19.34,19.34,19.34,518,0
RTXG.US,5,20250923,165500,19.2665,19.2665,19.2665,19.2665,600,0
RTXG.US,5,20250923,170500,19.14,19.14,19.14,19.14,100,0
RTXG.US,5,20250923,192500,18.95,18.95,18.95,18.95,100,0
RTXG.US,5,20250923,194000,18.8501,18.8501,18.85,18.85,555,0
RTXG.US,5,20250923,212000,18.99,18.99,18.99,18.99,564,0
RTXG.US,5,20250923,214500,19.0954,19.0954,19.0954,19.0954,128,0
RTXG.US,5,20250923,215000,19.1,19.165,19.1,19.165,200,0
RTXG.US,5,20250923,215500,19.12,19.12,19.12,19.12,100,0
RTXG.US,5,20250924,160500,19.37,19.39,19.37,19.39,300,0
RTXG.US,5,20250924,164500,19.77,19.77,19.77,19.77,523,0
RTXG.US,5,20250924,165500,19.82,19.82,19.74,19.74,499,0
RTXG.US,5,20250924,170500,19.67,19.67,19.67,19.67,187,0
RTXG.US,5,20250924,171000,19.689,19.689,19.689,19.689,192,0
RTXG.US,5,20250924,171500,19.647,19.647,19.647,19.647,100,0
RTXG.US,5,20250924,172500,19.729,19.729,19.66,19.66,679,0
RTXG.US,5,20250924,173000,19.6999,19.6999,19.6401,19.6401,654,0
RTXG.US,5,20250924,175000,19.54,19.5401,19.5301,19.5301,500,0
RTXG.US,5,20250924,175500,19.6,19.6,19.6,19.6,100,0
RTXG.US,5,20250924,180500,19.6495,19.6495,19.6495,19.6495,399,0
RTXG.US,5,20250924,185500,19.54,19.57,19.54,19.57,200,0
RTXG.US,5,20250924,193000,19.6,19.6,19.6,19.6,200,0
RTXG.US,5,20250924,194000,19.579,19.579,19.558,19.558,255,0
RTXG.US,5,20250924,200000,19.5884,19.5884,19.5884,19.5884,255,0
RTXG.US,5,20250924,204500,19.5,19.5,19.5,19.5,100,0
RTXG.US,5,20250924,213500,19.5399,19.54,19.5399,19.5399,330,0
RTXG.US,5,20250925,154500,19.35,19.35,19.35,19.35,100,0
RTXG.US,5,20250925,160500,19.312216,19.37,19.312216,19.37,258,0
RTXG.US,5,20250925,161500,19.2882,19.2882,19.2882,19.2882,200,0
RTXG.US,5,20250925,170500,19.205,19.205,19.205,19.205,250,0
RTXG.US,5,20250925,171500,19.14,19.14,19.14,19.14,100,0
RTXG.US,5,20250925,172500,19.041,19.0649,19.041,19.0649,1250,0
RTXG.US,5,20250925,183500,19.0681,19.0681,19.0681,19.0681,100,0
RTXG.US,5,20250925,184500,19.079,19.079,19.079,19.079,1468,0
RTXG.US,5,20250925,192000,19.061,19.09,19.0522,19.09,455,0
RTXG.US,5,20250925,192500,19.065,19.065,19.065,19.065,255,0
RTXG.US,5,20250925,193000,19.12,19.12,19.12,19.12,100,0
RTXG.US,5,20250925,195000,19.1035,19.1035,19.1035,19.1035,200,0
RTXG.US,5,20250925,200500,19.0059,19.0059,19.0059,19.0059,100,0
RTXG.US,5,20250925,212000,19.204,19.204,19.204,19.204,442,0
RTXG.US,5,20250926,154500,19.87,20.01,19.87,19.99,7552,0
RTXG.US,5,20250926,155500,20.185,20.185,20.185,20.185,120,0
RTXG.US,5,20250926,160000,20.23,20.23,20.14,20.159,7815,0
RTXG.US,5,20250926,163500,20.035,20.035,20.035,20.035,100,0
RTXG.US,5,20250926,164000,20.05,20.05,20.0498,20.0498,312,0
RTXG.US,5,20250926,170500,19.95,19.95,19.95,19.95,1140,0
RTXG.US,5,20250926,171000,19.985,19.985,19.97,19.97,4003,0
RTXG.US,5,20250926,172000,19.9035,19.9035,19.9035,19.9035,380,0
RTXG.US,5,20250926,173000,19.99,19.99,19.99,19.99,500,0
RTXG.US,5,20250926,175500,19.93,19.93,19.93,19.93,3913,0
RTXG.US,5,20250926,193000,19.97,19.97,19.97,19.97,100,0
RTXG.US,5,20250926,204000,19.809,19.809,19.809,19.809,100,0
RTXG.US,5,20250926,211000,19.7824,19.791,19.7824,19.791,250,0
RTXG.US,5,20250929,153000,21.03,21.03,21.03,21.03,162,0
RTXG.US,5,20250929,153500,20.89,20.89,20.89,20.89,200,0
RTXG.US,5,20250929,155000,20.2922,20.2922,20.2922,20.2922,1468,0
RTXG.US,5,20250929,155500,20.2371,20.2371,20.2371,20.2371,268,0
RTXG.US,5,20250929,160000,20.21,20.21,20.21,20.21,191,0
RTXG.US,5,20250929,161000,20.15,20.15,20.15,20.15,1100,0
RTXG.US,5,20250929,162500,20.16,20.42,20.16,20.42,200,0
RTXG.US,5,20250929,163500,20.469,20.469,20.42,20.42,350,0
RTXG.US,5,20250929,170000,20.2191,20.2191,20.2191,20.2191,100,0
RTXG.US,5,20250929,170500,20.19,20.19,20.19,20.19,109,0
RTXG.US,5,20250929,171000,20.171,20.1729,20.1685,20.1685,350,0
RTXG.US,5,20250929,174500,20.1058,20.1058,20.1058,20.1058,457,0
RTXG.US,5,20250929,181500,20.11,20.11,20.11,20.11,100,0
RTXG.US,5,20250929,183500,19.985,19.985,19.95,19.95,359,0
RTXG.US,5,20250930,153000,20.16,20.2,20.05,20.2,453,0
RTXG.US,5,20250930,153500,20.271,20.271,20.271,20.271,100,0
RTXG.US,5,20250930,154000,20.38,20.38,20.38,20.38,376,0
RTXG.US,5,20250930,155500,20.3865,20.3865,20.3865,20.3865,180,0
RTXG.US,5,20250930,160000,20.45,20.45,20.4499,20.4499,600,0
RTXG.US,5,20250930,161500,20.695,20.695,20.695,20.695,100,0
RTXG.US,5,20250930,162500,20.72,20.749,20.72,20.749,626,0
RTXG.US,5,20250930,163000,20.6707,20.6707,20.6707,20.6707,500,0
RTXG.US,5,20250930,163500,20.69,20.69,20.69,20.69,200,0
RTXG.US,5,20250930,164000,20.599,20.599,20.599,20.599,476,0
RTXG.US,5,20250930,165000,20.6001,20.6001,20.6,20.6,458,0
RTXG.US,5,20250930,165500,20.67,20.67,20.67,20.67,300,0
RTXG.US,5,20250930,173000,20.669,20.669,20.669,20.669,400,0
RTXG.US,5,20250930,175000,20.8196,20.8196,20.8196,20.8196,500,0
RTXG.US,5,20250930,182000,20.809,20.81,20.751,20.751,2900,0
RTXG.US,5,20250930,190500,20.59,20.59,20.59,20.59,100,0
RTXG.US,5,20250930,212000,20.78,20.8,20.78,20.79,902,0
RTXG.US,5,20250930,213000,20.75,20.75,20.75,20.75,500,0
RTXG.US,5,20250930,214500,20.75,20.75,20.75,20.75,100,0
RTXG.US,5,20251001,153000,20.8,20.8,20.21,20.33,780,0
RTXG.US,5,20251001,154500,20.53,20.531,20.53,20.531,200,0
RTXG.US,5,20251001,160500,20.35,20.4614,20.33,20.4614,2100,0
RTXG.US,5,20251001,163500,20.6652,20.6652,20.6652,20.6652,100,0
RTXG.US,5,20251001,164500,20.73,20.73,20.73,20.73,888,0
RTXG.US,5,20251001,165000,20.68,20.68,20.68,20.68,200,0
RTXG.US,5,20251001,165500,20.69,20.69,20.69,20.69,200,0
RTXG.US,5,20251001,170500,20.6,20.6772,20.6,20.6772,245,0
RTXG.US,5,20251001,171500,20.749,20.749,20.749,20.749,100,0
RTXG.US,5,20251001,173000,20.75,20.75,20.75,20.75,180,0
RTXG.US,5,20251001,174000,20.67,20.67,20.67,20.67,500,0
RTXG.US,5,20251001,175500,20.69,20.69,20.69,20.69,300,0
RTXG.US,5,20251001,180500,20.7599,20.7599,20.7599,20.7599,300,0
RTXG.US,5,20251001,184500,20.61,20.61,20.61,20.61,179,0
RTXG.US,5,20251001,191500,20.6072,20.6072,20.6072,20.6072,200,0
RTXG.US,5,20251001,214000,20.87,20.871,20.87,20.871,575,0
RTXG.US,5,20251002,153500,20.92,20.92,20.92,20.92,350,0
RTXG.US,5,20251002,160000,20.598,20.598,20.598,20.598,100,0
RTXG.US,5,20251002,161000,20.59,20.59,20.59,20.59,401,0
RTXG.US,5,20251002,161500,20.6,20.6075,20.6,20.6075,502,0
RTXG.US,5,20251002,162000,20.4945,20.4945,20.4945,20.4945,200,0
RTXG.US,5,20251002,163500,20.6001,20.63,20.6001,20.63,600,0
RTXG.US,5,20251002,171000,20.5,20.5,20.5,20.5,100,0
RTXG.US,5,20251002,171500,20.569,20.569,20.569,20.569,500,0
RTXG.US,5,20251002,172500,20.55,20.55,20.55,20.55,199,0
RTXG.US,5,20251002,173500,20.569,20.569,20.569,20.569,250,0
RTXG.US,5,20251002,175500,20.55,20.55,20.55,20.55,300,0
RTXG.US,5,20251002,184000,20.64,20.64,20.625,20.625,208,0
RTXG.US,5,20251002,184500,20.64,20.64,20.64,20.64,222,0
RTXG.US,5,20251002,191000,20.62,20.62,20.62,20.62,100,0
RTXG.US,5,20251002,192500,20.535,20.535,20.501,20.501,500,0
RTXG.US,5,20251002,193500,20.49,20.49,20.49,20.49,196,0
RTXG.US,5,20251002,194500,20.61,20.61,20.61,20.61,100,0
RTXG.US,5,20251002,203500,20.7259,20.7259,20.7259,20.7259,100,0
RTXG.US,5,20251002,205000,20.709,20.709,20.709,20.709,100,0
RTXG.US,5,20251002,212000,20.7007,20.7007,20.7007,20.7007,200,0
RTXG.US,5,20251002,215000,20.69,20.69,20.69,20.69,200,0
RTXG.US,5,20251003,153500,20.57,20.57,20.57,20.57,500,0
RTXG.US,5,20251003,155500,19.75,19.75,19.75,19.75,360,0
RTXG.US,5,20251003,160000,20.4924,20.529,20.4924,20.529,575,0
RTXG.US,5,20251003,163000,20.58,20.58,20.58,20.58,100,0
RTXG.US,5,20251003,164500,20.61,20.61,20.61,20.61,100,0
RTXG.US,5,20251003,172000,20.641,20.641,20.641,20.641,400,0
RTXG.US,5,20251003,172500,20.62,20.65,20.62,20.65,500,0
RTXG.US,5,20251003,175000,20.73,20.73,20.7,20.7,200,0
RTXG.US,5,20251003,191000,20.75,20.75,20.75,20.75,200,0
RTXG.US,5,20251003,193000,20.72,20.72,20.72,20.72,100,0
RTXG.US,5,20251003,213000,20.73,20.73,20.6826,20.6826,724,0
RTXG.US,5,20251003,215500,20.67,20.67,20.67,20.67,200,0
RTXG.US,5,20251006,153500,21.15,21.15,21.15,21.15,190,0
RTXG.US,5,20251006,154500,21.3,21.3,21.3,21.3,100,0
RTXG.US,5,20251006,155000,21.3,21.3,21.3,21.3,497,0
RTXG.US,5,20251006,155500,21.2102,21.2103,21.21,21.2103,1796,0
RTXG.US,5,20251006,160500,21.0899,21.0899,21.01,21.01,320,0
RTXG.US,5,20251006,164500,21.165,21.165,21.165,21.165,100,0
RTXG.US,5,20251006,170000,21.2599,21.2599,21.2599,21.2599,100,0
RTXG.US,5,20251006,170500,21.2815,21.2815,21.2815,21.2815,100,0
RTXG.US,5,20251006,171000,21.3,21.33,21.3,21.33,258,0
RTXG.US,5,20251006,172500,21.31,21.31,21.31,21.31,400,0
RTXG.US,5,20251006,173000,21.29,21.29,21.271,21.271,233,0
RTXG.US,5,20251006,175500,21.29,21.29,21.29,21.29,600,0
RTXG.US,5,20251006,182500,21.34,21.34,21.33,21.33,936,0
RTXG.US,5,20251006,191000,21.261,21.261,21.261,21.261,100,0
RTXG.US,5,20251006,200000,21.245,21.245,21.245,21.245,125,0
RTXG.US,5,20251006,202000,21.261,21.261,21.261,21.261,100,0
RTXG.US,5,20251006,205000,21.295,21.295,21.295,21.295,150,0
RTXG.US,5,20251006,210000,21.3192,21.3192,21.3192,21.3192,300,0
RTXG.US,5,20251006,211500,21.191,21.191,21.191,21.191,154,0
RTXG.US,5,20251006,213000,21.221,21.221,21.221,21.221,1080,0
RTXG.US,5,20251006,214500,21.27,21.27,21.27,21.27,100,0
RTXG.US,5,20251006,215500,21.19,21.19,21.17,21.17,300,0
RTXG.US,5,20251007,155000,21.44,21.44,21.44,21.44,100,0
RTXG.US,5,20251007,160500,21.33,21.33,21.22,21.22,400,0
RTXG.US,5,20251007,162500,21.33,21.33,21.33,21.33,100,0
RTXG.US,5,20251007,164000,21.2403,21.240343,21.2403,21.240343,516,0
RTXG.US,5,20251007,171000,21.22,21.22,21.22,21.22,340,0
RTXG.US,5,20251007,173000,21.305,21.305,21.305,21.305,551,0
RTXG.US,5,20251007,184000,21.34,21.34,21.34,21.34,200,0
RTXG.US,5,20251007,191500,21.42,21.42,21.42,21.42,150,0
RTXG.US,5,20251007,200500,21.3075,21.3075,21.3075,21.3075,905,0
RTXG.US,5,20251007,215500,21.3,21.3,21.21,21.21,488,0
RTXG.US,5,20251008,153000,21.4299,21.4299,21.4299,21.4299,200,0
RTXG.US,5,20251008,155500,21.31,21.31,21.31,21.31,100,0
RTXG.US,5,20251008,160500,21.25,21.25,21.25,21.25,100,0
RTXG.US,5,20251008,164000,21.181,21.181,21.161,21.161,600,0
RTXG.US,5,20251008,165000,21.18,21.18,21.18,21.18,220,0
RTXG.US,5,20251008,165500,21.2,21.2,21.2,21.2,400,0
RTXG.US,5,20251008,172000,21.26,21.26,21.26,21.26,200,0
RTXG.US,5,20251008,173500,21.29,21.29,21.27,21.27,700,0
RTXG.US,5,20251008,174000,21.3,21.3,21.27,21.27,300,0
RTXG.US,5,20251008,174500,21.28,21.28,21.27,21.27,505,0
RTXG.US,5,20251008,175500,21.29,21.29,21.29,21.29,171,0
RTXG.US,5,20251008,180000,21.29,21.29,21.29,21.29,126,0
RTXG.US,5,20251008,183000,21.27,21.27,21.27,21.27,100,0
RTXG.US,5,20251008,190000,21.3,21.3,21.3,21.3,100,0
RTXG.US,5,20251008,193000,21.2894,21.2894,21.2894,21.2894,180,0
RTXG.US,5,20251008,194000,21.26,21.26,21.26,21.26,300,0
RTXG.US,5,20251008,200500,21.1906,21.1906,21.1906,21.1906,100,0
RTXG.US,5,20251008,203000,21.18,21.18,21.18,21.18,190,0
RTXG.US,5,20251008,204000,21.12,21.12,21.1,21.1,300,0
RTXG.US,5,20251008,205000,21.119,21.129,21.119,21.129,3000,0
RTXG.US,5,20251008,205500,21.12,21.12,21.12,21.12,100,0
RTXG.US,5,20251008,210000,21.07,21.07,21.07,21.07,196,0
RTXG.US,5,20251008,211000,21.12,21.12,21.12,21.12,100,0
RTXG.US,5,20251008,211500,21.16,21.16,21.12,21.12,3225,0
RTXG.US,5,20251009,153000,21,21,21,21,100,0
RTXG.US,5,20251009,154500,21.06,21.06,21.06,21.06,100,0
RTXG.US,5,20251009,160000,20.7609,20.7609,20.7601,20.7601,276,0
RTXG.US,5,20251009,160500,20.815,20.8155,20.78,20.8155,1275,0
RTXG.US,5,20251009,161000,20.82,20.82,20.82,20.82,100,0
RTXG.US,5,20251009,162000,20.635,20.635,20.635,20.635,100,0
RTXG.US,5,20251009,163000,20.63,20.63,20.63,20.63,100,0
RTXG.US,5,20251009,164000,20.5328,20.5328,20.5328,20.5328,100,0
RTXG.US,5,20251009,164500,20.53,20.53,20.53,20.53,314,0
RTXG.US,5,20251009,165000,20.559,20.559,20.5585,20.5585,300,0
RTXG.US,5,20251009,170000,20.56,20.56,20.56,20.56,500,0
RTXG.US,5,20251009,170500,20.5,20.5,20.5,20.5,100,0
RTXG.US,5,20251009,172500,20.6,20.6,20.6,20.6,200,0
RTXG.US,5,20251009,174500,20.51,20.51,20.47,20.51,500,0
RTXG.US,5,20251009,181500,20.46,20.46,20.46,20.46,100,0
RTXG.US,5,20251009,184000,20.4399,20.4399,20.385,20.385,779,0
RTXG.US,5,20251009,185000,20.249,20.249,20.249,20.249,200,0
RTXG.US,5,20251009,185500,20.1,20.149,20.1,20.149,580,0
RTXG.US,5,20251009,190000,20.11,20.11,20.11,20.11,100,0
RTXG.US,5,20251009,190500,20.15,20.15,20.1498,20.1498,1250,0
RTXG.US,5,20251009,191000,20.1391,20.1391,20.1391,20.1391,123,0
RTXG.US,5,20251009,191500,20.11,20.11,20.11,20.11,100,0
RTXG.US,5,20251009,193000,20.001,20.05,20.001,20.03,870,0
RTXG.US,5,20251009,193500,20.03,20.03,20.03,20.03,607,0
RTXG.US,5,20251009,195500,19.93,19.93,19.911,19.911,1800,0
RTXG.US,5,20251009,200000,19.94,19.94,19.94,19.94,100,0
RTXG.US,5,20251009,200500,19.9219,19.9219,19.9219,19.9219,500,0
RTXG.US,5,20251009,202000,19.89,19.89,19.89,19.89,100,0
RTXG.US,5,20251009,203000,19.797,19.797,19.75,19.75,280,0
RTXG.US,5,20251009,205500,19.77,19.77,19.77,19.77,300,0
RTXG.US,5,20251009,211000,19.675,19.675,19.675,19.675,150,0
RTXG.US,5,20251009,211500,19.6512,19.6512,19.635,19.635,800,0
RTXG.US,5,20251009,212000,19.655,19.655,19.637,19.637,397,0
RTXG.US,5,20251009,213500,19.46,19.46,19.46,19.46,100,0
RTXG.US,5,20251009,214000,19.46,19.47,19.46,19.47,200,0
RTXG.US,5,20251009,214500,19.4792,19.4792,19.46,19.46,300,0
RTXG.US,5,20251009,215000,19.44,19.44,19.44,19.44,100,0
RTXG.US,5,20251010,153000,19.15,19.15,19.15,19.15,500,0
RTXG.US,5,20251010,154000,19.2291,19.2291,19.2291,19.2291,100,0
RTXG.US,5,20251010,154500,19.29,19.29,19.29,19.29,100,0
RTXG.US,5,20251010,155000,19.279,19.279,19.279,19.279,100,0
RTXG.US,5,20251010,155500,19.06,19.0701,19.06,19.0701,1701,0
RTXG.US,5,20251010,160000,18.99,18.99,18.99,18.99,527,0
RTXG.US,5,20251010,160500,18.9,18.9593,18.87,18.9593,1100,0
RTXG.US,5,20251010,162000,18.86,18.8697,18.86,18.8697,400,0
RTXG.US,5,20251010,162500,18.9598,18.9598,18.9598,18.9598,100,0
RTXG.US,5,20251010,163000,18.8,18.8,18.8,18.8,532,0
RTXG.US,5,20251010,170000,18.74,18.75,18.74,18.75,200,0
RTXG.US,5,20251010,171000,18.973,18.973,18.973,18.973,400,0
RTXG.US,5,20251010,171500,19.029,19.029,19.029,19.029,100,0
RTXG.US,5,20251010,172500,18.93,18.93,18.93,18.93,196,0
RTXG.US,5,20251010,173500,18.93,18.93,18.93,18.93,200,0
RTXG.US,5,20251010,175000,18.98,18.98,18.98,18.98,258,0
RTXG.US,5,20251010,175500,18.9,18.9,18.9,18.9,350,0
RTXG.US,5,20251010,181000,18.8161,18.8161,18.8161,18.8161,200,0
RTXG.US,5,20251010,182000,18.8,18.8,18.8,18.8,200,0
RTXG.US,5,20251010,190000,18.681,18.681,18.6721,18.6721,800,0
RTXG.US,5,20251010,192500,18.71,18.71,18.71,18.71,100,0
RTXG.US,5,20251010,204000,18.71,18.71,18.71,18.71,230,0
RTXG.US,5,20251010,210500,18.6193,18.6193,18.6193,18.6193,227,0
RTXG.US,5,20251010,212500,18.6,18.6,18.6,18.6,100,0
RTXG.US,5,20251013,153500,18.4829,18.4829,18.4829,18.4829,150,0
RTXG.US,5,20251013,154500,18.5,18.5,18.5,18.5,117,0
RTXG.US,5,20251013,155500,18.74,18.74,18.74,18.74,100,0
RTXG.US,5,20251013,160500,18.73,18.73,18.73,18.73,100,0
RTXG.US,5,20251013,161500,18.541,18.541,18.5321,18.5321,600,0
RTXG.US,5,20251013,163000,18.67,18.67,18.6499,18.6499,222,0
RTXG.US,5,20251013,165000,18.5,18.5,18.5,18.5,500,0
RTXG.US,5,20251013,170000,18.49,18.49,18.49,18.49,167,0
RTXG.US,5,20251013,173500,18.5,18.5,18.5,18.5,100,0
RTXG.US,5,20251013,181500,18.61,18.61,18.61,18.61,1100,0
RTXG.US,5,20251013,183000,18.58,18.58,18.57,18.57,2137,0
RTXG.US,5,20251013,183500,18.5132,18.5132,18.5132,18.5132,225,0
RTXG.US,5,20251013,184500,18.56,18.56,18.56,18.56,100,0
RTXG.US,5,20251013,192000,18.68,18.68,18.68,18.68,500,0
RTXG.US,5,20251013,194500,18.73,18.73,18.73,18.73,100,0
RTXG.US,5,20251013,213000,18.56,18.56,18.56,18.56,212,0
RTXG.US,5,20251013,214500,18.6,18.65,18.6,18.65,255,0
RTXG.US,5,20251014,153000,18.59,18.59,18.575,18.575,950,0
RTXG.US,5,20251014,154000,18.34,18.34,18.3,18.3,370,0
RTXG.US,5,20251014,154500,18.231,18.36,18.23,18.36,300,0
RTXG.US,5,20251014,155000,18.38,18.38,18.379,18.379,200,0
RTXG.US,5,20251014,155500,18.38,18.44,18.38,18.44,200,0
RTXG.US,5,20251014,164000,18.6185,18.6185,18.6185,18.6185,514,0
RTXG.US,5,20251014,165500,18.61,18.61,18.61,18.61,150,0
RTXG.US,5,20251014,183000,18.92,18.92,18.9,18.9,625,0
RTXG.US,5,20251014,185500,18.91,18.91,18.91,18.91,125,0
RTXG.US,5,20251014,194000,19.009,19.009,19.009,19.009,100,0
RTXG.US,5,20251014,211500,18.98,18.98,18.97,18.97,227,0
RTXG.US,5,20251014,214000,18.74,18.74,18.74,18.74,100,0
RTXG.US,5,20251015,153500,18.924,18.924,18.924,18.924,125,0
RTXG.US,5,20251015,154500,18.898,18.898,18.898,18.898,100,0
RTXG.US,5,20251015,155000,18.965,18.965,18.965,18.965,100,0
RTXG.US,5,20251015,155500,18.972,18.972,18.972,18.972,100,0
RTXG.US,5,20251015,161500,19.0033,19.0033,19.0033,19.0033,200,0
RTXG.US,5,20251015,163000,18.97,18.97,18.94,18.94,200,0
RTXG.US,5,20251015,165000,18.9602,18.9602,18.9602,18.9602,250,0
RTXG.US,5,20251015,171500,18.88,18.88,18.85,18.85,200,0
RTXG.US,5,20251015,172500,18.77,18.77,18.77,18.77,100,0
RTXG.US,5,20251015,173500,18.6,18.6,18.6,18.6,484,0
RTXG.US,5,20251015,180500,18.3409,18.3409,18.3409,18.3409,502,0
RTXG.US,5,20251015,182500,18.029,18.029,18.029,18.029,125,0
RTXG.US,5,20251015,183000,18.05,18.05,18.05,18.05,100,0
RTXG.US,5,20251015,183500,18.1499,18.1499,18.1499,18.1499,200,0
RTXG.US,5,20251015,184000,18.05,18.05,18.045,18.045,2500,0
RTXG.US,5,20251015,190000,18.1145,18.1145,18.1145,18.1145,150,0
RTXG.US,5,20251015,190500,18.05,18.05,18.05,18.05,100,0
RTXG.US,5,20251015,191000,18,18,18,18,256,0
RTXG.US,5,20251015,192000,18.035,18.035,18.035,18.035,300,0
RTXG.US,5,20251015,201500,18.25,18.25,18.2499,18.2499,200,0
RTXG.US,5,20251015,204000,18.1494,18.1494,18.1494,18.1494,200,0
RTXG.US,5,20251015,204500,18.1087,18.1087,18.1087,18.1087,190,0
RTXG.US,5,20251015,205500,18.26,18.26,18.26,18.26,100,0
RTXG.US,5,20251015,210500,18.2359,18.2359,18.2359,18.2359,100,0
RTXG.US,5,20251015,211000,18.2299,18.2299,18.2299,18.2299,100,0
RTXG.US,5,20251015,215000,18.15,18.15,18.15,18.15,100,0
RTXG.US,5,20251016,154000,18.2532,18.2532,18.2532,18.2532,120,0
RTXG.US,5,20251016,155500,18.16,18.16,18.16,18.16,400,0
RTXG.US,5,20251016,160000,18.16,18.16,18.16,18.16,150,0
RTXG.US,5,20251016,163000,18.3,18.3,18.3,18.3,100,0
RTXG.US,5,20251016,164500,18.37,18.37,18.37,18.37,100,0
RTXG.US,5,20251016,170500,18.31,18.31,18.31,18.31,100,0
RTXG.US,5,20251016,173500,18.375,18.375,18.375,18.375,499,0
RTXG.US,5,20251016,181500,18.21,18.21,18.21,18.21,100,0
RTXG.US,5,20251016,183500,18.1799,18.18,18.16,18.16,4357,0
RTXG.US,5,20251016,185000,18.19,18.2199,18.19,18.2192,1958,0
RTXG.US,5,20251016,190000,18.25,18.25,18.25,18.25,100,0
RTXG.US,5,20251016,190500,18.22,18.25,18.22,18.25,1958,0
RTXG.US,5,20251016,191500,18.3178,18.3178,18.3178,18.3178,100,0
RTXG.US,5,20251016,192000,18.23,18.23,18.23,18.23,100,0
RTXG.US,5,20251016,200500,18.0701,18.0701,18.05,18.06,4254,0
RTXG.US,5,20251016,201500,18.04,18.04,18.04,18.04,100,0
RTXG.US,5,20251016,202000,18.04,18.04,18.04,18.04,100,0
RTXG.US,5,20251016,205000,18.11,18.11,18.11,18.11,100,0
RTXG.US,5,20251016,215000,18.1,18.1,18.1,18.1,100,0
RTXG.US,5,20251017,155500,18.14,18.14,18.1001,18.1001,600,0
RTXG.US,5,20251017,160000,18.1696,18.1696,18.1696,18.1696,100,0
RTXG.US,5,20251017,171500,18.2023,18.2023,18.2023,18.2023,105,0
RTXG.US,5,20251017,173000,18.2,18.2,18.2,18.2,200,0
RTXG.US,5,20251017,173500,18.2,18.2,18.2,18.2,100,0
RTXG.US,5,20251017,174000,18.27,18.27,18.27,18.27,200,0
RTXG.US,5,20251017,175500,18.4,18.4,18.4,18.4,100,0
RTXG.US,5,20251017,180000,18.4,18.4,18.4,18.4,810,0
RTXG.US,5,20251017,181500,18.31,18.31,18.31,18.31,100,0
RTXG.US,5,20251017,184500,18.28,18.28,18.28,18.28,100,0
RTXG.US,5,20251017,191000,18.25,18.25,18.25,18.25,1000,0
RTXG.US,5,20251017,193000,18.25,18.25,18.25,18.25,500,0
RTXG.US,5,20251017,200000,18.302,18.302,18.302,18.302,180,0
RTXG.US,5,20251017,200500,18.31,18.31,18.25,18.25,1500,0
RTXG.US,5,20251017,205500,18.465,18.465,18.465,18.465,101,0
RTXG.US,5,20251017,213500,18.4,18.4,18.4,18.4,100,0
RTXG.US,5,20251017,214000,18.41,18.4181,18.41,18.41,1950,0
RTXG.US,5,20251017,215500,18.43,18.43,18.395,18.395,264,0
RTXG.US,5,20251020,153000,18.76,19.16,18.76,19.16,335,0
RTXG.US,5,20251020,154500,18.96,18.96,18.96,18.96,100,0
RTXG.US,5,20251020,155500,19.039,19.039,19.039,19.039,100,0
RTXG.US,5,20251020,160500,19.0345,19.06,19.0345,19.06,550,0
RTXG.US,5,20251020,161000,19.0301,19.04,19.0301,19.04,3120,0
RTXG.US,5,20251020,161500,19.09,19.09,19.09,19.09,377,0
RTXG.US,5,20251020,162000,19.021,19.021,19.021,19.021,999,0
RTXG.US,5,20251020,162500,19.039,19.039,19.039,19.039,100,0
RTXG.US,5,20251020,164000,19.06,19.06,19.06,19.06,100,0
RTXG.US,5,20251020,165000,19.0564,19.0564,19.0564,19.0564,100,0
RTXG.US,5,20251020,170500,19.1,19.1,19.1,19.1,100,0
RTXG.US,5,20251020,172000,19.0896,19.0896,19.0896,19.0896,200,0
RTXG.US,5,20251020,173000,19.1,19.1,19.1,19.1,1000,0
RTXG.US,5,20251020,173500,19.109,19.1188,19.109,19.1188,250,0
RTXG.US,5,20251020,174000,19.11,19.11,19.11,19.11,306,0
RTXG.US,5,20251020,174500,19.15,19.16,19.15,19.16,7799,0
RTXG.US,5,20251020,175500,19.11,19.11,19.11,19.11,300,0
RTXG.US,5,20251020,182500,19.14,19.14,19.14,19.14,100,0
RTXG.US,5,20251020,183000,19.1,19.1,19.1,19.1,200,0
RTXG.US,5,20251020,184000,19.1,19.13,19.1,19.13,350,0
RTXG.US,5,20251020,190000,19.13,19.13,19.13,19.13,484,0
RTXG.US,5,20251020,191500,19.15,19.15,19.15,19.15,100,0
RTXG.US,5,20251020,192000,19.139,19.139,19.12,19.12,200,0
RTXG.US,5,20251020,192500,19.138903,19.138903,19.138903,19.138903,200,0
RTXG.US,5,20251020,193500,19.13,19.13,19.13,19.13,100,0
RTXG.US,5,20251020,194000,19.08,19.08,19.08,19.08,100,0
RTXG.US,5,20251020,200500,19.11,19.11,19.11,19.11,100,0
RTXG.US,5,20251020,201500,19.13,19.13,19.13,19.13,277,0
RTXG.US,5,20251020,202500,19.17,19.17,19.17,19.17,224,0
RTXG.US,5,20251020,203000,19.19,19.19,19.19,19.19,100,0
RTXG.US,5,20251020,203500,19.16,19.16,19.16,19.16,400,0
RTXG.US,5,20251020,204000,19.2,19.2081,19.2,19.2081,1000,0
RTXG.US,5,20251020,204500,19.23,19.23,19.23,19.23,100,0
RTXG.US,5,20251020,205500,19.2275,19.2275,19.2275,19.2275,1000,0
RTXG.US,5,20251020,210000,19.215,19.215,19.215,19.215,100,0
RTXG.US,5,20251020,212000,19.2899,19.2899,19.2899,19.2899,100,0
RTXG.US,5,20251020,212500,19.29,19.29,19.29,19.29,100,0
RTXG.US,5,20251020,213000,19.3383,19.3383,19.3383,19.3383,100,0
RTXG.US,5,20251020,214000,19.305,19.305,19.2001,19.2001,1099,0
RTXG.US,5,20251020,214500,19.179,19.179,19.179,19.179,100,0
RTXG.US,5,20251020,215000,19.18,19.18,19.1264,19.1264,610,0
RTXG.US,5,20251020,215500,19.11,19.12,19,19.002,800,0
RTXG.US,5,20251021,153000,21.61,22.55,21.32,22.529,15639,0
RTXG.US,5,20251021,153500,22.46,23.1277,22.46,22.66,9911,0
RTXG.US,5,20251021,154000,22.91,23.059,22.72,22.9023,3713,0
RTXG.US,5,20251021,154500,22.911,22.96,22.258,22.8157,4537,0
RTXG.US,5,20251021,155000,22.7907,22.9,22.73,22.74,1443,0
RTXG.US,5,20251021,155500,22.7814,22.839,22.7814,22.839,950,0
RTXG.US,5,20251021,160000,23.2409,23.2409,23.17,23.1726,693,0
RTXG.US,5,20251021,160500,23,23.05,23,23.0415,576,0
RTXG.US,5,20251021,161000,22.705,22.705,22.5501,22.61,3311,0
RTXG.US,5,20251021,161500,22.65,22.65,22.565,22.565,234,0
RTXG.US,5,20251021,162000,22.6,22.64,22.53,22.64,10822,0
RTXG.US,5,20251021,162500,22.41,22.45,22.41,22.45,4122,0
RTXG.US,5,20251021,163000,22.33,22.33,22.18,22.18,1920,0
RTXG.US,5,20251021,163500,22.289,22.289,22.1,22.1421,700,0
RTXG.US,5,20251021,164500,22.0969,22.34,22.0969,22.34,1800,0
RTXG.US,5,20251021,165000,22.329,22.329,22.3282,22.3282,447,0
RTXG.US,5,20251021,170000,22.2078,22.2078,22.16,22.16,2035,0
RTXG.US,5,20251021,170500,22.47,22.4776,22.47,22.47,444,0
RTXG.US,5,20251021,171000,22.48,22.48,22.48,22.48,100,0
RTXG.US,5,20251021,171500,22.51,22.58,22.51,22.58,1127,0
RTXG.US,5,20251021,172000,22.49,22.49,22.4,22.4,1200,0
RTXG.US,5,20251021,172500,22.39,22.39,22.1301,22.1301,455,0
RTXG.US,5,20251021,173000,22.09,22.09,21.95,21.95,1940,0
RTXG.US,5,20251021,173500,21.86,21.97,21.86,21.92,1225,0
RTXG.US,5,20251021,175500,21.86,21.86,21.8,21.8,3283,0
RTXG.US,5,20251021,180000,21.98,21.98,21.98,21.98,200,0
RTXG.US,5,20251021,180500,22.1434,22.259,22.1434,22.259,1334,0
RTXG.US,5,20251021,181000,22.3,22.3193,22.251,22.3193,4200,0
RTXG.US,5,20251021,181500,22.2808,22.309,22.2808,22.309,448,0
RTXG.US,5,20251021,182500,22.03,22.1099,22.03,22.1099,830,0
RTXG.US,5,20251021,183000,22.06,22.06,22.042415,22.042415,296,0
RTXG.US,5,20251021,184000,21.905,21.905,21.905,21.905,100,0
RTXG.US,5,20251021,184500,21.9296,21.9296,21.9296,21.9296,100,0
RTXG.US,5,20251021,185000,21.981,21.981,21.981,21.981,100,0
RTXG.US,5,20251021,185500,22.065,22.065,22.065,22.065,100,0
RTXG.US,5,20251021,190500,21.92,22,21.92,22,1100,0
RTXG.US,5,20251021,191500,21.95,21.95,21.95,21.95,629,0
RTXG.US,5,20251021,193000,22.05,22.05,22.05,22.05,560,0
RTXG.US,5,20251021,195500,22.1818,22.1818,22.1818,22.1818,100,0
RTXG.US,5,20251021,200000,22.2064,22.311,22.2064,22.311,499,0
RTXG.US,5,20251021,200500,22.281,22.281,22.2801,22.2801,1000,0
RTXG.US,5,20251021,204500,22.121,22.121,22.121,22.121,1000,0
RTXG.US,5,20251021,211000,21.98,21.98,21.98,21.98,100,0
RTXG.US,5,20251021,213000,22.06,22.06,21.93,21.9736,1404,0
RTXG.US,5,20251021,214500,21.9652,21.9652,21.9652,21.9652,150,0
RTXG.US,5,20251021,215500,21.91,21.91,21.8866,21.8866,235,0
RTXG.US,5,20251022,153000,22.27,22.3033,22.241,22.3033,1038,0
RTXG.US,5,20251022,153500,22.6212,22.81,22.6212,22.754,2278,0
RTXG.US,5,20251022,154000,22.78,23.02,22.78,23.02,1017,0
RTXG.US,5,20251022,154500,22.911,22.911,22.83,22.83,1025,0
RTXG.US,5,20251022,155000,22.82,22.9092,22.8115,22.9092,600,0
RTXG.US,5,20251022,155500,23.22,23.349,23.2,23.2,990,0
RTXG.US,5,20251022,160000,22.79,22.85,22.781,22.85,1293,0
RTXG.US,5,20251022,160500,23.0002,23.045,23.0001,23.0199,1500,0
RTXG.US,5,20251022,161500,23.01,23.01,23,23,339,0
RTXG.US,5,20251022,163000,22.6105,22.6105,22.575,22.575,211,0
RTXG.US,5,20251022,165500,22.5218,22.5218,22.49,22.49,421,0
RTXG.US,5,20251022,170000,22.53,22.53,22.519,22.519,600,0
RTXG.US,5,20251022,170500,22.459,22.459,22.459,22.459,375,0
RTXG.US,5,20251022,171500,22.6301,22.6301,22.6301,22.6301,300,0
RTXG.US,5,20251022,172000,22.6002,22.6002,22.6002,22.6002,100,0
RTXG.US,5,20251022,174500,22.8523,22.8523,22.8472,22.8472,215,0
RTXG.US,5,20251022,180000,22.73,22.73,22.73,22.73,656,0
RTXG.US,5,20251022,183000,22.4901,22.5,22.49,22.5,500,0
RTXG.US,5,20251022,183500,22.755,22.91,22.755,22.85,729,0
RTXG.US,5,20251022,184000,22.82,22.82,22.82,22.82,500,0
RTXG.US,5,20251022,190500,22.7,22.7,22.7,22.7,1000,0
RTXG.US,5,20251022,191000,22.758,22.758,22.75,22.75,1000,0
RTXG.US,5,20251022,202500,22.7499,22.7499,22.7499,22.7499,250,0
RTXG.US,5,20251022,203500,22.8188,22.8188,22.8188,22.8188,224,0
RTXG.US,5,20251022,204000,22.82,22.848,22.82,22.848,400,0
RTXG.US,5,20251022,205500,22.79,22.79,22.79,22.79,100,0
RTXG.US,5,20251022,211000,22.8,22.8303,22.8,22.8303,1000,0
RTXG.US,5,20251022,211500,22.99,23.0008,22.99,23.0008,1000,0
RTXG.US,5,20251022,212000,23.03,23.0398,23.021,23.0398,1000,0
RTXG.US,5,20251022,213000,23.12,23.159,23.1001,23.1001,3437,0
RTXG.US,5,20251022,214000,23.13,23.13,23.129,23.129,205,0
RTXG.US,5,20251022,215000,23.14,23.14,23.14,23.14,500,0
RTXG.US,5,20251023,153000,23.38,23.38,22.97,22.97,3199,0
RTXG.US,5,20251023,153500,23.855,23.855,23.24,23.25,1805,0
RTXG.US,5,20251023,155000,23.44,23.44,23.44,23.44,100,0
RTXG.US,5,20251023,160000,23.55,23.57,23.549,23.56,1629,0
RTXG.US,5,20251023,160500,23.3485,23.3485,23.26,23.26,365,0
RTXG.US,5,20251023,161000,23.28,23.28,23.28,23.28,100,0
RTXG.US,5,20251023,161500,23.27,23.27,23.27,23.27,100,0
RTXG.US,5,20251023,162000,23.38,23.38,23.38,23.38,250,0
RTXG.US,5,20251023,163000,23.2416,23.34,23.24,23.34,1029,0
RTXG.US,5,20251023,164500,23.61,23.62,23.61,23.62,355,0
RTXG.US,5,20251023,171000,23.53,23.53,23.491,23.491,700,0
RTXG.US,5,20251023,172500,23.6,23.6,23.6,23.6,100,0
RTXG.US,5,20251023,173000,23.5,23.535,23.5,23.52,902,0
RTXG.US,5,20251023,180500,23.43,23.43,23.43,23.43,121,0
RTXG.US,5,20251023,183000,23.56,23.56,23.56,23.56,100,0
RTXG.US,5,20251023,184000,23.66,23.66,23.66,23.66,112,0
RTXG.US,5,20251023,201500,23.3519,23.3519,23.3519,23.3519,115,0
RTXG.US,5,20251023,202000,23.3988,23.3988,23.3988,23.3988,580,0
RTXG.US,5,20251023,212500,23.46,23.46,23.46,23.46,100,0
RTXG.US,5,20251023,213500,23.49,23.49,23.49,23.49,200,0
RTXG.US,5,20251023,214000,23.4808,23.4808,23.4808,23.4808,152,0
RTXG.US,5,20251023,215500,23.51,23.56,23.51,23.56,400,0
RTXG.US,5,20251024,153000,23.83,24.11,23.58,23.58,841,0
RTXG.US,5,20251024,155500,23.475,23.475,23.42,23.42,251,0
RTXG.US,5,20251024,160500,23.571,23.571,23.571,23.571,560,0
RTXG.US,5,20251024,163000,23.7,23.7,23.7,23.7,200,0
RTXG.US,5,20251024,164000,23.6801,23.6801,23.6801,23.6801,129,0
RTXG.US,5,20251024,170000,23.5904,23.625,23.5904,23.625,650,0
RTXG.US,5,20251024,172000,23.411,23.421,23.411,23.421,1200,0
RTXG.US,5,20251024,173500,23.394,23.394,23.394,23.394,200,0
RTXG.US,5,20251024,174500,23.41,23.41,23.41,23.41,100,0
RTXG.US,5,20251024,180000,23.43,23.448,23.43,23.448,700,0
RTXG.US,5,20251024,194000,23.491,23.491,23.49,23.49,900,0
RTXG.US,5,20251024,204500,23.3542,23.3542,23.32,23.32,1100,0
RTXG.US,5,20251024,205500,23.30656,23.30656,23.30656,23.30656,375,0
RTXG.US,5,20251024,210500,23.32,23.32,23.32,23.32,277,0
RTXG.US,5,20251024,211500,23.3428,23.355,23.3428,23.355,1287,0
RTXG.US,5,20251024,212000,23.375,23.375,23.375,23.375,446,0
RTXG.US,5,20251027,143000,23.62,23.62,23.31,23.31,2508,0
RTXG.US,5,20251027,144000,23.36,23.36,23.31,23.31,729,0
RTXG.US,5,20251027,145000,23.2831,23.2831,23.2831,23.2831,220,0
RTXG.US,5,20251027,150000,23.251,23.251,23.23,23.2401,2820,0
RTXG.US,5,20251027,151500,23.27,23.27,23.27,23.27,289,0
RTXG.US,5,20251027,152000,23.19,23.19,23.19,23.19,100,0
RTXG.US,5,20251027,153000,23.2,23.2,23.2,23.2,100,0
RTXG.US,5,20251027,153500,23.1788,23.1788,23.1788,23.1788,300,0
RTXG.US,5,20251027,155500,23.17,23.17,23.17,23.17,100,0
RTXG.US,5,20251027,161000,23.09,23.09,23.09,23.09,500,0
RTXG.US,5,20251027,162500,23.08,23.08,23.08,23.08,231,0
RTXG.US,5,20251027,163000,23.16,23.16,23.16,23.16,100,0
RTXG.US,5,20251027,164500,23.28,23.28,23.27,23.27,700,0
RTXG.US,5,20251027,180000,23.2855,23.2855,23.24,23.24,479,0
RTXG.US,5,20251027,183500,23.22,23.22,23.22,23.22,295,0
RTXG.US,5,20251027,195500,23.21,23.21,23.21,23.21,903,0
RTXG.US,5,20251027,200000,23.2206,23.2206,23.211,23.211,1598,0
RTXG.US,5,20251027,205500,23.43,23.43,23.43,23.43,100,0
RTXG.US,5,20251028,143000,23.24,23.24,23.24,23.24,102,0
RTXG.US,5,20251028,143500,23.46,23.46,23.46,23.46,221,0
RTXG.US,5,20251028,144000,23.6,23.6,23.6,23.6,418,0
RTXG.US,5,20251028,151000,23.6,23.6,23.6,23.6,100,0
RTXG.US,5,20251028,160500,23.85,23.85,23.85,23.85,424,0
RTXG.US,5,20251028,170000,23.6093,23.6093,23.6093,23.6093,300,0
RTXG.US,5,20251028,185500,23.5255,23.5255,23.5255,23.5255,300,0
RTXG.US,5,20251029,143000,23.07,23.07,23.07,23.07,105,0
RTXG.US,5,20251029,144000,23.16,23.16,23.16,23.16,183,0
RTXG.US,5,20251029,145500,23.211,23.2312,23.211,23.2312,408,0
RTXG.US,5,20251029,150000,23.3,23.3,23.3,23.3,100,0
RTXG.US,5,20251029,153500,23.1301,23.1301,23.1301,23.1301,1250,0
RTXG.US,5,20251029,154500,23.16,23.16,23.16,23.16,151,0
RTXG.US,5,20251029,164500,23.0592,23.071,23.0592,23.071,1300,0
RTXG.US,5,20251029,171000,22.8936,22.8936,22.8936,22.8936,210,0
RTXG.US,5,20251029,173000,22.9116,22.921,22.9116,22.921,1599,0
RTXG.US,5,20251029,180000,22.9848,22.9848,22.9848,22.9848,1000,0
RTXG.US,5,20251029,181000,22.8899,22.8899,22.8899,22.8899,224,0
RTXG.US,5,20251029,181500,22.9236,22.9236,22.9236,22.9236,700,0
RTXG.US,5,20251029,191000,22.9591,22.9591,22.9591,22.9591,122,0
RTXG.US,5,20251029,193500,22.72,22.72,22.72,22.72,100,0
RTXG.US,5,20251029,194000,22.5978,22.5978,22.5978,22.5978,130,0
RTXG.US,5,20251029,194500,22.655,22.655,22.655,22.655,100,0
RTXG.US,5,20251029,200500,22.845,22.845,22.845,22.845,100,0
RTXG.US,5,20251029,204000,22.66,22.66,22.66,22.66,100,0
RTXG.US,5,20251029,205000,22.63,22.71,22.63,22.69,500,0
RTXG.US,5,20251029,205500,22.68,22.68,22.68,22.68,200,0
RTXG.US,5,20251030,143000,23.005,23.005,23.005,23.005,136,0
RTXG.US,5,20251030,143500,22.975,22.975,22.975,22.975,136,0
RTXG.US,5,20251030,144500,22.97,23.11,22.97,23.11,600,0
RTXG.US,5,20251030,145000,22.91,22.91,22.91,22.91,496,0
RTXG.US,5,20251030,150000,23.01,23.01,23.01,23.01,400,0
RTXG.US,5,20251030,152000,23.099,23.099,23.099,23.099,100,0
RTXG.US,5,20251030,153000,23.0919,23.0919,23.0919,23.0919,220,0
RTXG.US,5,20251030,154500,23.25,23.25,23.2,23.2,1100,0
RTXG.US,5,20251030,155000,23.2,23.2,23.2,23.2,100,0
RTXG.US,5,20251030,161000,23.265,23.265,23.265,23.265,100,0
RTXG.US,5,20251030,161500,23.1788,23.1788,23.1788,23.1788,300,0
RTXG.US,5,20251030,171500,23.06,23.06,23.06,23.06,200,0
RTXG.US,5,20251030,172500,23.06,23.06,23.06,23.06,137,0
RTXG.US,5,20251030,192000,23.0785,23.099,23.0785,23.099,300,0
RTXG.US,5,20251030,192500,23.1,23.1,23.1,23.1,100,0
RTXG.US,5,20251031,143000,23.11,23.11,23.11,23.11,180,0
RTXG.US,5,20251031,144000,23.0497,23.0497,23.0497,23.0497,300,0
RTXG.US,5,20251031,144500,22.95,22.95,22.95,22.95,100,0
RTXG.US,5,20251031,150000,22.8242,22.8242,22.8242,22.8242,100,0
RTXG.US,5,20251031,151000,22.85,22.96,22.8475,22.9441,1600,0
RTXG.US,5,20251031,151500,22.95,22.95,22.95,22.95,200,0
RTXG.US,5,20251031,161500,22.9345,22.9345,22.9345,22.9345,200,0
RTXG.US,5,20251031,171000,22.917,22.917,22.917,22.917,200,0
RTXG.US,5,20251031,181000,22.8034,22.8034,22.8034,22.8034,144,0
RTXG.US,5,20251031,183000,22.86,22.86,22.86,22.86,100,0
RTXG.US,5,20251031,193000,23.1,23.1,23.1,23.1,400,0
RTXG.US,5,20251031,195000,23.101,23.1123,23.101,23.1123,600,0
RTXG.US,5,20251031,200500,23.2073,23.2073,23.2073,23.2073,175,0
RTXG.US,5,20251031,202000,23.34,23.34,23.34,23.34,100,0
RTXG.US,5,20251031,203000,23.3999,23.3999,23.3999,23.3999,146,0
RTXG.US,5,20251031,203500,23.34,23.34,23.34,23.34,120,0
RTXG.US,5,20251031,204500,23.358804,23.358804,23.358804,23.358804,120,0
RTXG.US,5,20251031,205000,23.33,23.33,23.33,23.33,100,0
RTXG.US,5,20251103,153000,23.21,23.21,23.21,23.21,120,0
RTXG.US,5,20251103,153500,22.965,22.965,22.82,22.82,816,0
RTXG.US,5,20251103,155500,22.63,22.63,22.63,22.63,101,0
RTXG.US,5,20251103,161000,22.665,22.665,22.665,22.665,350,0
RTXG.US,5,20251103,162500,22.5,22.5,22.5,22.5,156,0
RTXG.US,5,20251103,165000,22.7,22.7,22.7,22.7,100,0
RTXG.US,5,20251103,170000,22.73,22.73,22.73,22.73,100,0
RTXG.US,5,20251103,181000,22.799,22.799,22.799,22.799,300,0
RTXG.US,5,20251103,184000,22.786,22.786,22.786,22.786,100,0
RTXG.US,5,20251103,185500,22.79,22.79,22.79,22.79,100,0
RTXG.US,5,20251103,194500,22.791,22.791,22.791,22.791,175,0
RTXG.US,5,20251103,212500,22.77,22.77,22.77,22.77,100,0
RTXG.US,5,20251104,153000,22.52,22.52,22.52,22.52,404,0
RTXG.US,5,20251104,154000,22.76,22.76,22.76,22.76,157,0
RTXG.US,5,20251104,155500,22.885,22.885,22.885,22.885,131,0
RTXG.US,5,20251104,161000,22.852,22.852,22.852,22.852,100,0
RTXG.US,5,20251104,161500,22.8839,22.8839,22.8839,22.8839,150,0
RTXG.US,5,20251104,162000,22.8399,22.8399,22.8399,22.8399,119,0
RTXG.US,5,20251104,191500,22.52,22.52,22.52,22.52,100,0
RTXG.US,5,20251105,153000,22.1,22.39,22.1,22.39,2288,0
RTXG.US,5,20251105,153500,22.54,22.56,22.54,22.55,700,0
RTXG.US,5,20251105,154000,22.58,22.68,22.53,22.53,300,0
RTXG.US,5,20251105,164500,22.5395,22.549,22.5395,22.549,200,0
RTXG.US,5,20251105,170500,22.6,22.6,22.6,22.6,413,0
RTXG.US,5,20251105,180000,22.31,22.36,22.24,22.24,5132,0
RTXG.US,5,20251105,180500,22.2933,22.2933,22.2933,22.2933,170,0
RTXG.US,5,20251105,182000,22.33,22.33,22.33,22.33,100,0
RTXG.US,5,20251105,191000,22.23,22.23,22.23,22.23,100,0
RTXG.US,5,20251105,192000,22.27,22.27,22.26,22.26,200,0
RTXG.US,5,20251105,194000,22.24,22.24,22.24,22.24,100,0
RTXG.US,5,20251105,202500,22.24,22.24,22.24,22.24,300,0
RTXG.US,5,20251105,203500,22.2449,22.2449,22.2449,22.2449,125,0
RTXG.US,5,20251105,211500,22.24,22.24,22.24,22.24,620,0
RTXG.US,5,20251105,213500,22.18,22.18,22.18,22.18,300,0
RTXG.US,5,20251105,215000,22.17,22.17,22.17,22.17,400,0
RTXG.US,5,20251105,215500,22.1585,22.1585,22.1585,22.1585,100,0
RTXG.US,5,20251106,165500,22.29,22.29,22.29,22.29,100,0
RTXG.US,5,20251106,214000,22.3455,22.3455,22.3455,22.3455,224,0
RTXG.US,5,20251107,154000,22.2572,22.2572,22.2572,22.2572,150,0
RTXG.US,5,20251107,154500,22.2201,22.2201,22.22,22.22,200,0
RTXG.US,5,20251107,161000,22.38,22.39,22.37,22.37,1200,0
RTXG.US,5,20251107,164500,22.07,22.07,22.07,22.07,164,0
RTXG.US,5,20251107,171000,22.39,22.4005,22.39,22.4005,400,0
RTXG.US,5,20251107,172500,22.328,22.328,22.328,22.328,250,0
RTXG.US,5,20251107,175500,22.35,22.35,22.35,22.35,100,0
RTXG.US,5,20251107,204500,22.84,22.84,22.84,22.84,100,0
RTXG.US,5,20251107,212500,22.84,22.84,22.84,22.84,921,0
RTXG.US,5,20251107,214000,22.875,22.8833,22.81,22.81,670,0
RTXG.US,5,20251110,153000,23.02,23.02,23.02,23.02,113,0
RTXG.US,5,20251110,171500,22.81,22.81,22.81,22.81,413,0
RTXG.US,5,20251110,180500,22.97,22.97,22.97,22.97,500,0
RTXG.US,5,20251110,182000,23.05,23.05,23.05,23.05,100,0
RTXG.US,5,20251110,191500,23.26,23.26,23.26,23.26,900,0
RTXG.US,5,20251110,204000,23.284,23.284,23.284,23.284,250,0
RTXG.US,5,20251110,205000,23.32,23.32,23.32,23.32,100,0
RTXG.US,5,20251111,154500,23.19,23.19,23.19,23.19,250,0
RTXG.US,5,20251111,181500,22.88,22.88,22.88,22.88,124,0
RTXG.US,5,20251111,190500,23.25,23.25,23.25,23.25,300,0
RTXG.US,5,20251111,191000,23.27,23.27,23.27,23.27,200,0
RTXG.US,5,20251111,192000,23.32,23.96,23.23,23.23,14416,0
RTXG.US,5,20251111,203000,23.319,23.319,23.319,23.319,300,0
RTXG.US,5,20251111,205500,23.26,23.26,23.26,23.26,320,0
RTXG.US,5,20251111,211000,23.23,23.23,23.23,23.23,100,0
RTXG.US,5,20251111,215500,23.3208,23.3208,23.31,23.32,476,0
RTXG.US,5,20251112,153000,22.92,22.92,22.92,22.92,119,0
RTXG.US,5,20251112,182000,23.36,23.36,23.36,23.36,250,0
RTXG.US,5,20251112,185500,23.37,23.37,23.37,23.37,200,0
RTXG.US,5,20251112,190000,23.4115,23.4115,23.4115,23.4115,100,0
RTXG.US,5,20251112,215000,23.0721,23.0721,23.045,23.045,300,0
RTXG.US,5,20251113,155000,22.34,22.34,22.29,22.29,305,0
RTXG.US,5,20251113,155500,22.25,22.25,22.25,22.25,110,0
RTXG.US,5,20251113,160000,22.13,22.13,22.13,22.13,250,0
RTXG.US,5,20251113,164500,22.3311,22.3311,22.3311,22.3311,639,0
RTXG.US,5,20251113,171000,22.35,22.35,22.35,22.35,100,0
RTXG.US,5,20251113,191500,22.23,22.23,22.17,22.17,645,0
RTXG.US,5,20251113,194000,22.115,22.115,22.115,22.115,200,0
RTXG.US,5,20251113,200000,22.2,22.2,22.2,22.2,235,0
RTXG.US,5,20251114,154000,22.0056,22.0056,22.0056,22.0056,100,0
RTXG.US,5,20251114,160500,21.9,21.9,21.9,21.9,100,0
RTXG.US,5,20251114,164000,22.1,22.1,22.1,22.1,500,0
RTXG.US,5,20251114,165500,22.0926,22.0926,22.0926,22.0926,135,0
RTXG.US,5,20251114,171500,22.179,22.179,22.1507,22.1507,200,0
RTXG.US,5,20251114,174500,22.2812,22.2812,22.2812,22.2812,120,0
RTXG.US,5,20251114,181000,22.22,22.22,22.22,22.22,100,0
RTXG.US,5,20251114,181500,22.235,22.235,22.235,22.235,190,0
RTXG.US,5,20251114,185500,22.18,22.18,22.18,22.18,360,0
RTXG.US,5,20251114,193000,22.07,22.08,22.07,22.07,760,0
RTXG.US,5,20251114,193500,22.04,22.04,22.04,22.04,100,0
RTXG.US,5,20251114,195500,22.12,22.12,22.12,22.12,980,0
RTXG.US,5,20251114,200500,22.14,22.14,22.14,22.14,100,0
RTXG.US,5,20251114,202500,22.23,22.23,22.23,22.23,1280,0
RTXG.US,5,20251114,203000,22.2592,22.2592,22.2592,22.2592,100,0
RTXG.US,5,20251114,210500,22.33,22.33,22.33,22.33,880,0
RTXG.US,5,20251114,211000,22.35,22.42,22.35,22.42,555,0
RTXG.US,5,20251114,213000,22.33,22.33,22.33,22.33,560,0
RTXG.US,5,20251114,213500,22.37,22.37,22.37,22.37,100,0
RTXG.US,5,20251114,214500,22.25,22.25,22.25,22.25,463,0
RTXG.US,5,20251114,215000,22.32,22.32,22.32,22.32,100,0
RTXG.US,5,20251117,170000,22.35,22.35,22.35,22.35,2500,0
RTXG.US,5,20251117,172500,22.21,22.23,22.21,22.23,218,0
RTXG.US,5,20251117,180500,22.281,22.2814,22.281,22.2814,400,0
RTXG.US,5,20251117,181000,22.24,22.24,22.24,22.24,100,0
RTXG.US,5,20251117,184500,22.22,22.22,22.22,22.22,520,0
RTXG.US,5,20251117,192000,22.25,22.28,22.24,22.28,1190,0
RTXG.US,5,20251117,193500,22.39,22.39,22.39,22.39,100,0
RTXG.US,5,20251117,204500,22.26,22.26,22.26,22.26,520,0
RTXG.US,5,20251117,213000,22.25,22.25,22.25,22.25,100,0
RTXG.US,5,20251117,213500,22.26,22.26,22.26,22.26,629,0
RTXG.US,5,20251118,164000,22.23,22.23,22.23,22.23,200,0
RTXG.US,5,20251118,204000,22.223,22.223,22.223,22.223,290,0
RTXG.US,5,20251119,162000,21.9404,21.9404,21.9404,21.9404,600,0
RTXG.US,5,20251120,153000,22.33,22.33,22.33,22.33,511,0
RTXG.US,5,20251120,154500,22.57,22.57,22.57,22.57,200,0
RTXG.US,5,20251120,155000,22.61,22.62,22.61,22.6101,8000,0
RTXG.US,5,20251120,183000,21.68,21.68,21.68,21.68,600,0
RTXG.US,5,20251120,185500,21.6,21.6,21.6,21.6,300,0
RTXG.US,5,20251120,192500,21.87,21.87,21.87,21.87,400,0
RTXG.US,5,20251120,194500,21.65,21.65,21.65,21.65,300,0
RTXG.US,5,20251120,213000,21.82,21.82,21.82,21.82,700,0
RTXG.US,5,20251120,214500,21.61,21.61,21.61,21.61,700,0
RTXG.US,5,20251120,215500,21.53,21.53,21.53,21.53,200,0
RTXG.US,5,20251121,154000,21,21,21,21,100,0
RTXG.US,5,20251121,160000,21.1,21.1,21.1,21.1,100,0
RTXG.US,5,20251121,170000,20.77,20.77,20.77,20.77,153,0
RTXG.US,5,20251121,180000,21.09,21.16,21.09,21.16,8557,0
RTXG.US,5,20251121,180500,20.99,20.99,20.99,20.99,500,0
RTXG.US,5,20251121,184000,21.1301,21.1301,21.1301,21.1301,225,0
RTXG.US,5,20251121,215000,20.99,20.99,20.99,20.99,222,0
RTXG.US,5,20251124,153000,20.78,20.78,20.71,20.71,2716,0
RTXG.US,5,20251124,161500,21.075,21.075,21.075,21.075,999,0
RTXG.US,5,20251124,163500,21.25,21.25,21.25,21.25,100,0
RTXG.US,5,20251124,164000,21.2897,21.2897,21.2897,21.2897,200,0
RTXG.US,5,20251124,184000,21.565,21.565,21.565,21.565,704,0
RTXG.US,5,20251124,191000,21.55,21.55,21.53,21.53,200,0
RTXG.US,5,20251124,192000,21.49,21.49,21.49,21.49,100,0
RTXG.US,5,20251124,193500,21.46,21.46,21.46,21.46,678,0
RTXG.US,5,20251124,200000,21.53,21.56,21.53,21.55,800,0
RTXG.US,5,20251124,215000,21.77,21.77,21.7699,21.7699,1110,0
RTXG.US,5,20251125,154500,21.1969,21.1969,21.1969,21.1969,200,0
RTXG.US,5,20251125,205000,21.71,21.71,21.71,21.71,100,0
RTXG.US,5,20251126,203000,22.04,22.04,22.04,22.04,400,0
RTXG.US,5,20251126,215500,21.83,21.83,21.81,21.81,913,0
RTXG.US,5,20251128,172500,22.0212,22.0212,22.0212,22.0212,500,0
RTXG.US,5,20251128,175000,22.11,22.11,22.11,22.11,100,0
RTXG.US,5,20251128,182000,22.1,22.1,22.1,22.1,110,0
RTXG.US,5,20251201,155000,21.7191,21.7191,21.7191,21.7191,900,0
RTXG.US,5,20251201,160500,21.590964,21.590964,21.590964,21.590964,195,0
RTXG.US,5,20251201,161500,21.385,21.385,21.385,21.385,180,0
RTXG.US,5,20251201,163000,21.325,21.325,21.325,21.325,100,0
RTXG.US,5,20251201,165500,21,21,21,21,100,0
RTXG.US,5,20251201,191000,21.08,21.08,21.08,21.08,100,0
RTXG.US,5,20251201,192000,21.04,21.04,21.0366,21.0366,2000,0
RTXG.US,5,20251201,205000,20.9439,20.9439,20.9439,20.9439,1000,0
RTXG.US,5,20251201,213000,20.7,20.7,20.7,20.7,100,0
RTXG.US,5,20251201,215500,20.54,20.54,20.47,20.47,200,0
RTXG.US,5,20251202,161000,20.7,20.7,20.7,20.7,500,0
RTXG.US,5,20251202,162000,20.67,20.71,20.67,20.71,200,0
RTXG.US,5,20251202,163000,20.66,20.66,20.66,20.66,100,0
RTXG.US,5,20251202,164500,20.769,20.769,20.769,20.769,200,0
RTXG.US,5,20251202,170500,20.64,20.705,20.64,20.68,1508,0
RTXG.US,5,20251202,174500,20.69,20.69,20.69,20.69,560,0
RTXG.US,5,20251202,190000,20.63,20.63,20.61,20.63,1140,0
RTXG.US,5,20251202,191000,20.5347,20.5347,20.5347,20.5347,200,0
RTXG.US,5,20251202,194500,20.5,20.5,20.5,20.5,100,0
RTXG.US,5,20251202,215500,20.635,20.6499,20.635,20.6499,341,0
RTXG.US,5,20251203,170500,20.37,20.37,20.36,20.37,5000,0
RTXG.US,5,20251203,171500,20.422,20.43,20.4097,20.42,9663,0
RTXG.US,5,20251203,173000,20.3452,20.3452,20.3452,20.3452,500,0
RTXG.US,5,20251203,184000,20.2481,20.2481,20.2481,20.2481,125,0
RTXG.US,5,20251203,190000,20.3285,20.3285,20.3285,20.3285,101,0
RTXG.US,5,20251203,201500,20.42,20.42,20.42,20.42,200,0
RTXG.US,5,20251203,203000,20.48,20.48,20.48,20.48,1100,0
RTXG.US,5,20251203,214500,20.59,20.59,20.59,20.59,1200,0
RTXG.US,5,20251204,153000,20.37,20.37,20.37,20.37,929,0
RTXG.US,5,20251204,154500,21.01,21.0101,20.94,20.97,22696,0
RTXG.US,5,20251204,161000,21.11,21.11,21.05,21.05,678,0
RTXG.US,5,20251204,165000,21.232,21.232,21.232,21.232,100,0
RTXG.US,5,20251204,181000,21.35,21.35,21.35,21.35,100,0
RTXG.US,5,20251204,181500,21.39,21.39,21.39,21.39,126,0
RTXG.US,5,20251204,183500,21.35,21.35,21.35,21.35,100,0
RTXG.US,5,20251204,184000,21.325,21.325,21.325,21.325,300,0
RTXG.US,5,20251204,185000,21.27,21.27,21.27,21.27,100,0
RTXG.US,5,20251204,192000,21.27,21.27,21.27,21.27,103,0
RTXG.US,5,20251204,204000,21.25,21.25,21.23,21.23,226,0
RTXG.US,5,20251204,205500,21.28,21.29,21.2767,21.29,5631,0
RTXG.US,5,20251204,210500,21.1,21.1,21.1,21.1,961,0
RTXG.US,5,20251205,155000,21.15,21.15,21.15,21.15,100,0
RTXG.US,5,20251205,163000,21.1,21.1,21.1,21.1,300,0
RTXG.US,5,20251205,172500,20.98,20.98,20.98,20.98,500,0
RTXG.US,5,20251205,183500,20.7,20.7,20.7,20.7,100,0
RTXG.US,5,20251205,212500,21.0413,21.0413,21.0413,21.0413,100,0
RTXG.US,5,20251205,215500,21.19,21.19,21.19,21.19,100,0
RTXG.US,5,20251208,153000,21.24,21.24,21.24,21.24,102,0
RTXG.US,5,20251208,153500,21.25,21.27,21.25,21.27,5000,0
RTXG.US,5,20251208,154000,21.4,21.4,21.28,21.33,339,0
RTXG.US,5,20251208,154500,21.37,21.37,21.37,21.37,136,0
RTXG.US,5,20251208,155000,21.27,21.27,21.27,21.27,100,0
RTXG.US,5,20251208,171000,20.88,20.88,20.88,20.88,136,0
RTXG.US,5,20251208,172000,20.902,20.902,20.902,20.902,500,0
RTXG.US,5,20251208,174000,20.96,20.96,20.96,20.96,280,0
RTXG.US,5,20251208,181000,20.92,20.92,20.92,20.92,840,0
RTXG.US,5,20251208,184000,21.04,21.04,21.04,21.04,100,0
RTXG.US,5,20251208,203000,21.09,21.09,21.09,21.09,100,0
RTXG.US,5,20251209,154000,21.99,22.1012,21.99,22.1012,6016,0
RTXG.US,5,20251209,154500,22.19,22.19,22.19,22.19,100,0
RTXG.US,5,20251209,155000,22.28,22.28,22.28,22.28,100,0
RTXG.US,5,20251209,162000,22.0499,22.0499,22.0499,22.0499,200,0
RTXG.US,5,20251209,164000,22.04,22.04,22.04,22.04,100,0
RTXG.US,5,20251209,165000,21.979,21.979,21.959,21.959,1300,0
RTXG.US,5,20251209,165500,21.96,21.96,21.96,21.96,100,0
RTXG.US,5,20251209,170000,21.88,21.88,21.88,21.88,100,0
RTXG.US,5,20251209,170500,21.999,22,21.999,22,500,0
RTXG.US,5,20251209,171000,22.21,22.21,22.21,22.21,100,0
RTXG.US,5,20251209,171500,22.28,22.28,22.28,22.28,100,0
RTXG.US,5,20251209,173000,22.115,22.115,22.11,22.11,250,0
RTXG.US,5,20251209,173500,22.064,22.064,22.064,22.064,100,0
RTXG.US,5,20251209,175000,21.997,21.997,21.997,21.997,250,0
RTXG.US,5,20251209,180000,21.9,21.9,21.9,21.9,100,0
RTXG.US,5,20251209,183000,21.8696,21.8696,21.8696,21.8696,100,0
RTXG.US,5,20251209,200500,21.59,21.59,21.59,21.59,100,0
RTXG.US,5,20251209,203000,21.65,21.65,21.65,21.65,100,0
RTXG.US,5,20251209,214500,21.5,21.5,21.4999,21.4999,200,0
RTXG.US,5,20251210,154000,21.22,21.22,21.22,21.22,200,0
RTXG.US,5,20251210,155000,21.27,21.27,21.27,21.27,100,0
RTXG.US,5,20251210,180000,21.7,21.7,21.7,21.7,100,0
RTXG.US,5,20251210,181500,21.7732,21.7732,21.7732,21.7732,100,0
RTXG.US,5,20251210,184500,21.788,21.788,21.788,21.788,100,0
RTXG.US,5,20251210,195000,22.24,22.24,22.2399,22.2399,400,0
RTXG.US,5,20251210,200000,22.25,22.25,22.25,22.25,149,0
RTXG.US,5,20251210,200500,22.25,22.25,22.25,22.25,199,0
RTXG.US,5,20251210,201000,22.32,22.3211,22.28,22.3201,9560,0
RTXG.US,5,20251210,202000,22.29,22.29,22.29,22.29,203,0
RTXG.US,5,20251210,202500,22.2602,22.2614,22.2602,22.2614,400,0
RTXG.US,5,20251210,205000,22.55,22.55,22.55,22.55,218,0
RTXG.US,5,20251210,210000,22.59,22.62,22.59,22.62,318,0
RTXG.US,5,20251210,210500,22.6299,22.6299,22.6299,22.6299,200,0
RTXG.US,5,20251210,212500,22.395,22.395,22.395,22.395,300,0
RTXG.US,5,20251210,213000,22.395,22.395,22.395,22.395,100,0
RTXG.US,5,20251210,215500,22.01,22.01,22.01,22.01,600,0
RTXG.US,5,20251211,154500,22.1874,22.1874,22.1874,22.1874,100,0
RTXG.US,5,20251211,155500,22.07,22.07,22.07,22.07,100,0
RTXG.US,5,20251211,161000,22.341,22.346,22.341,22.346,300,0
RTXG.US,5,20251211,162500,22.74,22.74,22.74,22.74,100,0
RTXG.US,5,20251211,165500,22.799,22.799,22.7764,22.7764,1600,0
RTXG.US,5,20251211,172000,22.7912,22.7912,22.7912,22.7912,200,0
RTXG.US,5,20251211,174000,22.79,22.79,22.79,22.79,100,0
RTXG.US,5,20251211,182500,22.91,22.91,22.91,22.91,1800,0
RTXG.US,5,20251211,184000,22.9136,22.9136,22.9136,22.9136,268,0
RTXG.US,5,20251211,185000,22.923,22.929,22.923,22.929,216,0
RTXG.US,5,20251211,190500,22.99,22.99,22.99,22.99,587,0
RTXG.US,5,20251211,191000,23,23,23,23,100,0
RTXG.US,5,20251211,192000,23.06,23.09,23.06,23.09,600,0
RTXG.US,5,20251211,193000,23.13,23.13,23.13,23.13,100,0
RTXG.US,5,20251211,194500,23.1468,23.1468,23.1468,23.1468,300,0
RTXG.US,5,20251211,205000,23.03,23.03,23.03,23.03,100,0
RTXG.US,5,20251211,212000,22.96,22.96,22.96,22.96,100,0
RTXG.US,5,20251211,215500,22.78,22.78,22.78,22.78,100,0
RTXG.US,5,20251212,154000,22.78,22.85,22.78,22.85,408,0
RTXG.US,5,20251212,164500,23.09,23.09,23.09,23.09,100,0
RTXG.US,5,20251212,165500,22.85,22.85,22.85,22.85,400,0
RTXG.US,5,20251212,172000,22.59,22.62,22.59,22.62,200,0
RTXG.US,5,20251212,173500,22.6,22.6,22.6,22.6,216,0
RTXG.US,5,20251212,175500,22.71,22.71,22.71,22.71,198,0
RTXG.US,5,20251212,180000,22.77,22.77,22.77,22.77,400,0
RTXG.US,5,20251212,191000,23.07,23.07,23.07,23.07,100,0
RTXG.US,5,20251212,194000,23.08,23.08,23.08,23.08,100,0
RTXG.US,5,20251212,200500,22.96,22.96,22.96,22.96,500,0
RTXG.US,5,20251212,210000,22.776,22.776,22.776,22.776,164,0
RTXG.US,5,20251212,210500,22.776,22.776,22.776,22.776,274,0
RTXG.US,5,20251212,215000,22.97,22.97,22.97,22.97,586,0
RTXG.US,5,20251215,153000,23.09,23.34,23.09,23.34,250,0
RTXG.US,5,20251215,153500,23.7,23.7,23.7,23.7,100,0
RTXG.US,5,20251215,154000,23.7,23.7,23.7,23.7,100,0
RTXG.US,5,20251215,155000,23.65,23.65,23.65,23.65,600,0
RTXG.US,5,20251215,161500,23.52,23.56,23.52,23.56,801,0
RTXG.US,5,20251215,162000,23.56,23.56,23.56,23.56,129,0
RTXG.US,5,20251215,162500,23.54,23.54,23.54,23.54,107,0
RTXG.US,5,20251215,163000,23.5,23.5,23.5,23.5,100,0
RTXG.US,5,20251215,173500,23.49,23.49,23.49,23.49,300,0
RTXG.US,5,20251215,202000,23.66,23.66,23.66,23.66,200,0
RTXG.US,5,20251215,203000,23.69,23.69,23.69,23.69,100,0
RTXG.US,5,20251215,211000,23.83,23.83,23.83,23.83,100,0
RTXG.US,5,20251215,215500,23.96,23.96,23.96,23.96,36228,0
RTXG.US,5,20251216,153000,23.88,23.88,23.88,23.88,104,0
RTXG.US,5,20251216,153500,23.51,23.5299,23.51,23.51,1207,0
RTXG.US,5,20251216,155000,23.65,23.6669,23.65,23.6669,797,0
RTXG.US,5,20251216,160000,23.8,23.8,23.76,23.76,200,0
RTXG.US,5,20251216,160500,23.7498,23.7498,23.7498,23.7498,113,0
RTXG.US,5,20251216,161500,23.53,23.53,23.53,23.53,302,0
RTXG.US,5,20251216,162500,23.4,23.4,23.4,23.4,1796,0
RTXG.US,5,20251216,163000,23.5949,23.5949,23.5949,23.5949,194,0
RTXG.US,5,20251216,165000,23.511,23.511,23.511,23.511,196,0
RTXG.US,5,20251216,185500,23.1508,23.1508,23.1508,23.1508,200,0
RTXG.US,5,20251216,191000,23.16,23.16,23.16,23.16,292,0
RTXG.US,5,20251216,193000,23.19,23.19,23.19,23.19,688,0
RTXG.US,5,20251216,193500,23.13,23.13,23.13,23.13,100,0
RTXG.US,5,20251216,195500,23.401,23.401,23.401,23.401,192,0
RTXG.US,5,20251216,215000,23.2662,23.2701,23.26,23.2701,2064,0
RTXG.US,5,20251216,215500,23.26,23.26,23.26,23.26,288,0
RTXG.US,5,20251217,153500,22.69,22.755,22.68,22.755,900,0
RTXG.US,5,20251217,161000,23.0801,23.0801,23.0801,23.0801,100,0
RTXG.US,5,20251217,161500,23.14,23.14,23.13,23.13,257,0
RTXG.US,5,20251217,165000,23.07,23.07,23.07,23.07,100,0
RTXG.US,5,20251217,165500,23.08,23.08,23.08,23.08,140,0
RTXG.US,5,20251217,172000,23.1537,23.1537,23.1537,23.1537,165,0
RTXG.US,5,20251217,172500,23.081,23.081,23.081,23.081,100,0
RTXG.US,5,20251217,173000,23.035,23.035,23.035,23.035,200,0
RTXG.US,5,20251217,174000,22.941,23.01,22.941,23.01,700,0
RTXG.US,5,20251217,175000,22.99,23,22.99,22.991,350,0
RTXG.US,5,20251217,181500,23.08,23.08,23.08,23.08,100,0
RTXG.US,5,20251217,182500,23.071,23.071,23.071,23.071,164,0
RTXG.US,5,20251217,204500,22.641,22.641,22.64,22.64,217,0
RTXG.US,5,20251217,213500,22.4722,22.4722,22.4722,22.4722,584,0
RTXG.US,5,20251217,214500,22.57,22.57,22.53,22.55,36229,0
RTXG.US,5,20251217,215000,22.5651,22.5651,22.5651,22.5651,600,0
RTXG.US,5,20251217,215500,22.52,22.52,22.52,22.52,400,0
RTXG.US,5,20251218,155000,23.14,23.14,23.14,23.14,399,0
RTXG.US,5,20251218,160000,23.11,23.11,23.11,23.11,100,0
RTXG.US,5,20251218,160500,23.15,23.15,23.14,23.14,300,0
RTXG.US,5,20251218,162000,23.28,23.28,23.28,23.28,105,0
RTXG.US,5,20251218,163000,23.32,23.32,23.32,23.32,100,0
RTXG.US,5,20251218,164500,23.345,23.345,23.345,23.345,100,0
RTXG.US,5,20251218,174000,23.379,23.379,23.3686,23.3686,2000,0
RTXG.US,5,20251218,175000,23.28,23.28,23.28,23.28,106,0
RTXG.US,5,20251218,182500,22.97,22.97,22.97,22.97,100,0
RTXG.US,5,20251218,190500,23.129,23.129,23.129,23.129,432,0
RTXG.US,5,20251218,191000,23.16,23.16,23.16,23.16,100,0
RTXG.US,5,20251218,201000,23.2,23.2,23.2,23.2,500,0
RTXG.US,5,20251218,202000,23.11,23.11,23.11,23.11,100,0
RTXG.US,5,20251218,203500,23.04,23.04,23.04,23.04,499,0
RTXG.US,5,20251218,210000,23.06,23.06,23.06,23.06,499,0
RTXG.US,5,20251218,211500,23.03,23.03,23.03,23.03,100,0
RTXG.US,5,20251219,153000,23.23,23.23,23.23,23.23,166,0
RTXG.US,5,20251219,153500,23.3,23.3,23.3,23.3,100,0
RTXG.US,5,20251219,154500,23.27,23.3,23.27,23.3,374,0
RTXG.US,5,20251219,155500,23.404,23.404,23.404,23.404,600,0
RTXG.US,5,20251219,162500,23.53,23.53,23.53,23.53,179,0
RTXG.US,5,20251219,165500,23.56,23.56,23.56,23.56,100,0
RTXG.US,5,20251219,170500,23.61,23.61,23.61,23.61,100,0
RTXG.US,5,20251219,174500,23.72,23.72,23.72,23.72,100,0
RTXG.US,5,20251219,180500,23.85,23.85,23.85,23.85,100,0
RTXG.US,5,20251219,210500,24.065,24.065,24.065,24.065,130,0
RTXG.US,5,20251222,153000,24.06,24.06,24,24,340,0
RTXG.US,5,20251222,153500,24.05,24.05,24.05,24.05,250,0
RTXG.US,5,20251222,154000,24.08,24.08,23.94,23.94,205,0
RTXG.US,5,20251222,154500,23.8204,23.8204,23.82,23.82,1207,0
RTXG.US,5,20251222,160500,24.05,24.05,24.05,24.05,150,0
RTXG.US,5,20251222,161500,24.04,24.04,24.04,24.04,222,0
RTXG.US,5,20251222,163500,24.27,24.27,24.27,24.27,100,0
RTXG.US,5,20251222,164000,24.309,24.31,24.309,24.3099,300,0
RTXG.US,5,20251222,165500,24.4,24.4499,24.4,24.44,3372,0
RTXG.US,5,20251222,170000,24.3975,24.3975,24.3975,24.3975,200,0
RTXG.US,5,20251222,172500,24.56,24.565,24.56,24.565,600,0
RTXG.US,5,20251222,173000,24.5573,24.5573,24.5573,24.5573,1000,0
RTXG.US,5,20251222,182500,24.65,24.673,24.65,24.673,225,0
RTXG.US,5,20251222,183500,24.6598,24.67,24.6598,24.6598,400,0
RTXG.US,5,20251222,191500,24.74,24.74,24.74,24.74,100,0
RTXG.US,5,20251222,193500,24.725,24.725,24.725,24.725,100,0
RTXG.US,5,20251222,200500,24.79,24.79,24.79,24.79,1440,0
RTXG.US,5,20251222,212500,24.75,24.75,24.75,24.75,100,0
RTXG.US,5,20251222,213000,24.769,24.769,24.769,24.769,202,0
RTXG.US,5,20251222,214000,24.719,24.719,24.719,24.719,2000,0
