<TICKER>,<PER>,<DATE>,<TIME>,<OPEN>,<HIGH>,<LOW>,<CLOSE>,<VOL>,<OPENINT>
MXE.US,5,20250728,160500,10.77,10.77,10.77,10.77,100,0
MXE.US,5,20250728,164500,10.7025,10.72,10.7009,10.7048,3691,0
MXE.US,5,20250728,165000,10.7041,10.7336,10.55,10.5796,13099,0
MXE.US,5,20250728,171500,10.77,10.77,10.77,10.77,393,0
MXE.US,5,20250728,173000,10.72,10.72,10.72,10.72,200,0
MXE.US,5,20250728,183500,10.73,10.73,10.6103,10.6103,4790,0
MXE.US,5,20250728,190500,10.68,10.68,10.68,10.68,100,0
MXE.US,5,20250728,192000,10.6002,10.6002,10.6002,10.6002,574,0
MXE.US,5,20250728,192500,10.652,10.652,10.6,10.6001,1600,0
MXE.US,5,20250728,202000,10.59,10.5995,10.59,10.59,500,0
MXE.US,5,20250728,204000,10.5876,10.64,10.5876,10.64,1100,0
MXE.US,5,20250729,171000,10.65,10.65,10.65,10.65,100,0
MXE.US,5,20250729,172000,10.34,10.65,10.34,10.65,3607,0
MXE.US,5,20250729,173000,10.495,10.64,10.34,10.6235,4100,0
MXE.US,5,20250729,173500,10.5012,10.65,10.495,10.65,2255,0
MXE.US,5,20250729,174000,10.495,10.55,10.495,10.55,2600,0
MXE.US,5,20250729,174500,10.55,10.55,10.55,10.55,100,0
MXE.US,5,20250729,175500,10.549,10.55,10.4,10.5309,8353,0
MXE.US,5,20250729,180000,10.5309,10.5309,10.5309,10.5309,600,0
MXE.US,5,20250729,180500,10.6,10.6,10.6,10.6,100,0
MXE.US,5,20250729,181000,10.5987,10.6,10.5309,10.6,2390,0
MXE.US,5,20250729,182000,10.65,10.65,10.65,10.65,100,0
MXE.US,5,20250729,185000,10.65,10.65,10.64,10.65,445,0
MXE.US,5,20250729,193000,10.65,10.65,10.65,10.65,100,0
MXE.US,5,20250729,193500,10.65,10.7,10.6019,10.605,2266,0
MXE.US,5,20250729,202000,10.69,10.69,10.69,10.69,100,0
MXE.US,5,20250729,212000,10.69,10.7,10.69,10.7,300,0
MXE.US,5,20250729,213500,10.63,10.63,10.6,10.6,10850,0
MXE.US,5,20250729,214000,10.63,10.63,10.63,10.63,200,0
MXE.US,5,20250729,214500,10.7,10.7,10.7,10.7,159,0
MXE.US,5,20250729,215000,10.7,10.7,10.7,10.7,201,0
MXE.US,5,20250729,215500,10.7,10.7,10.7,10.7,300,0
MXE.US,5,20250730,161500,10.75,10.75,10.75,10.75,100,0
MXE.US,5,20250730,171000,10.72,10.72,10.72,10.72,2800,0
MXE.US,5,20250730,173000,10.7,10.7,10.7,10.7,200,0
MXE.US,5,20250730,175000,10.75,10.75,10.74,10.74,2150,0
MXE.US,5,20250730,181500,10.6695,10.76,10.6695,10.71,4000,0
MXE.US,5,20250730,182000,10.71,10.76,10.6601,10.6601,17153,0
MXE.US,5,20250730,182500,10.6687,10.76,10.6687,10.7124,20085,0
MXE.US,5,20250730,183000,10.72,10.732,10.6801,10.72,7000,0
MXE.US,5,20250730,183500,10.72,10.76,10.6801,10.6801,11100,0
MXE.US,5,20250730,184000,10.732,10.732,10.6801,10.72,7100,0
MXE.US,5,20250730,184500,10.68,10.72,10.6601,10.693,4900,0
MXE.US,5,20250730,185000,10.72,10.72,10.72,10.72,199,0
MXE.US,5,20250730,190000,10.68,10.72,10.68,10.71,500,0
MXE.US,5,20250730,190500,10.75,10.76,10.66,10.71,959,0
MXE.US,5,20250730,193500,10.76,10.76,10.73,10.73,400,0
MXE.US,5,20250730,200000,10.67,10.67,10.6601,10.6601,1100,0
MXE.US,5,20250730,200500,10.71,10.71,10.71,10.71,300,0
MXE.US,5,20250730,202500,10.71,10.71,10.71,10.71,100,0
MXE.US,5,20250730,203000,10.72,10.72,10.72,10.72,300,0
MXE.US,5,20250730,203500,10.72,10.72,10.72,10.72,5300,0
MXE.US,5,20250730,204000,10.72,10.72,10.72,10.72,450,0
MXE.US,5,20250730,204500,10.7,10.7001,10.68,10.6801,2000,0
MXE.US,5,20250730,205500,10.7,10.71,10.66,10.6601,6701,0
MXE.US,5,20250730,210500,10.7135,10.7135,10.7135,10.7135,100,0
MXE.US,5,20250730,211000,10.76,10.76,10.76,10.76,500,0
MXE.US,5,20250730,214500,10.67,10.67,10.67,10.67,800,0
MXE.US,5,20250730,215500,10.66,10.67,10.66,10.67,500,0
MXE.US,5,20250731,194500,10.59,10.59,10.59,10.59,1200,0
MXE.US,5,20250731,210000,10.51,10.6809,10.51,10.6809,3600,0
MXE.US,5,20250731,210500,10.6,10.6999,10.51,10.6999,4600,0
MXE.US,5,20250731,211000,10.51,10.5947,10.51,10.5947,4400,0
MXE.US,5,20250731,211500,10.6168,10.6168,10.6168,10.6168,900,0
MXE.US,5,20250731,212500,10.5,10.6999,10.5,10.646,18900,0
MXE.US,5,20250801,162500,10.5609,10.5609,10.5609,10.5609,400,0
MXE.US,5,20250801,165000,10.6099,10.6099,10.6089,10.6089,1100,0
MXE.US,5,20250801,172500,10.61,10.61,10.6,10.6,300,0
MXE.US,5,20250801,173000,10.6,10.6,10.6,10.6,100,0
MXE.US,5,20250801,174000,10.6,10.6,10.59,10.59,200,0
MXE.US,5,20250801,174500,10.6,10.6,10.6,10.6,100,0
MXE.US,5,20250801,182000,10.61,10.68,10.59,10.59,1648,0
MXE.US,5,20250801,193500,10.58,10.58,10.58,10.58,100,0
MXE.US,5,20250801,210000,10.5794,10.5794,10.5794,10.5794,106,0
MXE.US,5,20250804,155000,10.7877,10.7877,10.7877,10.7877,600,0
MXE.US,5,20250804,174000,10.75,10.75,10.66,10.66,200,0
MXE.US,5,20250804,185500,10.66,10.66,10.66,10.66,200,0
MXE.US,5,20250804,205000,10.7,10.7,10.7,10.7,125,0
MXE.US,5,20250805,163500,10.61,10.61,10.61,10.61,100,0
MXE.US,5,20250805,170500,10.69,10.77,10.69,10.75,1700,0
MXE.US,5,20250805,172000,10.62,10.62,10.62,10.62,100,0
MXE.US,5,20250805,172500,10.685,10.7738,10.6001,10.6001,3510,0
MXE.US,5,20250805,173000,10.7781,10.7781,10.75,10.75,1400,0
MXE.US,5,20250805,201500,10.7,10.7,10.7,10.7,100,0
MXE.US,5,20250805,215500,10.7071,10.7809,10.7,10.7809,4200,0
MXE.US,5,20250806,154000,10.7743,10.78,10.74,10.7514,3882,0
MXE.US,5,20250806,154500,10.79,10.805,10.755,10.805,4028,0
MXE.US,5,20250806,162000,10.77,10.77,10.77,10.77,100,0
MXE.US,5,20250806,171000,10.84,10.85,10.8,10.85,1600,0
MXE.US,5,20250806,171500,10.84,10.85,10.796,10.796,4100,0
MXE.US,5,20250806,172000,10.802,10.8485,10.802,10.8485,1800,0
MXE.US,5,20250806,172500,10.8415,10.8415,10.8415,10.8415,600,0
MXE.US,5,20250806,173000,10.802,10.8415,10.802,10.8415,1800,0
MXE.US,5,20250806,182500,10.8,10.8,10.8,10.8,100,0
MXE.US,5,20250806,185000,10.85,10.89,10.825,10.89,2200,0
MXE.US,5,20250806,185500,10.8162,10.8162,10.8162,10.8162,359,0
MXE.US,5,20250806,190500,10.855,10.855,10.8514,10.8514,200,0
MXE.US,5,20250806,191000,10.88,10.88,10.88,10.88,100,0
MXE.US,5,20250806,192000,10.9,10.9,10.8963,10.9,500,0
MXE.US,5,20250806,193000,10.89,10.89,10.86,10.86,200,0
MXE.US,5,20250806,201000,10.9,10.9,10.9,10.9,596,0
MXE.US,5,20250806,210500,10.9,10.9,10.9,10.9,350,0
MXE.US,5,20250806,215000,10.8282,10.8282,10.8282,10.8282,100,0
MXE.US,5,20250806,215500,10.8568,10.89,10.83,10.85,673,0
MXE.US,5,20250807,155000,10.81,10.81,10.81,10.81,100,0
MXE.US,5,20250807,180000,10.8244,10.8244,10.8244,10.8244,200,0
MXE.US,5,20250807,182500,10.76,10.76,10.76,10.76,400,0
MXE.US,5,20250807,190000,10.8298,10.8298,10.8298,10.8298,200,0
MXE.US,5,20250807,201000,10.8853,10.9,10.85,10.9,10951,0
MXE.US,5,20250807,201500,10.9,10.9,10.9,10.9,500,0
MXE.US,5,20250807,204500,10.89,10.89,10.88,10.88,300,0
MXE.US,5,20250807,212500,10.94,10.95,10.94,10.95,402,0
MXE.US,5,20250807,215500,10.9,10.95,10.9,10.95,1100,0
MXE.US,5,20250808,163000,10.9152,10.9795,10.9152,10.9158,4800,0
MXE.US,5,20250808,164500,10.98,10.98,10.98,10.98,908,0
MXE.US,5,20250808,174000,10.98,10.98,10.98,10.98,209,0
MXE.US,5,20250811,153000,10.99,11.04,10.99,11.02,300,0
MXE.US,5,20250811,172500,11.02,11.02,11.02,11.02,200,0
MXE.US,5,20250811,174000,11.03,11.03,11.02,11.02,200,0
MXE.US,5,20250811,214500,11.02,11.02,11.02,11.02,100,0
MXE.US,5,20250811,215500,11.02,11.02,11.02,11.02,100,0
MXE.US,5,20250812,165000,10.9852,10.99,10.93,10.9799,2200,0
MXE.US,5,20250812,171000,11.05,11.05,11.05,11.05,650,0
MXE.US,5,20250812,172000,11.05,11.05,10.9812,10.9812,1100,0
MXE.US,5,20250812,174500,11.05,11.05,11.05,11.05,100,0
MXE.US,5,20250812,201000,11.09,11.099,11.09,11.09,800,0
MXE.US,5,20250813,161000,10.81,11.099,10.81,11.099,3332,0
MXE.US,5,20250813,164500,11.1,11.1,11.1,11.1,100,0
MXE.US,5,20250813,180500,10.95,10.95,10.95,10.95,1803,0
MXE.US,5,20250813,181500,10.9487,11.059,10.9487,11.059,900,0
MXE.US,5,20250813,193500,10.9752,11.06,10.9752,11.06,1316,0
MXE.US,5,20250813,213500,11.06,11.06,11.06,11.06,258,0
MXE.US,5,20250813,215000,11.06,11.06,11.06,11.06,142,0
MXE.US,5,20250813,215500,11.06,11.06,11.06,11.06,400,0
MXE.US,5,20250814,161000,11.09,11.09,11.09,11.09,317,0
MXE.US,5,20250814,163000,11.043,11.043,10.9951,11.04,2400,0
MXE.US,5,20250814,163500,11.005,11.005,11.005,11.005,280,0
MXE.US,5,20250814,165000,11,11,11,11,300,0
MXE.US,5,20250814,170000,10.995,10.995,10.995,10.995,500,0
MXE.US,5,20250814,173500,10.99,10.99,10.99,10.99,700,0
MXE.US,5,20250814,174000,10.98,10.98,10.98,10.98,100,0
MXE.US,5,20250814,182000,10.98,10.98,10.98,10.98,200,0
MXE.US,5,20250814,192000,10.95,10.95,10.95,10.95,3530,0
MXE.US,5,20250814,210500,10.92,10.945,10.92,10.92,1600,0
MXE.US,5,20250814,213000,10.7701,10.7701,10.7701,10.7701,2213,0
MXE.US,5,20250814,214500,10.7837,10.845,10.7837,10.845,400,0
MXE.US,5,20250815,153500,10.88,10.88,10.88,10.88,200,0
MXE.US,5,20250815,154000,10.91,10.91,10.91,10.91,100,0
MXE.US,5,20250815,155500,10.93,10.95,10.93,10.95,1100,0
MXE.US,5,20250815,164000,10.925,10.972,10.9224,10.925,1000,0
MXE.US,5,20250815,170000,10.907431,10.907431,10.907431,10.907431,226,0
MXE.US,5,20250815,194500,10.98,10.98,10.98,10.98,101,0
MXE.US,5,20250815,210500,10.96,10.96,10.925,10.925,532,0
MXE.US,5,20250815,211000,10.96,10.9612,10.9595,10.9612,1400,0
MXE.US,5,20250815,211500,10.95,10.965,10.95,10.95,1900,0
MXE.US,5,20250815,214000,10.94,10.94,10.94,10.94,100,0
MXE.US,5,20250818,192500,10.89,10.89,10.875,10.875,500,0
MXE.US,5,20250818,210000,10.9,10.9,10.9,10.9,800,0
MXE.US,5,20250818,210500,10.9,10.9,10.9,10.9,800,0
MXE.US,5,20250818,215500,10.9,10.9,10.9,10.9,1400,0
MXE.US,5,20250819,153500,10.7756,10.7756,10.7756,10.7756,100,0
MXE.US,5,20250819,154000,10.88,10.88,10.85,10.85,400,0
MXE.US,5,20250819,165500,10.9499,10.9499,10.78,10.78,500,0
MXE.US,5,20250819,170000,10.8,10.8,10.8,10.8,400,0
MXE.US,5,20250819,170500,10.81,10.81,10.81,10.81,100,0
MXE.US,5,20250819,171000,10.875,10.875,10.8,10.8,5028,0
MXE.US,5,20250819,172500,10.8,10.8,10.8,10.8,100,0
MXE.US,5,20250819,173500,10.8,10.8,10.8,10.8,100,0
MXE.US,5,20250819,174000,10.87,10.9399,10.8,10.87,700,0
MXE.US,5,20250819,175000,10.8,10.8,10.8,10.8,100,0
MXE.US,5,20250819,180000,10.8,10.87,10.8,10.87,300,0
MXE.US,5,20250819,180500,10.8,10.8,10.8,10.8,100,0
MXE.US,5,20250819,181500,10.8644,10.87,10.8,10.8,500,0
MXE.US,5,20250819,182000,10.87,10.9259,10.87,10.9259,400,0
MXE.US,5,20250819,182500,10.8,10.8,10.8,10.8,100,0
MXE.US,5,20250819,183500,10.8,10.8,10.8,10.8,100,0
MXE.US,5,20250819,184500,10.8,10.9242,10.8,10.87,484,0
MXE.US,5,20250819,185000,10.8,10.8,10.8,10.8,100,0
MXE.US,5,20250819,190000,10.8,10.8,10.8,10.8,100,0
MXE.US,5,20250819,191000,10.8,10.8,10.8,10.8,100,0
MXE.US,5,20250819,192000,10.8,10.8,10.8,10.8,100,0
MXE.US,5,20250819,193000,10.8,10.8,10.8,10.8,100,0
MXE.US,5,20250819,194000,10.8,10.87,10.8,10.87,300,0
MXE.US,5,20250819,194500,10.8,10.8,10.8,10.8,100,0
MXE.US,5,20250819,195500,10.8,10.8,10.8,10.8,100,0
MXE.US,5,20250819,200500,10.8,10.8,10.8,10.8,100,0
MXE.US,5,20250819,201500,10.8,10.8,10.8,10.8,100,0
MXE.US,5,20250819,202500,10.8,10.8,10.8,10.8,100,0
MXE.US,5,20250819,203500,10.8,10.83,10.8,10.83,200,0
MXE.US,5,20250819,205000,10.8,10.8,10.8,10.8,100,0
MXE.US,5,20250819,210000,10.8,10.8,10.8,10.8,100,0
MXE.US,5,20250819,210500,10.8,10.8,10.8,10.8,100,0
MXE.US,5,20250819,211000,10.83,10.9399,10.83,10.91,1600,0
MXE.US,5,20250819,213000,10.84,10.84,10.84,10.84,100,0
MXE.US,5,20250819,213500,10.83,10.83,10.83,10.83,100,0
MXE.US,5,20250819,214000,10.84,10.84,10.84,10.84,100,0
MXE.US,5,20250819,214500,10.83,10.83,10.83,10.83,100,0
MXE.US,5,20250819,215000,10.8567,10.8567,10.8567,10.8567,600,0
MXE.US,5,20250819,215500,10.865,10.88,10.865,10.88,316,0
MXE.US,5,20250820,165500,10.99,10.9992,10.935,10.935,800,0
MXE.US,5,20250820,170500,10.935,10.935,10.935,10.935,217,0
MXE.US,5,20250820,191500,10.93,10.93,10.93,10.93,300,0
MXE.US,5,20250820,192000,10.95,10.95,10.95,10.95,136,0
MXE.US,5,20250820,211000,10.98,10.98,10.93,10.93,331,0
MXE.US,5,20250820,215500,10.9307,11,10.9307,11,800,0
MXE.US,5,20250821,161500,10.925,11,10.919,11,3635,0
MXE.US,5,20250821,162000,11.11,11.11,11.02,11.02,750,0
MXE.US,5,20250821,172000,11.065,11.11,11.065,11.11,700,0
MXE.US,5,20250821,182500,11.11,11.11,11.11,11.11,100,0
MXE.US,5,20250822,154500,11.11,11.11,11.11,11.11,100,0
MXE.US,5,20250822,155000,11.095,11.14,11.095,11.14,10103,0
MXE.US,5,20250822,160500,11.19,11.19,11.19,11.19,100,0
MXE.US,5,20250822,162500,11.2038,11.22,11.2038,11.205,1600,0
MXE.US,5,20250822,163500,11.28,11.28,11.28,11.28,203,0
MXE.US,5,20250822,165500,11.255,11.255,11.255,11.255,200,0
MXE.US,5,20250822,184000,11.2132,11.255,11.2132,11.255,800,0
MXE.US,5,20250822,210000,11.3,11.3,11.3,11.3,232,0
MXE.US,5,20250825,154000,11.36,11.3933,11.1778,11.3933,2825,0
MXE.US,5,20250825,154500,11.37,11.4,11.37,11.4,500,0
MXE.US,5,20250825,155000,11.2899,11.2899,11.2899,11.2899,100,0
MXE.US,5,20250825,164000,11.29,11.29,11.29,11.29,100,0
MXE.US,5,20250825,181000,11.1535,11.17,11.1535,11.17,600,0
MXE.US,5,20250825,190000,11.17,11.1788,11.17,11.1788,800,0
MXE.US,5,20250826,155500,11.21,11.21,11.21,11.21,100,0
MXE.US,5,20250826,175000,11.18,11.18,11.18,11.18,200,0
MXE.US,5,20250826,175500,11.18,11.18,11.18,11.18,100,0
MXE.US,5,20250826,182000,11.1899,11.1899,11.1899,11.1899,600,0
MXE.US,5,20250826,193000,11.1227,11.15,11.1227,11.15,500,0
MXE.US,5,20250826,200500,11.15,11.15,11.15,11.15,910,0
MXE.US,5,20250826,202000,11.18,11.18,11.18,11.18,100,0
MXE.US,5,20250826,202500,11.15,11.15,11.15,11.15,860,0
MXE.US,5,20250826,203000,11.15,11.17,11.12,11.1476,1200,0
MXE.US,5,20250826,203500,11.17,11.17,11.17,11.17,100,0
MXE.US,5,20250826,212000,11.15,11.15,11.15,11.15,216,0
MXE.US,5,20250826,215500,11.13,11.15,11.13,11.13,1050,0
MXE.US,5,20250827,163000,11.17,11.17,11.17,11.17,100,0
MXE.US,5,20250827,163500,11.0667,11.0667,11.0667,11.0667,500,0
MXE.US,5,20250827,201000,11.12,11.13,11.01,11.0652,2370,0
MXE.US,5,20250827,201500,11.1299,11.1299,11.1299,11.1299,500,0
MXE.US,5,20250827,210500,11.0749,11.0749,11.0749,11.0749,700,0
MXE.US,5,20250827,215000,11.1299,11.1299,11.1299,11.1299,600,0
MXE.US,5,20250827,215500,11.0706,11.15,11.0706,11.1014,3137,0
MXE.US,5,20250828,160500,11.085,11.15,11.085,11.085,3614,0
MXE.US,5,20250828,161000,11.15,11.2,11.1175,11.1175,2120,0
MXE.US,5,20250828,163500,11.17,11.17,11.17,11.17,200,0
MXE.US,5,20250828,171000,11.1599,11.1599,11.1599,11.1599,800,0
MXE.US,5,20250828,171500,11.19,11.19,11.15,11.15,402,0
MXE.US,5,20250828,172500,11.165,11.165,11.165,11.165,100,0
MXE.US,5,20250828,203500,11.1575,11.1575,11.1575,11.1575,200,0
MXE.US,5,20250828,204000,11.165,11.165,11.1458,11.1458,400,0
MXE.US,5,20250828,210000,11.19,11.19,11.19,11.19,100,0
MXE.US,5,20250828,212500,11.1807,11.1807,11.1807,11.1807,101,0
MXE.US,5,20250828,213000,11.1807,11.1807,11.1807,11.1807,100,0
MXE.US,5,20250828,215000,11.1899,11.19,11.185,11.19,300,0
MXE.US,5,20250828,215500,11.19,11.2,11.19,11.2,938,0
MXE.US,5,20250829,153000,10.7859,10.7859,10.7859,10.7859,204,0
MXE.US,5,20250829,153500,11.1962,11.1962,11.1962,11.1962,200,0
MXE.US,5,20250829,182500,11.05,11.09,11.05,11.09,200,0
MXE.US,5,20250829,183000,11.08,11.13,11.08,11.13,600,0
MXE.US,5,20250829,200000,11.14,11.14,11.13,11.13,200,0
MXE.US,5,20250829,205500,11.13,11.13,11.13,11.13,100,0
MXE.US,5,20250829,215500,11.13,11.13,11.13,11.13,100,0
MXE.US,5,20250902,153000,10.83,10.83,10.83,10.83,131,0
MXE.US,5,20250902,155500,11.065,11.065,11.065,11.065,400,0
MXE.US,5,20250902,162000,10.884,11.12,10.884,11.12,7509,0
MXE.US,5,20250902,163500,11.1,11.14,11.0999,11.0999,1700,0
MXE.US,5,20250902,164000,11.1399,11.1399,11.1399,11.1399,800,0
MXE.US,5,20250902,170000,11.03,11.03,11.03,11.03,700,0
MXE.US,5,20250902,170500,11.14,11.17,11.1399,11.1399,1284,0
MXE.US,5,20250902,174000,11.17,11.17,11.17,11.17,100,0
MXE.US,5,20250902,180500,11.1098,11.1098,11.1098,11.1098,500,0
MXE.US,5,20250902,181000,11.13,11.13,11.13,11.13,450,0
MXE.US,5,20250902,183500,11.2,11.2,11.2,11.2,100,0
MXE.US,5,20250902,185000,11.2,11.23,11.14,11.23,1300,0
MXE.US,5,20250902,185500,11.23,11.23,11.23,11.23,900,0
MXE.US,5,20250902,190500,11.25,11.25,11.25,11.25,100,0
MXE.US,5,20250902,200500,11.25,11.25,11.25,11.25,100,0
MXE.US,5,20250902,201000,11.1753,11.1753,11.1753,11.1753,1171,0
MXE.US,5,20250902,203000,11.25,11.25,11.25,11.25,100,0
MXE.US,5,20250902,205000,11.25,11.25,11.21,11.21,1700,0
MXE.US,5,20250902,210000,11.23,11.28,11.226,11.226,700,0
MXE.US,5,20250902,211500,11.28,11.28,11.28,11.28,172,0
MXE.US,5,20250902,212000,11.28,11.28,11.28,11.28,100,0
MXE.US,5,20250902,214500,11.28,11.28,11.28,11.28,100,0
MXE.US,5,20250902,215500,11.28,11.28,11.28,11.28,500,0
MXE.US,5,20250903,154500,11.19,11.19,11.19,11.19,500,0
MXE.US,5,20250903,155000,11.0091,11.0091,11.0091,11.0091,500,0
MXE.US,5,20250903,160000,11.2786,11.3,11.155,11.2976,600,0
MXE.US,5,20250903,161500,11.41,11.41,11.41,11.41,100,0
MXE.US,5,20250903,164000,11.43,11.43,11.4,11.4,532,0
MXE.US,5,20250903,164500,11.4,11.4,11.4,11.4,241,0
MXE.US,5,20250903,165500,11.5365,11.61,11.42,11.515,9168,0
MXE.US,5,20250903,170000,11.5226,11.61,11.31,11.3863,12440,0
MXE.US,5,20250903,173000,11.3796,11.3796,11.3702,11.3702,900,0
MXE.US,5,20250903,181000,11.365,11.365,11.365,11.365,100,0
MXE.US,5,20250903,181500,11.3013,11.365,11.3013,11.365,600,0
MXE.US,5,20250903,182000,11.3013,11.365,11.3,11.3,1000,0
MXE.US,5,20250903,185000,11.3379,11.43,11.2101,11.3288,2622,0
MXE.US,5,20250903,190000,11.353,11.353,11.3104,11.3104,1000,0
MXE.US,5,20250903,193500,11.18,11.185,11.14,11.14,600,0
MXE.US,5,20250903,194500,11.2219,11.2219,11.2219,11.2219,1000,0
MXE.US,5,20250903,200000,11.14,11.2984,11.14,11.2984,1000,0
MXE.US,5,20250903,202000,11.2136,11.3,11.14,11.22,4500,0
MXE.US,5,20250903,202500,11.22,11.22,11.22,11.22,100,0
MXE.US,5,20250903,203000,11.189,11.2778,11.14,11.23,3500,0
MXE.US,5,20250903,212500,11.1998,11.269,11.1998,11.269,1000,0
MXE.US,5,20250903,214500,11.2052,11.2688,11.15,11.15,2500,0
MXE.US,5,20250903,215000,11.269,11.27,11.25,11.25,571,0
MXE.US,5,20250903,215500,11.23,11.23,11.192,11.192,1512,0
MXE.US,5,20250904,154500,10.995,11.009,10.96,11.009,2000,0
MXE.US,5,20250904,155000,11.1661,11.1661,11.031,11.0334,5887,0
MXE.US,5,20250904,155500,11.1669,11.25,11.0015,11.0794,10100,0
MXE.US,5,20250904,162500,11.07,11.07,11.07,11.07,100,0
MXE.US,5,20250904,172500,11.14,11.14,11.14,11.14,1100,0
MXE.US,5,20250904,182000,11.22,11.23,11.125,11.23,1826,0
MXE.US,5,20250904,201500,11.22,11.22,11.22,11.22,500,0
MXE.US,5,20250904,214000,11.06,11.06,11.06,11.06,100,0
MXE.US,5,20250904,214500,11.2146,11.2146,11.2146,11.2146,200,0
MXE.US,5,20250905,153500,10.965,11.23,10.9492,11.23,1994,0
MXE.US,5,20250905,154000,11.23,11.39,11.059,11.38,7314,0
MXE.US,5,20250905,154500,11.38,11.38,11.169,11.38,500,0
MXE.US,5,20250905,170000,11.38,11.38,11.38,11.38,100,0
MXE.US,5,20250905,212000,11.36,11.37,11.36,11.37,1087,0
MXE.US,5,20250905,214000,11.37,11.37,11.37,11.37,223,0
MXE.US,5,20250905,215000,11.37,11.37,11.35,11.35,500,0
MXE.US,5,20250908,155000,11.4,11.4,11.39,11.39,200,0
MXE.US,5,20250908,163500,11.42,11.42,11.42,11.42,100,0
MXE.US,5,20250908,170500,11.44,11.44,11.44,11.44,100,0
MXE.US,5,20250908,174500,11.4167,11.4167,11.4167,11.4167,300,0
MXE.US,5,20250908,175000,11.4708,11.4708,11.4708,11.4708,100,0
MXE.US,5,20250908,175500,11.4816,11.4816,11.471,11.471,400,0
MXE.US,5,20250908,191000,11.5,11.5,11.5,11.5,100,0
MXE.US,5,20250908,194500,11.41,11.41,11.4,11.41,477,0
MXE.US,5,20250908,202000,11.49,11.49,11.445,11.445,300,0
MXE.US,5,20250908,215500,11.48,11.48,11.48,11.48,100,0
MXE.US,5,20250909,154000,11.42,11.42,11.405,11.405,800,0
MXE.US,5,20250909,155000,11.4032,11.4884,11.4032,11.4884,600,0
MXE.US,5,20250909,155500,11.49,11.49,11.49,11.49,100,0
MXE.US,5,20250909,160000,11.4485,11.4485,11.435,11.435,500,0
MXE.US,5,20250909,165000,11.47,11.47,11.47,11.47,100,0
MXE.US,5,20250909,185500,11.47,11.48,11.43,11.43,800,0
MXE.US,5,20250909,190000,11.445,11.445,11.445,11.445,400,0
MXE.US,5,20250909,195500,11.48,11.48,11.48,11.48,100,0
MXE.US,5,20250909,202500,11.4727,11.4727,11.4727,11.4727,100,0
MXE.US,5,20250909,205000,11.48,11.48,11.48,11.48,100,0
MXE.US,5,20250909,210000,11.49,11.49,11.49,11.49,205,0
MXE.US,5,20250909,211000,11.49,11.49,11.49,11.49,100,0
MXE.US,5,20250909,212000,11.49,11.49,11.49,11.49,142,0
MXE.US,5,20250909,215000,11.445,11.445,11.445,11.445,100,0
MXE.US,5,20250910,154000,11.49,11.49,11.44,11.44,600,0
MXE.US,5,20250910,155500,11.49,11.49,11.49,11.49,100,0
MXE.US,5,20250910,192500,11.55,11.55,11.55,11.55,500,0
MXE.US,5,20250910,214500,11.54,11.54,11.54,11.54,500,0
MXE.US,5,20250911,155000,11.6,11.6177,11.505,11.6177,800,0
MXE.US,5,20250911,161500,11.62,11.62,11.62,11.62,100,0
MXE.US,5,20250911,193000,11.59,11.59,11.59,11.59,400,0
MXE.US,5,20250911,195500,11.46,11.46,11.39,11.39,500,0
MXE.US,5,20250911,201000,11.59,11.59,11.482,11.482,1200,0
MXE.US,5,20250911,203000,11.59,11.59,11.59,11.59,100,0
MXE.US,5,20250911,210500,11.59,11.69,11.59,11.6468,2450,0
MXE.US,5,20250911,211000,11.69,11.69,11.6414,11.6414,400,0
MXE.US,5,20250911,213000,11.69,11.69,11.65,11.69,686,0
MXE.US,5,20250911,215000,11.69,11.69,11.69,11.69,170,0
MXE.US,5,20250911,215500,11.69,11.69,11.69,11.69,200,0
MXE.US,5,20250912,160500,11.585,11.585,11.585,11.585,100,0
MXE.US,5,20250912,161000,11.52,11.52,11.52,11.52,200,0
MXE.US,5,20250912,164000,11.77,11.77,11.77,11.77,100,0
MXE.US,5,20250912,205500,11.6306,11.6503,11.604,11.6179,1000,0
MXE.US,5,20250912,214500,11.6445,11.655,11.6445,11.655,500,0
MXE.US,5,20250912,215000,11.6445,11.655,11.6445,11.655,487,0
MXE.US,5,20250915,153000,11.5655,11.5655,11.5655,11.5655,200,0
MXE.US,5,20250915,163000,11.626,11.626,11.5,11.6065,500,0
MXE.US,5,20250915,163500,11.626,11.64,11.598,11.626,500,0
MXE.US,5,20250915,170500,11.75,11.75,11.75,11.75,100,0
MXE.US,5,20250915,172500,11.7,11.7,11.698,11.698,200,0
MXE.US,5,20250915,173000,11.6806,11.6806,11.6806,11.6806,100,0
MXE.US,5,20250915,190500,11.6485,11.6485,11.6382,11.6382,600,0
MXE.US,5,20250915,191000,11.648,11.648,11.5675,11.646,500,0
MXE.US,5,20250915,193500,11.6175,11.65,11.6175,11.65,200,0
MXE.US,5,20250915,194000,11.63,11.635,11.6279,11.6279,1000,0
MXE.US,5,20250915,195500,11.65,11.65,11.65,11.65,100,0
MXE.US,5,20250915,201000,11.65,11.65,11.63,11.63,300,0
MXE.US,5,20250915,202000,11.632,11.632,11.632,11.632,500,0
MXE.US,5,20250915,205000,11.65,11.65,11.65,11.65,200,0
MXE.US,5,20250915,211000,11.65,11.65,11.65,11.65,159,0
MXE.US,5,20250915,213000,11.65,11.65,11.6362,11.6364,2820,0
MXE.US,5,20250915,215000,11.65,11.65,11.65,11.65,200,0
MXE.US,5,20250915,215500,11.635,11.66,11.635,11.65,953,0
MXE.US,5,20250916,153000,11.62,11.7162,11.62,11.708,1100,0
MXE.US,5,20250916,153500,11.724,11.724,11.7212,11.7212,1000,0
MXE.US,5,20250916,161000,11.76,11.76,11.76,11.76,100,0
MXE.US,5,20250916,164500,11.708,11.708,11.708,11.708,500,0
MXE.US,5,20250916,165500,11.708,11.708,11.6201,11.6201,500,0
MXE.US,5,20250916,171500,11.78,11.78,11.6201,11.724,500,0
MXE.US,5,20250916,173000,11.6363,11.724,11.6363,11.724,500,0
MXE.US,5,20250916,173500,11.76,11.76,11.76,11.76,100,0
MXE.US,5,20250916,175500,11.7175,11.7175,11.7175,11.7175,100,0
MXE.US,5,20250916,180500,11.77,11.77,11.6377,11.6377,400,0
MXE.US,5,20250916,181500,11.6377,11.6377,11.6377,11.6377,100,0
MXE.US,5,20250916,183500,11.6328,11.6328,11.6328,11.6328,1000,0
MXE.US,5,20250916,184500,11.6889,11.77,11.6889,11.77,453,0
MXE.US,5,20250916,185000,11.77,11.77,11.6201,11.77,600,0
MXE.US,5,20250916,192500,11.7175,11.7175,11.6376,11.7025,500,0
MXE.US,5,20250916,193000,11.77,11.77,11.6376,11.6727,500,0
MXE.US,5,20250916,200000,11.76,11.76,11.76,11.76,100,0
MXE.US,5,20250916,201000,11.77,11.77,11.77,11.77,100,0
MXE.US,5,20250916,203500,11.77,11.77,11.6725,11.7025,300,0
MXE.US,5,20250916,204000,11.77,11.77,11.695,11.695,200,0
MXE.US,5,20250916,212500,11.77,11.77,11.77,11.77,100,0
MXE.US,5,20250916,215500,11.7101,11.76,11.7101,11.76,1200,0
MXE.US,5,20250917,161500,11.78,11.78,11.78,11.78,100,0
MXE.US,5,20250917,192500,11.6939,11.6939,11.68,11.68,354,0
MXE.US,5,20250917,193000,11.71,11.71,11.58,11.58,500,0
MXE.US,5,20250917,193500,11.62,11.62,11.62,11.62,200,0
MXE.US,5,20250917,194500,11.6991,11.6991,11.6991,11.6991,300,0
MXE.US,5,20250917,200500,11.692,11.78,11.692,11.78,1158,0
MXE.US,5,20250917,201000,11.71,11.78,11.7,11.73,2300,0
MXE.US,5,20250917,202500,11.74,11.74,11.74,11.74,100,0
MXE.US,5,20250917,210500,11.7,11.7,11.7,11.7,100,0
MXE.US,5,20250917,212500,11.66,11.76,11.66,11.72,5453,0
MXE.US,5,20250917,213000,11.735,11.77,11.7,11.74,2500,0
MXE.US,5,20250917,213500,11.74,11.74,11.7,11.7,500,0
MXE.US,5,20250917,214000,11.7,11.74,11.7,11.74,400,0
MXE.US,5,20250917,214500,11.74,11.74,11.7,11.7,500,0
MXE.US,5,20250917,215000,11.7,11.7,11.7,11.7,300,0
MXE.US,5,20250917,215500,11.7,11.74,11.7,11.74,363,0
MXE.US,5,20250918,153500,11.78,11.78,11.6216,11.7,1000,0
MXE.US,5,20250918,155500,11.78,11.78,11.7,11.7,200,0
MXE.US,5,20250918,161000,11.77,11.77,11.77,11.77,100,0
MXE.US,5,20250918,205000,11.765,11.765,11.765,11.765,100,0
MXE.US,5,20250918,215500,11.71,11.71,11.71,11.71,300,0
MXE.US,5,20250919,154500,11.69,11.69,11.69,11.69,343,0
MXE.US,5,20250919,155000,11.6306,11.69,11.6306,11.69,757,0
MXE.US,5,20250919,165000,11.78,11.78,11.78,11.78,100,0
MXE.US,5,20250919,185000,11.76,11.76,11.76,11.76,100,0
MXE.US,5,20250919,193000,11.68,11.68,11.59,11.6622,556,0
MXE.US,5,20250919,213000,11.78,11.78,11.78,11.78,205,0
MXE.US,5,20250919,215000,11.78,11.78,11.78,11.78,146,0
MXE.US,5,20250922,153500,11.674,11.7601,11.674,11.7601,800,0
MXE.US,5,20250922,174000,11.78,11.78,11.78,11.78,222,0
MXE.US,5,20250922,201000,11.78,11.78,11.78,11.78,300,0
MXE.US,5,20250922,201500,11.78,11.78,11.78,11.78,1000,0
MXE.US,5,20250922,215500,11.8461,11.8461,11.7801,11.83,9372,0
MXE.US,5,20250923,183000,11.7936,11.87,11.7,11.8627,7500,0
MXE.US,5,20250923,183500,11.79,11.88,11.7891,11.8799,10433,0
MXE.US,5,20250923,184000,11.88,11.9,11.88,11.9,1000,0
MXE.US,5,20250923,193000,11.9,11.9,11.9,11.9,100,0
MXE.US,5,20250923,215000,11.9,11.9,11.9,11.9,2255,0
MXE.US,5,20250924,153500,11.75,11.75,11.75,11.75,4500,0
MXE.US,5,20250924,154000,11.808,11.808,11.76,11.76,300,0
MXE.US,5,20250924,155500,11.75,11.91,11.75,11.91,4324,0
MXE.US,5,20250924,193000,11.92,11.92,11.89,11.89,700,0
MXE.US,5,20250924,201500,11.8,11.8,11.8,11.8,300,0
MXE.US,5,20250924,213000,11.83,11.91,11.83,11.83,3000,0
MXE.US,5,20250924,215500,11.9,11.9,11.9,11.9,100,0
MXE.US,5,20250925,154000,11.7363,11.745,11.7015,11.745,2000,0
MXE.US,5,20250925,154500,11.55,11.55,11.55,11.55,100,0
MXE.US,5,20250925,155000,11.715,11.715,11.6728,11.6728,699,0
MXE.US,5,20250925,155500,11.77,11.77,11.77,11.77,200,0
MXE.US,5,20250925,160500,11.7,11.795,11.7,11.795,400,0
MXE.US,5,20250925,163500,11.7893,11.89,11.7855,11.89,1949,0
MXE.US,5,20250925,192000,11.795,11.88,11.795,11.88,1253,0
MXE.US,5,20250926,153000,11.86,11.8999,11.7092,11.774,2368,0
MXE.US,5,20250926,163000,11.8258,11.8258,11.8241,11.8241,1000,0
MXE.US,5,20250926,170000,11.8239,11.9,11.8239,11.89,2082,0
MXE.US,5,20250926,215500,11.84,11.92,11.8352,11.8352,1100,0
MXE.US,5,20250929,154000,11.73,11.73,11.73,11.73,100,0
MXE.US,5,20250929,155000,11.785,11.785,11.785,11.785,300,0
MXE.US,5,20250929,164000,11.92,11.92,11.92,11.92,100,0
MXE.US,5,20250929,172000,11.687906,11.7547,11.683,11.7547,541,0
MXE.US,5,20250929,195000,11.726,11.726,11.726,11.726,250,0
MXE.US,5,20250929,201500,11.7,11.81,11.7,11.81,300,0
MXE.US,5,20250930,153000,11.7515,11.7515,11.7515,11.7515,200,0
MXE.US,5,20250930,161500,11.8962,11.8962,11.8962,11.8962,200,0
MXE.US,5,20250930,163000,11.85,11.85,11.85,11.85,100,0
MXE.US,5,20250930,180500,11.76,11.8055,11.76,11.8055,600,0
MXE.US,5,20250930,182000,11.83,11.83,11.83,11.83,100,0
MXE.US,5,20250930,183000,11.8261,11.8624,11.8228,11.86,2200,0
MXE.US,5,20250930,203000,11.9,11.9,11.83,11.867,2210,0
MXE.US,5,20250930,210000,11.92,11.92,11.92,11.92,100,0
MXE.US,5,20250930,210500,11.92,11.92,11.92,11.92,357,0
MXE.US,5,20250930,215500,11.92,11.92,11.87,11.87,367,0
MXE.US,5,20251001,164500,11.94,11.94,11.94,11.94,100,0
MXE.US,5,20251001,170500,11.6607,11.7858,11.6607,11.7858,1000,0
MXE.US,5,20251001,172500,11.8096,11.8096,11.6301,11.785,800,0
MXE.US,5,20251001,185500,11.789,11.789,11.7801,11.7806,3500,0
MXE.US,5,20251001,190000,11.78,11.78,11.78,11.78,500,0
MXE.US,5,20251001,202000,11.8079,11.92,11.633,11.8185,1600,0
MXE.US,5,20251001,202500,11.8185,11.9,11.775,11.7837,4100,0
MXE.US,5,20251001,214500,11.765,11.9,11.6301,11.765,2600,0
MXE.US,5,20251001,215000,11.9,11.9,11.765,11.765,1000,0
MXE.US,5,20251002,153500,11.74,11.74,11.74,11.74,500,0
MXE.US,5,20251002,154000,11.74,11.94,11.55,11.721,10619,0
MXE.US,5,20251002,154500,11.74,11.94,11.48,11.7238,4331,0
MXE.US,5,20251002,155000,11.51,11.6899,11.51,11.6899,3100,0
MXE.US,5,20251002,155500,11.9,11.9,11.66,11.9,14796,0
MXE.US,5,20251002,160000,11.7026,11.9,11.49,11.66,14500,0
MXE.US,5,20251002,160500,11.68,11.68,11.68,11.68,100,0
MXE.US,5,20251002,165500,11.83,11.83,11.83,11.83,100,0
MXE.US,5,20251002,183000,11.62,11.62,11.62,11.62,2599,0
MXE.US,5,20251002,185000,11.62,11.62,11.62,11.62,205,0
MXE.US,5,20251002,185500,11.6236,11.6289,11.615,11.6289,1500,0
MXE.US,5,20251002,191500,11.615,11.73,11.5001,11.62,2300,0
MXE.US,5,20251002,200000,11.53,11.64,11.53,11.53,500,0
MXE.US,5,20251002,202500,11.6187,11.6187,11.6187,11.6187,500,0
MXE.US,5,20251002,204000,11.68,11.68,11.68,11.68,848,0
MXE.US,5,20251002,204500,11.68,11.68,11.68,11.68,100,0
MXE.US,5,20251002,212000,11.68,11.68,11.68,11.68,100,0
MXE.US,5,20251002,215000,11.7,11.7,11.7,11.7,300,0
MXE.US,5,20251002,215500,11.7,11.7,11.7,11.7,237,0
MXE.US,5,20251003,153500,11.54,11.54,11.54,11.54,100,0
MXE.US,5,20251003,154000,11.55,11.685,11.55,11.685,500,0
MXE.US,5,20251003,155000,11.75,11.75,11.75,11.75,400,0
MXE.US,5,20251003,161000,11.56,11.74,11.56,11.74,1400,0
MXE.US,5,20251003,162500,11.7,11.7,11.7,11.7,100,0
MXE.US,5,20251003,182000,11.57,11.6948,11.57,11.6948,1000,0
MXE.US,5,20251003,183500,11.655,11.655,11.655,11.655,395,0
MXE.US,5,20251003,190500,11.69,11.69,11.69,11.69,700,0
MXE.US,5,20251003,205500,11.67,11.73,11.67,11.73,1440,0
MXE.US,5,20251003,215000,11.695,11.695,11.695,11.695,100,0
MXE.US,5,20251003,215500,11.7,11.73,11.65,11.69,17766,0
MXE.US,5,20251006,153500,11.53,11.53,11.46,11.46,1200,0
MXE.US,5,20251006,154000,11.4629,11.4629,11.4629,11.4629,100,0
MXE.US,5,20251006,183000,11.49,11.5236,11.46,11.4671,2201,0
MXE.US,5,20251006,201000,11.43,11.43,11.43,11.43,100,0
MXE.US,5,20251006,202000,11.4482,11.4482,11.4482,11.4482,500,0
MXE.US,5,20251006,202500,11.448,11.46,11.448,11.46,400,0
MXE.US,5,20251006,205000,11.4576,11.46,11.42,11.46,1100,0
MXE.US,5,20251006,211000,11.43,11.47,11.43,11.47,200,0
MXE.US,5,20251006,211500,11.43,11.43,11.43,11.43,100,0
MXE.US,5,20251006,212500,11.43,11.43,11.42,11.42,200,0
MXE.US,5,20251007,153500,11.4,11.4,11.4,11.4,266,0
MXE.US,5,20251007,154500,11.565,11.565,11.565,11.565,500,0
MXE.US,5,20251007,164000,11.39,11.54,11.39,11.54,600,0
MXE.US,5,20251008,153500,11.4,11.565,11.39,11.5,1948,0
MXE.US,5,20251008,154000,11.62,11.62,11.62,11.62,200,0
MXE.US,5,20251008,162000,11.5,11.5,11.5,11.5,100,0
MXE.US,5,20251008,192000,11.6014,11.6014,11.6014,11.6014,200,0
MXE.US,5,20251009,162000,11.5,11.5,11.5,11.5,100,0
MXE.US,5,20251009,190000,11.6595,11.6595,11.6595,11.6595,161,0
MXE.US,5,20251009,200000,11.55,11.55,11.55,11.55,104,0
MXE.US,5,20251009,211000,11.51,11.5101,11.51,11.5101,1334,0
MXE.US,5,20251009,215000,11.5595,11.5595,11.5595,11.5595,200,0
MXE.US,5,20251010,153500,11.47,11.47,11.47,11.47,212,0
MXE.US,5,20251010,154000,11.58,11.58,11.505,11.505,400,0
MXE.US,5,20251010,161000,11.42,11.42,11.42,11.42,100,0
MXE.US,5,20251010,175000,11.4099,11.4099,11.4099,11.4099,550,0
MXE.US,5,20251010,210000,11.5076,11.6,11.3901,11.4949,2200,0
MXE.US,5,20251010,210500,11.5076,11.5076,11.3,11.4503,3748,0
MXE.US,5,20251010,211500,11.4177,11.4249,11.3,11.4249,1596,0
MXE.US,5,20251010,212000,11.3,11.4399,11.3,11.3501,3898,0
MXE.US,5,20251010,215500,11.3604,11.3685,11.3604,11.3685,1600,0
MXE.US,5,20251013,154500,11.45,11.6,11.45,11.58,400,0
MXE.US,5,20251013,170500,11.44,11.44,11.44,11.44,105,0
MXE.US,5,20251013,174500,11.46,11.46,11.46,11.46,100,0
MXE.US,5,20251013,183000,11.3,11.5527,11.3,11.48,1980,0
MXE.US,5,20251013,184000,11.47,11.47,11.47,11.47,100,0
MXE.US,5,20251013,191000,11.5128,11.5788,11.5128,11.5788,600,0
MXE.US,5,20251013,215000,11.4722,11.4722,11.4722,11.4722,305,0
MXE.US,5,20251014,153500,11.33,11.33,11.32,11.32,200,0
MXE.US,5,20251014,174500,11.3,11.3,11.3,11.3,100,0
MXE.US,5,20251014,181000,11.4074,11.4074,11.4074,11.4074,200,0
MXE.US,5,20251014,210500,11.3,11.3,11.3,11.3,1000,0
MXE.US,5,20251014,211000,11.31,11.5,11.31,11.5,1000,0
MXE.US,5,20251015,153500,11.31,11.31,11.31,11.31,300,0
MXE.US,5,20251015,154000,11.44,11.44,11.44,11.44,200,0
MXE.US,5,20251015,162000,11.34,11.34,11.34,11.34,100,0
MXE.US,5,20251015,165000,11.3,11.49,11.3,11.44,900,0
MXE.US,5,20251015,170500,11.36,11.36,11.36,11.36,100,0
MXE.US,5,20251015,171000,11.452,11.452,11.452,11.452,200,0
MXE.US,5,20251015,214000,11.4728,11.4728,11.4728,11.4728,200,0
MXE.US,5,20251015,214500,11.473,11.473,11.41,11.41,519,0
MXE.US,5,20251015,215000,11.473,11.57,11.41,11.49,946,0
MXE.US,5,20251016,164500,11.4858,11.55,11.4695,11.4695,981,0
MXE.US,5,20251016,165000,11.5783,11.5783,11.5783,11.5783,100,0
MXE.US,5,20251016,170500,11.57,11.57,11.55,11.55,500,0
MXE.US,5,20251016,171000,11.58,11.58,11.58,11.58,1685,0
MXE.US,5,20251016,172000,11.55,11.55,11.55,11.55,100,0
MXE.US,5,20251016,175500,11.54,11.54,11.54,11.54,100,0
MXE.US,5,20251016,195000,11.5834,11.5834,11.5834,11.5834,200,0
MXE.US,5,20251016,195500,11.58,11.58,11.54,11.54,800,0
MXE.US,5,20251016,201000,11.55,11.55,11.55,11.55,1263,0
MXE.US,5,20251016,203000,11.55,11.55,11.55,11.55,700,0
MXE.US,5,20251017,153000,11.45,11.45,11.4,11.4,1700,0
MXE.US,5,20251017,154000,11.6627,11.7215,11.39,11.46,14524,0
MXE.US,5,20251017,154500,11.4091,11.725,11.4,11.4295,10199,0
MXE.US,5,20251017,155500,11.48,11.6668,11.4123,11.48,7200,0
MXE.US,5,20251017,160000,11.6537,11.6537,11.6537,11.6537,800,0
MXE.US,5,20251017,160500,11.6531,11.6643,11.38,11.48,2478,0
MXE.US,5,20251017,161000,11.6341,11.6511,11.48,11.48,2400,0
MXE.US,5,20251017,161500,11.48,11.48,11.48,11.48,800,0
MXE.US,5,20251017,162000,11.6473,11.6721,11.38,11.39,2279,0
MXE.US,5,20251017,162500,11.5,11.635,11.37,11.37,2235,0
MXE.US,5,20251017,165000,11.4,11.4,11.4,11.4,236,0
MXE.US,5,20251017,165500,11.4,11.4,11.4,11.4,100,0
MXE.US,5,20251017,171000,11.37,11.37,11.37,11.37,100,0
MXE.US,5,20251017,174000,11.37,11.4,11.37,11.37,1206,0
MXE.US,5,20251017,181500,11.46,11.49,11.46,11.49,1308,0
MXE.US,5,20251017,182500,11.37,11.45,11.37,11.45,385,0
MXE.US,5,20251017,184000,11.46,11.46,11.46,11.46,100,0
MXE.US,5,20251017,192000,11.46,11.46,11.46,11.46,150,0
MXE.US,5,20251017,195000,11.39,11.39,11.39,11.39,100,0
MXE.US,5,20251017,210000,11.38,11.38,11.38,11.38,100,0
MXE.US,5,20251017,215000,11.465,11.465,11.45,11.45,5113,0
MXE.US,5,20251017,215500,11.48,11.48,11.47,11.47,392,0
MXE.US,5,20251020,164500,11.4,11.4,11.4,11.4,100,0
MXE.US,5,20251020,185000,11.4,11.4,11.4,11.4,996,0
MXE.US,5,20251020,202000,11.36,11.363,11.36,11.363,201,0
MXE.US,5,20251020,213500,11.465,11.465,11.465,11.465,1300,0
MXE.US,5,20251020,214000,11.4675,11.4675,11.38,11.38,2700,0
MXE.US,5,20251021,212500,11.3552,11.3552,11.3552,11.3552,350,0
MXE.US,5,20251023,153500,11.11,11.11,11.11,11.11,100,0
MXE.US,5,20251023,155500,11.39,11.39,11.39,11.39,100,0
MXE.US,5,20251023,160000,11.3062,11.3062,11.3062,11.3062,288,0
MXE.US,5,20251023,160500,11.3496,11.37,11.3496,11.37,1000,0
MXE.US,5,20251023,170000,11.3515,11.395,11.3515,11.395,500,0
MXE.US,5,20251023,170500,11.5307,11.5307,11.35,11.35,1000,0
MXE.US,5,20251023,213000,11.45,11.45,11.35,11.445,6100,0
MXE.US,5,20251023,213500,11.45,11.45,11.45,11.45,136,0
MXE.US,5,20251023,215000,11.45,11.45,11.45,11.45,400,0
MXE.US,5,20251023,215500,11.45,11.45,11.45,11.45,200,0
MXE.US,5,20251024,153000,11.55,11.55,11.55,11.55,164,0
MXE.US,5,20251024,155000,11.48,11.48,11.48,11.48,100,0
MXE.US,5,20251024,195500,11.4579,11.4579,11.4579,11.4579,4255,0
MXE.US,5,20251024,210500,11.46,11.46,11.42,11.43,17600,0
MXE.US,5,20251024,211000,11.485,11.485,11.485,11.485,100,0
MXE.US,5,20251024,211500,11.53,11.54,11.53,11.53,2846,0
MXE.US,5,20251024,215000,11.5,11.5,11.5,11.5,100,0
MXE.US,5,20251024,215500,11.52,11.6968,11.52,11.54,5456,0
MXE.US,5,20251027,164000,11.5,11.5,11.5,11.5,100,0
MXE.US,5,20251027,164500,11.6,11.6,11.55,11.55,600,0
MXE.US,5,20251027,180000,11.55,11.7,11.55,11.7,400,0
MXE.US,5,20251027,181000,11.62,11.62,11.62,11.62,100,0
MXE.US,5,20251028,145500,11.84,11.84,11.84,11.84,100,0
MXE.US,5,20251028,153000,11.67,11.67,11.67,11.67,100,0
MXE.US,5,20251028,163500,11.81,11.81,11.81,11.81,100,0
MXE.US,5,20251028,173000,11.81,11.81,11.81,11.81,100,0
MXE.US,5,20251028,184000,11.81,11.81,11.81,11.81,100,0
MXE.US,5,20251028,185500,11.52,11.52,11.52,11.52,100,0
MXE.US,5,20251028,194000,11.71,11.71,11.71,11.71,100,0
MXE.US,5,20251028,195000,11.772,11.84,11.7,11.7001,4911,0
MXE.US,5,20251028,195500,11.7,11.7,11.7,11.7,277,0
MXE.US,5,20251028,200000,11.7,11.7,11.7,11.7,100,0
MXE.US,5,20251028,204000,11.6,11.6,11.6,11.6,100,0
MXE.US,5,20251029,152000,11.65,11.65,11.65,11.65,100,0
MXE.US,5,20251029,185500,11.72,11.72,11.72,11.72,300,0
MXE.US,5,20251029,190500,11.77,11.78,11.77,11.78,1700,0
MXE.US,5,20251029,191000,11.78,11.78,11.78,11.78,300,0
MXE.US,5,20251029,191500,11.78,11.78,11.78,11.78,100,0
MXE.US,5,20251029,192500,11.78,11.78,11.78,11.78,422,0
MXE.US,5,20251029,200000,11.73,11.73,11.73,11.73,100,0
MXE.US,5,20251029,201500,11.73,11.73,11.73,11.73,101,0
MXE.US,5,20251029,203500,11.73,11.73,11.73,11.73,100,0
MXE.US,5,20251029,205500,11.75,11.75,11.74,11.74,776,0
MXE.US,5,20251030,145000,11.73,11.73,11.73,11.73,200,0
MXE.US,5,20251030,151500,11.69,11.69,11.69,11.69,100,0
MXE.US,5,20251030,172000,11.73,11.73,11.73,11.73,100,0
MXE.US,5,20251031,171500,11.61,11.61,11.61,11.61,106,0
MXE.US,5,20251031,173000,11.62,11.62,11.62,11.62,100,0
MXE.US,5,20251031,180000,11.61,11.61,11.61,11.61,304,0
MXE.US,5,20251031,180500,11.6,11.6,11.6,11.6,102,0
MXE.US,5,20251031,181000,11.6,11.6,11.58,11.58,13595,0
MXE.US,5,20251031,182500,11.6,11.6,11.59,11.6,1152,0
MXE.US,5,20251031,190500,11.6,11.6,11.6,11.6,101,0
MXE.US,5,20251031,194500,11.6,11.6,11.6,11.6,100,0
MXE.US,5,20251031,200000,11.6132,11.63,11.6105,11.6232,3151,0
MXE.US,5,20251031,204000,11.6176,11.64,11.6176,11.64,1000,0
MXE.US,5,20251103,154500,11.77,11.77,11.77,11.77,100,0
MXE.US,5,20251103,162000,11.78,11.78,11.6,11.6,200,0
MXE.US,5,20251103,170500,11.65,11.65,11.65,11.65,300,0
MXE.US,5,20251103,171000,11.66,11.66,11.65,11.65,200,0
MXE.US,5,20251103,175500,11.63,11.6301,11.6202,11.6202,1100,0
MXE.US,5,20251103,180000,11.71,11.71,11.71,11.71,200,0
MXE.US,5,20251103,182000,11.71,11.71,11.71,11.71,100,0
MXE.US,5,20251103,191000,11.63,11.71,11.63,11.6301,1000,0
MXE.US,5,20251103,192000,11.63,11.64,11.6,11.6,1528,0
MXE.US,5,20251103,192500,11.6,11.6,11.52,11.6,2651,0
MXE.US,5,20251103,195500,11.605,11.605,11.605,11.605,100,0
MXE.US,5,20251103,201500,11.62,11.62,11.62,11.62,100,0
MXE.US,5,20251103,203000,11.63,11.63,11.63,11.63,100,0
MXE.US,5,20251103,204500,11.63,11.63,11.63,11.63,100,0
MXE.US,5,20251103,210000,11.61,11.61,11.61,11.61,130,0
MXE.US,5,20251103,215000,11.62,11.62,11.62,11.62,100,0
MXE.US,5,20251104,160500,11.41,11.5,11.41,11.5,400,0
MXE.US,5,20251104,161000,11.48,11.8299,11.45,11.8299,1200,0
MXE.US,5,20251104,163000,11.82,11.82,11.7194,11.7194,200,0
MXE.US,5,20251104,164000,11.63,11.63,11.63,11.63,793,0
MXE.US,5,20251104,165500,11.45,11.63,11.43,11.43,500,0
MXE.US,5,20251104,170000,11.8,11.8,11.8,11.8,100,0
MXE.US,5,20251104,193000,11.54,11.54,11.54,11.54,100,0
MXE.US,5,20251104,213500,11.61,11.61,11.61,11.61,300,0
MXE.US,5,20251104,214000,11.7,11.7,11.605,11.605,5398,0
MXE.US,5,20251104,215000,11.6095,11.6095,11.56,11.58,1164,0
MXE.US,5,20251104,215500,11.56,11.59,11.56,11.59,2000,0
MXE.US,5,20251105,170500,11.76,11.76,11.76,11.76,300,0
MXE.US,5,20251105,184500,11.85,11.85,11.85,11.85,1202,0
MXE.US,5,20251105,200000,11.8,11.8,11.76,11.79,9679,0
MXE.US,5,20251105,203000,11.78,11.78,11.78,11.78,100,0
MXE.US,5,20251105,211000,11.79,11.79,11.79,11.79,100,0
MXE.US,5,20251106,154000,11.7,11.7,11.7,11.7,100,0
MXE.US,5,20251106,162500,11.7,11.75,11.7,11.75,200,0
MXE.US,5,20251106,173000,11.7,11.7,11.7,11.7,100,0
MXE.US,5,20251106,173500,11.75,11.75,11.75,11.75,100,0
MXE.US,5,20251106,215000,11.795,11.795,11.795,11.795,200,0
MXE.US,5,20251107,154500,11.79,11.79,11.79,11.79,100,0
MXE.US,5,20251107,160000,11.735,11.735,11.735,11.735,100,0
MXE.US,5,20251107,204000,11.85,11.85,11.85,11.85,1575,0
MXE.US,5,20251107,204500,11.85,11.85,11.85,11.85,100,0
MXE.US,5,20251107,210000,11.85,11.85,11.85,11.85,1000,0
MXE.US,5,20251107,214000,11.85,11.85,11.85,11.85,1253,0
MXE.US,5,20251107,215000,11.85,11.85,11.85,11.85,100,0
MXE.US,5,20251107,215500,11.86,11.86,11.86,11.86,100,0
MXE.US,5,20251110,153000,11.89,11.89,11.89,11.89,302,0
MXE.US,5,20251110,161500,11.775,11.89,11.775,11.89,859,0
MXE.US,5,20251110,162000,11.9,11.9,11.9,11.9,1220,0
MXE.US,5,20251110,173500,11.94,11.94,11.94,11.94,193,0
MXE.US,5,20251110,185500,11.885,11.91,11.8,11.91,13273,0
MXE.US,5,20251110,194000,11.87,11.87,11.87,11.87,100,0
MXE.US,5,20251110,201000,11.88,11.88,11.88,11.88,100,0
MXE.US,5,20251110,214000,11.87,11.87,11.87,11.87,146,0
MXE.US,5,20251111,155500,11.7515,11.8998,11.7515,11.8998,4000,0
MXE.US,5,20251111,160500,11.825,11.825,11.825,11.825,273,0
MXE.US,5,20251111,172000,11.9,11.9,11.9,11.9,1099,0
MXE.US,5,20251111,172500,11.81,11.81,11.81,11.81,100,0
MXE.US,5,20251111,174000,11.92,11.92,11.88,11.88,700,0
MXE.US,5,20251111,192000,11.95,11.95,11.95,11.95,1200,0
MXE.US,5,20251111,204000,11.945,11.945,11.945,11.945,100,0
MXE.US,5,20251111,214000,11.97,11.97,11.97,11.97,480,0
MXE.US,5,20251111,215000,11.9797,11.99,11.97,11.9766,1700,0
MXE.US,5,20251111,215500,11.97,11.99,11.95,11.97,4400,0
MXE.US,5,20251112,160500,11.94,11.94,11.94,11.94,100,0
MXE.US,5,20251112,181000,11.9312,11.9312,11.9312,11.9312,100,0
MXE.US,5,20251112,214000,11.93,11.93,11.86,11.869,3638,0
MXE.US,5,20251112,215500,11.8895,11.8895,11.7801,11.86,1000,0
MXE.US,5,20251113,153000,11.6368,11.98,11.5788,11.785,9368,0
MXE.US,5,20251113,153500,11.9564,11.9564,11.9564,11.9564,700,0
MXE.US,5,20251113,154000,11.97,11.97,11.97,11.97,559,0
MXE.US,5,20251113,155000,11.8123,11.8123,11.8123,11.8123,700,0
MXE.US,5,20251113,162500,11.83,11.84,11.83,11.84,20100,0
MXE.US,5,20251113,164500,11.91,11.91,11.91,11.91,100,0
MXE.US,5,20251113,170000,11.82,11.82,11.82,11.82,100,0
MXE.US,5,20251113,203000,11.8366,11.8366,11.8366,11.8366,469,0
MXE.US,5,20251113,214500,11.8,11.8,11.8,11.8,104,0
MXE.US,5,20251113,215500,11.86,11.86,11.86,11.86,300,0
MXE.US,5,20251114,163000,11.6,11.6,11.6,11.6,100,0
MXE.US,5,20251114,164500,11.7488,11.7488,11.7488,11.7488,800,0
MXE.US,5,20251114,215000,11.75,11.75,11.75,11.75,100,0
MXE.US,5,20251117,165000,11.57,11.57,11.57,11.57,100,0
MXE.US,5,20251117,181500,11.58,11.58,11.58,11.58,200,0
MXE.US,5,20251117,182500,11.7285,11.7285,11.7285,11.7285,200,0
MXE.US,5,20251117,211000,11.6676,11.6676,11.6676,11.6676,100,0
MXE.US,5,20251118,164500,11.6,11.6,11.6,11.6,100,0
MXE.US,5,20251118,173000,11.7896,11.7896,11.7896,11.7896,190,0
MXE.US,5,20251118,182500,11.59,11.59,11.59,11.59,1431,0
MXE.US,5,20251118,214500,11.7405,11.7405,11.7405,11.7405,174,0
MXE.US,5,20251119,164000,11.6,11.6,11.6,11.6,100,0
MXE.US,5,20251119,174000,11.7295,11.7295,11.7295,11.7295,200,0
MXE.US,5,20251119,214000,11.65,11.65,11.65,11.65,100,0
MXE.US,5,20251120,163500,11.67,11.67,11.67,11.67,100,0
MXE.US,5,20251120,214500,11.65,11.65,11.65,11.65,100,0
MXE.US,5,20251120,215500,11.82,11.82,11.82,11.82,115,0
MXE.US,5,20251121,155500,11.714,11.748,11.714,11.748,420,0
MXE.US,5,20251121,204500,11.65,11.749,11.6399,11.725,2405,0
MXE.US,5,20251124,155000,11.73,11.73,11.73,11.73,200,0
MXE.US,5,20251124,192500,11.8,11.8,11.8,11.8,400,0
MXE.US,5,20251125,164000,11.6128,11.6128,11.6128,11.6128,212,0
MXE.US,5,20251125,165500,11.82,11.82,11.7,11.7,500,0
MXE.US,5,20251125,214500,11.77,11.77,11.74,11.7426,1673,0
MXE.US,5,20251125,215500,11.75,11.75,11.75,11.75,175,0
MXE.US,5,20251126,162000,11.93,11.93,11.93,11.93,100,0
MXE.US,5,20251126,164000,11.91,11.91,11.91,11.91,100,0
MXE.US,5,20251126,165000,11.825,11.825,11.825,11.825,141,0
MXE.US,5,20251126,181000,11.8578,11.93,11.8578,11.93,1500,0
MXE.US,5,20251126,190000,11.93,11.93,11.93,11.93,100,0
MXE.US,5,20251126,204000,11.85,11.85,11.85,11.85,1000,0
MXE.US,5,20251128,164500,11.7773,11.7773,11.7773,11.7773,116,0
MXE.US,5,20251128,180500,11.7792,11.7792,11.7,11.7,1600,0
MXE.US,5,20251128,181000,11.8083,11.8609,11.8083,11.8609,926,0
MXE.US,5,20251128,185500,11.7792,11.8147,11.7792,11.8147,4900,0
MXE.US,5,20251128,190000,11.81,11.81,11.81,11.81,171,0
MXE.US,5,20251201,155500,11.71,11.71,11.71,11.71,118,0
MXE.US,5,20251201,162000,11.8601,11.8601,11.8601,11.8601,100,0
MXE.US,5,20251201,163500,11.7924,11.7924,11.7924,11.7924,200,0
MXE.US,5,20251201,175000,11.9,11.9,11.9,11.9,100,0
MXE.US,5,20251201,183000,11.855,11.855,11.855,11.855,200,0
MXE.US,5,20251201,190000,11.85,11.85,11.85,11.85,100,0
MXE.US,5,20251201,193000,11.85,11.85,11.85,11.85,178,0
MXE.US,5,20251201,204000,11.85,11.85,11.85,11.85,400,0
MXE.US,5,20251202,170500,11.852,11.97,11.852,11.97,800,0
MXE.US,5,20251202,171500,11.97,11.97,11.97,11.97,700,0
MXE.US,5,20251202,173000,11.99,11.99,11.99,11.99,752,0
MXE.US,5,20251202,175000,11.9,11.9,11.9,11.9,2790,0
MXE.US,5,20251202,182500,12,12,12,12,500,0
MXE.US,5,20251202,194000,11.9676,12,11.9676,12,5300,0
MXE.US,5,20251202,202000,12,12,12,12,157,0
MXE.US,5,20251202,205000,12.05,12.05,12.05,12.05,100,0
MXE.US,5,20251202,215500,12.025,12.025,12,12,3138,0
MXE.US,5,20251203,161500,11.916,11.925,11.916,11.925,354,0
MXE.US,5,20251203,170000,11.9735,12.05,11.9708,11.9708,2400,0
MXE.US,5,20251203,170500,12.05,12.05,11.88,11.94,8848,0
MXE.US,5,20251203,171000,11.9735,11.9735,11.9735,11.9735,1000,0
MXE.US,5,20251203,203000,11.97,11.97,11.97,11.97,700,0
MXE.US,5,20251203,203500,11.97,11.97,11.97,11.97,100,0
MXE.US,5,20251203,211500,11.95,11.95,11.95,11.95,100,0
MXE.US,5,20251203,215500,12,12,11.97,11.97,253,0
MXE.US,5,20251204,153000,11.98,12,11.98,12,2500,0
MXE.US,5,20251204,160000,12.02,12.02,12.02,12.02,400,0
MXE.US,5,20251204,162000,11.9001,12.02,11.9001,12.02,2200,0
MXE.US,5,20251204,162500,12.0092,12.0092,12.0092,12.0092,600,0
MXE.US,5,20251204,163000,12.01,12.01,12.01,12.01,1900,0
MXE.US,5,20251204,170500,12.01,12.01,12.01,12.01,800,0
MXE.US,5,20251204,174000,12.0107,12.0107,12.0107,12.0107,124,0
MXE.US,5,20251204,212500,12.0186,12.0186,12.0186,12.0186,1000,0
MXE.US,5,20251204,213000,12.025,12.025,12.025,12.025,200,0
MXE.US,5,20251204,214000,12.04,12.04,12.04,12.04,100,0
MXE.US,5,20251204,214500,12.021,12.025,12.021,12.025,1100,0
MXE.US,5,20251204,215500,12.05,12.05,12.03,12.03,586,0
MXE.US,5,20251205,153000,11.91,12.05,11.875,11.9525,5766,0
MXE.US,5,20251205,155000,12.05,12.05,12.05,12.05,383,0
MXE.US,5,20251205,161500,12.07,12.07,12.07,12.07,182,0
MXE.US,5,20251205,163500,12.1,12.1,12.1,12.1,1097,0
MXE.US,5,20251205,173500,12.15,12.15,12.0892,12.0892,2176,0
MXE.US,5,20251205,174000,12.14,12.14,12.05,12.05,2150,0
MXE.US,5,20251205,174500,12.1039,12.15,12.0101,12.087,8644,0
MXE.US,5,20251205,175000,12.01,12.04,12,12,5167,0
MXE.US,5,20251205,175500,12.015,12.03,12.015,12.03,543,0
MXE.US,5,20251205,180500,12.03,12.03,12.015,12.015,600,0
MXE.US,5,20251205,181000,12.05,12.05,12.015,12.05,1007,0
MXE.US,5,20251205,182500,12.05,12.05,12.05,12.05,100,0
MXE.US,5,20251205,202000,12.0673,12.0673,12.0002,12.0002,2000,0
MXE.US,5,20251205,203500,12.02,12.02,12.02,12.02,100,0
MXE.US,5,20251205,213500,12.02,12.02,12.02,12.02,100,0
MXE.US,5,20251205,215500,12.05,12.05,12.03,12.03,1050,0
MXE.US,5,20251208,161000,12,12,12,12,100,0
MXE.US,5,20251208,175000,12.03,12.05,12.03,12.05,2400,0
MXE.US,5,20251209,153000,11.96,11.96,11.96,11.96,100,0
MXE.US,5,20251209,153500,12.04,12.04,12.04,12.04,100,0
MXE.US,5,20251209,154000,12.04,12.04,12.04,12.04,200,0
MXE.US,5,20251209,154500,12.04,12.04,12.04,12.04,400,0
MXE.US,5,20251209,155000,12.04,12.04,12.04,12.04,100,0
MXE.US,5,20251209,155500,12,12,12,12,100,0
MXE.US,5,20251209,161000,12.04,12.04,12.04,12.04,100,0
MXE.US,5,20251209,161500,12.04,12.04,12.04,12.04,100,0
MXE.US,5,20251209,162000,12.04,12.04,12.04,12.04,195,0
MXE.US,5,20251209,163000,12,12,11.995,11.995,200,0
MXE.US,5,20251209,164000,12.05,12.0881,12.05,12.05,1978,0
MXE.US,5,20251209,170000,12,12,12,12,100,0
MXE.US,5,20251209,175500,12.0982,12.0982,12.0982,12.0982,400,0
MXE.US,5,20251209,194000,12.0895,12.0895,12.0895,12.0895,100,0
MXE.US,5,20251209,205000,12.095,12.15,12.095,12.15,300,0
MXE.US,5,20251209,205500,12.15,12.15,12.15,12.15,200,0
MXE.US,5,20251209,214000,12.15,12.15,12.15,12.15,1100,0
MXE.US,5,20251209,215500,12.13,12.15,12.1,12.15,6200,0
MXE.US,5,20251210,153000,12.1115,12.185,12.1115,12.185,200,0
MXE.US,5,20251210,154000,12.216,12.216,12.195,12.195,2400,0
MXE.US,5,20251210,154500,12.16,12.16,12.16,12.16,100,0
MXE.US,5,20251210,162000,12.13,12.13,12.13,12.13,100,0
MXE.US,5,20251210,163000,12.13,12.13,12.13,12.13,100,0
MXE.US,5,20251210,165000,12.1,12.1,12.1,12.1,100,0
MXE.US,5,20251210,171500,12.15,12.15,12.15,12.15,236,0
MXE.US,5,20251210,172000,12.2,12.2,12.19,12.2,1500,0
MXE.US,5,20251210,183000,12.13,12.13,12.13,12.13,100,0
MXE.US,5,20251210,215500,12.18,12.18,12.18,12.18,235,0
MXE.US,5,20251211,153000,12.24,12.24,12.24,12.24,100,0
MXE.US,5,20251211,155500,12.18,12.18,12.11,12.11,200,0
MXE.US,5,20251211,161500,12.18,12.1851,12.173,12.173,1700,0
MXE.US,5,20251211,162000,12.173,12.173,12.173,12.173,100,0
MXE.US,5,20251211,162500,12.24,12.24,12.24,12.24,600,0
MXE.US,5,20251211,163000,12.2416,12.25,12.2284,12.25,3986,0
MXE.US,5,20251211,164500,12.21,12.21,12.21,12.21,100,0
MXE.US,5,20251211,165500,12.26,12.26,12.26,12.26,213,0
MXE.US,5,20251211,170000,12.26,12.3,12.26,12.3,1597,0
MXE.US,5,20251211,174000,12.272,12.272,12.272,12.272,100,0
MXE.US,5,20251211,180000,12.23,12.23,12.23,12.23,100,0
MXE.US,5,20251211,192500,12.34,12.36,12.34,12.35,1879,0
MXE.US,5,20251211,194000,12.3,12.3,12.3,12.3,100,0
MXE.US,5,20251211,195000,12.33,12.33,12.33,12.33,100,0
MXE.US,5,20251211,210500,12.41,12.4499,12.406,12.4499,1600,0
MXE.US,5,20251211,214500,12.3956,12.3956,12.3956,12.3956,2039,0
MXE.US,5,20251212,155500,12.3955,12.4162,12.3955,12.4162,800,0
MXE.US,5,20251212,161000,12.4145,12.4145,12.4145,12.4145,380,0
MXE.US,5,20251212,163000,12.405,12.4145,12.31,12.405,11422,0
MXE.US,5,20251212,163500,12.4051,12.4051,12.24,12.24,4742,0
MXE.US,5,20251212,165500,12.22,12.32,12.22,12.27,300,0
MXE.US,5,20251212,171500,12.21,12.2715,12.21,12.2715,800,0
MXE.US,5,20251212,172500,12.2715,12.2715,12.2001,12.2203,3892,0
MXE.US,5,20251212,215500,12.435,12.435,12.435,12.435,400,0
MXE.US,5,20251215,153000,12.4,12.4,12.4,12.4,400,0
MXE.US,5,20251215,153500,12.425,12.49,12.416,12.416,1514,0
MXE.US,5,20251215,155000,12.43,12.43,12.43,12.43,100,0
MXE.US,5,20251215,155500,12.43,12.43,12.43,12.43,100,0
MXE.US,5,20251215,160000,12.43,12.43,12.43,12.43,200,0
MXE.US,5,20251215,162500,12.4734,12.4734,12.4734,12.4734,250,0
MXE.US,5,20251215,165500,12.4695,12.4695,12.4695,12.4695,400,0
MXE.US,5,20251215,181500,12.4993,12.4993,12.4993,12.4993,141,0
MXE.US,5,20251215,182000,12.434,12.434,12.434,12.434,100,0
MXE.US,5,20251215,194500,12.36,12.5,12.36,12.5,350,0
MXE.US,5,20251215,200500,12.4208,12.4208,12.4208,12.4208,100,0
MXE.US,5,20251215,210000,12.33,12.33,12.33,12.33,100,0
MXE.US,5,20251215,215500,12.49,12.49,12.49,12.49,200,0
MXE.US,5,20251216,153000,12.1534,12.1534,12.1534,12.1534,193,0
MXE.US,5,20251216,170000,12.13,12.13,12.13,12.13,174,0
MXE.US,5,20251216,203000,12.3,12.3,12.3,12.3,727,0
MXE.US,5,20251217,153500,12.075,12.075,12.075,12.075,200,0
MXE.US,5,20251217,215500,12.07,12.07,12.07,12.07,191,0
MXE.US,5,20251218,153000,11.9446,11.9446,11.9446,11.9446,150,0
MXE.US,5,20251218,204000,12.05,12.0963,12.05,12.0963,400,0
MXE.US,5,20251218,204500,12.06,12.06,12.06,12.06,100,0
MXE.US,5,20251218,210000,12.0899,12.0899,12.0899,12.0899,200,0
MXE.US,5,20251218,210500,12.0745,12.0745,12.055,12.055,500,0
MXE.US,5,20251218,215000,12.07,12.09,12.07,12.09,700,0
MXE.US,5,20251218,215500,12.11,12.11,12.08,12.08,291,0
MXE.US,5,20251219,170500,12.2,12.24,12.2,12.24,400,0
MXE.US,5,20251219,183500,12.08,12.08,12.08,12.08,120,0
MXE.US,5,20251219,214000,12.16,12.16,12.16,12.16,100,0
MXE.US,5,20251219,215500,12.0801,12.16,12.0801,12.16,390,0
MXE.US,5,20251222,163500,12.1,12.1,12.1,12.1,100,0
MXE.US,5,20251222,165000,12.16,12.16,12.16,12.16,200,0
MXE.US,5,20251222,193500,12.23,12.25,12.23,12.25,2700,0
MXE.US,5,20251222,204000,12.2,12.2,12.2,12.2,100,0
MXE.US,5,20251222,212500,12.29,12.3,12.29,12.3,1001,0
MXE.US,5,20251222,214500,12.3,12.3,12.3,12.3,300,0
MXE.US,5,20251222,215500,12.34,12.34,12.34,12.34,100,0
