<TICKER>,<PER>,<DATE>,<TIME>,<OPEN>,<HIGH>,<LOW>,<CLOSE>,<VOL>,<OPENINT>
PCR.US,5,20250924,161000,25,25,25,25,100,0
PCR.US,5,20250924,182500,24.84,24.84,24.84,24.84,118,0
PCR.US,5,20250925,162000,24.88,24.88,24.88,24.88,108,0
PCR.US,5,20250925,185500,24.9547,24.9547,24.9547,24.9547,100,0
PCR.US,5,20250925,192000,24.95,24.95,24.95,24.95,2000,0
PCR.US,5,20250925,192500,24.95,24.96,24.95,24.9599,2994,0
PCR.US,5,20250925,193000,24.95,24.95,24.95,24.95,300,0
PCR.US,5,20250925,195000,24.9,24.9,24.9,24.9,1000,0
PCR.US,5,20250925,205500,24.94,24.94,24.94,24.94,600,0
PCR.US,5,20250926,175000,24.93,24.93,24.93,24.93,100,0
PCR.US,5,20250926,215500,24.89,25.05,24.8462,25.045,37255,0
PCR.US,5,20250929,154000,25,25,24.91,24.91,5383,0
PCR.US,5,20250929,154500,24.9,24.9,24.9,24.9,300,0
PCR.US,5,20250929,203000,24.66,24.66,24.66,24.66,350,0
PCR.US,5,20250929,203500,24.66,24.66,24.66,24.66,200,0
PCR.US,5,20250929,204000,24.66,24.66,24.66,24.66,200,0
PCR.US,5,20250929,204500,24.66,24.66,24.66,24.66,350,0
PCR.US,5,20250929,205000,24.66,24.66,24.66,24.66,200,0
PCR.US,5,20250929,205500,24.66,24.66,24.66,24.66,300,0
PCR.US,5,20250930,154000,25.04,25.04,25.0399,25.0399,400,0
PCR.US,5,20250930,193500,24.7558,24.7558,24.7558,24.7558,119,0
PCR.US,5,20250930,201500,24.87,24.87,24.87,24.87,112,0
PCR.US,5,20251001,170500,24.302,24.302,24.302,24.302,121,0
PCR.US,5,20251001,173500,24.3528,24.3528,24.3528,24.3528,100,0
PCR.US,5,20251001,183500,24.3438,24.3438,24.3438,24.3438,113,0
PCR.US,5,20251002,165500,24.75,24.75,24.7499,24.7499,740,0
PCR.US,5,20251002,174500,24.74,24.74,24.74,24.74,200,0
PCR.US,5,20251002,211500,24.83,24.83,24.83,24.83,100,0
PCR.US,5,20251002,214500,24.83,24.83,24.83,24.83,874,0
PCR.US,5,20251003,153500,24.93,24.93,24.6,24.62,300,0
PCR.US,5,20251003,163000,24.79,24.79,24.79,24.79,100,0
PCR.US,5,20251003,165500,24.8,24.8,24.8,24.8,100,0
PCR.US,5,20251003,174000,24.81,24.81,24.81,24.81,100,0
PCR.US,5,20251003,195500,24.61,24.61,24.61,24.61,100,0
PCR.US,5,20251007,160500,24.24,24.24,24.24,24.24,1536,0
PCR.US,5,20251008,185000,24.18,24.18,24.18,24.18,159,0
PCR.US,5,20251009,212000,23.73,23.73,23.7299,23.7299,200,0
PCR.US,5,20251015,155000,24.43,24.43,24.43,24.43,738,0
PCR.US,5,20251015,210000,24.06,24.06,24.06,24.06,3545,0
PCR.US,5,20251015,214500,24.11,24.11,24.11,24.11,100,0
PCR.US,5,20251017,190500,23.79,23.79,23.7899,23.7899,1216,0
PCR.US,5,20251020,184000,23.7633,23.7633,23.7633,23.7633,468,0
PCR.US,5,20251021,155500,24.025,24.025,24.025,24.025,500,0
PCR.US,5,20251023,192000,24.28,24.28,24.28,24.28,246,0
PCR.US,5,20251023,200500,24.35,24.35,24.35,24.35,2185,0
PCR.US,5,20251028,161500,24.85,24.85,24.85,24.85,100,0
PCR.US,5,20251028,163500,24.79,24.79,24.79,24.79,100,0
PCR.US,5,20251028,165000,24.79,24.79,24.79,24.79,100,0
PCR.US,5,20251028,170500,24.83,24.83,24.83,24.83,100,0
PCR.US,5,20251028,172000,24.83,24.83,24.83,24.83,100,0
PCR.US,5,20251028,174000,24.89,24.89,24.89,24.89,100,0
PCR.US,5,20251028,175500,24.89,24.89,24.89,24.89,100,0
PCR.US,5,20251028,181500,24.87,24.87,24.87,24.87,100,0
PCR.US,5,20251028,183000,24.87,24.87,24.87,24.87,100,0
PCR.US,5,20251028,185000,24.87,24.87,24.87,24.87,100,0
PCR.US,5,20251028,190500,24.87,24.87,24.87,24.87,100,0
PCR.US,5,20251028,192500,24.85,24.85,24.85,24.85,100,0
PCR.US,5,20251028,195500,24.81,24.81,24.81,24.81,100,0
PCR.US,5,20251028,201000,24.81,24.81,24.81,24.81,100,0
PCR.US,5,20251028,202500,24.81,24.81,24.81,24.81,100,0
PCR.US,5,20251028,203500,24.79,24.79,24.79,24.79,100,0
PCR.US,5,20251028,204500,24.77,24.77,24.77,24.77,100,0
PCR.US,5,20251028,205000,24.75,24.75,24.75,24.75,100,0
PCR.US,5,20251029,144500,24.57,24.57,24.57,24.57,130,0
PCR.US,5,20251029,173000,24.4089,24.47,24.4089,24.4089,2158,0
PCR.US,5,20251031,192000,24.31,24.31,24.31,24.31,100,0
PCR.US,5,20251031,204000,24.3,24.3,24.23,24.3,2288,0
PCR.US,5,20251103,211000,24.1999,24.1999,24.135,24.135,400,0
PCR.US,5,20251104,210500,24.2,24.21,24.1665,24.1665,930,0
PCR.US,5,20251105,205000,24.055,24.055,24.055,24.055,100,0
PCR.US,5,20251106,185500,23.94,23.94,23.9399,23.9399,400,0
PCR.US,5,20251111,175000,24.0315,24.0315,24.0315,24.0315,100,0
PCR.US,5,20251111,213000,24.23,24.23,24.23,24.23,300,0
PCR.US,5,20251113,153500,24.4,24.4,24.4,24.4,138,0
PCR.US,5,20251113,155500,24.34,24.34,24.34,24.34,149,0
PCR.US,5,20251114,211500,24.08,24.08,24.0799,24.0799,312,0
PCR.US,5,20251117,153000,24.05,24.05,24.05,24.05,300,0
PCR.US,5,20251117,183000,23.6512,23.6512,23.6512,23.6512,100,0
PCR.US,5,20251117,191500,23.74,23.74,23.74,23.74,100,0
PCR.US,5,20251118,161500,23.44,23.535,23.4316,23.535,932,0
PCR.US,5,20251118,162000,23.45,23.526,23.43,23.505,4783,0
PCR.US,5,20251118,210000,23.44,23.44,23.44,23.44,318,0
PCR.US,5,20251119,154000,23.6015,23.6015,23.6015,23.6015,150,0
PCR.US,5,20251119,172000,23.59,23.5901,23.59,23.5901,268,0
PCR.US,5,20251119,173000,23.69,23.69,23.69,23.69,311,0
PCR.US,5,20251120,185500,23.3,23.3,23.3,23.3,1489,0
PCR.US,5,20251120,191000,23.4,23.4,23.4,23.4,100,0
PCR.US,5,20251120,201500,23.3816,23.3816,23.3816,23.3816,672,0
PCR.US,5,20251120,211000,23.4,23.4,23.4,23.4,100,0
PCR.US,5,20251124,161500,23.49,23.49,23.49,23.49,100,0
PCR.US,5,20251125,202000,23.75,23.75,23.75,23.75,185,0
PCR.US,5,20251126,181000,24.06,24.06,24.06,24.06,100,0
PCR.US,5,20251128,163000,24.14,24.14,24.14,24.14,100,0
PCR.US,5,20251201,215500,23.72,23.72,23.72,23.72,105,0
PCR.US,5,20251205,214000,24.1199,24.1199,24.1199,24.1199,185,0
PCR.US,5,20251208,163000,24.01,24.01,24.01,24.01,100,0
PCR.US,5,20251208,182500,23.852,23.864,23.852,23.864,325,0
PCR.US,5,20251209,160000,23.805,23.805,23.805,23.805,143,0
PCR.US,5,20251209,195500,23.72,23.7201,23.72,23.7201,200,0
PCR.US,5,20251211,184000,23.82,23.82,23.8199,23.8199,200,0
PCR.US,5,20251215,153500,23.6,23.6,23.6,23.6,300,0
PCR.US,5,20251215,154500,23.6,23.6,23.6,23.6,656,0
PCR.US,5,20251215,160000,23.5,23.5,23.5,23.5,1000,0
PCR.US,5,20251216,185500,23.3,23.3,23.3,23.3,485,0
PCR.US,5,20251217,172000,23.32,23.34,23.32,23.34,300,0
PCR.US,5,20251219,154000,23.1245,23.1245,23.055,23.055,470,0
PCR.US,5,20251219,172000,23.06,23.06,23.06,23.06,2168,0
PCR.US,5,20251219,211000,22.98,23,22.98,22.9999,1292,0
PCR.US,5,20251222,180000,22.94,22.94,22.9,22.9,300,0
PCR.US,5,20251222,194500,22.88,22.88,22.88,22.88,100,0
PCR.US,5,20251222,210500,22.7806,22.815,22.78,22.815,2268,0
