<TICKER>,<PER>,<DATE>,<TIME>,<OPEN>,<HIGH>,<LOW>,<CLOSE>,<VOL>,<OPENINT>
PMT_B.US,5,20250728,155500,23.8701,23.8701,23.8701,23.8701,2228,0
PMT_B.US,5,20250728,170000,23.95,23.95,23.9,23.9,3526,0
PMT_B.US,5,20250728,171500,23.9,23.9,23.88,23.88,300,0
PMT_B.US,5,20250728,172000,23.8914,23.8914,23.8914,23.8914,300,0
PMT_B.US,5,20250728,182500,23.805,23.805,23.805,23.805,100,0
PMT_B.US,5,20250728,191000,23.84,23.84,23.84,23.84,1200,0
PMT_B.US,5,20250728,192500,23.84,23.84,23.84,23.84,250,0
PMT_B.US,5,20250728,200500,23.82,23.82,23.82,23.82,700,0
PMT_B.US,5,20250728,210500,23.84,23.84,23.84,23.84,146,0
PMT_B.US,5,20250728,214500,23.8169,23.8393,23.8169,23.8393,1037,0
PMT_B.US,5,20250729,154500,23.8502,23.8502,23.85,23.8501,1551,0
PMT_B.US,5,20250729,171500,23.91,23.91,23.91,23.91,300,0
PMT_B.US,5,20250729,185000,23.965,23.965,23.965,23.965,208,0
PMT_B.US,5,20250729,192000,23.99,23.99,23.94,23.95,5200,0
PMT_B.US,5,20250729,192500,23.99,23.99,23.99,23.99,100,0
PMT_B.US,5,20250729,200000,24,24,24,24,250,0
PMT_B.US,5,20250729,213000,24.04,24.04,24.04,24.04,100,0
PMT_B.US,5,20250729,214500,24.0015,24.0015,24.0015,24.0015,107,0
PMT_B.US,5,20250730,162500,23.9334,23.94,23.9334,23.94,800,0
PMT_B.US,5,20250730,175500,23.9721,23.9721,23.9721,23.9721,100,0
PMT_B.US,5,20250730,180000,23.95,23.95,23.95,23.95,400,0
PMT_B.US,5,20250730,181000,23.8893,23.8893,23.8893,23.8893,337,0
PMT_B.US,5,20250730,185000,23.9365,23.9365,23.9365,23.9365,100,0
PMT_B.US,5,20250730,195000,23.94,23.94,23.94,23.94,203,0
PMT_B.US,5,20250730,205500,23.89,23.89,23.89,23.89,2307,0
PMT_B.US,5,20250730,211500,23.895,23.895,23.895,23.895,500,0
PMT_B.US,5,20250731,181500,23.96,23.96,23.9287,23.9287,300,0
PMT_B.US,5,20250731,182500,23.9521,23.9521,23.9521,23.9521,200,0
PMT_B.US,5,20250731,184500,23.9206,23.9206,23.9206,23.9206,600,0
PMT_B.US,5,20250731,190000,23.95,23.95,23.93,23.93,400,0
PMT_B.US,5,20250731,190500,23.93,23.93,23.93,23.93,500,0
PMT_B.US,5,20250731,192500,23.93,23.93,23.93,23.93,100,0
PMT_B.US,5,20250731,194500,23.97,23.97,23.955,23.955,1601,0
PMT_B.US,5,20250731,195500,23.97,23.98,23.97,23.98,1656,0
PMT_B.US,5,20250731,200000,23.98,23.98,23.96,23.96,500,0
PMT_B.US,5,20250731,200500,23.98,23.98,23.94,23.94,300,0
PMT_B.US,5,20250731,201000,23.93,23.96,23.93,23.96,838,0
PMT_B.US,5,20250731,201500,23.94,23.94,23.94,23.94,363,0
PMT_B.US,5,20250731,202000,23.9451,23.98,23.9451,23.98,400,0
PMT_B.US,5,20250731,203500,23.97,23.97,23.97,23.97,100,0
PMT_B.US,5,20250731,204500,23.98,23.98,23.98,23.98,600,0
PMT_B.US,5,20250731,205000,23.98,23.98,23.98,23.98,100,0
PMT_B.US,5,20250731,210500,23.92,23.92,23.9,23.9,1098,0
PMT_B.US,5,20250731,211000,23.98,23.98,23.98,23.98,100,0
PMT_B.US,5,20250731,212500,23.98,23.98,23.98,23.98,100,0
PMT_B.US,5,20250731,214000,23.9373,23.98,23.9373,23.98,415,0
PMT_B.US,5,20250731,215000,23.98,24.01,23.98,24.01,3478,0
PMT_B.US,5,20250731,215500,24.18,24.19,24.18,24.18,900,0
PMT_B.US,5,20250801,154500,24.0516,24.0516,24.0516,24.0516,200,0
PMT_B.US,5,20250801,155000,24.06,24.08,24.06,24.08,300,0
PMT_B.US,5,20250801,155500,24.05,24.05,24.05,24.05,100,0
PMT_B.US,5,20250801,172500,24.07,24.07,24.07,24.07,540,0
PMT_B.US,5,20250801,203000,24.09,24.09,24.09,24.09,300,0
PMT_B.US,5,20250801,205000,24.0722,24.0722,24.0722,24.0722,207,0
PMT_B.US,5,20250801,211500,24.07,24.07,24.07,24.07,909,0
PMT_B.US,5,20250801,212000,24.0896,24.0896,24.0896,24.0896,100,0
PMT_B.US,5,20250801,215500,24.08,24.09,24.08,24.09,754,0
PMT_B.US,5,20250804,155500,24.0942,24.0942,24.0942,24.0942,110,0
PMT_B.US,5,20250804,160500,24.1445,24.1445,24.1445,24.1445,150,0
PMT_B.US,5,20250804,164500,24.125,24.125,24.125,24.125,100,0
PMT_B.US,5,20250804,165000,24.1268,24.1268,24.1268,24.1268,125,0
PMT_B.US,5,20250804,171000,24.1358,24.1358,24.1358,24.1358,500,0
PMT_B.US,5,20250804,175500,24.17,24.17,24.17,24.17,480,0
PMT_B.US,5,20250804,181500,24.2,24.2,24.2,24.2,397,0
PMT_B.US,5,20250804,204000,24.1701,24.1701,24.1701,24.1701,100,0
PMT_B.US,5,20250804,211000,24.2,24.2,24.2,24.2,100,0
PMT_B.US,5,20250804,214000,24.2,24.21,24.2,24.2,2150,0
PMT_B.US,5,20250805,171500,24.2453,24.2453,24.2453,24.2453,200,0
PMT_B.US,5,20250805,180500,24.22,24.22,24.22,24.22,1000,0
PMT_B.US,5,20250805,181000,24.2002,24.2002,24.2002,24.2002,1000,0
PMT_B.US,5,20250805,184000,24.22,24.22,24.22,24.22,200,0
PMT_B.US,5,20250805,191000,24.2201,24.2201,24.2201,24.2201,244,0
PMT_B.US,5,20250805,191500,24.22,24.22,24.22,24.22,100,0
PMT_B.US,5,20250805,195000,24.2,24.21,24.2,24.21,200,0
PMT_B.US,5,20250805,200000,24.2,24.2,24.2,24.2,100,0
PMT_B.US,5,20250805,201500,24.19,24.19,24.19,24.19,104,0
PMT_B.US,5,20250805,204000,24.2399,24.2399,24.2399,24.2399,300,0
PMT_B.US,5,20250805,204500,24.2321,24.2321,24.18,24.18,1445,0
PMT_B.US,5,20250805,210500,24.18,24.23,24.17,24.23,1400,0
PMT_B.US,5,20250805,213500,24.15,24.16,24.15,24.16,200,0
PMT_B.US,5,20250805,215000,24.23,24.23,24.15,24.15,1131,0
PMT_B.US,5,20250806,162500,24.25,24.25,24.2172,24.2172,2100,0
PMT_B.US,5,20250806,165000,24.21,24.21,24.1802,24.1802,300,0
PMT_B.US,5,20250806,195000,24.17,24.21,24.1601,24.1601,1250,0
PMT_B.US,5,20250806,205500,24.171,24.171,24.171,24.171,136,0
PMT_B.US,5,20250806,210000,24.15,24.19,24.15,24.15,981,0
PMT_B.US,5,20250806,213000,24.13,24.13,24.13,24.13,100,0
PMT_B.US,5,20250807,170500,24.1301,24.1301,24.1301,24.1301,400,0
PMT_B.US,5,20250807,174000,24.1878,24.1878,24.1878,24.1878,100,0
PMT_B.US,5,20250807,183000,24.165,24.2,24.13,24.19,4300,0
PMT_B.US,5,20250807,184000,24.19,24.19,24.19,24.19,350,0
PMT_B.US,5,20250807,185500,24.194,24.194,24.194,24.194,100,0
PMT_B.US,5,20250807,190000,24.175,24.175,24.175,24.175,405,0
PMT_B.US,5,20250807,191000,24.14,24.14,24.14,24.14,226,0
PMT_B.US,5,20250807,200000,24.175,24.175,24.14,24.14,500,0
PMT_B.US,5,20250807,213000,24.185,24.185,24.185,24.185,600,0
PMT_B.US,5,20250807,213500,24.185,24.185,24.1216,24.1216,1067,0
PMT_B.US,5,20250807,214000,24.11,24.11,24.1,24.1,800,0
PMT_B.US,5,20250807,215000,24.05,24.05,24.05,24.05,200,0
PMT_B.US,5,20250808,162500,24.24,24.3,24.24,24.3,4018,0
PMT_B.US,5,20250808,164500,24.275,24.275,24.275,24.275,300,0
PMT_B.US,5,20250808,170000,24.2999,24.2999,24.2999,24.2999,310,0
PMT_B.US,5,20250808,170500,24.25,24.25,24.25,24.25,1489,0
PMT_B.US,5,20250808,172500,24.135,24.135,24.135,24.135,100,0
PMT_B.US,5,20250808,173500,24.135,24.135,24.135,24.135,176,0
PMT_B.US,5,20250808,183500,24.149,24.149,24.149,24.149,300,0
PMT_B.US,5,20250808,185000,24.19,24.19,24.19,24.19,100,0
PMT_B.US,5,20250808,190500,24.1401,24.1401,24.1401,24.1401,500,0
PMT_B.US,5,20250808,194500,24.1465,24.1465,24.1465,24.1465,1000,0
PMT_B.US,5,20250808,202500,24.2291,24.2291,24.19,24.19,290,0
PMT_B.US,5,20250808,204500,24.149,24.149,24.149,24.149,254,0
PMT_B.US,5,20250808,213000,24.1401,24.1402,24.14,24.1402,500,0
PMT_B.US,5,20250811,153500,24.15,24.15,24.15,24.15,100,0
PMT_B.US,5,20250811,163500,24.22,24.22,24.22,24.22,200,0
PMT_B.US,5,20250811,164000,24.22,24.22,24.22,24.22,115,0
PMT_B.US,5,20250811,165000,24.211,24.211,24.211,24.211,100,0
PMT_B.US,5,20250811,170000,24.21,24.21,24.21,24.21,224,0
PMT_B.US,5,20250811,172000,24.22,24.22,24.22,24.22,200,0
PMT_B.US,5,20250811,185000,24.22,24.22,24.2,24.2,2964,0
PMT_B.US,5,20250811,191000,24.22,24.2201,24.22,24.2201,431,0
PMT_B.US,5,20250811,194500,24.22,24.22,24.22,24.22,350,0
PMT_B.US,5,20250811,195500,24.2,24.2,24.2,24.2,100,0
PMT_B.US,5,20250811,202000,24.215,24.215,24.215,24.215,811,0
PMT_B.US,5,20250811,202500,24.215,24.215,24.215,24.215,500,0
PMT_B.US,5,20250811,205500,24.215,24.215,24.215,24.215,164,0
PMT_B.US,5,20250811,210500,24.21,24.21,24.16,24.16,512,0
PMT_B.US,5,20250812,165000,24.1618,24.1618,24.1618,24.1618,125,0
PMT_B.US,5,20250812,192500,24.2,24.2,24.2,24.2,820,0
PMT_B.US,5,20250812,195000,24.17,24.2,24.17,24.2,950,0
PMT_B.US,5,20250812,205500,24.1763,24.1763,24.17,24.1763,4000,0
PMT_B.US,5,20250812,213000,24.1631,24.1631,24.1631,24.1631,800,0
PMT_B.US,5,20250812,214500,24.1653,24.1653,24.14,24.155,418,0
PMT_B.US,5,20250813,164500,24.05,24.05,24.05,24.05,1862,0
PMT_B.US,5,20250813,181500,24.07,24.07,24.07,24.07,400,0
PMT_B.US,5,20250813,182500,24.08,24.0859,24.08,24.0859,595,0
PMT_B.US,5,20250813,184000,24.08,24.0849,24.075,24.08,500,0
PMT_B.US,5,20250813,193000,24.1,24.1,24.08,24.09,836,0
PMT_B.US,5,20250813,195000,24.14,24.14,24.14,24.14,200,0
PMT_B.US,5,20250813,212500,24.2,24.2,24.2,24.2,1811,0
PMT_B.US,5,20250813,213000,24.24,24.24,24.24,24.24,900,0
PMT_B.US,5,20250813,214000,24.22,24.22,24.2,24.2,773,0
PMT_B.US,5,20250814,172000,24.19,24.19,24.18,24.18,700,0
PMT_B.US,5,20250814,182000,24.16,24.18,24.16,24.18,410,0
PMT_B.US,5,20250814,183000,24.14,24.16,24.14,24.16,251,0
PMT_B.US,5,20250814,193000,24.14,24.14,24.14,24.14,100,0
PMT_B.US,5,20250814,194500,24.2696,24.2696,24.2696,24.2696,289,0
PMT_B.US,5,20250814,205000,24.25,24.25,24.25,24.25,100,0
PMT_B.US,5,20250814,211000,24.24,24.24,24.24,24.24,800,0
PMT_B.US,5,20250814,214000,24.24,24.25,24.23,24.23,776,0
PMT_B.US,5,20250815,160500,24.18,24.24,24.18,24.24,1025,0
PMT_B.US,5,20250815,162500,24.2406,24.2406,24.2406,24.2406,321,0
PMT_B.US,5,20250815,173000,24.289,24.289,24.289,24.289,130,0
PMT_B.US,5,20250815,173500,24.27,24.27,24.27,24.27,100,0
PMT_B.US,5,20250815,191500,24.27,24.27,24.27,24.27,100,0
PMT_B.US,5,20250815,192500,24.25,24.25,24.25,24.25,100,0
PMT_B.US,5,20250815,201500,24.2696,24.2696,24.2696,24.2696,215,0
PMT_B.US,5,20250815,202000,24.2581,24.2581,24.2581,24.2581,310,0
PMT_B.US,5,20250815,205500,24.2545,24.2545,24.2545,24.2545,100,0
PMT_B.US,5,20250815,212000,24.24,24.24,24.24,24.24,457,0
PMT_B.US,5,20250818,153000,24.27,24.3,24.27,24.3,1288,0
PMT_B.US,5,20250818,154000,24.2711,24.2711,24.2711,24.2711,200,0
PMT_B.US,5,20250818,181000,24.25,24.25,24.25,24.25,400,0
PMT_B.US,5,20250818,181500,24.25,24.25,24.25,24.25,888,0
PMT_B.US,5,20250818,183500,24.265,24.29,24.265,24.29,1123,0
PMT_B.US,5,20250818,215500,24.29,24.3,24.29,24.3,2189,0
PMT_B.US,5,20250819,160500,24.32,24.32,24.32,24.32,100,0
PMT_B.US,5,20250819,162000,24.32,24.32,24.32,24.32,200,0
PMT_B.US,5,20250819,192500,24.32,24.4,24.32,24.4,7514,0
PMT_B.US,5,20250819,195000,24.44,24.44,24.4273,24.4273,917,0
PMT_B.US,5,20250819,195500,24.44,24.44,24.44,24.44,800,0
PMT_B.US,5,20250819,201000,24.44,24.44,24.42,24.42,871,0
PMT_B.US,5,20250819,202500,24.42,24.42,24.42,24.42,200,0
PMT_B.US,5,20250819,203500,24.42,24.42,24.41,24.41,921,0
PMT_B.US,5,20250819,204500,24.41,24.41,24.41,24.41,100,0
PMT_B.US,5,20250819,213500,24.4,24.4,24.4,24.4,200,0
PMT_B.US,5,20250819,214500,24.44,24.44,24.44,24.44,100,0
PMT_B.US,5,20250820,154000,24.4568,24.4568,24.4568,24.4568,150,0
PMT_B.US,5,20250820,155000,24.44,24.46,24.43,24.43,700,0
PMT_B.US,5,20250820,155500,24.46,24.46,24.46,24.46,100,0
PMT_B.US,5,20250820,160000,24.4528,24.475,24.4528,24.475,1000,0
PMT_B.US,5,20250820,160500,24.45,24.4501,24.45,24.4501,600,0
PMT_B.US,5,20250820,173000,24.4144,24.4144,24.4,24.4,1600,0
PMT_B.US,5,20250820,173500,24.45,24.45,24.45,24.45,100,0
PMT_B.US,5,20250820,174000,24.44,24.44,24.44,24.44,700,0
PMT_B.US,5,20250820,192500,24.4414,24.4414,24.4414,24.4414,100,0
PMT_B.US,5,20250820,202000,24.4499,24.45,24.4499,24.45,1124,0
PMT_B.US,5,20250820,203000,24.45,24.45,24.45,24.45,200,0
PMT_B.US,5,20250820,211000,24.44,24.44,24.44,24.44,100,0
PMT_B.US,5,20250820,214000,24.43,24.43,24.43,24.43,100,0
PMT_B.US,5,20250821,153500,24.2801,24.325,24.2801,24.325,1424,0
PMT_B.US,5,20250821,154000,24.39,24.42,24.38,24.3899,3203,0
PMT_B.US,5,20250821,172500,24.38,24.38,24.36,24.36,1457,0
PMT_B.US,5,20250821,180500,24.38,24.4,24.36,24.36,4918,0
PMT_B.US,5,20250821,181500,24.34,24.34,24.34,24.34,100,0
PMT_B.US,5,20250821,212000,24.406,24.406,24.406,24.406,102,0
PMT_B.US,5,20250821,214000,24.39,24.39,24.39,24.39,100,0
PMT_B.US,5,20250821,215500,24.39,24.39,24.39,24.39,100,0
PMT_B.US,5,20250822,173500,24.5,24.5,24.5,24.5,2500,0
PMT_B.US,5,20250822,175000,24.4701,24.4701,24.4701,24.4701,473,0
PMT_B.US,5,20250822,175500,24.49,24.5,24.49,24.5,2515,0
PMT_B.US,5,20250822,180500,24.5,24.5,24.5,24.5,200,0
PMT_B.US,5,20250822,181500,24.5,24.5,24.5,24.5,1300,0
PMT_B.US,5,20250822,184500,24.5,24.5,24.5,24.5,262,0
PMT_B.US,5,20250822,185500,24.49,24.49,24.49,24.49,284,0
PMT_B.US,5,20250822,190000,24.49,24.5,24.49,24.4927,1668,0
PMT_B.US,5,20250822,201000,24.52,24.52,24.52,24.52,1100,0
PMT_B.US,5,20250822,203000,24.5146,24.525,24.5,24.5,3531,0
PMT_B.US,5,20250822,212500,24.48,24.48,24.46,24.46,900,0
PMT_B.US,5,20250825,153500,24.35,24.35,24.35,24.35,300,0
PMT_B.US,5,20250825,154500,24.4805,24.4805,24.4805,24.4805,200,0
PMT_B.US,5,20250825,161500,24.4978,24.4978,24.4978,24.4978,150,0
PMT_B.US,5,20250825,165500,24.4601,24.4601,24.4601,24.4601,100,0
PMT_B.US,5,20250825,170000,24.5,24.51,24.4601,24.4601,2862,0
PMT_B.US,5,20250825,173500,24.5372,24.5372,24.5372,24.5372,500,0
PMT_B.US,5,20250825,195000,24.47,24.47,24.47,24.47,100,0
PMT_B.US,5,20250825,215000,24.5,24.5,24.5,24.5,200,0
PMT_B.US,5,20250826,160000,24.38,24.38,24.38,24.38,107,0
PMT_B.US,5,20250826,172000,24.46,24.51,24.46,24.5,700,0
PMT_B.US,5,20250826,182500,24.5162,24.52,24.51,24.52,1295,0
PMT_B.US,5,20250826,192500,24.49,24.5,24.49,24.5,1896,0
PMT_B.US,5,20250827,154000,24.5,24.5,24.49,24.5,2881,0
PMT_B.US,5,20250827,165500,24.54,24.54,24.54,24.54,224,0
PMT_B.US,5,20250827,172000,24.51,24.51,24.51,24.51,200,0
PMT_B.US,5,20250827,174500,24.4725,24.4725,24.4725,24.4725,100,0
PMT_B.US,5,20250827,175500,24.461,24.461,24.461,24.461,320,0
PMT_B.US,5,20250827,180000,24.51,24.51,24.51,24.51,600,0
PMT_B.US,5,20250827,181000,24.51,24.51,24.51,24.51,100,0
PMT_B.US,5,20250827,182500,24.51,24.51,24.51,24.51,100,0
PMT_B.US,5,20250827,191500,24.48,24.48,24.48,24.48,960,0
PMT_B.US,5,20250828,153000,24.5099,24.5099,24.5099,24.5099,163,0
PMT_B.US,5,20250828,153500,24.477,24.477,24.477,24.477,150,0
PMT_B.US,5,20250828,154000,24.51,24.51,24.51,24.51,300,0
PMT_B.US,5,20250828,173500,24.518,24.518,24.518,24.518,1000,0
PMT_B.US,5,20250828,174000,24.52,24.52,24.52,24.52,400,0
PMT_B.US,5,20250828,192000,24.53,24.53,24.53,24.53,100,0
PMT_B.US,5,20250828,192500,24.55,24.55,24.54,24.54,400,0
PMT_B.US,5,20250828,195000,24.561,24.6,24.561,24.5987,566,0
PMT_B.US,5,20250828,201500,24.6,24.6,24.6,24.6,300,0
PMT_B.US,5,20250828,210500,24.5799,24.5799,24.5799,24.5799,135,0
PMT_B.US,5,20250828,211000,24.553,24.553,24.553,24.553,122,0
PMT_B.US,5,20250828,211500,24.57,24.62,24.57,24.62,1331,0
PMT_B.US,5,20250828,212000,24.58,24.58,24.58,24.58,300,0
PMT_B.US,5,20250829,153500,24.12,24.12,24.12,24.12,107,0
PMT_B.US,5,20250829,160500,24.16,24.16,24.16,24.16,700,0
PMT_B.US,5,20250829,161500,24.22,24.22,24.22,24.22,300,0
PMT_B.US,5,20250829,172500,24.25,24.25,24.25,24.25,500,0
PMT_B.US,5,20250829,180000,24.155,24.155,24.155,24.155,948,0
PMT_B.US,5,20250829,183500,24.19,24.19,24.19,24.19,310,0
PMT_B.US,5,20250829,194000,24.16,24.16,24.16,24.16,100,0
PMT_B.US,5,20250829,200000,24.1651,24.1651,24.11,24.11,3210,0
PMT_B.US,5,20250829,201500,24,24,24,24,100,0
PMT_B.US,5,20250829,204000,24.0001,24.0659,24,24,579,0
PMT_B.US,5,20250829,210500,24.03,24.03,24.03,24.03,400,0
PMT_B.US,5,20250829,213000,24,24,24,24,200,0
PMT_B.US,5,20250829,213500,24,24,24,24,477,0
PMT_B.US,5,20250829,214500,24,24,24,24,100,0
PMT_B.US,5,20250829,215000,24,24,23.98,23.98,2100,0
PMT_B.US,5,20250829,215500,23.97,24.03,23.95,23.95,11970,0
PMT_B.US,5,20250902,153000,23.95,23.95,23.95,23.95,399,0
PMT_B.US,5,20250902,154000,23.98,23.98,23.98,23.98,400,0
PMT_B.US,5,20250902,154500,24,24,24,24,100,0
PMT_B.US,5,20250902,160500,23.95,23.95,23.95,23.95,600,0
PMT_B.US,5,20250902,163500,23.89,23.89,23.89,23.89,150,0
PMT_B.US,5,20250902,165500,23.94,23.94,23.94,23.94,1000,0
PMT_B.US,5,20250902,170000,23.93,23.93,23.93,23.93,600,0
PMT_B.US,5,20250902,171000,23.915,23.915,23.865,23.865,1100,0
PMT_B.US,5,20250902,171500,23.87,23.87,23.8533,23.8533,400,0
PMT_B.US,5,20250902,174500,23.86,23.86,23.86,23.86,110,0
PMT_B.US,5,20250902,180000,23.852,23.852,23.852,23.852,472,0
PMT_B.US,5,20250902,192000,23.88,23.95,23.8722,23.95,1300,0
PMT_B.US,5,20250902,192500,23.89,23.95,23.88,23.94,900,0
PMT_B.US,5,20250902,193500,23.93,23.93,23.93,23.93,200,0
PMT_B.US,5,20250902,200000,23.93,23.93,23.93,23.93,300,0
PMT_B.US,5,20250902,201000,23.945,23.945,23.945,23.945,250,0
PMT_B.US,5,20250902,202500,23.93,23.93,23.93,23.93,468,0
PMT_B.US,5,20250903,153500,24.04,24.04,24.04,24.04,400,0
PMT_B.US,5,20250903,160000,24.02,24.02,24.02,24.02,406,0
PMT_B.US,5,20250903,171000,24,24,23.99,23.99,200,0
PMT_B.US,5,20250903,174500,24.0195,24.0195,24.0195,24.0195,250,0
PMT_B.US,5,20250903,180000,23.97,23.995,23.97,23.995,303,0
PMT_B.US,5,20250903,182500,24.01,24.02,24.01,24.02,200,0
PMT_B.US,5,20250903,184000,23.98,23.98,23.98,23.98,300,0
PMT_B.US,5,20250903,184500,23.97,23.98,23.97,23.98,499,0
PMT_B.US,5,20250903,190500,23.985,23.985,23.985,23.985,200,0
PMT_B.US,5,20250903,191500,23.9877,23.9877,23.9877,23.9877,686,0
PMT_B.US,5,20250903,192500,23.9998,23.9998,23.9998,23.9998,249,0
PMT_B.US,5,20250903,200500,23.96,23.96,23.96,23.96,200,0
PMT_B.US,5,20250903,201000,23.96,23.96,23.96,23.96,300,0
PMT_B.US,5,20250903,204500,23.97,23.97,23.97,23.97,160,0
PMT_B.US,5,20250903,210000,23.955,23.955,23.955,23.955,280,0
PMT_B.US,5,20250903,213500,23.945,23.945,23.945,23.945,200,0
PMT_B.US,5,20250903,214000,23.9381,23.9381,23.9381,23.9381,495,0
PMT_B.US,5,20250903,215000,23.974,23.974,23.974,23.974,300,0
PMT_B.US,5,20250903,215500,23.97,23.97,23.97,23.97,876,0
PMT_B.US,5,20250904,155500,23.99,23.99,23.99,23.99,200,0
PMT_B.US,5,20250904,162500,23.98,23.98,23.98,23.98,250,0
PMT_B.US,5,20250904,171000,23.98,23.98,23.98,23.98,100,0
PMT_B.US,5,20250904,175500,23.97,23.98,23.97,23.98,698,0
PMT_B.US,5,20250904,191500,23.99,23.99,23.99,23.99,100,0
PMT_B.US,5,20250904,203000,24.02,24.02,23.9705,23.9705,1877,0
PMT_B.US,5,20250904,203500,24.02,24.02,23.995,24.01,1200,0
PMT_B.US,5,20250904,205500,23.99,23.99,23.99,23.99,100,0
PMT_B.US,5,20250904,213000,24,24.02,24,24.02,212,0
PMT_B.US,5,20250904,213500,24.02,24.02,24.02,24.02,100,0
PMT_B.US,5,20250904,215000,24.02,24.02,24.02,24.02,752,0
PMT_B.US,5,20250904,215500,24.03,24.035,24.03,24.035,334,0
PMT_B.US,5,20250905,154500,24.07,24.07,24.07,24.07,100,0
PMT_B.US,5,20250905,171500,24.06,24.06,24.06,24.06,100,0
PMT_B.US,5,20250905,182000,23.979,23.979,23.979,23.979,250,0
PMT_B.US,5,20250905,192000,23.985,23.985,23.985,23.985,100,0
PMT_B.US,5,20250905,194000,24,24,23.94,23.95,1200,0
PMT_B.US,5,20250905,194500,24.02,24.02,24.02,24.02,100,0
PMT_B.US,5,20250905,201500,23.99,23.99,23.98,23.98,200,0
PMT_B.US,5,20250905,205500,23.98,23.98,23.98,23.98,100,0
PMT_B.US,5,20250905,211000,24.03,24.06,24.03,24.06,300,0
PMT_B.US,5,20250905,212500,24.04,24.04,24.04,24.04,100,0
PMT_B.US,5,20250905,213500,24.03,24.03,24.03,24.03,300,0
PMT_B.US,5,20250905,214000,24.045,24.06,24.045,24.06,300,0
PMT_B.US,5,20250905,215500,24.06,24.07,24.06,24.07,400,0
PMT_B.US,5,20250908,153500,24.0054,24.0054,24.0054,24.0054,784,0
PMT_B.US,5,20250908,155500,24.04,24.04,24.04,24.04,100,0
PMT_B.US,5,20250908,160000,24.11,24.11,24.11,24.11,100,0
PMT_B.US,5,20250908,161000,24.18,24.18,24.18,24.18,100,0
PMT_B.US,5,20250908,162000,24.18,24.18,24.18,24.18,200,0
PMT_B.US,5,20250908,162500,24.18,24.26,24.18,24.22,600,0
PMT_B.US,5,20250908,163000,24.18,24.18,24.18,24.18,100,0
PMT_B.US,5,20250908,163500,24.21,24.21,24.21,24.21,100,0
PMT_B.US,5,20250908,183000,24.25,24.25,24.25,24.25,491,0
PMT_B.US,5,20250908,190500,24.2207,24.2207,24.2207,24.2207,400,0
PMT_B.US,5,20250908,194000,24.25,24.25,24.25,24.25,500,0
PMT_B.US,5,20250908,194500,24.23,24.23,24.23,24.23,100,0
PMT_B.US,5,20250908,201000,24.224,24.224,24.224,24.224,227,0
PMT_B.US,5,20250908,202500,24.235,24.235,24.235,24.235,110,0
PMT_B.US,5,20250908,212000,24.24,24.24,24.24,24.24,165,0
PMT_B.US,5,20250908,214500,24.26,24.26,24.26,24.26,200,0
PMT_B.US,5,20250908,215000,24.25,24.25,24.25,24.25,600,0
PMT_B.US,5,20250908,215500,24.25,24.26,24.22,24.26,1013,0
PMT_B.US,5,20250909,153500,24.26,24.26,24.26,24.26,100,0
PMT_B.US,5,20250909,160500,24.23,24.25,24.23,24.25,1169,0
PMT_B.US,5,20250909,163500,24.235,24.235,24.22,24.22,425,0
PMT_B.US,5,20250909,172000,24.06,24.08,24.06,24.08,400,0
PMT_B.US,5,20250909,172500,24.11,24.16,24.11,24.15,700,0
PMT_B.US,5,20250909,173000,24.17,24.17,24.12,24.12,400,0
PMT_B.US,5,20250909,173500,24.12,24.16,24.12,24.16,500,0
PMT_B.US,5,20250909,181000,24.1794,24.1794,24.1794,24.1794,300,0
PMT_B.US,5,20250909,183500,24.1585,24.1585,24.1585,24.1585,225,0
PMT_B.US,5,20250909,190000,24.1704,24.1704,24.1704,24.1704,450,0
PMT_B.US,5,20250909,191000,24.16,24.16,24.16,24.16,678,0
PMT_B.US,5,20250909,194500,24.1301,24.1301,24.1301,24.1301,300,0
PMT_B.US,5,20250909,200000,24.155,24.155,24.155,24.155,537,0
PMT_B.US,5,20250909,200500,24.15,24.15,24.15,24.15,2000,0
PMT_B.US,5,20250909,215000,24.19,24.25,24.19,24.25,4000,0
PMT_B.US,5,20250910,155000,24.1289,24.2,24.1289,24.2,365,0
PMT_B.US,5,20250910,160500,24.2478,24.31,24.2478,24.27,2068,0
PMT_B.US,5,20250910,173500,24.11,24.11,24.11,24.11,800,0
PMT_B.US,5,20250910,201000,24.17,24.17,24.17,24.17,500,0
PMT_B.US,5,20250910,201500,24.16,24.16,24.1512,24.1512,776,0
PMT_B.US,5,20250911,153500,24.2,24.2,24.2,24.2,141,0
PMT_B.US,5,20250911,155000,24.2,24.2,24.2,24.2,149,0
PMT_B.US,5,20250911,155500,24.2,24.2,24.2,24.2,151,0
PMT_B.US,5,20250911,174000,24.082,24.082,24.082,24.082,100,0
PMT_B.US,5,20250911,175000,24.155,24.155,24.155,24.155,109,0
PMT_B.US,5,20250911,180000,24.2,24.2,24.2,24.2,100,0
PMT_B.US,5,20250911,180500,24.2,24.25,24.2,24.25,2459,0
PMT_B.US,5,20250911,182000,24.3,24.33,24.3,24.33,1562,0
PMT_B.US,5,20250911,182500,24.29,24.31,24.29,24.31,600,0
PMT_B.US,5,20250911,183000,24.31,24.31,24.31,24.31,300,0
PMT_B.US,5,20250911,190000,24.3,24.3,24.3,24.3,157,0
PMT_B.US,5,20250911,194000,24.33,24.33,24.33,24.33,100,0
PMT_B.US,5,20250911,201000,24.28,24.28,24.28,24.28,200,0
PMT_B.US,5,20250911,213500,24.28,24.28,24.28,24.28,100,0
PMT_B.US,5,20250912,154500,24.19,24.19,24.19,24.19,100,0
PMT_B.US,5,20250912,164500,24.33,24.33,24.33,24.33,100,0
PMT_B.US,5,20250912,183000,24.26,24.26,24.26,24.26,210,0
PMT_B.US,5,20250912,183500,24.33,24.33,24.33,24.33,100,0
PMT_B.US,5,20250912,205500,24.39,24.39,24.37,24.3705,1430,0
PMT_B.US,5,20250912,214000,24.39,24.39,24.39,24.39,200,0
PMT_B.US,5,20250915,153000,24.46,24.46,24.46,24.46,104,0
PMT_B.US,5,20250915,155500,24.6499,24.6499,24.6499,24.6499,282,0
PMT_B.US,5,20250915,161000,24.64,24.64,24.62,24.64,2899,0
PMT_B.US,5,20250915,162500,24.5121,24.5121,24.5121,24.5121,237,0
PMT_B.US,5,20250915,164000,24.51,24.51,24.51,24.51,100,0
PMT_B.US,5,20250915,164500,24.51,24.51,24.51,24.51,185,0
PMT_B.US,5,20250915,165500,24.5093,24.5093,24.5093,24.5093,500,0
PMT_B.US,5,20250915,174000,24.45,24.45,24.44,24.44,1000,0
PMT_B.US,5,20250915,175000,24.45,24.45,24.45,24.45,100,0
PMT_B.US,5,20250915,181000,24.4853,24.4853,24.4853,24.4853,400,0
PMT_B.US,5,20250915,181500,24.4529,24.4529,24.4529,24.4529,100,0
PMT_B.US,5,20250915,183000,24.4595,24.4595,24.4595,24.4595,150,0
PMT_B.US,5,20250915,184500,24.457,24.457,24.457,24.457,100,0
PMT_B.US,5,20250915,185000,24.47,24.47,24.47,24.47,200,0
PMT_B.US,5,20250915,190000,24.47,24.47,24.47,24.47,100,0
PMT_B.US,5,20250915,191000,24.515,24.515,24.515,24.515,100,0
PMT_B.US,5,20250915,193000,24.47,24.47,24.47,24.47,100,0
PMT_B.US,5,20250915,200000,24.5,24.5,24.5,24.5,100,0
PMT_B.US,5,20250915,202500,24.56,24.56,24.56,24.56,458,0
PMT_B.US,5,20250915,205500,24.59,24.59,24.581,24.581,310,0
PMT_B.US,5,20250915,211000,24.59,24.62,24.59,24.62,730,0
PMT_B.US,5,20250915,213000,24.59,24.62,24.59,24.62,202,0
PMT_B.US,5,20250915,214500,24.6138,24.6138,24.6138,24.6138,400,0
PMT_B.US,5,20250915,215000,24.62,24.62,24.62,24.62,200,0
PMT_B.US,5,20250915,215500,24.62,24.64,24.62,24.64,440,0
PMT_B.US,5,20250916,154000,24.75,24.75,24.72,24.74,800,0
PMT_B.US,5,20250916,155000,24.77,24.8,24.62,24.64,3615,0
PMT_B.US,5,20250916,165000,24.5905,24.5905,24.5905,24.5905,100,0
PMT_B.US,5,20250916,170500,24.67,24.6701,24.6276,24.6276,400,0
PMT_B.US,5,20250916,171000,24.64,24.64,24.63,24.63,400,0
PMT_B.US,5,20250916,180000,24.64,24.6669,24.64,24.6669,1100,0
PMT_B.US,5,20250916,180500,24.6147,24.6147,24.6147,24.6147,108,0
PMT_B.US,5,20250916,195000,24.63,24.63,24.63,24.63,200,0
PMT_B.US,5,20250916,205000,24.63,24.63,24.63,24.63,100,0
PMT_B.US,5,20250916,210500,24.6328,24.6328,24.6328,24.6328,101,0
PMT_B.US,5,20250916,211500,24.65,24.685,24.64,24.685,3371,0
PMT_B.US,5,20250916,212500,24.685,24.685,24.685,24.685,100,0
PMT_B.US,5,20250916,213000,24.67,24.67,24.67,24.67,100,0
PMT_B.US,5,20250916,214000,24.67,24.68,24.67,24.68,1800,0
PMT_B.US,5,20250916,214500,24.7,24.71,24.7,24.71,2284,0
PMT_B.US,5,20250916,215000,24.71,24.79,24.71,24.79,3107,0
PMT_B.US,5,20250917,163000,24.8,24.8,24.68,24.72,1550,0
PMT_B.US,5,20250917,164500,24.57,24.67,24.57,24.67,400,0
PMT_B.US,5,20250917,171500,24.69,24.69,24.69,24.69,300,0
PMT_B.US,5,20250917,172500,24.65,24.65,24.65,24.65,200,0
PMT_B.US,5,20250917,175500,24.6938,24.6938,24.6938,24.6938,100,0
PMT_B.US,5,20250917,183500,24.73,24.73,24.73,24.73,100,0
PMT_B.US,5,20250917,200000,24.73,24.82,24.73,24.82,200,0
PMT_B.US,5,20250917,212000,24.7114,24.7114,24.7114,24.7114,150,0
PMT_B.US,5,20250918,175000,24.6,24.6,24.6,24.6,100,0
PMT_B.US,5,20250918,180500,24.63,24.63,24.63,24.63,125,0
PMT_B.US,5,20250918,182500,24.69,24.69,24.69,24.69,810,0
PMT_B.US,5,20250918,185000,24.576,24.7,24.576,24.7,4174,0
PMT_B.US,5,20250918,194500,24.7,24.76,24.7,24.76,339,0
PMT_B.US,5,20250918,195000,24.67,24.67,24.65,24.65,400,0
PMT_B.US,5,20250918,211500,24.82,24.82,24.82,24.82,100,0
PMT_B.US,5,20250918,213000,24.74,24.74,24.74,24.74,300,0
PMT_B.US,5,20250918,214500,24.7315,24.7315,24.7315,24.7315,100,0
PMT_B.US,5,20250919,172500,24.68,24.68,24.68,24.68,300,0
PMT_B.US,5,20250919,181000,24.645,24.645,24.645,24.645,100,0
PMT_B.US,5,20250919,181500,24.65,24.65,24.65,24.65,200,0
PMT_B.US,5,20250919,195500,24.691,24.691,24.691,24.691,177,0
PMT_B.US,5,20250919,202000,24.65,24.65,24.65,24.65,400,0
PMT_B.US,5,20250919,213500,24.665,24.68,24.665,24.68,200,0
PMT_B.US,5,20250919,214000,24.6675,24.6675,24.6675,24.6675,200,0
PMT_B.US,5,20250919,214500,24.5401,24.5401,24.5401,24.5401,439,0
PMT_B.US,5,20250922,154500,24.66,24.69,24.66,24.69,1600,0
PMT_B.US,5,20250922,155000,24.67,24.69,24.67,24.69,400,0
PMT_B.US,5,20250922,155500,24.68,24.69,24.68,24.69,200,0
PMT_B.US,5,20250922,160000,24.69,24.7,24.68,24.7,1600,0
PMT_B.US,5,20250922,160500,24.7,24.8,24.6999,24.79,2850,0
PMT_B.US,5,20250922,161000,24.74,24.8,24.74,24.75,1250,0
PMT_B.US,5,20250922,161500,24.75,24.75,24.75,24.75,100,0
PMT_B.US,5,20250922,162000,24.75,24.75,24.715,24.715,200,0
PMT_B.US,5,20250922,162500,24.75,24.75,24.75,24.75,100,0
PMT_B.US,5,20250922,172000,24.71,24.71,24.71,24.71,100,0
PMT_B.US,5,20250922,173000,24.729,24.729,24.72,24.729,700,0
PMT_B.US,5,20250922,175500,24.71,24.72,24.71,24.72,1605,0
PMT_B.US,5,20250922,181500,24.75,24.76,24.75,24.76,500,0
PMT_B.US,5,20250922,182500,24.71,24.71,24.71,24.71,100,0
PMT_B.US,5,20250922,190000,24.72,24.72,24.72,24.72,100,0
PMT_B.US,5,20250922,195500,24.67,24.67,24.67,24.67,350,0
PMT_B.US,5,20250922,201000,24.709,24.72,24.709,24.72,311,0
PMT_B.US,5,20250922,210000,24.66,24.7,24.66,24.7,300,0
PMT_B.US,5,20250923,153500,24.7,24.7,24.7,24.7,272,0
PMT_B.US,5,20250923,160500,24.65,24.65,24.65,24.65,100,0
PMT_B.US,5,20250923,175500,24.65,24.7,24.65,24.7,302,0
PMT_B.US,5,20250923,195500,24.5412,24.5412,24.5412,24.5412,115,0
PMT_B.US,5,20250923,201000,24.618,24.618,24.618,24.618,123,0
PMT_B.US,5,20250923,204500,24.5401,24.5401,24.5401,24.5401,240,0
PMT_B.US,5,20250924,161500,24.55,24.55,24.55,24.55,214,0
PMT_B.US,5,20250924,165000,24.5518,24.5518,24.5518,24.5518,100,0
PMT_B.US,5,20250924,170000,24.53,24.53,24.52,24.52,340,0
PMT_B.US,5,20250924,171500,24.55,24.55,24.5052,24.53,1441,0
PMT_B.US,5,20250924,180000,24.54,24.54,24.54,24.54,305,0
PMT_B.US,5,20250924,185000,24.5798,24.5798,24.55,24.55,949,0
PMT_B.US,5,20250924,192000,24.54,24.54,24.54,24.54,500,0
PMT_B.US,5,20250924,193000,24.5358,24.5358,24.52,24.52,1219,0
PMT_B.US,5,20250924,193500,24.53,24.53,24.5001,24.5001,1059,0
PMT_B.US,5,20250924,195000,24.52,24.52,24.49,24.5,1500,0
PMT_B.US,5,20250924,195500,24.5,24.5,24.44,24.44,400,0
PMT_B.US,5,20250924,200500,24.5,24.5,24.5,24.5,109,0
PMT_B.US,5,20250924,201500,24.5,24.55,24.5,24.54,791,0
PMT_B.US,5,20250924,202000,24.5433,24.5433,24.5433,24.5433,800,0
PMT_B.US,5,20250924,203500,24.58,24.58,24.58,24.58,100,0
PMT_B.US,5,20250924,205000,24.74,24.76,24.65,24.65,4862,0
PMT_B.US,5,20250925,155000,24.65,24.65,24.65,24.65,169,0
PMT_B.US,5,20250925,160000,24.54,24.54,24.54,24.54,150,0
PMT_B.US,5,20250925,163500,24.4537,24.54,24.4537,24.54,360,0
PMT_B.US,5,20250925,170500,24.55,24.55,24.55,24.55,115,0
PMT_B.US,5,20250925,171000,24.5,24.5,24.5,24.5,900,0
PMT_B.US,5,20250925,182000,24.47,24.47,24.47,24.47,100,0
PMT_B.US,5,20250925,194000,24.48,24.5,24.48,24.48,352,0
PMT_B.US,5,20250925,213500,24.49,24.49,24.49,24.49,100,0
PMT_B.US,5,20250926,153000,24.3901,24.3901,24.3901,24.3901,500,0
PMT_B.US,5,20250926,154500,24.3901,24.3901,24.3901,24.3901,145,0
PMT_B.US,5,20250926,170500,24.42,24.42,24.25,24.25,3600,0
PMT_B.US,5,20250926,175000,24.31,24.31,24.31,24.31,200,0
PMT_B.US,5,20250926,175500,24.31,24.425,24.31,24.4025,1269,0
PMT_B.US,5,20250926,183500,24.4932,24.4932,24.4932,24.4932,500,0
PMT_B.US,5,20250926,192000,24.3321,24.3321,24.3321,24.3321,464,0
PMT_B.US,5,20250926,194000,24.44,24.44,24.44,24.44,100,0
PMT_B.US,5,20250926,210500,24.425,24.425,24.425,24.425,129,0
PMT_B.US,5,20250926,211500,24.3841,24.3841,24.3841,24.3841,101,0
PMT_B.US,5,20250926,213000,24.425,24.425,24.425,24.425,108,0
PMT_B.US,5,20250926,214000,24.37,24.42,24.35,24.4,809,0
PMT_B.US,5,20250926,214500,24.425,24.425,24.425,24.425,121,0
PMT_B.US,5,20250929,162500,24.35,24.39,24.35,24.39,200,0
PMT_B.US,5,20250929,165000,24.4,24.4,24.3505,24.3505,435,0
PMT_B.US,5,20250929,183000,24.39,24.3999,24.39,24.3999,1000,0
PMT_B.US,5,20250929,183500,24.3928,24.3928,24.3928,24.3928,200,0
PMT_B.US,5,20250929,190000,24.39,24.39,24.39,24.39,100,0
PMT_B.US,5,20250929,191000,24.38,24.38,24.38,24.38,100,0
PMT_B.US,5,20250929,201000,24.39,24.4,24.39,24.39,451,0
PMT_B.US,5,20250929,201500,24.41,24.41,24.41,24.41,209,0
PMT_B.US,5,20250929,203500,24.42,24.42,24.42,24.42,1024,0
PMT_B.US,5,20250929,215500,24.45,24.54,24.45,24.54,330,0
PMT_B.US,5,20250930,154000,24.56,24.56,24.56,24.56,100,0
PMT_B.US,5,20250930,155000,24.56,24.56,24.54,24.54,200,0
PMT_B.US,5,20250930,160000,24.545,24.55,24.53,24.53,300,0
PMT_B.US,5,20250930,160500,24.55,24.78,24.55,24.78,300,0
PMT_B.US,5,20250930,161000,24.69,24.69,24.69,24.69,100,0
PMT_B.US,5,20250930,163000,24.463,24.463,24.38,24.38,1177,0
PMT_B.US,5,20250930,163500,24.5507,24.65,24.5507,24.65,250,0
PMT_B.US,5,20250930,164500,24.66,24.66,24.66,24.66,100,0
PMT_B.US,5,20250930,165500,24.66,24.66,24.66,24.66,100,0
PMT_B.US,5,20250930,170500,24.61,24.61,24.59,24.59,273,0
PMT_B.US,5,20250930,171000,24.5741,24.5741,24.5741,24.5741,287,0
PMT_B.US,5,20250930,171500,24.5,24.5,24.5,24.5,200,0
PMT_B.US,5,20250930,175000,24.59,24.59,24.59,24.59,100,0
PMT_B.US,5,20250930,181500,24.59,24.59,24.5484,24.5484,1300,0
PMT_B.US,5,20250930,182000,24.59,24.59,24.59,24.59,100,0
PMT_B.US,5,20250930,182500,24.59,24.59,24.59,24.59,100,0
PMT_B.US,5,20250930,183500,24.59,24.59,24.59,24.59,100,0
PMT_B.US,5,20250930,184500,24.6,24.6,24.6,24.6,100,0
PMT_B.US,5,20250930,185500,24.67,24.67,24.67,24.67,100,0
PMT_B.US,5,20250930,190500,24.68,24.68,24.68,24.68,100,0
PMT_B.US,5,20250930,192500,24.7,24.7,24.7,24.7,100,0
PMT_B.US,5,20250930,193000,24.7,24.7,24.7,24.7,100,0
PMT_B.US,5,20250930,193500,24.72,24.72,24.72,24.72,100,0
PMT_B.US,5,20250930,194500,24.72,24.72,24.72,24.72,100,0
PMT_B.US,5,20250930,195000,24.74,24.74,24.74,24.74,100,0
PMT_B.US,5,20250930,195500,24.74,24.74,24.74,24.74,100,0
PMT_B.US,5,20250930,200500,24.74,24.74,24.74,24.74,100,0
PMT_B.US,5,20250930,201000,24.74,24.74,24.74,24.74,100,0
PMT_B.US,5,20250930,202000,24.74,24.8,24.74,24.76,2536,0
PMT_B.US,5,20250930,202500,24.73,24.76,24.73,24.76,200,0
PMT_B.US,5,20250930,203000,24.7,24.7,24.7,24.7,200,0
PMT_B.US,5,20250930,203500,24.8,24.8,24.7,24.7,218,0
PMT_B.US,5,20250930,204000,24.78,24.78,24.78,24.78,100,0
PMT_B.US,5,20250930,204500,24.78,24.78,24.78,24.78,100,0
PMT_B.US,5,20250930,205000,24.8,24.8,24.8,24.8,100,0
PMT_B.US,5,20250930,205500,24.92,24.92,24.92,24.92,100,0
PMT_B.US,5,20250930,210000,24.89,24.89,24.89,24.89,100,0
PMT_B.US,5,20250930,211000,24.77,24.77,24.77,24.77,100,0
PMT_B.US,5,20250930,211500,24.77,24.77,24.77,24.77,100,0
PMT_B.US,5,20250930,212000,24.7,24.8,24.7,24.8,300,0
PMT_B.US,5,20250930,213000,24.77,24.77,24.77,24.77,282,0
PMT_B.US,5,20250930,213500,24.77,24.77,24.77,24.77,100,0
PMT_B.US,5,20250930,214500,24.77,24.7956,24.77,24.7956,573,0
PMT_B.US,5,20250930,215000,24.83,24.85,24.82,24.82,2670,0
PMT_B.US,5,20250930,215500,24.79,24.85,24.72,24.8,15476,0
PMT_B.US,5,20251001,163000,24.75,24.75,24.66,24.66,1488,0
PMT_B.US,5,20251001,163500,24.66,24.66,24.66,24.66,100,0
PMT_B.US,5,20251001,165500,24.67,24.67,24.67,24.67,100,0
PMT_B.US,5,20251001,170000,24.66,24.66,24.66,24.66,100,0
PMT_B.US,5,20251001,172500,24.67,24.67,24.67,24.67,500,0
PMT_B.US,5,20251001,173500,24.67,24.68,24.67,24.68,1174,0
PMT_B.US,5,20251001,175000,24.5648,24.5648,24.5648,24.5648,170,0
PMT_B.US,5,20251001,190000,24.68,24.68,24.68,24.68,152,0
PMT_B.US,5,20251001,193000,24.69,24.69,24.69,24.69,674,0
PMT_B.US,5,20251001,201000,24.69,24.71,24.69,24.7,928,0
PMT_B.US,5,20251001,203000,24.73,24.73,24.73,24.73,151,0
PMT_B.US,5,20251001,204500,24.7,24.7,24.7,24.7,100,0
PMT_B.US,5,20251001,211000,24.69,24.6927,24.6395,24.6395,500,0
PMT_B.US,5,20251002,154000,24.66,24.66,24.66,24.66,100,0
PMT_B.US,5,20251002,163500,24.6108,24.66,24.6108,24.66,200,0
PMT_B.US,5,20251002,190000,24.6553,24.6553,24.6553,24.6553,500,0
PMT_B.US,5,20251002,204500,24.65,24.73,24.65,24.655,1130,0
PMT_B.US,5,20251002,213500,24.59,24.59,24.59,24.59,200,0
PMT_B.US,5,20251003,164500,24.6,24.6,24.6,24.6,200,0
PMT_B.US,5,20251003,190000,24.52,24.52,24.52,24.52,694,0
PMT_B.US,5,20251003,194000,24.5,24.54,24.5,24.54,200,0
PMT_B.US,5,20251003,194500,24.5,24.5,24.5,24.5,100,0
PMT_B.US,5,20251003,195500,24.5,24.5001,24.5,24.5001,225,0
PMT_B.US,5,20251003,201000,24.5113,24.5113,24.5113,24.5113,114,0
PMT_B.US,5,20251003,202500,24.56,24.56,24.53,24.53,300,0
PMT_B.US,5,20251003,203000,24.55,24.55,24.55,24.55,200,0
PMT_B.US,5,20251003,204000,24.54,24.54,24.54,24.54,511,0
PMT_B.US,5,20251003,212000,24.54,24.54,24.52,24.52,286,0
PMT_B.US,5,20251003,212500,24.5516,24.58,24.51,24.51,2705,0
PMT_B.US,5,20251003,214500,24.53,24.53,24.53,24.53,467,0
PMT_B.US,5,20251006,164500,24.5,24.5,24.5,24.5,500,0
PMT_B.US,5,20251006,170000,24.55,24.55,24.55,24.55,2381,0
PMT_B.US,5,20251006,174500,24.53,24.53,24.52,24.52,528,0
PMT_B.US,5,20251006,175500,24.55,24.55,24.55,24.55,500,0
PMT_B.US,5,20251006,183500,24.49,24.49,24.49,24.49,142,0
PMT_B.US,5,20251006,185000,24.513,24.513,24.513,24.513,199,0
PMT_B.US,5,20251006,203000,24.48,24.48,24.48,24.48,100,0
PMT_B.US,5,20251006,205500,24.48,24.48,24.48,24.48,387,0
PMT_B.US,5,20251006,210000,24.5146,24.5146,24.5146,24.5146,358,0
PMT_B.US,5,20251006,210500,24.52,24.52,24.5199,24.5199,692,0
PMT_B.US,5,20251006,213000,24.52,24.52,24.52,24.52,400,0
PMT_B.US,5,20251006,215500,24.55,24.55,24.5499,24.5499,286,0
PMT_B.US,5,20251007,162000,24.54,24.54,24.54,24.54,250,0
PMT_B.US,5,20251007,185500,24.495,24.495,24.495,24.495,100,0
PMT_B.US,5,20251007,192000,24.46,24.495,24.44,24.46,2216,0
PMT_B.US,5,20251007,203000,24.47,24.47,24.47,24.47,100,0
PMT_B.US,5,20251007,213500,24.44,24.44,24.44,24.44,121,0
PMT_B.US,5,20251007,215000,24.46,24.46,24.46,24.46,100,0
PMT_B.US,5,20251008,154500,24.46,24.46,24.46,24.46,300,0
PMT_B.US,5,20251008,161000,24.48,24.48,24.48,24.48,892,0
PMT_B.US,5,20251008,174500,24.49,24.49,24.49,24.49,120,0
PMT_B.US,5,20251008,190500,24.462,24.462,24.462,24.462,100,0
PMT_B.US,5,20251008,202000,24.44,24.4401,24.44,24.4401,1000,0
PMT_B.US,5,20251008,202500,24.44,24.44,24.44,24.44,200,0
PMT_B.US,5,20251008,205500,24.44,24.4401,24.42,24.4401,1040,0
PMT_B.US,5,20251008,213000,24.37,24.4,24.37,24.4,892,0
PMT_B.US,5,20251008,213500,24.4,24.4,24.4,24.4,100,0
PMT_B.US,5,20251008,215000,24.38,24.38,24.38,24.38,100,0
PMT_B.US,5,20251009,172000,24.4,24.405,24.4,24.4,500,0
PMT_B.US,5,20251009,180000,24.415,24.415,24.415,24.415,250,0
PMT_B.US,5,20251009,205500,24.4,24.4,24.4,24.4,252,0
PMT_B.US,5,20251009,210500,24.4,24.4,24.4,24.4,205,0
PMT_B.US,5,20251009,213000,24.4004,24.4004,24.4004,24.4004,800,0
PMT_B.US,5,20251010,181500,24.23,24.2301,24.2,24.2,3388,0
PMT_B.US,5,20251010,183500,24.12,24.17,24.12,24.17,430,0
PMT_B.US,5,20251010,190500,24.23,24.23,24.23,24.23,100,0
PMT_B.US,5,20251010,193000,24.12,24.13,24.11,24.11,800,0
PMT_B.US,5,20251010,194000,24.13,24.1301,24.13,24.1301,200,0
PMT_B.US,5,20251010,205000,24.16,24.16,24.16,24.16,100,0
PMT_B.US,5,20251010,210500,24.16,24.16,24.16,24.16,300,0
PMT_B.US,5,20251010,212000,24.15,24.15,24.15,24.15,100,0
PMT_B.US,5,20251010,213500,24.2544,24.2544,24.2544,24.2544,500,0
PMT_B.US,5,20251013,161000,24.44,24.46,24.3864,24.46,400,0
PMT_B.US,5,20251013,172000,24.03,24.03,24.01,24.01,700,0
PMT_B.US,5,20251013,200500,24.065,24.065,24.065,24.065,500,0
PMT_B.US,5,20251013,204500,24.1078,24.1078,24.1078,24.1078,250,0
PMT_B.US,5,20251013,213000,24.0738,24.0738,24.0738,24.0738,124,0
PMT_B.US,5,20251013,215000,24.01,24.01,24.01,24.01,107,0
PMT_B.US,5,20251014,153000,24,24,23.91,23.91,623,0
PMT_B.US,5,20251014,153500,23.9652,24.105,23.9652,24.105,1294,0
PMT_B.US,5,20251014,161500,24,24,24,24,100,0
PMT_B.US,5,20251014,170000,23.99,23.99,23.99,23.99,100,0
PMT_B.US,5,20251014,175500,23.99,24,23.99,24,735,0
PMT_B.US,5,20251014,181500,24.01,24.01,24.01,24.01,400,0
PMT_B.US,5,20251014,184000,23.98,23.98,23.98,23.98,200,0
PMT_B.US,5,20251014,185000,23.98,23.98,23.98,23.98,400,0
PMT_B.US,5,20251014,190000,23.9578,23.9578,23.9578,23.9578,200,0
PMT_B.US,5,20251014,190500,24.06,24.06,24.06,24.06,500,0
PMT_B.US,5,20251014,191500,24,24,24,24,500,0
PMT_B.US,5,20251014,202500,23.92,23.92,23.92,23.92,195,0
PMT_B.US,5,20251014,205000,24.01,24.01,24.01,24.01,200,0
PMT_B.US,5,20251014,210000,24.06,24.06,24.06,24.06,100,0
PMT_B.US,5,20251014,212000,23.96,23.96,23.96,23.96,100,0
PMT_B.US,5,20251014,214000,23.96,23.96,23.96,23.96,100,0
PMT_B.US,5,20251015,154500,24.1929,24.1929,24.1929,24.1929,367,0
PMT_B.US,5,20251015,160500,24.15,24.15,24.15,24.15,225,0
PMT_B.US,5,20251015,163500,24.11,24.11,24.11,24.11,100,0
PMT_B.US,5,20251015,174500,24.05,24.05,24.05,24.05,200,0
PMT_B.US,5,20251015,215500,23.89,23.89,23.89,23.89,131,0
PMT_B.US,5,20251016,155500,23.9,23.9,23.9,23.9,191,0
PMT_B.US,5,20251016,171000,23.96,23.96,23.96,23.96,100,0
PMT_B.US,5,20251016,184500,23.97,23.97,23.92,23.92,474,0
PMT_B.US,5,20251016,190500,23.9,23.9,23.9,23.9,100,0
PMT_B.US,5,20251016,195000,23.89,23.9012,23.89,23.9012,852,0
PMT_B.US,5,20251016,200500,23.82,23.82,23.82,23.82,199,0
PMT_B.US,5,20251016,215500,23.82,23.82,23.82,23.82,100,0
PMT_B.US,5,20251017,153000,23.82,23.82,23.82,23.82,254,0
PMT_B.US,5,20251017,161000,23.91,23.91,23.91,23.91,100,0
PMT_B.US,5,20251017,163500,23.9095,23.9095,23.9095,23.9095,131,0
PMT_B.US,5,20251017,170500,23.88,23.88,23.85,23.85,1590,0
PMT_B.US,5,20251017,173500,23.86,23.86,23.86,23.86,100,0
PMT_B.US,5,20251017,181000,23.9,23.9,23.9,23.9,500,0
PMT_B.US,5,20251017,195500,23.9,23.9,23.9,23.9,400,0
PMT_B.US,5,20251017,210000,23.9,23.9,23.9,23.9,119,0
PMT_B.US,5,20251017,215500,23.8789,23.8789,23.8789,23.8789,100,0
PMT_B.US,5,20251020,153500,23.9,23.9,23.9,23.9,510,0
PMT_B.US,5,20251020,160000,23.95,23.95,23.95,23.95,418,0
PMT_B.US,5,20251020,160500,23.97,23.97,23.97,23.97,836,0
PMT_B.US,5,20251020,162500,23.9501,23.9501,23.9501,23.9501,376,0
PMT_B.US,5,20251020,163500,23.9896,23.9896,23.9896,23.9896,148,0
PMT_B.US,5,20251020,164000,23.96,23.96,23.96,23.96,200,0
PMT_B.US,5,20251020,165500,23.9,23.9,23.9,23.9,125,0
PMT_B.US,5,20251020,170500,23.98,23.98,23.9481,23.9481,1825,0
PMT_B.US,5,20251020,172000,23.9274,23.9274,23.9274,23.9274,167,0
PMT_B.US,5,20251020,184500,23.98,23.98,23.98,23.98,834,0
PMT_B.US,5,20251020,201000,23.98,23.98,23.98,23.98,100,0
PMT_B.US,5,20251020,204000,23.9704,23.9704,23.9704,23.9704,150,0
PMT_B.US,5,20251021,161000,24.02,24.02,24.02,24.02,500,0
PMT_B.US,5,20251021,163500,24.02,24.02,24.02,24.02,997,0
PMT_B.US,5,20251021,164000,24.04,24.15,24.04,24.11,1019,0
PMT_B.US,5,20251021,165500,24.0882,24.0882,24.0882,24.0882,325,0
PMT_B.US,5,20251021,171000,24.1647,24.1647,24.09,24.09,355,0
PMT_B.US,5,20251021,175000,24.1941,24.1941,24.1941,24.1941,200,0
PMT_B.US,5,20251021,192500,24.16,24.16,24.16,24.16,425,0
PMT_B.US,5,20251021,194000,24.14,24.14,24.13,24.13,500,0
PMT_B.US,5,20251021,195000,24.12,24.12,24.12,24.12,200,0
PMT_B.US,5,20251021,195500,24.0989,24.0989,24.085,24.085,675,0
PMT_B.US,5,20251021,205000,24.1096,24.1096,24.1096,24.1096,600,0
PMT_B.US,5,20251021,205500,24.09,24.09,24.09,24.09,152,0
PMT_B.US,5,20251021,210000,24.0987,24.16,24.09,24.16,735,0
PMT_B.US,5,20251021,213500,24.09,24.09,24.09,24.09,821,0
PMT_B.US,5,20251021,214500,24.09,24.09,24.09,24.09,100,0
PMT_B.US,5,20251022,154000,24.1443,24.1443,24.1443,24.1443,230,0
PMT_B.US,5,20251022,155500,24.15,24.15,24.15,24.15,445,0
PMT_B.US,5,20251022,165000,24.11,24.11,24.1,24.1,546,0
PMT_B.US,5,20251022,172500,24.025,24.025,24.025,24.025,125,0
PMT_B.US,5,20251022,174000,24.0794,24.0794,24.0794,24.0794,300,0
PMT_B.US,5,20251022,175000,24.1,24.1,24.1,24.1,100,0
PMT_B.US,5,20251022,181000,23.99,23.99,23.99,23.99,261,0
PMT_B.US,5,20251022,182500,24.15,24.15,24.1,24.1,603,0
PMT_B.US,5,20251022,195000,24.01,24.01,24.01,24.01,510,0
PMT_B.US,5,20251022,205000,23.9655,23.9655,23.9655,23.9655,600,0
PMT_B.US,5,20251022,210500,23.92,23.92,23.92,23.92,100,0
PMT_B.US,5,20251022,211500,23.92,23.93,23.9,23.9,1142,0
PMT_B.US,5,20251022,214500,23.99,23.99,23.99,23.99,200,0
PMT_B.US,5,20251022,215000,23.99,24,23.99,24,751,0
PMT_B.US,5,20251023,161500,23.9748,23.9748,23.9748,23.9748,100,0
PMT_B.US,5,20251023,174500,23.97,23.97,23.97,23.97,100,0
PMT_B.US,5,20251023,175500,23.97,23.97,23.97,23.97,200,0
PMT_B.US,5,20251023,180500,23.9595,23.97,23.9595,23.97,200,0
PMT_B.US,5,20251023,181500,23.97,23.97,23.97,23.97,400,0
PMT_B.US,5,20251023,190000,23.91,23.91,23.91,23.91,446,0
PMT_B.US,5,20251023,203000,23.92,23.92,23.92,23.92,155,0
PMT_B.US,5,20251023,203500,23.92,23.92,23.92,23.92,800,0
PMT_B.US,5,20251023,211500,23.97,23.97,23.97,23.97,200,0
PMT_B.US,5,20251024,161500,24.0771,24.0771,24.0771,24.0771,200,0
PMT_B.US,5,20251024,162500,24.04,24.04,24.04,24.04,131,0
PMT_B.US,5,20251024,165000,24.04,24.04,24.04,24.04,131,0
PMT_B.US,5,20251024,171500,24.04,24.04,24.04,24.04,250,0
PMT_B.US,5,20251024,174500,24.04,24.04,23.93,24.03,1391,0
PMT_B.US,5,20251024,190000,24.0955,24.0955,24.0955,24.0955,416,0
PMT_B.US,5,20251024,190500,24.1,24.1,24.1,24.1,131,0
PMT_B.US,5,20251024,192000,24.1,24.1,24.1,24.1,1194,0
PMT_B.US,5,20251024,205000,24.1,24.1,24.1,24.1,131,0
PMT_B.US,5,20251024,210500,24.06,24.06,24.06,24.06,100,0
PMT_B.US,5,20251027,185000,24.12,24.12,24.09,24.09,768,0
PMT_B.US,5,20251027,201000,24.14,24.14,24.14,24.14,152,0
PMT_B.US,5,20251027,204000,24.1192,24.1192,24.111,24.111,698,0
PMT_B.US,5,20251028,171500,24.15,24.15,24.07,24.07,992,0
PMT_B.US,5,20251028,182000,24.16,24.16,24.1516,24.1516,204,0
PMT_B.US,5,20251028,190500,24.16,24.16,24.12,24.1599,486,0
PMT_B.US,5,20251028,192500,24.1675,24.1675,24.167,24.167,287,0
PMT_B.US,5,20251028,194000,24.16,24.16,24.16,24.16,100,0
PMT_B.US,5,20251028,200500,24.16,24.16,24.16,24.16,100,0
PMT_B.US,5,20251028,201000,24.23,24.277,24.22,24.277,2873,0
PMT_B.US,5,20251028,203500,24.3,24.3,24.3,24.3,282,0
PMT_B.US,5,20251028,204000,24.29,24.29,24.29,24.29,100,0
PMT_B.US,5,20251028,205000,24.4,24.4,24.39,24.4,300,0
PMT_B.US,5,20251028,205500,24.4,24.42,24.4,24.42,800,0
PMT_B.US,5,20251029,151000,23.87,23.87,23.87,23.87,1010,0
PMT_B.US,5,20251029,155500,24.1,24.36,24.1,24.36,1100,0
PMT_B.US,5,20251029,160000,24.33,24.33,24.28,24.31,900,0
PMT_B.US,5,20251029,165000,24.45,24.45,24.45,24.45,300,0
PMT_B.US,5,20251029,174000,24.43,24.43,24.43,24.43,588,0
PMT_B.US,5,20251029,185000,24.0901,24.0901,24.0901,24.0901,1000,0
PMT_B.US,5,20251029,201000,24.32,24.43,24.32,24.41,615,0
PMT_B.US,5,20251029,205000,24.52,24.52,24.39,24.39,211,0
PMT_B.US,5,20251030,154000,24.4,24.44,24.4,24.4,1888,0
PMT_B.US,5,20251030,162000,24.39,24.4,24.39,24.4,774,0
PMT_B.US,5,20251030,175500,24.41,24.41,24.41,24.41,224,0
PMT_B.US,5,20251030,195000,24.4,24.4,24.4,24.4,100,0
PMT_B.US,5,20251030,205000,24.4,24.4,24.4,24.4,100,0
PMT_B.US,5,20251031,163500,24.41,24.41,24.41,24.41,500,0
PMT_B.US,5,20251031,165500,24.41,24.41,24.41,24.41,100,0
PMT_B.US,5,20251031,172500,24.41,24.41,24.41,24.41,100,0
PMT_B.US,5,20251031,180000,24.41,24.41,24.41,24.41,100,0
PMT_B.US,5,20251031,182000,24.41,24.41,24.41,24.41,100,0
PMT_B.US,5,20251031,183500,24.41,24.41,24.4,24.4,200,0
PMT_B.US,5,20251031,184000,24.41,24.41,24.41,24.41,100,0
PMT_B.US,5,20251031,184500,24.41,24.41,24.4,24.41,1200,0
PMT_B.US,5,20251031,185000,24.41,24.41,24.4,24.405,400,0
PMT_B.US,5,20251031,185500,24.405,24.44,24.3833,24.3833,800,0
PMT_B.US,5,20251031,190000,24.41,24.4246,24.37,24.37,949,0
PMT_B.US,5,20251031,190500,24.41,24.41,24.3751,24.3751,200,0
PMT_B.US,5,20251031,191000,24.405,24.405,24.405,24.405,100,0
PMT_B.US,5,20251031,192000,24.22,24.22,24.22,24.22,100,0
PMT_B.US,5,20251031,192500,24.22,24.22,24.22,24.22,100,0
PMT_B.US,5,20251031,193000,24.14,24.14,24.14,24.14,200,0
PMT_B.US,5,20251031,194000,24.125,24.125,24.125,24.125,200,0
PMT_B.US,5,20251031,194500,24.25,24.35,24.25,24.3013,2107,0
PMT_B.US,5,20251031,195000,24.315,24.35,24.2639,24.315,1656,0
PMT_B.US,5,20251031,202500,24.2,24.2007,24.2,24.2,500,0
PMT_B.US,5,20251031,203500,24.2,24.2,24.2,24.2,100,0
PMT_B.US,5,20251031,204500,24.245,24.245,24.17,24.17,200,0
PMT_B.US,5,20251031,205000,24.163,24.17,24.13,24.13,823,0
PMT_B.US,5,20251031,205500,24.17,24.17,24.17,24.17,7160,0
PMT_B.US,5,20251103,161500,24.2,24.21,24.2,24.21,261,0
PMT_B.US,5,20251103,162500,24.19,24.19,24.17,24.17,400,0
PMT_B.US,5,20251103,170500,24.2752,24.2752,24.2752,24.2752,250,0
PMT_B.US,5,20251103,173000,24.23,24.23,24.23,24.23,798,0
PMT_B.US,5,20251103,174000,24.2465,24.2465,24.2465,24.2465,323,0
PMT_B.US,5,20251103,181500,24.2685,24.2685,24.2685,24.2685,205,0
PMT_B.US,5,20251103,185000,24.285,24.285,24.285,24.285,200,0
PMT_B.US,5,20251103,190000,24.2545,24.2545,24.2545,24.2545,104,0
PMT_B.US,5,20251103,194000,24.23,24.2475,24.17,24.17,1926,0
PMT_B.US,5,20251103,200500,24.253,24.253,24.253,24.253,149,0
PMT_B.US,5,20251103,204000,24.26,24.26,24.245,24.245,200,0
PMT_B.US,5,20251103,204500,24.17,24.17,24.17,24.17,300,0
PMT_B.US,5,20251103,214500,24.18,24.18,24.17,24.17,1000,0
PMT_B.US,5,20251104,153000,24.175,24.175,24.175,24.175,100,0
PMT_B.US,5,20251104,164500,24.2155,24.2155,24.2155,24.2155,326,0
PMT_B.US,5,20251104,175000,24.185,24.185,24.185,24.185,177,0
PMT_B.US,5,20251104,180500,24.2095,24.2095,24.2095,24.2095,200,0
PMT_B.US,5,20251104,181000,24.15,24.15,24.15,24.15,883,0
PMT_B.US,5,20251104,182000,24.12,24.12,24.1,24.1,276,0
PMT_B.US,5,20251104,212000,24.12,24.1375,24.12,24.1375,650,0
PMT_B.US,5,20251104,214500,24.27,24.27,24.27,24.27,100,0
PMT_B.US,5,20251105,153500,24.2,24.2,24.2,24.2,200,0
PMT_B.US,5,20251105,182000,24.22,24.22,24.22,24.22,100,0
PMT_B.US,5,20251105,191500,24.3268,24.3268,24.27,24.27,375,0
PMT_B.US,5,20251105,214500,24.44,24.44,24.44,24.44,125,0
PMT_B.US,5,20251106,165500,24.27,24.39,24.27,24.36,800,0
PMT_B.US,5,20251106,172000,24.47,24.47,24.47,24.47,100,0
PMT_B.US,5,20251106,211500,24.42,24.42,24.42,24.42,400,0
PMT_B.US,5,20251106,212000,24.42,24.42,24.42,24.42,500,0
PMT_B.US,5,20251106,215500,24.42,24.42,24.42,24.42,360,0
PMT_B.US,5,20251107,163500,24.31,24.31,24.31,24.31,200,0
PMT_B.US,5,20251107,165000,24.33,24.34,24.33,24.34,200,0
PMT_B.US,5,20251107,165500,24.38,24.38,24.38,24.38,100,0
PMT_B.US,5,20251107,180000,24.33,24.335,24.3,24.335,2408,0
PMT_B.US,5,20251107,180500,24.3792,24.3792,24.3545,24.3775,738,0
PMT_B.US,5,20251107,193000,24.285,24.3499,24.285,24.294,950,0
PMT_B.US,5,20251107,194000,24.285,24.35,24.285,24.35,459,0
PMT_B.US,5,20251107,194500,24.36,24.36,24.36,24.36,100,0
PMT_B.US,5,20251107,205000,24.38,24.38,24.36,24.38,350,0
PMT_B.US,5,20251107,211000,24.3916,24.3916,24.3916,24.3916,102,0
PMT_B.US,5,20251110,153500,24.4,24.4,24.2301,24.4,1201,0
PMT_B.US,5,20251110,161000,24.3093,24.3093,24.3093,24.3093,250,0
PMT_B.US,5,20251110,171500,24.3105,24.3105,24.3105,24.3105,900,0
PMT_B.US,5,20251110,173000,24.31,24.31,24.31,24.31,202,0
PMT_B.US,5,20251110,175500,24.3303,24.3303,24.3303,24.3303,250,0
PMT_B.US,5,20251110,181000,24.3315,24.3315,24.3315,24.3315,231,0
PMT_B.US,5,20251110,185000,24.3,24.3,24.3,24.3,200,0
PMT_B.US,5,20251110,192500,24.3,24.3,24.27,24.3,4161,0
PMT_B.US,5,20251110,193000,24.2961,24.2961,24.2961,24.2961,100,0
PMT_B.US,5,20251110,193500,24.295,24.3075,24.291,24.291,600,0
PMT_B.US,5,20251110,200000,24.3,24.3,24.3,24.3,507,0
PMT_B.US,5,20251110,202500,24.29,24.32,24.29,24.32,2831,0
PMT_B.US,5,20251110,203500,24.2977,24.32,24.2977,24.3187,300,0
PMT_B.US,5,20251110,204000,24.2875,24.2875,24.2875,24.2875,200,0
PMT_B.US,5,20251110,214000,24.31,24.31,24.3,24.3,1410,0
PMT_B.US,5,20251111,155000,24.26,24.26,24.25,24.25,400,0
PMT_B.US,5,20251111,180000,24.27,24.27,24.27,24.27,249,0
PMT_B.US,5,20251111,191000,24.23,24.24,24.23,24.24,600,0
PMT_B.US,5,20251111,192000,24.25,24.25,24.25,24.25,200,0
PMT_B.US,5,20251111,192500,24.25,24.25,24.21,24.21,703,0
PMT_B.US,5,20251111,200500,24.26,24.3,24.26,24.27,892,0
PMT_B.US,5,20251111,205000,24.28,24.28,24.28,24.28,122,0
PMT_B.US,5,20251111,215500,24.28,24.28,24.28,24.28,102,0
PMT_B.US,5,20251112,162500,24.26,24.26,24.22,24.22,997,0
PMT_B.US,5,20251112,172500,24.27,24.27,24.27,24.27,100,0
PMT_B.US,5,20251112,174000,24.2701,24.2701,24.2701,24.2701,100,0
PMT_B.US,5,20251112,174500,24.29,24.2999,24.29,24.2999,200,0
PMT_B.US,5,20251112,175000,24.287,24.287,24.287,24.287,220,0
PMT_B.US,5,20251112,185500,24.27,24.27,24.27,24.27,100,0
PMT_B.US,5,20251112,202500,24.27,24.27,24.27,24.27,100,0
PMT_B.US,5,20251112,214500,24.25,24.25,24.25,24.25,684,0
PMT_B.US,5,20251113,153500,24.2285,24.2285,24.2285,24.2285,857,0
PMT_B.US,5,20251113,160000,24.245,24.245,24.245,24.245,500,0
PMT_B.US,5,20251113,181000,24.25,24.25,24.2205,24.2205,1100,0
PMT_B.US,5,20251113,183000,24.22,24.22,24.22,24.22,100,0
PMT_B.US,5,20251113,192000,24.2976,24.2976,24.27,24.27,200,0
PMT_B.US,5,20251113,194500,24.27,24.27,24.27,24.27,595,0
PMT_B.US,5,20251113,195500,24.25,24.25,24.24,24.24,283,0
PMT_B.US,5,20251113,200000,24.2399,24.2399,24.2399,24.2399,120,0
PMT_B.US,5,20251113,201000,24.22,24.2202,24.22,24.2202,600,0
PMT_B.US,5,20251113,205000,24.21,24.21,24.18,24.21,1762,0
PMT_B.US,5,20251113,211000,24.1973,24.1973,24.1973,24.1973,310,0
PMT_B.US,5,20251113,211500,24.2199,24.2199,24.2199,24.2199,300,0
PMT_B.US,5,20251113,212000,24.22,24.22,24.2165,24.2165,200,0
PMT_B.US,5,20251113,212500,24.22,24.22,24.22,24.22,300,0
PMT_B.US,5,20251114,182500,24.24,24.24,24.21,24.21,762,0
PMT_B.US,5,20251114,194500,24.2,24.2001,24.2,24.2001,869,0
PMT_B.US,5,20251117,155000,24.245,24.29,24.245,24.245,518,0
PMT_B.US,5,20251117,172500,24.29,24.29,24.29,24.29,1878,0
PMT_B.US,5,20251117,174000,24.2845,24.2845,24.2845,24.2845,317,0
PMT_B.US,5,20251117,174500,24.2776,24.2776,24.2776,24.2776,100,0
PMT_B.US,5,20251117,180500,24.23,24.23,24.23,24.23,150,0
PMT_B.US,5,20251117,192000,24.24,24.24,24.23,24.23,200,0
PMT_B.US,5,20251117,203500,24.2749,24.2749,24.2585,24.2585,200,0
PMT_B.US,5,20251117,211000,24.22,24.22,24.22,24.22,200,0
PMT_B.US,5,20251117,213000,24.27,24.27,24.27,24.27,100,0
PMT_B.US,5,20251117,213500,24.254,24.254,24.254,24.254,100,0
PMT_B.US,5,20251117,214000,24.26,24.26,24.26,24.26,100,0
PMT_B.US,5,20251117,214500,24.26,24.27,24.26,24.27,300,0
PMT_B.US,5,20251117,215500,24.26,24.29,24.26,24.29,292,0
PMT_B.US,5,20251118,153500,24.22,24.22,24.22,24.22,500,0
PMT_B.US,5,20251118,155500,24.244,24.244,24.244,24.244,100,0
PMT_B.US,5,20251118,173500,24.28,24.28,24.24,24.24,400,0
PMT_B.US,5,20251118,174000,24.25,24.25,24.25,24.25,150,0
PMT_B.US,5,20251118,185000,24.27,24.28,24.27,24.28,958,0
PMT_B.US,5,20251118,185500,24.28,24.29,24.28,24.29,1200,0
PMT_B.US,5,20251118,190000,24.29,24.29,24.29,24.29,200,0
PMT_B.US,5,20251118,194500,24.2342,24.2342,24.2342,24.2342,110,0
PMT_B.US,5,20251118,205500,24.23,24.23,24.23,24.23,100,0
PMT_B.US,5,20251119,154500,24.24,24.25,24.21,24.25,626,0
PMT_B.US,5,20251119,201500,24.21,24.21,24.21,24.21,481,0
PMT_B.US,5,20251119,205000,24.24,24.24,24.24,24.24,100,0
PMT_B.US,5,20251120,154000,24.21,24.28,24.21,24.28,333,0
PMT_B.US,5,20251120,164000,24.245,24.245,24.245,24.245,150,0
PMT_B.US,5,20251120,164500,24.2553,24.2553,24.2553,24.2553,206,0
PMT_B.US,5,20251120,182000,24.2,24.22,24.2,24.22,500,0
PMT_B.US,5,20251120,193000,24.2,24.2,24.2,24.2,200,0
PMT_B.US,5,20251120,195500,24.21,24.21,24.16,24.16,2295,0
PMT_B.US,5,20251120,202000,24.1055,24.1055,24.1055,24.1055,113,0
PMT_B.US,5,20251120,210500,24.1462,24.1462,24.1462,24.1462,100,0
PMT_B.US,5,20251120,213500,24.16,24.165,24.16,24.165,200,0
PMT_B.US,5,20251121,153500,24.03,24.23,24.01,24.1334,3154,0
PMT_B.US,5,20251121,155000,24.11,24.11,24.11,24.11,400,0
PMT_B.US,5,20251121,155500,24.1818,24.1818,24.1818,24.1818,300,0
PMT_B.US,5,20251121,160500,24.1,24.1,24.1,24.1,400,0
PMT_B.US,5,20251121,170000,24.0815,24.11,24.08,24.11,685,0
PMT_B.US,5,20251121,170500,24.11,24.11,24.11,24.11,187,0
PMT_B.US,5,20251121,171500,24.08,24.08,24.08,24.08,238,0
PMT_B.US,5,20251121,173500,24.08,24.08,24.03,24.03,647,0
PMT_B.US,5,20251121,174500,24.0217,24.0217,24.0217,24.0217,635,0
PMT_B.US,5,20251121,182500,24.055,24.055,24.055,24.055,325,0
PMT_B.US,5,20251121,184000,24.1099,24.1099,24.1099,24.1099,797,0
PMT_B.US,5,20251121,185500,24.1,24.1,24.1,24.1,200,0
PMT_B.US,5,20251121,193000,24.2095,24.2095,24.2095,24.2095,500,0
PMT_B.US,5,20251121,194000,24.09,24.09,24.09,24.09,100,0
PMT_B.US,5,20251121,194500,24.15,24.15,24.15,24.15,124,0
PMT_B.US,5,20251121,195500,24.18,24.18,24.18,24.18,100,0
PMT_B.US,5,20251121,202500,24.22,24.2623,24.22,24.2623,300,0
PMT_B.US,5,20251121,210500,24.25,24.25,24.25,24.25,440,0
PMT_B.US,5,20251121,212500,24.25,24.25,24.25,24.25,300,0
PMT_B.US,5,20251121,214000,24.25,24.25,24.25,24.25,761,0
PMT_B.US,5,20251121,215000,24.24,24.24,24.2287,24.2287,611,0
PMT_B.US,5,20251124,154000,24.13,24.13,24.13,24.13,100,0
PMT_B.US,5,20251124,155500,24.1865,24.1865,24.1865,24.1865,500,0
PMT_B.US,5,20251124,160000,24.191,24.191,24.191,24.191,205,0
PMT_B.US,5,20251124,164000,24.175,24.175,24.175,24.175,600,0
PMT_B.US,5,20251124,170500,24.195,24.195,24.195,24.195,695,0
PMT_B.US,5,20251124,184500,24.175,24.205,24.175,24.205,240,0
PMT_B.US,5,20251124,200000,24.21,24.21,24.21,24.21,100,0
PMT_B.US,5,20251124,200500,24.21,24.21,24.21,24.21,100,0
PMT_B.US,5,20251125,160000,24.29,24.29,24.29,24.29,100,0
PMT_B.US,5,20251125,161500,24.23,24.23,24.23,24.23,200,0
PMT_B.US,5,20251125,170000,24.29,24.29,24.23,24.23,354,0
PMT_B.US,5,20251125,172000,24.2201,24.2201,24.2201,24.2201,600,0
PMT_B.US,5,20251125,175000,24.25,24.25,24.25,24.25,100,0
PMT_B.US,5,20251125,183500,24.29,24.29,24.22,24.22,3726,0
PMT_B.US,5,20251125,190500,24.22,24.22,24.22,24.22,100,0
PMT_B.US,5,20251125,201000,24.22,24.22,24.22,24.22,100,0
PMT_B.US,5,20251125,204500,24.255,24.255,24.255,24.255,125,0
PMT_B.US,5,20251125,211000,24.22,24.22,24.22,24.22,200,0
PMT_B.US,5,20251125,212500,24.25,24.25,24.25,24.25,200,0
PMT_B.US,5,20251126,160500,24.04,24.04,24.04,24.04,300,0
PMT_B.US,5,20251126,163000,24.31,24.31,24.31,24.31,100,0
PMT_B.US,5,20251126,173500,24.34,24.34,24.34,24.34,200,0
PMT_B.US,5,20251126,175500,24.2101,24.2101,24.2101,24.2101,356,0
PMT_B.US,5,20251126,183000,24.25,24.25,24.25,24.25,100,0
PMT_B.US,5,20251126,211000,24.35,24.35,24.35,24.35,432,0
PMT_B.US,5,20251126,214000,24.41,24.41,24.36,24.36,418,0
PMT_B.US,5,20251126,215500,24.36,24.36,24.36,24.36,317,0
PMT_B.US,5,20251128,172500,24.2484,24.2484,24.2484,24.2484,500,0
PMT_B.US,5,20251128,180000,24.295,24.295,24.295,24.295,206,0
PMT_B.US,5,20251128,180500,24.3303,24.35,24.3303,24.35,1064,0
PMT_B.US,5,20251128,183500,24.3,24.3,24.27,24.3,329,0
PMT_B.US,5,20251128,184000,24.23,24.3,24.23,24.3,1121,0
PMT_B.US,5,20251128,184500,24.3,24.33,24.1916,24.2,3944,0
PMT_B.US,5,20251128,185000,24.24,24.24,24.01,24.07,3645,0
PMT_B.US,5,20251128,185500,24.1,24.1899,24.1,24.15,1226,0
PMT_B.US,5,20251128,190000,24.12,24.12,24.12,24.12,12737,0
PMT_B.US,5,20251201,153500,23.7,23.7,23.7,23.7,250,0
PMT_B.US,5,20251201,160500,23.63,23.64,23.59,23.59,1144,0
PMT_B.US,5,20251201,161000,23.53,23.53,23.53,23.53,173,0
PMT_B.US,5,20251201,161500,23.6505,23.6505,23.6505,23.6505,117,0
PMT_B.US,5,20251201,162500,23.64,23.64,23.64,23.64,200,0
PMT_B.US,5,20251201,171000,23.6,23.6,23.6,23.6,108,0
PMT_B.US,5,20251201,172000,23.66,23.66,23.66,23.66,100,0
PMT_B.US,5,20251201,173000,23.6733,23.6733,23.6733,23.6733,200,0
PMT_B.US,5,20251201,173500,23.6618,23.6618,23.6618,23.6618,310,0
PMT_B.US,5,20251201,184500,23.65,23.65,23.65,23.65,632,0
PMT_B.US,5,20251201,185000,23.6713,23.6713,23.6713,23.6713,500,0
PMT_B.US,5,20251201,201000,23.67,23.67,23.67,23.67,265,0
PMT_B.US,5,20251201,202000,23.64,23.64,23.64,23.64,100,0
PMT_B.US,5,20251201,203500,23.6257,23.6257,23.6257,23.6257,181,0
PMT_B.US,5,20251201,204500,23.63,23.64,23.63,23.64,395,0
PMT_B.US,5,20251201,205000,23.62,23.62,23.62,23.62,631,0
PMT_B.US,5,20251201,213500,23.67,23.67,23.67,23.67,100,0
PMT_B.US,5,20251201,214500,23.665,23.665,23.665,23.665,100,0
PMT_B.US,5,20251201,215500,23.63,23.63,23.63,23.63,451,0
PMT_B.US,5,20251202,164000,23.6311,23.6311,23.6311,23.6311,125,0
PMT_B.US,5,20251202,165000,23.61,23.65,23.61,23.65,200,0
PMT_B.US,5,20251202,173000,23.615,23.615,23.615,23.615,113,0
PMT_B.US,5,20251202,175000,23.65,23.65,23.6301,23.6301,200,0
PMT_B.US,5,20251202,175500,23.6238,23.6238,23.6238,23.6238,100,0
PMT_B.US,5,20251202,200000,23.65,23.65,23.61,23.61,500,0
PMT_B.US,5,20251202,202500,23.61,23.61,23.61,23.61,100,0
PMT_B.US,5,20251202,203500,23.6,23.6,23.6,23.6,100,0
PMT_B.US,5,20251202,210000,23.6,23.6,23.583,23.583,486,0
PMT_B.US,5,20251202,211000,23.64,23.64,23.64,23.64,200,0
PMT_B.US,5,20251202,213500,23.644,23.644,23.644,23.644,326,0
PMT_B.US,5,20251202,215500,23.7,23.73,23.69,23.73,638,0
PMT_B.US,5,20251203,153000,23.7135,23.7135,23.7,23.7,406,0
PMT_B.US,5,20251203,154000,23.73,23.73,23.73,23.73,655,0
PMT_B.US,5,20251203,165500,23.7984,23.83,23.7984,23.83,350,0
PMT_B.US,5,20251203,171500,23.75,23.75,23.75,23.75,291,0
PMT_B.US,5,20251203,180500,23.7,23.75,23.7,23.75,1105,0
PMT_B.US,5,20251203,184500,23.82,23.82,23.82,23.82,100,0
PMT_B.US,5,20251203,185500,23.82,23.82,23.82,23.82,382,0
PMT_B.US,5,20251203,190000,23.82,23.83,23.82,23.83,295,0
PMT_B.US,5,20251203,190500,23.825,23.825,23.825,23.825,100,0
PMT_B.US,5,20251203,191000,23.84,23.84,23.84,23.84,100,0
PMT_B.US,5,20251203,192000,23.84,23.84,23.84,23.84,300,0
PMT_B.US,5,20251203,203500,23.8401,23.8401,23.8401,23.8401,153,0
PMT_B.US,5,20251203,205000,23.84,23.84,23.84,23.84,200,0
PMT_B.US,5,20251203,210000,23.84,23.84,23.84,23.84,300,0
PMT_B.US,5,20251203,210500,23.85,23.85,23.82,23.85,745,0
PMT_B.US,5,20251203,212500,23.745,23.85,23.7001,23.7001,985,0
PMT_B.US,5,20251203,213500,23.71,23.71,23.71,23.71,100,0
PMT_B.US,5,20251203,215000,23.725,23.725,23.725,23.725,100,0
PMT_B.US,5,20251203,215500,23.83,23.83,23.83,23.83,100,0
PMT_B.US,5,20251204,153000,23.84,23.85,23.84,23.84,900,0
PMT_B.US,5,20251204,164000,23.795,23.795,23.795,23.795,100,0
PMT_B.US,5,20251204,174000,23.75,23.75,23.75,23.75,300,0
PMT_B.US,5,20251204,180500,23.75,23.75,23.75,23.75,300,0
PMT_B.US,5,20251204,184000,23.75,23.75,23.7401,23.75,900,0
PMT_B.US,5,20251204,190000,23.75,23.75,23.75,23.75,102,0
PMT_B.US,5,20251204,191500,23.74,23.74,23.55,23.55,3500,0
PMT_B.US,5,20251204,204000,23.795,23.795,23.795,23.795,200,0
PMT_B.US,5,20251204,214000,23.785,23.785,23.785,23.785,100,0
PMT_B.US,5,20251205,153000,23.801,23.801,23.801,23.801,558,0
PMT_B.US,5,20251205,163000,23.787,23.787,23.787,23.787,328,0
PMT_B.US,5,20251205,181500,23.78,23.78,23.78,23.78,200,0
PMT_B.US,5,20251205,182500,23.78,23.78,23.78,23.78,800,0
PMT_B.US,5,20251205,183000,23.78,23.78,23.78,23.78,500,0
PMT_B.US,5,20251205,191000,23.759,23.759,23.759,23.759,1000,0
PMT_B.US,5,20251205,194500,23.7704,23.7704,23.7704,23.7704,400,0
PMT_B.US,5,20251205,200000,23.79,23.84,23.79,23.84,1118,0
PMT_B.US,5,20251205,205500,23.8185,23.8185,23.8185,23.8185,700,0
PMT_B.US,5,20251208,154500,23.7,23.7,23.7,23.7,225,0
PMT_B.US,5,20251208,162500,23.83,23.83,23.83,23.83,1100,0
PMT_B.US,5,20251208,185000,23.686,23.686,23.686,23.686,100,0
PMT_B.US,5,20251208,203000,23.78,23.78,23.78,23.78,250,0
PMT_B.US,5,20251208,212500,23.79,23.7901,23.79,23.7901,272,0
PMT_B.US,5,20251209,164500,23.79,23.79,23.79,23.79,791,0
PMT_B.US,5,20251209,172000,23.83,23.85,23.825,23.825,1354,0
PMT_B.US,5,20251209,180500,23.845,23.845,23.845,23.845,150,0
PMT_B.US,5,20251209,192500,23.89,23.89,23.89,23.89,100,0
PMT_B.US,5,20251209,205000,23.85,23.85,23.85,23.85,120,0
PMT_B.US,5,20251209,205500,23.8644,23.8644,23.8644,23.8644,405,0
PMT_B.US,5,20251210,170500,23.9,23.9,23.8999,23.8999,716,0
PMT_B.US,5,20251210,174000,23.99,23.99,23.99,23.99,428,0
PMT_B.US,5,20251210,182000,23.9786,23.9786,23.9786,23.9786,163,0
PMT_B.US,5,20251210,183000,23.96,23.96,23.96,23.96,1000,0
PMT_B.US,5,20251210,185000,23.945,23.945,23.945,23.945,100,0
PMT_B.US,5,20251210,190000,23.99,23.99,23.99,23.99,100,0
PMT_B.US,5,20251210,201500,23.98,23.98,23.98,23.98,2000,0
PMT_B.US,5,20251210,203500,23.95,23.95,23.95,23.95,100,0
PMT_B.US,5,20251210,210000,24.02,24.02,23.94,23.94,319,0
PMT_B.US,5,20251210,212000,23.9,23.9,23.9,23.9,166,0
PMT_B.US,5,20251210,212500,23.98,23.98,23.97,23.97,1740,0
PMT_B.US,5,20251210,213000,23.96,23.96,23.96,23.96,100,0
PMT_B.US,5,20251210,214000,24,24,23.96,23.96,700,0
PMT_B.US,5,20251211,163000,23.94,23.95,23.93,23.93,2213,0
PMT_B.US,5,20251211,193500,24.005,24.005,24.005,24.005,100,0
PMT_B.US,5,20251211,202500,24.02,24.0201,24.02,24.0201,800,0
PMT_B.US,5,20251211,203500,24.04,24.05,24.04,24.05,446,0
PMT_B.US,5,20251211,211500,24.065,24.065,24.065,24.065,100,0
PMT_B.US,5,20251211,215000,24.08,24.08,24.08,24.08,100,0
PMT_B.US,5,20251212,153500,24.11,24.11,24.11,24.11,192,0
PMT_B.US,5,20251212,161000,24.0686,24.0686,24.0686,24.0686,1438,0
PMT_B.US,5,20251212,161500,24.1,24.1,24.1,24.1,2774,0
PMT_B.US,5,20251212,162000,24.06,24.06,24.06,24.06,100,0
PMT_B.US,5,20251212,162500,24.01,24.01,24.01,24.01,244,0
PMT_B.US,5,20251212,163000,24.03,24.03,24.03,24.03,100,0
PMT_B.US,5,20251212,170000,24.07,24.07,24.07,24.07,400,0
PMT_B.US,5,20251212,173500,24.05,24.05,24.05,24.05,100,0
PMT_B.US,5,20251212,175500,24.07,24.07,24.07,24.07,361,0
PMT_B.US,5,20251212,200500,24.15,24.18,24.15,24.18,772,0
PMT_B.US,5,20251212,213500,24.15,24.15,24.09,24.09,200,0
PMT_B.US,5,20251212,215500,24.1,24.1,24.1,24.1,200,0
PMT_B.US,5,20251215,153000,24.2499,24.2499,24.135,24.135,215,0
PMT_B.US,5,20251215,155000,24.1925,24.1925,24.1925,24.1925,290,0
PMT_B.US,5,20251215,161500,24.12,24.12,24.12,24.12,108,0
PMT_B.US,5,20251215,164000,24.12,24.12,24.12,24.12,400,0
PMT_B.US,5,20251215,165500,24.16,24.16,24.16,24.16,100,0
PMT_B.US,5,20251215,171500,24.15,24.16,24.15,24.16,284,0
PMT_B.US,5,20251215,172500,24.16,24.16,24.16,24.16,100,0
PMT_B.US,5,20251215,173000,24.12,24.16,24.1,24.1,709,0
PMT_B.US,5,20251215,192500,24.1143,24.1143,24.1143,24.1143,2617,0
PMT_B.US,5,20251215,194000,24.1305,24.1305,24.1305,24.1305,289,0
PMT_B.US,5,20251215,202500,24.18,24.18,24.18,24.18,100,0
PMT_B.US,5,20251215,204000,24.135,24.135,24.135,24.135,100,0
PMT_B.US,5,20251215,211000,24.135,24.135,24.135,24.135,328,0
PMT_B.US,5,20251215,212000,24.0401,24.0401,24.0401,24.0401,500,0
PMT_B.US,5,20251215,215500,24.18,24.18,24.18,24.18,162,0
PMT_B.US,5,20251216,153000,24.25,24.25,24.25,24.25,100,0
PMT_B.US,5,20251216,163000,24.37,24.37,24.37,24.37,109,0
PMT_B.US,5,20251216,163500,24.24,24.25,24.2,24.2,556,0
PMT_B.US,5,20251216,164000,24.1189,24.32,24.0301,24.32,2460,0
PMT_B.US,5,20251216,164500,24.3,24.32,24.2,24.32,3700,0
PMT_B.US,5,20251216,172500,24.35,24.35,24.35,24.35,100,0
PMT_B.US,5,20251216,173000,24.33,24.33,24.33,24.33,100,0
PMT_B.US,5,20251216,180000,24.23,24.23,24.23,24.23,200,0
PMT_B.US,5,20251216,181500,24.35,24.35,24.35,24.35,100,0
PMT_B.US,5,20251216,185000,24.2,24.2,24.2,24.2,1100,0
PMT_B.US,5,20251216,185500,24.2187,24.2187,24.2187,24.2187,600,0
PMT_B.US,5,20251216,191000,24.3,24.3,24.3,24.3,100,0
PMT_B.US,5,20251216,192500,24.23,24.23,24.07,24.07,1900,0
PMT_B.US,5,20251216,195000,24.3,24.3,24.3,24.3,100,0
PMT_B.US,5,20251216,202500,24.3,24.3,24.3,24.3,100,0
PMT_B.US,5,20251216,210500,24.2,24.2,24.2,24.2,100,0
PMT_B.US,5,20251216,213500,24.2836,24.2836,24.2836,24.2836,259,0
PMT_B.US,5,20251216,215000,24.22,24.22,24.18,24.18,630,0
PMT_B.US,5,20251216,215500,24.18,24.18,24.17,24.17,736,0
PMT_B.US,5,20251217,153500,24.17,24.17,24.17,24.17,100,0
PMT_B.US,5,20251217,154500,24.135,24.135,24.135,24.135,500,0
PMT_B.US,5,20251217,155000,24.1301,24.1301,24.1301,24.1301,101,0
PMT_B.US,5,20251217,155500,24.17,24.17,24.17,24.17,1100,0
PMT_B.US,5,20251217,162000,24.28,24.28,24.28,24.28,100,0
PMT_B.US,5,20251217,171000,24.28,24.28,24.28,24.28,110,0
PMT_B.US,5,20251217,171500,24.195,24.195,24.195,24.195,110,0
PMT_B.US,5,20251217,172500,24.2,24.2,24.2,24.2,100,0
PMT_B.US,5,20251217,174000,24.25,24.25,24.25,24.25,400,0
PMT_B.US,5,20251217,175500,24.245,24.28,24.245,24.28,510,0
PMT_B.US,5,20251217,181500,24.22,24.22,24.215,24.215,313,0
PMT_B.US,5,20251217,190500,24.25,24.25,24.25,24.25,100,0
PMT_B.US,5,20251217,193000,24.25,24.25,24.25,24.25,100,0
PMT_B.US,5,20251217,204500,24.2268,24.2268,24.2268,24.2268,112,0
PMT_B.US,5,20251217,215000,24.22,24.23,24.22,24.22,613,0
PMT_B.US,5,20251217,215500,24.3,24.4,24.21,24.3115,5503,0
PMT_B.US,5,20251218,161500,24.38,24.38,24.38,24.38,100,0
PMT_B.US,5,20251218,165000,24.27,24.27,24.27,24.27,100,0
PMT_B.US,5,20251218,173500,24.255,24.255,24.255,24.255,100,0
PMT_B.US,5,20251218,175500,24.26,24.2601,24.2551,24.2601,900,0
PMT_B.US,5,20251218,182000,24.2178,24.2178,24.2178,24.2178,400,0
PMT_B.US,5,20251218,190500,24.27,24.27,24.27,24.27,654,0
PMT_B.US,5,20251218,192500,24.37,24.37,24.37,24.37,100,0
PMT_B.US,5,20251218,193500,24.33,24.33,24.3,24.3,200,0
PMT_B.US,5,20251218,200500,24.37,24.37,24.37,24.37,100,0
PMT_B.US,5,20251218,202500,24.3377,24.3377,24.3377,24.3377,400,0
PMT_B.US,5,20251218,205500,24.34,24.34,24.34,24.34,100,0
PMT_B.US,5,20251218,210000,24.34,24.34,24.34,24.34,100,0
PMT_B.US,5,20251218,211000,24.32,24.32,24.32,24.32,300,0
PMT_B.US,5,20251218,212500,24.35,24.35,24.35,24.35,200,0
PMT_B.US,5,20251218,214000,24.38,24.38,24.38,24.38,100,0
PMT_B.US,5,20251218,214500,24.4,24.4,24.4,24.4,300,0
PMT_B.US,5,20251218,215000,24.4,24.4,24.4,24.4,800,0
PMT_B.US,5,20251219,184000,24.35,24.35,24.35,24.35,250,0
PMT_B.US,5,20251219,191500,24.35,24.35,24.35,24.35,750,0
PMT_B.US,5,20251219,200500,24.42,24.44,24.42,24.44,1547,0
PMT_B.US,5,20251219,204000,24.45,24.45,24.45,24.45,100,0
PMT_B.US,5,20251219,214000,24.5,24.5,24.45,24.45,690,0
PMT_B.US,5,20251222,153000,24.4,24.45,24.4,24.45,507,0
PMT_B.US,5,20251222,154500,24.45,24.47,24.45,24.47,685,0
PMT_B.US,5,20251222,160000,24.58,24.58,24.58,24.58,100,0
PMT_B.US,5,20251222,165000,24.55,24.6,24.55,24.6,8364,0
PMT_B.US,5,20251222,170000,24.6,24.6,24.6,24.6,300,0
PMT_B.US,5,20251222,170500,24.47,24.59,24.47,24.59,300,0
PMT_B.US,5,20251222,171000,24.59,24.59,24.59,24.59,400,0
PMT_B.US,5,20251222,173500,24.5063,24.5063,24.5063,24.5063,100,0
PMT_B.US,5,20251222,175500,24.5087,24.59,24.5087,24.59,300,0
PMT_B.US,5,20251222,180000,24.49,24.59,24.49,24.49,500,0
PMT_B.US,5,20251222,185500,24.4201,24.4201,24.4201,24.4201,300,0
PMT_B.US,5,20251222,190000,24.5,24.5,24.3803,24.485,1142,0
PMT_B.US,5,20251222,193000,24.44,24.44,24.43,24.43,200,0
PMT_B.US,5,20251222,193500,24.43,24.505,24.43,24.505,360,0
PMT_B.US,5,20251222,194000,24.44,24.44,24.44,24.44,200,0
PMT_B.US,5,20251222,194500,24.44,24.44,24.44,24.44,100,0
PMT_B.US,5,20251222,195000,24.49,24.49,24.47,24.47,800,0
PMT_B.US,5,20251222,195500,24.55,24.55,24.55,24.55,150,0
PMT_B.US,5,20251222,200000,24.47,24.47,24.47,24.47,200,0
PMT_B.US,5,20251222,200500,24.47,24.47,24.42,24.42,741,0
PMT_B.US,5,20251222,201000,24.38,24.38,24.34,24.38,1100,0
PMT_B.US,5,20251222,202000,24.36,24.36,24.36,24.36,100,0
PMT_B.US,5,20251222,202500,24.36,24.37,24.36,24.37,200,0
PMT_B.US,5,20251222,203000,24.32,24.32,24.32,24.32,200,0
PMT_B.US,5,20251222,203500,24.31,24.35,24.3,24.35,1013,0
PMT_B.US,5,20251222,204500,24.29,24.29,24.28,24.28,200,0
PMT_B.US,5,20251222,205000,24.16,24.16,24.16,24.16,100,0
PMT_B.US,5,20251222,205500,24.19,24.2,24.19,24.2,400,0
PMT_B.US,5,20251222,210000,24.22,24.22,24.21,24.21,200,0
PMT_B.US,5,20251222,210500,24.2,24.2,24.2,24.2,200,0
PMT_B.US,5,20251222,211000,24.2,24.2,24.17,24.17,300,0
PMT_B.US,5,20251222,211500,24.15,24.15,24.15,24.15,500,0
PMT_B.US,5,20251222,212000,24.16,24.16,24.16,24.16,200,0
PMT_B.US,5,20251222,212500,24.16,24.16,24.16,24.16,600,0
PMT_B.US,5,20251222,213000,24.18,24.18,24.13,24.13,500,0
PMT_B.US,5,20251222,213500,24.14,24.14,24.12,24.12,400,0
PMT_B.US,5,20251222,214000,24.12,24.1812,24.12,24.12,1000,0
PMT_B.US,5,20251222,214500,24.12,24.12,24.12,24.12,600,0
PMT_B.US,5,20251222,215000,24.12,24.12,24.04,24.05,1200,0
PMT_B.US,5,20251222,215500,24.04,24.04,23.84,23.92,5764,0
