<TICKER>,<PER>,<DATE>,<TIME>,<OPEN>,<HIGH>,<LOW>,<CLOSE>,<VOL>,<OPENINT>
SOFR.US,5,20250728,155500,100.4916,100.5,100.4916,100.5,220,0
SOFR.US,5,20250728,200000,100.5,100.5,100.4999,100.4999,1290,0
SOFR.US,5,20250728,212500,100.5,100.5,100.5,100.5,100,0
SOFR.US,5,20250729,203500,100.51,100.51,100.51,100.51,100,0
SOFR.US,5,20250729,215500,100.51,100.51,100.51,100.51,100,0
SOFR.US,5,20250730,153500,100.155,100.155,100.155,100.155,800,0
SOFR.US,5,20250730,163000,100.155,100.155,100.155,100.155,176,0
SOFR.US,5,20250730,165000,100.155,100.155,100.155,100.155,200,0
SOFR.US,5,20250730,173000,100.155,100.155,100.155,100.155,100,0
SOFR.US,5,20250730,181000,100.16,100.16,100.16,100.16,100,0
SOFR.US,5,20250730,215500,100.17,100.19,100.17,100.19,2300,0
SOFR.US,5,20250731,153500,100.1818,100.1818,100.1818,100.1818,500,0
SOFR.US,5,20250731,171500,100.185,100.185,100.185,100.185,280,0
SOFR.US,5,20250731,191500,100.18,100.1801,100.17,100.1801,1778,0
SOFR.US,5,20250731,192500,100.1742,100.1742,100.1742,100.1742,185,0
SOFR.US,5,20250731,213000,100.175,100.175,100.17,100.1736,1740,0
SOFR.US,5,20250731,215500,100.175,100.18,100.175,100.18,1303,0
SOFR.US,5,20250801,153500,100.2,100.2,100.2,100.2,200,0
SOFR.US,5,20250801,162500,100.2,100.2,100.2,100.2,100,0
SOFR.US,5,20250801,191000,100.2,100.205,100.2,100.205,388,0
SOFR.US,5,20250801,215000,100.215,100.215,100.215,100.215,300,0
SOFR.US,5,20250801,215500,100.22,100.24,100.215,100.23,4775,0
SOFR.US,5,20250804,153500,100.23,100.23,100.225,100.225,200,0
SOFR.US,5,20250804,155500,100.225,100.225,100.225,100.225,500,0
SOFR.US,5,20250804,162000,100.23,100.23,100.23,100.23,100,0
SOFR.US,5,20250804,164000,100.225,100.225,100.225,100.225,160,0
SOFR.US,5,20250804,170000,100.225,100.225,100.225,100.225,100,0
SOFR.US,5,20250804,170500,100.225,100.225,100.225,100.225,100,0
SOFR.US,5,20250804,175000,100.2299,100.2299,100.2299,100.2299,247,0
SOFR.US,5,20250804,184500,100.2255,100.2255,100.2255,100.2255,249,0
SOFR.US,5,20250804,215500,100.235,100.24,100.235,100.24,1865,0
SOFR.US,5,20250806,175000,100.24,100.24,100.24,100.24,100,0
SOFR.US,5,20250806,214000,100.25,100.25,100.25,100.25,246,0
SOFR.US,5,20250806,215500,100.26,100.28,100.26,100.27,4122,0
SOFR.US,5,20250807,175000,100.26,100.26,100.26,100.26,44883,0
SOFR.US,5,20250807,205500,100.272,100.272,100.272,100.272,100,0
SOFR.US,5,20250807,212500,100.275,100.275,100.275,100.275,200,0
SOFR.US,5,20250807,213000,100.279,100.28,100.27,100.28,1100,0
SOFR.US,5,20250807,213500,100.275,100.275,100.275,100.275,200,0
SOFR.US,5,20250807,214000,100.275,100.275,100.275,100.275,500,0
SOFR.US,5,20250807,214500,100.275,100.275,100.275,100.275,500,0
SOFR.US,5,20250807,215000,100.275,100.275,100.275,100.275,500,0
SOFR.US,5,20250807,215500,100.275,100.28,100.275,100.28,1432,0
SOFR.US,5,20250808,175000,100.29,100.29,100.29,100.29,250,0
SOFR.US,5,20250808,205000,100.2801,100.2801,100.2801,100.2801,119,0
SOFR.US,5,20250808,215500,100.3,100.32,100.296,100.32,3099,0
SOFR.US,5,20250811,163000,100.2902,100.2902,100.2902,100.2902,100,0
SOFR.US,5,20250811,173500,100.29,100.29,100.29,100.29,511,0
SOFR.US,5,20250811,180000,100.29,100.2901,100.29,100.2901,400,0
SOFR.US,5,20250811,205500,100.3,100.3,100.3,100.3,400,0
SOFR.US,5,20250811,215500,100.295,100.3,100.295,100.3,1501,0
SOFR.US,5,20250812,155000,100.31,100.31,100.31,100.31,250,0
SOFR.US,5,20250812,170000,100.32,100.32,100.32,100.32,548,0
SOFR.US,5,20250812,171000,100.32,100.32,100.32,100.32,299,0
SOFR.US,5,20250812,182000,100.32,100.32,100.32,100.32,100,0
SOFR.US,5,20250812,215500,100.325,100.34,100.325,100.34,2943,0
SOFR.US,5,20250813,154500,100.3301,100.335,100.3301,100.335,200,0
SOFR.US,5,20250813,184500,100.3388,100.3388,100.3388,100.3388,100,0
SOFR.US,5,20250814,154500,100.3359,100.3359,100.3359,100.3359,170,0
SOFR.US,5,20250814,180500,100.35,100.35,100.35,100.35,100,0
SOFR.US,5,20250814,183000,100.3599,100.3599,100.3599,100.3599,131,0
SOFR.US,5,20250814,183500,100.35,100.35,100.35,100.35,100,0
SOFR.US,5,20250814,193500,100.3547,100.3547,100.3547,100.3547,400,0
SOFR.US,5,20250814,214000,100.36,100.36,100.36,100.36,100,0
SOFR.US,5,20250814,215000,100.36,100.36,100.36,100.36,100,0
SOFR.US,5,20250814,215500,100.36,100.38,100.358,100.38,2800,0
SOFR.US,5,20250815,160000,100.375,100.375,100.375,100.375,400,0
SOFR.US,5,20250818,163000,100.385,100.385,100.385,100.385,100,0
SOFR.US,5,20250818,180000,100.38,100.38,100.38,100.38,107,0
SOFR.US,5,20250818,181000,100.38,100.38,100.38,100.38,100,0
SOFR.US,5,20250818,201000,100.38,100.38,100.38,100.38,100,0
SOFR.US,5,20250818,215500,100.39,100.41,100.385,100.41,2400,0
SOFR.US,5,20250819,184500,100.39,100.3901,100.39,100.3901,1000,0
SOFR.US,5,20250819,203500,100.395,100.395,100.395,100.395,100,0
SOFR.US,5,20250819,215500,100.395,100.4,100.395,100.4,1942,0
SOFR.US,5,20250820,164000,100.4,100.405,100.4,100.405,200,0
SOFR.US,5,20250820,165000,100.4,100.4,100.4,100.4,128,0
SOFR.US,5,20250820,181000,100.4,100.4,100.4,100.4,100,0
SOFR.US,5,20250820,192000,100.4,100.4,100.4,100.4,100,0
SOFR.US,5,20250820,213000,100.4,100.4,100.4,100.4,110,0
SOFR.US,5,20250820,215500,100.41,100.41,100.41,100.41,2454,0
SOFR.US,5,20250821,215500,100.425,100.45,100.425,100.445,4401,0
SOFR.US,5,20250822,163000,100.45,100.45,100.45,100.45,250,0
SOFR.US,5,20250822,184500,100.465,100.465,100.465,100.465,200,0
SOFR.US,5,20250825,154500,100.46,100.4601,100.46,100.4601,600,0
SOFR.US,5,20250825,185500,100.47,100.47,100.47,100.47,401,0
SOFR.US,5,20250825,213500,100.462,100.462,100.462,100.462,200,0
SOFR.US,5,20250826,160500,100.47,100.47,100.47,100.47,789,0
SOFR.US,5,20250826,215500,100.475,100.48,100.475,100.48,1759,0
SOFR.US,5,20250827,153500,100.48,100.48,100.4794,100.4794,200,0
SOFR.US,5,20250827,164500,100.4799,100.4799,100.4799,100.4799,265,0
SOFR.US,5,20250827,172000,100.4759,100.4759,100.4759,100.4759,101,0
SOFR.US,5,20250827,173000,100.475,100.475,100.475,100.475,200,0
SOFR.US,5,20250827,193000,100.47,100.49,100.47,100.49,234,0
SOFR.US,5,20250827,215500,100.495,100.495,100.495,100.495,672,0
SOFR.US,5,20250828,153000,100.135,100.135,100.135,100.135,250,0
SOFR.US,5,20250828,155500,100.14,100.14,100.14,100.14,120,0
SOFR.US,5,20250828,172500,100.136,100.136,100.135,100.135,920,0
SOFR.US,5,20250828,180000,100.33,100.33,100.33,100.33,200,0
SOFR.US,5,20250828,201500,100.17,100.17,100.17,100.17,200,0
SOFR.US,5,20250828,213500,100.18,100.18,100.18,100.18,187,0
SOFR.US,5,20250828,214000,100.17,100.17,100.17,100.17,100,0
SOFR.US,5,20250828,215500,100.17,100.17,100.17,100.17,500,0
SOFR.US,5,20250829,154500,100.185,100.185,100.185,100.185,100,0
SOFR.US,5,20250829,171000,100.1872,100.1872,100.1872,100.1872,100,0
SOFR.US,5,20250829,171500,100.19,100.19,100.19,100.19,116,0
SOFR.US,5,20250829,172000,100.1899,100.1899,100.1899,100.1899,300,0
SOFR.US,5,20250829,172500,100.185,100.185,100.185,100.185,200,0
SOFR.US,5,20250829,190500,100.195,100.195,100.195,100.195,800,0
SOFR.US,5,20250829,210500,100.1972,100.1972,100.1972,100.1972,150,0
SOFR.US,5,20250902,155500,100.195,100.195,100.185,100.185,1050,0
SOFR.US,5,20250902,161500,100.1899,100.1899,100.1899,100.1899,180,0
SOFR.US,5,20250902,212500,100.195,100.195,100.195,100.195,100,0
SOFR.US,5,20250902,213000,100.195,100.195,100.195,100.195,200,0
SOFR.US,5,20250902,213500,100.195,100.195,100.195,100.195,100,0
SOFR.US,5,20250902,214000,100.198,100.2,100.198,100.2,200,0
SOFR.US,5,20250902,214500,100.195,100.195,100.195,100.195,300,0
SOFR.US,5,20250902,215000,100.195,100.195,100.195,100.195,400,0
SOFR.US,5,20250902,215500,100.195,100.195,100.195,100.195,651,0
SOFR.US,5,20250903,153500,100.205,100.205,100.205,100.205,100,0
SOFR.US,5,20250903,155500,100.2054,100.2054,100.2054,100.2054,244,0
SOFR.US,5,20250903,173000,100.2099,100.2099,100.2099,100.2099,500,0
SOFR.US,5,20250903,175000,100.205,100.205,100.205,100.205,200,0
SOFR.US,5,20250903,180500,100.2,100.2,100.2,100.2,108,0
SOFR.US,5,20250903,205500,100.2072,100.2072,100.2072,100.2072,100,0
SOFR.US,5,20250903,212500,100.205,100.205,100.205,100.205,100,0
SOFR.US,5,20250903,213500,100.205,100.205,100.205,100.205,100,0
SOFR.US,5,20250903,214000,100.22,100.22,100.22,100.22,200,0
SOFR.US,5,20250903,214500,100.22,100.22,100.22,100.22,100,0
SOFR.US,5,20250903,215000,100.22,100.22,100.22,100.22,206,0
SOFR.US,5,20250903,215500,100.22,100.22,100.22,100.22,400,0
SOFR.US,5,20250904,154000,100.23,100.23,100.23,100.23,100,0
SOFR.US,5,20250904,155000,100.21,100.21,100.21,100.21,400,0
SOFR.US,5,20250904,172000,100.22,100.22,100.22,100.22,500,0
SOFR.US,5,20250905,172000,100.25,100.25,100.25,100.25,600,0
SOFR.US,5,20250905,191000,100.255,100.26,100.255,100.26,427,0
SOFR.US,5,20250905,214000,100.26,100.26,100.26,100.26,100,0
SOFR.US,5,20250905,214500,100.26,100.26,100.26,100.26,200,0
SOFR.US,5,20250905,215000,100.26,100.26,100.26,100.26,273,0
SOFR.US,5,20250905,215500,100.26,100.27,100.25,100.25,1308,0
SOFR.US,5,20250908,185000,100.265,100.27,100.265,100.27,1997,0
SOFR.US,5,20250908,190000,100.2754,100.2754,100.2754,100.2754,747,0
SOFR.US,5,20250908,190500,100.2765,100.2772,100.275,100.275,680,0
SOFR.US,5,20250908,205000,100.28,100.29,100.275,100.29,1800,0
SOFR.US,5,20250908,213000,100.285,100.285,100.285,100.285,100,0
SOFR.US,5,20250908,214500,100.285,100.285,100.285,100.285,140,0
SOFR.US,5,20250908,215500,100.285,100.29,100.285,100.29,300,0
SOFR.US,5,20250909,185500,100.28,100.29,100.28,100.29,5900,0
SOFR.US,5,20250909,190000,100.29,100.29,100.29,100.29,3257,0
SOFR.US,5,20250910,173000,100.29,100.29,100.29,100.29,100,0
SOFR.US,5,20250910,215500,100.29,100.29,100.29,100.29,100,0
SOFR.US,5,20250911,182500,100.3054,100.3054,100.3054,100.3054,214,0
SOFR.US,5,20250911,201500,100.3,100.305,100.28,100.305,13100,0
SOFR.US,5,20250911,210000,100.305,100.305,100.3,100.3,300,0
SOFR.US,5,20250911,210500,100.3,100.3,100.3,100.3,400,0
SOFR.US,5,20250911,211000,100.3,100.3,100.29,100.29,500,0
SOFR.US,5,20250911,211500,100.29,100.29,100.29,100.29,600,0
SOFR.US,5,20250911,212000,100.29,100.3,100.29,100.29,1000,0
SOFR.US,5,20250911,212500,100.29,100.29,100.29,100.29,700,0
SOFR.US,5,20250911,213000,100.29,100.3,100.29,100.29,1600,0
SOFR.US,5,20250911,213500,100.29,100.29,100.29,100.29,600,0
SOFR.US,5,20250912,155500,100.33,100.3301,100.33,100.3301,404,0
SOFR.US,5,20250912,164500,100.335,100.335,100.335,100.335,100,0
SOFR.US,5,20250912,170500,100.3345,100.3345,100.3345,100.3345,380,0
SOFR.US,5,20250912,213000,100.34,100.34,100.34,100.34,100,0
SOFR.US,5,20250912,214000,100.34,100.34,100.34,100.34,100,0
SOFR.US,5,20250912,215000,100.34,100.34,100.34,100.34,129,0
SOFR.US,5,20250912,215500,100.34,100.34,100.34,100.34,100,0
SOFR.US,5,20250915,153500,100.3429,100.3429,100.3429,100.3429,182,0
SOFR.US,5,20250915,170000,100.3455,100.3455,100.3455,100.3455,600,0
SOFR.US,5,20250915,190000,100.3401,100.3401,100.3401,100.3401,100,0
SOFR.US,5,20250915,205500,100.34,100.34,100.34,100.34,206,0
SOFR.US,5,20250915,213500,100.35,100.35,100.35,100.35,100,0
SOFR.US,5,20250915,214500,100.35,100.35,100.35,100.35,125,0
SOFR.US,5,20250915,215500,100.35,100.35,100.35,100.35,100,0
SOFR.US,5,20250916,160000,100.36,100.36,100.36,100.36,100,0
SOFR.US,5,20250916,182000,100.3602,100.3602,100.3602,100.3602,820,0
SOFR.US,5,20250916,182500,100.3664,100.3664,100.365,100.365,950,0
SOFR.US,5,20250916,190000,100.365,100.365,100.365,100.365,110,0
SOFR.US,5,20250916,192500,100.365,100.365,100.365,100.365,370,0
SOFR.US,5,20250916,205000,100.3635,100.3635,100.3635,100.3635,106,0
SOFR.US,5,20250916,210500,100.365,100.365,100.365,100.365,100,0
SOFR.US,5,20250916,211000,100.3601,100.3601,100.36,100.36,200,0
SOFR.US,5,20250917,162500,100.36,100.3601,100.36,100.3601,500,0
SOFR.US,5,20250917,181000,100.37,100.375,100.37,100.375,300,0
SOFR.US,5,20250917,182500,100.375,100.3761,100.375,100.3761,210,0
SOFR.US,5,20250917,212000,100.375,100.375,100.375,100.375,100,0
SOFR.US,5,20250917,214000,100.375,100.375,100.375,100.375,185,0
SOFR.US,5,20250917,215500,100.375,100.375,100.375,100.375,350,0
SOFR.US,5,20250918,192500,100.3997,100.3997,100.3997,100.3997,200,0
SOFR.US,5,20250918,195500,100.38,100.38,100.38,100.38,200,0
SOFR.US,5,20250919,160500,100.41,100.41,100.41,100.41,1483,0
SOFR.US,5,20250919,161000,100.4,100.4,100.4,100.4,479,0
SOFR.US,5,20250919,172500,100.41,100.41,100.41,100.41,100,0
SOFR.US,5,20250919,173000,100.41,100.41,100.41,100.41,100,0
SOFR.US,5,20250919,173500,100.41,100.41,100.41,100.41,200,0
SOFR.US,5,20250919,202500,100.411,100.411,100.411,100.411,200,0
SOFR.US,5,20250922,153000,100.435,100.435,100.435,100.435,140,0
SOFR.US,5,20250922,155500,100.43,100.43,100.43,100.43,142,0
SOFR.US,5,20250922,192500,100.42,100.42,100.42,100.42,2172,0
SOFR.US,5,20250922,193000,100.41,100.41,100.41,100.41,1100,0
SOFR.US,5,20250922,212000,100.41,100.41,100.41,100.41,300,0
SOFR.US,5,20250922,214000,100.4,100.4,100.4,100.4,150,0
SOFR.US,5,20250922,215500,100.4,100.4,100.4,100.4,800,0
SOFR.US,5,20250923,163500,100.442,100.442,100.442,100.442,300,0
SOFR.US,5,20250923,181000,100.43,100.4301,100.43,100.4301,200,0
SOFR.US,5,20250923,192000,100.43,100.4302,100.43,100.4302,600,0
SOFR.US,5,20250924,153000,100.46,100.46,100.46,100.46,100,0
SOFR.US,5,20250924,153500,100.44,100.44,100.44,100.44,436,0
SOFR.US,5,20250924,154500,100.445,100.447,100.445,100.447,342,0
SOFR.US,5,20250925,153500,100.47,100.47,100.4699,100.4699,600,0
SOFR.US,5,20250925,155000,100.4501,100.4501,100.4501,100.4501,140,0
SOFR.US,5,20250925,160500,100.45,100.45,100.45,100.45,170,0
SOFR.US,5,20250925,171000,100.46,100.46,100.459,100.46,1000,0
SOFR.US,5,20250925,184500,100.465,100.465,100.465,100.465,110,0
SOFR.US,5,20250925,192500,100.47,100.47,100.47,100.47,466,0
SOFR.US,5,20250925,215500,100.465,100.47,100.465,100.47,1379,0
SOFR.US,5,20250926,161500,100.48,100.48,100.48,100.48,347,0
SOFR.US,5,20250926,183000,100.49,100.49,100.49,100.49,100,0
SOFR.US,5,20250926,184500,100.49,100.49,100.4858,100.4858,800,0
SOFR.US,5,20250929,154000,100.145,100.145,100.145,100.145,200,0
SOFR.US,5,20250929,170000,100.15,100.41,100.15,100.41,5400,0
SOFR.US,5,20250929,204000,100.15,100.15,100.15,100.15,100,0
SOFR.US,5,20250929,215500,100.15,100.15,100.15,100.15,102,0
SOFR.US,5,20250930,155000,100.1599,100.16,100.1599,100.16,200,0
SOFR.US,5,20250930,170000,100.16,100.16,100.16,100.16,137,0
SOFR.US,5,20250930,181000,100.17,100.17,100.17,100.17,100,0
SOFR.US,5,20250930,214000,100.17,100.17,100.1699,100.1699,449,0
SOFR.US,5,20251001,164000,100.17,100.17,100.17,100.17,100,0
SOFR.US,5,20251001,175000,100.17,100.17,100.17,100.17,254,0
SOFR.US,5,20251001,191500,100.18,100.18,100.18,100.18,100,0
SOFR.US,5,20251001,204000,100.167,100.167,100.167,100.167,100,0
SOFR.US,5,20251001,211500,100.176,100.18,100.17,100.17,852,0
SOFR.US,5,20251002,180500,100.18,100.18,100.18,100.18,100,0
SOFR.US,5,20251003,173500,100.2053,100.2053,100.2053,100.2053,200,0
SOFR.US,5,20251003,201500,100.21,100.21,100.21,100.21,100,0
SOFR.US,5,20251003,202500,100.21,100.21,100.21,100.21,140,0
SOFR.US,5,20251003,215500,100.215,100.23,100.215,100.22,2610,0
SOFR.US,5,20251006,182000,100.23,100.23,100.23,100.23,100,0
SOFR.US,5,20251006,191500,100.22,100.22,100.22,100.22,100,0
SOFR.US,5,20251006,214000,100.225,100.23,100.225,100.23,1078,0
SOFR.US,5,20251006,214500,100.235,100.235,100.2347,100.2347,1340,0
SOFR.US,5,20251006,215500,100.235,100.235,100.235,100.235,551,0
SOFR.US,5,20251007,175000,100.2275,100.2275,100.2275,100.2275,500,0
SOFR.US,5,20251007,214000,100.22,100.2201,100.22,100.2201,200,0
SOFR.US,5,20251007,215000,100.24,100.24,100.24,100.24,100,0
SOFR.US,5,20251008,190500,100.25,100.25,100.25,100.25,518,0
SOFR.US,5,20251008,201500,100.25,100.25,100.25,100.25,178,0
SOFR.US,5,20251008,205500,100.25,100.25,100.25,100.25,181,0
SOFR.US,5,20251008,215500,100.24,100.24,100.24,100.24,292,0
SOFR.US,5,20251010,165000,100.2901,100.2901,100.2901,100.2901,229,0
SOFR.US,5,20251010,181500,100.29,100.29,100.29,100.29,300,0
SOFR.US,5,20251010,210500,100.3,100.3,100.3,100.3,579095,0
SOFR.US,5,20251010,215500,100.295,100.32,100.29,100.29,3140,0
SOFR.US,5,20251013,153000,100.29,100.29,100.29,100.29,104,0
SOFR.US,5,20251013,155500,100.3,100.3,100.3,100.3,189,0
SOFR.US,5,20251013,165000,100.3,100.3,100.3,100.3,100,0
SOFR.US,5,20251013,184000,100.29,100.29,100.29,100.29,100,0
SOFR.US,5,20251013,194500,100.28,100.28,100.28,100.28,200,0
SOFR.US,5,20251014,161000,100.31,100.31,100.31,100.31,100,0
SOFR.US,5,20251014,161500,100.3051,100.3051,100.3051,100.3051,500,0
SOFR.US,5,20251014,164500,100.31,100.31,100.31,100.31,100,0
SOFR.US,5,20251014,170000,100.31,100.31,100.31,100.31,100,0
SOFR.US,5,20251014,171000,100.3,100.3,100.3,100.3,200,0
SOFR.US,5,20251014,173000,100.31,100.31,100.31,100.31,100,0
SOFR.US,5,20251014,175500,100.31,100.31,100.31,100.31,500,0
SOFR.US,5,20251014,193000,100.31,100.31,100.31,100.31,100,0
SOFR.US,5,20251014,203500,100.32,100.32,100.32,100.32,100,0
SOFR.US,5,20251014,212500,100.32,100.32,100.32,100.32,100,0
SOFR.US,5,20251014,215000,100.32,100.32,100.32,100.32,100,0
SOFR.US,5,20251016,154500,100.34,100.34,100.34,100.34,107,0
SOFR.US,5,20251016,155000,100.34,100.34,100.34,100.34,100,0
SOFR.US,5,20251016,164500,100.34,100.34,100.34,100.34,100,0
SOFR.US,5,20251016,180000,100.34,100.34,100.34,100.34,100,0
SOFR.US,5,20251016,195000,100.3301,100.3301,100.3301,100.3301,175,0
SOFR.US,5,20251016,210000,100.34,100.34,100.34,100.34,100,0
SOFR.US,5,20251016,211000,100.335,100.335,100.335,100.335,100,0
SOFR.US,5,20251016,215500,100.34,100.34,100.34,100.34,100,0
SOFR.US,5,20251017,155000,100.37,100.37,100.37,100.37,107,0
SOFR.US,5,20251017,181000,100.3659,100.3659,100.3659,100.3659,149,0
SOFR.US,5,20251017,192500,100.37,100.37,100.37,100.37,200,0
SOFR.US,5,20251017,193000,100.37,100.37,100.37,100.37,100,0
SOFR.US,5,20251017,215000,100.37,100.37,100.37,100.37,100,0
SOFR.US,5,20251017,215500,100.37,100.415,100.365,100.37,3026,0
SOFR.US,5,20251020,161000,100.38,100.38,100.38,100.38,100,0
SOFR.US,5,20251020,170000,100.38,100.38,100.38,100.38,100,0
SOFR.US,5,20251020,180000,100.38,100.38,100.38,100.38,100,0
SOFR.US,5,20251020,180500,100.3765,100.3765,100.3765,100.3765,163,0
SOFR.US,5,20251020,191500,100.39,100.39,100.39,100.39,100,0
SOFR.US,5,20251020,192500,100.385,100.385,100.385,100.385,300,0
SOFR.US,5,20251020,193500,100.38,100.39,100.38,100.39,200,0
SOFR.US,5,20251020,204500,100.39,100.39,100.39,100.39,100,0
SOFR.US,5,20251020,211500,100.39,100.39,100.39,100.39,100,0
SOFR.US,5,20251020,214000,100.39,100.3999,100.3875,100.3999,4720,0
SOFR.US,5,20251020,215500,100.39,100.39,100.385,100.39,1293,0
SOFR.US,5,20251021,155000,100.38,100.38,100.38,100.38,100,0
SOFR.US,5,20251021,163500,100.39,100.39,100.39,100.39,100,0
SOFR.US,5,20251021,165500,100.3801,100.3801,100.3801,100.3801,171,0
SOFR.US,5,20251021,170000,100.38,100.38,100.38,100.38,100,0
SOFR.US,5,20251021,183500,100.39,100.39,100.39,100.39,100,0
SOFR.US,5,20251021,190000,100.39,100.39,100.39,100.39,100,0
SOFR.US,5,20251021,194000,100.3802,100.3802,100.3802,100.3802,142,0
SOFR.US,5,20251021,202500,100.395,100.395,100.395,100.395,170,0
SOFR.US,5,20251021,211000,100.4,100.4,100.4,100.4,100,0
SOFR.US,5,20251021,214500,100.4,100.4,100.4,100.4,100,0
SOFR.US,5,20251021,215500,100.395,100.4,100.395,100.4,1077,0
SOFR.US,5,20251022,154500,100.39,100.39,100.39,100.39,101,0
SOFR.US,5,20251022,155500,100.41,100.41,100.41,100.41,1017,0
SOFR.US,5,20251022,162500,100.41,100.41,100.41,100.41,100,0
SOFR.US,5,20251022,174000,100.41,100.41,100.41,100.41,100,0
SOFR.US,5,20251022,184500,100.41,100.41,100.41,100.41,100,0
SOFR.US,5,20251022,194000,100.41,100.41,100.4063,100.4063,200,0
SOFR.US,5,20251022,201000,100.4,100.4001,100.4,100.4001,400,0
SOFR.US,5,20251022,203500,100.41,100.41,100.4099,100.4099,200,0
SOFR.US,5,20251022,210500,100.405,100.405,100.405,100.405,428,0
SOFR.US,5,20251022,212000,100.405,100.405,100.405,100.405,1500,0
SOFR.US,5,20251022,213500,100.41,100.41,100.41,100.41,100,0
SOFR.US,5,20251022,215500,100.405,100.41,100.405,100.41,1249,0
SOFR.US,5,20251023,153000,100.41,100.41,100.41,100.41,2000,0
SOFR.US,5,20251023,155500,100.42,100.42,100.42,100.42,100,0
SOFR.US,5,20251023,163000,100.41,100.41,100.41,100.41,100,0
SOFR.US,5,20251023,172500,100.42,100.42,100.42,100.42,100,0
SOFR.US,5,20251023,175500,100.42,100.42,100.4199,100.4199,400,0
SOFR.US,5,20251023,182500,100.42,100.42,100.42,100.42,100,0
SOFR.US,5,20251023,190500,100.42,100.42,100.42,100.42,100,0
SOFR.US,5,20251023,205500,100.42,100.42,100.42,100.42,100,0
SOFR.US,5,20251023,215000,100.44,100.44,100.44,100.44,100,0
SOFR.US,5,20251023,215500,100.44,100.44,100.435,100.435,1912,0
SOFR.US,5,20251024,155500,100.45,100.45,100.45,100.45,100,0
SOFR.US,5,20251024,160500,100.44,100.44,100.44,100.44,100,0
SOFR.US,5,20251024,172000,100.45,100.45,100.45,100.45,100,0
SOFR.US,5,20251024,175000,100.45,100.45,100.45,100.45,100,0
SOFR.US,5,20251024,185000,100.46,100.46,100.46,100.46,100,0
SOFR.US,5,20251024,195500,100.46,100.46,100.46,100.46,100,0
SOFR.US,5,20251024,202000,100.46,100.46,100.46,100.46,100,0
SOFR.US,5,20251024,213500,100.46,100.46,100.46,100.46,100,0
SOFR.US,5,20251024,215000,100.46,100.46,100.46,100.46,100,0
SOFR.US,5,20251024,215500,100.46,100.46,100.46,100.46,100,0
SOFR.US,5,20251027,143000,100.46,100.46,100.46,100.46,200,0
SOFR.US,5,20251027,143500,100.46,100.46,100.46,100.46,100,0
SOFR.US,5,20251027,145000,100.46,100.46,100.46,100.46,100,0
SOFR.US,5,20251027,145500,100.45,100.45,100.45,100.45,118,0
SOFR.US,5,20251027,150000,100.45,100.46,100.45,100.45,300,0
SOFR.US,5,20251027,150500,100.45,100.45,100.45,100.45,200,0
SOFR.US,5,20251027,151500,100.455,100.455,100.455,100.455,200,0
SOFR.US,5,20251027,152000,100.46,100.46,100.46,100.46,100,0
SOFR.US,5,20251027,155000,100.45,100.45,100.45,100.45,100,0
SOFR.US,5,20251027,160500,100.46,100.46,100.46,100.46,100,0
SOFR.US,5,20251027,165000,100.4569,100.4569,100.4569,100.4569,500,0
SOFR.US,5,20251027,165500,100.46,100.46,100.46,100.46,100,0
SOFR.US,5,20251027,171500,100.46,100.46,100.46,100.46,100,0
SOFR.US,5,20251027,181500,100.47,100.47,100.47,100.47,100,0
SOFR.US,5,20251027,183500,100.47,100.47,100.47,100.47,100,0
SOFR.US,5,20251027,192500,100.47,100.47,100.47,100.47,220,0
SOFR.US,5,20251027,195500,100.46,100.46,100.46,100.46,100,0
SOFR.US,5,20251027,205500,100.465,100.89,100.465,100.89,5128,0
SOFR.US,5,20251028,150500,100.47,100.47,100.47,100.47,100,0
SOFR.US,5,20251028,153500,100.46,100.47,100.46,100.47,200,0
SOFR.US,5,20251028,164000,100.47,100.47,100.47,100.47,100,0
SOFR.US,5,20251028,180000,100.48,100.48,100.48,100.48,100,0
SOFR.US,5,20251028,182500,100.48,100.48,100.48,100.48,100,0
SOFR.US,5,20251028,192000,100.48,100.48,100.48,100.48,100,0
SOFR.US,5,20251028,202500,100.48,100.48,100.48,100.48,100,0
SOFR.US,5,20251028,204500,100.48,100.48,100.48,100.48,100,0
SOFR.US,5,20251028,205500,100.47,100.47,100.47,100.47,885,0
SOFR.US,5,20251029,144500,100.48,100.48,100.48,100.48,100,0
SOFR.US,5,20251029,150000,100.48,100.48,100.48,100.48,100,0
SOFR.US,5,20251029,150500,100.47,100.47,100.47,100.47,334,0
SOFR.US,5,20251029,151500,100.48,100.48,100.48,100.48,100,0
SOFR.US,5,20251029,155500,100.48,100.48,100.48,100.48,100,0
SOFR.US,5,20251029,173000,100.49,100.49,100.49,100.49,100,0
SOFR.US,5,20251029,184500,100.49,100.49,100.49,100.49,100,0
SOFR.US,5,20251029,190500,100.47,100.47,100.47,100.47,300,0
SOFR.US,5,20251029,191000,100.47,100.47,100.47,100.47,409,0
SOFR.US,5,20251029,191500,100.47,100.47,100.47,100.47,406,0
SOFR.US,5,20251029,192000,100.47,100.47,100.47,100.47,409,0
SOFR.US,5,20251029,192500,100.47,100.47,100.47,100.47,405,0
SOFR.US,5,20251029,193000,100.47,100.47,100.47,100.47,405,0
SOFR.US,5,20251029,193500,100.46,100.47,100.46,100.47,408,0
SOFR.US,5,20251029,194000,100.47,100.47,100.47,100.47,407,0
SOFR.US,5,20251029,194500,100.47,100.47,100.47,100.47,407,0
SOFR.US,5,20251029,195000,100.47,100.47,100.47,100.47,408,0
SOFR.US,5,20251029,195500,100.471,100.4751,100.47,100.47,608,0
SOFR.US,5,20251029,200000,100.47,100.47,100.47,100.47,407,0
SOFR.US,5,20251029,200500,100.47,100.47,100.47,100.47,407,0
SOFR.US,5,20251029,201000,100.47,100.47,100.47,100.47,404,0
SOFR.US,5,20251029,201500,100.47,100.47,100.46,100.46,404,0
SOFR.US,5,20251029,202000,100.46,100.46,100.46,100.46,404,0
SOFR.US,5,20251029,202500,100.46,100.46,100.45,100.45,696,0
SOFR.US,5,20251029,203000,100.46,100.47,100.46,100.47,267,0
SOFR.US,5,20251029,203500,100.47,100.47,100.47,100.47,108,0
SOFR.US,5,20251029,204000,100.47,100.47,100.46,100.46,380,0
SOFR.US,5,20251029,204500,100.47,100.47,100.47,100.47,232,0
SOFR.US,5,20251029,205000,100.46,100.47,100.46,100.47,243,0
SOFR.US,5,20251029,205500,100.47,100.48,100.47,100.48,978,0
SOFR.US,5,20251030,155500,100.14,100.14,100.14,100.14,100,0
SOFR.US,5,20251030,165500,100.14,100.14,100.14,100.14,100,0
SOFR.US,5,20251030,173000,100.14,100.14,100.14,100.14,100,0
SOFR.US,5,20251030,181500,100.145,100.145,100.145,100.145,100,0
SOFR.US,5,20251030,191500,100.145,100.145,100.145,100.145,100,0
SOFR.US,5,20251030,193500,100.1475,100.1475,100.1475,100.1475,100,0
SOFR.US,5,20251030,202000,100.145,100.145,100.145,100.145,100,0
SOFR.US,5,20251030,205000,100.14,100.145,100.14,100.145,900,0
SOFR.US,5,20251030,205500,100.145,100.145,100.145,100.145,1031,0
SOFR.US,5,20251031,143000,100.16,100.1601,100.16,100.1601,300,0
SOFR.US,5,20251031,144500,100.17,100.17,100.17,100.17,100,0
SOFR.US,5,20251031,151500,100.17,100.17,100.17,100.17,100,0
SOFR.US,5,20251031,152000,100.17,100.17,100.17,100.17,100,0
SOFR.US,5,20251031,154500,100.17,100.17,100.17,100.17,100,0
SOFR.US,5,20251031,161000,100.17,100.17,100.17,100.17,100,0
SOFR.US,5,20251031,163500,100.17,100.17,100.17,100.17,100,0
SOFR.US,5,20251031,164500,100.1693,100.1693,100.1693,100.1693,500,0
SOFR.US,5,20251031,170500,100.17,100.17,100.17,100.17,100,0
SOFR.US,5,20251031,172500,100.1759,100.1759,100.1759,100.1759,300,0
SOFR.US,5,20251031,175000,100.1701,100.1701,100.1701,100.1701,133,0
SOFR.US,5,20251031,180000,100.18,100.18,100.18,100.18,100,0
SOFR.US,5,20251031,190000,100.18,100.18,100.18,100.18,100,0
SOFR.US,5,20251031,194000,100.18,100.18,100.18,100.18,100,0
SOFR.US,5,20251031,195500,100.18,100.18,100.18,100.18,200,0
SOFR.US,5,20251031,203000,100.18,100.18,100.18,100.18,100,0
SOFR.US,5,20251031,205500,100.18,100.19,100.18,100.18,1220,0
SOFR.US,5,20251103,154000,100.15,100.15,100.15,100.15,100,0
SOFR.US,5,20251103,161500,100.16,100.16,100.16,100.16,100,0
SOFR.US,5,20251103,165000,100.17,100.17,100.16,100.16,10495,0
SOFR.US,5,20251103,165500,100.15,100.16,100.15,100.16,2556,0
SOFR.US,5,20251103,170000,100.1646,100.1646,100.1646,100.1646,1996,0
SOFR.US,5,20251103,175000,100.1566,100.1566,100.1566,100.1566,200,0
SOFR.US,5,20251103,180500,100.16,100.16,100.16,100.16,100,0
SOFR.US,5,20251103,181500,100.16,100.16,100.16,100.16,190,0
SOFR.US,5,20251103,201500,100.17,100.17,100.17,100.17,100,0
SOFR.US,5,20251103,204500,100.1699,100.1699,100.1699,100.1699,100,0
SOFR.US,5,20251104,160000,100.16,100.16,100.16,100.16,100,0
SOFR.US,5,20251104,162000,100.16,100.16,100.16,100.16,100,0
SOFR.US,5,20251104,164500,100.16,100.16,100.16,100.16,100,0
SOFR.US,5,20251104,170000,100.1573,100.1573,100.1573,100.1573,698,0
SOFR.US,5,20251104,184500,100.16,100.16,100.16,100.16,100,0
SOFR.US,5,20251104,195000,100.16,100.16,100.16,100.16,100,0
SOFR.US,5,20251104,201000,100.16,100.16,100.16,100.16,100,0
SOFR.US,5,20251104,203500,100.16,100.16,100.16,100.16,100,0
SOFR.US,5,20251104,210000,100.16,100.16,100.16,100.16,100,0
SOFR.US,5,20251104,210500,100.16,100.16,100.16,100.16,100,0
SOFR.US,5,20251104,212500,100.16,100.16,100.16,100.16,200,0
SOFR.US,5,20251104,213000,100.16,100.16,100.16,100.16,300,0
SOFR.US,5,20251104,213500,100.16,100.16,100.16,100.16,700,0
SOFR.US,5,20251104,214000,100.16,100.16,100.16,100.16,600,0
SOFR.US,5,20251104,214500,100.16,100.17,100.16,100.17,877,0
SOFR.US,5,20251104,215000,100.17,100.17,100.17,100.17,200,0
SOFR.US,5,20251104,215500,100.2,100.2,100.2,100.2,100,0
SOFR.US,5,20251105,161000,100.21,100.21,100.21,100.21,106,0
SOFR.US,5,20251105,162500,100.205,100.205,100.2,100.2,200,0
SOFR.US,5,20251105,163000,100.21,100.21,100.21,100.21,100,0
SOFR.US,5,20251105,170500,100.2,100.2,100.2,100.2,100,0
SOFR.US,5,20251105,195500,100.21,100.21,100.21,100.21,100,0
SOFR.US,5,20251105,201000,100.2058,100.2058,100.2058,100.2058,100,0
SOFR.US,5,20251105,201500,100.21,100.21,100.21,100.21,100,0
SOFR.US,5,20251105,212500,100.205,100.205,100.205,100.205,500,0
SOFR.US,5,20251106,161000,100.23,100.23,100.22,100.22,616,0
SOFR.US,5,20251106,170000,100.22,100.22,100.22,100.22,100,0
SOFR.US,5,20251106,203000,100.22,100.22,100.22,100.22,100,0
SOFR.US,5,20251106,214000,100.22,100.22,100.22,100.22,100,0
SOFR.US,5,20251106,215000,100.24,100.24,100.24,100.24,100,0
SOFR.US,5,20251106,215500,100.24,100.249,100.24,100.249,1900,0
SOFR.US,5,20251107,155000,100.25,100.25,100.25,100.25,600,0
SOFR.US,5,20251107,160000,100.2435,100.2435,100.23,100.23,1089,0
SOFR.US,5,20251107,164000,100.24,100.24,100.24,100.24,100,0
SOFR.US,5,20251107,170000,100.24,100.24,100.24,100.24,100,0
SOFR.US,5,20251107,171000,100.24,100.244,100.24,100.244,1100,0
SOFR.US,5,20251107,181000,100.24,100.24,100.24,100.24,899,0
SOFR.US,5,20251107,182500,100.2564,100.2564,100.2564,100.2564,150,0
SOFR.US,5,20251107,184000,100.26,100.26,100.26,100.26,100,0
SOFR.US,5,20251107,193500,100.26,100.26,100.26,100.26,100,0
SOFR.US,5,20251107,205500,100.26,100.26,100.26,100.26,100,0
SOFR.US,5,20251107,211000,100.26,100.26,100.26,100.26,100,0
SOFR.US,5,20251107,215000,100.26,100.26,100.26,100.26,100,0
SOFR.US,5,20251107,215500,100.26,100.27,100.26,100.27,900,0
SOFR.US,5,20251110,153000,100.28,100.28,100.252,100.252,2100,0
SOFR.US,5,20251110,155000,100.27,100.27,100.27,100.27,200,0
SOFR.US,5,20251110,160000,100.27,100.27,100.27,100.27,100,0
SOFR.US,5,20251110,164000,100.27,100.27,100.27,100.27,100,0
SOFR.US,5,20251110,171500,100.27,100.27,100.27,100.27,100,0
SOFR.US,5,20251110,182000,100.27,100.27,100.27,100.27,100,0
SOFR.US,5,20251110,184500,100.28,100.28,100.28,100.28,5114,0
SOFR.US,5,20251110,190500,100.28,100.28,100.28,100.28,100,0
SOFR.US,5,20251110,192500,100.28,100.28,100.28,100.28,100,0
SOFR.US,5,20251110,193000,100.28,100.28,100.28,100.28,100,0
SOFR.US,5,20251110,200500,100.28,100.28,100.28,100.28,100,0
SOFR.US,5,20251110,201500,100.28,100.28,100.28,100.28,100,0
SOFR.US,5,20251110,204000,100.28,100.28,100.28,100.28,100,0
SOFR.US,5,20251110,210500,100.28,100.28,100.28,100.28,200,0
SOFR.US,5,20251110,215500,100.275,100.275,100.27,100.27,600,0
SOFR.US,5,20251111,154500,100.27,100.27,100.27,100.27,100,0
SOFR.US,5,20251111,180500,100.26,100.26,100.26,100.26,100,0
SOFR.US,5,20251111,185000,100.27,100.28,100.27,100.28,764,0
SOFR.US,5,20251111,191000,100.2673,100.2673,100.2673,100.2673,700,0
SOFR.US,5,20251111,195500,100.27,100.27,100.27,100.27,100,0
SOFR.US,5,20251111,200000,100.27,100.27,100.27,100.27,100,0
SOFR.US,5,20251111,202500,100.27,100.27,100.27,100.27,100,0
SOFR.US,5,20251111,204000,100.25,100.25,100.25,100.25,246,0
SOFR.US,5,20251111,210000,100.27,100.27,100.27,100.27,200,0
SOFR.US,5,20251111,211500,100.27,100.27,100.27,100.27,100,0
SOFR.US,5,20251111,214000,100.27,100.27,100.27,100.27,100,0
SOFR.US,5,20251112,153000,100.29,100.29,100.29,100.29,200,0
SOFR.US,5,20251112,165500,100.28,100.28,100.28,100.28,100,0
SOFR.US,5,20251112,172500,100.28,100.28,100.28,100.28,100,0
SOFR.US,5,20251112,175000,100.28,100.28,100.28,100.28,697,0
SOFR.US,5,20251112,180000,100.28,100.28,100.28,100.28,100,0
SOFR.US,5,20251112,181500,100.28,100.28,100.28,100.28,344,0
SOFR.US,5,20251112,185000,100.28,100.28,100.28,100.28,100,0
SOFR.US,5,20251112,192000,100.28,100.28,100.28,100.28,100,0
SOFR.US,5,20251112,202500,100.28,100.28,100.28,100.28,100,0
SOFR.US,5,20251112,210000,100.28,100.28,100.28,100.28,100,0
SOFR.US,5,20251112,213500,100.29,100.29,100.29,100.29,100,0
SOFR.US,5,20251112,214000,100.29,100.29,100.29,100.29,100,0
SOFR.US,5,20251112,215000,100.28,100.28,100.28,100.28,100,0
SOFR.US,5,20251112,215500,100.28,100.305,100.28,100.29,2298,0
SOFR.US,5,20251113,154000,100.29,100.29,100.29,100.29,100,0
SOFR.US,5,20251113,160500,100.29,100.29,100.29,100.29,100,0
SOFR.US,5,20251113,162000,100.29,100.29,100.29,100.29,100,0
SOFR.US,5,20251113,172500,100.29,100.29,100.29,100.29,200,0
SOFR.US,5,20251113,190500,100.29,100.3,100.29,100.3,200,0
SOFR.US,5,20251113,192000,100.28,100.28,100.28,100.28,200,0
SOFR.US,5,20251113,211500,100.29,100.29,100.29,100.29,100,0
SOFR.US,5,20251113,214500,100.32,100.32,100.32,100.32,100,0
SOFR.US,5,20251113,215500,100.33,100.33,100.315,100.33,1919,0
SOFR.US,5,20251114,154000,100.32,100.32,100.32,100.32,600,0
SOFR.US,5,20251114,154500,100.33,100.33,100.33,100.33,231,0
SOFR.US,5,20251114,155500,100.33,100.33,100.33,100.33,100,0
SOFR.US,5,20251114,160000,100.33,100.33,100.33,100.33,100,0
SOFR.US,5,20251114,162500,100.33,100.33,100.33,100.33,100,0
SOFR.US,5,20251114,163500,100.32,100.32,100.32,100.32,700,0
SOFR.US,5,20251114,164500,100.33,100.33,100.33,100.33,100,0
SOFR.US,5,20251114,170000,100.33,100.33,100.33,100.33,100,0
SOFR.US,5,20251114,180000,100.36,100.38,100.33,100.38,1127,0
SOFR.US,5,20251114,181000,100.33,100.33,100.33,100.33,100,0
SOFR.US,5,20251114,182500,100.33,100.33,100.33,100.33,500,0
SOFR.US,5,20251114,190000,100.34,100.34,100.34,100.34,100,0
SOFR.US,5,20251114,195000,100.34,100.34,100.34,100.34,200,0
SOFR.US,5,20251114,203500,100.33,100.33,100.33,100.33,100,0
SOFR.US,5,20251114,205500,100.34,100.34,100.34,100.34,100,0
SOFR.US,5,20251114,214000,100.33,100.33,100.33,100.33,100,0
SOFR.US,5,20251114,215000,100.33,100.33,100.33,100.33,200,0
SOFR.US,5,20251117,153000,100.34,100.34,100.34,100.34,122,0
SOFR.US,5,20251117,153500,100.326,100.34,100.326,100.34,200,0
SOFR.US,5,20251117,154500,100.34,100.34,100.34,100.34,100,0
SOFR.US,5,20251117,164000,100.34,100.34,100.34,100.34,100,0
SOFR.US,5,20251117,171000,100.34,100.34,100.34,100.34,100,0
SOFR.US,5,20251117,172500,100.35,100.35,100.35,100.35,100,0
SOFR.US,5,20251117,175000,100.34,100.34,100.34,100.34,200,0
SOFR.US,5,20251117,181000,100.34,100.34,100.34,100.34,100,0
SOFR.US,5,20251117,193000,100.34,100.34,100.34,100.34,100,0
SOFR.US,5,20251117,210500,100.34,100.34,100.34,100.34,100,0
SOFR.US,5,20251117,211000,100.34,100.34,100.34,100.34,200,0
SOFR.US,5,20251117,212500,100.34,100.34,100.34,100.34,100,0
SOFR.US,5,20251117,214000,100.33,100.3301,100.33,100.3301,700,0
SOFR.US,5,20251117,214500,100.34,100.34,100.34,100.34,100,0
SOFR.US,5,20251117,215000,100.34,100.35,100.34,100.35,500,0
SOFR.US,5,20251117,215500,100.34,100.4,100.34,100.4,1500,0
SOFR.US,5,20251118,170000,100.35,100.35,100.35,100.35,100,0
SOFR.US,5,20251118,172500,100.35,100.35,100.35,100.35,200,0
SOFR.US,5,20251118,173000,100.35,100.35,100.35,100.35,246,0
SOFR.US,5,20251118,180000,100.35,100.3504,100.349,100.3504,3318,0
SOFR.US,5,20251118,180500,100.35,100.35,100.35,100.35,100,0
SOFR.US,5,20251118,182500,100.35,100.35,100.35,100.35,100,0
SOFR.US,5,20251118,183500,100.35,100.35,100.35,100.35,100,0
SOFR.US,5,20251118,190000,100.3401,100.3401,100.3401,100.3401,200,0
SOFR.US,5,20251118,193500,100.35,100.35,100.35,100.35,100,0
SOFR.US,5,20251118,194000,100.35,100.35,100.35,100.35,210,0
SOFR.US,5,20251118,194500,100.35,100.35,100.35,100.35,100,0
SOFR.US,5,20251118,200000,100.3542,100.3542,100.35,100.35,1700,0
SOFR.US,5,20251118,202500,100.35,100.35,100.35,100.35,100,0
SOFR.US,5,20251118,210000,100.35,100.35,100.35,100.35,800,0
SOFR.US,5,20251118,210500,100.35,100.35,100.35,100.35,100,0
SOFR.US,5,20251118,213000,100.35,100.35,100.35,100.35,200,0
SOFR.US,5,20251118,215500,100.36,100.36,100.35,100.36,2420,0
SOFR.US,5,20251119,153500,100.36,100.36,100.36,100.36,100,0
SOFR.US,5,20251119,161000,100.36,100.36,100.36,100.36,100,0
SOFR.US,5,20251119,162500,100.3599,100.36,100.3599,100.36,200,0
SOFR.US,5,20251119,165500,100.36,100.36,100.36,100.36,100,0
SOFR.US,5,20251119,172000,100.36,100.36,100.36,100.36,100,0
SOFR.US,5,20251119,173500,100.36,100.36,100.36,100.36,100,0
SOFR.US,5,20251119,174500,100.36,100.36,100.36,100.36,100,0
SOFR.US,5,20251119,182000,100.36,100.36,100.36,100.36,100,0
SOFR.US,5,20251119,192000,100.35,100.36,100.35,100.36,5672,0
SOFR.US,5,20251119,205000,100.36,100.36,100.36,100.36,914,0
SOFR.US,5,20251119,213000,100.3565,100.3565,100.3565,100.3565,341,0
SOFR.US,5,20251119,214000,100.36,100.36,100.36,100.36,100,0
SOFR.US,5,20251119,215500,100.358,100.365,100.358,100.365,589,0
SOFR.US,5,20251120,153000,100.39,100.39,100.39,100.39,1000,0
SOFR.US,5,20251120,154500,100.38,100.39,100.32,100.39,2050,0
SOFR.US,5,20251120,172500,100.39,100.39,100.39,100.39,100,0
SOFR.US,5,20251120,191500,100.4,100.4,100.4,100.4,100,0
SOFR.US,5,20251120,204500,100.4,100.4,100.4,100.4,100,0
SOFR.US,5,20251120,212000,100.4,100.4,100.4,100.4,100,0
SOFR.US,5,20251120,212500,100.4,100.4,100.4,100.4,100,0
SOFR.US,5,20251120,213000,100.395,100.395,100.395,100.395,100,0
SOFR.US,5,20251120,213500,100.395,100.395,100.395,100.395,100,0
SOFR.US,5,20251120,214500,100.395,100.395,100.395,100.395,200,0
SOFR.US,5,20251120,215000,100.4,100.4,100.39,100.39,500,0
SOFR.US,5,20251120,215500,100.39,100.4,100.39,100.39,933,0
SOFR.US,5,20251121,153500,100.42,100.42,100.42,100.42,100,0
SOFR.US,5,20251121,161000,100.42,100.42,100.42,100.42,100,0
SOFR.US,5,20251121,174000,100.42,100.42,100.42,100.42,100,0
SOFR.US,5,20251121,192500,100.42,100.42,100.42,100.42,100,0
SOFR.US,5,20251121,201000,100.35,100.35,100.35,100.35,319,0
SOFR.US,5,20251121,211500,100.42,100.42,100.37,100.37,200,0
SOFR.US,5,20251121,214500,100.42,100.42,100.42,100.42,100,0
SOFR.US,5,20251121,215500,100.42,100.42,100.42,100.42,100,0
SOFR.US,5,20251124,214000,100.405,100.405,100.405,100.405,101,0
SOFR.US,5,20251124,215500,100.41,100.41,100.405,100.405,992,0
SOFR.US,5,20251125,153000,100.4,100.4,100.4,100.4,2916,0
SOFR.US,5,20251125,154000,100.39,100.39,100.39,100.39,1097,0
SOFR.US,5,20251125,171000,100.4,100.4,100.4,100.4,100,0
SOFR.US,5,20251125,182000,100.4,100.4,100.4,100.4,100,0
SOFR.US,5,20251125,190000,100.4,100.4,100.4,100.4,100,0
SOFR.US,5,20251125,194000,100.405,100.405,100.405,100.405,100,0
SOFR.US,5,20251125,195000,100.41,100.41,100.41,100.41,100,0
SOFR.US,5,20251125,205000,100.41,100.41,100.41,100.41,100,0
SOFR.US,5,20251125,212500,100.41,100.41,100.41,100.41,100,0
SOFR.US,5,20251125,215500,100.409,100.44,100.409,100.44,2353,0
SOFR.US,5,20251126,154000,100.12,100.12,100.12,100.12,300,0
SOFR.US,5,20251126,162000,100.1,100.1,100.1,100.1,100,0
SOFR.US,5,20251126,163500,100.1042,100.1042,100.1042,100.1042,250,0
SOFR.US,5,20251126,172500,100.11,100.11,100.11,100.11,100,0
SOFR.US,5,20251126,180000,100.11,100.11,100.11,100.11,1000,0
SOFR.US,5,20251126,200000,100.12,100.12,100.1145,100.1145,2298,0
SOFR.US,5,20251126,200500,100.12,100.125,100.1199,100.125,1402,0
SOFR.US,5,20251126,201000,100.125,100.17,100.125,100.1399,5397,0
SOFR.US,5,20251126,201500,100.15,100.15,100.15,100.15,249,0
SOFR.US,5,20251126,210500,100.145,100.145,100.145,100.145,300,0
SOFR.US,5,20251126,213500,100.14,100.14,100.14,100.14,100,0
SOFR.US,5,20251126,214500,100.145,100.145,100.145,100.145,100,0
SOFR.US,5,20251126,215500,100.145,100.15,100.12,100.12,1195,0
SOFR.US,5,20251128,155500,100.14,100.14,100.14,100.14,100,0
SOFR.US,5,20251128,161500,100.14,100.14,100.14,100.14,100,0
SOFR.US,5,20251128,163500,100.15,100.15,100.15,100.15,100,0
SOFR.US,5,20251128,165500,100.14,100.14,100.14,100.14,100,0
SOFR.US,5,20251128,172000,100.14,100.14,100.14,100.14,100,0
SOFR.US,5,20251128,174500,100.14,100.14,100.14,100.14,100,0
SOFR.US,5,20251128,180500,100.137,100.137,100.137,100.137,150,0
SOFR.US,5,20251128,181500,100.14,100.14,100.14,100.14,900,0
SOFR.US,5,20251128,185000,100.14,100.14,100.14,100.14,200,0
SOFR.US,5,20251201,153000,100.1308,100.1308,100.13,100.13,1679,0
SOFR.US,5,20251201,153500,100.15,100.16,100.15,100.15,1562,0
SOFR.US,5,20251201,154500,100.15,100.15,100.15,100.15,100,0
SOFR.US,5,20251201,160000,100.13,100.13,100.13,100.13,250,0
SOFR.US,5,20251201,161500,100.15,100.15,100.15,100.15,100,0
SOFR.US,5,20251201,163000,100.16,100.16,100.16,100.16,100,0
SOFR.US,5,20251201,170500,100.155,100.155,100.155,100.155,100,0
SOFR.US,5,20251201,171500,100.155,100.155,100.155,100.155,100,0
SOFR.US,5,20251201,174000,100.155,100.155,100.155,100.155,100,0
SOFR.US,5,20251201,181500,100.155,100.155,100.155,100.155,200,0
SOFR.US,5,20251201,183000,100.17,100.17,100.17,100.17,100,0
SOFR.US,5,20251201,210000,100.16,100.16,100.16,100.16,250,0
SOFR.US,5,20251201,215000,100.16,100.16,100.16,100.16,700,0
SOFR.US,5,20251201,215500,100.16,100.16,100.16,100.16,200,0
SOFR.US,5,20251202,163500,100.14,100.14,100.14,100.14,200,0
SOFR.US,5,20251202,165000,100.16,100.16,100.16,100.16,100,0
SOFR.US,5,20251202,172000,100.16,100.16,100.16,100.16,100,0
SOFR.US,5,20251202,183000,100.16,100.16,100.16,100.16,150,0
SOFR.US,5,20251202,183500,100.159,100.159,100.159,100.159,200,0
SOFR.US,5,20251202,190000,100.16,100.16,100.16,100.16,100,0
SOFR.US,5,20251202,190500,100.17,100.17,100.17,100.17,100,0
SOFR.US,5,20251202,203000,100.16,100.16,100.16,100.16,100,0
SOFR.US,5,20251202,212500,100.16,100.16,100.16,100.16,100,0
SOFR.US,5,20251202,213000,100.1603,100.1603,100.1603,100.1603,200,0
SOFR.US,5,20251202,214500,100.15,100.17,100.15,100.17,200,0
SOFR.US,5,20251202,215000,100.17,100.17,100.17,100.17,100,0
SOFR.US,5,20251203,155500,100.18,100.18,100.18,100.18,200,0
SOFR.US,5,20251203,162000,100.1635,100.1635,100.1635,100.1635,249,0
SOFR.US,5,20251203,172500,100.17,100.17,100.17,100.17,100,0
SOFR.US,5,20251203,173500,100.18,100.18,100.18,100.18,100,0
SOFR.US,5,20251203,183500,100.17,100.17,100.17,100.17,140,0
SOFR.US,5,20251203,184000,100.18,100.18,100.18,100.18,100,0
SOFR.US,5,20251203,194500,100.18,100.18,100.18,100.18,100,0
SOFR.US,5,20251203,202500,100.18,100.18,100.18,100.18,100,0
SOFR.US,5,20251203,205000,100.18,100.18,100.18,100.18,100,0
SOFR.US,5,20251203,213000,100.185,100.185,100.185,100.185,200,0
SOFR.US,5,20251203,213500,100.185,100.185,100.185,100.185,100,0
SOFR.US,5,20251203,215000,100.185,100.185,100.185,100.185,100,0
SOFR.US,5,20251203,215500,100.19,100.23,100.185,100.2,4200,0
SOFR.US,5,20251204,161500,100.18,100.18,100.18,100.18,100,0
SOFR.US,5,20251204,173500,100.19,100.19,100.19,100.19,100,0
SOFR.US,5,20251204,181000,100.18,100.18,100.18,100.18,200,0
SOFR.US,5,20251204,182500,100.19,100.19,100.19,100.19,100,0
SOFR.US,5,20251204,184000,100.19,100.19,100.19,100.19,100,0
SOFR.US,5,20251204,191500,100.19,100.19,100.19,100.19,100,0
SOFR.US,5,20251204,194000,100.17,100.17,100.17,100.17,140,0
SOFR.US,5,20251204,202500,100.19,100.19,100.19,100.19,100,0
SOFR.US,5,20251204,203500,100.19,100.19,100.19,100.19,100,0
SOFR.US,5,20251204,210500,100.185,100.185,100.185,100.185,100,0
SOFR.US,5,20251204,213500,100.19,100.19,100.19,100.19,100,0
SOFR.US,5,20251204,215500,100.205,100.205,100.205,100.205,920,0
SOFR.US,5,20251205,154000,100.2001,100.2001,100.2,100.2001,300,0
SOFR.US,5,20251205,155500,100.22,100.22,100.22,100.22,100,0
SOFR.US,5,20251205,163000,100.22,100.22,100.22,100.22,100,0
SOFR.US,5,20251205,165500,100.22,100.22,100.22,100.22,100,0
SOFR.US,5,20251205,170500,100.22,100.22,100.22,100.22,100,0
SOFR.US,5,20251205,184000,100.221,100.221,100.22,100.22,1097,0
SOFR.US,5,20251205,203500,100.229,100.229,100.229,100.229,250,0
SOFR.US,5,20251205,213000,100.22,100.22,100.22,100.22,100,0
SOFR.US,5,20251205,215000,100.21,100.23,100.21,100.23,300,0
SOFR.US,5,20251208,154000,100.23,100.23,100.23,100.23,100,0
SOFR.US,5,20251208,154500,100.23,100.23,100.23,100.23,100,0
SOFR.US,5,20251208,162000,100.23,100.23,100.23,100.23,100,0
SOFR.US,5,20251208,163500,100.23,100.23,100.23,100.23,100,0
SOFR.US,5,20251208,171500,100.23,100.23,100.23,100.23,100,0
SOFR.US,5,20251208,181000,100.23,100.24,100.23,100.24,200,0
SOFR.US,5,20251208,182000,100.24,100.24,100.24,100.24,100,0
SOFR.US,5,20251208,183500,100.24,100.24,100.24,100.24,100,0
SOFR.US,5,20251208,200000,100.24,100.24,100.24,100.24,100,0
SOFR.US,5,20251208,204000,100.235,100.24,100.235,100.24,400,0
SOFR.US,5,20251208,205500,100.24,100.24,100.24,100.24,100,0
SOFR.US,5,20251208,211000,100.24,100.24,100.24,100.24,100,0
SOFR.US,5,20251208,212000,100.24,100.24,100.24,100.24,100,0
SOFR.US,5,20251208,213500,100.24,100.24,100.24,100.24,100,0
SOFR.US,5,20251208,215500,100.24,100.24,100.24,100.24,100,0
SOFR.US,5,20251209,174000,100.235,100.235,100.235,100.235,500,0
SOFR.US,5,20251209,180000,100.24,100.24,100.24,100.24,100,0
SOFR.US,5,20251209,181000,100.2374,100.2374,100.2374,100.2374,100,0
SOFR.US,5,20251209,190000,100.24,100.24,100.24,100.24,100,0
SOFR.US,5,20251209,205500,100.24,100.24,100.24,100.24,100,0
SOFR.US,5,20251209,215500,100.24,100.25,100.24,100.25,4679,0
SOFR.US,5,20251210,184500,100.2497,100.25,100.2497,100.25,245,0
SOFR.US,5,20251210,195500,100.2335,100.2335,100.2335,100.2335,478,0
SOFR.US,5,20251210,211500,100.25,100.25,100.25,100.25,566,0
SOFR.US,5,20251210,215000,100.26,100.26,100.26,100.26,400,0
SOFR.US,5,20251210,215500,100.26,100.26,100.26,100.26,900,0
SOFR.US,5,20251211,155000,100.26,100.26,100.26,100.26,100,0
SOFR.US,5,20251211,160500,100.26,100.26,100.26,100.26,100,0
SOFR.US,5,20251211,173000,100.26,100.26,100.26,100.26,100,0
SOFR.US,5,20251211,184000,100.24,100.249,100.24,100.249,400,0
SOFR.US,5,20251211,185000,100.2565,100.2565,100.2565,100.2565,100,0
SOFR.US,5,20251211,192000,100.27,100.27,100.24,100.24,852,0
SOFR.US,5,20251211,194000,100.27,100.27,100.27,100.27,100,0
SOFR.US,5,20251211,203000,100.2488,100.2488,100.2488,100.2488,110,0
SOFR.US,5,20251211,203500,100.27,100.27,100.27,100.27,100,0
SOFR.US,5,20251211,210500,100.2401,100.2401,100.2401,100.2401,100,0
SOFR.US,5,20251211,211500,100.27,100.27,100.27,100.27,100,0
SOFR.US,5,20251211,213000,100.27,100.27,100.27,100.27,100,0
SOFR.US,5,20251211,215500,100.265,100.265,100.25,100.25,777,0
SOFR.US,5,20251212,162000,100.2721,100.2721,100.2721,100.2721,100,0
SOFR.US,5,20251212,163000,100.3,100.3,100.3,100.3,100,0
SOFR.US,5,20251212,170000,100.3,100.3,100.3,100.3,100,0
SOFR.US,5,20251212,171500,100.285,100.285,100.285,100.285,240,0
SOFR.US,5,20251212,173500,100.275,100.31,100.275,100.31,4413,0
SOFR.US,5,20251212,181500,100.3083,100.3083,100.3083,100.3083,150,0
SOFR.US,5,20251212,182000,100.2934,100.2934,100.2934,100.2934,690,0
SOFR.US,5,20251212,182500,100.3,100.3,100.3,100.3,300,0
SOFR.US,5,20251212,183000,100.3,100.3,100.3,100.3,100,0
SOFR.US,5,20251212,184500,100.29,100.29,100.29,100.29,100,0
SOFR.US,5,20251212,185500,100.3,100.3,100.3,100.3,425,0
SOFR.US,5,20251212,193000,100.3,100.3,100.3,100.3,100,0
SOFR.US,5,20251212,205000,100.3,100.3,100.29,100.29,200,0
SOFR.US,5,20251212,213000,100.3,100.3,100.3,100.3,100,0
SOFR.US,5,20251215,154000,100.3,100.3,100.3,100.3,100,0
SOFR.US,5,20251215,154500,100.3,100.3,100.3,100.3,100,0
SOFR.US,5,20251215,172000,100.3,100.3,100.3,100.3,100,0
SOFR.US,5,20251215,174500,100.3,100.3,100.3,100.3,234,0
SOFR.US,5,20251215,183000,100.29,100.29,100.29,100.29,100,0
SOFR.US,5,20251215,193500,100.3,100.3,100.3,100.3,100,0
SOFR.US,5,20251215,201000,100.3,100.3,100.3,100.3,100,0
SOFR.US,5,20251215,205500,100.3,100.3,100.3,100.3,100,0
SOFR.US,5,20251215,214500,100.3,100.3,100.3,100.3,100,0
SOFR.US,5,20251215,215000,100.3,100.3,100.3,100.3,100,0
SOFR.US,5,20251215,215500,100.3,100.31,100.3,100.31,2949,0
SOFR.US,5,20251216,164000,100.305,100.305,100.305,100.305,100,0
SOFR.US,5,20251216,165500,100.305,100.305,100.305,100.305,200,0
SOFR.US,5,20251216,174500,100.32,100.32,100.32,100.32,1806,0
SOFR.US,5,20251216,180500,100.31,100.31,100.31,100.31,100,0
SOFR.US,5,20251216,182500,100.29,100.29,100.29,100.29,100,0
SOFR.US,5,20251216,194000,100.31,100.31,100.31,100.31,100,0
SOFR.US,5,20251216,204500,100.31,100.31,100.31,100.31,100,0
SOFR.US,5,20251216,215000,100.31,100.31,100.31,100.31,100,0
SOFR.US,5,20251216,215500,100.31,100.31,100.31,100.31,100,0
SOFR.US,5,20251217,155000,100.32,100.32,100.32,100.32,100,0
SOFR.US,5,20251217,164000,100.3,100.3,100.3,100.3,100,0
SOFR.US,5,20251217,172000,100.29,100.29,100.29,100.29,480,0
SOFR.US,5,20251217,184000,100.312,100.312,100.312,100.312,239,0
SOFR.US,5,20251217,193000,100.32,100.32,100.32,100.32,100,0
SOFR.US,5,20251217,212000,100.29,100.29,100.29,100.29,100,0
SOFR.US,5,20251217,214000,100.32,100.32,100.32,100.32,100,0
SOFR.US,5,20251217,215500,100.31,100.4,100.31,100.35,3971,0
SOFR.US,5,20251218,160000,100.33,100.33,100.33,100.33,100,0
SOFR.US,5,20251218,163000,100.33,100.33,100.33,100.33,100,0
SOFR.US,5,20251218,174500,100.32,100.32,100.32,100.32,500,0
SOFR.US,5,20251218,180500,100.34,100.34,100.33,100.33,805,0
SOFR.US,5,20251218,181500,100.33,100.33,100.33,100.33,200,0
SOFR.US,5,20251218,183500,100.35,100.35,100.35,100.35,251,0
SOFR.US,5,20251218,190000,100.46,100.46,100.46,100.46,100,0
SOFR.US,5,20251218,190500,100.3548,100.3548,100.3548,100.3548,600,0
SOFR.US,5,20251218,192000,100.36,100.36,100.36,100.36,100,0
SOFR.US,5,20251218,210500,100.35,100.35,100.35,100.35,223,0
SOFR.US,5,20251218,212500,100.36,100.36,100.36,100.36,100,0
SOFR.US,5,20251218,215500,100.36,100.36,100.36,100.36,669,0
SOFR.US,5,20251219,154000,100.37,100.37,100.37,100.37,100,0
SOFR.US,5,20251219,160000,100.36,100.36,100.36,100.36,100,0
SOFR.US,5,20251219,162500,100.36,100.36,100.36,100.36,100,0
SOFR.US,5,20251219,163000,100.36,100.36,100.36,100.36,100,0
SOFR.US,5,20251219,163500,100.36,100.36,100.36,100.36,100,0
SOFR.US,5,20251219,171000,100.36,100.36,100.36,100.36,150,0
SOFR.US,5,20251219,172000,100.36,100.36,100.36,100.36,200,0
SOFR.US,5,20251219,173000,100.3699,100.3699,100.3699,100.3699,250,0
SOFR.US,5,20251219,182000,100.36,100.36,100.36,100.36,100,0
SOFR.US,5,20251219,193500,100.36,100.36,100.36,100.36,100,0
SOFR.US,5,20251219,194000,100.36,100.36,100.36,100.36,100,0
SOFR.US,5,20251219,202000,100.3473,100.3473,100.3473,100.3473,200,0
SOFR.US,5,20251219,205000,100.36,100.36,100.36,100.36,100,0
SOFR.US,5,20251219,210500,100.36,100.36,100.36,100.36,100,0
SOFR.US,5,20251219,214000,100.365,100.365,100.36,100.36,3905,0
SOFR.US,5,20251219,215000,100.36,100.36,100.36,100.36,100,0
SOFR.US,5,20251219,215500,100.36,100.36,100.36,100.36,2106,0
SOFR.US,5,20251222,160000,100.3404,100.3404,100.3404,100.3404,167,0
SOFR.US,5,20251222,160500,100.3401,100.36,100.3401,100.36,200,0
SOFR.US,5,20251222,170500,100.352,100.352,100.34,100.344,3188,0
SOFR.US,5,20251222,171000,100.348,100.348,100.348,100.348,132,0
SOFR.US,5,20251222,180500,100.36,100.36,100.34,100.34,204,0
SOFR.US,5,20251222,195000,100.36,100.36,100.36,100.36,100,0
SOFR.US,5,20251222,205000,100.37,100.37,100.37,100.37,100,0
SOFR.US,5,20251222,214500,100.36,100.36,100.3401,100.3401,500,0
SOFR.US,5,20251222,215500,100.37,100.38,100.36,100.36,4841,0
