<TICKER>,<PER>,<DATE>,<TIME>,<OPEN>,<HIGH>,<LOW>,<CLOSE>,<VOL>,<OPENINT>
TEN_F.US,5,20250728,154500,26.41,26.41,26.41,26.41,250,0
TEN_F.US,5,20250728,155000,26.37,26.37,26.33,26.33,600,0
TEN_F.US,5,20250728,155500,26.33,26.33,26.33,26.33,600,0
TEN_F.US,5,20250728,161500,26.38,26.38,26.38,26.38,102,0
TEN_F.US,5,20250728,163000,26.38,26.4,26.38,26.4,500,0
TEN_F.US,5,20250728,164000,26.415,26.415,26.415,26.415,100,0
TEN_F.US,5,20250728,165500,26.415,26.415,26.415,26.415,100,0
TEN_F.US,5,20250728,171000,26.41,26.41,26.41,26.41,200,0
TEN_F.US,5,20250728,171500,26.42,26.42,26.42,26.42,510,0
TEN_F.US,5,20250728,173000,26.41,26.41,26.41,26.41,1000,0
TEN_F.US,5,20250728,174000,26.41,26.41,26.41,26.41,100,0
TEN_F.US,5,20250728,180500,26.4,26.4002,26.4,26.4002,200,0
TEN_F.US,5,20250728,181000,26.41,26.41,26.41,26.41,1000,0
TEN_F.US,5,20250728,182000,26.41,26.41,26.41,26.41,500,0
TEN_F.US,5,20250728,190500,26.41,26.41,26.41,26.41,291,0
TEN_F.US,5,20250728,193500,26.3906,26.3906,26.3906,26.3906,300,0
TEN_F.US,5,20250728,204500,26.3944,26.3944,26.3944,26.3944,2154,0
TEN_F.US,5,20250728,205000,26.38,26.38,26.38,26.38,125,0
TEN_F.US,5,20250728,213000,26.3588,26.3588,26.3588,26.3588,149,0
TEN_F.US,5,20250728,213500,26.33,26.3301,26.33,26.33,4414,0
TEN_F.US,5,20250728,214000,26.3636,26.3636,26.3636,26.3636,5925,0
TEN_F.US,5,20250728,214500,26.3622,26.3622,26.3622,26.3622,142,0
TEN_F.US,5,20250728,215500,26.33,26.4,26.3,26.3,2500,0
TEN_F.US,5,20250729,153000,26.49,26.49,26.3,26.3,2312,0
TEN_F.US,5,20250729,160000,26.35,26.4,26.35,26.4,1000,0
TEN_F.US,5,20250729,165500,26.39,26.39,26.39,26.39,100,0
TEN_F.US,5,20250729,173500,26.39,26.4,26.39,26.4,719,0
TEN_F.US,5,20250729,175500,26.4,26.4,26.4,26.4,100,0
TEN_F.US,5,20250729,184000,26.31,26.31,26.3,26.31,925,0
TEN_F.US,5,20250729,184500,26.2928,26.2928,26.2928,26.2928,200,0
TEN_F.US,5,20250729,185500,26.26,26.27,26.26,26.27,600,0
TEN_F.US,5,20250729,194000,26.25,26.25,26.13,26.13,1600,0
TEN_F.US,5,20250729,194500,26.14,26.2,26.14,26.18,600,0
TEN_F.US,5,20250729,201500,26.29,26.29,26.29,26.29,100,0
TEN_F.US,5,20250729,202000,26.25,26.25,26.2,26.23,300,0
TEN_F.US,5,20250729,203000,26.2,26.2,26.2,26.2,100,0
TEN_F.US,5,20250729,214500,26.18,26.18,26.18,26.18,100,0
TEN_F.US,5,20250730,155500,26.25,26.25,26.25,26.25,500,0
TEN_F.US,5,20250730,161000,26.3,26.3,26.3,26.3,190,0
TEN_F.US,5,20250730,163000,26.3,26.3,26.3,26.3,200,0
TEN_F.US,5,20250730,164500,26.28,26.3,26.28,26.3,300,0
TEN_F.US,5,20250730,172500,26.3,26.3,26.3,26.3,100,0
TEN_F.US,5,20250730,184000,26.3455,26.3455,26.3455,26.3455,380,0
TEN_F.US,5,20250730,184500,26.35,26.36,26.35,26.35,900,0
TEN_F.US,5,20250730,190000,26.35,26.35,26.35,26.35,100,0
TEN_F.US,5,20250730,192000,26.35,26.3505,26.35,26.3505,400,0
TEN_F.US,5,20250730,193500,26.3567,26.3567,26.3567,26.3567,100,0
TEN_F.US,5,20250730,194000,26.3999,26.3999,26.3999,26.3999,276,0
TEN_F.US,5,20250730,201000,26.3165,26.3165,26.3165,26.3165,604,0
TEN_F.US,5,20250731,153000,26.45,26.45,26.28,26.28,2630,0
TEN_F.US,5,20250731,155000,26.2826,26.2826,26.2826,26.2826,140,0
TEN_F.US,5,20250731,162000,26.2517,26.2517,26.25,26.25,1000,0
TEN_F.US,5,20250731,184000,26.32,26.32,26.32,26.32,300,0
TEN_F.US,5,20250731,190000,26.3109,26.3109,26.31,26.31,280,0
TEN_F.US,5,20250731,195000,26.3458,26.3458,26.3458,26.3458,800,0
TEN_F.US,5,20250731,205000,26.3856,26.4,26.3856,26.4,500,0
TEN_F.US,5,20250731,210500,26.399,26.399,26.399,26.399,100,0
TEN_F.US,5,20250731,212000,26.4,26.4,26.4,26.4,100,0
TEN_F.US,5,20250731,213000,26.36,26.36,26.36,26.36,100,0
TEN_F.US,5,20250731,215000,26.35,26.35,26.35,26.35,300,0
TEN_F.US,5,20250731,215500,26.35,26.35,26.35,26.35,330,0
TEN_F.US,5,20250801,153500,26.4,26.4,26.4,26.4,1900,0
TEN_F.US,5,20250801,154000,26.4,26.4,26.4,26.4,200,0
TEN_F.US,5,20250801,154500,26.4,26.4,26.4,26.4,210,0
TEN_F.US,5,20250801,155000,26.405,26.405,26.4,26.4,520,0
TEN_F.US,5,20250801,164500,26.4,26.41,26.4,26.41,1181,0
TEN_F.US,5,20250801,172000,26.338,26.338,26.335,26.335,500,0
TEN_F.US,5,20250801,172500,26.4085,26.41,26.4085,26.41,1000,0
TEN_F.US,5,20250801,174500,26.38,26.38,26.38,26.38,100,0
TEN_F.US,5,20250801,180000,26.39,26.39,26.39,26.39,208,0
TEN_F.US,5,20250801,183500,26.35,26.35,26.35,26.35,100,0
TEN_F.US,5,20250801,192500,26.3922,26.4,26.3703,26.3703,1700,0
TEN_F.US,5,20250801,210000,26.31,26.31,26.31,26.31,300,0
TEN_F.US,5,20250801,213500,26.3201,26.3201,26.3201,26.3201,500,0
TEN_F.US,5,20250801,214000,26.33,26.33,26.32,26.3208,685,0
TEN_F.US,5,20250804,153000,26.4016,26.4016,26.4016,26.4016,100,0
TEN_F.US,5,20250804,160000,26.4,26.4,26.4,26.4,326,0
TEN_F.US,5,20250804,160500,26.41,26.41,26.41,26.41,2115,0
TEN_F.US,5,20250804,161500,26.41,26.41,26.41,26.41,300,0
TEN_F.US,5,20250804,163500,26.4,26.4,26.4,26.4,350,0
TEN_F.US,5,20250804,164000,26.41,26.41,26.41,26.41,100,0
TEN_F.US,5,20250804,170500,26.41,26.41,26.41,26.41,100,0
TEN_F.US,5,20250804,171500,26.4049,26.4049,26.4049,26.4049,350,0
TEN_F.US,5,20250804,173000,26.39,26.39,26.39,26.39,100,0
TEN_F.US,5,20250804,180000,26.41,26.41,26.41,26.41,1100,0
TEN_F.US,5,20250804,184500,26.41,26.41,26.41,26.41,800,0
TEN_F.US,5,20250804,191000,26.41,26.41,26.41,26.41,100,0
TEN_F.US,5,20250804,214000,26.4,26.4,26.4,26.4,300,0
TEN_F.US,5,20250804,215500,26.4,26.4,26.4,26.4,100,0
TEN_F.US,5,20250805,153000,26.41,26.52,26.41,26.52,6440,0
TEN_F.US,5,20250805,153500,26.5,26.5,26.5,26.5,2178,0
TEN_F.US,5,20250805,155000,26.46,26.46,26.41,26.41,2038,0
TEN_F.US,5,20250805,160000,26.39,26.39,26.37,26.37,500,0
TEN_F.US,5,20250805,160500,26.41,26.41,26.41,26.41,1000,0
TEN_F.US,5,20250805,161500,26.41,26.51,26.41,26.51,900,0
TEN_F.US,5,20250805,162000,26.38,26.38,26.38,26.38,500,0
TEN_F.US,5,20250805,172000,26.3786,26.3786,26.3786,26.3786,120,0
TEN_F.US,5,20250805,175000,26.4,26.4,26.4,26.4,100,0
TEN_F.US,5,20250805,185500,26.35,26.35,26.35,26.35,300,0
TEN_F.US,5,20250805,200500,26.38,26.38,26.38,26.38,126,0
TEN_F.US,5,20250805,203500,26.37,26.37,26.37,26.37,424,0
TEN_F.US,5,20250805,212000,26.35,26.35,26.35,26.35,100,0
TEN_F.US,5,20250806,153000,26.41,26.41,26.41,26.41,700,0
TEN_F.US,5,20250806,153500,26.41,26.41,26.41,26.41,100,0
TEN_F.US,5,20250806,162500,26.351,26.38,26.351,26.38,260,0
TEN_F.US,5,20250806,163500,26.3501,26.41,26.3501,26.41,800,0
TEN_F.US,5,20250806,171500,26.35,26.36,26.35,26.36,200,0
TEN_F.US,5,20250806,180000,26.379,26.379,26.379,26.379,300,0
TEN_F.US,5,20250806,190000,26.361,26.37,26.361,26.37,436,0
TEN_F.US,5,20250806,213500,26.389,26.389,26.389,26.389,300,0
TEN_F.US,5,20250807,160000,26.41,26.41,26.41,26.41,100,0
TEN_F.US,5,20250807,163000,26.35,26.35,26.35,26.35,200,0
TEN_F.US,5,20250807,164500,26.4022,26.4022,26.4022,26.4022,300,0
TEN_F.US,5,20250807,191000,26.41,26.41,26.4074,26.4099,1700,0
TEN_F.US,5,20250807,191500,26.41,26.41,26.4099,26.4099,800,0
TEN_F.US,5,20250807,194000,26.43,26.43,26.43,26.43,100,0
TEN_F.US,5,20250807,204000,26.45,26.45,26.45,26.45,200,0
TEN_F.US,5,20250807,212000,26.48,26.5,26.4644,26.47,1200,0
TEN_F.US,5,20250807,213000,26.465,26.5,26.4356,26.4356,2400,0
TEN_F.US,5,20250808,154500,26.4,26.4,26.35,26.35,2700,0
TEN_F.US,5,20250808,160000,26.44,26.44,26.44,26.44,200,0
TEN_F.US,5,20250808,165000,26.4709,26.4709,26.4709,26.4709,400,0
TEN_F.US,5,20250808,165500,26.426,26.426,26.426,26.426,150,0
TEN_F.US,5,20250808,170000,26.4899,26.4899,26.4899,26.4899,100,0
TEN_F.US,5,20250808,181500,26.4666,26.4666,26.4666,26.4666,100,0
TEN_F.US,5,20250808,213500,26.43,26.43,26.43,26.43,100,0
TEN_F.US,5,20250811,163000,26.4902,26.4993,26.4902,26.4993,239,0
TEN_F.US,5,20250811,194000,26.46,26.46,26.46,26.46,100,0
TEN_F.US,5,20250811,195500,26.46,26.46,26.46,26.46,250,0
TEN_F.US,5,20250811,211000,26.43,26.4555,26.43,26.4555,7500,0
TEN_F.US,5,20250811,212000,26.49,26.49,26.4894,26.4894,400,0
TEN_F.US,5,20250812,153000,26.49,26.49,26.49,26.49,499,0
TEN_F.US,5,20250812,172000,26.48,26.48,26.48,26.48,100,0
TEN_F.US,5,20250812,174000,26.4403,26.457,26.43,26.457,2356,0
TEN_F.US,5,20250812,185000,26.4498,26.4498,26.4498,26.4498,167,0
TEN_F.US,5,20250812,191500,26.456,26.456,26.456,26.456,184,0
TEN_F.US,5,20250812,211500,26.4492,26.45,26.4492,26.45,200,0
TEN_F.US,5,20250813,192000,26.41,26.45,26.4,26.4001,3050,0
TEN_F.US,5,20250813,201500,26.4,26.4,26.4,26.4,100,0
TEN_F.US,5,20250813,204500,26.4,26.4,26.4,26.4,100,0
TEN_F.US,5,20250813,214500,26.3544,26.3544,26.3544,26.3544,112,0
TEN_F.US,5,20250814,154500,26.49,26.49,26.49,26.49,100,0
TEN_F.US,5,20250814,161000,26.36,26.36,26.36,26.36,151,0
TEN_F.US,5,20250814,165500,26.3785,26.3785,26.3785,26.3785,1500,0
TEN_F.US,5,20250814,172000,26.38,26.38,26.38,26.38,500,0
TEN_F.US,5,20250814,174000,26.3859,26.3859,26.3859,26.3859,189,0
TEN_F.US,5,20250814,174500,26.36,26.3601,26.36,26.36,764,0
TEN_F.US,5,20250814,180000,26.36,26.36,26.36,26.36,139,0
TEN_F.US,5,20250814,202500,26.38,26.51,26.3799,26.51,1200,0
TEN_F.US,5,20250814,212500,26.41,26.455,26.4,26.455,773,0
TEN_F.US,5,20250815,164500,26.49,26.49,26.49,26.49,200,0
TEN_F.US,5,20250815,165500,26.4965,26.5,26.4965,26.5,650,0
TEN_F.US,5,20250815,171000,26.5,26.5,26.4959,26.4959,300,0
TEN_F.US,5,20250815,171500,26.4949,26.4949,26.4949,26.4949,146,0
TEN_F.US,5,20250815,174000,26.51,26.51,26.5099,26.5099,500,0
TEN_F.US,5,20250815,195500,26.5,26.5,26.5,26.5,378,0
TEN_F.US,5,20250815,205000,26.5,26.5,26.47,26.47,643,0
TEN_F.US,5,20250815,212000,26.5,26.5,26.5,26.5,100,0
TEN_F.US,5,20250815,213000,26.51,26.51,26.4103,26.455,1600,0
TEN_F.US,5,20250815,215000,26.48,26.48,26.48,26.48,283,0
TEN_F.US,5,20250818,155000,26.4985,26.4985,26.4985,26.4985,200,0
TEN_F.US,5,20250818,170500,26.4,26.4011,26.35,26.39,3200,0
TEN_F.US,5,20250818,182500,26.39,26.39,26.39,26.39,500,0
TEN_F.US,5,20250818,190000,26.4,26.4,26.4,26.4,301,0
TEN_F.US,5,20250818,191500,26.3943,26.3943,26.3943,26.3943,123,0
TEN_F.US,5,20250818,202000,26.42,26.42,26.42,26.42,100,0
TEN_F.US,5,20250818,213500,26.4532,26.4532,26.3633,26.3633,3790,0
TEN_F.US,5,20250818,214500,26.36,26.36,26.36,26.36,125,0
TEN_F.US,5,20250819,155000,26.445,26.445,26.445,26.445,377,0
TEN_F.US,5,20250819,162000,26.46,26.46,26.46,26.46,3103,0
TEN_F.US,5,20250819,162500,26.46,26.46,26.46,26.46,100,0
TEN_F.US,5,20250819,164500,26.46,26.46,26.4597,26.4597,800,0
TEN_F.US,5,20250819,174000,26.46,26.46,26.46,26.46,133,0
TEN_F.US,5,20250819,175000,26.47,26.475,26.47,26.475,292,0
TEN_F.US,5,20250819,175500,26.485,26.485,26.47,26.4703,400,0
TEN_F.US,5,20250819,180000,26.46,26.4651,26.46,26.46,683,0
TEN_F.US,5,20250819,181000,26.47,26.47,26.47,26.47,500,0
TEN_F.US,5,20250819,181500,26.47,26.47,26.47,26.47,100,0
TEN_F.US,5,20250819,182000,26.6,26.6,26.6,26.6,1603,0
TEN_F.US,5,20250819,182500,26.53,26.53,26.53,26.53,100,0
TEN_F.US,5,20250819,183500,26.528,26.528,26.528,26.528,481,0
TEN_F.US,5,20250819,212000,26.48,26.48,26.48,26.48,500,0
TEN_F.US,5,20250819,213000,26.48,26.48,26.45,26.48,734,0
TEN_F.US,5,20250820,183000,26.5413,26.5413,26.5413,26.5413,714,0
TEN_F.US,5,20250820,185000,26.5212,26.5212,26.5212,26.5212,100,0
TEN_F.US,5,20250820,215500,26.45,26.45,26.43,26.45,1573,0
TEN_F.US,5,20250821,163500,26.47,26.47,26.45,26.45,1000,0
TEN_F.US,5,20250821,171500,26.45,26.4828,26.45,26.4828,2000,0
TEN_F.US,5,20250821,172000,26.41,26.41,26.41,26.41,445,0
TEN_F.US,5,20250821,173500,26.4084,26.5,26.4084,26.5,4586,0
TEN_F.US,5,20250821,175000,26.5,26.5,26.5,26.5,1080,0
TEN_F.US,5,20250822,170000,26.6772,26.6772,26.6772,26.6772,200,0
TEN_F.US,5,20250822,174000,26.599,26.599,26.599,26.599,200,0
TEN_F.US,5,20250822,180000,26.5567,26.5567,26.5567,26.5567,200,0
TEN_F.US,5,20250822,181000,26.59,26.6,26.59,26.6,429,0
TEN_F.US,5,20250822,201500,26.545,26.545,26.545,26.545,500,0
TEN_F.US,5,20250822,210500,26.589,26.589,26.589,26.589,130,0
TEN_F.US,5,20250822,212000,26.54,26.58,26.54,26.562,400,0
TEN_F.US,5,20250822,214500,26.54,26.54,26.54,26.54,177,0
TEN_F.US,5,20250825,160000,26.71,26.71,26.71,26.71,400,0
TEN_F.US,5,20250825,161000,26.7,26.7,26.7,26.7,100,0
TEN_F.US,5,20250825,173500,26.7,26.7,26.7,26.7,100,0
TEN_F.US,5,20250825,175000,26.62,26.62,26.62,26.62,100,0
TEN_F.US,5,20250825,215000,26.55,26.5501,26.41,26.44,5141,0
TEN_F.US,5,20250825,215500,26.49,26.49,26.49,26.49,200,0
TEN_F.US,5,20250826,155000,26.5804,26.5804,26.5804,26.5804,100,0
TEN_F.US,5,20250826,161000,26.535,26.535,26.535,26.535,116,0
TEN_F.US,5,20250826,182500,26.5,26.5,26.5,26.5,200,0
TEN_F.US,5,20250826,183500,26.4939,26.4939,26.4939,26.4939,200,0
TEN_F.US,5,20250826,185000,26.51,26.51,26.51,26.51,100,0
TEN_F.US,5,20250826,190000,26.51,26.51,26.51,26.51,100,0
TEN_F.US,5,20250826,195500,26.5804,26.5847,26.5804,26.5847,518,0
TEN_F.US,5,20250826,215500,26.5573,26.5573,26.5573,26.5573,2000,0
TEN_F.US,5,20250827,200500,26.59,26.59,26.59,26.59,100,0
TEN_F.US,5,20250827,213000,26.5762,26.5762,26.5762,26.5762,3000,0
TEN_F.US,5,20250827,213500,26.56,26.56,26.5,26.5269,1732,0
TEN_F.US,5,20250827,214500,26.5202,26.5202,26.5202,26.5202,140,0
TEN_F.US,5,20250827,215500,26.55,26.55,26.55,26.55,200,0
TEN_F.US,5,20250828,164000,26.575,26.575,26.55,26.55,400,0
TEN_F.US,5,20250828,185500,26.55,26.55,26.55,26.55,900,0
TEN_F.US,5,20250828,194000,26.5646,26.5646,26.5646,26.5646,200,0
TEN_F.US,5,20250828,215000,26.5604,26.5604,26.55,26.5604,1000,0
TEN_F.US,5,20250829,184000,26.55,26.55,26.55,26.55,100,0
TEN_F.US,5,20250902,153000,26.5,26.5,26.5,26.5,100,0
TEN_F.US,5,20250902,155500,26.53,26.53,26.53,26.53,350,0
TEN_F.US,5,20250902,162000,26.52,26.526,26.5,26.52,2550,0
TEN_F.US,5,20250902,165000,26.5105,26.5105,26.5105,26.5105,119,0
TEN_F.US,5,20250902,171500,26.535,26.535,26.535,26.535,100,0
TEN_F.US,5,20250902,172000,26.51,26.51,26.51,26.51,260,0
TEN_F.US,5,20250902,213000,26.5561,26.56,26.5561,26.56,700,0
TEN_F.US,5,20250903,154000,26.53,26.6,26.53,26.6,2500,0
TEN_F.US,5,20250903,154500,26.6,26.6,26.6,26.6,100,0
TEN_F.US,5,20250903,160000,26.58,26.58,26.55,26.55,600,0
TEN_F.US,5,20250903,163500,26.57,26.57,26.57,26.57,120,0
TEN_F.US,5,20250903,165000,26.59,26.59,26.59,26.59,200,0
TEN_F.US,5,20250903,170000,26.51,26.55,26.47,26.55,3435,0
TEN_F.US,5,20250903,170500,26.56,26.56,26.56,26.56,100,0
TEN_F.US,5,20250903,180500,26.52,26.52,26.52,26.52,100,0
TEN_F.US,5,20250903,184500,26.52,26.52,26.52,26.52,100,0
TEN_F.US,5,20250903,201500,26.51,26.51,26.51,26.51,260,0
TEN_F.US,5,20250903,203000,26.5069,26.5069,26.5069,26.5069,100,0
TEN_F.US,5,20250903,210000,26.52,26.52,26.52,26.52,100,0
TEN_F.US,5,20250903,210500,26.539,26.539,26.539,26.539,488,0
TEN_F.US,5,20250903,213000,26.5,26.5124,26.5,26.5124,1753,0
TEN_F.US,5,20250904,155500,26.55,26.55,26.55,26.55,100,0
TEN_F.US,5,20250904,160000,26.52,26.52,26.5,26.5,200,0
TEN_F.US,5,20250904,162000,26.53,26.53,26.53,26.53,100,0
TEN_F.US,5,20250904,163000,26.55,26.55,26.55,26.55,100,0
TEN_F.US,5,20250904,183000,26.59,26.59,26.59,26.59,300,0
TEN_F.US,5,20250904,183500,26.58,26.65,26.56,26.58,7274,0
TEN_F.US,5,20250904,185500,26.5584,26.5584,26.5584,26.5584,200,0
TEN_F.US,5,20250904,191000,26.6,26.65,26.6,26.6379,900,0
TEN_F.US,5,20250904,193000,26.64,26.69,26.64,26.67,613,0
TEN_F.US,5,20250904,200500,26.65,26.65,26.64,26.64,798,0
TEN_F.US,5,20250904,201500,26.66,26.66,26.66,26.66,100,0
TEN_F.US,5,20250904,203000,26.64,26.64,26.64,26.64,600,0
TEN_F.US,5,20250904,203500,26.68,26.69,26.68,26.69,2571,0
TEN_F.US,5,20250904,204500,26.68,26.7,26.68,26.7,4105,0
TEN_F.US,5,20250904,205000,26.69,26.69,26.69,26.69,579,0
TEN_F.US,5,20250904,205500,26.645,26.66,26.645,26.66,600,0
TEN_F.US,5,20250904,210000,26.68,26.7,26.68,26.7,300,0
TEN_F.US,5,20250904,211500,26.71,26.71,26.71,26.71,200,0
TEN_F.US,5,20250904,212000,26.7,26.7,26.7,26.7,1530,0
TEN_F.US,5,20250904,213000,26.6916,26.6916,26.6916,26.6916,2500,0
TEN_F.US,5,20250904,214500,26.615,26.615,26.615,26.615,200,0
TEN_F.US,5,20250904,215500,26.7,26.7001,26.7,26.7001,1400,0
TEN_F.US,5,20250905,154500,26.72,26.72,26.72,26.72,150,0
TEN_F.US,5,20250905,155000,26.69,26.72,26.69,26.72,701,0
TEN_F.US,5,20250905,160000,26.72,26.72,26.72,26.72,100,0
TEN_F.US,5,20250905,162000,26.72,26.72,26.72,26.72,597,0
TEN_F.US,5,20250905,163000,26.7446,26.7446,26.7446,26.7446,500,0
TEN_F.US,5,20250905,164500,26.7006,26.7006,26.7,26.7,650,0
TEN_F.US,5,20250905,165500,26.75,26.75,26.75,26.75,100,0
TEN_F.US,5,20250905,173000,26.73,26.73,26.71,26.7246,3200,0
TEN_F.US,5,20250905,174500,26.72,26.72,26.72,26.72,200,0
TEN_F.US,5,20250905,183500,26.74,26.74,26.74,26.74,100,0
TEN_F.US,5,20250905,190000,26.75,26.75,26.7443,26.7443,2250,0
TEN_F.US,5,20250905,203000,26.723,26.723,26.723,26.723,100,0
TEN_F.US,5,20250905,204500,26.75,26.75,26.7499,26.7499,1850,0
TEN_F.US,5,20250905,210500,26.75,26.75,26.75,26.75,100,0
TEN_F.US,5,20250905,215500,26.72,26.72,26.72,26.72,100,0
TEN_F.US,5,20250908,164500,26.7,26.7,26.7,26.7,100,0
TEN_F.US,5,20250908,171500,26.7178,26.7178,26.7178,26.7178,500,0
TEN_F.US,5,20250908,172000,26.68,26.68,26.68,26.68,100,0
TEN_F.US,5,20250908,173500,26.6168,26.6168,26.6168,26.6168,920,0
TEN_F.US,5,20250908,174000,26.63,26.63,26.63,26.63,100,0
TEN_F.US,5,20250908,174500,26.68,26.68,26.68,26.68,100,0
TEN_F.US,5,20250908,175000,26.68,26.68,26.68,26.68,100,0
TEN_F.US,5,20250908,191000,26.71,26.72,26.71,26.72,2101,0
TEN_F.US,5,20250908,193000,26.76,26.8,26.76,26.7996,300,0
TEN_F.US,5,20250908,194000,26.76,26.76,26.75,26.75,676,0
TEN_F.US,5,20250908,194500,26.75,26.78,26.75,26.78,1780,0
TEN_F.US,5,20250908,200000,26.73,26.73,26.73,26.73,1901,0
TEN_F.US,5,20250908,202000,26.78,26.78,26.7795,26.7795,600,0
TEN_F.US,5,20250908,205500,26.78,26.8,26.78,26.8,1170,0
TEN_F.US,5,20250908,210000,26.7952,26.8,26.7952,26.8,1100,0
TEN_F.US,5,20250908,210500,26.8,26.8,26.8,26.8,2894,0
TEN_F.US,5,20250908,211000,26.82,26.82,26.82,26.82,100,0
TEN_F.US,5,20250908,213000,26.8108,26.8108,26.8108,26.8108,192,0
TEN_F.US,5,20250908,213500,26.8,26.8,26.79,26.7903,5000,0
TEN_F.US,5,20250908,214000,26.8,26.8,26.8,26.8,2269,0
TEN_F.US,5,20250909,162000,26.735,26.735,26.735,26.735,100,0
TEN_F.US,5,20250909,162500,26.74,26.74,26.74,26.74,200,0
TEN_F.US,5,20250909,165500,26.77,26.77,26.77,26.77,100,0
TEN_F.US,5,20250909,175500,26.8,26.8,26.7995,26.7995,200,0
TEN_F.US,5,20250909,180000,26.8,26.8,26.7995,26.7995,200,0
TEN_F.US,5,20250909,185500,26.76,26.76,26.75,26.75,200,0
TEN_F.US,5,20250909,190500,26.77,26.77,26.77,26.77,100,0
TEN_F.US,5,20250909,191000,26.7794,26.7794,26.7794,26.7794,370,0
TEN_F.US,5,20250909,192000,26.78,26.78,26.75,26.75,300,0
TEN_F.US,5,20250909,200000,26.75,26.75,26.71,26.71,200,0
TEN_F.US,5,20250909,200500,26.66,26.73,26.66,26.73,500,0
TEN_F.US,5,20250909,201000,26.74,26.74,26.74,26.74,100,0
TEN_F.US,5,20250909,204500,26.76,26.8046,26.76,26.8046,3350,0
TEN_F.US,5,20250909,205000,26.81,26.83,26.81,26.83,892,0
TEN_F.US,5,20250909,210500,26.8,26.8,26.8,26.8,100,0
TEN_F.US,5,20250909,211000,26.8,26.8,26.8,26.8,299,0
TEN_F.US,5,20250909,212000,26.82,26.83,26.81,26.83,10266,0
TEN_F.US,5,20250909,212500,26.85,26.85,26.84,26.84,5875,0
TEN_F.US,5,20250909,214000,26.84,26.8401,26.84,26.8401,2500,0
TEN_F.US,5,20250909,214500,26.84,26.85,26.84,26.84,4125,0
TEN_F.US,5,20250909,215000,26.84,26.84,26.84,26.84,100,0
TEN_F.US,5,20250909,215500,26.85,26.865,26.815,26.865,2408,0
TEN_F.US,5,20250910,154500,26.88,26.88,26.88,26.88,100,0
TEN_F.US,5,20250910,155000,26.88,26.88,26.88,26.88,100,0
TEN_F.US,5,20250910,162000,26.88,26.88,26.88,26.88,100,0
TEN_F.US,5,20250910,163500,26.88,26.88,26.865,26.865,248,0
TEN_F.US,5,20250910,170000,26.865,26.865,26.865,26.865,200,0
TEN_F.US,5,20250910,172500,26.88,26.88,26.88,26.88,115,0
TEN_F.US,5,20250910,182000,26.88,26.88,26.88,26.88,251,0
TEN_F.US,5,20250910,190500,26.88,26.88,26.88,26.88,100,0
TEN_F.US,5,20250910,205000,26.8742,26.8742,26.8742,26.8742,141,0
TEN_F.US,5,20250910,211000,26.8503,26.8503,26.8503,26.8503,2000,0
TEN_F.US,5,20250910,211500,26.8655,26.8655,26.8655,26.8655,1000,0
TEN_F.US,5,20250910,213500,26.87,26.87,26.87,26.87,100,0
TEN_F.US,5,20250910,214500,26.85,26.85,26.85,26.85,1244,0
TEN_F.US,5,20250910,215000,26.85,26.85,26.85,26.85,500,0
TEN_F.US,5,20250911,154000,26.93,26.93,26.93,26.93,400,0
TEN_F.US,5,20250911,154500,26.94,26.94,26.94,26.94,100,0
TEN_F.US,5,20250911,155000,26.99,26.99,26.99,26.99,100,0
TEN_F.US,5,20250911,160500,26.95,26.95,26.95,26.95,100,0
TEN_F.US,5,20250911,161000,26.91,26.91,26.91,26.91,100,0
TEN_F.US,5,20250911,172000,26.91,26.91,26.91,26.91,100,0
TEN_F.US,5,20250911,172500,26.91,26.9136,26.91,26.9136,200,0
TEN_F.US,5,20250911,173500,26.91,26.91,26.9,26.9,400,0
TEN_F.US,5,20250911,174000,26.91,26.91,26.91,26.91,100,0
TEN_F.US,5,20250911,183000,26.9,26.9,26.9,26.9,14900,0
TEN_F.US,5,20250911,185000,26.9,26.9,26.755,26.755,3619,0
TEN_F.US,5,20250911,193000,26.89,26.89,26.89,26.89,300,0
TEN_F.US,5,20250912,160000,26.9,26.9,26.9,26.9,400,0
TEN_F.US,5,20250912,162500,26.9,26.9,26.875,26.9,743,0
TEN_F.US,5,20250912,163000,26.9,26.9,26.9,26.9,496,0
TEN_F.US,5,20250912,164000,26.9,26.92,26.9,26.92,500,0
TEN_F.US,5,20250912,175500,26.912,26.912,26.912,26.912,112,0
TEN_F.US,5,20250912,180500,26.8705,26.8705,26.8705,26.8705,300,0
TEN_F.US,5,20250912,181000,26.895,26.895,26.89,26.89,600,0
TEN_F.US,5,20250912,184500,26.89,26.89,26.89,26.89,275,0
TEN_F.US,5,20250912,213500,26.8701,26.8701,26.85,26.85,1500,0
TEN_F.US,5,20250912,214000,26.8505,26.8505,26.85,26.85,1100,0
TEN_F.US,5,20250915,153500,26.8601,26.9,26.8601,26.9,200,0
TEN_F.US,5,20250915,171000,26.86,26.86,26.86,26.86,362,0
TEN_F.US,5,20250915,181000,26.86,26.86,26.86,26.86,100,0
TEN_F.US,5,20250915,192500,26.89,26.89,26.89,26.89,100,0
TEN_F.US,5,20250915,204500,26.91,26.91,26.91,26.91,100,0
TEN_F.US,5,20250915,214500,26.88,26.88,26.88,26.88,100,0
TEN_F.US,5,20250915,215500,26.88,26.89,26.85,26.8504,3445,0
TEN_F.US,5,20250916,161000,26.87,26.87,26.87,26.87,100,0
TEN_F.US,5,20250916,161500,26.89,26.89,26.89,26.89,100,0
TEN_F.US,5,20250916,173000,26.89,26.89,26.89,26.89,200,0
TEN_F.US,5,20250916,175000,26.875,26.875,26.875,26.875,100,0
TEN_F.US,5,20250916,180000,26.875,26.875,26.875,26.875,265,0
TEN_F.US,5,20250916,183000,26.86,26.86,26.86,26.86,100,0
TEN_F.US,5,20250916,200000,26.85,26.85,26.85,26.85,100,0
TEN_F.US,5,20250917,160500,26.85,26.85,26.85,26.85,100,0
TEN_F.US,5,20250917,161500,26.89,26.9,26.89,26.9,200,0
TEN_F.US,5,20250917,162000,26.9,26.9,26.9,26.9,200,0
TEN_F.US,5,20250917,170500,26.8999,26.8999,26.8999,26.8999,189,0
TEN_F.US,5,20250917,202000,26.85,26.85,26.8,26.84,1200,0
TEN_F.US,5,20250918,164000,26.84,26.84,26.84,26.84,100,0
TEN_F.US,5,20250918,165500,26.81,26.87,26.81,26.87,400,0
TEN_F.US,5,20250918,174500,26.87,26.87,26.87,26.87,122,0
TEN_F.US,5,20250918,205500,26.87,26.89,26.87,26.8875,1068,0
TEN_F.US,5,20250919,153500,26.8849,26.8849,26.8849,26.8849,400,0
TEN_F.US,5,20250919,160500,26.88,26.92,26.88,26.92,1342,0
TEN_F.US,5,20250919,161000,26.95,26.95,26.95,26.95,100,0
TEN_F.US,5,20250919,162500,26.95,26.95,26.84,26.84,200,0
TEN_F.US,5,20250919,170000,26.86,26.92,26.86,26.92,200,0
TEN_F.US,5,20250919,175000,26.8944,26.8944,26.8944,26.8944,267,0
TEN_F.US,5,20250919,181000,26.94,26.94,26.94,26.94,100,0
TEN_F.US,5,20250919,182000,26.82,26.82,26.82,26.82,100,0
TEN_F.US,5,20250919,182500,26.82,26.83,26.82,26.82,700,0
TEN_F.US,5,20250919,184000,26.83,26.84,26.8,26.801,14370,0
TEN_F.US,5,20250919,215500,26.85,26.85,26.85,26.85,160,0
TEN_F.US,5,20250922,165000,26.91,26.91,26.87,26.87,400,0
TEN_F.US,5,20250922,165500,26.86,26.91,26.75,26.9,2100,0
TEN_F.US,5,20250922,170000,26.9,26.9,26.9,26.9,200,0
TEN_F.US,5,20250922,170500,26.8961,26.8961,26.8961,26.8961,100,0
TEN_F.US,5,20250922,175500,26.8775,26.8843,26.8775,26.8843,350,0
TEN_F.US,5,20250922,180000,26.875,26.875,26.86,26.8601,1500,0
TEN_F.US,5,20250922,200000,26.8412,26.8412,26.8412,26.8412,350,0
TEN_F.US,5,20250922,201500,26.82,26.82,26.82,26.82,100,0
TEN_F.US,5,20250922,202500,26.84,26.84,26.84,26.84,100,0
TEN_F.US,5,20250922,203000,26.83,26.83,26.83,26.83,100,0
TEN_F.US,5,20250922,213500,26.83,26.83,26.83,26.83,400,0
TEN_F.US,5,20250922,215000,26.84,26.84,26.82,26.82,804,0
TEN_F.US,5,20250923,155000,26.8487,26.8487,26.8487,26.8487,150,0
TEN_F.US,5,20250923,155500,26.86,26.86,26.86,26.86,200,0
TEN_F.US,5,20250923,162500,26.82,26.82,26.82,26.82,266,0
TEN_F.US,5,20250923,172000,26.76,26.76,26.76,26.76,100,0
TEN_F.US,5,20250923,181000,26.78,26.78,26.78,26.78,600,0
TEN_F.US,5,20250923,185000,26.8,26.8,26.8,26.8,200,0
TEN_F.US,5,20250923,192000,26.83,26.83,26.83,26.83,200,0
TEN_F.US,5,20250923,202000,26.84,26.84,26.84,26.84,100,0
TEN_F.US,5,20250923,202500,26.83,26.83,26.83,26.83,300,0
TEN_F.US,5,20250923,203000,26.83,26.83,26.83,26.83,400,0
TEN_F.US,5,20250923,203500,26.83,26.83,26.83,26.83,200,0
TEN_F.US,5,20250923,204000,26.8056,26.8056,26.8056,26.8056,150,0
TEN_F.US,5,20250923,204500,26.8,26.8,26.8,26.8,172,0
TEN_F.US,5,20250924,162500,26.82,26.82,26.82,26.82,200,0
TEN_F.US,5,20250924,171000,26.84,26.84,26.8399,26.8399,200,0
TEN_F.US,5,20250924,182500,26.8346,26.8346,26.8346,26.8346,341,0
TEN_F.US,5,20250924,191500,26.82,26.83,26.82,26.83,800,0
TEN_F.US,5,20250924,192500,26.84,26.84,26.84,26.84,100,0
TEN_F.US,5,20250924,193000,26.82,26.82,26.82,26.82,100,0
TEN_F.US,5,20250924,201000,26.8102,26.8102,26.8102,26.8102,186,0
TEN_F.US,5,20250924,201500,26.84,26.84,26.84,26.84,100,0
TEN_F.US,5,20250924,211000,26.8107,26.8107,26.775,26.775,1500,0
TEN_F.US,5,20250924,213000,26.82,26.82,26.82,26.82,100,0
TEN_F.US,5,20250925,162500,26.8438,26.8438,26.8438,26.8438,372,0
TEN_F.US,5,20250925,171500,26.82,26.82,26.82,26.82,400,0
TEN_F.US,5,20250925,180000,26.8152,26.8152,26.8152,26.8152,168,0
TEN_F.US,5,20250925,183500,26.8592,26.8592,26.8592,26.8592,720,0
TEN_F.US,5,20250925,190000,26.82,26.82,26.82,26.82,594,0
TEN_F.US,5,20250925,204500,26.84,26.84,26.8,26.81,700,0
TEN_F.US,5,20250925,205500,26.8,26.82,26.8,26.82,400,0
TEN_F.US,5,20250925,210000,26.83,26.83,26.83,26.83,300,0
TEN_F.US,5,20250925,215500,26.8,26.8,26.75,26.7501,2610,0
TEN_F.US,5,20250926,153000,26.75,26.75,26.75,26.75,391,0
TEN_F.US,5,20250926,155000,26.77,26.77,26.77,26.77,100,0
TEN_F.US,5,20250926,155500,26.8,26.8,26.8,26.8,100,0
TEN_F.US,5,20250926,164500,26.7725,26.7834,26.76,26.76,600,0
TEN_F.US,5,20250926,171500,26.78,26.78,26.78,26.78,300,0
TEN_F.US,5,20250926,173000,26.75,26.75,26.75,26.75,282,0
TEN_F.US,5,20250926,175500,26.75,26.75,26.75,26.75,200,0
TEN_F.US,5,20250926,181000,26.75,26.75,26.75,26.75,400,0
TEN_F.US,5,20250926,182000,26.7854,26.7854,26.7854,26.7854,227,0
TEN_F.US,5,20250926,184500,26.75,26.75,26.75,26.75,338,0
TEN_F.US,5,20250926,191000,26.75,26.75,26.74,26.74,1292,0
TEN_F.US,5,20250926,195500,26.5465,26.6318,26.5465,26.6269,1410,0
TEN_F.US,5,20250926,202000,26.55,26.55,26.55,26.55,100,0
TEN_F.US,5,20250926,210000,26.64,26.71,26.64,26.71,1400,0
TEN_F.US,5,20250926,215500,26.7399,26.7399,26.7397,26.7397,1500,0
TEN_F.US,5,20250929,154000,26.8113,26.8113,26.8113,26.8113,628,0
TEN_F.US,5,20250929,163000,26.83,26.83,26.83,26.83,100,0
TEN_F.US,5,20250929,171500,26.66,26.76,26.66,26.76,600,0
TEN_F.US,5,20250929,172000,26.8,26.8,26.8,26.8,200,0
TEN_F.US,5,20250929,173500,26.7798,26.7798,26.7798,26.7798,100,0
TEN_F.US,5,20250929,174500,26.8,26.8,26.8,26.8,100,0
TEN_F.US,5,20250929,175000,26.76,26.775,26.75,26.775,2000,0
TEN_F.US,5,20250929,175500,26.79,26.79,26.79,26.79,100,0
TEN_F.US,5,20250929,181000,26.7824,26.7824,26.7824,26.7824,500,0
TEN_F.US,5,20250929,185500,26.7975,26.7975,26.7975,26.7975,749,0
TEN_F.US,5,20250930,164500,26.75,26.75,26.75,26.75,100,0
TEN_F.US,5,20250930,165000,26.75,26.75,26.75,26.75,734,0
TEN_F.US,5,20250930,165500,26.7446,26.75,26.7446,26.75,1336,0
TEN_F.US,5,20250930,170000,26.75,26.75,26.75,26.75,100,0
TEN_F.US,5,20250930,173500,26.75,26.75,26.75,26.75,1245,0
TEN_F.US,5,20250930,175000,26.75,26.76,26.75,26.76,1080,0
TEN_F.US,5,20250930,182000,26.72,26.72,26.71,26.71,200,0
TEN_F.US,5,20250930,183000,26.78,26.78,26.78,26.78,100,0
TEN_F.US,5,20250930,213500,26.7686,26.7686,26.7686,26.7686,271,0
TEN_F.US,5,20251001,153000,26.78,26.78,26.78,26.78,800,0
TEN_F.US,5,20251001,153500,26.82,26.82,26.82,26.82,200,0
TEN_F.US,5,20251001,160000,26.815,26.815,26.815,26.815,104,0
TEN_F.US,5,20251001,160500,26.86,26.86,26.85,26.85,300,0
TEN_F.US,5,20251001,171000,26.8399,26.8399,26.8399,26.8399,180,0
TEN_F.US,5,20251001,172500,26.8,26.82,26.7905,26.82,1583,0
TEN_F.US,5,20251001,173000,26.84,26.84,26.84,26.84,100,0
TEN_F.US,5,20251001,174500,26.86,26.86,26.72,26.75,1774,0
TEN_F.US,5,20251001,175000,26.81,26.81,26.81,26.81,200,0
TEN_F.US,5,20251001,183000,26.85,26.85,26.85,26.85,500,0
TEN_F.US,5,20251001,183500,26.855,26.855,26.85,26.855,2830,0
TEN_F.US,5,20251001,184000,26.855,26.855,26.855,26.855,2493,0
TEN_F.US,5,20251001,184500,26.855,26.855,26.85,26.85,1473,0
TEN_F.US,5,20251001,185500,26.85,26.85,26.85,26.85,100,0
TEN_F.US,5,20251001,194500,26.8591,26.8591,26.8591,26.8591,383,0
TEN_F.US,5,20251001,212500,26.86,26.86,26.86,26.86,100,0
TEN_F.US,5,20251001,215000,26.8599,26.86,26.8599,26.86,700,0
TEN_F.US,5,20251002,153000,26.86,26.86,26.86,26.86,100,0
TEN_F.US,5,20251002,153500,26.86,26.86,26.86,26.86,350,0
TEN_F.US,5,20251002,154500,26.71,26.75,26.66,26.75,3670,0
TEN_F.US,5,20251002,161000,26.77,26.79,26.77,26.79,700,0
TEN_F.US,5,20251002,162000,26.748,26.748,26.748,26.748,200,0
TEN_F.US,5,20251002,164500,26.78,26.81,26.75,26.75,1215,0
TEN_F.US,5,20251002,165000,26.75,26.8,26.75,26.8,559,0
TEN_F.US,5,20251002,165500,26.76,26.79,26.76,26.78,750,0
TEN_F.US,5,20251002,170000,26.81,26.81,26.8098,26.8098,715,0
TEN_F.US,5,20251002,170500,26.86,26.86,26.86,26.86,100,0
TEN_F.US,5,20251002,172500,26.85,26.85,26.82,26.82,700,0
TEN_F.US,5,20251002,173500,26.85,26.85,26.85,26.85,550,0
TEN_F.US,5,20251002,190000,26.82,26.83,26.82,26.83,300,0
TEN_F.US,5,20251002,192500,26.83,26.83,26.83,26.83,241,0
TEN_F.US,5,20251002,200000,26.82,26.82,26.82,26.82,520,0
TEN_F.US,5,20251002,201000,26.84,26.84,26.84,26.84,300,0
TEN_F.US,5,20251002,201500,26.84,26.84,26.84,26.84,200,0
TEN_F.US,5,20251002,202000,26.83,26.83,26.83,26.83,100,0
TEN_F.US,5,20251002,211000,26.83,26.83,26.83,26.83,325,0
TEN_F.US,5,20251002,214000,26.83,26.83,26.83,26.83,500,0
TEN_F.US,5,20251003,153500,26.86,26.86,26.86,26.86,100,0
TEN_F.US,5,20251003,161000,26.8594,26.8594,26.8594,26.8594,250,0
TEN_F.US,5,20251003,162000,26.86,26.86,26.86,26.86,100,0
TEN_F.US,5,20251003,174000,26.84,26.84,26.84,26.84,185,0
TEN_F.US,5,20251003,180000,26.8502,26.8502,26.8502,26.8502,100,0
TEN_F.US,5,20251003,182000,26.85,26.85,26.85,26.85,100,0
TEN_F.US,5,20251003,182500,26.86,26.86,26.86,26.86,300,0
TEN_F.US,5,20251003,183000,26.86,26.86,26.86,26.86,100,0
TEN_F.US,5,20251003,185000,26.85,26.85,26.85,26.85,100,0
TEN_F.US,5,20251003,191500,26.81,26.81,26.81,26.81,100,0
TEN_F.US,5,20251003,193000,26.82,26.82,26.82,26.82,150,0
TEN_F.US,5,20251003,201500,26.8286,26.8286,26.8286,26.8286,200,0
TEN_F.US,5,20251003,210500,26.83,26.84,26.83,26.84,500,0
TEN_F.US,5,20251003,211000,26.86,26.86,26.86,26.86,492,0
TEN_F.US,5,20251006,154500,26.78,26.78,26.78,26.78,100,0
TEN_F.US,5,20251006,161500,26.8,26.8,26.8,26.8,100,0
TEN_F.US,5,20251006,162500,26.81,26.81,26.81,26.81,100,0
TEN_F.US,5,20251006,164500,26.83,26.83,26.83,26.83,100,0
TEN_F.US,5,20251006,165000,26.8286,26.8286,26.8286,26.8286,731,0
TEN_F.US,5,20251006,180000,26.83,26.83,26.8198,26.8199,1400,0
TEN_F.US,5,20251006,180500,26.81,26.81,26.81,26.81,200,0
TEN_F.US,5,20251006,181000,26.8199,26.82,26.8199,26.82,200,0
TEN_F.US,5,20251006,184000,26.83,26.83,26.83,26.83,100,0
TEN_F.US,5,20251006,190500,26.82,26.83,26.82,26.83,1000,0
TEN_F.US,5,20251006,191500,26.83,26.83,26.83,26.83,100,0
TEN_F.US,5,20251006,193500,26.82,26.82,26.82,26.82,100,0
TEN_F.US,5,20251006,194000,26.85,26.85,26.85,26.85,100,0
TEN_F.US,5,20251006,201000,26.8348,26.8348,26.8348,26.8348,242,0
TEN_F.US,5,20251006,201500,26.85,26.86,26.85,26.86,799,0
TEN_F.US,5,20251006,205500,26.84,26.84,26.84,26.84,203,0
TEN_F.US,5,20251006,211000,26.8401,26.8401,26.78,26.8,3679,0
TEN_F.US,5,20251006,211500,26.8,26.8,26.7998,26.7998,300,0
TEN_F.US,5,20251006,215000,26.81,26.81,26.81,26.81,100,0
TEN_F.US,5,20251006,215500,26.825,26.825,26.825,26.825,100,0
TEN_F.US,5,20251007,153000,26.86,26.86,26.86,26.86,100,0
TEN_F.US,5,20251007,154500,26.82,26.83,26.82,26.83,376,0
TEN_F.US,5,20251007,155000,26.82,26.82,26.82,26.82,100,0
TEN_F.US,5,20251007,160500,26.8157,26.8157,26.8157,26.8157,1000,0
TEN_F.US,5,20251007,162000,26.82,26.82,26.82,26.82,100,0
TEN_F.US,5,20251007,171000,26.8,26.8,26.8,26.8,253,0
TEN_F.US,5,20251007,180500,26.81,26.81,26.81,26.81,100,0
TEN_F.US,5,20251007,183000,26.83,26.83,26.83,26.83,100,0
TEN_F.US,5,20251007,213000,26.8297,26.8297,26.8297,26.8297,119,0
TEN_F.US,5,20251007,214000,26.8,26.8,26.8,26.8,400,0
TEN_F.US,5,20251007,215000,26.82,26.86,26.81,26.81,400,0
TEN_F.US,5,20251007,215500,26.8,26.8,26.8,26.8,100,0
TEN_F.US,5,20251008,154500,26.86,26.86,26.86,26.86,100,0
TEN_F.US,5,20251008,162500,26.8594,26.8594,26.8594,26.8594,1300,0
TEN_F.US,5,20251008,163000,26.86,26.86,26.86,26.86,100,0
TEN_F.US,5,20251008,174500,26.83,26.83,26.83,26.83,200,0
TEN_F.US,5,20251008,175000,26.8,26.81,26.8,26.81,300,0
TEN_F.US,5,20251008,180500,26.82,26.82,26.82,26.82,200,0
TEN_F.US,5,20251008,185000,26.82,26.82,26.8,26.8146,1300,0
TEN_F.US,5,20251008,214000,26.8,26.8,26.79,26.79,751,0
TEN_F.US,5,20251009,153500,26.8,26.8,26.8,26.8,100,0
TEN_F.US,5,20251009,154500,26.83,26.86,26.78,26.78,834,0
TEN_F.US,5,20251009,155500,26.78,26.85,26.71,26.85,400,0
TEN_F.US,5,20251009,160000,26.85,26.85,26.85,26.85,100,0
TEN_F.US,5,20251009,161000,26.84,26.84,26.84,26.84,100,0
TEN_F.US,5,20251009,162000,26.765,26.8,26.765,26.8,268,0
TEN_F.US,5,20251009,164000,26.8,26.8,26.8,26.8,200,0
TEN_F.US,5,20251009,172500,26.8,26.8,26.8,26.8,100,0
TEN_F.US,5,20251009,173500,26.8,26.8,26.789,26.8,648,0
TEN_F.US,5,20251009,181000,26.7886,26.83,26.7886,26.83,1300,0
TEN_F.US,5,20251009,184000,26.835,26.85,26.81,26.835,1912,0
TEN_F.US,5,20251009,200000,26.85,26.85,26.81,26.83,1050,0
TEN_F.US,5,20251009,200500,26.774,26.774,26.774,26.774,176,0
TEN_F.US,5,20251009,201000,26.7863,26.815,26.7863,26.815,508,0
TEN_F.US,5,20251009,203000,26.83,26.84,26.83,26.84,200,0
TEN_F.US,5,20251009,212000,26.82,26.84,26.82,26.84,650,0
TEN_F.US,5,20251009,214500,26.85,26.85,26.84,26.84,289,0
TEN_F.US,5,20251009,215000,26.825,26.825,26.825,26.825,100,0
TEN_F.US,5,20251009,215500,26.8447,26.85,26.8447,26.85,563,0
TEN_F.US,5,20251010,153500,26.85,26.855,26.85,26.855,289,0
TEN_F.US,5,20251010,154000,26.8522,26.86,26.8522,26.86,724,0
TEN_F.US,5,20251010,161500,26.86,26.86,26.86,26.86,100,0
TEN_F.US,5,20251010,171000,26.8538,26.8538,26.8538,26.8538,310,0
TEN_F.US,5,20251010,172500,26.82,26.86,26.8,26.8,2135,0
TEN_F.US,5,20251010,184000,26.81,26.81,26.81,26.81,148,0
TEN_F.US,5,20251010,190000,26.75,26.75,26.75,26.75,310,0
TEN_F.US,5,20251010,192500,26.82,26.8599,26.8198,26.8599,3462,0
TEN_F.US,5,20251010,195500,26.8,26.8,26.8,26.8,100,0
TEN_F.US,5,20251010,203500,26.8,26.8,26.8,26.8,330,0
TEN_F.US,5,20251010,210500,26.8,26.8,26.79,26.79,1200,0
TEN_F.US,5,20251010,212500,26.8435,26.8435,26.8435,26.8435,425,0
TEN_F.US,5,20251013,153000,26.86,26.86,26.86,26.86,100,0
TEN_F.US,5,20251013,163500,26.84,26.84,26.84,26.84,300,0
TEN_F.US,5,20251013,164000,26.8475,26.8511,26.8475,26.8511,810,0
TEN_F.US,5,20251013,165500,26.7988,26.7988,26.7988,26.7988,375,0
TEN_F.US,5,20251013,170500,26.86,26.86,26.86,26.86,100,0
TEN_F.US,5,20251013,171000,26.85,26.85,26.85,26.85,200,0
TEN_F.US,5,20251013,174500,26.825,26.825,26.825,26.825,310,0
TEN_F.US,5,20251013,181000,26.79,26.79,26.79,26.79,310,0
TEN_F.US,5,20251013,181500,26.86,26.86,26.86,26.86,100,0
TEN_F.US,5,20251013,185000,26.8279,26.85,26.8279,26.85,510,0
TEN_F.US,5,20251013,191500,26.7956,26.7956,26.7956,26.7956,200,0
TEN_F.US,5,20251013,192000,26.81,26.81,26.81,26.81,100,0
TEN_F.US,5,20251013,200500,26.86,26.86,26.86,26.86,265,0
TEN_F.US,5,20251013,203000,26.825,26.825,26.825,26.825,225,0
TEN_F.US,5,20251013,205500,26.82,26.82,26.81,26.81,935,0
TEN_F.US,5,20251013,213000,26.81,26.81,26.81,26.81,500,0
TEN_F.US,5,20251013,213500,26.82,26.82,26.82,26.82,200,0
TEN_F.US,5,20251013,215000,26.85,26.85,26.841,26.85,1507,0
TEN_F.US,5,20251014,155000,26.8,26.8,26.79,26.79,982,0
TEN_F.US,5,20251014,155500,26.85,26.85,26.85,26.85,100,0
TEN_F.US,5,20251014,161000,26.79,26.79,26.79,26.79,300,0
TEN_F.US,5,20251014,162500,26.79,26.79,26.79,26.79,100,0
TEN_F.US,5,20251014,165000,26.85,26.96,26.82,26.95,11052,0
TEN_F.US,5,20251014,165500,26.87,26.87,26.87,26.87,100,0
TEN_F.US,5,20251014,170000,26.91,26.91,26.91,26.91,100,0
TEN_F.US,5,20251014,170500,26.91,26.91,26.91,26.91,100,0
TEN_F.US,5,20251014,171500,26.9,26.92,26.9,26.91,300,0
TEN_F.US,5,20251014,173000,26.89,26.91,26.89,26.9,700,0
TEN_F.US,5,20251014,173500,26.9,26.9,26.89,26.9,400,0
TEN_F.US,5,20251014,174000,26.9,26.9,26.9,26.9,600,0
TEN_F.US,5,20251014,174500,26.91,26.91,26.91,26.91,500,0
TEN_F.US,5,20251014,181500,26.93,26.93,26.92,26.92,800,0
TEN_F.US,5,20251014,214500,26.9,26.9,26.9,26.9,200,0
TEN_F.US,5,20251015,153500,26.91,26.91,26.91,26.91,1047,0
TEN_F.US,5,20251015,154000,27,27,27,27,100,0
TEN_F.US,5,20251015,154500,26.93,26.93,26.93,26.93,100,0
TEN_F.US,5,20251015,155500,26.97,26.97,26.97,26.97,100,0
TEN_F.US,5,20251015,160500,26.92,26.92,26.92,26.92,100,0
TEN_F.US,5,20251015,161000,26.97,26.97,26.97,26.97,100,0
TEN_F.US,5,20251015,161500,26.92,26.92,26.92,26.92,100,0
TEN_F.US,5,20251015,163000,26.92,26.9699,26.92,26.9699,1300,0
TEN_F.US,5,20251015,164000,26.9694,26.9694,26.91,26.93,1411,0
TEN_F.US,5,20251015,171000,26.9687,26.9687,26.9687,26.9687,540,0
TEN_F.US,5,20251015,172500,26.95,26.95,26.95,26.95,100,0
TEN_F.US,5,20251015,175500,26.95,26.97,26.95,26.97,2146,0
TEN_F.US,5,20251015,180000,26.97,26.97,26.91,26.91,750,0
TEN_F.US,5,20251015,180500,26.97,27.05,26.97,27.04,813,0
TEN_F.US,5,20251015,181000,27.05,27.05,27.05,27.05,100,0
TEN_F.US,5,20251015,181500,27.04,27.04,27.03,27.03,300,0
TEN_F.US,5,20251015,182000,26.98,27.05,26.98,27.04,700,0
TEN_F.US,5,20251015,183000,26.985,26.985,26.985,26.985,1500,0
TEN_F.US,5,20251015,184000,27.01,27.01,27.01,27.01,200,0
TEN_F.US,5,20251015,185500,26.97,27,26.97,27,3400,0
TEN_F.US,5,20251015,201000,26.94,27.02,26.89,26.99,3912,0
TEN_F.US,5,20251015,201500,26.94,26.99,26.94,26.98,800,0
TEN_F.US,5,20251015,202000,26.9681,26.9681,26.9681,26.9681,200,0
TEN_F.US,5,20251015,202500,26.95,27,26.95,27,1000,0
TEN_F.US,5,20251015,205500,27,27,27,27,520,0
TEN_F.US,5,20251015,211000,27,27.045,27,27.045,1102,0
TEN_F.US,5,20251015,211500,27.06,27.06,27.01,27.02,700,0
TEN_F.US,5,20251016,153500,27.08,27.08,27.08,27.08,100,0
TEN_F.US,5,20251016,154000,26.95,26.95,26.95,26.95,100,0
TEN_F.US,5,20251016,154500,27,27.04,27,27.04,400,0
TEN_F.US,5,20251016,155000,27.05,27.05,27.04,27.04,200,0
TEN_F.US,5,20251016,155500,26.99,26.99,26.99,26.99,100,0
TEN_F.US,5,20251016,160500,27.04,27.05,27,27.02,800,0
TEN_F.US,5,20251016,161500,27.01,27.01,27.01,27.01,100,0
TEN_F.US,5,20251016,163000,27,27,27,27,100,0
TEN_F.US,5,20251016,165500,27,27,27,27,100,0
TEN_F.US,5,20251016,170000,27.02,27.02,27.02,27.02,100,0
TEN_F.US,5,20251016,172500,26.95,26.95,26.95,26.95,100,0
TEN_F.US,5,20251016,173000,26.93,26.99,26.93,26.99,700,0
TEN_F.US,5,20251016,173500,26.91,26.99,26.91,26.99,450,0
TEN_F.US,5,20251016,174000,26.99,26.99,26.99,26.99,200,0
TEN_F.US,5,20251016,181500,26.92,26.92,26.92,26.92,100,0
TEN_F.US,5,20251016,185000,26.9,26.95,26.9,26.95,600,0
TEN_F.US,5,20251016,191000,26.89,26.89,26.89,26.89,100,0
TEN_F.US,5,20251016,191500,26.91,26.96,26.91,26.9423,600,0
TEN_F.US,5,20251016,202000,26.87,26.87,26.87,26.87,212,0
TEN_F.US,5,20251016,203500,26.9057,26.9057,26.9057,26.9057,400,0
TEN_F.US,5,20251016,215500,26.89,26.89,26.89,26.89,106,0
TEN_F.US,5,20251017,153500,26.86,26.86,26.86,26.86,100,0
TEN_F.US,5,20251017,154000,26.9,26.9,26.9,26.9,100,0
TEN_F.US,5,20251017,154500,26.95,27.04,26.9,27.04,10043,0
TEN_F.US,5,20251017,155000,26.96,27.09,26.96,27.07,3841,0
TEN_F.US,5,20251017,160000,27,27,27,27,999,0
TEN_F.US,5,20251017,161000,27.1,27.1,27.1,27.1,100,0
TEN_F.US,5,20251017,161500,27.05,27.15,27.0381,27.1,3613,0
TEN_F.US,5,20251017,162500,27.07,27.13,27.07,27.13,1585,0
TEN_F.US,5,20251017,171000,27.095,27.095,27.0381,27.0381,5107,0
TEN_F.US,5,20251017,173000,27.04,27.19,27.04,27.19,2700,0
TEN_F.US,5,20251017,173500,27.08,27.15,27.08,27.1,1200,0
TEN_F.US,5,20251017,174000,27.15,27.21,27.08,27.17,2811,0
TEN_F.US,5,20251017,175000,27.19,27.19,27.18,27.18,200,0
TEN_F.US,5,20251017,194000,27.01,27.14,27.01,27.14,600,0
TEN_F.US,5,20251017,194500,27.13,27.13,27.13,27.13,100,0
TEN_F.US,5,20251017,195500,27.14,27.14,27.14,27.14,300,0
TEN_F.US,5,20251017,201000,27.07,27.14,27.07,27.14,400,0
TEN_F.US,5,20251017,204500,27.16,27.16,27.16,27.16,100,0
TEN_F.US,5,20251017,205500,27.1,27.1,27.1,27.1,500,0
TEN_F.US,5,20251017,210000,27.1,27.1,27.07,27.0979,695,0
TEN_F.US,5,20251017,211000,27.13,27.14,27.13,27.14,319,0
TEN_F.US,5,20251017,211500,27.085,27.21,27.08,27.21,2000,0
TEN_F.US,5,20251017,212000,27.18,27.21,27.1506,27.1506,800,0
TEN_F.US,5,20251017,212500,27.18,27.1967,27.16,27.17,550,0
TEN_F.US,5,20251017,213000,27.19,27.23,27.16,27.2,3960,0
TEN_F.US,5,20251017,215500,27.21,27.23,27.2,27.23,1100,0
TEN_F.US,5,20251020,153000,27.3,27.3,27.3,27.3,100,0
TEN_F.US,5,20251020,154000,27.2435,27.2435,27.23,27.23,200,0
TEN_F.US,5,20251020,154500,27.23,27.23,27.115,27.115,5401,0
TEN_F.US,5,20251020,165000,27.18,27.205,27.18,27.18,2147,0
TEN_F.US,5,20251020,165500,27.1703,27.1703,27.1703,27.1703,200,0
TEN_F.US,5,20251020,171000,27.2,27.2,27.2,27.2,500,0
TEN_F.US,5,20251020,171500,27.18,27.18,27.18,27.18,100,0
TEN_F.US,5,20251020,173000,27.1882,27.1882,27.18,27.18,300,0
TEN_F.US,5,20251020,174000,27.2,27.2,27.2,27.2,313,0
TEN_F.US,5,20251020,183000,27.1942,27.1942,27.1942,27.1942,200,0
TEN_F.US,5,20251020,184500,27.19,27.19,27.19,27.19,100,0
TEN_F.US,5,20251020,190500,27.2,27.205,27.2,27.205,1100,0
TEN_F.US,5,20251020,191500,27.2,27.2,27.2,27.2,100,0
TEN_F.US,5,20251020,192000,27.1943,27.1943,27.1943,27.1943,300,0
TEN_F.US,5,20251020,194000,27.2,27.2,27.2,27.2,1471,0
TEN_F.US,5,20251020,215000,27.1901,27.1901,27.19,27.19,900,0
TEN_F.US,5,20251020,215500,27.19,27.19,27.19,27.19,300,0
TEN_F.US,5,20251021,153000,27.2,27.2,27.2,27.2,100,0
TEN_F.US,5,20251021,154000,27.19,27.19,27.19,27.19,100,0
TEN_F.US,5,20251021,155000,27.1921,27.1924,27.19,27.192,1900,0
TEN_F.US,5,20251021,155500,27.1901,27.1901,27.18,27.1874,4835,0
TEN_F.US,5,20251021,160000,27.18,27.18,27.18,27.18,200,0
TEN_F.US,5,20251021,160500,27.18,27.18,27.18,27.18,100,0
TEN_F.US,5,20251021,161000,27.2,27.2,27.2,27.2,150,0
TEN_F.US,5,20251021,162000,27.1602,27.1602,27.1602,27.1602,150,0
TEN_F.US,5,20251021,164000,27.19,27.19,27.19,27.19,100,0
TEN_F.US,5,20251021,170000,27.18,27.18,27.18,27.18,100,0
TEN_F.US,5,20251021,183000,27.22,27.29,27.22,27.2696,2252,0
TEN_F.US,5,20251021,183500,27.29,27.29,27.275,27.275,500,0
TEN_F.US,5,20251021,184000,27.27,27.2804,27.26,27.28,1600,0
TEN_F.US,5,20251021,185500,27.24,27.24,27.24,27.24,100,0
TEN_F.US,5,20251021,192000,27.22,27.22,27.22,27.22,100,0
TEN_F.US,5,20251021,194000,27.1996,27.1996,27.1996,27.1996,300,0
TEN_F.US,5,20251021,194500,27.1832,27.1832,27.1832,27.1832,551,0
TEN_F.US,5,20251021,195500,27.1891,27.1891,27.1891,27.1891,224,0
TEN_F.US,5,20251021,202500,27.2,27.2,27.19,27.19,300,0
TEN_F.US,5,20251021,210000,27.17,27.17,27.17,27.17,143,0
TEN_F.US,5,20251021,210500,27.17,27.17,27.17,27.17,100,0
TEN_F.US,5,20251021,212500,27.17,27.17,27.17,27.17,138,0
TEN_F.US,5,20251021,213500,27.17,27.18,27.17,27.18,200,0
TEN_F.US,5,20251021,215500,27.2,27.2,27.2,27.2,200,0
TEN_F.US,5,20251022,154000,27.26,27.26,27.26,27.26,100,0
TEN_F.US,5,20251022,155000,27.22,27.22,27.22,27.22,800,0
TEN_F.US,5,20251022,155500,27.24,27.24,27.24,27.24,200,0
TEN_F.US,5,20251022,163500,27.19,27.19,27.16,27.16,1678,0
TEN_F.US,5,20251022,164000,27.2,27.2,27.2,27.2,100,0
TEN_F.US,5,20251022,172000,27.22,27.22,27.22,27.22,100,0
TEN_F.US,5,20251022,174500,27.18,27.18,27.18,27.18,1000,0
TEN_F.US,5,20251022,183000,27.19,27.19,27.18,27.19,519,0
TEN_F.US,5,20251022,185500,27.2,27.2,27.18,27.18,800,0
TEN_F.US,5,20251022,190000,27.18,27.18,27.18,27.18,100,0
TEN_F.US,5,20251022,191500,27.1879,27.1879,27.1879,27.1879,200,0
TEN_F.US,5,20251022,202500,27.1854,27.1854,27.18,27.18,319,0
TEN_F.US,5,20251022,204000,27.18,27.2,27.18,27.19,1430,0
TEN_F.US,5,20251022,204500,27.19,27.19,27.19,27.19,200,0
TEN_F.US,5,20251022,214500,27.1998,27.1998,27.18,27.18,900,0
TEN_F.US,5,20251022,215000,27.2,27.2,27.2,27.2,100,0
TEN_F.US,5,20251023,155000,27.25,27.25,27.25,27.25,100,0
TEN_F.US,5,20251023,160000,27.25,27.25,27.25,27.25,100,0
TEN_F.US,5,20251023,162500,27.26,27.26,27.26,27.26,100,0
TEN_F.US,5,20251023,163500,27.26,27.26,27.26,27.26,100,0
TEN_F.US,5,20251023,164000,27.26,27.27,27.2235,27.27,901,0
TEN_F.US,5,20251023,172000,27.2788,27.2788,27.2788,27.2788,291,0
TEN_F.US,5,20251023,173000,27.28,27.28,27.28,27.28,200,0
TEN_F.US,5,20251023,180500,27.28,27.28,27.28,27.28,300,0
TEN_F.US,5,20251023,184500,27.28,27.28,27.28,27.28,100,0
TEN_F.US,5,20251023,190500,27.28,27.28,27.28,27.28,200,0
TEN_F.US,5,20251023,192000,27.2507,27.28,27.2507,27.26,349,0
TEN_F.US,5,20251023,192500,27.265,27.265,27.251,27.251,300,0
TEN_F.US,5,20251023,200500,27.2602,27.2602,27.2602,27.2602,200,0
TEN_F.US,5,20251023,201500,27.26,27.26,27.26,27.26,200,0
TEN_F.US,5,20251023,211000,27.2799,27.28,27.2799,27.2799,400,0
TEN_F.US,5,20251024,154000,27.25,27.25,27.25,27.25,150,0
TEN_F.US,5,20251024,155000,27.25,27.25,27.2484,27.2484,1150,0
TEN_F.US,5,20251024,155500,27.25,27.25,27.25,27.25,1199,0
TEN_F.US,5,20251024,161500,27.25,27.25,27.25,27.25,400,0
TEN_F.US,5,20251024,180500,27.21,27.21,27.21,27.21,100,0
TEN_F.US,5,20251024,181500,27.2209,27.2209,27.2209,27.2209,500,0
TEN_F.US,5,20251024,190500,27.16,27.16,27.16,27.16,908,0
TEN_F.US,5,20251024,195000,27.16,27.1601,27.16,27.1601,1679,0
TEN_F.US,5,20251024,210500,27.1995,27.1995,27.1995,27.1995,170,0
TEN_F.US,5,20251024,212000,27.1909,27.1909,27.1909,27.1909,200,0
TEN_F.US,5,20251024,213000,27.16,27.1746,27.16,27.1746,600,0
TEN_F.US,5,20251024,215000,27.079,27.079,27.05,27.05,4852,0
TEN_F.US,5,20251027,145000,26.52,26.52,26.4,26.4,2710,0
TEN_F.US,5,20251027,153000,26.488,26.488,26.488,26.488,1000,0
TEN_F.US,5,20251027,154000,26.463,26.463,26.46,26.46,960,0
TEN_F.US,5,20251027,154500,26.4747,26.4996,26.4747,26.4996,300,0
TEN_F.US,5,20251027,155000,26.46,26.46,26.46,26.46,215,0
TEN_F.US,5,20251027,160000,26.47,26.47,26.45,26.45,500,0
TEN_F.US,5,20251027,160500,26.42,26.42,26.42,26.42,400,0
TEN_F.US,5,20251027,162500,26.435,26.435,26.435,26.435,200,0
TEN_F.US,5,20251027,163000,26.4,26.4,26.4,26.4,200,0
TEN_F.US,5,20251027,163500,26.4057,26.4372,26.4057,26.4372,505,0
TEN_F.US,5,20251027,164000,26.48,26.48,26.48,26.48,200,0
TEN_F.US,5,20251027,165000,26.4273,26.4273,26.4273,26.4273,310,0
TEN_F.US,5,20251027,170000,26.47,26.5,26.47,26.48,4800,0
TEN_F.US,5,20251027,174000,26.4429,26.4429,26.4429,26.4429,310,0
TEN_F.US,5,20251027,175000,26.45,26.45,26.45,26.45,310,0
TEN_F.US,5,20251027,183000,26.4289,26.4289,26.4289,26.4289,100,0
TEN_F.US,5,20251027,184000,26.45,26.45,26.45,26.45,150,0
TEN_F.US,5,20251027,192000,26.4108,26.45,26.4108,26.45,400,0
TEN_F.US,5,20251027,195500,26.48,26.48,26.4714,26.475,300,0
TEN_F.US,5,20251027,200000,26.49,26.49,26.49,26.49,100,0
TEN_F.US,5,20251027,200500,26.472,26.4995,26.472,26.4995,294,0
TEN_F.US,5,20251027,201500,26.4999,26.4999,26.4999,26.4999,100,0
TEN_F.US,5,20251027,203500,26.5,26.5,26.5,26.5,100,0
TEN_F.US,5,20251027,204000,26.4995,26.4995,26.4995,26.4995,215,0
TEN_F.US,5,20251027,205500,26.5,26.5,26.49,26.5,905,0
TEN_F.US,5,20251028,152500,26.5,26.5,26.5,26.5,100,0
TEN_F.US,5,20251028,185500,26.4505,26.4505,26.4505,26.4505,100,0
TEN_F.US,5,20251028,195000,26.46,26.46,26.46,26.46,500,0
TEN_F.US,5,20251028,195500,26.42,26.43,26.42,26.43,300,0
TEN_F.US,5,20251028,205500,26.4406,26.4406,26.4406,26.4406,100,0
TEN_F.US,5,20251029,143000,26.5,26.5,26.5,26.5,1076,0
TEN_F.US,5,20251029,150000,26.5005,26.55,26.5005,26.55,2460,0
TEN_F.US,5,20251029,152000,26.51,26.51,26.51,26.51,100,0
TEN_F.US,5,20251029,171000,26.5499,26.55,26.5499,26.55,2426,0
TEN_F.US,5,20251029,182000,26.5,26.5,26.5,26.5,100,0
TEN_F.US,5,20251029,185500,26.5,26.5,26.5,26.5,100,0
TEN_F.US,5,20251030,143000,26.6,26.6,26.6,26.6,411,0
TEN_F.US,5,20251030,144000,26.65,26.65,26.65,26.65,230,0
TEN_F.US,5,20251030,150000,26.6,26.6,26.6,26.6,100,0
TEN_F.US,5,20251030,150500,26.6356,26.6356,26.6356,26.6356,178,0
TEN_F.US,5,20251030,151000,26.65,26.65,26.65,26.65,200,0
TEN_F.US,5,20251030,151500,26.6,26.6,26.6,26.6,100,0
TEN_F.US,5,20251030,152000,26.65,26.65,26.65,26.65,200,0
TEN_F.US,5,20251030,153000,26.6,26.6001,26.6,26.6,1205,0
TEN_F.US,5,20251030,155000,26.61,26.65,26.61,26.65,2119,0
TEN_F.US,5,20251030,155500,26.67,26.68,26.67,26.68,420,0
TEN_F.US,5,20251030,160000,26.6606,26.6606,26.6606,26.6606,200,0
TEN_F.US,5,20251030,172500,26.68,26.68,26.68,26.68,300,0
TEN_F.US,5,20251030,175000,26.68,26.68,26.68,26.68,200,0
TEN_F.US,5,20251030,180500,26.68,26.68,26.68,26.68,200,0
TEN_F.US,5,20251030,182000,26.68,26.68,26.68,26.68,200,0
TEN_F.US,5,20251030,184500,26.67,26.67,26.67,26.67,100,0
TEN_F.US,5,20251030,185500,26.6501,26.6501,26.6501,26.6501,504,0
TEN_F.US,5,20251030,191000,26.6899,26.6899,26.6504,26.6504,1574,0
TEN_F.US,5,20251030,192000,26.65,26.65,26.65,26.65,100,0
TEN_F.US,5,20251030,194500,26.65,26.65,26.65,26.65,104,0
TEN_F.US,5,20251030,195500,26.69,26.69,26.69,26.69,221,0
TEN_F.US,5,20251030,205500,26.65,26.674,26.65,26.674,1100,0
TEN_F.US,5,20251031,143000,26.7,26.7,26.7,26.7,3821,0
TEN_F.US,5,20251031,145000,26.7,26.7,26.7,26.7,168,0
TEN_F.US,5,20251031,160500,26.69,26.7,26.66,26.66,1131,0
TEN_F.US,5,20251031,161000,26.69,26.69,26.69,26.69,200,0
TEN_F.US,5,20251031,170500,26.66,26.66,26.66,26.66,100,0
TEN_F.US,5,20251031,171000,26.68,26.7,26.68,26.7,500,0
TEN_F.US,5,20251031,173000,26.7,26.7,26.7,26.7,100,0
TEN_F.US,5,20251031,174000,26.72,26.72,26.72,26.72,155,0
TEN_F.US,5,20251031,174500,26.72,26.72,26.72,26.72,539,0
TEN_F.US,5,20251031,175500,26.7,26.7,26.7,26.7,100,0
TEN_F.US,5,20251031,180000,26.695,26.695,26.695,26.695,200,0
TEN_F.US,5,20251031,182500,26.7,26.7,26.69,26.69,509,0
TEN_F.US,5,20251031,184500,26.7124,26.7124,26.7124,26.7124,300,0
TEN_F.US,5,20251031,190500,26.72,26.72,26.7125,26.7125,238,0
TEN_F.US,5,20251031,193500,26.707,26.707,26.707,26.707,300,0
TEN_F.US,5,20251031,194500,26.7197,26.7197,26.7197,26.7197,200,0
TEN_F.US,5,20251031,202000,26.72,26.72,26.72,26.72,105,0
TEN_F.US,5,20251031,203000,26.72,26.72,26.72,26.72,100,0
TEN_F.US,5,20251103,153000,26.6,26.62,26.6,26.62,460,0
TEN_F.US,5,20251103,154000,26.65,26.65,26.65,26.65,100,0
TEN_F.US,5,20251103,154500,26.65,26.65,26.65,26.65,200,0
TEN_F.US,5,20251103,155000,26.65,26.65,26.65,26.65,200,0
TEN_F.US,5,20251103,155500,26.6,26.6,26.6,26.6,200,0
TEN_F.US,5,20251103,160000,26.6,26.6,26.6,26.6,200,0
TEN_F.US,5,20251103,160500,26.58,26.58,26.57,26.57,632,0
TEN_F.US,5,20251103,161000,26.63,26.63,26.63,26.63,100,0
TEN_F.US,5,20251103,161500,26.57,26.57,26.57,26.57,540,0
TEN_F.US,5,20251103,163500,26.5969,26.5969,26.5969,26.5969,1900,0
TEN_F.US,5,20251103,171000,26.58,26.58,26.58,26.58,300,0
TEN_F.US,5,20251103,172500,26.5999,26.5999,26.5999,26.5999,300,0
TEN_F.US,5,20251103,174000,26.5832,26.5832,26.5832,26.5832,176,0
TEN_F.US,5,20251104,164500,26.5,26.5,26.5,26.5,100,0
TEN_F.US,5,20251104,165500,26.557,26.557,26.557,26.557,290,0
TEN_F.US,5,20251104,172500,26.5415,26.5415,26.5415,26.5415,116,0
TEN_F.US,5,20251104,200500,26.5665,26.5665,26.5665,26.5665,833,0
TEN_F.US,5,20251104,205000,26.58,26.58,26.5635,26.5635,237,0
TEN_F.US,5,20251104,205500,26.58,26.58,26.58,26.58,2332,0
TEN_F.US,5,20251104,210500,26.56,26.56,26.56,26.56,142,0
TEN_F.US,5,20251104,211000,26.58,26.58,26.58,26.58,100,0
TEN_F.US,5,20251104,211500,26.57,26.57,26.57,26.57,100,0
TEN_F.US,5,20251105,161500,26.72,26.72,26.72,26.72,100,0
TEN_F.US,5,20251105,171000,26.7,26.7,26.7,26.7,100,0
TEN_F.US,5,20251105,181000,26.6,26.67,26.6,26.6,1200,0
TEN_F.US,5,20251105,182500,26.61,26.61,26.6,26.6,701,0
TEN_F.US,5,20251105,183000,26.5997,26.6,26.57,26.57,762,0
TEN_F.US,5,20251105,183500,26.65,26.65,26.5,26.5,1174,0
TEN_F.US,5,20251105,185500,26.5694,26.5694,26.5694,26.5694,200,0
TEN_F.US,5,20251105,190500,26.52,26.5799,26.52,26.5799,1200,0
TEN_F.US,5,20251105,193500,26.58,26.58,26.58,26.58,100,0
TEN_F.US,5,20251105,194000,26.5799,26.5799,26.5799,26.5799,1000,0
TEN_F.US,5,20251105,195000,26.545,26.545,26.545,26.545,921,0
TEN_F.US,5,20251105,201000,26.58,26.58,26.545,26.545,201,0
TEN_F.US,5,20251105,202500,26.565,26.565,26.565,26.565,102,0
TEN_F.US,5,20251105,211500,26.5793,26.5793,26.5793,26.5793,1000,0
TEN_F.US,5,20251105,214000,26.5589,26.5589,26.5589,26.5589,150,0
TEN_F.US,5,20251105,215000,26.58,26.58,26.58,26.58,206,0
TEN_F.US,5,20251106,153000,26.58,26.58,26.58,26.58,5270,0
TEN_F.US,5,20251106,154000,26.58,26.58,26.58,26.58,3973,0
TEN_F.US,5,20251106,155000,26.58,26.58,26.58,26.58,200,0
TEN_F.US,5,20251106,160500,26.58,26.58,26.58,26.58,100,0
TEN_F.US,5,20251106,162500,26.58,26.58,26.58,26.58,100,0
TEN_F.US,5,20251106,164000,26.5799,26.58,26.5799,26.58,980,0
TEN_F.US,5,20251106,164500,26.5799,26.5799,26.5701,26.575,2600,0
TEN_F.US,5,20251106,170000,26.58,26.58,26.58,26.58,294,0
TEN_F.US,5,20251106,200000,26.58,26.58,26.58,26.58,300,0
TEN_F.US,5,20251106,202000,26.58,26.58,26.58,26.58,100,0
TEN_F.US,5,20251106,215000,26.58,26.58,26.58,26.58,100,0
TEN_F.US,5,20251106,215500,26.52,26.52,26.52,26.52,300,0
TEN_F.US,5,20251107,171000,26.6096,26.6096,26.6096,26.6096,500,0
TEN_F.US,5,20251107,175500,26.61,26.61,26.6,26.6,213,0
TEN_F.US,5,20251107,180500,26.65,26.72,26.65,26.72,2501,0
TEN_F.US,5,20251107,181000,26.68,26.68,26.62,26.62,700,0
TEN_F.US,5,20251107,183500,26.62,26.62,26.62,26.62,100,0
TEN_F.US,5,20251107,195000,26.7,26.7,26.7,26.7,100,0
TEN_F.US,5,20251107,210500,26.74,26.78,26.74,26.78,1569,0
TEN_F.US,5,20251107,213000,26.768,26.768,26.72,26.72,285,0
TEN_F.US,5,20251107,213500,26.83,26.83,26.83,26.83,103,0
TEN_F.US,5,20251110,153000,27,27.0036,27,27,700,0
TEN_F.US,5,20251110,153500,27.01,27.03,26.88,26.88,2970,0
TEN_F.US,5,20251110,154000,26.91,26.96,26.91,26.96,773,0
TEN_F.US,5,20251110,154500,26.92,26.93,26.92,26.93,200,0
TEN_F.US,5,20251110,155000,26.93,26.94,26.8307,26.8307,2978,0
TEN_F.US,5,20251110,155500,26.85,26.87,26.85,26.87,400,0
TEN_F.US,5,20251110,160000,26.86,26.86,26.73,26.73,15204,0
TEN_F.US,5,20251110,161000,26.74,26.74,26.74,26.74,100,0
TEN_F.US,5,20251110,161500,26.74,26.775,26.74,26.775,263,0
TEN_F.US,5,20251110,162000,26.73,26.73,26.73,26.73,100,0
TEN_F.US,5,20251110,162500,26.7,26.73,26.7,26.73,225,0
TEN_F.US,5,20251110,163000,26.7,26.7,26.7,26.7,1100,0
TEN_F.US,5,20251110,164000,26.7,26.7,26.7,26.7,200,0
TEN_F.US,5,20251110,164500,26.675,26.675,26.675,26.675,600,0
TEN_F.US,5,20251110,171000,26.67,26.67,26.67,26.67,100,0
TEN_F.US,5,20251110,172000,26.6698,26.6698,26.6698,26.6698,1585,0
TEN_F.US,5,20251110,174500,26.675,26.675,26.675,26.675,110,0
TEN_F.US,5,20251110,175500,26.675,26.675,26.675,26.675,100,0
TEN_F.US,5,20251110,180000,26.67,26.67,26.67,26.67,100,0
TEN_F.US,5,20251110,183000,26.66,26.66,26.64,26.64,691,0
TEN_F.US,5,20251110,194500,26.64,26.66,26.64,26.65,500,0
TEN_F.US,5,20251110,201000,26.66,26.66,26.65,26.65,519,0
TEN_F.US,5,20251110,203000,26.65,26.66,26.65,26.66,2656,0
TEN_F.US,5,20251110,203500,26.69,26.69,26.67,26.67,900,0
TEN_F.US,5,20251110,205500,26.65,26.65,26.65,26.65,400,0
TEN_F.US,5,20251110,210500,26.67,26.67,26.67,26.67,100,0
TEN_F.US,5,20251110,212000,26.67,26.67,26.67,26.67,374,0
TEN_F.US,5,20251110,215000,26.675,26.675,26.675,26.675,100,0
TEN_F.US,5,20251111,160000,26.73,26.73,26.71,26.71,500,0
TEN_F.US,5,20251111,161000,26.791,26.791,26.791,26.791,670,0
TEN_F.US,5,20251111,161500,26.73,26.73,26.68,26.68,1134,0
TEN_F.US,5,20251111,170000,26.61,26.61,26.61,26.61,254,0
TEN_F.US,5,20251111,172500,26.6981,26.745,26.6981,26.745,4000,0
TEN_F.US,5,20251111,183000,26.745,26.745,26.745,26.745,387,0
TEN_F.US,5,20251112,154500,26.65,26.6999,26.65,26.69,3950,0
TEN_F.US,5,20251112,164000,26.68,26.68,26.68,26.68,100,0
TEN_F.US,5,20251112,171000,26.67,26.67,26.67,26.67,200,0
TEN_F.US,5,20251112,174000,26.67,26.67,26.67,26.67,100,0
TEN_F.US,5,20251112,175500,26.62,26.62,26.6195,26.6195,300,0
TEN_F.US,5,20251112,180000,26.62,26.62,26.62,26.62,100,0
TEN_F.US,5,20251112,180500,26.5737,26.5737,26.5737,26.5737,750,0
TEN_F.US,5,20251112,181000,26.62,26.62,26.62,26.62,100,0
TEN_F.US,5,20251112,202500,26.67,26.67,26.67,26.67,175,0
TEN_F.US,5,20251112,210000,26.6495,26.6495,26.6495,26.6495,200,0
TEN_F.US,5,20251112,211500,26.64,26.64,26.64,26.64,100,0
TEN_F.US,5,20251112,213500,26.63,26.63,26.63,26.63,100,0
TEN_F.US,5,20251112,215500,26.64,26.64,26.62,26.62,200,0
TEN_F.US,5,20251113,153000,26.6,26.6,26.6,26.6,2835,0
TEN_F.US,5,20251113,154000,26.65,26.65,26.6,26.6,788,0
TEN_F.US,5,20251113,154500,26.55,26.55,26.55,26.55,498,0
TEN_F.US,5,20251113,160000,26.6,26.6,26.6,26.6,100,0
TEN_F.US,5,20251113,171500,26.64,26.64,26.64,26.64,100,0
TEN_F.US,5,20251113,174000,26.64,26.65,26.64,26.65,200,0
TEN_F.US,5,20251113,191000,26.6,26.6,26.6,26.6,200,0
TEN_F.US,5,20251113,195000,26.59,26.59,26.59,26.59,100,0
TEN_F.US,5,20251114,165000,26.6494,26.6494,26.6494,26.6494,300,0
TEN_F.US,5,20251114,170000,26.6494,26.6494,26.6494,26.6494,2500,0
TEN_F.US,5,20251114,171000,26.62,26.62,26.62,26.62,300,0
TEN_F.US,5,20251114,172000,26.65,26.795,26.65,26.795,1228,0
TEN_F.US,5,20251114,174500,26.6,26.6,26.59,26.59,437,0
TEN_F.US,5,20251114,175000,26.59,26.59,26.55,26.56,335,0
TEN_F.US,5,20251114,184500,26.78,26.8,26.78,26.8,500,0
TEN_F.US,5,20251114,185000,26.6865,26.6865,26.6865,26.6865,576,0
TEN_F.US,5,20251114,192000,26.675,26.675,26.675,26.675,200,0
TEN_F.US,5,20251114,201000,26.66,26.66,26.66,26.66,100,0
TEN_F.US,5,20251114,205500,26.659,26.7,26.61,26.7,1654,0
TEN_F.US,5,20251114,215000,26.7,26.7,26.7,26.7,100,0
TEN_F.US,5,20251117,160000,26.67,26.67,26.67,26.67,187,0
TEN_F.US,5,20251117,165000,26.7877,26.7877,26.7877,26.7877,100,0
TEN_F.US,5,20251117,170000,26.77,26.77,26.77,26.77,100,0
TEN_F.US,5,20251117,175500,26.6986,26.6986,26.6986,26.6986,300,0
TEN_F.US,5,20251117,180000,26.6982,26.6982,26.6982,26.6982,300,0
TEN_F.US,5,20251117,181000,26.69,26.69,26.69,26.69,100,0
TEN_F.US,5,20251117,191500,26.6492,26.6492,26.6492,26.6492,500,0
TEN_F.US,5,20251117,193000,26.6,26.6,26.6,26.6,100,0
TEN_F.US,5,20251117,193500,26.5901,26.5901,26.5901,26.5901,500,0
TEN_F.US,5,20251117,194000,26.6,26.6,26.6,26.6,100,0
TEN_F.US,5,20251117,202500,26.6057,26.6057,26.6004,26.6004,800,0
TEN_F.US,5,20251117,210000,26.6098,26.6098,26.6098,26.6098,100,0
TEN_F.US,5,20251117,215000,26.61,26.61,26.61,26.61,285,0
TEN_F.US,5,20251117,215500,26.606,26.606,26.606,26.606,200,0
TEN_F.US,5,20251118,160000,26.6352,26.6352,26.6352,26.6352,120,0
TEN_F.US,5,20251118,161000,26.56,26.56,26.56,26.56,100,0
TEN_F.US,5,20251118,162500,26.6692,26.6692,26.6692,26.6692,500,0
TEN_F.US,5,20251118,180500,26.79,26.79,26.79,26.79,100,0
TEN_F.US,5,20251118,181000,26.63,26.63,26.63,26.63,100,0
TEN_F.US,5,20251118,181500,26.63,26.63,26.51,26.51,1879,0
TEN_F.US,5,20251118,182500,26.67,26.67,26.67,26.67,100,0
TEN_F.US,5,20251118,184000,26.6228,26.6228,26.6228,26.6228,150,0
TEN_F.US,5,20251118,185000,26.53,26.53,26.53,26.53,144,0
TEN_F.US,5,20251118,200000,26.62,26.62,26.62,26.62,500,0
TEN_F.US,5,20251118,212000,26.65,26.65,26.65,26.65,100,0
TEN_F.US,5,20251119,153000,26.51,26.51,26.4,26.4,1164,0
TEN_F.US,5,20251119,153500,26.6381,26.6381,26.6381,26.6381,100,0
TEN_F.US,5,20251119,162000,26.5645,26.5645,26.5645,26.5645,490,0
TEN_F.US,5,20251119,180000,26.62,26.62,26.605,26.605,635,0
TEN_F.US,5,20251119,191000,26.632,26.632,26.632,26.632,626,0
TEN_F.US,5,20251119,192500,26.6,26.6,26.6,26.6,500,0
TEN_F.US,5,20251119,201500,26.62,26.62,26.62,26.62,100,0
TEN_F.US,5,20251119,203500,26.6117,26.6117,26.6117,26.6117,200,0
TEN_F.US,5,20251119,210500,26.61,26.61,26.61,26.61,100,0
TEN_F.US,5,20251119,212000,26.61,26.61,26.61,26.61,159,0
TEN_F.US,5,20251120,154000,26.6,26.6,26.6,26.6,400,0
TEN_F.US,5,20251120,155000,26.6,26.6,26.6,26.6,200,0
TEN_F.US,5,20251120,162500,26.6,26.6,26.6,26.6,100,0
TEN_F.US,5,20251120,163500,26.6,26.6,26.6,26.6,365,0
TEN_F.US,5,20251120,164500,26.6,26.6,26.6,26.6,435,0
TEN_F.US,5,20251120,165000,26.56,26.56,26.56,26.56,253,0
TEN_F.US,5,20251120,181500,26.54,26.54,26.54,26.54,100,0
TEN_F.US,5,20251120,193500,26.53,26.53,26.52,26.52,433,0
TEN_F.US,5,20251120,194500,26.4711,26.472,26.4711,26.472,768,0
TEN_F.US,5,20251120,200000,26.4778,26.4847,26.45,26.45,900,0
TEN_F.US,5,20251120,202000,26.45,26.45,26.44,26.44,2100,0
TEN_F.US,5,20251120,204500,26.45,26.45,26.45,26.45,300,0
TEN_F.US,5,20251120,205500,26.4505,26.4505,26.4,26.4,783,0
TEN_F.US,5,20251120,210500,26.39,26.39,26.39,26.39,100,0
TEN_F.US,5,20251120,213500,26.4,26.4,26.4,26.4,100,0
TEN_F.US,5,20251120,214000,26.38,26.4,26.38,26.4,1752,0
TEN_F.US,5,20251120,214500,26.4512,26.4512,26.4512,26.4512,200,0
TEN_F.US,5,20251120,215000,26.46,26.46,26.46,26.46,100,0
TEN_F.US,5,20251120,215500,26.5,26.5,26.5,26.5,200,0
TEN_F.US,5,20251121,153500,26.55,26.55,26.55,26.55,1200,0
TEN_F.US,5,20251121,154000,26.535,26.535,26.5225,26.5225,246,0
TEN_F.US,5,20251121,155000,26.55,26.55,26.55,26.55,100,0
TEN_F.US,5,20251121,160000,26.55,26.55,26.55,26.55,200,0
TEN_F.US,5,20251121,160500,26.55,26.55,26.55,26.55,100,0
TEN_F.US,5,20251121,163500,26.55,26.55,26.55,26.55,100,0
TEN_F.US,5,20251121,164000,26.55,26.55,26.55,26.55,100,0
TEN_F.US,5,20251121,171500,26.55,26.55,26.55,26.55,100,0
TEN_F.US,5,20251121,180500,26.525,26.525,26.525,26.525,500,0
TEN_F.US,5,20251121,181000,26.5255,26.5255,26.5255,26.5255,500,0
TEN_F.US,5,20251121,193000,26.5388,26.5388,26.5388,26.5388,1130,0
TEN_F.US,5,20251121,211500,26.53,26.53,26.53,26.53,100,0
TEN_F.US,5,20251124,154000,26.6,26.6,26.6,26.6,115,0
TEN_F.US,5,20251124,154500,26.58,26.58,26.58,26.58,340,0
TEN_F.US,5,20251124,171000,26.505,26.57,26.505,26.57,228,0
TEN_F.US,5,20251124,171500,26.5,26.5001,26.5,26.5001,600,0
TEN_F.US,5,20251124,172000,26.57,26.57,26.57,26.57,100,0
TEN_F.US,5,20251124,190000,26.53,26.53,26.53,26.53,1000,0
TEN_F.US,5,20251124,194000,26.52,26.5201,26.52,26.5201,600,0
TEN_F.US,5,20251124,200000,26.52,26.5201,26.52,26.5201,200,0
TEN_F.US,5,20251124,203500,26.57,26.57,26.55,26.55,700,0
TEN_F.US,5,20251124,204000,26.535,26.535,26.535,26.535,200,0
TEN_F.US,5,20251124,205000,26.56,26.56,26.56,26.56,100,0
TEN_F.US,5,20251124,205500,26.55,26.55,26.55,26.55,500,0
TEN_F.US,5,20251124,211000,26.58,26.58,26.5571,26.5571,200,0
TEN_F.US,5,20251124,215000,26.5745,26.5745,26.5745,26.5745,200,0
TEN_F.US,5,20251125,153000,26.5344,26.5344,26.5344,26.5344,380,0
TEN_F.US,5,20251125,153500,26.5361,26.57,26.5361,26.57,800,0
TEN_F.US,5,20251125,154000,26.5361,26.5361,26.5361,26.5361,400,0
TEN_F.US,5,20251125,155500,26.4306,26.4306,26.4306,26.4306,185,0
TEN_F.US,5,20251125,160000,26.57,26.57,26.57,26.57,100,0
TEN_F.US,5,20251125,161500,26.5799,26.5799,26.5799,26.5799,400,0
TEN_F.US,5,20251125,180000,26.58,26.58,26.5799,26.5799,800,0
TEN_F.US,5,20251125,183000,26.57,26.57,26.57,26.57,100,0
TEN_F.US,5,20251125,183500,26.5469,26.5469,26.5469,26.5469,128,0
TEN_F.US,5,20251125,193500,26.51,26.51,26.51,26.51,100,0
TEN_F.US,5,20251125,213500,26.5442,26.5442,26.5442,26.5442,250,0
TEN_F.US,5,20251126,165500,26.64,26.64,26.64,26.64,100,0
TEN_F.US,5,20251126,170000,26.67,26.67,26.67,26.67,1000,0
TEN_F.US,5,20251126,180500,26.58,26.58,26.58,26.58,116,0
TEN_F.US,5,20251126,201000,26.7151,26.7151,26.7151,26.7151,100,0
TEN_F.US,5,20251128,155000,26.77,26.78,26.75,26.75,1100,0
TEN_F.US,5,20251128,155500,26.7999,26.7999,26.675,26.7999,2000,0
TEN_F.US,5,20251128,160000,26.716,26.85,26.716,26.85,2800,0
TEN_F.US,5,20251128,162000,26.7787,26.7787,26.7787,26.7787,1000,0
TEN_F.US,5,20251128,162500,26.86,26.87,26.84,26.8699,1300,0
TEN_F.US,5,20251128,163000,26.8775,26.8775,26.8775,26.8775,1000,0
TEN_F.US,5,20251128,163500,26.8,26.8,26.8,26.8,476,0
TEN_F.US,5,20251128,164500,26.79,26.8,26.7354,26.8,421,0
TEN_F.US,5,20251128,170000,26.8,26.8,26.8,26.8,100,0
TEN_F.US,5,20251128,170500,26.72,26.72,26.72,26.72,100,0
TEN_F.US,5,20251128,171000,26.65,26.98,26.65,26.95,1950,0
TEN_F.US,5,20251128,171500,26.89,26.89,26.89,26.89,200,0
TEN_F.US,5,20251128,172500,26.87,26.87,26.77,26.79,971,0
TEN_F.US,5,20251128,183500,26.87,26.87,26.87,26.87,100,0
TEN_F.US,5,20251128,184000,26.85,26.85,26.85,26.85,100,0
TEN_F.US,5,20251201,153500,26.61,26.66,26.61,26.66,300,0
TEN_F.US,5,20251201,154500,26.6634,26.72,26.6634,26.7162,740,0
TEN_F.US,5,20251201,160000,26.6803,26.6875,26.6803,26.6875,800,0
TEN_F.US,5,20251201,160500,26.6836,26.72,26.6836,26.72,300,0
TEN_F.US,5,20251201,162000,26.66,26.685,26.65,26.65,2466,0
TEN_F.US,5,20251201,165500,26.67,26.67,26.67,26.67,100,0
TEN_F.US,5,20251201,172000,26.69,26.69,26.69,26.69,100,0
TEN_F.US,5,20251201,174500,26.71,26.71,26.71,26.71,100,0
TEN_F.US,5,20251201,175000,26.72,26.72,26.72,26.72,200,0
TEN_F.US,5,20251201,185500,26.6705,26.6705,26.6705,26.6705,500,0
TEN_F.US,5,20251201,190000,26.71,26.71,26.71,26.71,100,0
TEN_F.US,5,20251201,195000,26.67,26.67,26.67,26.67,200,0
TEN_F.US,5,20251201,200000,26.66,26.6634,26.66,26.6634,786,0
TEN_F.US,5,20251201,204500,26.67,26.69,26.67,26.69,200,0
TEN_F.US,5,20251201,215500,26.74,26.74,26.74,26.74,200,0
TEN_F.US,5,20251202,161500,26.7264,26.7264,26.7264,26.7264,375,0
TEN_F.US,5,20251202,172000,26.68,26.68,26.64,26.64,964,0
TEN_F.US,5,20251202,173000,26.68,26.68,26.68,26.68,200,0
TEN_F.US,5,20251202,173500,26.6673,26.6673,26.6673,26.6673,200,0
TEN_F.US,5,20251202,175500,26.6877,26.6877,26.6877,26.6877,100,0
TEN_F.US,5,20251202,192500,26.65,26.65,26.65,26.65,100,0
TEN_F.US,5,20251202,193000,26.68,26.68,26.68,26.68,1900,0
TEN_F.US,5,20251202,202500,26.69,26.69,26.69,26.69,100,0
TEN_F.US,5,20251202,205000,26.6772,26.6772,26.6772,26.6772,130,0
TEN_F.US,5,20251202,210500,26.68,26.7,26.68,26.7,398,0
TEN_F.US,5,20251203,153000,26.72,26.72,26.72,26.72,100,0
TEN_F.US,5,20251203,164000,26.7072,26.7072,26.7072,26.7072,1000,0
TEN_F.US,5,20251203,165000,26.7,26.7,26.7,26.7,122,0
TEN_F.US,5,20251203,165500,26.7,26.7,26.7,26.7,193,0
TEN_F.US,5,20251203,171500,26.65,26.66,26.65,26.66,1000,0
TEN_F.US,5,20251203,172000,26.69,26.69,26.69,26.69,100,0
TEN_F.US,5,20251203,172500,26.72,26.72,26.6,26.65,2380,0
TEN_F.US,5,20251203,173500,26.66,26.66,26.66,26.66,100,0
TEN_F.US,5,20251203,175500,26.65,26.65,26.65,26.65,200,0
TEN_F.US,5,20251203,182500,26.6515,26.6515,26.6515,26.6515,112,0
TEN_F.US,5,20251203,195500,26.72,26.72,26.7199,26.7199,914,0
TEN_F.US,5,20251203,203500,26.6834,26.7,26.6834,26.7,1080,0
TEN_F.US,5,20251204,153000,26.6,26.6,26.6,26.6,400,0
TEN_F.US,5,20251204,154000,26.68,26.68,26.6714,26.6714,300,0
TEN_F.US,5,20251204,160500,26.68,26.68,26.68,26.68,300,0
TEN_F.US,5,20251204,163500,26.68,26.68,26.68,26.68,940,0
TEN_F.US,5,20251204,164000,26.68,26.68,26.68,26.68,1070,0
TEN_F.US,5,20251204,181500,26.68,26.7043,26.68,26.7043,750,0
TEN_F.US,5,20251204,185500,26.67,26.67,26.67,26.67,200,0
TEN_F.US,5,20251204,191500,26.68,26.68,26.67,26.67,1000,0
TEN_F.US,5,20251204,194500,26.699,26.699,26.699,26.699,200,0
TEN_F.US,5,20251204,203000,26.68,26.68,26.68,26.68,256,0
TEN_F.US,5,20251204,205500,26.67,26.67,26.65,26.65,200,0
TEN_F.US,5,20251204,212500,26.664,26.664,26.664,26.664,100,0
TEN_F.US,5,20251204,213000,26.68,26.69,26.68,26.68,600,0
TEN_F.US,5,20251205,162000,26.6799,26.68,26.66,26.66,500,0
TEN_F.US,5,20251205,163000,26.68,26.68,26.68,26.68,300,0
TEN_F.US,5,20251205,174000,26.6605,26.6605,26.6605,26.6605,100,0
TEN_F.US,5,20251205,183000,26.6799,26.68,26.6799,26.68,2924,0
TEN_F.US,5,20251205,183500,26.68,26.68,26.68,26.68,1600,0
TEN_F.US,5,20251205,193000,26.68,26.68,26.68,26.68,1870,0
TEN_F.US,5,20251205,195000,26.68,26.68,26.68,26.68,627,0
TEN_F.US,5,20251205,214500,26.72,26.72,26.6601,26.6601,600,0
TEN_F.US,5,20251208,153000,26.66,26.66,26.66,26.66,100,0
TEN_F.US,5,20251208,153500,26.66,26.66,26.66,26.66,200,0
TEN_F.US,5,20251208,155000,26.7,26.72,26.7,26.72,600,0
TEN_F.US,5,20251208,163500,26.7,26.7,26.7,26.7,499,0
TEN_F.US,5,20251208,173000,26.7,26.7,26.5295,26.5295,2080,0
TEN_F.US,5,20251208,174500,26.59,26.67,26.57,26.67,700,0
TEN_F.US,5,20251208,180500,26.67,26.67,26.67,26.67,100,0
TEN_F.US,5,20251208,185000,26.68,26.68,26.68,26.68,100,0
TEN_F.US,5,20251208,210500,26.7,26.7,26.6,26.65,725,0
TEN_F.US,5,20251208,215500,26.6485,26.6485,26.6485,26.6485,382,0
TEN_F.US,5,20251209,153000,26.56,26.59,26.2,26.59,3702,0
TEN_F.US,5,20251209,160000,26.63,26.63,26.62,26.62,200,0
TEN_F.US,5,20251209,164500,26.63,26.63,26.62,26.62,375,0
TEN_F.US,5,20251209,173500,26.57,26.59,26.57,26.59,300,0
TEN_F.US,5,20251209,183500,26.63,26.63,26.63,26.63,100,0
TEN_F.US,5,20251209,215500,26.67,26.67,26.64,26.64,335,0
TEN_F.US,5,20251210,153000,26.72,26.72,26.7,26.7,626,0
TEN_F.US,5,20251210,154500,26.7,26.7,26.7,26.7,400,0
TEN_F.US,5,20251210,155000,26.7,26.7,26.7,26.7,400,0
TEN_F.US,5,20251210,165000,26.7,26.7,26.7,26.7,100,0
TEN_F.US,5,20251210,183000,26.7,26.7,26.7,26.7,142,0
TEN_F.US,5,20251210,184000,26.7025,26.7025,26.7025,26.7025,100,0
TEN_F.US,5,20251210,184500,26.7,26.72,26.7,26.72,900,0
TEN_F.US,5,20251210,194500,26.72,26.82,26.72,26.82,2600,0
TEN_F.US,5,20251210,195000,26.78,26.78,26.78,26.78,100,0
TEN_F.US,5,20251210,195500,26.8,26.8,26.8,26.8,100,0
TEN_F.US,5,20251210,215500,26.7988,26.7988,26.7988,26.7988,150,0
TEN_F.US,5,20251211,154500,26.816,26.816,26.816,26.816,126,0
TEN_F.US,5,20251211,155500,26.8614,26.8614,26.8614,26.8614,231,0
TEN_F.US,5,20251211,160500,26.8308,26.8308,26.8308,26.8308,185,0
TEN_F.US,5,20251211,164500,26.82,26.82,26.82,26.82,200,0
TEN_F.US,5,20251211,165500,26.75,26.81,26.75,26.81,300,0
TEN_F.US,5,20251211,172500,26.8799,26.8799,26.8799,26.8799,500,0
TEN_F.US,5,20251211,185000,26.75,26.8,26.75,26.8,900,0
TEN_F.US,5,20251211,214000,26.75,26.75,26.75,26.75,350,0
TEN_F.US,5,20251211,215500,26.73,26.73,26.72,26.72,300,0
TEN_F.US,5,20251212,161000,26.74,26.74,26.74,26.74,100,0
TEN_F.US,5,20251212,162000,26.8002,26.8002,26.8002,26.8002,200,0
TEN_F.US,5,20251212,164500,26.81,26.81,26.81,26.81,400,0
TEN_F.US,5,20251212,190000,26.85,26.85,26.84,26.85,400,0
TEN_F.US,5,20251212,190500,26.791,26.791,26.791,26.791,100,0
TEN_F.US,5,20251212,191000,26.82,26.82,26.82,26.82,100,0
TEN_F.US,5,20251212,191500,26.8,26.8,26.8,26.8,200,0
TEN_F.US,5,20251215,155500,26.71,26.71,26.71,26.71,100,0
TEN_F.US,5,20251215,160000,26.75,26.7502,26.75,26.7502,400,0
TEN_F.US,5,20251215,162000,26.75,26.75,26.75,26.75,200,0
TEN_F.US,5,20251215,171000,26.72,26.72,26.71,26.71,430,0
TEN_F.US,5,20251215,173500,26.75,26.75,26.75,26.75,100,0
TEN_F.US,5,20251215,181000,26.7547,26.7547,26.7547,26.7547,200,0
TEN_F.US,5,20251215,185500,26.76,26.76,26.76,26.76,300,0
TEN_F.US,5,20251215,212000,26.7858,26.7858,26.7858,26.7858,319,0
TEN_F.US,5,20251215,212500,26.7664,26.7664,26.7664,26.7664,1000,0
TEN_F.US,5,20251215,214500,26.7,26.7,26.7,26.7,227,0
TEN_F.US,5,20251215,215500,26.75,26.75,26.75,26.75,100,0
TEN_F.US,5,20251216,160500,26.765,26.765,26.765,26.765,2000,0
TEN_F.US,5,20251216,162000,26.7001,26.7001,26.7001,26.7001,2000,0
TEN_F.US,5,20251216,162500,26.77,26.77,26.77,26.77,100,0
TEN_F.US,5,20251216,165000,26.74,26.74,26.74,26.74,300,0
TEN_F.US,5,20251216,175000,26.77,26.77,26.765,26.77,5143,0
TEN_F.US,5,20251216,180500,26.83,26.9,26.83,26.89,1119,0
TEN_F.US,5,20251216,193500,26.9,26.9,26.9,26.9,100,0
TEN_F.US,5,20251216,204000,26.86,26.86,26.86,26.86,850,0
TEN_F.US,5,20251216,212500,26.83,26.83,26.83,26.83,168,0
TEN_F.US,5,20251216,213000,26.85,26.85,26.85,26.85,100,0
TEN_F.US,5,20251216,214000,26.875,26.875,26.875,26.875,200,0
TEN_F.US,5,20251216,215000,26.875,26.875,26.875,26.875,200,0
TEN_F.US,5,20251217,153000,26.88,26.88,26.88,26.88,395,0
TEN_F.US,5,20251217,154500,26.84,26.84,26.84,26.84,497,0
TEN_F.US,5,20251217,155000,26.84,26.84,26.84,26.84,100,0
TEN_F.US,5,20251217,160500,26.912,26.912,26.912,26.912,216,0
TEN_F.US,5,20251217,162000,26.87,26.9137,26.87,26.9137,914,0
TEN_F.US,5,20251217,170500,26.9076,26.9076,26.9076,26.9076,169,0
TEN_F.US,5,20251217,174000,26.86,26.9,26.86,26.9,200,0
TEN_F.US,5,20251217,183000,26.87,26.87,26.87,26.87,100,0
TEN_F.US,5,20251217,184500,26.84,26.84,26.84,26.84,100,0
TEN_F.US,5,20251217,190500,26.85,26.85,26.85,26.85,300,0
TEN_F.US,5,20251217,191500,26.9,26.9,26.885,26.885,200,0
TEN_F.US,5,20251217,192000,26.92,26.92,26.84,26.85,632,0
TEN_F.US,5,20251217,192500,26.86,26.97,26.86,26.97,2466,0
TEN_F.US,5,20251217,193000,26.955,26.98,26.92,26.98,800,0
TEN_F.US,5,20251217,193500,26.88,26.96,26.88,26.96,300,0
TEN_F.US,5,20251217,194000,26.86,26.93,26.86,26.92,400,0
TEN_F.US,5,20251217,195500,26.87,26.87,26.87,26.87,200,0
TEN_F.US,5,20251217,200000,26.83,26.84,26.83,26.84,200,0
TEN_F.US,5,20251217,201000,26.88,26.9,26.88,26.9,200,0
TEN_F.US,5,20251217,205500,26.87,26.87,26.87,26.87,100,0
TEN_F.US,5,20251217,210500,26.9,26.9,26.9,26.9,100,0
TEN_F.US,5,20251217,212000,26.87,26.87,26.87,26.87,100,0
TEN_F.US,5,20251217,212500,26.89,26.89,26.89,26.89,100,0
TEN_F.US,5,20251217,214500,26.87,26.87,26.87,26.87,100,0
TEN_F.US,5,20251218,153500,26.86,26.86,26.86,26.86,100,0
TEN_F.US,5,20251218,162500,26.97,27.1,26.97,27.1,1300,0
TEN_F.US,5,20251218,164000,27.02,27.02,27.02,27.02,135,0
TEN_F.US,5,20251218,165500,27,27,26.99,26.99,300,0
TEN_F.US,5,20251218,170500,27.01,27.01,27.01,27.01,100,0
TEN_F.US,5,20251218,174000,27,27,27,27,120,0
TEN_F.US,5,20251218,181500,27,27,27,27,244,0
TEN_F.US,5,20251218,182500,27,27.04,27,27.04,2884,0
TEN_F.US,5,20251218,183000,27.05,27.05,27.05,27.05,2727,0
TEN_F.US,5,20251218,191500,27.04,27.04,27.04,27.04,350,0
TEN_F.US,5,20251218,200000,27.04,27.0497,27.04,27.0497,600,0
TEN_F.US,5,20251218,211000,27.04,27.05,27.04,27.05,1360,0
TEN_F.US,5,20251218,212000,27.05,27.05,27.05,27.05,300,0
TEN_F.US,5,20251218,212500,27.0759,27.0759,27.0759,27.0759,300,0
TEN_F.US,5,20251218,214000,27.05,27.05,27.05,27.05,460,0
TEN_F.US,5,20251219,172500,27.03,27.14,27.03,27.14,1000,0
TEN_F.US,5,20251219,173000,27.05,27.13,27.05,27.13,500,0
TEN_F.US,5,20251219,174000,27.13,27.13,27.13,27.13,100,0
TEN_F.US,5,20251219,174500,27.06,27.12,27.06,27.12,300,0
TEN_F.US,5,20251219,181000,27.07,27.07,27.07,27.07,100,0
TEN_F.US,5,20251219,181500,27.07,27.07,27.06,27.06,429,0
TEN_F.US,5,20251219,182500,27.14,27.2,27.04,27.09,10543,0
TEN_F.US,5,20251219,183000,27.1,27.11,27.04,27.04,700,0
TEN_F.US,5,20251219,183500,27.06,27.11,27.04,27.11,800,0
TEN_F.US,5,20251219,185000,27.06,27.06,27.02,27.02,620,0
TEN_F.US,5,20251219,190000,27.02,27.02,26.99,26.99,651,0
TEN_F.US,5,20251219,191500,27.01,27.02,27.01,27.02,300,0
TEN_F.US,5,20251219,192000,27.02,27.02,27.02,27.02,400,0
TEN_F.US,5,20251219,192500,27,27,27,27,2164,0
TEN_F.US,5,20251219,203000,26.98,27,26.98,27,1100,0
TEN_F.US,5,20251219,204000,26.99,27,26.9742,26.9742,600,0
TEN_F.US,5,20251219,204500,26.9693,26.9693,26.9693,26.9693,200,0
TEN_F.US,5,20251219,210000,26.99,27.09,26.9899,27.08,1500,0
TEN_F.US,5,20251219,215500,26.9836,26.9836,26.92,26.92,1767,0
TEN_F.US,5,20251222,153000,27.14,27.2099,27.05,27.2099,861,0
TEN_F.US,5,20251222,154000,26.97,26.98,26.95,26.95,1561,0
TEN_F.US,5,20251222,154500,26.98,26.99,26.98,26.99,200,0
TEN_F.US,5,20251222,160000,26.99,27,26.99,27,400,0
TEN_F.US,5,20251222,162500,26.96,26.96,26.95,26.95,600,0
TEN_F.US,5,20251222,164500,27,27,27,27,300,0
TEN_F.US,5,20251222,171000,26.99,27.05,26.99,27.05,880,0
TEN_F.US,5,20251222,172500,27,27.02,27,27.02,1600,0
TEN_F.US,5,20251222,173000,27.04,27.05,27.04,27.05,1200,0
TEN_F.US,5,20251222,174500,27.04,27.0408,27.04,27.0408,700,0
TEN_F.US,5,20251222,175000,27.04,27.05,27.04,27.05,1300,0
TEN_F.US,5,20251222,180000,27.04,27.04,27.04,27.04,100,0
TEN_F.US,5,20251222,180500,27.04,27.05,27.04,27.05,900,0
TEN_F.US,5,20251222,181000,27.04,27.068,27.04,27.056,1480,0
TEN_F.US,5,20251222,181500,27.04,27.04,27.04,27.04,300,0
TEN_F.US,5,20251222,182000,27.05,27.0999,27.04,27.05,999,0
TEN_F.US,5,20251222,183000,27.05,27.05,27.05,27.05,300,0
TEN_F.US,5,20251222,185000,27.04,27.055,27.04,27.055,306,0
TEN_F.US,5,20251222,185500,27.05,27.05,27.05,27.05,100,0
TEN_F.US,5,20251222,192000,27.04,27.04,27.04,27.04,156,0
TEN_F.US,5,20251222,192500,27.0401,27.0401,27.0401,27.0401,500,0
TEN_F.US,5,20251222,193000,27.04,27.04,27.04,27.04,200,0
TEN_F.US,5,20251222,193500,27.05,27.05,27.04,27.04,356,0
TEN_F.US,5,20251222,194500,27.04,27.04,27.04,27.04,738,0
TEN_F.US,5,20251222,195000,26.96,27.04,26.96,27.04,1124,0
TEN_F.US,5,20251222,195500,26.96,26.96,26.96,26.96,100,0
TEN_F.US,5,20251222,201000,26.95,26.95,26.95,26.95,100,0
TEN_F.US,5,20251222,202000,26.96,26.96,26.96,26.96,100,0
TEN_F.US,5,20251222,205000,26.92,26.99,26.92,26.99,643,0
TEN_F.US,5,20251222,211000,26.94,26.94,26.94,26.94,100,0
TEN_F.US,5,20251222,212000,26.88,26.88,26.88,26.88,597,0
TEN_F.US,5,20251222,212500,26.88,26.88,26.88,26.88,100,0
TEN_F.US,5,20251222,214000,26.83,26.94,26.83,26.87,500,0
TEN_F.US,5,20251222,214500,26.85,26.85,26.85,26.85,100,0
TEN_F.US,5,20251222,215000,26.88,26.88,26.88,26.88,100,0
TEN_F.US,5,20251222,215500,26.86,26.93,26.86,26.93,200,0
