<TICKER>,<PER>,<DATE>,<TIME>,<OPEN>,<HIGH>,<LOW>,<CLOSE>,<VOL>,<OPENINT>
XAPR.US,5,20250728,162500,35.3353,35.34,35.3353,35.3399,620,0
XAPR.US,5,20250728,165500,35.34,35.34,35.34,35.34,100,0
XAPR.US,5,20250729,181000,35.33,35.33,35.33,35.33,1382,0
XAPR.US,5,20250729,184000,35.35,35.35,35.35,35.35,506,0
XAPR.US,5,20250729,195500,35.36,35.36,35.36,35.36,910,0
XAPR.US,5,20250730,194500,35.3446,35.3446,35.3446,35.3446,216,0
XAPR.US,5,20250730,195000,35.35,35.35,35.35,35.35,103,0
XAPR.US,5,20250730,202000,35.35,35.35,35.3499,35.3499,200,0
XAPR.US,5,20250730,202500,35.36,35.36,35.36,35.36,103,0
XAPR.US,5,20250730,203500,35.33,35.33,35.33,35.33,1364,0
XAPR.US,5,20250730,204000,35.33,35.33,35.33,35.33,1313,0
XAPR.US,5,20250730,210500,35.3,35.3,35.3,35.3,100,0
XAPR.US,5,20250730,213500,35.285,35.285,35.285,35.285,141,0
XAPR.US,5,20250730,215500,35.32,35.32,35.32,35.32,1400,0
XAPR.US,5,20250731,192000,35.3123,35.3123,35.3123,35.3123,132,0
XAPR.US,5,20250731,204500,35.3299,35.3299,35.3299,35.3299,190,0
XAPR.US,5,20250731,215000,35.29,35.29,35.29,35.29,12407,0
XAPR.US,5,20250801,160000,35.2,35.2,35.2,35.2,4300,0
XAPR.US,5,20250801,161000,35.21,35.21,35.21,35.21,5000,0
XAPR.US,5,20250801,163500,35.24,35.24,35.24,35.24,273,0
XAPR.US,5,20250801,203500,35.184,35.184,35.184,35.184,152,0
XAPR.US,5,20250804,155500,35.33,35.33,35.33,35.33,100,0
XAPR.US,5,20250804,163000,35.34,35.34,35.34,35.34,100,0
XAPR.US,5,20250804,185500,35.311,35.311,35.311,35.311,154,0
XAPR.US,5,20250804,190000,35.33,35.33,35.33,35.33,903,0
XAPR.US,5,20250804,190500,35.35,35.35,35.35,35.35,100,0
XAPR.US,5,20250804,211500,35.33,35.33,35.33,35.33,2924,0
XAPR.US,5,20250804,215000,35.31,35.3101,35.31,35.3101,274,0
XAPR.US,5,20250805,161500,35.315,35.315,35.315,35.315,235,0
XAPR.US,5,20250805,191500,35.31,35.31,35.31,35.31,1240,0
XAPR.US,5,20250805,212000,35.31,35.31,35.31,35.31,601,0
XAPR.US,5,20250806,161500,35.36,35.36,35.36,35.36,100,0
XAPR.US,5,20250806,163000,35.3445,35.3445,35.3445,35.3445,333,0
XAPR.US,5,20250806,164500,35.35,35.3699,35.35,35.3699,833,0
XAPR.US,5,20250806,170500,35.345,35.345,35.345,35.345,263,0
XAPR.US,5,20250806,182500,35.37,35.38,35.37,35.3799,1430,0
XAPR.US,5,20250806,183000,35.355,35.355,35.355,35.355,138,0
XAPR.US,5,20250806,190000,35.3401,35.3401,35.3401,35.3401,500,0
XAPR.US,5,20250806,192000,35.35,35.35,35.35,35.35,901,0
XAPR.US,5,20250806,195000,35.34,35.34,35.34,35.34,1300,0
XAPR.US,5,20250806,202500,35.35,35.35,35.35,35.35,100,0
XAPR.US,5,20250807,161000,35.4041,35.4041,35.4041,35.4041,117,0
XAPR.US,5,20250807,165500,35.3605,35.3605,35.3605,35.3605,300,0
XAPR.US,5,20250807,170000,35.35,35.35,35.35,35.35,400,0
XAPR.US,5,20250807,185000,35.35,35.35,35.3301,35.3301,3150,0
XAPR.US,5,20250807,185500,35.33,35.35,35.33,35.3304,5496,0
XAPR.US,5,20250807,191000,35.33,35.335,35.33,35.33,946,0
XAPR.US,5,20250807,192000,35.35,35.35,35.35,35.35,204,0
XAPR.US,5,20250807,192500,35.33,35.35,35.33,35.35,334,0
XAPR.US,5,20250807,211500,35.3408,35.3408,35.3408,35.3408,705,0
XAPR.US,5,20250807,213500,35.33,35.33,35.33,35.33,1400,0
XAPR.US,5,20250807,215000,35.33,35.33,35.33,35.33,710,0
XAPR.US,5,20250808,154500,35.3995,35.3995,35.3995,35.3995,300,0
XAPR.US,5,20250808,160500,35.41,35.41,35.41,35.41,500,0
XAPR.US,5,20250808,164000,35.4001,35.4001,35.4001,35.4001,820,0
XAPR.US,5,20250808,172000,35.391,35.4046,35.391,35.4046,252,0
XAPR.US,5,20250811,163000,35.4349,35.4349,35.4349,35.4349,494,0
XAPR.US,5,20250811,181000,35.43,35.43,35.43,35.43,238,0
XAPR.US,5,20250811,202000,35.4199,35.44,35.41,35.44,470,0
XAPR.US,5,20250812,174500,35.451,35.451,35.451,35.451,500,0
XAPR.US,5,20250812,184500,35.49,35.49,35.47,35.47,1321,0
XAPR.US,5,20250812,191500,35.4799,35.48,35.4799,35.4799,667,0
XAPR.US,5,20250812,192500,35.465,35.48,35.465,35.4799,970,0
XAPR.US,5,20250812,194000,35.4799,35.49,35.4799,35.49,1070,0
XAPR.US,5,20250812,200000,35.47,35.47,35.47,35.47,262,0
XAPR.US,5,20250812,201000,35.4827,35.49,35.47,35.47,985,0
XAPR.US,5,20250812,202000,35.49,35.49,35.4824,35.4899,1264,0
XAPR.US,5,20250812,202500,35.4899,35.4899,35.4899,35.4899,426,0
XAPR.US,5,20250812,203500,35.47,35.4899,35.47,35.4899,1000,0
XAPR.US,5,20250812,204000,35.456,35.47,35.456,35.47,200,0
XAPR.US,5,20250813,155500,35.5197,35.52,35.5197,35.5199,3131,0
XAPR.US,5,20250813,172000,35.51,35.51,35.51,35.51,100,0
XAPR.US,5,20250813,200000,35.4722,35.4722,35.4722,35.4722,141,0
XAPR.US,5,20250813,213000,35.5,35.5,35.5,35.5,484,0
XAPR.US,5,20250814,165000,35.54,35.54,35.54,35.54,505,0
XAPR.US,5,20250814,190000,35.4601,35.4601,35.4601,35.4601,193,0
XAPR.US,5,20250814,192500,35.4999,35.4999,35.4999,35.4999,133,0
XAPR.US,5,20250814,193000,35.49,35.49,35.49,35.49,2559,0
XAPR.US,5,20250814,212000,35.5,35.5,35.5,35.5,128,0
XAPR.US,5,20250814,214500,35.49,35.5,35.49,35.5,1718,0
XAPR.US,5,20250814,215500,35.51,35.51,35.51,35.51,1446,0
XAPR.US,5,20250815,161500,35.51,35.51,35.51,35.51,631,0
XAPR.US,5,20250815,185500,35.53,35.53,35.53,35.53,1282,0
XAPR.US,5,20250815,190000,35.53,35.53,35.53,35.53,100,0
XAPR.US,5,20250818,185000,35.4904,35.4904,35.4904,35.4904,700,0
XAPR.US,5,20250818,212000,35.5,35.54,35.5,35.54,1104,0
XAPR.US,5,20250819,164000,35.5041,35.5041,35.5041,35.5041,201,0
XAPR.US,5,20250819,194500,35.49,35.49,35.49,35.49,630,0
XAPR.US,5,20250820,201500,35.46,35.46,35.46,35.46,523,0
XAPR.US,5,20250820,212500,35.48,35.48,35.48,35.48,372,0
XAPR.US,5,20250821,163500,35.45,35.45,35.45,35.45,675,0
XAPR.US,5,20250822,174000,35.56,35.57,35.56,35.57,358,0
XAPR.US,5,20250822,174500,35.56,35.56,35.56,35.56,227,0
XAPR.US,5,20250822,191500,35.5601,35.5601,35.5601,35.5601,150,0
XAPR.US,5,20250822,210500,35.59,35.61,35.59,35.61,1900,0
XAPR.US,5,20250822,211000,35.58,35.58,35.58,35.58,1755,0
XAPR.US,5,20250825,154000,35.56,35.56,35.56,35.56,1675,0
XAPR.US,5,20250825,155000,35.58,35.58,35.58,35.58,100,0
XAPR.US,5,20250825,172500,35.5704,35.5704,35.5704,35.5704,114,0
XAPR.US,5,20250825,180500,35.6,35.6,35.6,35.6,100,0
XAPR.US,5,20250825,184500,35.59,35.59,35.59,35.59,1181,0
XAPR.US,5,20250826,161500,35.565,35.565,35.565,35.565,119,0
XAPR.US,5,20250826,162000,35.57,35.57,35.57,35.57,100,0
XAPR.US,5,20250826,174500,35.57,35.57,35.57,35.57,119,0
XAPR.US,5,20250826,213500,35.58,35.58,35.5799,35.5799,4400,0
XAPR.US,5,20250827,154000,35.5577,35.5577,35.5577,35.5577,508,0
XAPR.US,5,20250827,163500,35.585,35.585,35.585,35.585,158,0
XAPR.US,5,20250827,174500,35.59,35.5999,35.59,35.5999,283,0
XAPR.US,5,20250827,175500,35.6,35.6,35.5999,35.5999,682,0
XAPR.US,5,20250827,181500,35.6,35.6,35.6,35.6,158,0
XAPR.US,5,20250827,182500,35.5844,35.59,35.575,35.575,1104,0
XAPR.US,5,20250827,202500,35.58,35.5801,35.58,35.5801,200,0
XAPR.US,5,20250827,204000,35.58,35.58,35.58,35.58,1214,0
XAPR.US,5,20250827,210500,35.61,35.61,35.61,35.61,3959,0
XAPR.US,5,20250828,162000,35.59,35.59,35.59,35.59,208,0
XAPR.US,5,20250828,184500,35.59,35.59,35.59,35.59,1500,0
XAPR.US,5,20250828,213500,35.6,35.6,35.59,35.59,1531,0
XAPR.US,5,20250829,163000,35.58,35.58,35.579,35.579,753,0
XAPR.US,5,20250829,183500,35.5873,35.5873,35.5873,35.5873,100,0
XAPR.US,5,20250829,190500,35.56,35.5601,35.56,35.5601,200,0
XAPR.US,5,20250829,215000,35.58,35.58,35.58,35.58,748,0
XAPR.US,5,20250902,170500,35.51,35.51,35.51,35.51,1073,0
XAPR.US,5,20250902,174500,35.49,35.49,35.49,35.49,100,0
XAPR.US,5,20250902,215000,35.55,35.55,35.55,35.55,607,0
XAPR.US,5,20250903,164000,35.57,35.57,35.57,35.57,300,0
XAPR.US,5,20250903,181500,35.57,35.57,35.57,35.57,687,0
XAPR.US,5,20250903,184500,35.5786,35.5786,35.5786,35.5786,102,0
XAPR.US,5,20250905,153000,35.69,35.69,35.69,35.69,4300,0
XAPR.US,5,20250905,155500,35.69,35.69,35.6899,35.6899,388,0
XAPR.US,5,20250905,215000,35.63,35.63,35.63,35.63,200,0
XAPR.US,5,20250908,162000,35.657,35.657,35.657,35.657,361,0
XAPR.US,5,20250908,162500,35.68,35.68,35.68,35.68,100,0
XAPR.US,5,20250908,164000,35.69,35.69,35.6899,35.6899,868,0
XAPR.US,5,20250908,165000,35.67,35.6799,35.67,35.6799,678,0
XAPR.US,5,20250908,165500,35.69,35.69,35.6899,35.6899,1474,0
XAPR.US,5,20250908,170500,35.6899,35.6899,35.6845,35.6845,560,0
XAPR.US,5,20250908,172000,35.69,35.69,35.6899,35.6899,466,0
XAPR.US,5,20250908,172500,35.6755,35.69,35.675,35.675,988,0
XAPR.US,5,20250908,173500,35.6899,35.6899,35.6899,35.6899,770,0
XAPR.US,5,20250908,174000,35.6899,35.69,35.6899,35.6899,670,0
XAPR.US,5,20250908,174500,35.68,35.68,35.68,35.68,100,0
XAPR.US,5,20250908,181500,35.68,35.68,35.6799,35.68,738,0
XAPR.US,5,20250908,182500,35.6799,35.6799,35.6799,35.6799,664,0
XAPR.US,5,20250908,183500,35.67,35.67,35.67,35.67,606,0
XAPR.US,5,20250908,185000,35.68,35.68,35.68,35.68,100,0
XAPR.US,5,20250908,185500,35.68,35.68,35.68,35.68,6157,0
XAPR.US,5,20250908,204500,35.6708,35.6708,35.6708,35.6708,121,0
XAPR.US,5,20250909,165500,35.7,35.7,35.7,35.7,144,0
XAPR.US,5,20250909,170000,35.675,35.675,35.675,35.675,164,0
XAPR.US,5,20250909,182500,35.7,35.7,35.7,35.7,100,0
XAPR.US,5,20250909,185500,35.7,35.71,35.68,35.71,3469,0
XAPR.US,5,20250909,193000,35.6851,35.6851,35.6851,35.6851,248,0
XAPR.US,5,20250910,155500,35.71,35.71,35.71,35.71,3503,0
XAPR.US,5,20250910,161500,35.72,35.72,35.72,35.72,461,0
XAPR.US,5,20250910,183500,35.7099,35.7099,35.6918,35.6918,1059,0
XAPR.US,5,20250910,213000,35.6873,35.6873,35.68,35.68,438,0
XAPR.US,5,20250910,214000,35.675,35.675,35.675,35.675,1128,0
XAPR.US,5,20250910,215000,35.705,35.705,35.705,35.705,248,0
XAPR.US,5,20250911,191500,35.752,35.752,35.752,35.752,125,0
XAPR.US,5,20250911,195500,35.74,35.7723,35.74,35.7723,1216,0
XAPR.US,5,20250912,154000,35.7101,35.7101,35.7101,35.7101,725,0
XAPR.US,5,20250912,160000,35.74,35.74,35.74,35.74,795,0
XAPR.US,5,20250912,161500,35.75,35.75,35.75,35.75,128,0
XAPR.US,5,20250912,215000,35.76,35.76,35.76,35.76,561,0
XAPR.US,5,20250915,162500,35.76,35.76,35.76,35.76,100,0
XAPR.US,5,20250915,182000,35.7285,35.7285,35.7285,35.7285,1000,0
XAPR.US,5,20250915,185000,35.7472,35.7472,35.7472,35.7472,167,0
XAPR.US,5,20250915,193000,35.74,35.74,35.74,35.74,409,0
XAPR.US,5,20250915,195500,35.75,35.75,35.75,35.75,761,0
XAPR.US,5,20250916,163000,35.74,35.74,35.74,35.74,100,0
XAPR.US,5,20250916,193000,35.7286,35.7286,35.7286,35.7286,332,0
XAPR.US,5,20250916,203500,35.73,35.73,35.73,35.73,1132,0
XAPR.US,5,20250916,215000,35.74,35.74,35.74,35.74,1267,0
XAPR.US,5,20250917,203000,35.7201,35.7201,35.7201,35.7201,142,0
XAPR.US,5,20250917,212500,35.7699,35.7699,35.7699,35.7699,200,0
XAPR.US,5,20250917,213500,35.755,35.755,35.755,35.755,116,0
XAPR.US,5,20250918,165000,35.78,35.79,35.78,35.79,300,0
XAPR.US,5,20250918,165500,35.768,35.768,35.768,35.768,465,0
XAPR.US,5,20250918,181000,35.7514,35.7514,35.7514,35.7514,102,0
XAPR.US,5,20250918,181500,35.7796,35.7796,35.7796,35.7796,324,0
XAPR.US,5,20250918,182000,35.78,35.78,35.7799,35.7799,1000,0
XAPR.US,5,20250918,183000,35.75,35.75,35.75,35.75,100,0
XAPR.US,5,20250918,194500,35.7673,35.7673,35.7673,35.7673,1666,0
XAPR.US,5,20250918,203500,35.762,35.762,35.762,35.762,200,0
XAPR.US,5,20250918,214000,35.755,35.755,35.755,35.755,119,0
XAPR.US,5,20250919,162500,35.8,35.8,35.7855,35.7855,289,0
XAPR.US,5,20250919,194500,35.77,35.77,35.77,35.77,192,0
XAPR.US,5,20250919,195000,35.76,35.76,35.75,35.75,903,0
XAPR.US,5,20250919,211500,35.76,35.7601,35.76,35.7601,200,0
XAPR.US,5,20250923,160000,35.7747,35.7747,35.7747,35.7747,116,0
XAPR.US,5,20250923,161500,35.771,35.7972,35.77,35.7794,3644,0
XAPR.US,5,20250923,162000,35.77,35.77,35.77,35.77,100,0
XAPR.US,5,20250923,163000,35.785,35.79,35.785,35.79,1171,0
XAPR.US,5,20250923,165000,35.79,35.79,35.79,35.79,343,0
XAPR.US,5,20250923,174500,35.78,35.78,35.78,35.78,178,0
XAPR.US,5,20250923,193500,35.7653,35.7653,35.7653,35.7653,147,0
XAPR.US,5,20250923,211500,35.7544,35.7544,35.7544,35.7544,1680,0
XAPR.US,5,20250923,212000,35.74,35.74,35.74,35.74,441,0
XAPR.US,5,20250923,213000,35.7477,35.7477,35.7477,35.7477,359,0
XAPR.US,5,20250923,215000,35.74,35.74,35.74,35.74,100,0
XAPR.US,5,20250924,174500,35.74,35.74,35.74,35.74,200,0
XAPR.US,5,20250924,180500,35.74,35.74,35.74,35.74,537,0
XAPR.US,5,20250924,184500,35.7315,35.7315,35.7315,35.7315,112,0
XAPR.US,5,20250924,185000,35.73,35.73,35.73,35.73,102,0
XAPR.US,5,20250924,193500,35.7514,35.7514,35.7514,35.7514,161,0
XAPR.US,5,20250924,195000,35.75,35.76,35.73,35.73,1416,0
XAPR.US,5,20250924,210000,35.77,35.77,35.7699,35.7699,1260,0
XAPR.US,5,20250924,212000,35.7514,35.7514,35.7514,35.7514,270,0
XAPR.US,5,20250924,214000,35.755,35.755,35.755,35.755,127,0
XAPR.US,5,20250924,215500,35.74,35.74,35.74,35.74,8970,0
XAPR.US,5,20250925,160000,35.75,35.75,35.739,35.739,200,0
XAPR.US,5,20250925,160500,35.741,35.76,35.735,35.735,1333,0
XAPR.US,5,20250925,163500,35.7237,35.76,35.7237,35.76,328,0
XAPR.US,5,20250925,165500,35.7388,35.7388,35.7388,35.7388,162,0
XAPR.US,5,20250925,190500,35.734,35.734,35.734,35.734,119,0
XAPR.US,5,20250925,192500,35.74,35.74,35.74,35.74,2773,0
XAPR.US,5,20250925,203500,35.75,35.75,35.75,35.75,237,0
XAPR.US,5,20250925,212000,35.745,35.745,35.745,35.745,140,0
XAPR.US,5,20250925,213500,35.75,35.75,35.75,35.75,1140,0
XAPR.US,5,20250925,215000,35.73,35.73,35.73,35.73,140,0
XAPR.US,5,20250926,162500,35.77,35.77,35.77,35.77,249,0
XAPR.US,5,20250926,172000,35.79,35.79,35.7899,35.79,488,0
XAPR.US,5,20250926,172500,35.79,35.79,35.779,35.779,468,0
XAPR.US,5,20250926,182000,35.7807,35.7807,35.7807,35.7807,112,0
XAPR.US,5,20250926,184500,35.8,35.8,35.8,35.8,353,0
XAPR.US,5,20250926,191000,35.795,35.795,35.795,35.795,158,0
XAPR.US,5,20250926,192500,35.81,35.81,35.81,35.81,200,0
XAPR.US,5,20250929,161000,35.83,35.83,35.83,35.83,258,0
XAPR.US,5,20250929,173000,35.82,35.82,35.8199,35.8199,696,0
XAPR.US,5,20250929,174000,35.82,35.82,35.8199,35.8199,690,0
XAPR.US,5,20250929,185000,35.7956,35.7956,35.7956,35.7956,261,0
XAPR.US,5,20250929,203500,35.8037,35.8037,35.8037,35.8037,865,0
XAPR.US,5,20250929,210500,35.82,35.82,35.82,35.82,100,0
XAPR.US,5,20250929,213500,35.81,35.81,35.81,35.81,1010,0
XAPR.US,5,20250930,165500,35.8,35.8001,35.8,35.8001,426,0
XAPR.US,5,20250930,175500,35.8086,35.8086,35.8086,35.8086,331,0
XAPR.US,5,20250930,180500,35.8168,35.8168,35.8168,35.8168,218,0
XAPR.US,5,20251001,154000,35.855,35.855,35.855,35.855,619,0
XAPR.US,5,20251001,162000,35.85,35.85,35.8465,35.8465,200,0
XAPR.US,5,20251001,164500,35.8228,35.8228,35.8228,35.8228,168,0
XAPR.US,5,20251001,171500,35.825,35.825,35.825,35.825,160,0
XAPR.US,5,20251001,175000,35.85,35.85,35.85,35.85,100,0
XAPR.US,5,20251001,181500,35.8338,35.8338,35.8338,35.8338,3000,0
XAPR.US,5,20251001,182000,35.8339,35.8339,35.8339,35.8339,2000,0
XAPR.US,5,20251001,195000,35.82,35.82,35.82,35.82,318,0
XAPR.US,5,20251001,214500,35.86,35.86,35.86,35.86,418,0
XAPR.US,5,20251002,154500,35.86,35.86,35.849,35.8599,3284,0
XAPR.US,5,20251002,161500,35.8359,35.8359,35.8359,35.8359,558,0
XAPR.US,5,20251002,164000,35.8346,35.8346,35.8346,35.8346,1500,0
XAPR.US,5,20251002,174000,35.83,35.83,35.83,35.83,3000,0
XAPR.US,5,20251002,175500,35.84,35.84,35.84,35.84,456,0
XAPR.US,5,20251002,184500,35.8395,35.8395,35.8395,35.8395,190,0
XAPR.US,5,20251002,194500,35.8395,35.8395,35.8395,35.8395,152,0
XAPR.US,5,20251002,215000,35.84,35.87,35.84,35.87,1122,0
XAPR.US,5,20251002,215500,35.87,35.87,35.87,35.87,5691,0
XAPR.US,5,20251003,171500,35.87,35.8701,35.87,35.8701,1900,0
XAPR.US,5,20251003,172500,35.88,35.88,35.88,35.88,1264,0
XAPR.US,5,20251003,174500,35.8869,35.8869,35.8869,35.8869,334,0
XAPR.US,5,20251003,180000,35.871,35.871,35.871,35.871,500,0
XAPR.US,5,20251003,183000,35.8805,35.8805,35.8805,35.8805,133,0
XAPR.US,5,20251003,191000,35.8741,35.8741,35.8741,35.8741,327,0
XAPR.US,5,20251003,210500,35.87,35.87,35.86,35.86,4200,0
XAPR.US,5,20251006,155500,35.88,35.88,35.88,35.88,2000,0
XAPR.US,5,20251006,160500,35.87,35.87,35.87,35.87,1500,0
XAPR.US,5,20251006,162500,35.875,35.875,35.875,35.875,400,0
XAPR.US,5,20251006,165500,35.86,35.86,35.86,35.86,2998,0
XAPR.US,5,20251006,171500,35.8786,35.8786,35.8786,35.8786,159,0
XAPR.US,5,20251006,180000,35.8824,35.89,35.8824,35.8899,1054,0
XAPR.US,5,20251006,180500,35.8702,35.88,35.8702,35.88,290,0
XAPR.US,5,20251006,181500,35.88,35.88,35.88,35.88,412,0
XAPR.US,5,20251006,182000,35.88,35.88,35.88,35.88,1988,0
XAPR.US,5,20251006,182500,35.8898,35.8898,35.8898,35.8898,138,0
XAPR.US,5,20251006,183500,35.89,35.89,35.8899,35.8899,200,0
XAPR.US,5,20251006,184000,35.8824,35.89,35.88,35.8899,916,0
XAPR.US,5,20251006,185000,35.8707,35.8707,35.8707,35.8707,135,0
XAPR.US,5,20251006,185500,35.89,35.89,35.8876,35.8876,364,0
XAPR.US,5,20251006,191500,35.8759,35.8759,35.8759,35.8759,736,0
XAPR.US,5,20251006,192500,35.8806,35.8806,35.8806,35.8806,132,0
XAPR.US,5,20251006,194000,35.89,35.89,35.89,35.89,100,0
XAPR.US,5,20251006,202500,35.89,35.91,35.8899,35.9099,1058,0
XAPR.US,5,20251006,203000,35.8948,35.8948,35.8948,35.8948,193,0
XAPR.US,5,20251006,203500,35.91,35.91,35.9099,35.9099,960,0
XAPR.US,5,20251006,204000,35.8948,35.8948,35.8948,35.8948,245,0
XAPR.US,5,20251006,205000,35.91,35.91,35.9099,35.9099,402,0
XAPR.US,5,20251006,205500,35.89,35.89,35.89,35.89,100,0
XAPR.US,5,20251006,210000,35.89,35.91,35.89,35.9099,684,0
XAPR.US,5,20251006,210500,35.91,35.91,35.9099,35.9099,268,0
XAPR.US,5,20251006,211000,35.91,35.91,35.9099,35.9099,1852,0
XAPR.US,5,20251006,211500,35.91,35.91,35.8954,35.91,2644,0
XAPR.US,5,20251006,212000,35.8954,35.91,35.88,35.88,1024,0
XAPR.US,5,20251006,213000,35.91,35.91,35.8999,35.8999,2422,0
XAPR.US,5,20251006,213500,35.9,35.91,35.8999,35.8999,474,0
XAPR.US,5,20251006,214500,35.91,35.91,35.91,35.91,100,0
XAPR.US,5,20251007,161500,35.8829,35.8829,35.8829,35.8829,185,0
XAPR.US,5,20251007,163000,35.9,35.9,35.885,35.885,800,0
XAPR.US,5,20251007,165500,35.8883,35.8883,35.8883,35.8883,486,0
XAPR.US,5,20251007,173500,35.8635,35.8635,35.8635,35.8635,2800,0
XAPR.US,5,20251007,174000,35.8765,35.8765,35.86,35.86,1500,0
XAPR.US,5,20251007,175000,35.8479,35.8479,35.8479,35.8479,2000,0
XAPR.US,5,20251007,180500,35.86,35.86,35.86,35.86,2290,0
XAPR.US,5,20251007,193500,35.88,35.88,35.8799,35.8799,655,0
XAPR.US,5,20251007,194000,35.865,35.865,35.865,35.865,122,0
XAPR.US,5,20251007,195000,35.8799,35.8799,35.8799,35.8799,251,0
XAPR.US,5,20251007,195500,35.8655,35.8655,35.85,35.85,392,0
XAPR.US,5,20251007,200000,35.88,35.88,35.87,35.87,215,0
XAPR.US,5,20251007,200500,35.87,35.88,35.87,35.8799,910,0
XAPR.US,5,20251007,201000,35.8686,35.8686,35.8686,35.8686,206,0
XAPR.US,5,20251007,201500,35.8686,35.8686,35.8686,35.8686,564,0
XAPR.US,5,20251007,205000,35.88,35.88,35.88,35.88,100,0
XAPR.US,5,20251007,205500,35.88,35.88,35.8799,35.8799,364,0
XAPR.US,5,20251007,210500,35.87,35.87,35.87,35.87,1439,0
XAPR.US,5,20251007,211000,35.8635,35.8635,35.8635,35.8635,150,0
XAPR.US,5,20251007,211500,35.865,35.865,35.865,35.865,991,0
XAPR.US,5,20251007,214000,35.8504,35.8504,35.8504,35.8504,614,0
XAPR.US,5,20251007,214500,35.8686,35.8686,35.8686,35.8686,138,0
XAPR.US,5,20251008,162500,35.8962,35.8962,35.8962,35.8962,188,0
XAPR.US,5,20251008,165000,35.86,35.8601,35.86,35.8601,1400,0
XAPR.US,5,20251008,170500,35.8886,35.8886,35.8886,35.8886,637,0
XAPR.US,5,20251008,171500,35.8886,35.8886,35.8886,35.8886,112,0
XAPR.US,5,20251008,180000,35.8703,35.8703,35.8703,35.8703,600,0
XAPR.US,5,20251008,214500,35.89,35.89,35.89,35.89,790,0
XAPR.US,5,20251009,181000,35.87,35.8701,35.8645,35.8645,300,0
XAPR.US,5,20251009,195000,35.89,35.89,35.89,35.89,655,0
XAPR.US,5,20251009,212500,35.88,35.88,35.88,35.88,257,0
XAPR.US,5,20251009,213000,35.8776,35.8776,35.8776,35.8776,438,0
XAPR.US,5,20251009,213500,35.89,35.89,35.8899,35.8899,317,0
XAPR.US,5,20251009,214500,35.89,35.89,35.89,35.89,100,0
XAPR.US,5,20251010,153000,35.9,35.9,35.9,35.9,5000,0
XAPR.US,5,20251010,155000,35.89,35.89,35.89,35.89,853,0
XAPR.US,5,20251010,161000,35.881,35.881,35.881,35.881,1200,0
XAPR.US,5,20251010,170000,35.85,35.85,35.84,35.84,300,0
XAPR.US,5,20251010,171500,35.83,35.83,35.83,35.83,5000,0
XAPR.US,5,20251010,173000,35.82,35.82,35.82,35.82,123,0
XAPR.US,5,20251010,184500,35.7957,35.7957,35.7957,35.7957,341,0
XAPR.US,5,20251010,185000,35.77,35.77,35.77,35.77,605,0
XAPR.US,5,20251010,190500,35.79,35.79,35.79,35.79,100,0
XAPR.US,5,20251010,211000,35.775,35.775,35.775,35.775,188,0
XAPR.US,5,20251010,212500,35.77,35.77,35.77,35.77,119,0
XAPR.US,5,20251010,214500,35.75,35.77,35.75,35.77,2538,0
XAPR.US,5,20251013,164500,35.8268,35.8268,35.8268,35.8268,247,0
XAPR.US,5,20251013,172000,35.83,35.8301,35.83,35.83,7019,0
XAPR.US,5,20251013,173000,35.83,35.8301,35.83,35.8301,600,0
XAPR.US,5,20251013,173500,35.8354,35.8354,35.82,35.8201,2030,0
XAPR.US,5,20251013,182000,35.85,35.865,35.85,35.865,1507,0
XAPR.US,5,20251013,182500,35.85,35.85,35.85,35.85,100,0
XAPR.US,5,20251013,184000,35.8418,35.8418,35.8418,35.8418,117,0
XAPR.US,5,20251013,192000,35.85,35.85,35.85,35.85,2014,0
XAPR.US,5,20251013,212000,35.845,35.845,35.845,35.845,2800,0
XAPR.US,5,20251013,214000,35.845,35.845,35.845,35.845,1300,0
XAPR.US,5,20251013,214500,35.82,35.82,35.82,35.82,100,0
XAPR.US,5,20251014,164500,35.78,35.78,35.78,35.78,100,0
XAPR.US,5,20251014,165500,35.7932,35.7932,35.7932,35.7932,229,0
XAPR.US,5,20251014,182500,35.8326,35.8326,35.8326,35.8326,117,0
XAPR.US,5,20251014,190500,35.8343,35.8343,35.821,35.8232,2400,0
XAPR.US,5,20251014,202000,35.83,35.83,35.83,35.83,100,0
XAPR.US,5,20251014,213000,35.8599,35.86,35.8599,35.8599,1333,0
XAPR.US,5,20251015,160500,35.87,35.87,35.87,35.87,100,0
XAPR.US,5,20251015,161500,35.87,35.87,35.87,35.87,299,0
XAPR.US,5,20251015,162000,35.87,35.87,35.87,35.87,100,0
XAPR.US,5,20251015,164500,35.875,35.875,35.875,35.875,176,0
XAPR.US,5,20251015,182500,35.84,35.84,35.84,35.84,400,0
XAPR.US,5,20251015,183000,35.84,35.84,35.84,35.84,500,0
XAPR.US,5,20251015,185000,35.83,35.83,35.83,35.83,100,0
XAPR.US,5,20251015,190000,35.81,35.81,35.81,35.81,100,0
XAPR.US,5,20251015,191500,35.8299,35.8299,35.8299,35.8299,453,0
XAPR.US,5,20251015,195000,35.84,35.84,35.84,35.84,169,0
XAPR.US,5,20251015,202500,35.81,35.81,35.81,35.81,100,0
XAPR.US,5,20251015,210500,35.859,35.859,35.859,35.859,154,0
XAPR.US,5,20251015,215000,35.84,35.84,35.84,35.84,216,0
XAPR.US,5,20251016,164500,35.8895,35.8895,35.84,35.84,1079,0
XAPR.US,5,20251016,170000,35.84,35.84,35.84,35.84,100,0
XAPR.US,5,20251016,172000,35.84,35.84,35.84,35.84,100,0
XAPR.US,5,20251016,172500,35.8706,35.8706,35.8706,35.8706,704,0
XAPR.US,5,20251016,182500,35.81,35.81,35.81,35.81,300,0
XAPR.US,5,20251016,183000,35.815,35.815,35.78,35.78,565,0
XAPR.US,5,20251016,183500,35.78,35.78,35.78,35.78,200,0
XAPR.US,5,20251016,193000,35.8236,35.8236,35.8236,35.8236,112,0
XAPR.US,5,20251016,193500,35.79,35.79,35.79,35.79,100,0
XAPR.US,5,20251016,200000,35.78,35.78,35.78,35.78,258,0
XAPR.US,5,20251016,202500,35.75,35.75,35.75,35.75,100,0
XAPR.US,5,20251016,213000,35.7613,35.7613,35.7613,35.7613,116,0
XAPR.US,5,20251017,163000,35.78,35.78,35.78,35.78,100,0
XAPR.US,5,20251017,171000,35.77,35.77,35.77,35.77,100,0
XAPR.US,5,20251017,173500,35.76,35.76,35.76,35.76,100,0
XAPR.US,5,20251017,175000,35.79,35.79,35.79,35.79,200,0
XAPR.US,5,20251017,181000,35.8,35.8,35.8,35.8,200,0
XAPR.US,5,20251017,182000,35.8,35.8,35.8,35.8,100,0
XAPR.US,5,20251017,185500,35.81,35.81,35.81,35.81,313,0
XAPR.US,5,20251017,191000,35.8399,35.8399,35.815,35.815,537,0
XAPR.US,5,20251017,195000,35.815,35.815,35.8,35.8,208,0
XAPR.US,5,20251017,215000,35.87,35.87,35.831,35.831,292,0
XAPR.US,5,20251020,160500,35.93,35.93,35.93,35.93,115,0
XAPR.US,5,20251020,173500,35.91,35.91,35.91,35.91,300,0
XAPR.US,5,20251020,190000,35.9394,35.9394,35.9394,35.9394,1000,0
XAPR.US,5,20251020,191500,35.9421,35.9421,35.9421,35.9421,986,0
XAPR.US,5,20251020,193500,35.921,35.921,35.921,35.921,100,0
XAPR.US,5,20251020,201000,35.9206,35.9206,35.9206,35.9206,2167,0
XAPR.US,5,20251020,202500,35.921,35.921,35.921,35.921,300,0
XAPR.US,5,20251020,204500,35.92,35.9201,35.92,35.9201,484,0
XAPR.US,5,20251020,210500,35.95,35.95,35.95,35.95,193,0
XAPR.US,5,20251020,213000,35.9548,35.9548,35.9548,35.9548,396,0
XAPR.US,5,20251020,215500,35.95,35.95,35.95,35.95,313,0
XAPR.US,5,20251021,180000,35.9401,35.9401,35.9401,35.9401,102,0
XAPR.US,5,20251021,183000,35.94,35.9583,35.94,35.9583,1000,0
XAPR.US,5,20251021,191500,35.955,35.955,35.955,35.955,139,0
XAPR.US,5,20251021,214500,35.972,35.972,35.972,35.972,452,0
XAPR.US,5,20251022,161000,35.96,35.974,35.96,35.974,716,0
XAPR.US,5,20251022,161500,35.92,35.92,35.92,35.92,300,0
XAPR.US,5,20251022,183000,35.91,35.91,35.91,35.91,100,0
XAPR.US,5,20251022,193500,35.9,35.9,35.9,35.9,100,0
XAPR.US,5,20251022,194000,35.9,35.9,35.9,35.9,100,0
XAPR.US,5,20251022,210500,35.91,35.91,35.91,35.91,391,0
XAPR.US,5,20251022,214000,35.9,35.9,35.9,35.9,100,0
XAPR.US,5,20251022,214500,35.9,35.91,35.9,35.91,495,0
XAPR.US,5,20251022,215500,35.91,35.91,35.91,35.91,800,0
XAPR.US,5,20251023,162000,35.95,35.9599,35.9375,35.9375,3653,0
XAPR.US,5,20251023,162500,35.9137,35.9137,35.9137,35.9137,261,0
XAPR.US,5,20251023,170500,35.93,35.93,35.93,35.93,100,0
XAPR.US,5,20251023,184500,35.93,35.93,35.93,35.93,100,0
XAPR.US,5,20251023,190000,35.94,35.9438,35.94,35.941,965,0
XAPR.US,5,20251023,201000,35.94,35.94,35.94,35.94,100,0
XAPR.US,5,20251023,211500,36.0199,36.0199,36.0199,36.0199,136,0
XAPR.US,5,20251023,213500,35.95,35.95,35.95,35.95,300,0
XAPR.US,5,20251024,162500,35.99,35.99,35.99,35.99,100,0
XAPR.US,5,20251024,163000,35.99,35.99,35.99,35.99,100,0
XAPR.US,5,20251024,171000,36.01,36.01,36.01,36.01,3300,0
XAPR.US,5,20251024,173000,36.025,36.025,36.025,36.025,303,0
XAPR.US,5,20251024,174000,36,36,36,36,100,0
XAPR.US,5,20251024,211500,35.99,35.99,35.99,35.99,300,0
XAPR.US,5,20251024,214500,36.02,36.02,36.02,36.02,109,0
XAPR.US,5,20251027,152500,36.0576,36.06,36.0576,36.06,370,0
XAPR.US,5,20251027,153500,36.02,36.02,36.02,36.02,100,0
XAPR.US,5,20251027,155000,36.02,36.02,36.01,36.0101,5562,0
XAPR.US,5,20251027,160500,36.01,36.01,36.01,36.01,100,0
XAPR.US,5,20251027,163500,36.01,36.01,36.01,36.01,100,0
XAPR.US,5,20251027,181000,36.01,36.01,36.01,36.01,100,0
XAPR.US,5,20251027,191500,36.04,36.04,36.04,36.04,1100,0
XAPR.US,5,20251027,193500,36,36,36,36,100,0
XAPR.US,5,20251027,205000,36.01,36.01,36.01,36.01,500,0
XAPR.US,5,20251028,153500,36.01,36.01,36.01,36.01,100,0
XAPR.US,5,20251028,154500,36.0101,36.043,36,36.043,1306,0
XAPR.US,5,20251028,174500,36.01,36.01,36.01,36.01,100,0
XAPR.US,5,20251028,194000,36.01,36.01,36.01,36.01,100,0
XAPR.US,5,20251028,204000,36.03,36.03,36.03,36.03,1516,0
XAPR.US,5,20251029,153500,36,36,36,36,100,0
XAPR.US,5,20251029,163000,36.04,36.04,36.04,36.04,266,0
XAPR.US,5,20251029,180500,36.04,36.04,36.04,36.04,150,0
XAPR.US,5,20251029,182500,36.01,36.01,36.01,36.01,1700,0
XAPR.US,5,20251029,183500,36.01,36.01,36.01,36.01,100,0
XAPR.US,5,20251029,184500,36,36,36,36,100,0
XAPR.US,5,20251029,191000,36,36,36,36,100,0
XAPR.US,5,20251029,195000,35.98,35.98,35.98,35.98,100,0
XAPR.US,5,20251029,204500,36.01,36.01,36.01,36.01,229,0
XAPR.US,5,20251030,152000,35.97,35.97,35.97,35.97,100,0
XAPR.US,5,20251030,154000,36.0045,36.0045,36.0045,36.0045,336,0
XAPR.US,5,20251030,162000,35.9867,35.9867,35.9867,35.9867,278,0
XAPR.US,5,20251030,173000,35.981,35.981,35.981,35.981,195,0
XAPR.US,5,20251030,185000,35.98,35.98,35.98,35.98,100,0
XAPR.US,5,20251031,144000,35.98,35.98,35.98,35.98,100,0
XAPR.US,5,20251031,153000,36.0399,36.0399,36.0399,36.0399,115,0
XAPR.US,5,20251031,155500,35.98,35.98,35.98,35.98,100,0
XAPR.US,5,20251031,174000,36.0094,36.0094,36.0094,36.0094,367,0
XAPR.US,5,20251031,182000,35.9836,35.9836,35.9836,35.9836,650,0
XAPR.US,5,20251031,193000,35.96,35.96,35.96,35.96,100,0
XAPR.US,5,20251031,202500,36.02,36.02,36.02,36.02,300,0
XAPR.US,5,20251031,204000,36.0006,36.0006,36.0006,36.0006,121,0
XAPR.US,5,20251031,205500,35.96,35.96,35.95,35.95,1100,0
XAPR.US,5,20251103,162500,35.95,35.95,35.95,35.95,100,0
XAPR.US,5,20251103,174000,35.97,35.97,35.97,35.97,100,0
XAPR.US,5,20251103,175500,36.02,36.02,36.02,36.02,471,0
XAPR.US,5,20251103,182500,36.012,36.012,36.012,36.012,228,0
XAPR.US,5,20251103,211500,36.0164,36.0164,36.0164,36.0164,184,0
XAPR.US,5,20251104,162000,35.9508,35.9508,35.9508,35.9508,100,0
XAPR.US,5,20251104,162500,35.95,35.95,35.95,35.95,100,0
XAPR.US,5,20251104,163500,35.96,35.985,35.9401,35.96,600,0
XAPR.US,5,20251104,180500,35.98,35.98,35.98,35.98,604,0
XAPR.US,5,20251104,191000,35.95,35.95,35.93,35.9308,2910,0
XAPR.US,5,20251104,191500,35.94,35.94,35.94,35.94,1000,0
XAPR.US,5,20251104,203000,35.94,35.94,35.94,35.94,100,0
XAPR.US,5,20251104,211000,35.94,35.94,35.94,35.94,2230,0
XAPR.US,5,20251105,165000,36.02,36.02,35.95,35.97,1849,0
XAPR.US,5,20251105,165500,35.99,35.99,35.99,35.99,800,0
XAPR.US,5,20251105,171500,35.97,35.97,35.97,35.97,100,0
XAPR.US,5,20251105,174000,35.98,35.98,35.98,35.98,100,0
XAPR.US,5,20251105,192000,35.99,35.99,35.99,35.99,100,0
XAPR.US,5,20251105,192500,36.02,36.02,36.02,36.02,160,0
XAPR.US,5,20251105,212000,36.02,36.02,36.02,36.02,165,0
XAPR.US,5,20251105,213000,35.99,36,35.98,35.98,600,0
XAPR.US,5,20251105,214500,36.04,36.04,36.04,36.04,100,0
XAPR.US,5,20251106,163500,35.95,35.95,35.95,35.95,100,0
XAPR.US,5,20251106,181000,35.93,35.93,35.93,35.93,100,0
XAPR.US,5,20251106,201000,36,36,36,36,180,0
XAPR.US,5,20251106,211000,35.96,35.96,35.96,35.96,100,0
XAPR.US,5,20251106,213500,36.01,36.01,36.01,36.01,100,0
XAPR.US,5,20251107,154500,35.9001,35.9001,35.9001,35.9001,100,0
XAPR.US,5,20251107,155500,35.92,35.92,35.92,35.92,100,0
XAPR.US,5,20251107,164500,35.9465,35.9465,35.9465,35.9465,579,0
XAPR.US,5,20251107,170000,35.95,35.95,35.95,35.95,1224,0
XAPR.US,5,20251107,173500,35.9,35.9,35.9,35.9,100,0
XAPR.US,5,20251107,181500,35.9499,35.9499,35.9499,35.9499,1484,0
XAPR.US,5,20251107,182500,35.91,35.91,35.91,35.91,1291,0
XAPR.US,5,20251107,191500,35.9,35.9,35.9,35.9,100,0
XAPR.US,5,20251107,192000,35.93,35.93,35.93,35.93,110,0
XAPR.US,5,20251107,215000,35.94,35.94,35.94,35.94,100,0
XAPR.US,5,20251110,161500,36.02,36.02,36.02,36.02,100,0
XAPR.US,5,20251110,165500,36.05,36.05,36.05,36.05,150,0
XAPR.US,5,20251110,180000,36,36,36,36,100,0
XAPR.US,5,20251110,191500,36.02,36.0201,36.02,36.0201,600,0
XAPR.US,5,20251110,192000,36.055,36.055,36.055,36.055,300,0
XAPR.US,5,20251110,193000,36.02,36.02,36.02,36.02,100,0
XAPR.US,5,20251111,172000,36.07,36.07,36.07,36.07,173,0
XAPR.US,5,20251111,173000,36.05,36.05,36.05,36.05,317,0
XAPR.US,5,20251111,192500,36.03,36.03,36.03,36.03,100,0
XAPR.US,5,20251111,213000,36.0578,36.0578,36.0578,36.0578,119,0
XAPR.US,5,20251111,215500,36.08,36.08,36.08,36.08,958,0
XAPR.US,5,20251112,172000,36.06,36.08,36.06,36.08,475,0
XAPR.US,5,20251112,173000,36.08,36.08,36.08,36.08,289,0
XAPR.US,5,20251112,174000,36.0664,36.08,36.0664,36.08,911,0
XAPR.US,5,20251112,175500,36.07,36.07,36.055,36.055,1125,0
XAPR.US,5,20251112,182000,36.0664,36.08,36.0664,36.0732,1622,0
XAPR.US,5,20251112,192000,36.065,36.065,36.065,36.065,187,0
XAPR.US,5,20251112,194000,36.065,36.065,36.065,36.065,124,0
XAPR.US,5,20251112,195500,36.08,36.08,36.08,36.08,600,0
XAPR.US,5,20251112,210500,36.06,36.08,36.06,36.08,610,0
XAPR.US,5,20251113,161000,36.07,36.0899,36.07,36.0899,311,0
XAPR.US,5,20251113,165000,36.0001,36.0001,36.0001,36.0001,323,0
XAPR.US,5,20251113,171500,35.99,35.99,35.99,35.99,1462,0
XAPR.US,5,20251113,181500,36.02,36.02,36.02,36.02,1424,0
XAPR.US,5,20251113,185500,35.98,35.98,35.97,35.97,510,0
XAPR.US,5,20251113,192500,35.96,35.96,35.96,35.96,100,0
XAPR.US,5,20251113,200500,35.95,35.96,35.95,35.95,1463,0
XAPR.US,5,20251113,213500,35.94,35.94,35.94,35.94,1448,0
XAPR.US,5,20251113,214000,35.94,35.94,35.94,35.94,200,0
XAPR.US,5,20251114,182500,36.0078,36.0078,36.0078,36.0078,148,0
XAPR.US,5,20251117,174000,35.98,35.98,35.98,35.98,588,0
XAPR.US,5,20251117,174500,36.011,36.011,36.011,36.011,300,0
XAPR.US,5,20251117,182000,35.98,35.98,35.98,35.98,588,0
XAPR.US,5,20251117,191500,35.95,35.95,35.95,35.95,441,0
XAPR.US,5,20251117,202000,35.95,35.95,35.95,35.95,1056,0
XAPR.US,5,20251117,211500,35.932,35.932,35.932,35.932,556,0
XAPR.US,5,20251117,214500,35.94,35.94,35.94,35.94,1135,0
XAPR.US,5,20251118,155000,35.8968,35.8968,35.8968,35.8968,278,0
XAPR.US,5,20251118,155500,35.894,35.894,35.894,35.894,217,0
XAPR.US,5,20251118,160000,35.885,35.885,35.885,35.885,115,0
XAPR.US,5,20251118,162000,35.8789,35.8789,35.8789,35.8789,310,0
XAPR.US,5,20251118,171000,35.879,35.879,35.879,35.879,568,0
XAPR.US,5,20251118,172500,35.92,35.92,35.92,35.92,100,0
XAPR.US,5,20251118,193500,35.9209,35.9209,35.9209,35.9209,103,0
XAPR.US,5,20251118,210000,35.9053,35.9053,35.9053,35.9053,323,0
XAPR.US,5,20251118,213500,35.9088,35.9088,35.9088,35.9088,103,0
XAPR.US,5,20251119,163500,35.9505,35.9505,35.9505,35.9505,358,0
XAPR.US,5,20251119,181500,35.9199,35.9199,35.895,35.895,200,0
XAPR.US,5,20251119,200000,35.92,35.92,35.92,35.92,231,0
XAPR.US,5,20251119,213500,35.925,35.925,35.925,35.925,119,0
XAPR.US,5,20251119,214000,35.94,35.94,35.94,35.94,1584,0
XAPR.US,5,20251119,214500,35.96,35.96,35.96,35.96,850,0
XAPR.US,5,20251120,165000,36.03,36.0588,36.03,36.03,1431,0
XAPR.US,5,20251120,181000,35.88,35.88,35.88,35.88,120,0
XAPR.US,5,20251120,183500,35.832,35.832,35.832,35.832,163,0
XAPR.US,5,20251120,192500,35.9,35.9,35.9,35.9,862,0
XAPR.US,5,20251120,195000,35.8447,35.85,35.835,35.8499,963,0
XAPR.US,5,20251120,203500,35.87,35.87,35.87,35.87,100,0
XAPR.US,5,20251120,214000,35.84,35.84,35.84,35.84,769,0
XAPR.US,5,20251121,162500,35.86,35.86,35.86,35.86,100,0
XAPR.US,5,20251121,172000,35.86,35.86,35.86,35.86,601,0
XAPR.US,5,20251121,175000,35.9,35.9,35.9,35.9,1100,0
XAPR.US,5,20251121,180500,35.94,35.94,35.94,35.94,100,0
XAPR.US,5,20251121,181500,35.9399,35.94,35.9399,35.9399,785,0
XAPR.US,5,20251121,184000,35.95,35.95,35.95,35.95,100,0
XAPR.US,5,20251121,200000,35.97,35.97,35.9699,35.9699,478,0
XAPR.US,5,20251121,202500,35.98,35.98,35.9799,35.9799,400,0
XAPR.US,5,20251121,213000,35.94,35.94,35.94,35.94,100,0
XAPR.US,5,20251121,214000,35.94,35.94,35.94,35.94,595,0
XAPR.US,5,20251124,153500,36,36,36,36,100,0
XAPR.US,5,20251124,170500,36.01,36.01,36.01,36.01,458,0
XAPR.US,5,20251124,193000,36.032,36.032,36.03,36.03,656,0
XAPR.US,5,20251124,202000,36.045,36.045,36.045,36.045,426,0
XAPR.US,5,20251124,211000,36.06,36.06,36.06,36.06,100,0
XAPR.US,5,20251125,161000,36.05,36.05,36.05,36.05,458,0
XAPR.US,5,20251125,162000,36.04,36.04,36.04,36.04,100,0
XAPR.US,5,20251125,182000,36.0849,36.0849,36.0849,36.0849,458,0
XAPR.US,5,20251125,213000,36.0939,36.0939,36.0939,36.0939,400,0
XAPR.US,5,20251125,213500,36.0926,36.0926,36.0926,36.0926,144,0
XAPR.US,5,20251126,172500,36.14,36.14,36.14,36.14,305,0
XAPR.US,5,20251126,190000,36.11,36.11,36.11,36.11,194,0
XAPR.US,5,20251128,160500,36.1314,36.1314,36.1314,36.1314,236,0
XAPR.US,5,20251128,163500,36.165,36.165,36.165,36.165,125,0
XAPR.US,5,20251128,164500,36.1632,36.1632,36.1632,36.1632,458,0
XAPR.US,5,20251201,163000,36.17,36.17,36.17,36.17,100,0
XAPR.US,5,20251201,170000,36.175,36.175,36.175,36.175,800,0
XAPR.US,5,20251201,193500,36.185,36.185,36.185,36.185,536,0
XAPR.US,5,20251201,200500,36.18,36.18,36.18,36.18,103,0
XAPR.US,5,20251201,201000,36.17,36.17,36.17,36.17,5361,0
XAPR.US,5,20251202,162000,36.1701,36.2,36.1701,36.2,212,0
XAPR.US,5,20251202,185000,36.18,36.18,36.18,36.18,1993,0
XAPR.US,5,20251202,185500,36.19,36.19,36.19,36.19,100,0
XAPR.US,5,20251202,213000,36.1932,36.1932,36.1932,36.1932,208,0
XAPR.US,5,20251203,162000,36.2295,36.2295,36.2295,36.2295,137,0
XAPR.US,5,20251203,162500,36.19,36.22,36.19,36.22,251,0
XAPR.US,5,20251203,163000,36.2,36.214,36.2,36.214,1431,0
XAPR.US,5,20251203,164000,36.21,36.22,36.205,36.22,2203,0
XAPR.US,5,20251203,164500,36.22,36.22,36.22,36.22,100,0
XAPR.US,5,20251203,170500,36.22,36.22,36.19,36.19,220,0
XAPR.US,5,20251203,191000,36.22,36.22,36.22,36.22,100,0
XAPR.US,5,20251203,201000,36.23,36.23,36.23,36.23,100,0
XAPR.US,5,20251203,212500,36.24,36.24,36.24,36.24,319,0
XAPR.US,5,20251204,174000,36.22,36.22,36.22,36.22,100,0
XAPR.US,5,20251204,183500,36.22,36.235,36.22,36.235,1105,0
XAPR.US,5,20251204,192000,36.22,36.235,36.22,36.235,1113,0
XAPR.US,5,20251204,194500,36.22,36.235,36.22,36.2201,2033,0
XAPR.US,5,20251204,202000,36.22,36.22,36.22,36.22,296,0
XAPR.US,5,20251204,202500,36.22,36.22,36.22,36.22,100,0
XAPR.US,5,20251205,170000,36.26,36.26,36.26,36.26,100,0
XAPR.US,5,20251205,195000,36.253,36.253,36.253,36.253,385,0
XAPR.US,5,20251205,195500,36.26,36.26,36.26,36.26,148,0
XAPR.US,5,20251205,203000,36.24,36.2448,36.24,36.2448,969,0
XAPR.US,5,20251205,203500,36.2699,36.2699,36.2557,36.2557,273,0
XAPR.US,5,20251205,204500,36.26,36.2699,36.26,36.2699,921,0
XAPR.US,5,20251205,205000,36.2616,36.2616,36.2616,36.2616,598,0
XAPR.US,5,20251205,205500,36.26,36.27,36.26,36.27,217,0
XAPR.US,5,20251205,210000,36.2699,36.2699,36.2699,36.2699,237,0
XAPR.US,5,20251205,213500,36.26,36.26,36.26,36.26,204,0
XAPR.US,5,20251205,214000,36.25,36.25,36.25,36.25,642,0
XAPR.US,5,20251208,155500,36.2501,36.2501,36.2501,36.2501,133,0
XAPR.US,5,20251208,162500,36.26,36.26,36.26,36.26,100,0
XAPR.US,5,20251208,175500,36.235,36.235,36.21,36.21,6057,0
XAPR.US,5,20251208,184000,36.245,36.245,36.245,36.245,148,0
XAPR.US,5,20251208,193500,36.23,36.23,36.23,36.23,300,0
XAPR.US,5,20251208,205000,36.24,36.24,36.24,36.24,200,0
XAPR.US,5,20251209,173000,36.26,36.26,36.2425,36.2425,960,0
XAPR.US,5,20251209,180000,36.2699,36.2699,36.2699,36.2699,596,0
XAPR.US,5,20251209,200500,36.26,36.26,36.26,36.26,400,0
XAPR.US,5,20251210,181500,36.239,36.239,36.239,36.239,286,0
XAPR.US,5,20251210,192500,36.22,36.22,36.21,36.21,200,0
XAPR.US,5,20251211,161000,36.27,36.27,36.255,36.27,354,0
XAPR.US,5,20251211,182500,36.2956,36.2956,36.2956,36.2956,302,0
XAPR.US,5,20251211,183500,36.2706,36.2706,36.2706,36.2706,626,0
XAPR.US,5,20251211,190500,36.29,36.29,36.29,36.29,545,0
XAPR.US,5,20251211,215500,36.31,36.31,36.31,36.31,325,0
XAPR.US,5,20251212,161500,36.29,36.29,36.29,36.29,100,0
XAPR.US,5,20251212,165500,36.29,36.29,36.29,36.29,322,0
XAPR.US,5,20251212,172000,36.295,36.295,36.295,36.295,289,0
XAPR.US,5,20251212,182500,36.29,36.29,36.29,36.29,495,0
XAPR.US,5,20251212,190500,36.3,36.3,36.29,36.29,411,0
XAPR.US,5,20251215,161000,36.27,36.27,36.27,36.27,100,0
XAPR.US,5,20251215,172500,36.28,36.28,36.28,36.28,100,0
XAPR.US,5,20251215,182500,36.27,36.2701,36.27,36.2701,1129,0
XAPR.US,5,20251215,193500,36.261,36.261,36.26,36.2601,756,0
XAPR.US,5,20251215,194500,36.26,36.26,36.26,36.26,100,0
XAPR.US,5,20251215,203000,36.27,36.27,36.27,36.27,100,0
XAPR.US,5,20251215,211500,36.28,36.28,36.28,36.28,100,0
XAPR.US,5,20251215,213000,36.261,36.261,36.261,36.261,107,0
XAPR.US,5,20251215,214000,36.3,36.3,36.3,36.3,215,0
XAPR.US,5,20251216,162500,36.24,36.24,36.24,36.24,100,0
XAPR.US,5,20251216,163000,36.2552,36.2552,36.2552,36.2552,743,0
XAPR.US,5,20251216,173500,36.25,36.25,36.25,36.25,417,0
XAPR.US,5,20251216,182000,36.2687,36.2687,36.2687,36.2687,283,0
XAPR.US,5,20251216,212500,36.29,36.29,36.2899,36.2899,504,0
XAPR.US,5,20251216,214500,36.29,36.29,36.29,36.29,795,0
XAPR.US,5,20251216,215000,36.25,36.25,36.25,36.25,100,0
XAPR.US,5,20251217,164500,36.25,36.25,36.25,36.25,100,0
XAPR.US,5,20251217,170500,36.29,36.29,36.25,36.25,278,0
XAPR.US,5,20251217,213500,36.27,36.27,36.27,36.27,731,0
XAPR.US,5,20251218,165000,36.27,36.27,36.27,36.27,100,0
XAPR.US,5,20251218,212500,36.31,36.31,36.31,36.31,1344,0
XAPR.US,5,20251218,213000,36.295,36.295,36.295,36.295,195,0
XAPR.US,5,20251219,192500,36.345,36.345,36.345,36.345,100,0
XAPR.US,5,20251219,193500,36.37,36.37,36.3699,36.3699,200,0
XAPR.US,5,20251219,205500,36.32,36.32,36.32,36.32,100,0
XAPR.US,5,20251222,171000,36.35,36.35,36.35,36.35,100,0
XAPR.US,5,20251222,172000,36.41,36.41,36.38,36.38,1580,0
XAPR.US,5,20251222,172500,36.35,36.35,36.35,36.35,100,0
XAPR.US,5,20251222,173500,36.36,36.36,36.36,36.36,172,0
XAPR.US,5,20251222,174000,36.36,36.36,36.35,36.35,232,0
XAPR.US,5,20251222,175000,36.35,36.36,36.35,36.36,535,0
XAPR.US,5,20251222,181500,36.36,36.36,36.36,36.36,200,0
XAPR.US,5,20251222,201500,36.35,36.35,36.35,36.35,100,0
XAPR.US,5,20251222,205500,36.36,36.36,36.36,36.36,100,0
XAPR.US,5,20251222,211000,36.36,36.36,36.36,36.36,143,0
XAPR.US,5,20251222,213000,36.36,36.44,36.36,36.38,470,0
