<TICKER>,<PER>,<DATE>,<TIME>,<OPEN>,<HIGH>,<LOW>,<CLOSE>,<VOL>,<OPENINT>
ISKMYR,5,20250728,090000,0.0348509,0.0348509,0.0348266,0.0348266,0,0
ISKMYR,5,20250728,090500,0.0348266,0.0348418,0.0348252,0.0348379,0,0
ISKMYR,5,20250728,091000,0.0348326,0.0348326,0.0348142,0.0348142,0,0
ISKMYR,5,20250728,091500,0.0348171,0.034822,0.0348169,0.0348216,0,0
ISKMYR,5,20250728,092000,0.0348249,0.0348309,0.0348238,0.0348309,0,0
ISKMYR,5,20250728,092500,0.0348291,0.0348293,0.0348163,0.0348163,0,0
ISKMYR,5,20250728,093000,0.0348006,0.0348006,0.0347664,0.0347726,0,0
ISKMYR,5,20250728,093500,0.0347812,0.0347886,0.0347812,0.0347852,0,0
ISKMYR,5,20250728,094000,0.034776,0.034776,0.0347628,0.0347641,0,0
ISKMYR,5,20250728,094500,0.0347598,0.0347598,0.0347468,0.0347476,0,0
ISKMYR,5,20250728,095000,0.034748,0.034748,0.0347398,0.0347398,0,0
ISKMYR,5,20250728,095500,0.0347418,0.034748,0.0347218,0.0347218,0,0
ISKMYR,5,20250729,090000,0.034372,0.0343854,0.034372,0.0343779,0,0
ISKMYR,5,20250729,090500,0.0343847,0.0343862,0.0343756,0.0343756,0,0
ISKMYR,5,20250729,091000,0.0343726,0.0343726,0.0343484,0.0343585,0,0
ISKMYR,5,20250729,091500,0.034351,0.0343606,0.034351,0.0343595,0,0
ISKMYR,5,20250729,092000,0.0343626,0.0343857,0.0343626,0.0343857,0,0
ISKMYR,5,20250729,092500,0.0343829,0.0343846,0.0343758,0.0343794,0,0
ISKMYR,5,20250729,093000,0.0343657,0.0343787,0.0343583,0.0343745,0,0
ISKMYR,5,20250729,093500,0.0343722,0.0343728,0.0343592,0.0343592,0,0
ISKMYR,5,20250729,094000,0.0343566,0.0343776,0.0343566,0.0343776,0,0
ISKMYR,5,20250729,094500,0.0343821,0.0343924,0.0343781,0.0343924,0,0
ISKMYR,5,20250729,095000,0.0343935,0.034415,0.0343935,0.0343983,0,0
ISKMYR,5,20250729,095500,0.0344046,0.0344172,0.0343978,0.0344172,0,0
ISKMYR,5,20250730,090000,0.0344279,0.0344358,0.0344276,0.0344358,0,0
ISKMYR,5,20250730,090500,0.0344325,0.0344443,0.0344325,0.0344443,0,0
ISKMYR,5,20250730,091000,0.0344501,0.0344524,0.0344409,0.0344409,0,0
ISKMYR,5,20250730,091500,0.0344395,0.0344395,0.0344332,0.0344347,0,0
ISKMYR,5,20250730,092000,0.0344366,0.0344366,0.0344318,0.0344318,0,0
ISKMYR,5,20250730,092500,0.0344319,0.034433,0.0344305,0.034433,0,0
ISKMYR,5,20250730,093000,0.0344371,0.0344396,0.0344343,0.0344343,0,0
ISKMYR,5,20250730,093500,0.0344383,0.0344389,0.0344332,0.0344332,0,0
ISKMYR,5,20250730,094000,0.0344221,0.0344221,0.0344127,0.0344127,0,0
ISKMYR,5,20250730,094500,0.0344202,0.0344202,0.0344185,0.0344202,0,0
ISKMYR,5,20250730,095000,0.034417,0.0344217,0.0344149,0.0344217,0,0
ISKMYR,5,20250730,095500,0.0344241,0.0344282,0.0344199,0.0344275,0,0
ISKMYR,5,20250731,090000,0.0342604,0.0342604,0.0342523,0.0342523,0,0
ISKMYR,5,20250731,090500,0.0342475,0.0342475,0.0342402,0.0342402,0,0
ISKMYR,5,20250731,091000,0.0342395,0.0342557,0.0342395,0.0342557,0,0
ISKMYR,5,20250731,091500,0.0342575,0.0342575,0.0342453,0.0342456,0,0
ISKMYR,5,20250731,092000,0.0342414,0.0342441,0.0342351,0.0342351,0,0
ISKMYR,5,20250731,092500,0.0342242,0.0342242,0.0342194,0.0342194,0,0
ISKMYR,5,20250731,093000,0.0342178,0.0342326,0.0342124,0.0342326,0,0
ISKMYR,5,20250731,093500,0.0342362,0.0342362,0.0342315,0.0342315,0,0
ISKMYR,5,20250731,094000,0.0342264,0.0342376,0.0342264,0.0342344,0,0
ISKMYR,5,20250731,094500,0.0342295,0.0342421,0.0342283,0.0342421,0,0
ISKMYR,5,20250731,095000,0.0342358,0.0342395,0.0342309,0.0342395,0,0
ISKMYR,5,20250731,095500,0.0342371,0.0342632,0.0342371,0.0342632,0,0
ISKMYR,5,20250801,090000,0.0343837,0.0343919,0.0343837,0.0343905,0,0
ISKMYR,5,20250801,090500,0.0343851,0.0343945,0.0343851,0.0343911,0,0
ISKMYR,5,20250801,091000,0.0343894,0.034391,0.0343875,0.0343875,0,0
ISKMYR,5,20250801,091500,0.0343807,0.0343882,0.0343807,0.0343813,0,0
ISKMYR,5,20250801,092000,0.0343796,0.0343816,0.0343768,0.0343768,0,0
ISKMYR,5,20250801,092500,0.0343736,0.0343832,0.0343736,0.0343832,0,0
ISKMYR,5,20250801,093000,0.0343861,0.0343891,0.0343806,0.0343806,0,0
ISKMYR,5,20250801,093500,0.0343743,0.0343752,0.034359,0.034359,0,0
ISKMYR,5,20250801,094000,0.0343534,0.0343613,0.0343534,0.03436,0,0
ISKMYR,5,20250801,094500,0.0343609,0.0343609,0.0343566,0.0343566,0,0
ISKMYR,5,20250801,095000,0.0343591,0.0343605,0.0343482,0.0343482,0,0
ISKMYR,5,20250801,095500,0.0343565,0.0343572,0.0343513,0.0343572,0,0
ISKMYR,5,20250804,090000,0.0344118,0.0344197,0.0343858,0.0343858,0,0
ISKMYR,5,20250804,090500,0.034416,0.034425,0.0343947,0.0343947,0,0
ISKMYR,5,20250804,091000,0.0343851,0.0344198,0.0343851,0.0344198,0,0
ISKMYR,5,20250804,091500,0.0344259,0.0344259,0.03438,0.03438,0,0
ISKMYR,5,20250804,092000,0.0343684,0.0343751,0.0343262,0.0343609,0,0
ISKMYR,5,20250804,092500,0.0343074,0.0343385,0.0342985,0.0343385,0,0
ISKMYR,5,20250804,093000,0.0343442,0.0343456,0.0342966,0.0343456,0,0
ISKMYR,5,20250804,093500,0.034311,0.0343298,0.0343056,0.0343298,0,0
ISKMYR,5,20250804,094000,0.0343103,0.0343862,0.0343103,0.0343541,0,0
ISKMYR,5,20250804,094500,0.0343661,0.0343752,0.0343153,0.0343153,0,0
ISKMYR,5,20250804,095000,0.0343335,0.0343896,0.0343275,0.0343896,0,0
ISKMYR,5,20250804,095500,0.0343255,0.0343832,0.0343255,0.0343832,0,0
ISKMYR,5,20250805,090000,0.0341548,0.034157,0.0341547,0.0341566,0,0
ISKMYR,5,20250805,090500,0.0341556,0.0341638,0.0341486,0.0341635,0,0
ISKMYR,5,20250805,091000,0.0341588,0.0341621,0.0341526,0.0341621,0,0
ISKMYR,5,20250805,091500,0.0341666,0.0341793,0.0341666,0.0341783,0,0
ISKMYR,5,20250805,092000,0.0341765,0.0341793,0.034159,0.034159,0,0
ISKMYR,5,20250805,092500,0.034177,0.034177,0.0341713,0.034176,0,0
ISKMYR,5,20250805,093000,0.0341758,0.0341758,0.0341681,0.0341681,0,0
ISKMYR,5,20250805,093500,0.0341639,0.0341649,0.03415,0.0341606,0,0
ISKMYR,5,20250805,094000,0.0341578,0.0341578,0.0341549,0.0341564,0,0
ISKMYR,5,20250805,094500,0.0341595,0.0341595,0.0341404,0.0341404,0,0
ISKMYR,5,20250805,095000,0.0341411,0.0341411,0.0341133,0.0341202,0,0
ISKMYR,5,20250805,095500,0.034118,0.0341315,0.034118,0.0341315,0,0
ISKMYR,5,20250806,090000,0.0342844,0.034289,0.0342828,0.034289,0,0
ISKMYR,5,20250806,090500,0.0342892,0.0342899,0.0342193,0.0342193,0,0
ISKMYR,5,20250806,091000,0.0342627,0.0342999,0.0342627,0.0342999,0,0
ISKMYR,5,20250806,091500,0.0343051,0.0343051,0.0342953,0.0343008,0,0
ISKMYR,5,20250806,092000,0.0343034,0.0343034,0.0342243,0.0342243,0,0
ISKMYR,5,20250806,092500,0.0342735,0.0343004,0.0342735,0.0343004,0,0
ISKMYR,5,20250806,093000,0.0342996,0.0342996,0.034289,0.0342902,0,0
ISKMYR,5,20250806,093500,0.0342856,0.0342861,0.0342631,0.0342631,0,0
ISKMYR,5,20250806,094000,0.0342964,0.0343001,0.0342964,0.0342967,0,0
ISKMYR,5,20250806,094500,0.0342965,0.0342991,0.0342931,0.0342978,0,0
ISKMYR,5,20250806,095000,0.034298,0.0343051,0.034298,0.0343034,0,0
ISKMYR,5,20250806,095500,0.0342826,0.0343109,0.0342826,0.0343081,0,0
ISKMYR,5,20250807,090000,0.0345636,0.0345644,0.0345627,0.0345644,0,0
ISKMYR,5,20250807,090500,0.0345683,0.0345683,0.0345591,0.0345634,0,0
ISKMYR,5,20250807,091000,0.0345541,0.0345677,0.0345541,0.0345677,0,0
ISKMYR,5,20250807,091500,0.03457,0.0345702,0.0345632,0.0345696,0,0
ISKMYR,5,20250807,092000,0.0345703,0.0345703,0.0345646,0.0345692,0,0
ISKMYR,5,20250807,092500,0.034564,0.0345739,0.034564,0.0345721,0,0
ISKMYR,5,20250807,093000,0.0345737,0.0345762,0.0345649,0.0345649,0,0
ISKMYR,5,20250807,093500,0.0345659,0.0345858,0.0345659,0.0345858,0,0
ISKMYR,5,20250807,094000,0.0345787,0.0345918,0.0345787,0.0345862,0,0
ISKMYR,5,20250807,094500,0.0345929,0.0345954,0.0345867,0.0345954,0,0
ISKMYR,5,20250807,095000,0.0345986,0.0345987,0.034589,0.034589,0,0
ISKMYR,5,20250807,095500,0.0345815,0.0345983,0.0345815,0.0345879,0,0
ISKMYR,5,20250808,090000,0.034595,0.034607,0.034595,0.034607,0,0
ISKMYR,5,20250808,090500,0.034608,0.034608,0.0346029,0.0346059,0,0
ISKMYR,5,20250808,091000,0.0346112,0.0346112,0.0345867,0.0345902,0,0
ISKMYR,5,20250808,091500,0.0345969,0.0346012,0.034596,0.0346012,0,0
ISKMYR,5,20250808,092000,0.0346036,0.0346069,0.0346024,0.0346069,0,0
ISKMYR,5,20250808,092500,0.0346112,0.0346112,0.0346066,0.0346068,0,0
ISKMYR,5,20250808,093000,0.0346104,0.0346203,0.0346104,0.0346203,0,0
ISKMYR,5,20250808,093500,0.0346245,0.0346255,0.0346198,0.0346255,0,0
ISKMYR,5,20250808,094000,0.034628,0.0346324,0.034628,0.034632,0,0
ISKMYR,5,20250808,094500,0.0346255,0.0346255,0.0346131,0.0346131,0,0
ISKMYR,5,20250808,095000,0.0346123,0.0346134,0.0346123,0.0346134,0,0
ISKMYR,5,20250808,095500,0.0346144,0.0346166,0.034613,0.0346163,0,0
ISKMYR,5,20250811,090000,0.0345335,0.0345335,0.0345184,0.0345184,0,0
ISKMYR,5,20250811,090500,0.0345201,0.0345214,0.0345129,0.0345129,0,0
ISKMYR,5,20250811,091000,0.0345175,0.0345175,0.0345154,0.0345154,0,0
ISKMYR,5,20250811,091500,0.0345156,0.0345249,0.0345156,0.0345249,0,0
ISKMYR,5,20250811,092000,0.034526,0.034526,0.0345171,0.0345171,0,0
ISKMYR,5,20250811,092500,0.0345163,0.0345163,0.034511,0.034511,0,0
ISKMYR,5,20250811,093000,0.0345096,0.0345096,0.0345003,0.0345003,0,0
ISKMYR,5,20250811,093500,0.0344963,0.0344963,0.0344942,0.0344945,0,0
ISKMYR,5,20250811,094000,0.0344917,0.0344982,0.0344917,0.0344932,0,0
ISKMYR,5,20250811,094500,0.0344966,0.0344966,0.0344902,0.0344902,0,0
ISKMYR,5,20250811,095000,0.0344896,0.0344896,0.034484,0.034484,0,0
ISKMYR,5,20250811,095500,0.0344845,0.034488,0.0344837,0.0344876,0,0
ISKMYR,5,20250812,090000,0.0343675,0.0343697,0.0343665,0.0343697,0,0
ISKMYR,5,20250812,090500,0.0343706,0.0343757,0.0343706,0.0343757,0,0
ISKMYR,5,20250812,091000,0.0343713,0.0343747,0.0343704,0.0343704,0,0
ISKMYR,5,20250812,091500,0.0343768,0.0343768,0.0343666,0.0343674,0,0
ISKMYR,5,20250812,092000,0.0343692,0.0343744,0.0343665,0.0343744,0,0
ISKMYR,5,20250812,092500,0.0343733,0.0343791,0.0343727,0.0343791,0,0
ISKMYR,5,20250812,093000,0.0343814,0.0343967,0.0343814,0.034396,0,0
ISKMYR,5,20250812,093500,0.0343934,0.0343934,0.034386,0.034386,0,0
ISKMYR,5,20250812,094000,0.0343875,0.0343883,0.0343867,0.0343876,0,0
ISKMYR,5,20250812,094500,0.0343991,0.0343994,0.0343927,0.0343994,0,0
ISKMYR,5,20250812,095000,0.0343998,0.0343998,0.0343974,0.0343984,0,0
ISKMYR,5,20250812,095500,0.0343958,0.034397,0.0343923,0.034397,0,0
ISKMYR,5,20250813,090000,0.0344336,0.0344391,0.034431,0.0344359,0,0
ISKMYR,5,20250813,090500,0.0344359,0.0344359,0.0344316,0.0344353,0,0
ISKMYR,5,20250813,091000,0.0344406,0.0344407,0.0344399,0.0344407,0,0
ISKMYR,5,20250813,091500,0.0344609,0.0344653,0.0344502,0.0344653,0,0
ISKMYR,5,20250813,092000,0.0344664,0.0344664,0.0344538,0.0344538,0,0
ISKMYR,5,20250813,092500,0.0344675,0.0344675,0.0344598,0.0344598,0,0
ISKMYR,5,20250813,093000,0.034456,0.034459,0.0344549,0.034459,0,0
ISKMYR,5,20250813,093500,0.0344588,0.0344671,0.0344588,0.0344608,0,0
ISKMYR,5,20250813,094000,0.0344742,0.0344742,0.0344674,0.0344674,0,0
ISKMYR,5,20250813,094500,0.0344596,0.0344618,0.0344461,0.0344597,0,0
ISKMYR,5,20250813,095000,0.0344598,0.0344773,0.0344598,0.0344773,0,0
ISKMYR,5,20250813,095500,0.0344736,0.0344736,0.0344684,0.0344721,0,0
ISKMYR,5,20250814,090000,0.0342993,0.0343272,0.0342993,0.0343272,0,0
ISKMYR,5,20250814,090500,0.034328,0.0343304,0.0343183,0.034321,0,0
ISKMYR,5,20250814,091000,0.0343245,0.0343341,0.0343245,0.0343341,0,0
ISKMYR,5,20250814,091500,0.034337,0.034337,0.0343356,0.0343363,0,0
ISKMYR,5,20250814,092000,0.0343343,0.0343343,0.0343204,0.0343204,0,0
ISKMYR,5,20250814,092500,0.034317,0.0343205,0.034317,0.0343172,0,0
ISKMYR,5,20250814,093000,0.0343156,0.0343217,0.0343138,0.0343217,0,0
ISKMYR,5,20250814,093500,0.034325,0.034325,0.0343196,0.034322,0,0
ISKMYR,5,20250814,094000,0.034323,0.034323,0.0343215,0.0343219,0,0
ISKMYR,5,20250814,094500,0.034325,0.034325,0.0343108,0.0343108,0,0
ISKMYR,5,20250814,095000,0.0343187,0.0343187,0.0343098,0.0343098,0,0
ISKMYR,5,20250814,095500,0.0343106,0.0343155,0.0343106,0.0343155,0,0
ISKMYR,5,20250815,090000,0.0343788,0.0343821,0.0343788,0.0343821,0,0
ISKMYR,5,20250815,090500,0.0343767,0.034396,0.0343767,0.0343917,0,0
ISKMYR,5,20250815,091000,0.0343999,0.0344017,0.0343964,0.0343964,0,0
ISKMYR,5,20250815,091500,0.0343926,0.0343926,0.0343804,0.0343804,0,0
ISKMYR,5,20250815,092000,0.0343824,0.0343958,0.0343824,0.0343955,0,0
ISKMYR,5,20250815,092500,0.0343928,0.0343928,0.0343883,0.0343894,0,0
ISKMYR,5,20250815,093000,0.0343962,0.0344007,0.0343962,0.0343987,0,0
ISKMYR,5,20250815,093500,0.0343935,0.0344055,0.0343935,0.0344052,0,0
ISKMYR,5,20250815,094000,0.0344044,0.0344079,0.0344044,0.0344061,0,0
ISKMYR,5,20250815,094500,0.0344139,0.0344139,0.0344097,0.0344097,0,0
ISKMYR,5,20250815,095000,0.0344047,0.0344151,0.0344047,0.0344115,0,0
ISKMYR,5,20250815,095500,0.0344148,0.0344245,0.0344148,0.0344197,0,0
ISKMYR,5,20250818,090000,0.0345053,0.0345053,0.0345017,0.0345032,0,0
ISKMYR,5,20250818,090500,0.0345004,0.0345029,0.0344966,0.0344966,0,0
ISKMYR,5,20250818,091000,0.0344999,0.034505,0.0344999,0.0345044,0,0
ISKMYR,5,20250818,091500,0.034506,0.034506,0.0344993,0.0344993,0,0
ISKMYR,5,20250818,092000,0.0344916,0.0345064,0.0344916,0.0345064,0,0
ISKMYR,5,20250818,092500,0.0345051,0.0345051,0.0344985,0.0345037,0,0
ISKMYR,5,20250818,093000,0.0345017,0.0345055,0.0345017,0.0345052,0,0
ISKMYR,5,20250818,093500,0.0345042,0.0345042,0.0344944,0.0344944,0,0
ISKMYR,5,20250818,094000,0.0344936,0.0344988,0.0344936,0.0344988,0,0
ISKMYR,5,20250818,094500,0.0344982,0.0345033,0.0344978,0.0344978,0,0
ISKMYR,5,20250818,095000,0.0344895,0.0344895,0.0344656,0.0344656,0,0
ISKMYR,5,20250818,095500,0.0344671,0.0344671,0.0344534,0.0344534,0,0
ISKMYR,5,20250819,090000,0.0343887,0.0343962,0.0343851,0.0343953,0,0
ISKMYR,5,20250819,090500,0.0343906,0.0344037,0.0343906,0.0344,0,0
ISKMYR,5,20250819,091000,0.0344001,0.0344001,0.0343993,0.0343993,0,0
ISKMYR,5,20250819,091500,0.0343881,0.0343953,0.0343881,0.0343953,0,0
ISKMYR,5,20250819,092000,0.0343946,0.0343984,0.0343918,0.0343918,0,0
ISKMYR,5,20250819,092500,0.0343931,0.0343988,0.0343931,0.0343986,0,0
ISKMYR,5,20250819,093000,0.0343987,0.0343995,0.0343978,0.0343978,0,0
ISKMYR,5,20250819,093500,0.0343965,0.0344022,0.0343965,0.0344022,0,0
ISKMYR,5,20250819,094000,0.0344059,0.0344059,0.0344015,0.0344015,0,0
ISKMYR,5,20250819,094500,0.0344101,0.0344101,0.0344019,0.0344019,0,0
ISKMYR,5,20250819,095000,0.0344016,0.0344086,0.0344016,0.0344086,0,0
ISKMYR,5,20250819,095500,0.0344132,0.0344158,0.0344107,0.0344157,0,0
ISKMYR,5,20250820,090000,0.0342839,0.0342892,0.0342839,0.0342873,0,0
ISKMYR,5,20250820,090500,0.0342904,0.034302,0.0342904,0.0342982,0,0
ISKMYR,5,20250820,091000,0.0343006,0.0343006,0.0342962,0.0342972,0,0
ISKMYR,5,20250820,091500,0.0342998,0.0342998,0.0342931,0.0342931,0,0
ISKMYR,5,20250820,092000,0.0343049,0.0343116,0.0343049,0.0343116,0,0
ISKMYR,5,20250820,092500,0.0343193,0.0343193,0.0343111,0.0343111,0,0
ISKMYR,5,20250820,093000,0.0343148,0.0343148,0.0343044,0.0343044,0,0
ISKMYR,5,20250820,093500,0.0343083,0.0343083,0.0343022,0.0343022,0,0
ISKMYR,5,20250820,094000,0.034305,0.034305,0.0342973,0.0342992,0,0
ISKMYR,5,20250820,094500,0.0342926,0.0342932,0.0342899,0.0342927,0,0
ISKMYR,5,20250820,095000,0.0342936,0.0342936,0.0342886,0.0342886,0,0
ISKMYR,5,20250820,095500,0.0342932,0.0343072,0.034292,0.0343072,0,0
ISKMYR,5,20250821,090000,0.0342359,0.0342369,0.0342332,0.0342332,0,0
ISKMYR,5,20250821,090500,0.0342358,0.0342518,0.0342358,0.0342518,0,0
ISKMYR,5,20250821,091000,0.0342508,0.0342536,0.0342508,0.0342536,0,0
ISKMYR,5,20250821,091500,0.0342559,0.0342723,0.0342559,0.0342705,0,0
ISKMYR,5,20250821,092000,0.0342773,0.0342773,0.0342722,0.0342763,0,0
ISKMYR,5,20250821,092500,0.0342814,0.0342851,0.0342814,0.0342851,0,0
ISKMYR,5,20250821,093000,0.0342985,0.0343118,0.0342985,0.0343118,0,0
ISKMYR,5,20250821,093500,0.034316,0.0343225,0.034316,0.0343225,0,0
ISKMYR,5,20250821,094000,0.0343271,0.0343332,0.0343271,0.0343332,0,0
ISKMYR,5,20250821,094500,0.0343259,0.0343259,0.0343177,0.0343177,0,0
ISKMYR,5,20250821,095000,0.0343283,0.0343283,0.0343277,0.0343277,0,0
ISKMYR,5,20250821,095500,0.0343368,0.0343426,0.0343347,0.0343347,0,0
ISKMYR,5,20250822,090000,0.0341876,0.0341965,0.0341876,0.0341965,0,0
ISKMYR,5,20250822,090500,0.0342077,0.0342129,0.0342077,0.0342129,0,0
ISKMYR,5,20250822,091000,0.0342057,0.034213,0.0342057,0.034213,0,0
ISKMYR,5,20250822,091500,0.0342131,0.0342131,0.0342111,0.0342114,0,0
ISKMYR,5,20250822,092000,0.0342104,0.0342104,0.0342099,0.0342099,0,0
ISKMYR,5,20250822,092500,0.0342076,0.0342076,0.0342007,0.0342076,0,0
ISKMYR,5,20250822,093000,0.0342121,0.0342121,0.0342062,0.0342079,0,0
ISKMYR,5,20250822,093500,0.0341973,0.0341973,0.0341901,0.0341917,0,0
ISKMYR,5,20250822,094000,0.034196,0.0341964,0.0341929,0.0341937,0,0
ISKMYR,5,20250822,094500,0.0341958,0.0341995,0.0341908,0.0341995,0,0
ISKMYR,5,20250822,095000,0.0342013,0.034204,0.0341984,0.034204,0,0
ISKMYR,5,20250822,095500,0.0342081,0.0342081,0.0342017,0.0342017,0,0
ISKMYR,5,20250825,090000,0.0342813,0.0342813,0.0342764,0.0342812,0,0
ISKMYR,5,20250825,090500,0.0342907,0.0343056,0.0342907,0.0343056,0,0
ISKMYR,5,20250825,091000,0.0343073,0.0343073,0.0342928,0.0342941,0,0
ISKMYR,5,20250825,091500,0.0342944,0.0342944,0.0342885,0.0342885,0,0
ISKMYR,5,20250825,092000,0.0342858,0.0342962,0.0342858,0.0342911,0,0
ISKMYR,5,20250825,092500,0.0342906,0.0342971,0.0342906,0.034295,0,0
ISKMYR,5,20250825,093000,0.0342941,0.0342941,0.0342865,0.0342865,0,0
ISKMYR,5,20250825,093500,0.0342941,0.0342941,0.0342866,0.0342866,0,0
ISKMYR,5,20250825,094000,0.0342876,0.0342914,0.0342869,0.0342914,0,0
ISKMYR,5,20250825,094500,0.0342947,0.0342981,0.0342947,0.0342966,0,0
ISKMYR,5,20250825,095000,0.0342977,0.0342977,0.0342907,0.0342907,0,0
ISKMYR,5,20250825,095500,0.0342832,0.0342832,0.0342649,0.0342656,0,0
ISKMYR,5,20250826,090000,0.0341711,0.0341727,0.0341658,0.0341727,0,0
ISKMYR,5,20250826,090500,0.0341712,0.0341712,0.0341632,0.0341632,0,0
ISKMYR,5,20250826,091000,0.0341542,0.0341542,0.0341238,0.0341238,0,0
ISKMYR,5,20250826,091500,0.0341336,0.0341352,0.0341258,0.0341352,0,0
ISKMYR,5,20250826,092000,0.034135,0.034135,0.0341295,0.0341317,0,0
ISKMYR,5,20250826,092500,0.0341426,0.0341574,0.0341426,0.0341574,0,0
ISKMYR,5,20250826,093000,0.0341593,0.0341825,0.0341593,0.0341825,0,0
ISKMYR,5,20250826,093500,0.0341886,0.0341962,0.0341886,0.0341926,0,0
ISKMYR,5,20250826,094000,0.0341874,0.0341874,0.0341842,0.0341856,0,0
ISKMYR,5,20250826,094500,0.0341826,0.0341826,0.0341759,0.0341781,0,0
ISKMYR,5,20250826,095000,0.0341758,0.0341807,0.0341743,0.0341807,0,0
ISKMYR,5,20250826,095500,0.0341806,0.0341806,0.0341701,0.0341754,0,0
ISKMYR,5,20250827,090000,0.0343161,0.0343199,0.034307,0.034307,0,0
ISKMYR,5,20250827,090500,0.0343155,0.03432,0.0343155,0.03432,0,0
ISKMYR,5,20250827,091000,0.0343214,0.0343229,0.0343115,0.0343115,0,0
ISKMYR,5,20250827,091500,0.0343019,0.034302,0.0342998,0.0342998,0,0
ISKMYR,5,20250827,092000,0.0343032,0.0343193,0.0343032,0.034318,0,0
ISKMYR,5,20250827,092500,0.0343222,0.0343254,0.0343222,0.0343254,0,0
ISKMYR,5,20250827,093000,0.0343122,0.0343122,0.0343046,0.0343118,0,0
ISKMYR,5,20250827,093500,0.0343056,0.0343056,0.0342884,0.034299,0,0
ISKMYR,5,20250827,094000,0.034302,0.034302,0.0342884,0.0342884,0,0
ISKMYR,5,20250827,094500,0.0342994,0.034304,0.0342994,0.034304,0,0
ISKMYR,5,20250827,095000,0.0342928,0.0342928,0.0342835,0.0342923,0,0
ISKMYR,5,20250827,095500,0.0343016,0.0343016,0.034297,0.0342996,0,0
ISKMYR,5,20250828,090000,0.0343993,0.0343993,0.0343948,0.0343948,0,0
ISKMYR,5,20250828,090500,0.0344101,0.0344101,0.0343993,0.0343993,0,0
ISKMYR,5,20250828,091000,0.0344002,0.0344002,0.0343952,0.0343997,0,0
ISKMYR,5,20250828,091500,0.0343962,0.0344022,0.0343741,0.0343741,0,0
ISKMYR,5,20250828,092000,0.0343864,0.0343864,0.0343827,0.0343841,0,0
ISKMYR,5,20250828,092500,0.0343852,0.0343878,0.0343852,0.0343878,0,0
ISKMYR,5,20250828,093000,0.0343825,0.0343825,0.0343662,0.0343662,0,0
ISKMYR,5,20250828,093500,0.0343766,0.0343766,0.0343693,0.0343759,0,0
ISKMYR,5,20250828,094000,0.0343767,0.0343866,0.0343767,0.0343866,0,0
ISKMYR,5,20250828,094500,0.0343895,0.0343895,0.0343813,0.0343895,0,0
ISKMYR,5,20250828,095000,0.0343658,0.0343891,0.0343658,0.0343891,0,0
ISKMYR,5,20250828,095500,0.0343909,0.034398,0.0343909,0.0343959,0,0
ISKMYR,5,20250829,090000,0.0344894,0.0344955,0.0344894,0.0344931,0,0
ISKMYR,5,20250829,090500,0.0344891,0.0344969,0.0344891,0.0344969,0,0
ISKMYR,5,20250829,091000,0.0344963,0.0344963,0.0344913,0.0344913,0,0
ISKMYR,5,20250829,091500,0.0344887,0.034493,0.0344866,0.0344866,0,0
ISKMYR,5,20250829,092000,0.0344843,0.0344843,0.034465,0.034465,0,0
ISKMYR,5,20250829,092500,0.0344716,0.0344743,0.0344716,0.0344721,0,0
ISKMYR,5,20250829,093000,0.034465,0.0344765,0.034465,0.0344765,0,0
ISKMYR,5,20250829,093500,0.0344782,0.0344828,0.0344755,0.0344755,0,0
ISKMYR,5,20250829,094000,0.0344794,0.0344794,0.0344683,0.0344683,0,0
ISKMYR,5,20250829,094500,0.0344663,0.034477,0.0344663,0.0344761,0,0
ISKMYR,5,20250829,095000,0.0344707,0.0344761,0.0344707,0.0344761,0,0
ISKMYR,5,20250829,095500,0.0344787,0.0345012,0.0344787,0.0345006,0,0
ISKMYR,5,20250901,090000,0.0345986,0.0345986,0.0345924,0.0345943,0,0
ISKMYR,5,20250901,090500,0.0345947,0.0345969,0.0345882,0.0345885,0,0
ISKMYR,5,20250901,091000,0.0345759,0.0345829,0.0345759,0.0345776,0,0
ISKMYR,5,20250901,091500,0.0345722,0.0345805,0.0345722,0.0345741,0,0
ISKMYR,5,20250901,092000,0.0345804,0.0345838,0.0345789,0.0345794,0,0
ISKMYR,5,20250901,092500,0.0345774,0.0345785,0.0345743,0.034577,0,0
ISKMYR,5,20250901,093000,0.0345803,0.0345803,0.0345709,0.0345709,0,0
ISKMYR,5,20250901,093500,0.0345685,0.0345725,0.0345685,0.0345709,0,0
ISKMYR,5,20250901,094000,0.0345703,0.0345705,0.0345618,0.0345705,0,0
ISKMYR,5,20250901,094500,0.034566,0.0345705,0.034566,0.0345698,0,0
ISKMYR,5,20250901,095000,0.0345719,0.0345812,0.0345719,0.0345774,0,0
ISKMYR,5,20250901,095500,0.0345806,0.0345929,0.0345806,0.0345929,0,0
ISKMYR,5,20250902,090000,0.0345153,0.0345178,0.0345153,0.0345178,0,0
ISKMYR,5,20250902,090500,0.0345118,0.0345118,0.0344941,0.0344941,0,0
ISKMYR,5,20250902,091000,0.0344873,0.0344873,0.0344762,0.0344808,0,0
ISKMYR,5,20250902,091500,0.0344622,0.0344622,0.0344495,0.0344529,0,0
ISKMYR,5,20250902,092000,0.0344516,0.0344516,0.0344493,0.0344493,0,0
ISKMYR,5,20250902,092500,0.0344407,0.0344407,0.0344317,0.0344317,0,0
ISKMYR,5,20250902,093000,0.0344334,0.0344334,0.0344178,0.0344178,0,0
ISKMYR,5,20250902,093500,0.0343989,0.0344022,0.0343989,0.0344022,0,0
ISKMYR,5,20250902,094000,0.0344001,0.0344083,0.0344001,0.0344083,0,0
ISKMYR,5,20250902,094500,0.0344157,0.0344301,0.0344157,0.0344301,0,0
ISKMYR,5,20250902,095000,0.0344206,0.0344206,0.0344101,0.0344101,0,0
ISKMYR,5,20250902,095500,0.0344038,0.0344038,0.0343634,0.0343661,0,0
ISKMYR,5,20250903,090000,0.0342539,0.0342539,0.0342526,0.0342538,0,0
ISKMYR,5,20250903,090500,0.0342493,0.0342528,0.0342436,0.0342528,0,0
ISKMYR,5,20250903,091000,0.03426,0.03426,0.0342565,0.0342565,0,0
ISKMYR,5,20250903,091500,0.0342561,0.0342562,0.0342377,0.0342377,0,0
ISKMYR,5,20250903,092000,0.0342253,0.0342253,0.034206,0.0342062,0,0
ISKMYR,5,20250903,092500,0.0342192,0.0342326,0.0342192,0.0342231,0,0
ISKMYR,5,20250903,093000,0.0342276,0.0342483,0.0342276,0.0342483,0,0
ISKMYR,5,20250903,093500,0.0342441,0.0342489,0.0342441,0.0342489,0,0
ISKMYR,5,20250903,094000,0.0342511,0.034253,0.0342448,0.0342448,0,0
ISKMYR,5,20250903,094500,0.0342405,0.0342602,0.0342405,0.0342602,0,0
ISKMYR,5,20250903,095000,0.0342676,0.0342676,0.0342565,0.0342565,0,0
ISKMYR,5,20250903,095500,0.0342631,0.0342715,0.0342631,0.0342695,0,0
ISKMYR,5,20250904,090000,0.0343415,0.034347,0.0343415,0.0343469,0,0
ISKMYR,5,20250904,090500,0.0343541,0.0343541,0.0343475,0.0343475,0,0
ISKMYR,5,20250904,091000,0.0343519,0.0343519,0.0343457,0.0343457,0,0
ISKMYR,5,20250904,091500,0.0343465,0.0343465,0.0343398,0.0343398,0,0
ISKMYR,5,20250904,092000,0.0343395,0.0343395,0.034326,0.0343265,0,0
ISKMYR,5,20250904,092500,0.034328,0.034339,0.034328,0.034339,0,0
ISKMYR,5,20250904,093000,0.0343498,0.0343499,0.0343472,0.0343499,0,0
ISKMYR,5,20250904,093500,0.0343507,0.0343516,0.0343492,0.0343492,0,0
ISKMYR,5,20250904,094000,0.0343479,0.034356,0.0343479,0.0343511,0,0
ISKMYR,5,20250904,094500,0.0343513,0.0343513,0.0343483,0.0343508,0,0
ISKMYR,5,20250904,095000,0.0343479,0.0343479,0.034339,0.0343391,0,0
ISKMYR,5,20250904,095500,0.0343422,0.0343422,0.0343383,0.0343409,0,0
ISKMYR,5,20250905,090000,0.0344355,0.0344355,0.0344196,0.0344196,0,0
ISKMYR,5,20250905,090500,0.0344122,0.0344315,0.0344122,0.0344264,0,0
ISKMYR,5,20250905,091000,0.0344363,0.0344455,0.0344338,0.0344338,0,0
ISKMYR,5,20250905,091500,0.0344449,0.0344566,0.0344417,0.0344566,0,0
ISKMYR,5,20250905,092000,0.0344474,0.0344474,0.034428,0.034428,0,0
ISKMYR,5,20250905,092500,0.0344449,0.0344449,0.0344312,0.0344312,0,0
ISKMYR,5,20250905,093000,0.0344319,0.0344402,0.034429,0.034429,0,0
ISKMYR,5,20250905,093500,0.0344264,0.0344387,0.0344264,0.034431,0,0
ISKMYR,5,20250905,094000,0.0344351,0.0344389,0.0344316,0.0344316,0,0
ISKMYR,5,20250905,094500,0.0344325,0.0344444,0.0344325,0.0344395,0,0
ISKMYR,5,20250905,095000,0.03445,0.03445,0.034443,0.034443,0,0
ISKMYR,5,20250905,095500,0.0344475,0.0344612,0.0344475,0.0344518,0,0
ISKMYR,5,20250908,090000,0.0345896,0.0345954,0.0345889,0.0345954,0,0
ISKMYR,5,20250908,090500,0.0345976,0.0345976,0.0345864,0.0345864,0,0
ISKMYR,5,20250908,091000,0.0345886,0.0345995,0.0345886,0.0345995,0,0
ISKMYR,5,20250908,091500,0.0346032,0.0346051,0.0346024,0.0346024,0,0
ISKMYR,5,20250908,092000,0.034604,0.0346079,0.0346011,0.0346027,0,0
ISKMYR,5,20250908,092500,0.0345975,0.0346033,0.0345975,0.0346014,0,0
ISKMYR,5,20250908,093000,0.0346056,0.034608,0.0346033,0.034608,0,0
ISKMYR,5,20250908,093500,0.0346044,0.0346125,0.0346044,0.0346125,0,0
ISKMYR,5,20250908,094000,0.034615,0.0346177,0.034615,0.0346161,0,0
ISKMYR,5,20250908,094500,0.0346172,0.0346172,0.0346044,0.0346088,0,0
ISKMYR,5,20250908,095000,0.0346035,0.034604,0.0345977,0.034604,0,0
ISKMYR,5,20250908,095500,0.0346039,0.0346088,0.0346004,0.0346088,0,0
ISKMYR,5,20250909,090000,0.034539,0.0345421,0.034539,0.0345421,0,0
ISKMYR,5,20250909,090500,0.0345488,0.0345488,0.034545,0.0345475,0,0
ISKMYR,5,20250909,091000,0.0345465,0.0345465,0.0345347,0.0345347,0,0
ISKMYR,5,20250909,091500,0.0345417,0.0345479,0.0345417,0.0345477,0,0
ISKMYR,5,20250909,092000,0.034542,0.034547,0.0345319,0.034547,0,0
ISKMYR,5,20250909,092500,0.0345428,0.0345477,0.0345409,0.0345409,0,0
ISKMYR,5,20250909,093000,0.0345346,0.0345459,0.0345346,0.0345371,0,0
ISKMYR,5,20250909,093500,0.0345439,0.0345476,0.0345366,0.0345366,0,0
ISKMYR,5,20250909,094000,0.0345425,0.0345425,0.0345306,0.0345306,0,0
ISKMYR,5,20250909,094500,0.0345253,0.0345253,0.0345099,0.0345099,0,0
ISKMYR,5,20250909,095000,0.0345042,0.034508,0.0345002,0.034508,0,0
ISKMYR,5,20250909,095500,0.0345187,0.0345214,0.0345125,0.0345167,0,0
ISKMYR,5,20250910,090000,0.0343714,0.0343714,0.0343549,0.0343615,0,0
ISKMYR,5,20250910,090500,0.034366,0.0343772,0.034366,0.0343734,0,0
ISKMYR,5,20250910,091000,0.0343761,0.0343895,0.0343735,0.0343895,0,0
ISKMYR,5,20250910,091500,0.0343862,0.0343862,0.0343793,0.0343793,0,0
ISKMYR,5,20250910,092000,0.0343791,0.0343869,0.0343791,0.0343844,0,0
ISKMYR,5,20250910,092500,0.0343946,0.0343979,0.0343917,0.0343979,0,0
ISKMYR,5,20250910,093000,0.0344055,0.0344058,0.0343989,0.0343989,0,0
ISKMYR,5,20250910,093500,0.0343998,0.034408,0.034398,0.034408,0,0
ISKMYR,5,20250910,094000,0.0344057,0.0344124,0.0344057,0.0344124,0,0
ISKMYR,5,20250910,094500,0.0344112,0.0344112,0.0344067,0.0344083,0,0
ISKMYR,5,20250910,095000,0.034408,0.0344125,0.034408,0.0344101,0,0
ISKMYR,5,20250910,095500,0.0344107,0.0344107,0.0344054,0.0344086,0,0
ISKMYR,5,20250911,090000,0.0344652,0.0344805,0.0344652,0.0344805,0,0
ISKMYR,5,20250911,090500,0.0344735,0.0344785,0.0344695,0.0344766,0,0
ISKMYR,5,20250911,091000,0.0344806,0.0344867,0.0344776,0.0344867,0,0
ISKMYR,5,20250911,091500,0.0344806,0.0344817,0.0344728,0.0344728,0,0
ISKMYR,5,20250911,092000,0.0344721,0.0344721,0.0344691,0.0344691,0,0
ISKMYR,5,20250911,092500,0.0344696,0.0344732,0.0344679,0.0344679,0,0
ISKMYR,5,20250911,093000,0.0344715,0.0344715,0.0344689,0.0344706,0,0
ISKMYR,5,20250911,093500,0.0344754,0.0344778,0.0344754,0.0344778,0,0
ISKMYR,5,20250911,094000,0.0344761,0.0344813,0.0344761,0.0344813,0,0
ISKMYR,5,20250911,094500,0.0344828,0.0344828,0.0344785,0.0344785,0,0
ISKMYR,5,20250911,095000,0.0344773,0.0344803,0.0344736,0.0344736,0,0
ISKMYR,5,20250911,095500,0.0344754,0.0344778,0.034473,0.0344778,0,0
ISKMYR,5,20250912,090000,0.0344671,0.0344763,0.0344671,0.0344763,0,0
ISKMYR,5,20250912,090500,0.0344791,0.0344791,0.0344732,0.0344732,0,0
ISKMYR,5,20250912,091000,0.0344761,0.0344761,0.0344659,0.0344659,0,0
ISKMYR,5,20250912,091500,0.0344623,0.0344676,0.0344623,0.0344666,0,0
ISKMYR,5,20250912,092000,0.0344608,0.0344608,0.0344608,0.0344608,0,0
ISKMYR,5,20250912,092500,0.0344581,0.0344581,0.0344479,0.0344479,0,0
ISKMYR,5,20250912,093000,0.0344478,0.0344478,0.034436,0.034436,0,0
ISKMYR,5,20250912,093500,0.0344361,0.0344442,0.0344361,0.0344442,0,0
ISKMYR,5,20250912,094000,0.0344422,0.0344493,0.0344422,0.0344492,0,0
ISKMYR,5,20250912,094500,0.0344493,0.0344588,0.0344493,0.0344588,0,0
ISKMYR,5,20250912,095000,0.0344598,0.0344726,0.0344598,0.0344726,0,0
ISKMYR,5,20250912,095500,0.0344718,0.0344744,0.0344699,0.0344705,0,0
ISKMYR,5,20250915,090000,0.0344335,0.0344335,0.0344295,0.0344326,0,0
ISKMYR,5,20250915,090500,0.0344363,0.0344468,0.0344363,0.0344468,0,0
ISKMYR,5,20250915,091000,0.03445,0.0344586,0.03445,0.034455,0,0
ISKMYR,5,20250915,091500,0.0344569,0.0344614,0.0344569,0.0344614,0,0
ISKMYR,5,20250915,092000,0.0344636,0.0344636,0.0344607,0.0344607,0,0
ISKMYR,5,20250915,092500,0.0344622,0.0344636,0.0344619,0.0344619,0,0
ISKMYR,5,20250915,093000,0.0344631,0.0344794,0.0344631,0.0344794,0,0
ISKMYR,5,20250915,093500,0.0344819,0.0344844,0.0344819,0.0344844,0,0
ISKMYR,5,20250915,094000,0.0344861,0.0344861,0.0344783,0.0344787,0,0
ISKMYR,5,20250915,094500,0.0344735,0.0344735,0.0344589,0.0344599,0,0
ISKMYR,5,20250915,095000,0.0344527,0.0344549,0.0344527,0.0344549,0,0
ISKMYR,5,20250915,095500,0.0344581,0.0344581,0.0344526,0.0344526,0,0
ISKMYR,5,20250916,090000,0.0346167,0.0346334,0.0346167,0.0346323,0,0
ISKMYR,5,20250916,090500,0.0346337,0.0346337,0.0346227,0.0346237,0,0
ISKMYR,5,20250916,091000,0.0346309,0.0346371,0.0346309,0.0346371,0,0
ISKMYR,5,20250916,091500,0.0346457,0.0346458,0.0346437,0.0346458,0,0
ISKMYR,5,20250916,092000,0.0346438,0.0346519,0.0346414,0.0346414,0,0
ISKMYR,5,20250916,092500,0.03465,0.0346554,0.0346405,0.0346554,0,0
ISKMYR,5,20250916,093000,0.034651,0.0346584,0.034647,0.034647,0,0
ISKMYR,5,20250916,093500,0.0346388,0.0346415,0.0346317,0.0346317,0,0
ISKMYR,5,20250916,094000,0.0346368,0.0346385,0.0346312,0.0346312,0,0
ISKMYR,5,20250916,094500,0.0346356,0.0346484,0.0346356,0.0346484,0,0
ISKMYR,5,20250916,095000,0.0346401,0.0346585,0.0346401,0.0346585,0,0
ISKMYR,5,20250916,095500,0.0346588,0.0346588,0.0346433,0.0346433,0,0
ISKMYR,5,20250917,090000,0.0347696,0.0347696,0.0347546,0.0347546,0,0
ISKMYR,5,20250917,090500,0.0347427,0.0347515,0.0347427,0.0347511,0,0
ISKMYR,5,20250917,091000,0.0347524,0.0347524,0.034729,0.034729,0,0
ISKMYR,5,20250917,091500,0.034727,0.03473,0.0347268,0.0347268,0,0
ISKMYR,5,20250917,092000,0.0347305,0.0347305,0.0347185,0.0347185,0,0
ISKMYR,5,20250917,092500,0.0347178,0.0347313,0.0347178,0.0347313,0,0
ISKMYR,5,20250917,093000,0.0347357,0.0347357,0.0347287,0.0347287,0,0
ISKMYR,5,20250917,093500,0.0347321,0.0347376,0.0347321,0.034735,0,0
ISKMYR,5,20250917,094000,0.0347376,0.0347392,0.0347376,0.0347387,0,0
ISKMYR,5,20250917,094500,0.034738,0.0347418,0.0347378,0.0347418,0,0
ISKMYR,5,20250917,095000,0.0347346,0.0347346,0.0347301,0.0347301,0,0
ISKMYR,5,20250917,095500,0.0347292,0.0347292,0.0347261,0.0347261,0,0
ISKMYR,5,20250918,090000,0.0346903,0.0347003,0.0346903,0.0347003,0,0
ISKMYR,5,20250918,090500,0.0347107,0.0347254,0.0347107,0.0347254,0,0
ISKMYR,5,20250918,091000,0.0347242,0.0347406,0.0347242,0.0347394,0,0
ISKMYR,5,20250918,091500,0.0347399,0.034742,0.0347324,0.0347324,0,0
ISKMYR,5,20250918,092000,0.034743,0.034743,0.0347338,0.0347338,0,0
ISKMYR,5,20250918,092500,0.0347345,0.03474,0.0347345,0.03474,0,0
ISKMYR,5,20250918,093000,0.034745,0.034761,0.034745,0.034761,0,0
ISKMYR,5,20250918,093500,0.0347579,0.0347605,0.0347579,0.0347582,0,0
ISKMYR,5,20250918,094000,0.0347615,0.0347835,0.0347615,0.0347835,0,0
ISKMYR,5,20250918,094500,0.0347877,0.0347877,0.0347832,0.0347832,0,0
ISKMYR,5,20250918,095000,0.0347918,0.034793,0.0347918,0.034793,0,0
ISKMYR,5,20250918,095500,0.0347852,0.0347852,0.0347718,0.0347718,0,0
ISKMYR,5,20250919,090000,0.0346164,0.0346198,0.0346164,0.0346174,0,0
ISKMYR,5,20250919,090500,0.034612,0.034612,0.0345912,0.0345912,0,0
ISKMYR,5,20250919,091000,0.0345932,0.0346122,0.0345931,0.0346122,0,0
ISKMYR,5,20250919,091500,0.0346168,0.034635,0.0346168,0.034635,0,0
ISKMYR,5,20250919,092000,0.0346403,0.0346424,0.034634,0.0346424,0,0
ISKMYR,5,20250919,092500,0.0346398,0.0346405,0.0346272,0.0346272,0,0
ISKMYR,5,20250919,093000,0.0346286,0.0346286,0.0346142,0.0346142,0,0
ISKMYR,5,20250919,093500,0.034613,0.034616,0.0346117,0.034616,0,0
ISKMYR,5,20250919,094000,0.034612,0.034612,0.0345987,0.0346023,0,0
ISKMYR,5,20250919,094500,0.034597,0.034597,0.0345911,0.0345911,0,0
ISKMYR,5,20250919,095000,0.0345995,0.034621,0.0345995,0.034621,0,0
ISKMYR,5,20250919,095500,0.0346145,0.0346149,0.0346117,0.0346149,0,0
ISKMYR,5,20250922,090000,0.034566,0.0345731,0.034566,0.0345731,0,0
ISKMYR,5,20250922,090500,0.0345791,0.0345837,0.0345742,0.0345742,0,0
ISKMYR,5,20250922,091000,0.0345676,0.0345677,0.0345643,0.0345643,0,0
ISKMYR,5,20250922,091500,0.0345627,0.034566,0.0345616,0.034566,0,0
ISKMYR,5,20250922,092000,0.0345729,0.0345837,0.0345729,0.0345834,0,0
ISKMYR,5,20250922,092500,0.0345807,0.0345965,0.0345807,0.0345965,0,0
ISKMYR,5,20250922,093000,0.0345975,0.0345982,0.0345922,0.0345922,0,0
ISKMYR,5,20250922,093500,0.0345816,0.034592,0.0345816,0.034592,0,0
ISKMYR,5,20250922,094000,0.0345937,0.0345942,0.0345863,0.0345886,0,0
ISKMYR,5,20250922,094500,0.0345849,0.0345917,0.0345819,0.0345917,0,0
ISKMYR,5,20250922,095000,0.0345872,0.0345882,0.0345852,0.0345852,0,0
ISKMYR,5,20250922,095500,0.0345887,0.0345891,0.0345858,0.0345858,0,0
ISKMYR,5,20250923,090000,0.0347226,0.0347231,0.0347161,0.0347161,0,0
ISKMYR,5,20250923,090500,0.0347081,0.0347217,0.0347081,0.0347217,0,0
ISKMYR,5,20250923,091000,0.0347252,0.0347252,0.0347147,0.0347147,0,0
ISKMYR,5,20250923,091500,0.0347152,0.0347152,0.0347043,0.0347117,0,0
ISKMYR,5,20250923,092000,0.0347058,0.0347058,0.0347034,0.0347039,0,0
ISKMYR,5,20250923,092500,0.0347017,0.0347122,0.0347013,0.0347122,0,0
ISKMYR,5,20250923,093000,0.0347098,0.0347372,0.0347098,0.0347372,0,0
ISKMYR,5,20250923,093500,0.034737,0.0347394,0.0347287,0.0347394,0,0
ISKMYR,5,20250923,094000,0.0347392,0.0347392,0.0347248,0.0347248,0,0
ISKMYR,5,20250923,094500,0.0347276,0.0347304,0.0347276,0.0347304,0,0
ISKMYR,5,20250923,095000,0.0347267,0.0347267,0.0347209,0.0347224,0,0
ISKMYR,5,20250923,095500,0.0347238,0.0347255,0.0347221,0.0347255,0,0
ISKMYR,5,20250924,090000,0.0347349,0.034747,0.0347349,0.034747,0,0
ISKMYR,5,20250924,090500,0.0347464,0.0347483,0.0347443,0.0347443,0,0
ISKMYR,5,20250924,091000,0.0347465,0.0347465,0.0347457,0.0347457,0,0
ISKMYR,5,20250924,091500,0.0347352,0.0347393,0.0347352,0.0347393,0,0
ISKMYR,5,20250924,092000,0.0347411,0.0347484,0.0347411,0.0347437,0,0
ISKMYR,5,20250924,092500,0.0347421,0.0347451,0.0347386,0.0347451,0,0
ISKMYR,5,20250924,093000,0.0347462,0.0347462,0.0347429,0.0347443,0,0
ISKMYR,5,20250924,093500,0.0347462,0.0347488,0.0347446,0.0347446,0,0
ISKMYR,5,20250924,094000,0.0347495,0.0347566,0.0347495,0.0347566,0,0
ISKMYR,5,20250924,094500,0.0347585,0.0347585,0.0347483,0.0347483,0,0
ISKMYR,5,20250924,095000,0.0347457,0.0347485,0.0347453,0.0347453,0,0
ISKMYR,5,20250924,095500,0.0347468,0.0347482,0.0347464,0.0347482,0,0
ISKMYR,5,20250925,090000,0.0348252,0.0348252,0.034823,0.034823,0,0
ISKMYR,5,20250925,090500,0.0348266,0.0348357,0.0348266,0.0348328,0,0
ISKMYR,5,20250925,091000,0.0348326,0.0348326,0.0348221,0.0348221,0,0
ISKMYR,5,20250925,091500,0.0348297,0.0348343,0.0348294,0.0348343,0,0
ISKMYR,5,20250925,092000,0.0348349,0.0348353,0.0348346,0.0348346,0,0
ISKMYR,5,20250925,092500,0.0348304,0.0348351,0.0348302,0.0348302,0,0
ISKMYR,5,20250925,093000,0.0348216,0.0348281,0.0348212,0.0348281,0,0
ISKMYR,5,20250925,093500,0.0348242,0.0348242,0.0348134,0.0348158,0,0
ISKMYR,5,20250925,094000,0.0348164,0.0348164,0.0348115,0.0348136,0,0
ISKMYR,5,20250925,094500,0.0348117,0.0348117,0.0347985,0.0347985,0,0
ISKMYR,5,20250925,095000,0.034786,0.0347872,0.0347859,0.0347872,0,0
ISKMYR,5,20250925,095500,0.0347866,0.0347866,0.0347774,0.0347785,0,0
ISKMYR,5,20250926,090000,0.0346227,0.0346313,0.0346227,0.0346313,0,0
ISKMYR,5,20250926,090500,0.0346288,0.03463,0.0346209,0.0346209,0,0
ISKMYR,5,20250926,091000,0.0346256,0.0346256,0.0346157,0.0346226,0,0
ISKMYR,5,20250926,091500,0.0346206,0.0346206,0.0346084,0.0346084,0,0
ISKMYR,5,20250926,092000,0.0346019,0.0346045,0.0346019,0.0346045,0,0
ISKMYR,5,20250926,092500,0.0346059,0.0346107,0.0346059,0.0346107,0,0
ISKMYR,5,20250926,093000,0.0346199,0.0346205,0.0346158,0.0346205,0,0
ISKMYR,5,20250926,093500,0.0346194,0.0346222,0.0346194,0.034621,0,0
ISKMYR,5,20250926,094000,0.0346201,0.0346201,0.0346089,0.0346089,0,0
ISKMYR,5,20250926,094500,0.0346044,0.0346044,0.0345973,0.0346021,0,0
ISKMYR,5,20250926,095000,0.0345968,0.0345968,0.0345913,0.0345913,0,0
ISKMYR,5,20250926,095500,0.0345987,0.0346098,0.0345977,0.0346098,0,0
ISKMYR,5,20250929,090000,0.0348166,0.0348203,0.0348149,0.0348203,0,0
ISKMYR,5,20250929,090500,0.0348181,0.0348251,0.0348181,0.0348251,0,0
ISKMYR,5,20250929,091000,0.0348245,0.0348355,0.0348231,0.0348355,0,0
ISKMYR,5,20250929,091500,0.0348381,0.0348478,0.0348381,0.0348405,0,0
ISKMYR,5,20250929,092000,0.0348463,0.0348502,0.0348423,0.0348423,0,0
ISKMYR,5,20250929,092500,0.0348387,0.0348441,0.0348378,0.034843,0,0
ISKMYR,5,20250929,093000,0.0348453,0.0348453,0.0348358,0.0348358,0,0
ISKMYR,5,20250929,093500,0.0348341,0.0348341,0.0348225,0.0348225,0,0
ISKMYR,5,20250929,094000,0.0348169,0.0348236,0.0348169,0.0348227,0,0
ISKMYR,5,20250929,094500,0.0348267,0.0348312,0.0348267,0.0348311,0,0
ISKMYR,5,20250929,095000,0.0348292,0.0348336,0.0348292,0.0348336,0,0
ISKMYR,5,20250929,095500,0.0348355,0.0348407,0.0348312,0.0348312,0,0
ISKMYR,5,20250930,090000,0.0348944,0.0348944,0.03489,0.0348923,0,0
ISKMYR,5,20250930,090500,0.0348925,0.0348996,0.0348896,0.0348996,0,0
ISKMYR,5,20250930,091000,0.0348982,0.0348996,0.0348962,0.0348996,0,0
ISKMYR,5,20250930,091500,0.0349012,0.0349062,0.0349012,0.0349045,0,0
ISKMYR,5,20250930,092000,0.0349052,0.0349085,0.0349052,0.0349085,0,0
ISKMYR,5,20250930,092500,0.0349064,0.0349098,0.0349064,0.0349091,0,0
ISKMYR,5,20250930,093000,0.0349059,0.0349059,0.0348989,0.0348989,0,0
ISKMYR,5,20250930,093500,0.0348999,0.0348999,0.0348762,0.0348762,0,0
ISKMYR,5,20250930,094000,0.0348767,0.0348767,0.0348657,0.0348657,0,0
ISKMYR,5,20250930,094500,0.0348676,0.0348714,0.0348659,0.0348714,0,0
ISKMYR,5,20250930,095000,0.0348662,0.0348725,0.0348661,0.0348725,0,0
ISKMYR,5,20250930,095500,0.0348668,0.0348691,0.0348614,0.0348614,0,0
ISKMYR,5,20251001,090000,0.0347874,0.0347994,0.0347874,0.0347994,0,0
ISKMYR,5,20251001,090500,0.0348097,0.0348097,0.0348024,0.0348036,0,0
ISKMYR,5,20251001,091000,0.0348014,0.0348049,0.0347967,0.0348046,0,0
ISKMYR,5,20251001,091500,0.0348107,0.0348107,0.034805,0.034808,0,0
ISKMYR,5,20251001,092000,0.0348029,0.0348029,0.0347875,0.0347875,0,0
ISKMYR,5,20251001,092500,0.0347837,0.0347853,0.0347571,0.0347571,0,0
ISKMYR,5,20251001,093000,0.0347408,0.0347408,0.0347275,0.0347275,0,0
ISKMYR,5,20251001,093500,0.0347315,0.0347416,0.0347315,0.0347416,0,0
ISKMYR,5,20251001,094000,0.0347548,0.0347609,0.0347427,0.0347427,0,0
ISKMYR,5,20251001,094500,0.0347213,0.0347291,0.0347213,0.0347255,0,0
ISKMYR,5,20251001,095000,0.0347289,0.0347533,0.0347289,0.0347533,0,0
ISKMYR,5,20251001,095500,0.0347608,0.0347661,0.0347442,0.0347442,0,0
ISKMYR,5,20251002,090000,0.0346306,0.0346422,0.0346306,0.034639,0,0
ISKMYR,5,20251002,090500,0.0346522,0.0346617,0.0346522,0.0346617,0,0
ISKMYR,5,20251002,091000,0.034662,0.034662,0.0346413,0.0346466,0,0
ISKMYR,5,20251002,091500,0.0346577,0.0346609,0.0346556,0.0346609,0,0
ISKMYR,5,20251002,092000,0.0346579,0.0346579,0.0346554,0.0346554,0,0
ISKMYR,5,20251002,092500,0.0346532,0.0346532,0.0346506,0.0346519,0,0
ISKMYR,5,20251002,093000,0.0346495,0.0346495,0.0346451,0.0346451,0,0
ISKMYR,5,20251002,093500,0.0346469,0.0346524,0.0346469,0.0346524,0,0
ISKMYR,5,20251002,094000,0.0346582,0.0346584,0.0346531,0.0346584,0,0
ISKMYR,5,20251002,094500,0.034663,0.0346658,0.0346624,0.0346658,0,0
ISKMYR,5,20251002,095000,0.0346742,0.0346742,0.0346712,0.0346738,0,0
ISKMYR,5,20251002,095500,0.0346712,0.0346712,0.0346537,0.0346537,0,0
ISKMYR,5,20251003,090000,0.0347452,0.0347499,0.0347452,0.0347499,0,0
ISKMYR,5,20251003,090500,0.0347514,0.0347514,0.0347441,0.0347441,0,0
ISKMYR,5,20251003,091000,0.034742,0.0347469,0.034742,0.0347461,0,0
ISKMYR,5,20251003,091500,0.0347449,0.0347455,0.0347446,0.0347446,0,0
ISKMYR,5,20251003,092000,0.0347423,0.0347477,0.0347416,0.0347477,0,0
ISKMYR,5,20251003,092500,0.0347457,0.0347497,0.0347457,0.034746,0,0
ISKMYR,5,20251003,093000,0.0347465,0.0347478,0.0347465,0.0347468,0,0
ISKMYR,5,20251003,093500,0.034746,0.0347592,0.034746,0.034752,0,0
ISKMYR,5,20251003,094000,0.034748,0.034748,0.0347475,0.0347475,0,0
ISKMYR,5,20251003,094500,0.034741,0.034741,0.0347292,0.034731,0,0
ISKMYR,5,20251003,095000,0.0347352,0.0347376,0.0347344,0.0347351,0,0
ISKMYR,5,20251003,095500,0.0347362,0.0347362,0.0347333,0.0347342,0,0
ISKMYR,5,20251006,090000,0.0347115,0.034717,0.0347094,0.034717,0,0
ISKMYR,5,20251006,090500,0.0347291,0.0347365,0.0347291,0.0347323,0,0
ISKMYR,5,20251006,091000,0.0347407,0.0347507,0.0347383,0.0347414,0,0
ISKMYR,5,20251006,091500,0.0347423,0.0347461,0.0347396,0.0347461,0,0
ISKMYR,5,20251006,092000,0.0347589,0.0347589,0.0347461,0.034755,0,0
ISKMYR,5,20251006,092500,0.0347506,0.0347617,0.0347506,0.0347603,0,0
ISKMYR,5,20251006,093000,0.0347618,0.0347618,0.0347466,0.0347466,0,0
ISKMYR,5,20251006,093500,0.0347425,0.0347457,0.0347414,0.0347457,0,0
ISKMYR,5,20251006,094000,0.0347528,0.034755,0.0347433,0.034755,0,0
ISKMYR,5,20251006,094500,0.0347449,0.0347449,0.034728,0.034728,0,0
ISKMYR,5,20251006,095000,0.0347205,0.0347229,0.0347187,0.0347202,0,0
ISKMYR,5,20251006,095500,0.0347118,0.0347153,0.0347111,0.0347153,0,0
ISKMYR,5,20251007,090000,0.034754,0.034754,0.034752,0.034752,0,0
ISKMYR,5,20251007,090500,0.034743,0.034749,0.034743,0.034749,0,0
ISKMYR,5,20251007,091000,0.0347488,0.0347488,0.0347373,0.0347373,0,0
ISKMYR,5,20251007,091500,0.0347426,0.0347426,0.0347392,0.0347403,0,0
ISKMYR,5,20251007,092000,0.0347404,0.0347478,0.0347389,0.0347389,0,0
ISKMYR,5,20251007,092500,0.0347357,0.0347357,0.0347287,0.0347303,0,0
ISKMYR,5,20251007,093000,0.0347222,0.0347265,0.0347195,0.0347265,0,0
ISKMYR,5,20251007,093500,0.034719,0.0347216,0.0347183,0.0347216,0,0
ISKMYR,5,20251007,094000,0.0347135,0.0347135,0.034711,0.0347129,0,0
ISKMYR,5,20251007,094500,0.0347041,0.0347043,0.0346983,0.0347043,0,0
ISKMYR,5,20251007,095000,0.0347117,0.0347137,0.0347099,0.0347137,0,0
ISKMYR,5,20251007,095500,0.0347073,0.0347186,0.0347068,0.0347186,0,0
ISKMYR,5,20251008,090000,0.0346298,0.0346298,0.0346105,0.0346153,0,0
ISKMYR,5,20251008,090500,0.0346247,0.0346247,0.0346194,0.0346226,0,0
ISKMYR,5,20251008,091000,0.0346225,0.0346225,0.0346222,0.0346222,0,0
ISKMYR,5,20251008,091500,0.0346255,0.0346255,0.0346058,0.0346058,0,0
ISKMYR,5,20251008,092000,0.0346046,0.0346064,0.0345981,0.0346064,0,0
ISKMYR,5,20251008,092500,0.0346118,0.0346159,0.0346102,0.0346159,0,0
ISKMYR,5,20251008,093000,0.0346261,0.0346261,0.0346176,0.0346184,0,0
ISKMYR,5,20251008,093500,0.0346215,0.0346357,0.0346215,0.0346357,0,0
ISKMYR,5,20251008,094000,0.0346377,0.0346377,0.0346257,0.0346302,0,0
ISKMYR,5,20251008,094500,0.0346377,0.0346471,0.0346371,0.0346471,0,0
ISKMYR,5,20251008,095000,0.0346468,0.0346522,0.0346468,0.034647,0,0
ISKMYR,5,20251008,095500,0.0346514,0.0346514,0.0346405,0.0346466,0,0
ISKMYR,5,20251009,090000,0.0346409,0.0346459,0.0346409,0.0346459,0,0
ISKMYR,5,20251009,090500,0.0346488,0.0346574,0.0346488,0.0346574,0,0
ISKMYR,5,20251009,091000,0.0346557,0.0346635,0.0346557,0.0346635,0,0
ISKMYR,5,20251009,091500,0.0346578,0.0346578,0.0346409,0.0346409,0,0
ISKMYR,5,20251009,092000,0.0346427,0.0346476,0.0346427,0.0346432,0,0
ISKMYR,5,20251009,092500,0.0346404,0.0346445,0.0346398,0.0346398,0,0
ISKMYR,5,20251009,093000,0.0346358,0.0346432,0.0346358,0.0346432,0,0
ISKMYR,5,20251009,093500,0.0346368,0.0346368,0.0346313,0.0346313,0,0
ISKMYR,5,20251009,094000,0.0346367,0.0346409,0.0346367,0.0346398,0,0
ISKMYR,5,20251009,094500,0.0346463,0.0346549,0.0346463,0.0346523,0,0
ISKMYR,5,20251009,095000,0.0346501,0.0346501,0.0346471,0.0346471,0,0
ISKMYR,5,20251009,095500,0.0346452,0.0346475,0.0346449,0.0346475,0,0
ISKMYR,5,20251010,090000,0.0345432,0.0345432,0.0345277,0.0345326,0,0
ISKMYR,5,20251010,090500,0.0345344,0.0345452,0.0345344,0.0345439,0,0
ISKMYR,5,20251010,091000,0.0345424,0.0345424,0.0345395,0.0345395,0,0
ISKMYR,5,20251010,091500,0.0345414,0.0345423,0.0345346,0.0345417,0,0
ISKMYR,5,20251010,092000,0.0345209,0.0345209,0.0345161,0.0345161,0,0
ISKMYR,5,20251010,092500,0.0345164,0.0345174,0.0345113,0.0345174,0,0
ISKMYR,5,20251010,093000,0.0345258,0.0345423,0.0345258,0.0345423,0,0
ISKMYR,5,20251010,093500,0.0345458,0.0345458,0.0345415,0.0345415,0,0
ISKMYR,5,20251010,094000,0.034542,0.0345425,0.0345381,0.0345387,0,0
ISKMYR,5,20251010,094500,0.0345434,0.0345437,0.034537,0.034537,0,0
ISKMYR,5,20251010,095000,0.03454,0.0345487,0.03454,0.0345487,0,0
ISKMYR,5,20251010,095500,0.0345458,0.0345549,0.0345458,0.0345549,0,0
ISKMYR,5,20251013,090000,0.0346513,0.0346513,0.034644,0.0346455,0,0
ISKMYR,5,20251013,090500,0.0346419,0.0346449,0.0346419,0.0346449,0,0
ISKMYR,5,20251013,091000,0.0346408,0.0346408,0.034629,0.034629,0,0
ISKMYR,5,20251013,091500,0.0346282,0.0346356,0.0346282,0.0346356,0,0
ISKMYR,5,20251013,092000,0.0346347,0.0346368,0.0346347,0.0346364,0,0
ISKMYR,5,20251013,092500,0.0346451,0.0346534,0.0346451,0.0346523,0,0
ISKMYR,5,20251013,093000,0.0346545,0.0346545,0.0346495,0.0346503,0,0
ISKMYR,5,20251013,093500,0.0346495,0.0346495,0.0346392,0.0346413,0,0
ISKMYR,5,20251013,094000,0.0346442,0.0346452,0.0346415,0.0346452,0,0
ISKMYR,5,20251013,094500,0.0346338,0.0346338,0.0346279,0.0346294,0,0
ISKMYR,5,20251013,095000,0.0346278,0.0346315,0.034627,0.0346306,0,0
ISKMYR,5,20251013,095500,0.0346357,0.0346357,0.0346172,0.0346172,0,0
ISKMYR,5,20251014,090000,0.0345377,0.0345416,0.0345377,0.0345416,0,0
ISKMYR,5,20251014,090500,0.0345457,0.0345584,0.0345394,0.0345563,0,0
ISKMYR,5,20251014,091000,0.0345547,0.0345547,0.0345524,0.0345524,0,0
ISKMYR,5,20251014,091500,0.0345435,0.0345435,0.0345349,0.0345349,0,0
ISKMYR,5,20251014,092000,0.0345401,0.0345433,0.0345401,0.0345433,0,0
ISKMYR,5,20251014,092500,0.0345418,0.0345418,0.0345267,0.0345267,0,0
ISKMYR,5,20251014,093000,0.0345183,0.0345212,0.0345167,0.0345212,0,0
ISKMYR,5,20251014,093500,0.0345255,0.0345255,0.0345136,0.0345136,0,0
ISKMYR,5,20251014,094000,0.0345117,0.0345117,0.0345007,0.0345044,0,0
ISKMYR,5,20251014,094500,0.0344937,0.0344937,0.0344879,0.0344907,0,0
ISKMYR,5,20251014,095000,0.0345019,0.0345241,0.0345019,0.0345241,0,0
ISKMYR,5,20251014,095500,0.034529,0.034529,0.034521,0.0345215,0,0
ISKMYR,5,20251015,090000,0.0347078,0.0347098,0.0347078,0.0347084,0,0
ISKMYR,5,20251015,090500,0.0347102,0.0347242,0.0347102,0.0347242,0,0
ISKMYR,5,20251015,091000,0.0347264,0.0347305,0.0347256,0.0347279,0,0
ISKMYR,5,20251015,091500,0.0347385,0.0347385,0.0347297,0.0347297,0,0
ISKMYR,5,20251015,092000,0.0347263,0.0347263,0.0347202,0.0347202,0,0
ISKMYR,5,20251015,092500,0.034713,0.0347223,0.034711,0.034711,0,0
ISKMYR,5,20251015,093000,0.0347084,0.034726,0.0347084,0.034726,0,0
ISKMYR,5,20251015,093500,0.034735,0.0347367,0.0347315,0.0347367,0,0
ISKMYR,5,20251015,094000,0.0347312,0.0347312,0.0347239,0.0347239,0,0
ISKMYR,5,20251015,094500,0.0347208,0.0347481,0.0347208,0.0347481,0,0
ISKMYR,5,20251015,095000,0.0347362,0.0347377,0.0347327,0.0347357,0,0
ISKMYR,5,20251015,095500,0.0347365,0.0347369,0.0347237,0.0347237,0,0
ISKMYR,5,20251016,090000,0.0348544,0.0348567,0.0348532,0.0348532,0,0
ISKMYR,5,20251016,090500,0.0348541,0.0348541,0.0348428,0.0348428,0,0
ISKMYR,5,20251016,091000,0.0348475,0.0348522,0.0348409,0.0348414,0,0
ISKMYR,5,20251016,091500,0.034838,0.034838,0.0348291,0.0348332,0,0
ISKMYR,5,20251016,092000,0.0348352,0.0348386,0.0348319,0.0348386,0,0
ISKMYR,5,20251016,092500,0.0348363,0.0348363,0.0348261,0.0348346,0,0
ISKMYR,5,20251016,093000,0.034834,0.034834,0.0348239,0.0348315,0,0
ISKMYR,5,20251016,093500,0.0348294,0.034843,0.0348294,0.0348371,0,0
ISKMYR,5,20251016,094000,0.0348329,0.0348365,0.0348329,0.0348365,0,0
ISKMYR,5,20251016,094500,0.0348486,0.0348512,0.0348423,0.0348423,0,0
ISKMYR,5,20251016,095000,0.034836,0.034836,0.0348319,0.0348344,0,0
ISKMYR,5,20251016,095500,0.0348305,0.0348305,0.0348185,0.0348185,0,0
ISKMYR,5,20251017,090000,0.0349411,0.0349411,0.0349315,0.0349393,0,0
ISKMYR,5,20251017,090500,0.0349295,0.0349383,0.0349295,0.0349356,0,0
ISKMYR,5,20251017,091000,0.0349384,0.0349384,0.034922,0.0349275,0,0
ISKMYR,5,20251017,091500,0.0349374,0.0349537,0.0349374,0.0349537,0,0
ISKMYR,5,20251017,092000,0.0349475,0.0349475,0.0349309,0.0349309,0,0
ISKMYR,5,20251017,092500,0.0349312,0.0349334,0.0349189,0.0349189,0,0
ISKMYR,5,20251017,093000,0.0349399,0.034951,0.0349397,0.0349476,0,0
ISKMYR,5,20251017,093500,0.0349489,0.0349518,0.0349478,0.0349518,0,0
ISKMYR,5,20251017,094000,0.0349538,0.0349562,0.0349509,0.0349509,0,0
ISKMYR,5,20251017,094500,0.034956,0.034956,0.0349489,0.0349489,0,0
ISKMYR,5,20251017,095000,0.0349614,0.0349614,0.0349553,0.0349553,0,0
ISKMYR,5,20251017,095500,0.0349613,0.0349635,0.0349571,0.0349571,0,0
ISKMYR,5,20251020,090000,0.0347437,0.0347451,0.0347411,0.0347451,0,0
ISKMYR,5,20251020,090500,0.0347427,0.0347427,0.0347392,0.0347392,0,0
ISKMYR,5,20251020,091000,0.0347522,0.0347522,0.0347522,0.0347522,0,0
ISKMYR,5,20251020,091500,0.0347544,0.0347544,0.0347544,0.0347544,0,0
ISKMYR,5,20251020,092000,0.0347562,0.0347562,0.0347553,0.0347553,0,0
ISKMYR,5,20251021,090000,0.0347206,0.0347262,0.0347175,0.0347253,0,0
ISKMYR,5,20251021,090500,0.034722,0.0347248,0.0347197,0.0347197,0,0
ISKMYR,5,20251021,091000,0.0347117,0.0347153,0.0347039,0.0347039,0,0
ISKMYR,5,20251021,091500,0.0346989,0.0346994,0.0346987,0.0346994,0,0
ISKMYR,5,20251021,092000,0.0347029,0.0347073,0.0347016,0.0347073,0,0
ISKMYR,5,20251021,092500,0.0347109,0.0347247,0.0347109,0.0347222,0,0
ISKMYR,5,20251021,093000,0.034721,0.034721,0.034717,0.034717,0,0
ISKMYR,5,20251021,093500,0.0347163,0.0347163,0.0346969,0.0346969,0,0
ISKMYR,5,20251021,094000,0.0347015,0.0347124,0.0347015,0.0347041,0,0
ISKMYR,5,20251021,094500,0.0347092,0.0347179,0.0347092,0.0347179,0,0
ISKMYR,5,20251021,095000,0.0347162,0.0347162,0.0347109,0.0347109,0,0
ISKMYR,5,20251021,095500,0.0347121,0.0347198,0.0347054,0.034708,0,0
ISKMYR,5,20251022,090000,0.03467,0.0346737,0.0346645,0.0346645,0,0
ISKMYR,5,20251022,090500,0.0346636,0.0346636,0.0346579,0.0346619,0,0
ISKMYR,5,20251022,091000,0.0346496,0.0346496,0.0346442,0.0346476,0,0
ISKMYR,5,20251022,091500,0.0346454,0.0346517,0.0346454,0.0346517,0,0
ISKMYR,5,20251022,092000,0.0346548,0.0346628,0.0346548,0.0346575,0,0
ISKMYR,5,20251022,092500,0.0346509,0.0346509,0.0346469,0.0346483,0,0
ISKMYR,5,20251022,093000,0.0346483,0.0346505,0.0346473,0.0346505,0,0
ISKMYR,5,20251022,093500,0.0346521,0.0346521,0.0346478,0.0346478,0,0
ISKMYR,5,20251022,094000,0.0346539,0.0346553,0.0346539,0.0346546,0,0
ISKMYR,5,20251022,094500,0.0346549,0.0346549,0.0346503,0.0346503,0,0
ISKMYR,5,20251022,095000,0.0346496,0.0346569,0.0346496,0.0346536,0,0
ISKMYR,5,20251022,095500,0.0346565,0.0346565,0.0346503,0.0346516,0,0
ISKMYR,5,20251023,090000,0.0345313,0.0345313,0.0345274,0.03453,0,0
ISKMYR,5,20251023,090500,0.03453,0.0345354,0.03453,0.0345301,0,0
ISKMYR,5,20251023,091000,0.0345324,0.0345335,0.0345264,0.0345264,0,0
ISKMYR,5,20251023,091500,0.0345259,0.0345379,0.0345259,0.0345346,0,0
ISKMYR,5,20251023,092000,0.034539,0.0345417,0.034539,0.0345397,0,0
ISKMYR,5,20251023,092500,0.0345352,0.0345374,0.0345274,0.0345274,0,0
ISKMYR,5,20251023,093000,0.034527,0.0345323,0.034527,0.0345323,0,0
ISKMYR,5,20251023,093500,0.0345314,0.0345314,0.0345245,0.0345245,0,0
ISKMYR,5,20251023,094000,0.0345243,0.0345318,0.0345213,0.034524,0,0
ISKMYR,5,20251023,094500,0.0345282,0.0345282,0.034524,0.034524,0,0
ISKMYR,5,20251023,095000,0.0345323,0.0345423,0.0345281,0.0345281,0,0
ISKMYR,5,20251023,095500,0.0345376,0.034546,0.0345375,0.0345445,0,0
ISKMYR,5,20251024,090000,0.0344958,0.0344975,0.0344958,0.0344975,0,0
ISKMYR,5,20251024,090500,0.034501,0.0345027,0.034489,0.034489,0,0
ISKMYR,5,20251024,091000,0.0344864,0.0344886,0.0344841,0.0344886,0,0
ISKMYR,5,20251024,091500,0.03449,0.03449,0.0344814,0.034485,0,0
ISKMYR,5,20251024,092000,0.0344853,0.0344853,0.0344713,0.0344713,0,0
ISKMYR,5,20251024,092500,0.0344719,0.0344754,0.0344719,0.0344754,0,0
ISKMYR,5,20251024,093000,0.0344777,0.0345234,0.0344777,0.0345234,0,0
ISKMYR,5,20251024,093500,0.0345289,0.034531,0.0345278,0.0345278,0,0
ISKMYR,5,20251024,094000,0.0345219,0.0345219,0.0345169,0.0345169,0,0
ISKMYR,5,20251024,094500,0.0345141,0.0345141,0.0345109,0.0345109,0,0
ISKMYR,5,20251024,095000,0.0345052,0.0345114,0.0345052,0.0345096,0,0
ISKMYR,5,20251024,095500,0.034507,0.0345114,0.0345061,0.0345072,0,0
ISKMYR,5,20251027,090000,0.0342091,0.0342091,0.0342039,0.0342039,0,0
ISKMYR,5,20251027,090500,0.0342125,0.0342125,0.034205,0.0342077,0,0
ISKMYR,5,20251027,091000,0.0342062,0.0342075,0.0342062,0.0342075,0,0
ISKMYR,5,20251027,091500,0.0342125,0.0342272,0.0342125,0.0342272,0,0
ISKMYR,5,20251027,092000,0.0342261,0.0342398,0.0342215,0.0342361,0,0
ISKMYR,5,20251027,092500,0.0342347,0.0342347,0.0342286,0.0342286,0,0
ISKMYR,5,20251027,093000,0.0342307,0.0342319,0.034229,0.0342299,0,0
ISKMYR,5,20251027,093500,0.0342347,0.0342357,0.034231,0.034233,0,0
ISKMYR,5,20251027,094000,0.0342335,0.0342335,0.0342262,0.0342262,0,0
ISKMYR,5,20251027,094500,0.0342272,0.034232,0.0342272,0.0342294,0,0
ISKMYR,5,20251027,095000,0.0342274,0.0342274,0.0342223,0.0342223,0,0
ISKMYR,5,20251027,095500,0.0342218,0.0342246,0.0342168,0.0342246,0,0
ISKMYR,5,20251028,090000,0.0342389,0.0342391,0.0342376,0.0342376,0,0
ISKMYR,5,20251028,090500,0.0342372,0.0342372,0.0342308,0.0342332,0,0
ISKMYR,5,20251028,091000,0.0342317,0.0342317,0.0342307,0.0342314,0,0
ISKMYR,5,20251028,091500,0.0342354,0.0342484,0.0342354,0.0342435,0,0
ISKMYR,5,20251028,092000,0.0342422,0.0342473,0.0342422,0.0342445,0,0
ISKMYR,5,20251028,092500,0.034249,0.034249,0.0342432,0.034246,0,0
ISKMYR,5,20251028,093000,0.0342515,0.0342602,0.0342515,0.0342602,0,0
ISKMYR,5,20251028,093500,0.034262,0.034262,0.0342527,0.0342527,0,0
ISKMYR,5,20251028,094000,0.0342504,0.0342543,0.0342495,0.0342509,0,0
ISKMYR,5,20251028,094500,0.0342493,0.0342493,0.0342463,0.0342463,0,0
ISKMYR,5,20251028,095000,0.0342506,0.0342506,0.0342468,0.0342468,0,0
ISKMYR,5,20251028,095500,0.0342403,0.0342418,0.0342299,0.0342299,0,0
ISKMYR,5,20251029,090000,0.0339989,0.0339989,0.0339888,0.0339888,0,0
ISKMYR,5,20251029,090500,0.0339916,0.0339916,0.0339816,0.0339816,0,0
ISKMYR,5,20251029,091000,0.0339785,0.0339837,0.0339783,0.0339837,0,0
ISKMYR,5,20251029,091500,0.0339729,0.0339853,0.0339722,0.0339853,0,0
ISKMYR,5,20251029,092000,0.0339843,0.0339906,0.0339835,0.0339906,0,0
ISKMYR,5,20251029,092500,0.0339864,0.0340024,0.0339864,0.0340024,0,0
ISKMYR,5,20251029,093000,0.0340097,0.0340097,0.0340054,0.0340059,0,0
ISKMYR,5,20251029,093500,0.0340008,0.0340008,0.0339942,0.0339942,0,0
ISKMYR,5,20251029,094000,0.033993,0.033993,0.0339896,0.0339916,0,0
ISKMYR,5,20251029,094500,0.0339921,0.0339975,0.0339921,0.0339961,0,0
ISKMYR,5,20251029,095000,0.0339962,0.0339962,0.0339897,0.0339901,0,0
ISKMYR,5,20251029,095500,0.0339879,0.0339879,0.0339812,0.0339812,0,0
ISKMYR,5,20251030,090000,0.0338704,0.0338811,0.0338704,0.0338785,0,0
ISKMYR,5,20251030,090500,0.033886,0.033886,0.0338662,0.0338662,0,0
ISKMYR,5,20251030,091000,0.0338605,0.0338605,0.0338487,0.0338487,0,0
ISKMYR,5,20251030,091500,0.033849,0.0338493,0.0338433,0.0338493,0,0
ISKMYR,5,20251030,092000,0.0338493,0.0338577,0.0338457,0.0338577,0,0
ISKMYR,5,20251030,092500,0.0338593,0.0338593,0.0338581,0.0338588,0,0
ISKMYR,5,20251030,093000,0.0338628,0.0338628,0.0338556,0.0338575,0,0
ISKMYR,5,20251030,093500,0.0338612,0.0338612,0.0338593,0.0338593,0,0
ISKMYR,5,20251030,094000,0.0338632,0.0338709,0.0338632,0.0338709,0,0
ISKMYR,5,20251030,094500,0.0338762,0.0338773,0.0338716,0.0338716,0,0
ISKMYR,5,20251030,095000,0.0338739,0.0338844,0.0338739,0.0338844,0,0
ISKMYR,5,20251030,095500,0.033876,0.0338811,0.033876,0.0338782,0,0
ISKMYR,5,20251031,090000,0.0334824,0.0334831,0.0334812,0.0334831,0,0
ISKMYR,5,20251031,090500,0.0334756,0.0334789,0.0334755,0.0334755,0,0
ISKMYR,5,20251031,091000,0.0334731,0.0334731,0.0334619,0.0334629,0,0
ISKMYR,5,20251031,091500,0.0334594,0.0334594,0.0334318,0.0334318,0,0
ISKMYR,5,20251031,092000,0.0334288,0.0334475,0.0334288,0.0334475,0,0
ISKMYR,5,20251031,092500,0.0334496,0.0334552,0.0334496,0.0334552,0,0
ISKMYR,5,20251031,093000,0.0334545,0.0334551,0.0334485,0.0334485,0,0
ISKMYR,5,20251031,093500,0.0334444,0.0334444,0.0334358,0.0334417,0,0
ISKMYR,5,20251031,094000,0.0334433,0.0334509,0.0334433,0.0334509,0,0
ISKMYR,5,20251031,094500,0.0334496,0.0334581,0.0334496,0.0334581,0,0
ISKMYR,5,20251031,095000,0.0334589,0.0334589,0.0334571,0.0334571,0,0
ISKMYR,5,20251031,095500,0.0334579,0.033466,0.0334579,0.0334637,0,0
ISKMYR,5,20251103,090000,0.033454,0.033454,0.0334438,0.033444,0,0
ISKMYR,5,20251103,090500,0.033444,0.033444,0.0334352,0.0334352,0,0
ISKMYR,5,20251103,091000,0.0334323,0.0334323,0.0334221,0.0334221,0,0
ISKMYR,5,20251103,091500,0.0334184,0.0334213,0.033414,0.033414,0,0
ISKMYR,5,20251103,092000,0.0334143,0.0334148,0.0334127,0.0334127,0,0
ISKMYR,5,20251103,092500,0.033416,0.0334177,0.0334158,0.0334158,0,0
ISKMYR,5,20251103,093000,0.0334133,0.0334224,0.0334133,0.0334224,0,0
ISKMYR,5,20251103,093500,0.0334217,0.0334217,0.0334115,0.0334115,0,0
ISKMYR,5,20251103,094000,0.0333984,0.0333994,0.033396,0.0333994,0,0
ISKMYR,5,20251103,094500,0.0333976,0.0333976,0.0333886,0.03339,0,0
ISKMYR,5,20251103,095000,0.0333851,0.0333851,0.0333827,0.0333837,0,0
ISKMYR,5,20251103,095500,0.0333801,0.0333861,0.0333781,0.0333861,0,0
ISKMYR,5,20251104,090000,0.0332946,0.0332973,0.0332946,0.0332973,0,0
ISKMYR,5,20251104,090500,0.0332922,0.0332946,0.0332853,0.0332853,0,0
ISKMYR,5,20251104,091000,0.0332874,0.0332874,0.0332797,0.0332797,0,0
ISKMYR,5,20251104,091500,0.0332809,0.0332816,0.0332791,0.0332791,0,0
ISKMYR,5,20251104,092000,0.033285,0.033285,0.0332777,0.0332777,0,0
ISKMYR,5,20251104,092500,0.0332827,0.0332827,0.0332715,0.0332715,0,0
ISKMYR,5,20251104,093000,0.0332712,0.0332712,0.0332532,0.0332574,0,0
ISKMYR,5,20251104,093500,0.0332619,0.0332641,0.0332566,0.0332566,0,0
ISKMYR,5,20251104,094000,0.0332589,0.0332608,0.0332544,0.0332608,0,0
ISKMYR,5,20251104,094500,0.0332577,0.0332577,0.0332431,0.0332431,0,0
ISKMYR,5,20251104,095000,0.0332434,0.0332434,0.0332338,0.0332338,0,0
ISKMYR,5,20251104,095500,0.0332349,0.0332349,0.0332305,0.0332326,0,0
ISKMYR,5,20251105,090000,0.0328989,0.0328989,0.0328955,0.0328987,0,0
ISKMYR,5,20251105,090500,0.0329016,0.0329111,0.0329016,0.0329108,0,0
ISKMYR,5,20251105,091000,0.0329158,0.0329158,0.032911,0.032911,0,0
ISKMYR,5,20251105,091500,0.0329154,0.0329154,0.0329115,0.0329115,0,0
ISKMYR,5,20251105,092000,0.0329147,0.0329147,0.0329045,0.0329045,0,0
ISKMYR,5,20251105,092500,0.0329034,0.0329034,0.0329016,0.0329027,0,0
ISKMYR,5,20251105,093000,0.0329047,0.0329137,0.0329031,0.0329137,0,0
ISKMYR,5,20251105,093500,0.0329136,0.0329149,0.0329127,0.0329149,0,0
ISKMYR,5,20251105,094000,0.0329149,0.0329149,0.0329029,0.0329029,0,0
ISKMYR,5,20251105,094500,0.0329015,0.0329015,0.0328979,0.0328979,0,0
ISKMYR,5,20251105,095000,0.0328999,0.0329123,0.0328999,0.0329098,0,0
ISKMYR,5,20251105,095500,0.0329077,0.0329107,0.0329014,0.0329054,0,0
ISKMYR,5,20251106,090000,0.032747,0.0327554,0.032747,0.0327554,0,0
ISKMYR,5,20251106,090500,0.0327564,0.0327688,0.0327564,0.0327688,0,0
ISKMYR,5,20251106,091000,0.0327654,0.0327654,0.0327522,0.0327565,0,0
ISKMYR,5,20251106,091500,0.0327541,0.0327584,0.0327507,0.0327584,0,0
ISKMYR,5,20251106,092000,0.0327593,0.0327611,0.0327548,0.0327548,0,0
ISKMYR,5,20251106,092500,0.0327558,0.03276,0.0327545,0.0327545,0,0
ISKMYR,5,20251106,093000,0.0327574,0.0327574,0.0327517,0.0327517,0,0
ISKMYR,5,20251106,093500,0.0327484,0.0327484,0.0327432,0.0327472,0,0
ISKMYR,5,20251106,094000,0.0327472,0.0327472,0.0327455,0.0327455,0,0
ISKMYR,5,20251106,094500,0.032745,0.0327537,0.0327448,0.0327537,0,0
ISKMYR,5,20251106,095000,0.032754,0.032761,0.032754,0.032761,0,0
ISKMYR,5,20251106,095500,0.032762,0.0327856,0.032762,0.0327856,0,0
ISKMYR,5,20251107,090000,0.0329436,0.0329436,0.0329415,0.0329415,0,0
ISKMYR,5,20251107,090500,0.0329385,0.0329545,0.0329385,0.0329545,0,0
ISKMYR,5,20251107,091000,0.0329633,0.0329633,0.0329599,0.0329599,0,0
ISKMYR,5,20251107,091500,0.0329582,0.0329626,0.0329562,0.0329607,0,0
ISKMYR,5,20251107,092000,0.0329632,0.032965,0.0329631,0.0329645,0,0
ISKMYR,5,20251107,092500,0.0329643,0.0329649,0.03296,0.03296,0,0
ISKMYR,5,20251107,093000,0.0329595,0.0329604,0.0329559,0.0329604,0,0
ISKMYR,5,20251107,093500,0.0329627,0.0329653,0.032959,0.0329653,0,0
ISKMYR,5,20251107,094000,0.0329591,0.0329597,0.0329564,0.0329564,0,0
ISKMYR,5,20251107,094500,0.03296,0.03296,0.0329533,0.0329552,0,0
ISKMYR,5,20251107,095000,0.0329524,0.0329534,0.0329468,0.0329468,0,0
ISKMYR,5,20251107,095500,0.0329469,0.0329602,0.0329469,0.0329592,0,0
ISKMYR,5,20251110,090000,0.0328704,0.0328798,0.0328704,0.0328798,0,0
ISKMYR,5,20251110,090500,0.0328854,0.0328929,0.0328854,0.0328929,0,0
ISKMYR,5,20251110,091000,0.0328907,0.0328931,0.0328833,0.0328931,0,0
ISKMYR,5,20251110,091500,0.0328903,0.0328969,0.0328903,0.0328965,0,0
ISKMYR,5,20251110,092000,0.0329044,0.0329044,0.0328903,0.0328903,0,0
ISKMYR,5,20251110,092500,0.0328938,0.0328941,0.0328935,0.0328941,0,0
ISKMYR,5,20251110,093000,0.0328981,0.0329058,0.0328936,0.0329058,0,0
ISKMYR,5,20251110,093500,0.0329047,0.0329066,0.0329026,0.0329063,0,0
ISKMYR,5,20251110,094000,0.032905,0.0329092,0.032899,0.032899,0,0
ISKMYR,5,20251110,094500,0.0328972,0.0328972,0.0328889,0.032891,0,0
ISKMYR,5,20251110,095000,0.0328957,0.0328957,0.0328877,0.032891,0,0
ISKMYR,5,20251110,095500,0.0328922,0.0328922,0.0328843,0.0328872,0,0
ISKMYR,5,20251111,090000,0.0327653,0.0327678,0.0327632,0.0327632,0,0
ISKMYR,5,20251111,090500,0.0327672,0.0327733,0.0327672,0.0327733,0,0
ISKMYR,5,20251111,091000,0.032779,0.032779,0.0327687,0.032769,0,0
ISKMYR,5,20251111,091500,0.0327746,0.0327746,0.0327697,0.0327716,0,0
ISKMYR,5,20251111,092000,0.032772,0.0327944,0.032772,0.0327944,0,0
ISKMYR,5,20251111,092500,0.0328014,0.0328014,0.0327972,0.0327973,0,0
ISKMYR,5,20251111,093000,0.0327944,0.0327945,0.0327893,0.0327893,0,0
ISKMYR,5,20251111,093500,0.0327886,0.0327886,0.0327787,0.0327843,0,0
ISKMYR,5,20251111,094000,0.0327816,0.0327816,0.0327763,0.0327786,0,0
ISKMYR,5,20251111,094500,0.0327765,0.0327796,0.0327725,0.0327749,0,0
ISKMYR,5,20251111,095000,0.0327751,0.0327757,0.0327737,0.0327737,0,0
ISKMYR,5,20251111,095500,0.0327693,0.0327693,0.03276,0.0327608,0,0
ISKMYR,5,20251112,090000,0.0326331,0.0326331,0.03262,0.03262,0,0
ISKMYR,5,20251112,090500,0.0326205,0.0326274,0.0326205,0.0326274,0,0
ISKMYR,5,20251112,091000,0.0326298,0.0326314,0.0326298,0.0326306,0,0
ISKMYR,5,20251112,091500,0.032633,0.0326335,0.0326279,0.0326335,0,0
ISKMYR,5,20251112,092000,0.0326275,0.0326348,0.0326275,0.0326309,0,0
ISKMYR,5,20251112,092500,0.032628,0.0326374,0.032628,0.0326374,0,0
ISKMYR,5,20251112,093000,0.0326349,0.0326349,0.032634,0.032634,0,0
ISKMYR,5,20251112,093500,0.0326347,0.0326355,0.0326329,0.0326355,0,0
ISKMYR,5,20251112,094000,0.0326351,0.0326396,0.0326351,0.0326395,0,0
ISKMYR,5,20251112,094500,0.0326405,0.0326405,0.0326221,0.0326221,0,0
ISKMYR,5,20251112,095000,0.032629,0.0326293,0.0326268,0.0326268,0,0
ISKMYR,5,20251112,095500,0.0326241,0.0326262,0.0326241,0.0326262,0,0
ISKMYR,5,20251113,090000,0.0325965,0.0326064,0.0325965,0.0326064,0,0
ISKMYR,5,20251113,090500,0.0326061,0.0326061,0.0326035,0.032604,0,0
ISKMYR,5,20251113,091000,0.0326075,0.0326182,0.0326075,0.0326182,0,0
ISKMYR,5,20251113,091500,0.0326111,0.0326179,0.0326111,0.0326127,0,0
ISKMYR,5,20251113,092000,0.0326205,0.0326205,0.032604,0.0326057,0,0
ISKMYR,5,20251113,092500,0.0326079,0.0326125,0.0326079,0.0326094,0,0
ISKMYR,5,20251113,093000,0.0326096,0.0326165,0.0326096,0.0326165,0,0
ISKMYR,5,20251113,093500,0.0326153,0.0326195,0.0326045,0.0326045,0,0
ISKMYR,5,20251113,094000,0.032609,0.032609,0.0326054,0.0326054,0,0
ISKMYR,5,20251113,094500,0.0326006,0.0326116,0.0326006,0.0326097,0,0
ISKMYR,5,20251113,095000,0.0326108,0.0326215,0.0326108,0.0326215,0,0
ISKMYR,5,20251113,095500,0.0326241,0.032636,0.0326241,0.0326352,0,0
ISKMYR,5,20251114,090000,0.0327073,0.032712,0.0327073,0.0327082,0,0
ISKMYR,5,20251114,090500,0.032702,0.032702,0.0326927,0.0326927,0,0
ISKMYR,5,20251114,091000,0.0326902,0.0326988,0.0326902,0.0326988,0,0
ISKMYR,5,20251114,091500,0.0327008,0.0327008,0.0326865,0.0326883,0,0
ISKMYR,5,20251114,092000,0.0326836,0.032686,0.0326803,0.0326803,0,0
ISKMYR,5,20251114,092500,0.0326724,0.0326866,0.0326724,0.0326842,0,0
ISKMYR,5,20251114,093000,0.0326871,0.0326981,0.0326838,0.0326981,0,0
ISKMYR,5,20251114,093500,0.032699,0.0327072,0.032699,0.0327072,0,0
ISKMYR,5,20251114,094000,0.0327074,0.0327074,0.0326987,0.0326987,0,0
ISKMYR,5,20251114,094500,0.0327031,0.0327084,0.0326964,0.0326964,0,0
ISKMYR,5,20251114,095000,0.0326969,0.0326969,0.0326909,0.0326931,0,0
ISKMYR,5,20251114,095500,0.0326894,0.0326914,0.0326894,0.0326907,0,0
ISKMYR,5,20251117,090000,0.0326915,0.0326959,0.0326906,0.0326936,0,0
ISKMYR,5,20251117,090500,0.0326975,0.0327,0.0326819,0.0326819,0,0
ISKMYR,5,20251117,091000,0.0327066,0.0327074,0.0326857,0.0326857,0,0
ISKMYR,5,20251117,091500,0.0326913,0.0326949,0.0326792,0.0326792,0,0
ISKMYR,5,20251117,092000,0.0326852,0.0326852,0.0326793,0.0326816,0,0
ISKMYR,5,20251117,092500,0.0326806,0.0326815,0.0326748,0.0326815,0,0
ISKMYR,5,20251117,093000,0.0326743,0.032681,0.0326689,0.032681,0,0
ISKMYR,5,20251117,093500,0.0326786,0.0326786,0.0326519,0.0326698,0,0
ISKMYR,5,20251117,094000,0.0326751,0.0326809,0.0326751,0.0326809,0,0
ISKMYR,5,20251117,094500,0.0326758,0.0326811,0.0326758,0.032677,0,0
ISKMYR,5,20251117,095000,0.0326758,0.032686,0.0326742,0.032686,0,0
ISKMYR,5,20251117,095500,0.0326866,0.0326939,0.0326866,0.0326939,0,0
ISKMYR,5,20251118,090000,0.0328609,0.0328707,0.0328609,0.0328707,0,0
ISKMYR,5,20251118,090500,0.0328757,0.0328766,0.0328744,0.0328766,0,0
ISKMYR,5,20251118,091000,0.0328532,0.0328532,0.0328358,0.0328358,0,0
ISKMYR,5,20251118,091500,0.0328408,0.0328506,0.0328408,0.0328455,0,0
ISKMYR,5,20251118,092000,0.0328387,0.0328387,0.0328355,0.0328373,0,0
ISKMYR,5,20251118,092500,0.0328421,0.0328421,0.0328367,0.0328383,0,0
ISKMYR,5,20251118,093000,0.0328328,0.032834,0.0328295,0.0328295,0,0
ISKMYR,5,20251118,093500,0.0328288,0.0328288,0.0328247,0.0328247,0,0
ISKMYR,5,20251118,094000,0.0328211,0.0328211,0.0328182,0.0328208,0,0
ISKMYR,5,20251118,094500,0.0328226,0.0328226,0.0328194,0.0328199,0,0
ISKMYR,5,20251118,095000,0.0328154,0.0328259,0.0328154,0.0328259,0,0
ISKMYR,5,20251118,095500,0.0328274,0.0328274,0.0328176,0.032822,0,0
ISKMYR,5,20251119,090000,0.0327095,0.0327215,0.0327061,0.0327215,0,0
ISKMYR,5,20251119,090500,0.0327321,0.0327321,0.0327117,0.0327117,0,0
ISKMYR,5,20251119,091000,0.0327177,0.0327177,0.0327084,0.0327135,0,0
ISKMYR,5,20251119,091500,0.0327133,0.0327221,0.0327067,0.0327221,0,0
ISKMYR,5,20251119,092000,0.0327243,0.0327243,0.0327176,0.0327177,0,0
ISKMYR,5,20251119,092500,0.0327174,0.0327174,0.0327139,0.0327139,0,0
ISKMYR,5,20251119,093000,0.0327156,0.0327199,0.0327156,0.0327199,0,0
ISKMYR,5,20251119,093500,0.0327103,0.0327197,0.0327103,0.0327187,0,0
ISKMYR,5,20251119,094000,0.0327144,0.0327144,0.0327079,0.0327099,0,0
ISKMYR,5,20251119,094500,0.032713,0.0327261,0.032713,0.0327206,0,0
ISKMYR,5,20251119,095000,0.0327258,0.0327258,0.0327179,0.0327179,0,0
ISKMYR,5,20251119,095500,0.0327104,0.0327142,0.0327033,0.0327135,0,0
ISKMYR,5,20251120,090000,0.032637,0.0326395,0.032637,0.0326394,0,0
ISKMYR,5,20251120,090500,0.032638,0.0326397,0.0326312,0.0326312,0,0
ISKMYR,5,20251120,091000,0.032618,0.0326247,0.032618,0.0326203,0,0
ISKMYR,5,20251120,091500,0.0326108,0.0326192,0.0326054,0.0326192,0,0
ISKMYR,5,20251120,092000,0.0326071,0.0326116,0.0326071,0.0326116,0,0
ISKMYR,5,20251120,092500,0.0326105,0.0326105,0.032606,0.0326072,0,0
ISKMYR,5,20251120,093000,0.0326146,0.0326187,0.0326106,0.0326187,0,0
ISKMYR,5,20251120,093500,0.0326199,0.0326219,0.0326164,0.0326205,0,0
ISKMYR,5,20251120,094000,0.0326229,0.032624,0.0326166,0.0326166,0,0
ISKMYR,5,20251120,094500,0.0326248,0.0326289,0.0326227,0.0326289,0,0
ISKMYR,5,20251120,095000,0.0326275,0.0326275,0.0326249,0.0326264,0,0
ISKMYR,5,20251120,095500,0.0326236,0.0326306,0.0326236,0.0326306,0,0
ISKMYR,5,20251121,090000,0.0325572,0.0325572,0.0325549,0.0325549,0,0
ISKMYR,5,20251121,090500,0.0325469,0.0325554,0.0325469,0.0325554,0,0
ISKMYR,5,20251121,091000,0.0325631,0.0325631,0.0325562,0.0325562,0,0
ISKMYR,5,20251121,091500,0.0325659,0.0325817,0.0325659,0.0325817,0,0
ISKMYR,5,20251121,092000,0.0325802,0.0325802,0.0325642,0.0325642,0,0
ISKMYR,5,20251121,092500,0.032573,0.0325791,0.032572,0.0325761,0,0
ISKMYR,5,20251121,093000,0.0325768,0.0325768,0.0325642,0.0325642,0,0
ISKMYR,5,20251121,093500,0.0325632,0.0325632,0.0325596,0.0325596,0,0
ISKMYR,5,20251121,094000,0.0325603,0.0325603,0.0325535,0.0325573,0,0
ISKMYR,5,20251121,094500,0.0325598,0.0325608,0.0325588,0.0325608,0,0
ISKMYR,5,20251121,095000,0.0325626,0.0325626,0.0325534,0.0325534,0,0
ISKMYR,5,20251121,095500,0.0325435,0.0325472,0.0325429,0.0325429,0,0
ISKMYR,5,20251124,090000,0.0324267,0.0324325,0.0324249,0.0324325,0,0
ISKMYR,5,20251124,090500,0.0324405,0.0324553,0.0324405,0.0324553,0,0
ISKMYR,5,20251124,091000,0.0324601,0.0324635,0.0324542,0.0324635,0,0
ISKMYR,5,20251124,091500,0.032471,0.0324738,0.0324677,0.0324738,0,0
ISKMYR,5,20251124,092000,0.0324802,0.0324845,0.0324802,0.0324845,0,0
ISKMYR,5,20251124,092500,0.0324866,0.0324866,0.032482,0.0324838,0,0
ISKMYR,5,20251124,093000,0.0324834,0.032487,0.0324782,0.0324803,0,0
ISKMYR,5,20251124,093500,0.0324815,0.0324913,0.0324815,0.0324898,0,0
ISKMYR,5,20251124,094000,0.0324855,0.0324859,0.0324826,0.0324826,0,0
ISKMYR,5,20251124,094500,0.0324799,0.032485,0.0324771,0.0324771,0,0
ISKMYR,5,20251124,095000,0.0324764,0.0324818,0.0324764,0.03248,0,0
ISKMYR,5,20251124,095500,0.0324798,0.0324801,0.0324765,0.0324765,0,0
ISKMYR,5,20251125,090000,0.0324199,0.0324199,0.032416,0.0324179,0,0
ISKMYR,5,20251125,090500,0.0324232,0.032431,0.0324232,0.0324292,0,0
ISKMYR,5,20251125,091000,0.0324266,0.0324292,0.0324257,0.0324292,0,0
ISKMYR,5,20251125,091500,0.0324297,0.0324373,0.0324297,0.0324373,0,0
ISKMYR,5,20251125,092000,0.0324382,0.0324382,0.032427,0.032427,0,0
ISKMYR,5,20251125,092500,0.0324284,0.0324332,0.0324263,0.0324332,0,0
ISKMYR,5,20251125,093000,0.0324364,0.0324383,0.0324364,0.0324383,0,0
ISKMYR,5,20251125,093500,0.0324418,0.0324418,0.0324389,0.0324405,0,0
ISKMYR,5,20251125,094000,0.0324366,0.032438,0.0324362,0.0324362,0,0
ISKMYR,5,20251125,094500,0.03244,0.0324419,0.0324382,0.0324419,0,0
ISKMYR,5,20251125,095000,0.0324479,0.0324479,0.0324407,0.0324407,0,0
ISKMYR,5,20251125,095500,0.0324393,0.032447,0.0324393,0.032447,0,0
ISKMYR,5,20251126,090000,0.0326999,0.032703,0.0326987,0.0326987,0,0
ISKMYR,5,20251126,090500,0.0326951,0.0327001,0.0326951,0.0326957,0,0
ISKMYR,5,20251126,091000,0.0326915,0.0326968,0.0326915,0.0326968,0,0
ISKMYR,5,20251126,091500,0.0326966,0.0326999,0.0326946,0.0326999,0,0
ISKMYR,5,20251126,092000,0.0327019,0.0327037,0.0326941,0.0326959,0,0
ISKMYR,5,20251126,092500,0.0326916,0.0326996,0.0326916,0.0326996,0,0
ISKMYR,5,20251126,093000,0.0326982,0.0326982,0.0326935,0.0326935,0,0
ISKMYR,5,20251126,093500,0.0326885,0.0326893,0.0326862,0.0326893,0,0
ISKMYR,5,20251126,094000,0.0326948,0.0326962,0.0326901,0.0326962,0,0
ISKMYR,5,20251126,094500,0.0326929,0.0326929,0.032686,0.0326864,0,0
ISKMYR,5,20251126,095000,0.0326881,0.0326881,0.0326781,0.0326781,0,0
ISKMYR,5,20251126,095500,0.0326769,0.0326848,0.0326769,0.0326848,0,0
ISKMYR,5,20251127,090000,0.032575,0.0325786,0.032575,0.0325786,0,0
ISKMYR,5,20251127,090500,0.0325835,0.0325835,0.0325763,0.0325763,0,0
ISKMYR,5,20251127,091000,0.032568,0.0325716,0.0325677,0.0325677,0,0
ISKMYR,5,20251127,091500,0.0325698,0.0325733,0.0325689,0.0325689,0,0
ISKMYR,5,20251127,092000,0.0325747,0.0325747,0.0325677,0.0325731,0,0
ISKMYR,5,20251127,092500,0.0325772,0.0325841,0.0325764,0.032581,0,0
ISKMYR,5,20251127,093000,0.0325805,0.0325812,0.0325786,0.0325812,0,0
ISKMYR,5,20251127,093500,0.0325805,0.0325841,0.0325801,0.0325801,0,0
ISKMYR,5,20251127,094000,0.0325784,0.0325816,0.0325784,0.0325816,0,0
ISKMYR,5,20251127,094500,0.0325773,0.0325813,0.0325756,0.0325813,0,0
ISKMYR,5,20251127,095000,0.0325813,0.0325865,0.0325813,0.0325838,0,0
ISKMYR,5,20251127,095500,0.0325811,0.0325844,0.0325796,0.0325796,0,0
ISKMYR,5,20251128,090000,0.0324067,0.0324067,0.0323947,0.0323967,0,0
ISKMYR,5,20251128,090500,0.0324018,0.0324058,0.0324018,0.0324058,0,0
ISKMYR,5,20251128,091000,0.0324057,0.0324057,0.0323993,0.0323993,0,0
ISKMYR,5,20251128,091500,0.032396,0.0323997,0.0323942,0.0323997,0,0
ISKMYR,5,20251128,092000,0.0324,0.0324,0.0323967,0.0323997,0,0
ISKMYR,5,20251128,092500,0.0323962,0.0323962,0.032393,0.0323931,0,0
ISKMYR,5,20251128,093000,0.0323925,0.0323926,0.0323881,0.0323881,0,0
ISKMYR,5,20251128,093500,0.0323897,0.0323908,0.0323853,0.0323908,0,0
ISKMYR,5,20251128,094000,0.032384,0.032384,0.0323781,0.0323781,0,0
ISKMYR,5,20251128,094500,0.0323756,0.0323764,0.0323742,0.0323764,0,0
ISKMYR,5,20251128,095000,0.0323798,0.0323813,0.0323788,0.0323788,0,0
ISKMYR,5,20251128,095500,0.0323697,0.0323726,0.0323681,0.0323726,0,0
ISKMYR,5,20251201,090000,0.0323058,0.0323118,0.0322984,0.0322984,0,0
ISKMYR,5,20251201,090500,0.0323067,0.0323149,0.0323009,0.0323149,0,0
ISKMYR,5,20251201,091000,0.0323028,0.0323115,0.0322953,0.0323115,0,0
ISKMYR,5,20251201,091500,0.03231,0.03231,0.032295,0.0323016,0,0
ISKMYR,5,20251201,092000,0.032306,0.0323129,0.0322969,0.0323108,0,0
ISKMYR,5,20251201,092500,0.0322978,0.0322978,0.0322903,0.0322903,0,0
ISKMYR,5,20251201,093000,0.0322901,0.0323277,0.0322866,0.0323277,0,0
ISKMYR,5,20251201,093500,0.0323257,0.0323257,0.032316,0.0323174,0,0
ISKMYR,5,20251201,094000,0.0323166,0.032318,0.0323115,0.0323115,0,0
ISKMYR,5,20251201,094500,0.0323205,0.0323269,0.0323205,0.0323247,0,0
ISKMYR,5,20251201,095000,0.0323244,0.0323375,0.0323244,0.0323345,0,0
ISKMYR,5,20251201,095500,0.0323351,0.0323351,0.0323225,0.0323225,0,0
ISKMYR,5,20251202,090000,0.0324176,0.0324176,0.032417,0.0324174,0,0
ISKMYR,5,20251202,090500,0.0324163,0.0324203,0.0324118,0.0324118,0,0
ISKMYR,5,20251202,091000,0.0324121,0.0324121,0.032406,0.032406,0,0
ISKMYR,5,20251202,091500,0.0324061,0.032415,0.0324061,0.032415,0,0
ISKMYR,5,20251202,092000,0.0324132,0.0324132,0.0324088,0.0324088,0,0
ISKMYR,5,20251202,092500,0.0324092,0.0324208,0.0324092,0.0324208,0,0
ISKMYR,5,20251202,093000,0.0324191,0.0324229,0.0324161,0.0324229,0,0
ISKMYR,5,20251202,093500,0.0324198,0.0324204,0.0324111,0.0324111,0,0
ISKMYR,5,20251202,094000,0.0324178,0.0324202,0.0324109,0.0324109,0,0
ISKMYR,5,20251202,094500,0.0324121,0.0324155,0.0324116,0.0324155,0,0
ISKMYR,5,20251202,095000,0.0324175,0.0324182,0.0324134,0.0324134,0,0
ISKMYR,5,20251202,095500,0.0324075,0.0324108,0.0324035,0.0324035,0,0
ISKMYR,5,20251203,090000,0.0323279,0.0323314,0.0323215,0.0323314,0,0
ISKMYR,5,20251203,090500,0.0323273,0.032328,0.0323273,0.032328,0,0
ISKMYR,5,20251203,091000,0.032324,0.032324,0.0323191,0.0323225,0,0
ISKMYR,5,20251203,091500,0.0323271,0.0323271,0.0323199,0.0323271,0,0
ISKMYR,5,20251203,092000,0.0323258,0.0323258,0.0323221,0.0323257,0,0
ISKMYR,5,20251203,092500,0.0323137,0.0323162,0.0323137,0.0323162,0,0
ISKMYR,5,20251203,093000,0.0323113,0.0323141,0.0323106,0.0323141,0,0
ISKMYR,5,20251203,093500,0.0323168,0.0323168,0.0323131,0.0323143,0,0
ISKMYR,5,20251203,094000,0.03231,0.0323225,0.03231,0.0323225,0,0
ISKMYR,5,20251203,094500,0.0323206,0.032323,0.032312,0.032312,0,0
ISKMYR,5,20251203,095000,0.032312,0.0323234,0.032312,0.0323234,0,0
ISKMYR,5,20251203,095500,0.0323265,0.0323363,0.0323265,0.0323363,0,0
ISKMYR,5,20251204,090000,0.0321918,0.0321918,0.0321918,0.0321918,0,0
ISKMYR,5,20251204,090500,0.0321918,0.032201,0.0321918,0.032201,0,0
ISKMYR,5,20251204,091000,0.032201,0.0322028,0.0321968,0.0321968,0,0
ISKMYR,5,20251204,091500,0.0321968,0.0322058,0.0321968,0.0322058,0,0
ISKMYR,5,20251204,092000,0.0322131,0.0322181,0.0322131,0.0322181,0,0
ISKMYR,5,20251204,092500,0.0322222,0.032228,0.0322222,0.0322262,0,0
ISKMYR,5,20251204,093000,0.0322293,0.0322293,0.0322167,0.0322266,0,0
ISKMYR,5,20251204,093500,0.0322167,0.0322287,0.0322123,0.0322287,0,0
ISKMYR,5,20251204,094000,0.0322337,0.0322392,0.0322278,0.0322334,0,0
ISKMYR,5,20251204,094500,0.0322334,0.0322334,0.032228,0.0322296,0,0
ISKMYR,5,20251204,095000,0.0322376,0.0322376,0.0322302,0.0322313,0,0
ISKMYR,5,20251204,095500,0.032234,0.0322365,0.032229,0.032229,0,0
ISKMYR,5,20251205,090000,0.0321619,0.032164,0.0321539,0.0321539,0,0
ISKMYR,5,20251205,090500,0.0321576,0.0321683,0.0321564,0.0321564,0,0
ISKMYR,5,20251205,091000,0.0321502,0.0321513,0.0321421,0.0321491,0,0
ISKMYR,5,20251205,091500,0.0321468,0.0321542,0.0321429,0.0321429,0,0
ISKMYR,5,20251205,092000,0.0321504,0.0321513,0.0321471,0.0321513,0,0
ISKMYR,5,20251205,092500,0.0321572,0.0321572,0.0321504,0.0321538,0,0
ISKMYR,5,20251205,093000,0.0321501,0.0321501,0.0321437,0.0321437,0,0
ISKMYR,5,20251205,093500,0.0321372,0.0321508,0.0321372,0.0321508,0,0
ISKMYR,5,20251205,094000,0.0321471,0.0321545,0.0321466,0.0321545,0,0
ISKMYR,5,20251205,094500,0.0321535,0.0321535,0.0321459,0.0321459,0,0
ISKMYR,5,20251205,095000,0.0321497,0.0321518,0.0321434,0.0321518,0,0
ISKMYR,5,20251205,095500,0.0321454,0.032148,0.0321417,0.0321445,0,0
ISKMYR,5,20251208,090000,0.0321847,0.0321847,0.0321715,0.0321717,0,0
ISKMYR,5,20251208,090500,0.0321802,0.0321893,0.0321709,0.0321893,0,0
ISKMYR,5,20251208,091000,0.0321908,0.0321979,0.0321856,0.0321856,0,0
ISKMYR,5,20251208,091500,0.0321828,0.0321864,0.0321749,0.0321864,0,0
ISKMYR,5,20251208,092000,0.0321739,0.0321754,0.0321733,0.0321733,0,0
ISKMYR,5,20251208,092500,0.0321724,0.0321926,0.0321724,0.0321926,0,0
ISKMYR,5,20251208,093000,0.032175,0.032175,0.032166,0.0321739,0,0
ISKMYR,5,20251208,093500,0.032176,0.032176,0.0321707,0.032175,0,0
ISKMYR,5,20251208,094000,0.0321729,0.0321827,0.0321729,0.0321788,0,0
ISKMYR,5,20251208,094500,0.0321794,0.032189,0.0321794,0.032189,0,0
ISKMYR,5,20251208,095000,0.0321892,0.0321908,0.0321841,0.0321841,0,0
ISKMYR,5,20251208,095500,0.0321884,0.0321958,0.0321884,0.0321958,0,0
ISKMYR,5,20251209,090000,0.0321969,0.0321974,0.032192,0.032192,0,0
ISKMYR,5,20251209,090500,0.0321897,0.0322152,0.0321897,0.0322152,0,0
ISKMYR,5,20251209,091000,0.0322159,0.0322159,0.0322129,0.0322136,0,0
ISKMYR,5,20251209,091500,0.0322204,0.0322226,0.0322198,0.0322226,0,0
ISKMYR,5,20251209,092000,0.0322181,0.032225,0.0322177,0.032225,0,0
ISKMYR,5,20251209,092500,0.0322269,0.0322269,0.0322234,0.0322234,0,0
ISKMYR,5,20251209,093000,0.0322309,0.0322484,0.0322309,0.0322484,0,0
ISKMYR,5,20251209,093500,0.0322476,0.0322476,0.0322376,0.0322384,0,0
ISKMYR,5,20251209,094000,0.0322374,0.0322406,0.0322374,0.0322387,0,0
ISKMYR,5,20251209,094500,0.0322424,0.0322459,0.0322408,0.0322408,0,0
ISKMYR,5,20251209,095000,0.0322344,0.0322366,0.0322329,0.0322329,0,0
ISKMYR,5,20251209,095500,0.0322332,0.0322332,0.0322251,0.0322251,0,0
ISKMYR,5,20251210,090000,0.0322435,0.0322435,0.0322327,0.0322327,0,0
ISKMYR,5,20251210,090500,0.0322357,0.0322487,0.0322357,0.0322439,0,0
ISKMYR,5,20251210,091000,0.0322473,0.0322473,0.0322396,0.0322396,0,0
ISKMYR,5,20251210,091500,0.0322409,0.0322409,0.0322366,0.0322366,0,0
ISKMYR,5,20251210,092000,0.0322408,0.0322454,0.0322401,0.0322401,0,0
ISKMYR,5,20251210,092500,0.0322502,0.0322502,0.0322456,0.0322458,0,0
ISKMYR,5,20251210,093000,0.0322445,0.0322495,0.0322445,0.0322495,0,0
ISKMYR,5,20251210,093500,0.0322486,0.0322512,0.0322486,0.0322512,0,0
ISKMYR,5,20251210,094000,0.0322544,0.0322582,0.0322544,0.0322582,0,0
ISKMYR,5,20251210,094500,0.0322572,0.0322572,0.0322561,0.0322562,0,0
ISKMYR,5,20251210,095000,0.0322559,0.0322559,0.0322513,0.0322529,0,0
ISKMYR,5,20251210,095500,0.0322589,0.0322593,0.0322562,0.0322586,0,0
ISKMYR,5,20251211,090000,0.0323066,0.0323254,0.0323043,0.0323089,0,0
ISKMYR,5,20251211,090500,0.0323156,0.0323309,0.0323156,0.0323309,0,0
ISKMYR,5,20251211,091000,0.0323355,0.0323355,0.0323262,0.0323262,0,0
ISKMYR,5,20251211,091500,0.0323275,0.0323297,0.0323163,0.032326,0,0
ISKMYR,5,20251211,092000,0.0323238,0.0323238,0.0323191,0.032323,0,0
ISKMYR,5,20251211,092500,0.0323214,0.0323409,0.0323201,0.0323379,0,0
ISKMYR,5,20251211,093000,0.0323404,0.0323476,0.0323404,0.0323476,0,0
ISKMYR,5,20251211,093500,0.0323531,0.0323531,0.0323471,0.0323471,0,0
ISKMYR,5,20251211,094000,0.0323579,0.032367,0.0323511,0.032367,0,0
ISKMYR,5,20251211,094500,0.0323522,0.0323522,0.0323476,0.0323512,0,0
ISKMYR,5,20251211,095000,0.0323478,0.0323478,0.0323459,0.0323462,0,0
ISKMYR,5,20251211,095500,0.0323499,0.032369,0.0323499,0.032369,0,0
ISKMYR,5,20251212,090000,0.0324134,0.0324161,0.0324074,0.0324074,0,0
ISKMYR,5,20251212,090500,0.0324141,0.0324181,0.0324099,0.0324099,0,0
ISKMYR,5,20251212,091000,0.0324255,0.0324255,0.0324231,0.0324231,0,0
ISKMYR,5,20251212,091500,0.0324335,0.0324335,0.032421,0.032421,0,0
ISKMYR,5,20251212,092000,0.0324214,0.0324214,0.0324134,0.0324134,0,0
ISKMYR,5,20251212,092500,0.032413,0.032413,0.0324054,0.0324054,0,0
ISKMYR,5,20251212,093000,0.0324096,0.0324098,0.032403,0.032403,0,0
ISKMYR,5,20251212,093500,0.0324163,0.0324233,0.0324032,0.0324079,0,0
ISKMYR,5,20251212,094000,0.0324,0.0324073,0.0324,0.0324073,0,0
ISKMYR,5,20251212,094500,0.0324057,0.0324116,0.0324011,0.0324056,0,0
ISKMYR,5,20251212,095000,0.0323959,0.0323971,0.0323948,0.0323948,0,0
ISKMYR,5,20251212,095500,0.0324006,0.0324006,0.0323892,0.0323899,0,0
ISKMYR,5,20251215,090000,0.032324,0.0323368,0.0323227,0.0323227,0,0
ISKMYR,5,20251215,090500,0.0323243,0.0323276,0.0323243,0.0323267,0,0
ISKMYR,5,20251215,091000,0.0323247,0.0323288,0.0323247,0.0323263,0,0
ISKMYR,5,20251215,091500,0.0323378,0.03234,0.0323378,0.0323381,0,0
ISKMYR,5,20251215,092000,0.032341,0.0323412,0.0323376,0.0323376,0,0
ISKMYR,5,20251215,092500,0.0323394,0.0323394,0.0323354,0.0323356,0,0
ISKMYR,5,20251215,093000,0.0323342,0.0323484,0.0323342,0.0323484,0,0
ISKMYR,5,20251215,093500,0.0323514,0.0323514,0.0323385,0.0323397,0,0
ISKMYR,5,20251215,094000,0.0323419,0.0323467,0.0323419,0.0323467,0,0
ISKMYR,5,20251215,094500,0.0323439,0.0323439,0.0323404,0.0323404,0,0
ISKMYR,5,20251215,095000,0.0323406,0.0323466,0.0323406,0.0323423,0,0
ISKMYR,5,20251215,095500,0.0323403,0.032344,0.0323346,0.0323346,0,0
ISKMYR,5,20251216,090000,0.0323965,0.0324319,0.0323965,0.0324319,0,0
ISKMYR,5,20251216,090500,0.03242,0.03242,0.0324079,0.0324079,0,0
ISKMYR,5,20251216,091000,0.0324137,0.0324196,0.0324137,0.0324196,0,0
ISKMYR,5,20251216,091500,0.032425,0.032425,0.0324131,0.0324172,0,0
ISKMYR,5,20251216,092000,0.0324246,0.0324292,0.0324216,0.0324245,0,0
ISKMYR,5,20251216,092500,0.0324257,0.0324358,0.0324234,0.0324234,0,0
ISKMYR,5,20251216,093000,0.0324155,0.0324215,0.0324099,0.0324099,0,0
ISKMYR,5,20251216,093500,0.0324124,0.0324124,0.0324005,0.0324099,0,0
ISKMYR,5,20251216,094000,0.0323984,0.0324045,0.0323978,0.0324045,0,0
ISKMYR,5,20251216,094500,0.0324021,0.0324107,0.0324009,0.0324107,0,0
ISKMYR,5,20251216,095000,0.0324152,0.0324209,0.0324152,0.03242,0,0
ISKMYR,5,20251216,095500,0.0324286,0.0324295,0.0324247,0.0324247,0,0
ISKMYR,5,20251217,090000,0.0323558,0.0323622,0.0323521,0.0323521,0,0
ISKMYR,5,20251217,090500,0.0323477,0.0323592,0.0323448,0.0323592,0,0
ISKMYR,5,20251217,091000,0.0323487,0.0323487,0.0323418,0.0323443,0,0
ISKMYR,5,20251217,091500,0.0323458,0.032364,0.0323422,0.032364,0,0
ISKMYR,5,20251217,092000,0.0323531,0.0323712,0.0323502,0.0323712,0,0
ISKMYR,5,20251217,092500,0.0323657,0.0323779,0.0323605,0.0323779,0,0
ISKMYR,5,20251217,093000,0.0323865,0.0323865,0.0323717,0.0323731,0,0
ISKMYR,5,20251217,093500,0.0323736,0.0323877,0.0323708,0.0323811,0,0
ISKMYR,5,20251217,094000,0.0323703,0.0323703,0.0323623,0.0323623,0,0
ISKMYR,5,20251217,094500,0.0323601,0.03237,0.0323601,0.0323643,0,0
ISKMYR,5,20251217,095000,0.0323694,0.0323716,0.0323669,0.0323709,0,0
ISKMYR,5,20251217,095500,0.0323634,0.0323796,0.0323634,0.0323706,0,0
ISKMYR,5,20251218,090000,0.0324081,0.0324152,0.0324066,0.0324066,0,0
ISKMYR,5,20251218,090500,0.0324035,0.0324241,0.0324035,0.0324172,0,0
ISKMYR,5,20251218,091000,0.0324019,0.0324219,0.0324014,0.0324219,0,0
ISKMYR,5,20251218,091500,0.0324379,0.0324379,0.0324123,0.0324123,0,0
ISKMYR,5,20251218,092000,0.0324153,0.0324154,0.032404,0.032404,0,0
ISKMYR,5,20251218,092500,0.0324082,0.0324247,0.0324047,0.0324247,0,0
ISKMYR,5,20251218,093000,0.0324083,0.0324103,0.0324045,0.0324103,0,0
ISKMYR,5,20251218,093500,0.0324034,0.0324113,0.0324034,0.0324113,0,0
ISKMYR,5,20251218,094000,0.0324032,0.0324176,0.0324005,0.0324025,0,0
ISKMYR,5,20251218,094500,0.0324007,0.0324007,0.0323922,0.0323922,0,0
ISKMYR,5,20251218,095000,0.0323935,0.0323954,0.0323935,0.0323941,0,0
ISKMYR,5,20251218,095500,0.0324188,0.0324188,0.0323965,0.0323988,0,0
ISKMYR,5,20251219,090000,0.0323494,0.0323605,0.0323478,0.0323478,0,0
ISKMYR,5,20251219,090500,0.0323525,0.0323644,0.0323525,0.032359,0,0
ISKMYR,5,20251219,091000,0.0323634,0.0323825,0.0323531,0.0323825,0,0
ISKMYR,5,20251219,091500,0.0323581,0.0323742,0.0323578,0.0323742,0,0
ISKMYR,5,20251219,092000,0.032367,0.0323874,0.0323643,0.0323847,0,0
ISKMYR,5,20251219,092500,0.0323793,0.0323793,0.0323601,0.0323601,0,0
ISKMYR,5,20251219,093000,0.0323615,0.0323898,0.0323584,0.0323584,0,0
ISKMYR,5,20251219,093500,0.0323541,0.0323541,0.0323404,0.0323404,0,0
ISKMYR,5,20251219,094000,0.0323427,0.032346,0.0323404,0.0323404,0,0
ISKMYR,5,20251219,094500,0.0323377,0.0323452,0.0323377,0.0323407,0,0
ISKMYR,5,20251219,095000,0.0323433,0.0323498,0.0323433,0.0323448,0,0
ISKMYR,5,20251219,095500,0.0323464,0.0323601,0.0323458,0.0323573,0,0
ISKMYR,5,20251222,090000,0.0325072,0.0325076,0.0324934,0.0324934,0,0
ISKMYR,5,20251222,090500,0.032496,0.0325045,0.0324894,0.0324894,0,0
ISKMYR,5,20251222,091000,0.0325056,0.0325056,0.0324853,0.0324858,0,0
ISKMYR,5,20251222,091500,0.032486,0.0324977,0.032486,0.0324905,0,0
ISKMYR,5,20251222,092000,0.0324889,0.0324972,0.0324889,0.0324915,0,0
ISKMYR,5,20251222,092500,0.0324943,0.0325034,0.0324911,0.0325034,0,0
ISKMYR,5,20251222,093000,0.0324976,0.0325072,0.0324928,0.0324928,0,0
ISKMYR,5,20251222,093500,0.0324956,0.0325056,0.0324956,0.0325056,0,0
ISKMYR,5,20251222,094000,0.0325053,0.032514,0.0325053,0.0325074,0,0
ISKMYR,5,20251222,094500,0.0325096,0.0325296,0.0325096,0.0325296,0,0
ISKMYR,5,20251222,095000,0.0325153,0.0325227,0.0325117,0.0325227,0,0
ISKMYR,5,20251222,095500,0.0325169,0.0325225,0.0325095,0.0325225,0,0
